{
"metadata": {
    "version": {
        "essentia": "2.0.1",
        "extractor": "archive-music 1.0 mod ismir14"
    },
    "audio_properties": {
        "analysis_sample_rate": 44100,
        "bitrate": 32,
        "channels": 2,
        "equal_loudness": 0,
        "length": 30.0408172607,
        "replay_gain": -9.60221099854,
        "downmix": "mix"
    },
    "tags": {
        "track": 0,
        "year": 0,
        "album": "",
        "artist": "",
        "comment": "",
        "genre": "",
        "title": ""
    }
},
"rhythm": {
    "bpm": 172.265594482,
    "bpm_histogram_first_peak": 172,
    "bpm_histogram_first_peak_spread": 0,
    "bpm_histogram_first_peak_weight": 0.529411792755,
    "bpm_histogram_second_peak": 178,
    "bpm_histogram_second_peak_spread": 0,
    "bpm_histogram_second_peak_weight": 0.258823543787
},
"tonal": {
    "tuning_frequency": {
        "dmean": 0.0248527992517,
        "dmean2": 0.040629889816,
        "dvar": 0.0525266639888,
        "dvar2": 0.0911185368896,
        "max": 436.708374023,
        "mean": 434.260498047,
        "median": 434.193115234,
        "min": 434.193115234,
        "var": 0.156831666827
    },
    "hpcp": {
        "dmean": [0.120725736022, 0.201753214002, 0.187046870589, 0.278452605009, 0.0464852191508, 0.146833851933, 0.158828258514, 0.279618114233, 0.0954426601529, 0.104496747255, 0.261378675699, 0.0822212100029],
        "dmean2": [0.215543925762, 0.372979581356, 0.323644399643, 0.488232254982, 0.0852287337184, 0.259212732315, 0.280193179846, 0.495252609253, 0.17132781446, 0.18156735599, 0.473461091518, 0.146609455347],
        "dvar": [0.0467636249959, 0.0710585713387, 0.0568674094975, 0.110387481749, 0.0152176851407, 0.0741917937994, 0.0833716243505, 0.118373833597, 0.041137367487, 0.0412112697959, 0.0949284210801, 0.0207721479237],
        "dvar2": [0.119747757912, 0.151787638664, 0.1496065557, 0.254212379456, 0.044382084161, 0.16699308157, 0.186201900244, 0.312311530113, 0.115960590541, 0.10877263546, 0.192638069391, 0.0594420284033],
        "max": [1, 1, 1, 1, 0.814082860947, 1, 1, 1, 1, 1, 1, 1],
        "mean": [0.100297749043, 0.237884193659, 0.171105414629, 0.396197229624, 0.0356988273561, 0.149629041553, 0.183217525482, 0.234582230449, 0.0685190185905, 0.081726141274, 0.382259964943, 0.0681133717299],
        "median": [0.0285740755498, 0.1062162444, 0.0733844786882, 0.174262702465, 0.00689158216119, 0.0302220042795, 0.0110107716173, 0.0483951792121, 0.0122480774298, 0.0171631686389, 0.185172662139, 0.0230479035527],
        "min": [0.000801503192633, 0.00326457922347, 0.00102146051358, 0.000124704456539, 9.44945277297e-05, 0.000689752167091, 8.58899293235e-05, 0.000289293529931, 0.000337615434546, 0.000164072349435, 0.00023773117573, 0.000426415266702],
        "var": [0.0391568243504, 0.100702673197, 0.0580821596086, 0.170357629657, 0.0100479125977, 0.0846422165632, 0.114744774997, 0.119558043778, 0.0297223106027, 0.0327960886061, 0.153320640326, 0.0156394708902]
    }
},
"lowlevel": {
    "melbands": {
        "dmean": [3.20156772204e-07, 1.42940752994e-05, 1.8031538275e-05, 0.000198402936803, 0.000154989756993, 7.97833854449e-05, 3.80834426323e-05, 3.29425201926e-05, 2.10191392398e-05, 1.55875077326e-05, 1.37997503771e-05, 9.0056037152e-06, 1.37968263516e-05, 5.20369667356e-06, 4.43648468718e-06, 3.1692416087e-06, 6.9598168011e-06, 2.83234157905e-06, 3.79849620913e-06, 8.65472998157e-07, 1.10761607175e-06, 9.66399511526e-07, 6.93140975727e-07, 1.07234370716e-06, 2.48091123467e-06, 2.98628629025e-06, 6.525544336e-07, 3.73767534256e-07, 1.55800492507e-07, 1.09697701589e-07, 4.45859278386e-08, 7.10361680589e-09, 1.30793342823e-09, 3.41737554921e-10, 7.98170834981e-11, 3.5561865952e-11, 1.75360628796e-11, 6.05214229427e-12, 2.93368649686e-12, 1.207575164e-12],
        "dmean2": [5.01504302974e-07, 2.46785184572e-05, 2.94806104648e-05, 0.000338774640113, 0.000264415080892, 0.000137671784614, 6.56074407743e-05, 5.58454921702e-05, 3.91474131902e-05, 2.93758057524e-05, 2.62394732999e-05, 1.72598829522e-05, 2.64808477368e-05, 9.83177960734e-06, 8.33317972138e-06, 5.92984679315e-06, 1.29637019199e-05, 4.99170664625e-06, 6.89620719641e-06, 1.51350104716e-06, 1.91238837033e-06, 1.72356703843e-06, 1.24959740333e-06, 1.89436593701e-06, 4.50734796686e-06, 5.62722470931e-06, 1.15857130822e-06, 6.77533876114e-07, 2.94436574677e-07, 2.08185710449e-07, 8.79683241806e-08, 1.33823414572e-08, 2.55232213142e-09, 6.63183397087e-10, 1.48047255011e-10, 6.56249429798e-11, 3.15054198008e-11, 1.06356286625e-11, 4.83527757764e-12, 1.89339212711e-12],
        "dvar": [1.3954100733e-13, 1.56189472467e-09, 5.48451228877e-10, 2.77683113836e-07, 2.84469034995e-08, 6.29692431531e-09, 1.92485738459e-09, 2.46335907228e-09, 3.08994252407e-09, 1.16708676057e-09, 1.1953407153e-09, 6.65489607865e-10, 1.77505921073e-09, 1.51140072679e-10, 1.79353920604e-10, 4.10118154714e-11, 6.47886355676e-10, 1.98544167218e-11, 5.98634475324e-11, 1.63467763631e-12, 2.22467964189e-12, 1.69477311959e-12, 2.00030226757e-12, 2.57212610585e-12, 3.35389806205e-11, 5.77415164293e-11, 8.34276061863e-13, 4.75311955593e-13, 1.37612482715e-13, 1.26634759536e-13, 3.3294049619e-14, 5.93568290426e-16, 5.41374689316e-17, 1.60599918001e-18, 2.47258179141e-20, 9.38249562289e-21, 2.37442962237e-21, 1.46408595528e-22, 1.01709155486e-22, 2.0198245475e-23],
        "dvar2": [3.45864721411e-13, 3.22394511088e-09, 1.33699240568e-09, 7.36528591005e-07, 7.79485631597e-08, 1.7871004232e-08, 5.20701703977e-09, 5.62165780593e-09, 8.81724915303e-09, 3.55190188372e-09, 3.65532981661e-09, 1.99512650845e-09, 5.25177457078e-09, 4.45164460849e-10, 5.38538713624e-10, 1.15443057891e-10, 1.93514360092e-09, 5.62720182951e-11, 1.71632860702e-10, 4.66232000923e-12, 6.13437382488e-12, 4.86934971511e-12, 5.83576719934e-12, 7.34888712384e-12, 9.89133774887e-11, 1.72497016671e-10, 2.19877826883e-12, 1.345126701e-12, 3.88647528873e-13, 3.57898118693e-13, 9.9839238168e-14, 1.70865783697e-15, 1.60909763729e-16, 5.06991405143e-18, 7.06307165333e-20, 2.75331655156e-20, 6.70070822234e-21, 2.7886982733e-22, 1.38634074696e-22, 2.28737682093e-23],
        "max": [2.47890056926e-06, 0.000398999982281, 0.000190080827451, 0.00521923834458, 0.0011354215676, 0.000484588701511, 0.000218316883547, 0.00037858079304, 0.000372890732251, 0.000200019669137, 0.000189550803043, 0.00015436951071, 0.00031505478546, 8.20767381811e-05, 9.45599385886e-05, 5.70163065277e-05, 0.000232275007875, 3.15215438604e-05, 7.34052664484e-05, 1.19252836157e-05, 9.75945386017e-06, 7.23936682334e-06, 9.237894119e-06, 8.52352059155e-06, 3.85490056942e-05, 6.05847526458e-05, 4.32784372606e-06, 3.8015566588e-06, 2.69903216576e-06, 3.05611933982e-06, 1.63611071002e-06, 2.22860023769e-07, 6.73055495781e-08, 8.44242276088e-09, 9.94144766508e-10, 8.54328774391e-10, 4.3228520763e-10, 1.3242293373e-10, 1.28186350423e-10, 6.02415409223e-11],
        "mean": [4.69361310707e-07, 1.91519829968e-05, 2.61103232333e-05, 0.000222726186621, 0.000206184515264, 9.79510805337e-05, 3.78068943974e-05, 3.71011701645e-05, 1.64110442711e-05, 1.10836290332e-05, 1.0316866792e-05, 5.77742048335e-06, 9.8122000054e-06, 3.58123838851e-06, 3.2358077533e-06, 2.43653926191e-06, 5.27731708644e-06, 2.51363007919e-06, 3.54421490556e-06, 9.57842303251e-07, 1.10558823962e-06, 9.57746124186e-07, 6.46237651836e-07, 8.7520948e-07, 1.92967718249e-06, 2.17369392885e-06, 5.61559716061e-07, 2.86506548264e-07, 1.05121905847e-07, 6.78915839103e-08, 2.762353013e-08, 4.63628513359e-09, 7.93237864283e-10, 2.33764146929e-10, 8.08410005604e-11, 3.83006126814e-11, 1.95610003889e-11, 8.35785433917e-12, 4.4879213193e-12, 2.06360037565e-12],
        "median": [3.69324027361e-07, 1.08267095129e-05, 1.56364949362e-05, 8.22119181976e-05, 0.000130163942231, 6.89524895279e-05, 2.09966856346e-05, 1.42795424836e-05, 3.36141533808e-06, 1.44693444781e-06, 1.09871177756e-06, 5.75878800646e-07, 1.00270779058e-06, 8.798196518e-07, 5.94148161781e-07, 8.03433067631e-07, 1.63798745234e-06, 1.22085646126e-06, 1.83010240562e-06, 5.17344460604e-07, 5.50233835384e-07, 5.30192096448e-07, 2.2179928294e-07, 2.71035020205e-07, 5.69287806229e-07, 6.00869725531e-07, 2.28153822945e-07, 7.68952332919e-08, 1.99241565468e-08, 7.96872789977e-09, 3.1280136259e-09, 6.04690131301e-10, 1.31337010711e-10, 6.78976874724e-11, 4.49259032753e-11, 2.17330181629e-11, 1.13869521451e-11, 5.70384538212e-12, 2.92805862022e-12, 1.44423286264e-12],
        "min": [3.46974395882e-08, 1.12337136216e-06, 7.28584439003e-07, 1.62629692113e-06, 2.55339546129e-06, 2.58737060221e-07, 2.79928627833e-07, 2.51384761896e-07, 1.49015264128e-07, 3.55405838093e-08, 3.17350377088e-08, 1.38505802383e-08, 3.5853073399e-08, 9.42200362175e-09, 8.88521789477e-09, 2.66197748289e-08, 2.44684184025e-08, 3.47721673677e-08, 3.0759061076e-08, 4.38331726471e-09, 3.43003159209e-09, 1.32398114694e-09, 4.28365065641e-10, 5.24312537831e-10, 6.80906553363e-10, 4.43265563144e-10, 2.12301218272e-10, 1.3276520161e-10, 1.00022400085e-10, 9.09332817378e-11, 4.06768958794e-11, 2.21900796349e-11, 7.06243310361e-12, 5.02496178348e-12, 3.88435507717e-12, 2.32683837476e-12, 7.67068124242e-15, 6.23209784898e-15, 6.61728396416e-15, 6.2142898283e-15],
        "var": [1.52900045056e-13, 1.76843972799e-09, 9.17479092699e-10, 2.20914941451e-07, 4.8239140682e-08, 9.02060115493e-09, 2.13796091941e-09, 3.6624483446e-09, 2.30162355841e-09, 7.55037199429e-10, 8.49307624229e-10, 4.11447237392e-10, 1.103758418e-09, 9.27613680313e-11, 1.13642928401e-10, 2.93731081125e-11, 3.54629686727e-10, 1.61972987106e-11, 4.53299932313e-11, 1.90630757707e-12, 2.20169694108e-12, 1.60939295744e-12, 1.53554198436e-12, 2.20667928374e-12, 2.01393728083e-11, 3.43415920701e-11, 7.80233299844e-13, 3.30524046717e-13, 8.57367020261e-14, 7.83632937728e-14, 1.95357934067e-14, 3.83374973452e-16, 2.82508450443e-17, 8.43974705433e-19, 1.86385763993e-20, 5.70927934771e-21, 1.46315527612e-21, 1.45632394263e-22, 1.11659436736e-22, 2.32384270513e-23]
    },
    "mfcc": {
        "dmean": [36.6180992126, 14.3768415451, 24.2130870819, 16.5278072357, 12.7030286789, 9.39309120178, 8.66498756409, 11.3893957138, 7.33435153961, 7.43111228943, 8.06041717529, 7.88610458374, 7.15274524689],
        "dmean2": [64.071723938, 21.5315666199, 40.7055778503, 25.6898021698, 20.9524993896, 16.0127277374, 14.3372583389, 19.3206882477, 12.2406597137, 12.2747402191, 13.3464708328, 12.2218437195, 11.724448204],
        "dvar": [951.975708008, 158.066711426, 428.141937256, 237.131729126, 103.190589905, 74.9240112305, 51.2533340454, 81.2592926025, 30.5935096741, 37.6706314087, 36.0904197693, 32.4909172058, 29.6665039062],
        "dvar2": [2740.6171875, 381.055450439, 1094.89587402, 573.610717773, 298.833740234, 186.241577148, 129.482040405, 184.090927124, 79.3725585938, 80.8538818359, 90.3261871338, 101.490455627, 73.144569397],
        "max": [-756.922058105, 216.518981934, 71.8949279785, 110.713310242, 41.3152656555, 4.75478363037, 25.9851760864, 22.2465763092, -4.76512908936, 25.5920658112, 7.00922012329, 4.23776245117, 10.7687988281],
        "mean": [-842.758544922, 179.115112305, -36.5730705261, 29.9846477509, 10.0703725815, -28.550994873, -5.62948274612, -28.9674530029, -27.432062149, -4.64996147156, -12.243596077, -15.2360601425, -6.83377408981],
        "median": [-840.391845703, 179.462127686, -39.4054222107, 29.2615394592, 12.5349273682, -27.6121025085, -5.88515472412, -32.3695983887, -27.1771621704, -4.14908599854, -12.4701747894, -15.2889022827, -5.73033905029],
        "min": [-979.591125488, 114.24193573, -101.93421936, -18.790019989, -37.8731498718, -68.6718444824, -30.7906112671, -56.9018783569, -56.9882736206, -37.4694595337, -37.3245735168, -40.437587738, -28.2041053772],
        "var": [1536.14929199, 311.82421875, 873.16418457, 407.808563232, 268.727874756, 161.850265503, 91.469909668, 223.450302124, 70.3907470703, 146.790817261, 75.3437042236, 64.2436065674, 70.4754638672],
        "cov": [[1545.63171387, -33.6614456177, -1048.68884277, 269.629455566, -286.582580566, -222.977478027, 231.709976196, -50.9453010559, 42.2795677185, -90.5537567139, -39.4341049194, 76.5913619995, -117.816444397], [-33.6614456177, 313.749053955, 173.414978027, -262.42590332, -33.4602966309, -54.5754623413, -8.8122253418, 163.520904541, -13.6975154877, -49.1403579712, -6.66558027267, -19.8095092773, 0.98483389616], [-1048.68884277, 173.414978027, 878.554138184, -233.651306152, 138.378417969, 137.12159729, -171.519317627, 94.3769378662, -19.827173233, 0.711063504219, 18.4002361298, -57.7001152039, 51.0208435059], [269.629455566, -262.42590332, -233.651306152, 410.325897217, 74.8042144775, 24.1764354706, 16.1178874969, -211.159210205, -6.80915594101, 37.803314209, -20.045633316, 15.289516449, -23.1801815033], [-286.582580566, -33.4602966309, 138.378417969, 74.8042144775, 270.386688232, 113.546104431, -75.09790802, -106.874046326, -52.7305412292, 98.2337417603, 5.4740896225, -27.8853473663, 58.7686462402], [-222.977478027, -54.5754623413, 137.12159729, 24.1764354706, 113.546104431, 162.849349976, -31.1220760345, -97.094078064, -0.499603688717, 53.6482086182, 26.2927131653, 7.21252584457, 21.3807697296], [231.709976196, -8.8122253418, -171.519317627, 16.1178874969, -75.09790802, -31.1220760345, 92.034538269, 21.835477829, -4.42049121857, -12.2891349792, -2.13679432869, 18.931432724, -15.1799783707], [-50.9453010559, 163.520904541, 94.3769378662, -211.159210205, -106.874046326, -97.094078064, 21.835477829, 224.829620361, 23.5763759613, -100.673988342, -13.0841836929, -3.7103536129, -7.30210065842], [42.2795677185, -13.6975154877, -19.827173233, -6.80915594101, -52.7305412292, -0.499603688717, -4.42049121857, 23.5763759613, 70.8252563477, -17.1348361969, -17.2368488312, 15.9658098221, -10.5490064621], [-90.5537567139, -49.1403579712, 0.711063504219, 37.803314209, 98.2337417603, 53.6482086182, -12.2891349792, -100.673988342, -17.1348361969, 147.69694519, 39.5568466187, -29.3457794189, 35.6490097046], [-39.4341049194, -6.66558027267, 18.4002361298, -20.045633316, 5.4740896225, 26.2927131653, -2.13679432869, -13.0841836929, -17.2368488312, 39.5568466187, 75.8087844849, 11.9111394882, -1.88627552986], [76.5913619995, -19.8095092773, -57.7001152039, 15.289516449, -27.8853473663, 7.21252584457, 18.931432724, -3.7103536129, 15.9658098221, -29.3457794189, 11.9111394882, 64.6401748657, 5.88242864609], [-117.816444397, 0.98483389616, 51.0208435059, -23.1801815033, 58.7686462402, 21.3807697296, -15.1799783707, -7.30210065842, -10.5490064621, 35.6490097046, -1.88627552986, 5.88242864609, 70.9104919434]],
        "icov": [[116.637153625, -161.908248901, 153.386779785, -139.290878296, 121.97895813, -102.506500244, 81.5502090454, -61.6249809265, 43.9398803711, -28.4539470673, 17.0319595337, -8.50577831268, 3.06899380684], [-161.908248901, 224.761627197, -212.928131104, 193.37071228, -169.341705322, 142.317459106, -113.230751038, 85.5702590942, -61.0181541443, 39.5211105347, -23.6588134766, 11.8196573257, -4.26260852814], [153.386779785, -212.928131104, 201.734207153, -183.208312988, 160.45791626, -134.868789673, 107.326347351, -81.1222305298, 57.859588623, -37.4866256714, 22.4518146515, -11.2257213593, 4.05290365219], [-139.290878296, 193.37071228, -183.208312988, 166.411468506, -145.7605896, 122.537071228, -97.5379333496, 73.750038147, -52.6152687073, 34.1120033264, -20.440158844, 10.2357816696, -3.69544768333], [121.97895813, -169.341705322, 160.45791626, -145.7605896, 127.708885193, -107.38520813, 85.5147094727, -64.6764068604, 46.1734428406, -29.9583625793, 17.9711170197, -9.01591205597, 3.25744128227], [-102.506500244, 142.317459106, -134.868789673, 122.537071228, -107.38520813, 90.3436279297, -71.9761734009, 54.4736709595, -38.910823822, 25.2738361359, -15.1814222336, 7.63525295258, -2.76580715179], [81.5502090454, -113.230751038, 107.326347351, -97.5379333496, 85.5147094727, -71.9761734009, 57.4180107117, -43.477684021, 31.0928859711, -20.2330207825, 12.1763963699, -6.15697193146, 2.23608827591], [-61.6249809265, 85.5702590942, -81.1222305298, 73.750038147, -64.6764068604, 54.4736709595, -43.477684021, 32.9710121155, -23.5922012329, 15.3842849731, -9.27293395996, 4.70875453949, -1.71653842926], [43.9398803711, -61.0181541443, 57.859588623, -52.6152687073, 46.1734428406, -38.910823822, 31.0928859711, -23.5922012329, 16.9267501831, -11.0485296249, 6.68184995651, -3.41200757027, 1.24762845039], [-28.4539470673, 39.5211105347, -37.4866256714, 34.1120033264, -29.9583625793, 25.2738361359, -20.2330207825, 15.3842849731, -11.0485296249, 7.25996875763, -4.40341091156, 2.273396492, -0.839715361595], [17.0319595337, -23.6588134766, 22.4518146515, -20.440158844, 17.9711170197, -15.1814222336, 12.1763963699, -9.27293395996, 6.68184995651, -4.40341091156, 2.69886112213, -1.40148353577, 0.521849513054], [-8.50577831268, 11.8196573257, -11.2257213593, 10.2357816696, -9.01591205597, 7.63525295258, -6.15697193146, 4.70875453949, -3.41200757027, 2.273396492, -1.40148353577, 0.765957713127, -0.287804335356], [3.06899380684, -4.26260852814, 4.05290365219, -3.69544768333, 3.25744128227, -2.76580715179, 2.23608827591, -1.71653842926, 1.24762845039, -0.839715361595, 0.521849513054, -0.287804335356, 0.129951298237]]
    }
}

}