{
"metadata": {
    "version": {
        "essentia": "2.0.1",
        "extractor": "archive-music 1.0 mod ismir14"
    },
    "audio_properties": {
        "analysis_sample_rate": 44100,
        "bitrate": 32,
        "channels": 2,
        "equal_loudness": 0,
        "length": 30.0408172607,
        "replay_gain": -14.4096908569,
        "downmix": "mix"
    },
    "tags": {
        "track": 0,
        "year": 0,
        "album": "",
        "artist": "",
        "comment": "",
        "genre": "",
        "title": ""
    }
},
"rhythm": {
    "bpm": 109.315917969,
    "bpm_histogram_first_peak": 110,
    "bpm_histogram_first_peak_spread": 0.433962225914,
    "bpm_histogram_first_peak_weight": 0.566037714481,
    "bpm_histogram_second_peak": 0,
    "bpm_histogram_second_peak_spread": 0,
    "bpm_histogram_second_peak_weight": 0
},
"tonal": {
    "tuning_frequency": {
        "dmean": 0.164081901312,
        "dmean2": 0.301589667797,
        "dvar": 0.582596361637,
        "dvar2": 1.38258242607,
        "max": 446.142181396,
        "mean": 441.730682373,
        "median": 442.548919678,
        "min": 439.745910645,
        "var": 2.48290085793
    },
    "hpcp": {
        "dmean": [0.111931778491, 0.0902598649263, 0.0385066494346, 0.151477783918, 0.0386852994561, 0.142324492335, 0.0367360711098, 0.0993684157729, 0.126585513353, 0.0325772538781, 0.1719763726, 0.0684184581041],
        "dmean2": [0.212850749493, 0.160929575562, 0.0715480223298, 0.256578445435, 0.0674730166793, 0.234892442822, 0.0659844353795, 0.165967568755, 0.227228343487, 0.0617458559573, 0.28820002079, 0.129586189985],
        "dvar": [0.0444773472846, 0.0546564720571, 0.0027290598955, 0.0676946267486, 0.0104126166552, 0.0459011234343, 0.0107582900673, 0.031566798687, 0.033685028553, 0.00392889464274, 0.0681375041604, 0.0228609088808],
        "dvar2": [0.110657356679, 0.105978287756, 0.00664687668905, 0.15663933754, 0.0282182898372, 0.100229561329, 0.0305085591972, 0.0816222503781, 0.07069465518, 0.0112824589014, 0.146569922566, 0.0636388584971],
        "max": [1, 1, 0.246963053942, 1, 1, 1, 0.939977407455, 1, 1, 0.516318261623, 1, 0.944266855717],
        "mean": [0.162151709199, 0.24746838212, 0.0310335718095, 0.462133526802, 0.0318989157677, 0.253656059504, 0.029683496803, 0.10104060173, 0.229398861527, 0.025131424889, 0.222550943494, 0.045827485621],
        "median": [0.0418794006109, 0.0180023070425, 0.011410347186, 0.280077338219, 0.0105720134452, 0.0716823264956, 0.0106350695714, 0.0230867955834, 0.105541929603, 0.0101477326825, 0.0848532170057, 0.0105338776484],
        "min": [0.000242114881985, 0.000400656834245, 0.000144008474308, 0.00079811247997, 0.000233835875406, 0.000587212329265, 0.000111232620839, 0.00104003807064, 0.00075047230348, 8.82781314431e-05, 0.000557779450901, 0.000365291722119],
        "var": [0.0785833373666, 0.165243893862, 0.00232633040287, 0.194108009338, 0.00782210100442, 0.123847983778, 0.00644900370389, 0.0365083217621, 0.0925118848681, 0.00231749867089, 0.0994327068329, 0.0141581725329]
    }
},
"lowlevel": {
    "melbands": {
        "dmean": [0.000141061624163, 0.000266180926701, 0.000170527084265, 0.000107531952381, 4.40402145614e-05, 5.76399615966e-05, 2.55414706771e-05, 3.85943349102e-05, 5.8018402342e-05, 4.28981002187e-05, 1.03359689092e-05, 1.09679012894e-05, 7.72469502408e-06, 7.50426625018e-06, 6.3417455749e-06, 6.85339227857e-06, 6.29174519418e-06, 6.88807767801e-06, 3.77320088774e-06, 5.35637491339e-06, 2.40882695834e-06, 1.62559695127e-06, 1.80458062005e-06, 1.12830127819e-06, 6.69747066695e-07, 4.663797597e-07, 3.05974737103e-07, 2.33944319916e-07, 2.53191814181e-07, 1.88783047861e-07, 1.63589007229e-07, 1.74815482978e-07, 1.63476400417e-07, 1.25596386624e-07, 1.08312349312e-07, 9.19323497328e-08, 7.82293199109e-08, 4.51519852618e-08, 2.9508077759e-08, 2.05655634744e-08],
        "dmean2": [0.000261520763161, 0.000448314385721, 0.000281187560176, 0.000183413707418, 6.97358773323e-05, 0.00010089983698, 4.32738888776e-05, 6.50786387268e-05, 9.70149121713e-05, 6.96225688444e-05, 1.89115871763e-05, 2.02330174943e-05, 1.40330803333e-05, 1.36111821121e-05, 1.10165738079e-05, 1.2249237443e-05, 1.11268946057e-05, 1.21027160276e-05, 6.57880400468e-06, 7.76426622906e-06, 4.04727870773e-06, 2.88466185339e-06, 2.86193062493e-06, 1.76668868335e-06, 1.1917881011e-06, 8.43845157306e-07, 5.65906589145e-07, 4.31980055282e-07, 4.5506297397e-07, 3.43427217331e-07, 2.98101383578e-07, 3.23661424773e-07, 3.04097341086e-07, 2.33907016423e-07, 2.03042333169e-07, 1.76756699943e-07, 1.52841522549e-07, 8.78506440927e-08, 5.70498635e-08, 3.95097643491e-08],
        "dvar": [4.21237622561e-08, 8.4015283619e-08, 3.67728176798e-08, 1.11263096514e-08, 1.4921930358e-09, 7.33924698793e-09, 1.10632702999e-09, 4.42608749651e-09, 1.09152669125e-08, 7.42810835064e-09, 6.87122247989e-10, 1.13255160805e-09, 3.96944865866e-10, 1.74653014273e-10, 1.52459711522e-10, 1.90199481165e-10, 1.40190414832e-10, 2.1789270388e-10, 4.41337487389e-11, 2.13792206161e-10, 1.56414707575e-11, 5.29947656938e-12, 1.05600866593e-11, 3.20721097249e-12, 7.53513570984e-13, 3.36673722755e-13, 1.08680940766e-13, 7.40384790694e-14, 8.71420245533e-14, 5.46509113463e-14, 4.26593100579e-14, 6.75430780642e-14, 6.46276448698e-14, 5.28731924779e-14, 8.29741345619e-14, 1.04643337994e-13, 1.07658693971e-13, 3.03916675084e-14, 8.84035073335e-15, 6.16521866857e-15],
        "dvar2": [1.13871493568e-07, 2.11468901057e-07, 8.72556711329e-08, 3.01132097036e-08, 3.67154640024e-09, 1.96405327557e-08, 2.30206187446e-09, 1.13158895587e-08, 3.26407985085e-08, 1.83115069774e-08, 2.05695616096e-09, 3.3138882749e-09, 1.13362208509e-09, 5.01768182559e-10, 4.30912611149e-10, 5.01944319442e-10, 3.60314222903e-10, 5.95110793977e-10, 1.21307922041e-10, 3.00698493882e-10, 3.49558298973e-11, 1.62321042024e-11, 1.89513387622e-11, 5.59998575289e-12, 1.85394017846e-12, 9.12531335218e-13, 2.93865057071e-13, 1.85300708696e-13, 2.14322524029e-13, 1.3220721989e-13, 1.10184051553e-13, 1.83442453935e-13, 1.76429495471e-13, 1.50707964446e-13, 2.44710447652e-13, 3.11794643923e-13, 3.2101320842e-13, 8.99982060989e-14, 2.60348434299e-14, 1.81885722575e-14],
        "max": [0.000890767085366, 0.00185020233039, 0.00177263957448, 0.000638507714029, 0.000249221455306, 0.000463194039185, 0.000171439838596, 0.000435232272139, 0.000781470153015, 0.000688696629368, 0.000191065963008, 0.000297489663353, 0.000160275114467, 8.62363449414e-05, 9.53177150222e-05, 9.40588215599e-05, 8.22939691716e-05, 0.000124519865494, 4.02413315896e-05, 0.000203790026717, 4.43108292529e-05, 1.31607093863e-05, 2.6735222491e-05, 1.72794389073e-05, 4.94661117045e-06, 3.5686132378e-06, 1.45440924371e-06, 1.3356435602e-06, 1.75283844328e-06, 9.86966142591e-07, 9.30049850467e-07, 1.59867204275e-06, 1.68170379311e-06, 1.77438676019e-06, 2.55699160334e-06, 2.94475648843e-06, 2.99853900287e-06, 1.59734679528e-06, 8.48399508868e-07, 7.32424723537e-07],
        "mean": [0.000150713342009, 0.000657029740978, 0.000472861604067, 0.000175001026946, 7.31907930458e-05, 6.72219903208e-05, 3.42097227986e-05, 4.18262607127e-05, 5.96968166064e-05, 4.2577401473e-05, 9.18329897104e-06, 9.80294134934e-06, 6.32663204669e-06, 6.26826385997e-06, 5.87345857639e-06, 6.48458217256e-06, 6.18576541456e-06, 6.1403447944e-06, 3.41413920069e-06, 6.50066431263e-06, 2.85186115434e-06, 2.00058411792e-06, 2.62044818555e-06, 1.54910367201e-06, 7.95061112058e-07, 5.0215032843e-07, 2.84618778323e-07, 2.00551440344e-07, 2.20110592863e-07, 1.58308822051e-07, 1.30100701767e-07, 1.33013159598e-07, 1.22821191439e-07, 9.24286567283e-08, 7.98560151338e-08, 6.3053356314e-08, 5.03901027571e-08, 2.85208479056e-08, 1.89893079039e-08, 1.36938309581e-08],
        "median": [0.000103102327557, 0.000664689927362, 0.000463752279757, 0.000145535115735, 5.69135227124e-05, 2.54823098658e-05, 1.94961066882e-05, 1.95554894162e-05, 2.27522996283e-05, 1.05449289549e-05, 3.66011636288e-06, 4.42328519057e-06, 2.41205179918e-06, 1.80678853212e-06, 2.3070917905e-06, 2.04136244975e-06, 1.96087216864e-06, 1.67719554156e-06, 1.17692093227e-06, 1.05817150597e-06, 1.12572570288e-06, 9.81484049589e-07, 8.13864915017e-07, 5.62748027733e-07, 4.08755141734e-07, 2.85777559839e-07, 1.52899687578e-07, 9.39226367791e-08, 1.00768801303e-07, 5.69462770272e-08, 4.8727525126e-08, 4.28622506377e-08, 4.43396857008e-08, 3.19348174571e-08, 2.48662193059e-08, 1.95214777676e-08, 1.10484776883e-08, 5.81417713974e-09, 4.09868849971e-09, 2.92865931506e-09],
        "min": [1.10393148134e-06, 1.35379059429e-06, 2.24726659326e-06, 7.51958077672e-06, 5.15955662195e-06, 7.77812317665e-07, 6.66047810682e-07, 2.08065493723e-08, 3.29146132572e-07, 8.33216518004e-08, 2.25199077164e-08, 1.4144700522e-08, 3.02721971934e-08, 1.46673349022e-08, 1.27895969371e-08, 4.93750729191e-09, 8.32054869448e-09, 8.98368668345e-09, 8.14334821797e-09, 8.50323278456e-09, 6.05364114392e-09, 5.16230080905e-09, 5.31230526235e-09, 3.93397714404e-09, 2.63725197236e-09, 2.14489648265e-09, 6.50865250584e-10, 3.03553793213e-10, 2.35034408602e-10, 1.96294799859e-10, 7.30434462914e-11, 3.42492596783e-11, 1.29464928361e-12, 9.34129550513e-14, 1.16143099437e-14, 7.57309203547e-15, 5.40247439341e-15, 5.92963254791e-15, 5.16103103993e-15, 6.07067115693e-15],
        "var": [3.08788727921e-08, 1.73194067088e-07, 6.88136552185e-08, 1.5234764561e-08, 3.21275894777e-09, 8.40181968442e-09, 1.52381518514e-09, 4.49670389813e-09, 9.64686908134e-09, 9.16160303177e-09, 4.43182379684e-10, 6.76376121778e-10, 2.53993603927e-10, 1.38197203681e-10, 1.24057791817e-10, 1.5479810489e-10, 1.39420752721e-10, 1.67816566199e-10, 3.63666874392e-11, 4.96940100181e-10, 2.4858441694e-11, 6.92661076065e-12, 2.74531942318e-11, 8.58563827671e-12, 1.05107925401e-12, 4.00965420805e-13, 1.04408411712e-13, 6.34179869534e-14, 8.35399322418e-14, 5.01325360619e-14, 3.45487764645e-14, 4.72639878353e-14, 4.40198042134e-14, 3.32879509818e-14, 4.68645542024e-14, 5.5714140983e-14, 5.62224420665e-14, 1.62367593193e-14, 4.86674130086e-15, 3.42059326793e-15]
    },
    "mfcc": {
        "dmean": [44.7676010132, 25.0696620941, 19.4009952545, 11.3970060349, 10.9599952698, 7.96734905243, 8.56759262085, 7.08190155029, 6.50884628296, 7.02973747253, 5.887611866, 5.73092746735, 5.36613368988],
        "dmean2": [72.8368148804, 42.3761062622, 30.8723888397, 18.7861652374, 17.1514930725, 12.54804039, 13.1352853775, 11.5336713791, 11.1372852325, 11.0252313614, 9.73073577881, 9.39361286163, 8.35032081604],
        "dvar": [1367.83984375, 419.133911133, 258.763244629, 84.0348358154, 79.5385971069, 41.5389633179, 49.863948822, 33.2732963562, 26.1516151428, 40.7320976257, 24.0332393646, 20.7473678589, 21.0109863281],
        "dvar2": [3555.23022461, 1108.76086426, 712.082641602, 179.921432495, 198.162139893, 101.868385315, 117.8698349, 88.805267334, 75.1338043213, 69.4008026123, 62.3706207275, 57.4614639282, 49.1329307556],
        "max": [-676.141357422, 226.725463867, 95.7683868408, 77.2748336792, 41.7469367981, 36.9925193787, 27.8407669067, 27.4420337677, 16.5565109253, 33.9462890625, 19.4819984436, 21.3196334839, 9.2642326355],
        "mean": [-769.830444336, 164.493621826, 4.94065761566, 33.3227729797, 12.1520004272, 9.61297607422, -6.86129140854, 5.90187454224, -1.39943158627, 3.72015237808, 1.65069127083, -0.481975108385, -6.05954504013],
        "median": [-764.349121094, 168.907470703, 7.46407318115, 29.6421642303, 12.0502853394, 9.74265670776, -6.53416442871, 5.44331932068, -0.977508544922, 3.15924072266, 0.722141265869, -0.784885406494, -5.9026184082],
        "min": [-965.66192627, 52.534122467, -84.2696075439, -12.555103302, -22.0464019775, -27.1465110779, -43.275718689, -21.7023620605, -23.0635509491, -19.1716880798, -12.8191757202, -16.3606834412, -21.8659896851],
        "var": [3177.12182617, 757.432861328, 808.38092041, 341.283813477, 182.448806763, 135.976013184, 157.037307739, 77.658996582, 45.7113418579, 92.797416687, 52.3828048706, 40.0024032593, 38.5679855347],
        "cov": [[3196.73364258, -788.126953125, -583.377929688, 60.2632484436, -160.759109497, 10.1938524246, -164.8697052, 44.5606994629, -51.909286499, 12.5835981369, -34.2471809387, -2.46045613289, -51.5365562439], [-788.126953125, 762.108337402, -286.414123535, -231.922409058, -17.8556079865, -93.8686904907, 52.5735549927, -49.8665962219, -9.46720409393, 30.7168331146, 52.0221099854, 14.0120801926, 5.85048484802], [-583.377929688, -286.414123535, 813.37097168, 157.269317627, -43.251083374, 170.686767578, 111.163024902, 63.9576568604, 0.866542875767, -44.5225524902, -32.3010978699, -1.09369385242, 15.2506132126], [60.2632484436, -231.922409058, 157.269317627, 343.39050293, 73.801574707, 28.7082691193, -119.066009521, 41.514881134, 24.1822414398, -47.4945220947, -41.9299468994, 0.589832425117, 11.2489643097], [-160.759109497, -17.8556079865, -43.251083374, 73.801574707, 183.575042725, -24.9771633148, -41.4339599609, -7.34953403473, 13.1144504547, 14.0181856155, 15.9004535675, 5.69694423676, 7.19102287292], [10.1938524246, -93.8686904907, 170.686767578, 28.7082691193, -24.9771633148, 136.815368652, 51.2432899475, 22.0133514404, -3.14993858337, 2.01723480225, 11.832192421, 6.44307518005, -7.3745880127], [-164.8697052, 52.5735549927, 111.163024902, -119.066009521, -41.4339599609, 51.2432899475, 158.00668335, 7.1919169426, -10.0913047791, 15.749382019, 29.3723754883, 11.5794334412, 1.21427571774], [44.5606994629, -49.8665962219, 63.9576568604, 41.514881134, -7.34953403473, 22.0133514404, 7.1919169426, 78.1383743286, 2.13520407677, -6.2244811058, 7.80863761902, 20.7223739624, 0.280257672071], [-51.909286499, -9.46720409393, 0.866542875767, 24.1822414398, 13.1144504547, -3.14993858337, -10.0913047791, 2.13520407677, 45.9935112, 11.3071708679, -6.39701128006, -4.06860399246, 4.43401432037], [12.5835981369, 30.7168331146, -44.5225524902, -47.4945220947, 14.0181856155, 2.01723480225, 15.749382019, -6.2244811058, 11.3071708679, 93.3702468872, 37.5540847778, -5.69476127625, -27.0999565125], [-34.2471809387, 52.0221099854, -32.3010978699, -41.9299468994, 15.9004535675, 11.832192421, 29.3723754883, 7.80863761902, -6.39701128006, 37.5540847778, 52.7061576843, 13.9358148575, -10.4188461304], [-2.46045613289, 14.0120801926, -1.09369385242, 0.589832425117, 5.69694423676, 6.44307518005, 11.5794334412, 20.7223739624, -4.06860399246, -5.69476127625, 13.9358148575, 40.249332428, 11.2563276291], [-51.5365562439, 5.85048484802, 15.2506132126, 11.2489643097, 7.19102287292, -7.3745880127, 1.21427571774, 0.280257672071, 4.43401432037, -27.0999565125, -10.4188461304, 11.2563276291, 38.806060791]],
        "icov": [[0.00119452096988, 0.00178809545469, 0.00174350244924, -8.99965380086e-05, 0.00149018166121, -0.000666473817546, 9.64493883657e-05, -0.000647462555207, 0.00152949348558, -0.000681618985254, 0.000487464625621, -0.000366078747902, -0.000157127986313], [0.00178809545469, 0.00463300710544, 0.00290459999815, 0.000648556277156, 0.00244861491956, -2.27947330131e-05, -0.000136362941703, -0.000261799461441, 0.00179229897913, -0.000431884313002, -0.00108835485298, -0.000928763125557, -0.00063440692611], [0.00174350244924, 0.00290459999815, 0.0050347186625, -0.00165298674256, 0.00236291391775, -0.00261157960631, -0.00257347314619, -0.00175529543776, 0.00281072081998, -0.00123785622418, 0.00244839722291, 0.000568685063627, -0.00115605839528], [-8.99965380086e-05, 0.000648556277156, -0.00165298674256, 0.00783460494131, -0.00253285979852, -0.00166444398928, 0.00623726006597, -0.00234332447872, -0.00249035726301, 0.00220933603123, 0.00093259930145, -0.0007355446578, 0.000427226215834], [0.00149018166121, 0.00244861491956, 0.00236291391775, -0.00253285979852, 0.00939611811191, 0.000846708193421, 0.000422919780249, 0.00125221465714, 0.000826816656627, -0.00163953739684, -0.00444072997198, -0.000838358479086, -0.00237557222135], [-0.000666473817546, -2.27947330131e-05, -0.00261157960631, -0.00166444398928, 0.000846708193421, 0.0127542531118, -0.00330194435082, 0.00102123664692, -0.00129805784672, 0.00115393730812, -0.0049462155439, -0.000874739256687, 0.00286988005973], [9.64493883657e-05, -0.000136362941703, -0.00257347314619, 0.00623726006597, 0.000422919780249, -0.00330194435082, 0.0150763439015, -0.000862277811393, -0.00090042030206, 0.000725331308786, -0.00479005556554, -0.00126730650663, -0.00212845136411], [-0.000647462555207, -0.000261799461441, -0.00175529543776, -0.00234332447872, 0.00125221465714, 0.00102123664692, -0.000862277811393, 0.0187189038843, -0.00321021280251, 0.00214639329351, -0.00481561617926, -0.00905245728791, 0.00360113708302], [0.00152949348558, 0.00179229897913, 0.00281072081998, -0.00249035726301, 0.000826816656627, -0.00129805784672, -0.00090042030206, -0.00321021280251, 0.029277542606, -0.009905253537, 0.00846495945007, 0.0023492181208, -0.0076414598152], [-0.000681618985254, -0.000431884313002, -0.00123785622418, 0.00220933603123, -0.00163953739684, 0.00115393730812, 0.000725331308786, 0.00214639329351, -0.009905253537, 0.0225963555276, -0.0153846740723, 0.00311985309236, 0.0113671123981], [0.000487464625621, -0.00108835485298, 0.00244839722291, 0.00093259930145, -0.00444072997198, -0.0049462155439, -0.00479005556554, -0.00481561617926, 0.00846495945007, -0.0153846740723, 0.0441773757339, -0.0117759983987, 0.00321229500696], [-0.000366078747902, -0.000928763125557, 0.000568685063627, -0.0007355446578, -0.000838358479086, -0.000874739256687, -0.00126730650663, -0.00905245728791, 0.0023492181208, 0.00311985309236, -0.0117759983987, 0.0387817844748, -0.0127629311755], [-0.000157127986313, -0.00063440692611, -0.00115605839528, 0.000427226215834, -0.00237557222135, 0.00286988005973, -0.00212845136411, 0.00360113708302, -0.0076414598152, 0.0113671123981, 0.00321229500696, -0.0127629311755, 0.0403886251152]]
    }
}

}