{
"metadata": {
    "version": {
        "essentia": "2.0.1",
        "extractor": "archive-music 1.0 mod ismir14"
    },
    "audio_properties": {
        "analysis_sample_rate": 44100,
        "bitrate": 96,
        "channels": 2,
        "equal_loudness": 0,
        "length": 30.0669155121,
        "replay_gain": -8.41567611694,
        "downmix": "mix"
    },
    "tags": {
        "track": 7,
        "year": 0,
        "album": "The Cool Jazz Collection",
        "artist": "Astrud Gilberto",
        "comment": "",
        "genre": "Jazz",
        "title": "Girl From Ipanema"
    }
},
"rhythm": {
    "bpm": 130.002792358,
    "bpm_histogram_first_peak": 129,
    "bpm_histogram_first_peak_spread": 0.490909099579,
    "bpm_histogram_first_peak_weight": 0.444444447756,
    "bpm_histogram_second_peak": 136,
    "bpm_histogram_second_peak_spread": 0.199999988079,
    "bpm_histogram_second_peak_weight": 0.0634920671582
},
"tonal": {
    "tuning_frequency": {
        "dmean": 0.131793215871,
        "dmean2": 0.230412051082,
        "dvar": 1.27087855339,
        "dvar2": 2.94991731644,
        "max": 454.990661621,
        "mean": 441.672973633,
        "median": 442.804626465,
        "min": 434.695007324,
        "var": 5.29146194458
    },
    "hpcp": {
        "dmean": [0.114209115505, 0.160384312272, 0.137143015862, 0.169723197818, 0.105647839606, 0.128286495805, 0.118690699339, 0.0471021942794, 0.117252454162, 0.103267431259, 0.13431327045, 0.100126102567],
        "dmean2": [0.2120962888, 0.283739626408, 0.259691625834, 0.307628750801, 0.188238084316, 0.234067723155, 0.202199146152, 0.0875458717346, 0.207838341594, 0.187502294779, 0.238019958138, 0.181202813983],
        "dvar": [0.0606822445989, 0.076951906085, 0.0817488506436, 0.0889191105962, 0.0491060204804, 0.0699601024389, 0.0534766986966, 0.0274170618504, 0.0572215877473, 0.0602008253336, 0.0679010674357, 0.0481156259775],
        "dvar2": [0.161950901151, 0.170813798904, 0.223712235689, 0.204742640257, 0.122429922223, 0.177400633693, 0.11612496525, 0.07383608073, 0.128495201468, 0.146261766553, 0.152286827564, 0.113832958043],
        "max": [1, 1, 1, 1, 1, 1, 1, 1, 1, 1, 1, 1],
        "mean": [0.0940344706178, 0.23959428072, 0.0970247238874, 0.253727823496, 0.112873479724, 0.138625755906, 0.190175026655, 0.0623270794749, 0.155623137951, 0.0865041092038, 0.13774895668, 0.13286305964],
        "median": [0.00337181938812, 0.0312680229545, 0.00213487865403, 0.0270750410855, 0.00643444387242, 0.00546744232997, 0.02059732005, 0.00128120509908, 0.0118760643527, 0.00181837147102, 0.00913841556758, 0.0074163316749],
        "min": [3.78126560463e-06, 0, 1.16043679554e-06, 0, 1.97177564587e-06, 6.52290555081e-06, 1.66565987456e-05, 5.94899393036e-06, 0, 9.3202561402e-07, 0, 5.20258026881e-07],
        "var": [0.0575621314347, 0.133069530129, 0.0640293285251, 0.150677919388, 0.0628537237644, 0.0868993774056, 0.111177779734, 0.0460566580296, 0.0897912755609, 0.057928558439, 0.0805816277862, 0.0788059383631]
    }
},
"lowlevel": {
    "melbands": {
        "dmean": [0.00025938579347, 0.000728092563804, 0.000802430906333, 0.00043132569408, 0.000250531302299, 9.50754110818e-05, 5.95345773036e-05, 6.55698386254e-05, 2.50850152952e-05, 1.69930754055e-05, 1.49534607772e-05, 1.46387974382e-05, 3.55740257874e-06, 2.5123292744e-06, 3.80677056455e-06, 2.42897431235e-06, 1.99222267838e-06, 6.82646543737e-07, 6.93926608619e-07, 6.94045979799e-07, 4.2617557483e-07, 5.94238827034e-07, 7.29930775378e-07, 6.54191865124e-07, 2.70905360367e-07, 1.57044922844e-07, 2.02401380989e-07, 3.15184252031e-07, 2.72262752787e-07, 3.52570680207e-07, 6.370266874e-07, 9.17530883271e-07, 1.17007607514e-06, 6.70049189466e-07, 2.94726731909e-07, 1.52761842287e-07, 9.0800824637e-08, 3.58451721638e-08, 1.20287708683e-08, 1.289389151e-09],
        "dmean2": [0.00035841477802, 0.00104782043491, 0.00116406904999, 0.000656720425468, 0.000363236147678, 0.000143249417306, 9.13950207178e-05, 9.49490931816e-05, 3.66991953342e-05, 2.28905901167e-05, 2.16909411392e-05, 2.00378763111e-05, 5.19671175425e-06, 3.62746686733e-06, 5.08010225531e-06, 3.40064343618e-06, 2.90977868644e-06, 1.05065123535e-06, 1.06114896425e-06, 1.05504898329e-06, 6.80601146996e-07, 9.44330508901e-07, 1.11391796054e-06, 1.07916673642e-06, 4.33565702451e-07, 2.27762214422e-07, 2.93762241199e-07, 4.68906250717e-07, 4.14270772353e-07, 5.311659379e-07, 9.20197635423e-07, 1.29655973069e-06, 1.95407187675e-06, 9.11275208182e-07, 4.00916746912e-07, 2.06714020123e-07, 1.17375826392e-07, 4.76246562187e-08, 1.56074531077e-08, 1.79027337399e-09],
        "dvar": [3.89091582065e-07, 1.36458743327e-06, 1.06639322439e-06, 5.24685844994e-07, 1.69337013745e-07, 4.2385128296e-08, 3.68538870532e-08, 3.19213597777e-08, 4.98819829886e-09, 3.62679863919e-09, 1.72141312316e-09, 9.36322042122e-09, 8.03466945754e-11, 4.03041870711e-11, 2.275603872e-10, 8.67327668019e-11, 9.98630622639e-11, 3.7415895035e-12, 8.49733217817e-12, 1.140127142e-11, 2.11549701368e-12, 2.47425777783e-12, 3.45058031627e-12, 4.31780349322e-12, 7.23663750452e-13, 1.58252724076e-13, 3.52681994937e-13, 1.49229684599e-12, 6.07451263769e-13, 1.79845645754e-12, 6.9521645385e-12, 1.57380272009e-11, 5.17726694849e-11, 1.24383411557e-11, 1.19473810185e-12, 1.81038100093e-13, 5.33857016211e-14, 1.15058448338e-14, 1.63529377231e-15, 3.12010475647e-17],
        "dvar2": [7.44793851482e-07, 2.6636421353e-06, 1.84730708952e-06, 1.06615584627e-06, 3.41608739518e-07, 9.07475623535e-08, 7.89030423221e-08, 6.4331679539e-08, 9.2652143735e-09, 6.56340848337e-09, 2.94891067121e-09, 1.66056377537e-08, 1.5582780899e-10, 7.99931024198e-11, 4.12999273669e-10, 1.91389154525e-10, 2.33664809723e-10, 7.76161600269e-12, 1.86782846134e-11, 2.05805286008e-11, 5.39694027316e-12, 6.31292284073e-12, 8.0885957654e-12, 1.08798794626e-11, 1.84034536742e-12, 3.24797019792e-13, 6.51888916112e-13, 3.13545522011e-12, 1.30636961752e-12, 4.08169288299e-12, 1.52012829407e-11, 2.84942069939e-11, 1.40905884183e-10, 2.0057445288e-11, 1.90642770667e-12, 3.14039836887e-13, 8.75049747831e-14, 1.91252619481e-14, 2.55081536846e-15, 6.49009548204e-17],
        "max": [0.0100219184533, 0.0114231500775, 0.0117051089182, 0.0140828909352, 0.00509006157517, 0.00207101972774, 0.00236931000836, 0.00205445801839, 0.00101697747596, 0.0010113370372, 0.000441141950432, 0.00219292659312, 0.000114432732516, 0.000126102764625, 0.000344280852005, 0.000165333171026, 0.000199818736291, 2.34433937294e-05, 4.12660665461e-05, 4.31716216553e-05, 1.80766237463e-05, 1.68449641933e-05, 1.71614210558e-05, 2.27713917411e-05, 1.25583219415e-05, 6.68964821671e-06, 1.01108926174e-05, 2.2739995984e-05, 8.56752376421e-06, 2.18268287426e-05, 3.77727446903e-05, 6.20229184278e-05, 0.000114570379083, 8.2051679783e-05, 1.98702618945e-05, 5.12909718964e-06, 2.54705446423e-06, 1.64647030942e-06, 5.97654093326e-07, 9.41020417145e-08],
        "mean": [0.000455337547464, 0.00156919949222, 0.00200466741808, 0.000757800415158, 0.000558630446903, 0.00016695188242, 6.83406542521e-05, 7.88407560322e-05, 3.23367567034e-05, 2.21044356294e-05, 2.07678549486e-05, 2.15038271563e-05, 4.68524331154e-06, 3.15710326504e-06, 5.07335153088e-06, 2.88113733404e-06, 2.03898684958e-06, 8.19465640234e-07, 7.98063695129e-07, 8.32894158975e-07, 4.36311808016e-07, 6.64451022203e-07, 7.79525691996e-07, 6.3128442207e-07, 2.71903303428e-07, 1.84617093169e-07, 2.4696984724e-07, 3.23823314829e-07, 2.80105297179e-07, 3.40104065799e-07, 6.19179445494e-07, 9.93681396722e-07, 1.06553386559e-06, 7.15005569418e-07, 3.33346179104e-07, 1.80913119152e-07, 1.04317734895e-07, 4.06457694169e-08, 1.32812196796e-08, 1.24358623399e-09],
        "median": [0.000118185183965, 0.000722955504898, 0.000839780317619, 0.000358747987775, 0.000184784061275, 6.23831147095e-05, 1.75560126081e-05, 1.41153695949e-05, 4.95244375998e-06, 2.10081884688e-06, 1.93010214389e-06, 2.04192656383e-06, 8.93680123681e-07, 1.03709942323e-06, 8.58945156779e-07, 3.05361595565e-07, 2.03365800644e-07, 1.37748060069e-07, 7.77785729156e-08, 6.21864373329e-08, 6.41857553774e-08, 1.15233987685e-07, 1.05265172579e-07, 7.12305237016e-08, 4.62389948552e-08, 3.93211685434e-08, 5.01518897522e-08, 5.04241484123e-08, 2.93587412159e-08, 3.68053783006e-08, 3.93853554215e-08, 2.74631410946e-08, 3.39093659818e-08, 2.5118282565e-08, 2.24607799026e-08, 1.77711569904e-08, 1.17153149404e-08, 4.92187535173e-09, 1.30109290009e-09, 8.05263286607e-11],
        "min": [2.70813371728e-10, 2.01355085383e-10, 4.60017648973e-11, 3.3687969081e-11, 4.05885741683e-11, 4.12440984143e-11, 4.66112669295e-11, 6.7273388249e-11, 8.94861337808e-11, 1.88052819844e-11, 1.13899428084e-11, 3.99999477985e-11, 5.7274081311e-11, 3.85601724162e-11, 1.04780654639e-11, 3.814941852e-12, 4.96516759999e-12, 2.75275375411e-12, 6.56518502756e-12, 4.97922146223e-12, 3.22204979711e-12, 2.16667612671e-12, 6.85756247794e-13, 9.173335919e-13, 8.57893075155e-13, 3.05216594186e-12, 1.16091641508e-11, 1.12364666183e-11, 4.89942331497e-12, 1.56776241295e-12, 1.62212322567e-12, 1.57293524993e-12, 1.56148705077e-12, 1.74493687728e-12, 1.03576435623e-11, 2.44864319793e-11, 2.44730234342e-12, 6.04690342937e-12, 3.26768668547e-12, 2.52142490914e-13],
        "var": [1.13358566978e-06, 3.59244972969e-06, 6.85504801368e-06, 1.86558168025e-06, 7.35333969715e-07, 8.24925976417e-08, 4.53028548009e-08, 4.48702870415e-08, 8.49403480885e-09, 6.61736221375e-09, 3.19240700541e-09, 1.80645294279e-08, 1.528134147e-10, 5.81046981363e-11, 4.54005888439e-10, 1.16602422162e-10, 1.02470705532e-10, 4.85012681059e-12, 1.16456792126e-11, 1.56220435893e-11, 1.81963862381e-12, 2.43994733272e-12, 3.88659894199e-12, 3.89490436431e-12, 6.60888173614e-13, 2.20178584566e-13, 5.25996780854e-13, 1.66546767696e-12, 6.94845494077e-13, 1.88788763268e-12, 8.02618128209e-12, 2.15422645e-11, 3.84014799126e-11, 1.94108826235e-11, 1.91947499562e-12, 2.88572605481e-13, 9.10630281576e-14, 1.81269709394e-14, 2.70909808597e-15, 3.6260871667e-17]
    },
    "mfcc": {
        "dmean": [38.5871505737, 24.4314517975, 14.2682924271, 11.9180335999, 8.93062496185, 10.377040863, 8.59291744232, 7.06635951996, 7.0124001503, 7.61356401443, 6.50185966492, 6.04763412476, 5.58115243912],
        "dmean2": [49.4825134277, 33.5607566833, 19.7246990204, 17.0004310608, 12.6852197647, 14.9197149277, 12.6162462234, 10.4399518967, 10.5172491074, 11.1579875946, 9.61435699463, 9.151304245, 8.51663970947],
        "dvar": [1323.33666992, 682.613769531, 184.714248657, 117.883392334, 64.1432952881, 93.7806472778, 57.1128425598, 36.7032012939, 32.9474372864, 44.9026870728, 28.7425670624, 25.1640300751, 22.4767551422],
        "dvar2": [2053.10180664, 1001.55639648, 344.684539795, 214.614318848, 137.663192749, 153.537536621, 119.800132751, 81.1036605835, 66.5346221924, 87.0630111694, 61.5042762756, 53.0366783142, 47.2421798706],
        "max": [-644.084533691, 249.516204834, 117.301452637, 119.248352051, 43.3674812317, 74.3547821045, 34.5301589966, 41.904800415, 20.79454422, 35.1150856018, 26.3001899719, 42.8983306885, 18.220489502],
        "mean": [-812.508117676, 168.514511108, 49.3484268188, 43.0926933289, -2.39671683311, 17.9957427979, -5.90947914124, 10.4086332321, -12.0113153458, -5.58210897446, -9.19833183289, 2.29745316505, -8.71009540558],
        "median": [-804.03918457, 177.178985596, 49.4792366028, 41.4356269836, -0.559181213379, 18.8857498169, -4.10530090332, 9.85917854309, -11.825050354, -4.27584075928, -8.67007255554, 1.96387481689, -7.84022331238],
        "min": [-1138.42004395, -11.760345459, -33.998134613, -16.7797317505, -46.1754875183, -39.6061820984, -56.3451499939, -26.0923995972, -42.5868682861, -46.2766647339, -49.7071456909, -27.1623077393, -40.7818565369],
        "var": [4890.76855469, 2051.19165039, 704.29888916, 550.703918457, 236.636291504, 310.429199219, 222.387207031, 132.320388794, 109.597068787, 208.739883423, 139.197662354, 120.685913086, 87.7793884277],
        "cov": [[4898.31591797, -83.3009490967, -701.142028809, 168.225738525, -358.654541016, 53.4150695801, -440.654418945, 245.158905029, -215.046447754, 290.857086182, -75.3849868774, 101.836517334, -279.379486084], [-83.3009490967, 2054.35717773, -253.365524292, -380.459625244, 177.381027222, -335.66607666, 128.69442749, 24.1546516418, -26.4961395264, -216.915130615, 41.1932258606, -47.5300331116, -29.7989311218], [-701.142028809, -253.365524292, 705.385742188, 123.676139832, -62.7118721008, 197.456771851, 51.8972930908, -50.5612640381, 22.2951831818, -87.2672348022, 23.1958122253, -20.6109580994, 74.1274642944], [168.225738525, -380.459625244, 123.676139832, 551.553771973, 89.0220108032, -69.8012771606, -97.1234130859, 39.8974304199, -18.5228366852, -68.381942749, -20.2135810852, -32.9341926575, 34.1617240906], [-358.654541016, 177.381027222, -62.7118721008, 89.0220108032, 237.001464844, -64.9006347656, 15.4668807983, -3.76483798027, 28.5770187378, -39.1543426514, -13.1863002777, 10.2957134247, 12.4522762299], [53.4150695801, -335.66607666, 197.456771851, -69.8012771606, -64.9006347656, 310.90826416, 44.5247383118, -10.3313007355, 31.8347129822, 82.7130432129, 33.5786972046, 28.292131424, 16.674036026], [-440.654418945, 128.69442749, 51.8972930908, -97.1234130859, 15.4668807983, 44.5247383118, 222.730392456, 20.4224567413, 25.008846283, -0.981242716312, 25.6866016388, 12.4040136337, 28.334274292], [245.158905029, 24.1546516418, -50.5612640381, 39.8974304199, -3.76483798027, -10.3313007355, 20.4224567413, 132.524581909, 19.5713863373, 0.487202644348, 23.9702358246, -4.66474914551, -6.46938800812], [-215.046447754, -26.4961395264, 22.2951831818, -18.5228366852, 28.5770187378, 31.8347129822, 25.008846283, 19.5713863373, 109.766204834, 48.018032074, 21.4554271698, -17.2769546509, 19.2225589752], [290.857086182, -216.915130615, -87.2672348022, -68.381942749, -39.1543426514, 82.7130432129, -0.981242716312, 0.487202644348, 48.018032074, 209.062011719, 10.1108884811, 27.574016571, -27.369348526], [-75.3849868774, 41.1932258606, 23.1958122253, -20.2135810852, -13.1863002777, 33.5786972046, 25.6866016388, 23.9702358246, 21.4554271698, 10.1108884811, 139.412475586, -11.7143993378, 19.6590042114], [101.836517334, -47.5300331116, -20.6109580994, -32.9341926575, 10.2957134247, 28.292131424, 12.4040136337, -4.66474914551, -17.2769546509, 27.574016571, -11.7143993378, 120.872154236, -1.66176092625], [-279.379486084, -29.7989311218, 74.1274642944, 34.1617240906, 12.4522762299, 16.674036026, 28.334274292, -6.46938800812, 19.2225589752, -27.369348526, 19.6590042114, -1.66176092625, 87.914855957]],
        "icov": [[0.000927463232074, -0.000676300784107, 0.000952785601839, -0.00128211372066, 0.00177378149237, -0.00154489208944, 0.00144884886686, -0.00137968128547, 0.00121742812917, -0.00112116371747, 0.000539577158634, -0.00072791997809, 0.00113657931797], [-0.000676300784107, 0.0015524890041, -0.000826948555186, 0.00205810531043, -0.00220506126061, 0.00220669014379, -0.0012940177694, 0.000585048866924, -0.000596725207288, 0.00157673831563, -0.000862106098793, 0.000890748458914, -0.000540569366422], [0.000952785601839, -0.000826948555186, 0.00377836590633, -0.00253479764797, 0.00314619019628, -0.00370616000146, 0.00079591787653, 0.000205173375434, -0.000231207770412, 0.000851669057738, 0.000573841796722, -0.000810171943158, 0.000734580273274], [-0.00128211372066, 0.00205810531043, -0.00253479764797, 0.00587626593187, -0.00495511153713, 0.00401440728456, -0.000678056734614, -0.000381839316105, 7.74774962338e-05, 0.00166153034661, -0.000852655037306, 0.00210847565904, -0.00266112410463], [0.00177378149237, -0.00220506126061, 0.00314619019628, -0.00495511153713, 0.0103007135913, -0.00359399733134, 0.00178329984192, -0.00052404665621, -0.00143850629684, -0.000699393975083, 0.00162304274272, -0.00326973129995, 0.0024434432853], [-0.00154489208944, 0.00220669014379, -0.00370616000146, 0.00401440728456, -0.00359399733134, 0.00925447419286, -0.0028211241588, 0.00139841984492, -0.00153737678193, -5.613632311e-05, -0.00199035252444, 0.000686534040142, -0.00205374229699], [0.00144884886686, -0.0012940177694, 0.00079591787653, -0.000678056734614, 0.00178329984192, -0.0028211241588, 0.00820252858102, -0.00383588857949, 0.00199067150243, -0.00206890841946, 0.000674263690598, -0.00144001166336, -0.000142768170917], [-0.00137968128547, 0.000585048866924, 0.000205173375434, -0.000381839316105, -0.00052404665621, 0.00139841984492, -0.00383588857949, 0.012041692622, -0.00514073157683, 0.00308436760679, -0.00221289298497, 0.000250382407103, 0.000304462475469], [0.00121742812917, -0.000596725207288, -0.000231207770412, 7.74774962338e-05, -0.00143850629684, -0.00153737678193, 0.00199067150243, -0.00514073157683, 0.0162591952831, -0.00639312947169, 0.000125368198496, 0.00256514968351, -0.00221806648187], [-0.00112116371747, 0.00157673831563, 0.000851669057738, 0.00166153034661, -0.000699393975083, -5.613632311e-05, -0.00206890841946, 0.00308436760679, -0.00639312947169, 0.0106016043574, -0.00125432910863, -0.000865616369992, 0.00157372630201], [0.000539577158634, -0.000862106098793, 0.000573841796722, -0.000852655037306, 0.00162304274272, -0.00199035252444, 0.000674263690598, -0.00221289298497, 0.000125368198496, -0.00125432910863, 0.0086777228862, 0.000371961970814, -0.00131392886396], [-0.00072791997809, 0.000890748458914, -0.000810171943158, 0.00210847565904, -0.00326973129995, 0.000686534040142, -0.00144001166336, 0.000250382407103, 0.00256514968351, -0.000865616369992, 0.000371961970814, 0.0105203874409, -0.00204670825042], [0.00113657931797, -0.000540569366422, 0.000734580273274, -0.00266112410463, 0.0024434432853, -0.00205374229699, -0.000142768170917, 0.000304462475469, -0.00221806648187, 0.00157372630201, -0.00131392886396, -0.00204670825042, 0.0165598336607]]
    }
}

}