{
"metadata": {
    "version": {
        "essentia": "2.0.1",
        "extractor": "archive-music 1.0 mod ismir14"
    },
    "audio_properties": {
        "analysis_sample_rate": 44100,
        "bitrate": 96,
        "channels": 2,
        "equal_loudness": 0,
        "length": 30.0669155121,
        "replay_gain": -11.7147388458,
        "downmix": "mix"
    },
    "tags": {
        "track": 6,
        "year": 0,
        "album": "Swing Classics (Jazz & Tzaz 70)",
        "artist": "Benny Carter",
        "comment": "",
        "genre": "Jazz",
        "title": "Babalu"
    }
},
"rhythm": {
    "bpm": 92.6367721558,
    "bpm_histogram_first_peak": 94,
    "bpm_histogram_first_peak_spread": 0.555555582047,
    "bpm_histogram_first_peak_weight": 0.355555564165,
    "bpm_histogram_second_peak": 89,
    "bpm_histogram_second_peak_spread": 0,
    "bpm_histogram_second_peak_weight": 0.177777782083
},
"tonal": {
    "tuning_frequency": {
        "dmean": 0.108043015003,
        "dmean2": 0.208915323019,
        "dvar": 1.25812101364,
        "dvar2": 3.49604773521,
        "max": 452.37008667,
        "mean": 438.10168457,
        "median": 440.254241943,
        "min": 431.941772461,
        "var": 15.7317886353
    },
    "hpcp": {
        "dmean": [0.1187729761, 0.138880863786, 0.0902522280812, 0.19398663938, 0.136951610446, 0.125346153975, 0.153385102749, 0.0809569954872, 0.20282535255, 0.1024132967, 0.196518674493, 0.206625506282],
        "dmean2": [0.216572314501, 0.238233864307, 0.164949536324, 0.331059485674, 0.234227225184, 0.221081763506, 0.260793060064, 0.143417656422, 0.349323570728, 0.18247397244, 0.340599447489, 0.359149485826],
        "dvar": [0.0575161464512, 0.0416973941028, 0.0401207618415, 0.0654757022858, 0.0555014200509, 0.0410799197853, 0.0475662611425, 0.0281471945345, 0.0572286434472, 0.0347759202123, 0.0619936212897, 0.0646249949932],
        "dvar2": [0.160961315036, 0.108346827328, 0.0979765430093, 0.148552343249, 0.130145654082, 0.106399863958, 0.106162056327, 0.075506798923, 0.137851163745, 0.0896957963705, 0.159296184778, 0.138592213392],
        "max": [1, 1, 1, 1, 1, 1, 1, 1, 1, 1, 1, 1],
        "mean": [0.106556683779, 0.216103464365, 0.0791791155934, 0.432405412197, 0.211109891534, 0.131579697132, 0.302846848965, 0.0680223554373, 0.37401714921, 0.0859263688326, 0.252550721169, 0.344311118126],
        "median": [0.016964122653, 0.0678296610713, 0.0106175867841, 0.277999788523, 0.0332468375564, 0.0502396263182, 0.132841899991, 0.017367284745, 0.256251245737, 0.0187155306339, 0.136681959033, 0.203693136573],
        "min": [0, 0, 0, 0, 0, 0, 0, 0, 0, 0, 0, 0],
        "var": [0.0501536540687, 0.0809434950352, 0.0403888374567, 0.155451610684, 0.108395181596, 0.0444136075675, 0.128357350826, 0.0232788268477, 0.121447451413, 0.0305133461952, 0.0865328833461, 0.128204852343]
    }
},
"lowlevel": {
    "melbands": {
        "dmean": [8.69890391186e-06, 4.09263921028e-05, 2.59361986537e-05, 5.12504557264e-05, 5.29822682438e-05, 8.36647959659e-05, 6.39962527202e-05, 0.00014286901569, 9.51437541516e-05, 7.12698165444e-05, 4.13541201851e-05, 3.50533409801e-05, 3.30438524543e-05, 2.47831176239e-05, 4.99203197251e-05, 4.25889375038e-05, 2.4872875656e-05, 1.63665263244e-05, 1.32117502289e-05, 1.63668264577e-05, 4.89113017466e-06, 6.57611735733e-06, 3.05998923977e-06, 2.82340488411e-06, 4.01759962187e-06, 1.23621680359e-06, 6.52289315894e-07, 7.75045577939e-07, 7.86122654972e-07, 7.77487798587e-07, 3.8866886598e-07, 1.90776333397e-07, 1.32107345507e-07, 5.08071877903e-08, 2.0658127653e-08, 1.5650982732e-08, 2.96254398791e-09, 3.11249553908e-10, 3.54286495974e-11, 2.42300385485e-12],
        "dmean2": [1.46461470649e-05, 6.97867217241e-05, 4.01951328968e-05, 7.62968484196e-05, 8.03357033874e-05, 0.000128700412461, 9.9545410194e-05, 0.000213564242586, 0.000144509918755, 0.000109323242214, 6.55058902339e-05, 5.44010363228e-05, 5.12997503392e-05, 3.81061290682e-05, 7.94022998889e-05, 6.93260881235e-05, 3.76644966309e-05, 2.43099020736e-05, 2.0415209292e-05, 2.48092528636e-05, 7.69564121583e-06, 9.99683197733e-06, 4.63426977149e-06, 4.26277802035e-06, 6.03769240115e-06, 1.85307931133e-06, 9.51927916049e-07, 1.20086576771e-06, 1.14718977784e-06, 1.19926130537e-06, 5.43786654816e-07, 2.7029423677e-07, 1.81916433917e-07, 7.21840578422e-08, 2.86387056292e-08, 2.30057999318e-08, 4.52507231685e-09, 4.91511276124e-10, 5.43670074238e-11, 4.07139946756e-12],
        "dvar": [1.16119919236e-10, 2.44186759701e-09, 2.09170258891e-09, 5.89846127497e-09, 5.08841502267e-09, 1.72260321563e-08, 8.05336686227e-09, 8.28584276746e-08, 2.67555400058e-08, 1.4053159525e-08, 5.68834890302e-09, 5.11256326163e-09, 5.73749048272e-09, 2.33364749747e-09, 1.01725392554e-08, 1.01414476816e-08, 2.92499113819e-09, 1.35496180942e-09, 8.36712032992e-10, 1.32931254893e-09, 7.40797423404e-11, 1.88427093373e-10, 2.88132885606e-11, 2.69969151201e-11, 6.60660207097e-11, 7.99511151728e-12, 1.79953946709e-12, 4.31049640426e-12, 2.22629792206e-12, 2.26593743768e-12, 6.61530292351e-13, 2.15446719709e-13, 1.29918780812e-13, 2.13741276468e-14, 2.2756736562e-15, 1.30736179041e-15, 3.67390019134e-17, 5.6588650966e-19, 7.408182714e-21, 2.91874054202e-23],
        "dvar2": [2.68532834857e-10, 5.77887515618e-09, 5.49220491308e-09, 1.41247644692e-08, 1.01532453556e-08, 3.57432305975e-08, 1.73071352805e-08, 1.51451118313e-07, 5.36081294911e-08, 3.16177448667e-08, 1.20299512574e-08, 1.17787219978e-08, 1.46173508853e-08, 4.79545247956e-09, 2.26036434015e-08, 2.50409364355e-08, 6.58061027892e-09, 2.77530509685e-09, 1.87468929269e-09, 2.84104384463e-09, 1.58191015842e-10, 4.05261324499e-10, 6.02633359881e-11, 5.4960317547e-11, 1.40688835581e-10, 1.7242268377e-11, 3.58266151121e-12, 9.38325458999e-12, 4.53044459586e-12, 4.33510128836e-12, 1.18185582848e-12, 3.94609095834e-13, 2.3495783227e-13, 3.83084067398e-14, 4.05889252127e-15, 2.60968225247e-15, 6.96840439944e-17, 1.24917497046e-18, 1.69875287434e-20, 7.52281361937e-23],
        "max": [8.45665344968e-05, 0.000567261478864, 0.00073720299406, 0.00115266162902, 0.000864819099661, 0.00124968332238, 0.00139918201603, 0.00400502700359, 0.00188277522102, 0.00108244118746, 0.000731531472411, 0.000878602266312, 0.00103775714524, 0.000714731635526, 0.00108168181032, 0.00109093193896, 0.000639580830466, 0.000444583973149, 0.000277889077552, 0.000574061821681, 0.000114200433018, 0.000161814576131, 7.25614663679e-05, 6.41959995846e-05, 6.8171248131e-05, 4.12849294662e-05, 1.33669554998e-05, 2.67317500402e-05, 1.15969623948e-05, 1.35176223921e-05, 7.75534590503e-06, 4.97869268656e-06, 4.30877116742e-06, 1.96263158614e-06, 4.19180224753e-07, 4.64782772269e-07, 5.17198799344e-08, 6.42817177265e-09, 7.3117611965e-10, 5.79009375168e-11],
        "mean": [1.14621934699e-05, 5.54046418983e-05, 3.90029344999e-05, 8.34556485643e-05, 0.000104963502963, 0.000148639563122, 0.000140061776619, 0.00033689889824, 0.000186189005035, 0.000109055537905, 7.25274803699e-05, 5.86633868807e-05, 4.83964904561e-05, 3.66656859114e-05, 7.6643009379e-05, 6.38545316178e-05, 4.36706359324e-05, 2.21167319978e-05, 1.84177424671e-05, 2.52324880421e-05, 7.57497946324e-06, 1.03913034764e-05, 5.33216643817e-06, 4.29530473411e-06, 6.08124582868e-06, 1.97699455384e-06, 1.02654473721e-06, 1.13540647817e-06, 1.15624300179e-06, 1.23496749893e-06, 5.86060423302e-07, 2.762077429e-07, 1.77171784799e-07, 7.10187393338e-08, 2.94693638381e-08, 2.39559536652e-08, 5.07504260838e-09, 4.16433360018e-10, 4.40077939368e-11, 2.68666339176e-12],
        "median": [7.02074839865e-06, 3.62976134056e-05, 2.51417677646e-05, 5.4822252423e-05, 7.60117545724e-05, 8.5596460849e-05, 5.42051202501e-05, 7.78333487688e-05, 4.73330037494e-05, 3.25550936395e-05, 1.85610751942e-05, 1.20156428238e-05, 1.40492757055e-05, 1.46771981235e-05, 1.61940006365e-05, 1.27803414216e-05, 6.00412886342e-06, 5.52417850486e-06, 2.71084741144e-06, 5.33486536369e-06, 2.89575586976e-06, 3.19499440593e-06, 1.90755349649e-06, 1.58799753081e-06, 1.13306089133e-06, 6.18940418917e-07, 3.28619279344e-07, 1.66175638583e-07, 3.24843540511e-07, 2.63517563326e-07, 1.08808336563e-07, 4.88902003326e-08, 1.70933986965e-08, 6.14338580007e-09, 2.96583468895e-09, 2.5756774491e-09, 8.17193646085e-10, 5.97447369355e-11, 1.0772110634e-11, 9.57632194029e-13],
        "min": [1.03168385293e-11, 1.56398730772e-11, 1.45682632624e-11, 3.37324335131e-11, 2.77829738382e-11, 3.03388043854e-11, 2.41051744537e-11, 1.40076596156e-11, 7.11385464425e-12, 1.33094316818e-11, 1.51925746289e-11, 5.77317057007e-12, 4.98354786257e-12, 6.86084609264e-12, 7.43489471378e-12, 1.09911767188e-11, 5.94086238537e-12, 6.29487130824e-12, 4.87504784805e-12, 4.62245432903e-12, 2.36483619145e-12, 2.52652174355e-12, 1.84734909661e-12, 8.69615577465e-13, 5.00650898776e-13, 1.01973095766e-12, 1.45238064197e-12, 1.13221693306e-12, 5.78194556036e-13, 9.49469777974e-13, 9.21508420786e-13, 1.12055297766e-12, 3.5254134681e-13, 7.35845710536e-14, 2.46045479997e-13, 1.53247423432e-13, 1.24388672106e-13, 7.79065939364e-14, 4.98963121254e-14, 1.54858696938e-14],
        "var": [1.64845623263e-10, 3.4483478295e-09, 2.37611508247e-09, 9.20487774891e-09, 1.18598881826e-08, 3.31069678339e-08, 3.53011486709e-08, 3.42544154819e-07, 8.69424781058e-08, 2.76255534004e-08, 1.35756543784e-08, 9.60521262527e-09, 8.02806532363e-09, 3.91347265705e-09, 1.91371825053e-08, 2.04887342647e-08, 8.90490436944e-09, 2.30646968191e-09, 1.47499668035e-09, 3.28011751094e-09, 1.39080844064e-10, 3.91320198467e-10, 7.19735937516e-11, 4.72176846233e-11, 1.29132163296e-10, 1.93167218332e-11, 3.58870030047e-12, 8.48995613395e-12, 4.37684870985e-12, 4.82263664767e-12, 1.43023841468e-12, 4.22471817729e-13, 2.51520294392e-13, 4.10069927233e-14, 5.02749926041e-15, 3.27939541672e-15, 9.30638076999e-17, 9.86635081862e-19, 1.01838987349e-20, 2.75513331463e-23]
    },
    "mfcc": {
        "dmean": [39.5534629822, 13.560379982, 16.6701545715, 9.64379024506, 10.1751718521, 7.29757118225, 6.89344930649, 5.9181804657, 5.50486278534, 5.54299259186, 4.86929273605, 5.04275941849, 4.69948196411],
        "dmean2": [48.3265075684, 18.7983837128, 22.3039245605, 14.8198480606, 14.7223072052, 10.8989639282, 10.4303693771, 9.50007152557, 8.84045505524, 8.39918708801, 7.80167722702, 7.67725419998, 7.47516870499],
        "dvar": [2127.55712891, 248.515533447, 342.737365723, 70.2012557983, 98.7604370117, 34.9281768799, 32.0341529846, 23.797618866, 21.2161598206, 17.6189365387, 16.1025028229, 16.6851348877, 15.2110624313],
        "dvar2": [3146.01831055, 360.770202637, 530.756164551, 150.672943115, 160.447952271, 70.3936843872, 73.923538208, 54.7794914246, 53.2499389648, 39.716583252, 40.4324264526, 37.5327110291, 38.8750343323],
        "max": [-609.066955566, 228.392059326, 74.8220825195, 77.9840316772, 31.2812385559, 54.4536132812, 19.9788398743, 16.5799274445, 22.780002594, 17.7112903595, 22.7045860291, 31.4173030853, 22.0130004883],
        "mean": [-773.545776367, 177.204116821, -44.2732849121, 19.3364868164, -18.0367736816, -0.42158088088, -10.9935274124, -7.86564970016, -3.30216789246, -5.54416465759, 1.64049613476, 4.0610332489, -4.68332624435],
        "median": [-739.663574219, 185.413360596, -59.4704627991, 18.3804664612, -19.6667938232, -1.46543121338, -11.050994873, -8.15955352783, -3.35131835938, -5.25888824463, 1.59478378296, 2.6709022522, -5.01400756836],
        "min": [-1138.42004395, 1.14440917969e-05, -114.464141846, -33.9152297974, -65.9258880615, -28.3532218933, -53.457736969, -33.5257797241, -28.3659057617, -30.4289779663, -19.0330371857, -18.121963501, -25.0773887634],
        "var": [10429.953125, 889.717041016, 1769.56994629, 311.965362549, 462.007324219, 161.017730713, 151.223403931, 72.484413147, 63.2434043884, 80.3756027222, 55.9605293274, 94.9356689453, 39.7272224426],
        "cov": [[10446.0488281, 370.93347168, -4044.44604492, 452.260650635, -1800.91955566, 70.470413208, -882.201843262, -19.3488922119, -220.079208374, -160.377304077, 4.50255012512, 263.182495117, -141.554443359], [370.93347168, 891.090087891, -43.5797805786, -279.4581604, -28.953540802, -242.708312988, 47.0781669617, -100.662910461, 44.5922966003, -138.248596191, -3.35624194145, 32.6483535767, -7.62446880341], [-4044.44604492, -43.5797805786, 1772.30078125, -148.671264648, 701.573852539, 15.116560936, 329.83770752, 31.4151859283, 77.10987854, 72.634262085, -11.4076309204, -110.098152161, 48.2910614014], [452.260650635, -279.4581604, -148.671264648, 312.446777344, 6.36403083801, 114.704559326, -44.1189041138, 11.7567481995, -33.6354255676, 15.8595457077, -13.055352211, -45.4929199219, -18.062171936], [-1800.91955566, -28.953540802, 701.573852539, 6.36403083801, 462.720306396, 25.7844200134, 167.441177368, 3.2012720108, 4.72819042206, 26.1153373718, -15.4180469513, -90.2111434937, 9.56684780121], [70.470413208, -242.708312988, 15.116560936, 114.704559326, 25.7844200134, 161.266220093, -2.59634542465, 54.3033447266, -26.3824329376, 45.8010406494, -6.37548589706, -32.6366119385, -3.34110999107], [-882.201843262, 47.0781669617, 329.83770752, -44.1189041138, 167.441177368, -2.59634542465, 151.456771851, 11.9543657303, 30.0407752991, -7.41774892807, -10.808716774, -27.1054058075, 10.8627710342], [-19.3488922119, -100.662910461, 31.4151859283, 11.7567481995, 3.2012720108, 54.3033447266, 11.9543657303, 72.5962677002, 4.01621341705, 33.1904449463, 3.41440796852, 2.54002022743, 7.43747901917], [-220.079208374, 44.5922966003, 77.10987854, -33.6354255676, 4.72819042206, -26.3824329376, 30.0407752991, 4.01621341705, 63.3409996033, 4.89713096619, 17.8472614288, 17.8435726166, 8.88027572632], [-160.377304077, -138.248596191, 72.634262085, 15.8595457077, 26.1153373718, 45.8010406494, -7.41774892807, 33.1904449463, 4.89713096619, 80.4996414185, 25.0837230682, 2.52793884277, 6.19627046585], [4.50255012512, -3.35624194145, -11.4076309204, -13.055352211, -15.4180469513, -6.37548589706, -10.808716774, 3.41440796852, 17.8472614288, 25.0837230682, 56.0468864441, 36.4831428528, 7.73760604858], [263.182495117, 32.6483535767, -110.098152161, -45.4929199219, -90.2111434937, -32.6366119385, -27.1054058075, 2.54002022743, 17.8435726166, 2.52793884277, 36.4831428528, 95.0821762085, 9.25025367737], [-141.554443359, -7.62446880341, 48.2910614014, -18.062171936, 9.56684780121, -3.34110999107, 10.8627710342, 7.43747901917, 8.88027572632, 6.19627046585, 7.73760604858, 9.25025367737, 39.7885284424]],
        "icov": [[0.0866569057107, -0.119555935264, 0.119470663369, -0.11030638963, 0.114894792438, -0.109281972051, 0.100799590349, -0.0927901938558, 0.0824735686183, -0.0723237320781, 0.063813701272, -0.0520677231252, 0.0358863174915], [-0.119555935264, 0.167745560408, -0.16448058188, 0.153997689486, -0.15895357728, 0.152595743537, -0.139371275902, 0.128631129861, -0.114585489035, 0.103092819452, -0.089307770133, 0.0727133601904, -0.0486388131976], [0.119470663369, -0.16448058188, 0.166647434235, -0.151005446911, 0.155919551849, -0.150821641088, 0.138053894043, -0.127621144056, 0.112154871225, -0.100435890257, 0.0885970070958, -0.0716840699315, 0.0487665235996], [-0.11030638963, 0.153997689486, -0.151005446911, 0.147030323744, -0.148076176643, 0.136030510068, -0.126789078116, 0.119880311191, -0.106675967574, 0.0948941707611, -0.0821237042546, 0.0681315585971, -0.0445100851357], [0.114894792438, -0.15895357728, 0.155919551849, -0.148076176643, 0.160428419709, -0.144006282091, 0.129145205021, -0.121965065598, 0.113342963159, -0.0977417007089, 0.0825062245131, -0.0658844709396, 0.0479108095169], [-0.109281972051, 0.152595743537, -0.150821641088, 0.136030510068, -0.144006282091, 0.153383016586, -0.128954038024, 0.109432905912, -0.0994996353984, 0.0887686163187, -0.0814871639013, 0.0687527880073, -0.0442441552877], [0.100799590349, -0.139371275902, 0.138053894043, -0.126789078116, 0.129145205021, -0.128954038024, 0.13333798945, -0.11134056747, 0.0894116610289, -0.0788413882256, 0.0760584026575, -0.0605567730963, 0.0409321859479], [-0.0927901938558, 0.128631129861, -0.127621144056, 0.119880311191, -0.121965065598, 0.109432905912, -0.11134056747, 0.122948244214, -0.0907044932246, 0.0711131691933, -0.0647942125797, 0.0530339889228, -0.0407844036818], [0.0824735686183, -0.114585489035, 0.112154871225, -0.106675967574, 0.113342963159, -0.0994996353984, 0.0894116610289, -0.0907044932246, 0.102986678481, -0.0713921487331, 0.0545020550489, -0.0503754988313, 0.0330908335745], [-0.0723237320781, 0.103092819452, -0.100435890257, 0.0948941707611, -0.0977417007089, 0.0887686163187, -0.0788413882256, 0.0711131691933, -0.0713921487331, 0.0873285979033, -0.0650296360254, 0.0461163297296, -0.0291267707944], [0.063813701272, -0.089307770133, 0.0885970070958, -0.0821237042546, 0.0825062245131, -0.0814871639013, 0.0760584026575, -0.0647942125797, 0.0545020550489, -0.0650296360254, 0.0794805586338, -0.0502764955163, 0.0239657014608], [-0.0520677231252, 0.0727133601904, -0.0716840699315, 0.0681315585971, -0.0658844709396, 0.0687527880073, -0.0605567730963, 0.0530339889228, -0.0503754988313, 0.0461163297296, -0.0502764955163, 0.0514558553696, -0.0232650339603], [0.0358863174915, -0.0486388131976, 0.0487665235996, -0.0445100851357, 0.0479108095169, -0.0442441552877, 0.0409321859479, -0.0407844036818, 0.0330908335745, -0.0291267707944, 0.0239657014608, -0.0232650339603, 0.0432032719254]]
    }
}

}