{
"metadata": {
    "version": {
        "essentia": "2.0.1",
        "extractor": "archive-music 1.0 mod ismir14"
    },
    "audio_properties": {
        "analysis_sample_rate": 44100,
        "bitrate": 96,
        "channels": 2,
        "equal_loudness": 0,
        "length": 30.0669155121,
        "replay_gain": -12.9685745239,
        "downmix": "mix"
    },
    "tags": {
        "track": 0,
        "year": 0,
        "album": "",
        "artist": "",
        "comment": "",
        "genre": "",
        "title": ""
    }
},
"rhythm": {
    "bpm": 88.2881317139,
    "bpm_histogram_first_peak": 89,
    "bpm_histogram_first_peak_spread": 0.309523820877,
    "bpm_histogram_first_peak_weight": 0.674418628216,
    "bpm_histogram_second_peak": 94,
    "bpm_histogram_second_peak_spread": 0,
    "bpm_histogram_second_peak_weight": 0.0232558138669
},
"tonal": {
    "tuning_frequency": {
        "dmean": 0.0875332057476,
        "dmean2": 0.169047474861,
        "dvar": 1.30599176884,
        "dvar2": 2.78651785851,
        "max": 454.202880859,
        "mean": 443.962615967,
        "median": 449.245300293,
        "min": 431.692352295,
        "var": 84.3753890991
    },
    "hpcp": {
        "dmean": [0.158863261342, 0.161353960633, 0.176480650902, 0.155812710524, 0.137757018209, 0.222521141171, 0.303198248148, 0.253599971533, 0.215625017881, 0.270053714514, 0.279081851244, 0.204468369484],
        "dmean2": [0.292959213257, 0.30097258091, 0.328510463238, 0.288530021906, 0.257027000189, 0.409328907728, 0.563549995422, 0.466013073921, 0.402465760708, 0.500881016254, 0.51629525423, 0.381913453341],
        "dvar": [0.0688925683498, 0.0788229480386, 0.0835589021444, 0.075201548636, 0.0655135065317, 0.0854501053691, 0.117327056825, 0.102237530053, 0.0965320765972, 0.107060097158, 0.107323147357, 0.0895032733679],
        "dvar2": [0.194120809436, 0.203966319561, 0.227098539472, 0.20568151772, 0.184400722384, 0.234388291836, 0.3238235116, 0.266568273306, 0.258653879166, 0.296317726374, 0.304357677698, 0.256571531296],
        "max": [1, 1, 1, 1, 1, 1, 1, 1, 1, 1, 1, 1],
        "mean": [0.133690685034, 0.134461924434, 0.145406454802, 0.139128774405, 0.100580401719, 0.223681509495, 0.287902146578, 0.246477752924, 0.179477214813, 0.228376209736, 0.263614833355, 0.159512504935],
        "median": [0.0323467329144, 0.0139899225906, 0.0238043107092, 0.0216862577945, 0.016856983304, 0.0543820783496, 0.0818562060595, 0.0623809173703, 0.0285002496094, 0.0676016360521, 0.085742816329, 0.0276079028845],
        "min": [0, 0, 0, 0, 0, 0, 0, 0, 0, 0, 0, 0],
        "var": [0.0596058182418, 0.0725993961096, 0.0735770389438, 0.0730860903859, 0.0483801886439, 0.105388127267, 0.136186987162, 0.11850874126, 0.0907673537731, 0.105931863189, 0.117441125214, 0.0779645889997]
    }
},
"lowlevel": {
    "melbands": {
        "dmean": [0.00021504588949, 0.000793005514424, 0.000976532930508, 0.000495975429658, 0.000282050808892, 0.000440944771981, 0.000545283895917, 0.000389648543205, 0.000424392928835, 0.000257801642874, 0.000131315246108, 8.02830982138e-05, 6.33799281786e-05, 4.49182334705e-05, 6.2864884967e-05, 4.12598565163e-05, 4.34038265666e-05, 3.65408850485e-05, 2.83745866909e-05, 2.39314049395e-05, 2.1053088858e-05, 2.03666058951e-05, 2.48172818829e-05, 2.56894727499e-05, 1.96433920792e-05, 1.56465321197e-05, 1.13060732474e-05, 7.62987110647e-06, 4.44966235591e-06, 3.46704973708e-06, 2.49807908403e-06, 1.59565479407e-06, 7.88303623267e-07, 6.15477574684e-07, 5.22672280567e-07, 3.90193065414e-07, 2.58257585983e-07, 1.04974176907e-07, 1.92796161258e-08, 1.0287201091e-09],
        "dmean2": [0.000369732733816, 0.00136489525903, 0.00169388286304, 0.000843145244289, 0.000474279018817, 0.000745124125388, 0.000968626700342, 0.000635102915112, 0.000714478723239, 0.000437097449321, 0.000204268450034, 0.000119160249596, 9.99225012492e-05, 7.01348471921e-05, 9.32161710807e-05, 6.59538491163e-05, 7.05710408511e-05, 5.95898018219e-05, 4.63838623546e-05, 3.97507319576e-05, 3.47269960912e-05, 3.21470288327e-05, 3.97200201405e-05, 4.12515437347e-05, 3.03460219584e-05, 2.52142926911e-05, 1.73536791408e-05, 1.19820815598e-05, 7.36910169508e-06, 5.51631592316e-06, 3.95149345422e-06, 2.60237811744e-06, 1.27807550143e-06, 1.02823810266e-06, 8.41144355945e-07, 6.36082688743e-07, 4.21440773835e-07, 1.69531276129e-07, 3.13944497066e-08, 1.7184748069e-09],
        "dvar": [9.03824144416e-08, 1.20147012694e-06, 1.61660716458e-06, 5.90354034102e-07, 1.68857013705e-07, 3.27109148657e-07, 8.71652559908e-07, 9.13082203624e-07, 5.45174543731e-07, 2.51388428296e-07, 8.7792123793e-08, 4.7977440687e-08, 4.05251157076e-08, 1.66059734852e-08, 5.14296836229e-08, 1.14684013397e-08, 1.90740685468e-08, 9.36262800622e-09, 6.79334322129e-09, 6.5596044152e-09, 3.35144867414e-09, 3.26047944199e-09, 3.60065799399e-09, 4.02180333481e-09, 2.33780839132e-09, 1.06506925501e-09, 9.32447230539e-10, 4.67455185671e-10, 8.88797854759e-11, 6.33791769067e-11, 3.64255882401e-11, 1.31285416566e-11, 2.58013814307e-12, 1.18783867291e-12, 9.90056344199e-13, 4.41809403732e-13, 2.2296654269e-13, 5.27461714171e-14, 2.73697796367e-15, 4.81660735963e-18],
        "dvar2": [2.6197187708e-07, 3.11580606649e-06, 4.56684301753e-06, 1.70120335952e-06, 4.475739388e-07, 8.67244864367e-07, 2.4772971301e-06, 2.25521534958e-06, 1.56906401116e-06, 6.95188703048e-07, 2.2382255338e-07, 8.41800797957e-08, 9.1314099393e-08, 3.87148695324e-08, 1.18639327695e-07, 2.80225744831e-08, 4.58626239208e-08, 2.35944348503e-08, 1.80313293185e-08, 1.77413372882e-08, 9.05146624319e-09, 8.8803027154e-09, 9.47235800908e-09, 1.00047650164e-08, 5.5402384902e-09, 2.56910626106e-09, 1.80876258415e-09, 9.77282144099e-10, 2.26684393478e-10, 1.38078520839e-10, 7.92242452197e-11, 3.1353347002e-11, 6.35275642855e-12, 3.23929685159e-12, 2.74053154302e-12, 1.16975461435e-12, 5.96539365214e-13, 1.38894443364e-13, 7.79407191998e-15, 1.36134308102e-17],
        "max": [0.00382439862005, 0.0144112054259, 0.0153724709526, 0.0122100654989, 0.00574736297131, 0.00629616016522, 0.0103346984833, 0.0108190197498, 0.0164160244167, 0.012186053209, 0.00687992526218, 0.00566660705954, 0.0058523863554, 0.00361471669748, 0.00860935542732, 0.00278561841697, 0.00375220505521, 0.00178866949864, 0.0010884309886, 0.00169276434463, 0.000883400673047, 0.00154016399756, 0.00130969961174, 0.00130744243506, 0.000904484069906, 0.000737908587325, 0.000729016843252, 0.000682304787915, 0.000158256880241, 0.000278774881735, 0.000181159339263, 0.000104219499917, 3.70358975488e-05, 2.21971622523e-05, 1.74713550223e-05, 9.80406002782e-06, 8.714244359e-06, 5.04964691572e-06, 1.15263719636e-06, 4.6290367095e-08],
        "mean": [0.00025813569664, 0.0010749604553, 0.00127337698359, 0.000725772057194, 0.0003781124542, 0.000652823306154, 0.000654603471048, 0.000505062111188, 0.000769688107539, 0.000442908378318, 0.000283578498056, 0.000157327449415, 0.000110252251034, 7.85392549005e-05, 0.000120667660667, 7.40480681998e-05, 7.54009306547e-05, 6.2980245275e-05, 4.41021875304e-05, 3.90338973375e-05, 3.6397803342e-05, 3.72353752027e-05, 5.64843430766e-05, 6.24340900686e-05, 4.00848075515e-05, 3.40576116287e-05, 2.78867410088e-05, 1.60051386047e-05, 8.52993798617e-06, 7.03313162376e-06, 5.65177015233e-06, 3.48092567037e-06, 1.72589534486e-06, 1.32933587338e-06, 1.20179947771e-06, 8.39621009163e-07, 5.22154550708e-07, 2.0398491074e-07, 3.56596778772e-08, 1.76048442491e-09],
        "median": [0.000125404389109, 0.000559285806958, 0.000703293131664, 0.00037674602936, 0.000212304046727, 0.00037567151594, 0.000288701296085, 0.000160295327078, 0.000273640005616, 0.000150596912135, 0.000122998841107, 4.95807253174e-05, 2.24407685891e-05, 2.22325325012e-05, 3.97886542487e-05, 1.97227163881e-05, 1.73259268195e-05, 1.32578488774e-05, 1.15711673061e-05, 7.64664855524e-06, 7.78318099037e-06, 7.52104278945e-06, 6.50168340144e-06, 5.58388728678e-06, 8.1585621956e-06, 8.78348055267e-06, 3.44699219568e-06, 3.73454895453e-06, 3.93668005927e-06, 2.39720907302e-06, 1.41613566029e-06, 1.25904830384e-06, 8.06783191365e-07, 7.34660716262e-07, 6.25173129265e-07, 4.36950529092e-07, 3.03547807334e-07, 1.13604713192e-07, 1.81784525211e-08, 8.7129409243e-10],
        "min": [4.49119891473e-24, 8.5276920928e-24, 5.56446192565e-24, 1.11491888991e-23, 3.59552324527e-23, 3.22735523437e-23, 2.32997704531e-23, 2.16965447696e-23, 1.55169934022e-23, 1.13151644447e-23, 6.31081072226e-24, 8.78203425928e-24, 1.59484372085e-23, 9.63504454445e-24, 9.16549481214e-24, 2.70213827011e-23, 3.44388524662e-23, 6.98143084412e-24, 1.83790722742e-23, 3.19071012097e-23, 2.58720707379e-23, 3.59986608232e-23, 3.09151243986e-23, 2.75360040012e-23, 4.05932107718e-23, 2.44313283127e-23, 1.57273258076e-23, 1.33706243636e-23, 1.55575266532e-23, 1.24062071971e-23, 1.52523305685e-23, 1.60765892402e-23, 2.31151517577e-23, 1.77345492488e-23, 2.13247420031e-23, 2.81508264135e-23, 3.35675713736e-23, 2.17848545924e-23, 2.62550485079e-23, 2.97792120267e-23],
        "var": [1.52631770334e-07, 2.13949533645e-06, 2.53124539995e-06, 1.13783403322e-06, 2.52771542364e-07, 5.91118634929e-07, 9.79688138614e-07, 1.11127451419e-06, 2.67380278274e-06, 1.06034224245e-06, 2.46169150842e-07, 2.03121715003e-07, 1.49362534785e-07, 4.32631814817e-08, 1.13938092738e-07, 3.81200742083e-08, 5.48881402551e-08, 2.6063689873e-08, 1.0435845077e-08, 1.42216345367e-08, 7.04855729339e-09, 6.60564580812e-09, 1.51700074724e-08, 2.0832269243e-08, 7.90240850534e-09, 4.6855164193e-09, 5.09628073075e-09, 2.0436690118e-09, 2.15520629121e-10, 2.90712148798e-10, 1.74591924251e-10, 4.65671598504e-11, 8.73855935529e-12, 3.6750220922e-12, 3.3216372361e-12, 1.19139344657e-12, 4.09829640927e-13, 7.78134338648e-14, 3.21557741338e-15, 7.1951362597e-18]
    },
    "mfcc": {
        "dmean": [12.9097728729, 9.83089542389, 10.109787941, 8.07873153687, 8.34620761871, 7.64871263504, 7.6737408638, 7.4434709549, 7.28825330734, 7.11771535873, 6.93861532211, 6.7561006546, 6.78313398361],
        "dmean2": [17.4416999817, 16.0297012329, 15.9493179321, 13.2775878906, 13.4966878891, 12.8876552582, 12.5468044281, 12.251247406, 12.0135297775, 11.6919031143, 11.5826101303, 11.4105958939, 11.3283309937],
        "dvar": [261.838195801, 69.6517181396, 73.7920379639, 41.7830429077, 43.4490737915, 35.9535331726, 35.80052948, 32.8279151917, 30.212348938, 28.9072265625, 28.6715946198, 27.347826004, 28.0191364288],
        "dvar2": [438.489471436, 173.382675171, 189.49130249, 109.720726013, 114.698402405, 95.7575531006, 97.7985916138, 88.8245849609, 83.0343856812, 78.4080963135, 77.0818939209, 77.3857116699, 77.468170166],
        "max": [-508.816162109, 205.751739502, 44.3937721252, 100.621246338, 29.3223762512, 47.1382522583, 40.1132850647, 58.0149383545, 13.9788703918, 51.1637496948, 29.3486633301, 42.8286132812, 16.1321487427],
        "mean": [-630.480102539, 138.60017395, -20.4447193146, 39.8392677307, -25.0896606445, 7.77528047562, -16.353975296, 10.4717979431, -15.7407131195, 13.6801681519, -7.2780456543, 7.46472835541, -14.3351793289],
        "median": [-637.364501953, 141.308364868, -17.6207695007, 38.2761459351, -26.3049812317, 8.30237770081, -17.4630393982, 10.0173950195, -15.1300506592, 14.3020458221, -7.80190658569, 7.50970077515, -13.3153114319],
        "min": [-1138.42004395, 1.14440917969e-05, -101.66999054, -11.6839523315, -82.5864868164, -33.5768661499, -54.6659927368, -25.5995483398, -55.6801071167, -33.579826355, -39.0787887573, -24.4701538086, -58.4700927734],
        "var": [2304.80444336, 532.572509766, 545.344238281, 260.794219971, 237.404067993, 161.897674561, 186.635025024, 120.382080078, 108.79233551, 123.423469543, 97.5121078491, 85.3308563232, 118.679695129],
        "cov": [[2305.69433594, -308.244659424, -689.034667969, 146.706726074, 33.508102417, -98.8383255005, -47.0719566345, 117.610458374, -44.691368103, -14.7601499557, -19.4425125122, 7.84656667709, -85.3938674927], [-308.244659424, 532.778137207, 204.402008057, -154.530166626, -89.804359436, 47.6527328491, -6.72540807724, -73.1383895874, 28.6602649689, 34.6853599548, 19.4153461456, 31.8955287933, 46.8520584106], [-689.034667969, 204.402008057, 545.55480957, 25.9313278198, 16.9523849487, 67.0751800537, 8.17115688324, -12.652677536, 9.62009334564, 8.22404098511, -10.4693784714, -10.1219139099, 27.6474666595], [146.706726074, -154.530166626, 25.9313278198, 260.894897461, 138.186203003, -44.3416748047, -26.9657268524, 40.4710426331, -9.56720638275, -25.060131073, -10.701374054, -19.0812606812, -5.19440460205], [33.508102417, -89.804359436, 16.9523849487, 138.186203003, 237.495727539, 7.11774492264, -33.4854507446, 33.6737174988, -10.3694934845, -18.8655929565, -19.606798172, -13.8211574554, 2.19269037247], [-98.8383255005, 47.6527328491, 67.0751800537, -44.3416748047, 7.11774492264, 161.960189819, 91.6948165894, 8.74709606171, 0.677728235722, -15.7328910828, -7.92402172089, 0.198557451367, -19.6058883667], [-47.0719566345, -6.72540807724, 8.17115688324, -26.9657268524, -33.4854507446, 91.6948165894, 186.707077026, 52.3113059998, -24.7412548065, -20.6410694122, -9.85104370117, 7.06685590744, -19.3303413391], [117.610458374, -73.1383895874, -12.652677536, 40.4710426331, 33.6737174988, 8.74709606171, 52.3113059998, 120.42855835, 13.9290647507, -22.1355609894, -4.07324981689, -4.70903587341, -7.26163959503], [-44.691368103, 28.6602649689, 9.62009334564, -9.56720638275, -10.3694934845, 0.677728235722, -24.7412548065, 13.9290647507, 108.834335327, 47.3680000305, 9.79726219177, 2.21906852722, 5.26782798767], [-14.7601499557, 34.6853599548, 8.22404098511, -25.060131073, -18.8655929565, -15.7328910828, -20.6410694122, -22.1355609894, 47.3680000305, 123.471130371, 37.4552688599, 6.40677261353, 17.2486019135], [-19.4425125122, 19.4153461456, -10.4693784714, -10.701374054, -19.606798172, -7.92402172089, -9.85104370117, -4.07324981689, 9.79726219177, 37.4552688599, 97.5497589111, 32.2748985291, -2.64470815659], [7.84656667709, 31.8955287933, -10.1219139099, -19.0812606812, -13.8211574554, 0.198557451367, 7.06685590744, -4.70903587341, 2.21906852722, 6.40677261353, 32.2748985291, 85.3638000488, 42.3741722107], [-85.3938674927, 46.8520584106, 27.6474666595, -5.19440460205, 2.19269037247, -19.6058883667, -19.3303413391, -7.26163959503, 5.26782798767, 17.2486019135, -2.64470815659, 42.3741722107, 118.725517273]],
        "icov": [[0.00100055942312, -0.000365710206097, 0.00141751975752, -0.00107730703894, 0.00064455147367, -0.0006939425366, 0.00113481993321, -0.00156997016165, 0.00112615013495, -0.000987111940049, 0.00100717553869, -0.000873834651429, 0.000876744859852], [-0.000365710206097, 0.00326702138409, -0.00169791805092, 0.00206247554161, -0.000195939559489, 0.000174047134351, -0.000501050148159, 0.00190886470955, -0.00123462232295, 0.000703895813785, -0.000858775572851, 2.46070394496e-05, -0.00107452028897], [0.00141751975752, -0.00169791805092, 0.00452822819352, -0.00272529665381, 0.00116350443568, -0.00230550533161, 0.00197896454483, -0.00249733775854, 0.00186234549619, -0.0017136974493, 0.0016196226934, -0.000545869173948, 0.000680370081682], [-0.00107730703894, 0.00206247554161, -0.00272529665381, 0.00859568268061, -0.00446542771533, 0.00352136208676, -0.00208878587, 0.00161548575852, -0.00193620915525, 0.00232894322835, -0.00198260648176, 0.00158838345669, -0.00101887132041], [0.00064455147367, -0.000195939559489, 0.00116350443568, -0.00446542771533, 0.00775501783937, -0.00362744531594, 0.00383776682429, -0.00321274390444, 0.00237450096756, -0.00156431121286, 0.00198443839327, -0.000893747375812, 0.00024580580066], [-0.0006939425366, 0.000174047134351, -0.00230550533161, 0.00352136208676, -0.00362744531594, 0.0120177324861, -0.0073093213141, 0.00360563653521, -0.00348278414458, 0.00273857265711, -0.00130639050622, 0.000750058912672, 0.000665023049805], [0.00113481993321, -0.000501050148159, 0.00197896454483, -0.00208878587, 0.00383776682429, -0.0073093213141, 0.0125330202281, -0.00757848611102, 0.00549081712961, -0.00309568364173, 0.00317403231747, -0.00315026915632, 0.00216203765012], [-0.00156997016165, 0.00190886470955, -0.00249733775854, 0.00161548575852, -0.00321274390444, 0.00360563653521, -0.00757848611102, 0.0156765785068, -0.00668738782406, 0.00509698409587, -0.00350389117375, 0.00274297455326, -0.00235139182769], [0.00112615013495, -0.00123462232295, 0.00186234549619, -0.00193620915525, 0.00237450096756, -0.00348278414458, 0.00549081712961, -0.00668738782406, 0.0147748766467, -0.00710518518463, 0.00294061214663, -0.00217211479321, 0.00186223071069], [-0.000987111940049, 0.000703895813785, -0.0017136974493, 0.00232894322835, -0.00156431121286, 0.00273857265711, -0.00309568364173, 0.00509698409587, -0.00710518518463, 0.0137968752533, -0.0063251121901, 0.00360980769619, -0.00331638869829], [0.00100717553869, -0.000858775572851, 0.0016196226934, -0.00198260648176, 0.00198443839327, -0.00130639050622, 0.00317403231747, -0.00350389117375, 0.00294061214663, -0.0063251121901, 0.0159992240369, -0.00813782215118, 0.00469879992306], [-0.000873834651429, 2.46070394496e-05, -0.000545869173948, 0.00158838345669, -0.000893747375812, 0.000750058912672, -0.00315026915632, 0.00274297455326, -0.00217211479321, 0.00360980769619, -0.00813782215118, 0.0192352123559, -0.00812093820423], [0.000876744859852, -0.00107452028897, 0.000680370081682, -0.00101887132041, 0.00024580580066, 0.000665023049805, 0.00216203765012, -0.00235139182769, 0.00186223071069, -0.00331638869829, 0.00469879992306, -0.00812093820423, 0.0129901701584]]
    }
}

}