{
"metadata": {
    "version": {
        "essentia": "2.0.1",
        "extractor": "archive-music 1.0 mod ismir14"
    },
    "audio_properties": {
        "analysis_sample_rate": 44100,
        "bitrate": 96,
        "channels": 2,
        "equal_loudness": 0,
        "length": 30.0669155121,
        "replay_gain": -13.4233722687,
        "downmix": "mix"
    },
    "tags": {
        "track": 0,
        "year": 0,
        "album": "",
        "artist": "",
        "comment": "",
        "genre": "",
        "title": ""
    }
},
"rhythm": {
    "bpm": 90.2956161499,
    "bpm_histogram_first_peak": 91,
    "bpm_histogram_first_peak_spread": 0.341463446617,
    "bpm_histogram_first_peak_weight": 0.62790697813,
    "bpm_histogram_second_peak": 83,
    "bpm_histogram_second_peak_spread": 0.5,
    "bpm_histogram_second_peak_weight": 0.0232558138669
},
"tonal": {
    "tuning_frequency": {
        "dmean": 0.112708829343,
        "dmean2": 0.207572922111,
        "dvar": 1.77740800381,
        "dvar2": 3.43973779678,
        "max": 454.727905273,
        "mean": 445.943359375,
        "median": 445.884552002,
        "min": 431.443084717,
        "var": 34.5995254517
    },
    "hpcp": {
        "dmean": [0.187904715538, 0.170509293675, 0.17426520586, 0.12664988637, 0.167509049177, 0.189390003681, 0.204190641642, 0.227297201753, 0.215949475765, 0.167135104537, 0.184875592589, 0.185895472765],
        "dmean2": [0.347237318754, 0.326597929001, 0.321131706238, 0.236852049828, 0.304800719023, 0.354111939669, 0.385294675827, 0.416643559933, 0.400946646929, 0.313009649515, 0.346309989691, 0.345404863358],
        "dvar": [0.0890520885587, 0.0993803292513, 0.0834298282862, 0.0666048750281, 0.0746904313564, 0.0919406935573, 0.111528448761, 0.0972870290279, 0.106005236506, 0.0852255299687, 0.0974351242185, 0.0852918848395],
        "dvar2": [0.236109852791, 0.283680617809, 0.245258420706, 0.192833691835, 0.206661567092, 0.257755935192, 0.297179371119, 0.256929993629, 0.287769973278, 0.242547675967, 0.281019538641, 0.240282639861],
        "max": [1, 1, 1, 1, 1, 1, 1, 1, 1, 1, 1, 1],
        "mean": [0.184125393629, 0.118166536093, 0.159482002258, 0.11430644244, 0.16676799953, 0.203905239701, 0.148032307625, 0.268229573965, 0.168048277497, 0.122329808772, 0.136262729764, 0.14930151403],
        "median": [0.0334180518985, 0.00798788946122, 0.0287531483918, 0.0102815153077, 0.0208595525473, 0.0295803491026, 0.00843948684633, 0.0744078755379, 0.0200861487538, 0.0157238896936, 0.0129802878946, 0.0249013975263],
        "min": [0, 0, 0, 0, 0, 0, 0, 0, 0, 0, 0, 0],
        "var": [0.097664527595, 0.0741992592812, 0.0807933360338, 0.0670019611716, 0.0881553292274, 0.112140201032, 0.0924566835165, 0.131173118949, 0.0923408195376, 0.0645539090037, 0.0778918340802, 0.0740983113647]
    }
},
"lowlevel": {
    "melbands": {
        "dmean": [0.000752972497139, 0.00248448783532, 0.00121735816356, 0.000473408814287, 0.000332543684635, 0.000254276965279, 0.000280215230305, 0.00031293646316, 0.000455371657154, 0.000311708048685, 0.000142351476825, 0.000158562979777, 0.000140380478115, 9.64305436355e-05, 0.000137708964758, 0.000136261136504, 3.27262496285e-05, 2.50910288742e-05, 1.46132797454e-05, 1.77144102054e-05, 2.7521242373e-05, 2.04614898394e-05, 3.52137540176e-05, 2.50646044151e-05, 1.46254697029e-05, 1.72898180608e-05, 1.32051691253e-05, 8.12451435195e-06, 3.88765192838e-06, 3.25175960825e-06, 1.74871388481e-06, 8.52671121265e-07, 4.97330404414e-07, 3.94983970864e-07, 3.6487296029e-07, 3.19598427723e-07, 1.6528325375e-07, 1.12037916722e-07, 3.16194750383e-08, 2.90131341174e-09],
        "dmean2": [0.00123771780636, 0.00451273843646, 0.00213467166759, 0.000804248382337, 0.000570058939047, 0.000434211746324, 0.000465600081952, 0.000487976620207, 0.000667866610456, 0.000427201972343, 0.000212115919567, 0.000220857909881, 0.000185363081982, 0.0001526986307, 0.000203356757993, 0.000195616201381, 4.74618427688e-05, 3.75245035684e-05, 2.34377184825e-05, 2.83981225948e-05, 4.44963407062e-05, 3.34094220307e-05, 5.59883701499e-05, 3.75851013814e-05, 2.20005767915e-05, 2.72624965874e-05, 1.96469227376e-05, 1.20304939628e-05, 5.96374593442e-06, 4.8680162763e-06, 2.70387158707e-06, 1.36008793561e-06, 7.98066650987e-07, 6.32513092569e-07, 5.79424408897e-07, 5.15473004725e-07, 2.64709370867e-07, 1.82028514928e-07, 4.9964082649e-08, 4.80732920138e-09],
        "dvar": [6.5413195216e-07, 8.24907601782e-06, 1.81983773473e-06, 4.61649676708e-07, 5.21489823768e-07, 1.9016086128e-07, 2.28423090221e-07, 3.65894436527e-07, 8.32010755403e-07, 1.0270103985e-06, 2.97416590911e-07, 2.20365890868e-07, 1.33275861458e-07, 9.28134014089e-08, 1.37094104957e-07, 1.69097560843e-07, 9.14642761529e-09, 4.17115986195e-09, 6.21183771088e-10, 9.05316210886e-10, 3.2791047655e-09, 2.04439265516e-09, 6.01315131021e-09, 2.92529445112e-09, 8.38636049494e-10, 1.14642018101e-09, 8.12195422029e-10, 2.94989394023e-10, 6.39048744477e-11, 5.40610264887e-11, 1.35083923214e-11, 2.40232269841e-12, 5.95651132584e-13, 3.42583329326e-13, 3.74472859405e-13, 2.15749361193e-13, 6.72229334914e-14, 3.340745039e-14, 2.95591628702e-15, 2.82785919908e-17],
        "dvar2": [1.83819156518e-06, 2.73965852102e-05, 5.29031558472e-06, 1.19745914162e-06, 1.462395403e-06, 5.26418432401e-07, 6.0065605112e-07, 8.49558659866e-07, 1.64191123986e-06, 1.80723895937e-06, 5.09062033416e-07, 3.44174111433e-07, 2.18102130134e-07, 2.19546706148e-07, 2.41412720925e-07, 2.90284930315e-07, 1.22621468535e-08, 8.5685636364e-09, 1.43181932977e-09, 2.23539564637e-09, 8.02828381552e-09, 5.35428590354e-09, 1.57561448333e-08, 6.01970207015e-09, 1.81702730639e-09, 2.88945112281e-09, 1.67444369481e-09, 5.75220426846e-10, 1.25982335675e-10, 1.06007605472e-10, 2.96557188528e-11, 5.91070898823e-12, 1.48140061416e-12, 7.99275142599e-13, 8.7842190119e-13, 5.12493205426e-13, 1.56978664551e-13, 8.61817873467e-14, 6.47262386578e-15, 7.46481269039e-17],
        "max": [0.00849833898246, 0.0248430520296, 0.0128022842109, 0.00892843399197, 0.0112639097497, 0.00642074365169, 0.0101880338043, 0.0103790350258, 0.018015505746, 0.0196297653019, 0.025556659326, 0.0170148853213, 0.0146217932925, 0.00770343188196, 0.00891646090895, 0.0124047808349, 0.00446214154363, 0.0016735245008, 0.000416665629018, 0.000361873535439, 0.00090600940166, 0.000669841072522, 0.00115882023238, 0.000850288139191, 0.000578623148613, 0.000626847846434, 0.000542171008419, 0.000312841730192, 0.000159837523825, 0.000148817372974, 7.33554188628e-05, 3.83334590879e-05, 1.14520671559e-05, 9.69987740973e-06, 1.18434263641e-05, 7.1057356763e-06, 5.70819292989e-06, 3.55222073267e-06, 1.06797995159e-06, 1.03701630394e-07],
        "mean": [0.00128260592464, 0.00345119857229, 0.00181199645158, 0.000678054697346, 0.000439975498011, 0.000381188321626, 0.000441904325271, 0.00059360062005, 0.000896069803275, 0.000603898777626, 0.000235334897297, 0.000269241048954, 0.000312835501973, 0.000145262936712, 0.000230193661992, 0.000246147246799, 6.1043559981e-05, 4.25216676376e-05, 2.57168885582e-05, 3.01765976474e-05, 4.45719342679e-05, 3.43449828506e-05, 5.72601602471e-05, 4.53433640359e-05, 2.81185712083e-05, 3.09569695673e-05, 2.50042521657e-05, 1.51166686919e-05, 7.40831001167e-06, 5.82604116062e-06, 3.14848671223e-06, 1.6361419739e-06, 9.90897888187e-07, 8.5105494918e-07, 7.67386268308e-07, 6.56220606743e-07, 3.5913967622e-07, 2.39806212221e-07, 7.08382543735e-08, 5.06851183246e-09],
        "median": [0.000924542313442, 0.00240902602673, 0.00127113040071, 0.000399629963795, 0.000193598971236, 0.000177811758476, 0.000166733778315, 0.000184347096365, 0.00024449735065, 9.07864014152e-05, 4.9174301239e-05, 6.07583679084e-05, 4.66642595711e-05, 4.43510725745e-05, 5.51231423742e-05, 4.14551141148e-05, 1.38197392516e-05, 1.10709697765e-05, 1.07105279312e-05, 1.22235414892e-05, 1.32769973789e-05, 1.05309973151e-05, 1.46424317791e-05, 9.85659244179e-06, 9.19555168366e-06, 1.14308095363e-05, 6.38370556771e-06, 3.53825203092e-06, 2.62970161202e-06, 1.81842040092e-06, 1.25638166537e-06, 8.89132252269e-07, 6.24596623311e-07, 5.23471157976e-07, 5.01462182001e-07, 4.49459861329e-07, 2.23281432454e-07, 1.54245199724e-07, 4.33898819097e-08, 3.07237701946e-09],
        "min": [4.85375765127e-23, 2.33077300596e-23, 3.32960320394e-24, 1.63390231474e-24, 1.44052312181e-23, 5.15080038524e-23, 1.81442678257e-23, 4.68679618732e-24, 7.45821206435e-24, 1.61411653939e-23, 1.20033035895e-23, 5.5620677328e-24, 1.25176984866e-23, 9.67849342539e-24, 2.03732274456e-23, 1.86871492789e-23, 4.95748560279e-23, 3.53566731968e-23, 5.47221829008e-23, 3.69016983004e-23, 2.70254626897e-23, 7.79050394345e-24, 1.85347918391e-23, 1.73338221084e-23, 1.58561404825e-23, 1.28859640007e-23, 2.34032721593e-23, 9.2037190673e-24, 1.21180457748e-23, 1.50893424391e-23, 2.15784996237e-23, 1.63250520264e-23, 2.32551382808e-23, 1.93028378605e-23, 2.81149206205e-23, 3.09315232391e-23, 2.15029756583e-23, 3.6110054294e-23, 3.49303948517e-23, 2.84381453324e-23],
        "var": [1.45989474731e-06, 1.05352910396e-05, 2.9301925224e-06, 7.02975682998e-07, 5.85608120218e-07, 3.36373915388e-07, 6.00321243382e-07, 1.04765194919e-06, 2.74352987617e-06, 3.63670778825e-06, 1.20853428598e-06, 6.65437426051e-07, 6.94874984219e-07, 1.31075026388e-07, 3.50740151589e-07, 6.15048463715e-07, 5.77481706898e-08, 1.44144767233e-08, 1.57341129015e-09, 1.72800751486e-09, 5.91241766656e-09, 3.36268901613e-09, 1.13820508574e-08, 7.33933314123e-09, 2.08997996687e-09, 2.52135712309e-09, 2.14489603856e-09, 7.96954724436e-10, 1.63718788526e-10, 1.36126582229e-10, 2.82086350806e-11, 4.79627058556e-12, 1.26126008509e-12, 8.60805567451e-13, 7.61211406408e-13, 4.38447807791e-13, 1.5958324343e-13, 7.38752456561e-14, 7.61327273739e-15, 4.62096574443e-17]
    },
    "mfcc": {
        "dmean": [13.7719259262, 9.3718996048, 9.92779827118, 8.32510852814, 8.15290737152, 7.84146881104, 7.56723117828, 7.2382850647, 6.84848880768, 6.86469841003, 6.81580162048, 6.74880027771, 6.36112737656],
        "dmean2": [17.1206855774, 14.9582777023, 15.397562027, 13.2313213348, 13.3192625046, 12.8138189316, 12.6391820908, 12.0157165527, 11.3354196548, 11.3710632324, 11.1799526215, 11.1637248993, 10.3993320465],
        "dvar": [276.200683594, 55.9779319763, 69.5064697266, 44.3018493652, 38.401184082, 38.1630973816, 33.2820053101, 30.7157001495, 27.5245780945, 28.5620326996, 28.1872196198, 28.3323364258, 23.3696231842],
        "dvar2": [300.664581299, 137.471084595, 153.672164917, 110.281288147, 100.823379517, 97.5388870239, 92.1930389404, 85.6682891846, 74.3238372803, 77.5322723389, 77.4518966675, 74.0757980347, 62.3914260864],
        "max": [-512.481140137, 200.977264404, 47.3872337341, 95.1621322632, 32.7536964417, 57.8226318359, 45.1272315979, 60.6086807251, 17.1617355347, 48.3934745789, 30.5374259949, 47.436050415, 22.6696739197],
        "mean": [-622.545898438, 144.375030518, -19.533203125, 41.3167076111, -9.69957351685, 10.0542850494, 0.291434049606, 18.0545501709, -10.8704528809, 11.7323951721, -3.74559855461, 13.1512746811, -5.07625722885],
        "median": [-625.483276367, 144.790420532, -17.4594535828, 40.6712837219, -9.78375244141, 11.1084747314, -0.219699859619, 18.4444789886, -10.5999546051, 11.3899822235, -3.67358016968, 13.0373649597, -5.07403373718],
        "min": [-1138.42004395, 1.14440917969e-05, -85.1465148926, -18.8684234619, -58.3095474243, -38.6632461548, -43.3790512085, -26.1598739624, -45.3594970703, -31.8249664307, -33.8132095337, -21.7599639893, -30.81665802],
        "var": [2405.55078125, 310.69329834, 504.986938477, 310.346160889, 220.466705322, 222.144561768, 165.520706177, 127.32938385, 86.0583190918, 104.894790649, 92.6182556152, 88.9278945923, 73.6329574585],
        "cov": [[2406.47949219, 77.0538406372, -685.84375, 42.0992088318, -319.696350098, -238.463684082, -134.492462158, -78.4801025391, -52.2223472595, -17.127576828, -81.9768295288, 7.20530748367, -79.7254562378], [77.0538406372, 310.813262939, 10.5075836182, -94.1499786377, -61.5891723633, 0.333909243345, 15.5751037598, 5.36371564865, -19.22290802, 17.6221065521, 42.8643417358, -0.417912960052, -3.09488940239], [-685.84375, 10.5075836182, 505.181915283, -20.5841217041, 165.851470947, 74.3120956421, 18.8054523468, 15.9571323395, 22.5465698242, 18.4082813263, 7.39818716049, -14.681096077, 24.0771179199], [42.0992088318, -94.1499786377, -20.5841217041, 310.4659729, 67.157585144, -7.6242890358, -58.4806213379, -20.2848625183, 48.4867591858, 13.9374513626, -43.835773468, -4.32166099548, 22.4195308685], [-319.696350098, -61.5891723633, 165.851470947, 67.157585144, 220.551834106, 43.2974739075, 16.1171398163, -13.4497919083, 21.6326980591, 24.389591217, -11.6465024948, -0.141967654228, 6.50179386139], [-238.463684082, 0.333909243345, 74.3120956421, -7.6242890358, 43.2974739075, 222.230331421, 102.555297852, 38.2781105042, -18.4533061981, -9.72224998474, 36.5019111633, -5.86872911453, -17.5948925018], [-134.492462158, 15.5751037598, 18.8054523468, -58.4806213379, 16.1171398163, 102.555297852, 165.584609985, 68.7685317993, -10.0903139114, -20.963136673, 23.1397457123, 12.8309774399, -11.9214391708], [-78.4801025391, 5.36371564865, 15.9571323395, -20.2848625183, -13.4497919083, 38.2781105042, 68.7685317993, 127.378547668, 23.1967868805, -17.0898017883, 9.22887229919, 12.1141672134, 6.96639585495], [-52.2223472595, -19.22290802, 22.5465698242, 48.4867591858, 21.6326980591, -18.4533061981, -10.0903139114, 23.1967868805, 86.091545105, 39.0471458435, -3.50504827499, 0.458533614874, 7.59513998032], [-17.127576828, 17.6221065521, 18.4082813263, 13.9374513626, 24.389591217, -9.72224998474, -20.963136673, -17.0898017883, 39.0471458435, 104.935295105, 28.1281013489, -2.24888825417, -2.02048587799], [-81.9768295288, 42.8643417358, 7.39818716049, -43.835773468, -11.6465024948, 36.5019111633, 23.1397457123, 9.22887229919, -3.50504827499, 28.1281013489, 92.6540145874, 29.6706924438, -4.91691493988], [7.20530748367, -0.417912960052, -14.681096077, -4.32166099548, -0.141967654228, -5.86872911453, 12.8309774399, 12.1141672134, 0.458533614874, -2.24888825417, 29.6706924438, 88.9622268677, 25.8232288361], [-79.7254562378, -3.09488940239, 24.0771179199, 22.4195308685, 6.50179386139, -17.5948925018, -11.9214391708, 6.96639585495, 7.59513998032, -2.02048587799, -4.91691493988, 25.8232288361, 73.6613922119]],
        "icov": [[0.000865235284436, -0.000288230512524, 0.000854945974424, -0.000198555324459, 0.000531154044438, 0.000334172713337, 0.000250681187026, 2.29551424127e-05, 0.000444773497293, -0.000395176233724, 0.000983280711807, -0.000584080116823, 0.000990368775092], [-0.000288230512524, 0.00403865613043, -0.000704022531863, 0.000698121206369, 0.000985109712929, 0.000207296543522, -0.000463657546788, 8.15243947727e-06, 0.000610315822996, -0.00079294340685, -0.00159280363005, 0.000749901635572, -0.000691771274433], [0.000854945974424, -0.000704022531863, 0.00396268349141, 0.000748342252336, -0.00207642535679, -0.000603971944656, 0.00117764552124, -0.000490783131681, -0.000371434201952, -5.86599799135e-06, 0.000706273480318, 0.000350667571183, -0.000388900400139], [-0.000198555324459, 0.000698121206369, 0.000748342252336, 0.00491255894303, -0.00165865500458, -0.00147432030644, 0.00199173507281, 0.000239063680056, -0.00262840650976, 0.000338730402291, 0.00135353358928, -4.84693482576e-05, -0.00144373427611], [0.000531154044438, 0.000985109712929, -0.00207642535679, -0.00165865500458, 0.00821413472295, -0.000256071565673, -0.00172350020148, 0.0017923010746, 0.000138872142998, -0.00206488510594, 0.00195386796258, -0.001499353908, 0.00115025800187], [0.000334172713337, 0.000207296543522, -0.000603971944656, -0.00147432030644, -0.000256071565673, 0.00798551738262, -0.00441783713177, -0.000416970404331, 0.00230251066387, 0.000146354548633, -0.00288614071906, 0.00160518288612, 0.00128224643413], [0.000250681187026, -0.000463657546788, 0.00117764552124, 0.00199173507281, -0.00172350020148, -0.00441783713177, 0.0120961219072, -0.00493379030377, 0.000328354537487, 0.000955057214014, 0.000617457379121, -0.00169054430444, 0.0014080387773], [2.29551424127e-05, 8.15243947727e-06, -0.000490783131681, 0.000239063680056, 0.0017923010746, -0.000416970404331, -0.00493379030377, 0.0125063043088, -0.00566997984424, 0.00285185175017, -0.00046489640954, -0.000442097312771, -0.00133940228261], [0.000444773497293, 0.000610315822996, -0.000371434201952, -0.00262840650976, 0.000138872142998, 0.00230251066387, 0.000328354537487, -0.00566997984424, 0.0192413441837, -0.00793042313308, 0.00179472449236, -0.00042422185652, 0.000622550025582], [-0.000395176233724, -0.00079294340685, -5.86599799135e-06, 0.000338730402291, -0.00206488510594, 0.000146354548633, 0.000955057214014, 0.00285185175017, -0.00793042313308, 0.0153984995559, -0.00636193435639, 0.00219638249837, -0.000414697482483], [0.000983280711807, -0.00159280363005, 0.000706273480318, 0.00135353358928, 0.00195386796258, -0.00288614071906, 0.000617457379121, -0.00046489640954, 0.00179472449236, -0.00636193435639, 0.0188208073378, -0.00748110376298, 0.00315590249375], [-0.000584080116823, 0.000749901635572, 0.000350667571183, -4.84693482576e-05, -0.001499353908, 0.00160518288612, -0.00169054430444, -0.000442097312771, -0.00042422185652, 0.00219638249837, -0.00748110376298, 0.0161906387657, -0.00648783193901], [0.000990368775092, -0.000691771274433, -0.000388900400139, -0.00144373427611, 0.00115025800187, 0.00128224643413, 0.0014080387773, -0.00133940228261, 0.000622550025582, -0.000414697482483, 0.00315590249375, -0.00648783193901, 0.018153809011]]
    }
}

}