{
"metadata": {
    "version": {
        "essentia": "2.0.1",
        "extractor": "archive-music 1.0 mod ismir14"
    },
    "audio_properties": {
        "analysis_sample_rate": 44100,
        "bitrate": 32,
        "channels": 2,
        "equal_loudness": 0,
        "length": 30.0408172607,
        "replay_gain": -13.1388397217,
        "downmix": "mix"
    },
    "tags": {
        "track": 0,
        "year": 0,
        "album": "",
        "artist": "",
        "comment": "",
        "genre": "",
        "title": ""
    }
},
"rhythm": {
    "bpm": 86.560585022,
    "bpm_histogram_first_peak": 86,
    "bpm_histogram_first_peak_spread": 0.595238089561,
    "bpm_histogram_first_peak_weight": 0.404761910439,
    "bpm_histogram_second_peak": 0,
    "bpm_histogram_second_peak_spread": 0,
    "bpm_histogram_second_peak_weight": 0
},
"tonal": {
    "tuning_frequency": {
        "dmean": 0.210599586368,
        "dmean2": 0.400566786528,
        "dvar": 3.17590045929,
        "dvar2": 7.04650783539,
        "max": 456.04309082,
        "mean": 443.758880615,
        "median": 442.03793335,
        "min": 431.443084717,
        "var": 23.5402297974
    },
    "hpcp": {
        "dmean": [0.163683563471, 0.15487895906, 0.165362969041, 0.220219373703, 0.0941868051887, 0.157332718372, 0.19741512835, 0.258550226688, 0.159491270781, 0.107111476362, 0.258027821779, 0.079472437501],
        "dmean2": [0.27633446455, 0.26687130332, 0.279565930367, 0.371503204107, 0.167873203754, 0.265797227621, 0.336790591478, 0.444633662701, 0.273809283972, 0.189251765609, 0.449340760708, 0.141639992595],
        "dvar": [0.0431907847524, 0.0522028580308, 0.0514912679791, 0.0664259642363, 0.0230705011636, 0.0516487434506, 0.0559874214232, 0.0719801113009, 0.0495043694973, 0.031128436327, 0.0729015767574, 0.0201598443091],
        "dvar2": [0.110835902393, 0.13198928535, 0.127000302076, 0.144093304873, 0.0614956431091, 0.11144875735, 0.130455672741, 0.175192043185, 0.12250379473, 0.0811277851462, 0.147037133574, 0.0528685860336],
        "max": [1, 1, 1, 1, 1, 1, 1, 1, 1, 1, 1, 1],
        "mean": [0.233958467841, 0.147110119462, 0.16489136219, 0.274911701679, 0.0857177376747, 0.256078004837, 0.275310665369, 0.339387148619, 0.195368275046, 0.107188656926, 0.636734247208, 0.0767464116216],
        "median": [0.137326359749, 0.0409768670797, 0.0587457604706, 0.129867494106, 0.0319601595402, 0.0888818949461, 0.133646219969, 0.199963361025, 0.0716999322176, 0.0371789187193, 0.675778031349, 0.0297697857022],
        "min": [0.00195646448992, 0.000263545720372, 0.000723879027646, 0.00056921155192, 0.000766361947171, 0.00264297355898, 0.000457444315543, 0.00267233536579, 0.000385069404729, 0.000434796704212, 0.00967516377568, 0.000709865707904],
        "var": [0.0681666731834, 0.0546919330955, 0.0594499260187, 0.0982983261347, 0.0211866348982, 0.111714184284, 0.10018671304, 0.113077707589, 0.0775552615523, 0.0334406271577, 0.128547102213, 0.0181247200817]
    }
},
"lowlevel": {
    "melbands": {
        "dmean": [4.87956422148e-05, 0.000211779290112, 0.000191963132238, 0.000105630926555, 6.41632723273e-05, 0.000113325128041, 0.000114352420496, 0.000122227414977, 0.000125608145026, 6.72330133966e-05, 5.05457792315e-05, 2.93211724056e-05, 2.38047323364e-05, 1.54980734806e-05, 2.50788816629e-05, 1.36303178806e-05, 1.49313145812e-05, 1.13571331894e-05, 8.82533004187e-06, 7.42487645766e-06, 6.84025644659e-06, 6.81114897816e-06, 9.0987978183e-06, 8.94904587767e-06, 6.84223141434e-06, 5.16338513989e-06, 4.9131126616e-06, 3.03300134874e-06, 1.31129377223e-06, 1.20027584671e-06, 8.87086628154e-07, 5.30464205895e-07, 2.54833622648e-07, 2.0598588435e-07, 1.99777375087e-07, 1.70602461935e-07, 1.63250049923e-07, 1.24666144075e-07, 6.59458976315e-08, 3.46515527383e-08],
        "dmean2": [7.36112269806e-05, 0.000326586450683, 0.000300911662634, 0.000146168211359, 0.000102231075289, 0.000182643678272, 0.000184306831216, 0.000203872768907, 0.000188124919077, 9.98687100946e-05, 7.7994496678e-05, 4.48685023002e-05, 3.6875364458e-05, 2.29560555454e-05, 4.03272351832e-05, 2.12440882024e-05, 2.27937598538e-05, 1.74883789441e-05, 1.43821589518e-05, 1.10028631752e-05, 1.02082703961e-05, 1.06176967165e-05, 1.32924869831e-05, 1.25479755297e-05, 1.04637338154e-05, 7.70840688347e-06, 7.43634973333e-06, 4.97129485666e-06, 2.01038278647e-06, 1.82615576705e-06, 1.33529010782e-06, 8.21501544124e-07, 4.02536244337e-07, 3.14964040626e-07, 3.13897629667e-07, 2.69599013336e-07, 2.58963893884e-07, 2.01973819003e-07, 1.06578788461e-07, 5.53677494963e-08],
        "dvar": [4.43806813522e-09, 8.98201761856e-08, 5.39542384104e-08, 2.62525468031e-08, 6.75484379542e-09, 1.74837975209e-08, 2.38487594117e-08, 5.0254246986e-08, 4.93037006777e-08, 2.63188617566e-08, 8.2402511481e-09, 8.18234546784e-09, 6.65147137369e-09, 1.19256837738e-09, 7.10152647798e-09, 1.25483534674e-09, 1.67875713331e-09, 6.34161057e-10, 3.19821447103e-10, 3.20196230641e-10, 1.61823707212e-10, 1.62052371522e-10, 3.08735537136e-10, 3.68492070191e-10, 2.15184647878e-10, 1.00584714169e-10, 1.40955663808e-10, 7.84957446265e-11, 4.65553420467e-12, 7.49166787634e-12, 4.44478828743e-12, 1.79539282746e-12, 2.30026799474e-13, 7.45011149127e-14, 7.85951571837e-14, 3.92724589827e-14, 4.15879150236e-14, 3.16831284786e-14, 8.52509015258e-15, 2.28179410452e-15],
        "dvar2": [8.92592311175e-09, 2.05479466331e-07, 1.11192122176e-07, 4.4771908847e-08, 1.68051741412e-08, 4.32918270121e-08, 6.07784258477e-08, 1.31355264443e-07, 8.70425367339e-08, 4.83439563936e-08, 1.93521749736e-08, 1.78064833989e-08, 1.59812891809e-08, 2.6480355686e-09, 1.79244636911e-08, 2.59810351011e-09, 3.37143957196e-09, 1.43610634495e-09, 6.96134150324e-10, 6.70369204592e-10, 3.52306128715e-10, 3.32838895334e-10, 5.44894851462e-10, 6.20213824742e-10, 4.92080654002e-10, 2.0141664725e-10, 3.38038347314e-10, 2.01225106022e-10, 1.09537596008e-11, 1.49145158029e-11, 8.92181380857e-12, 4.48459889016e-12, 5.12976488544e-13, 1.50474617033e-13, 1.63383737962e-13, 8.87119628516e-14, 1.04565953064e-13, 7.89508432589e-14, 2.14600066233e-14, 5.07346985604e-15],
        "max": [0.000892288051546, 0.00244003138505, 0.00162833847571, 0.00192051520571, 0.000885644170921, 0.000959317432716, 0.00116063386668, 0.00172417552676, 0.0041204309091, 0.00266375951469, 0.00110260315705, 0.00113808980677, 0.00103427679278, 0.000440309027908, 0.00125336030032, 0.000471185456263, 0.000614320160821, 0.000384792452678, 0.000180534465471, 0.000336284545483, 0.000136753398692, 0.000146682417835, 0.000218932967982, 0.000253251666436, 0.000168722210219, 0.000124846119434, 0.00013807041978, 0.000113367241283, 2.88987230306e-05, 5.71902164666e-05, 3.27941743308e-05, 2.29162560572e-05, 5.91167508901e-06, 4.24952031608e-06, 4.49488106824e-06, 2.15954696614e-06, 2.28053909268e-06, 2.16175908463e-06, 8.15545092792e-07, 6.03326554938e-07],
        "mean": [7.57846792112e-05, 0.000287506758468, 0.00030746406992, 0.000163118937053, 8.96438941709e-05, 0.000161130345077, 0.000156404887093, 0.000118767529784, 0.000189387181308, 9.67837186181e-05, 7.42572519812e-05, 3.35108816216e-05, 2.57085393969e-05, 1.85412263818e-05, 3.06984002236e-05, 1.7260608729e-05, 1.83984757314e-05, 1.50204623424e-05, 1.06488996607e-05, 9.29181805986e-06, 8.84129076439e-06, 8.9960585683e-06, 1.40287202157e-05, 1.55382240337e-05, 9.94187848846e-06, 8.27759322419e-06, 6.80644370732e-06, 3.91729690818e-06, 2.10429948311e-06, 1.78478785529e-06, 1.42675980896e-06, 8.96021674635e-07, 4.57400830101e-07, 3.63588554819e-07, 3.56427818815e-07, 2.95114347182e-07, 2.67211618166e-07, 1.94634623085e-07, 1.02284950287e-07, 5.52151355748e-08],
        "median": [4.49609360658e-05, 0.000169731414644, 0.000205743854167, 8.6725471192e-05, 5.75540470891e-05, 0.000108536311018, 8.57270788401e-05, 3.85576531698e-05, 8.42359877424e-05, 3.95396309614e-05, 3.57637509296e-05, 9.28349345486e-06, 5.9003127717e-06, 6.31717648503e-06, 1.19209089462e-05, 5.44258273294e-06, 4.56221096101e-06, 3.75430749955e-06, 3.16906925946e-06, 2.06864956454e-06, 2.31672856899e-06, 2.31936746786e-06, 1.86120246326e-06, 1.5812311176e-06, 2.20578726839e-06, 2.36274127019e-06, 9.67424170994e-07, 1.08238202756e-06, 1.10508904072e-06, 6.85945451551e-07, 4.05922804703e-07, 3.61000559224e-07, 2.30084523878e-07, 2.10233835674e-07, 1.96165700572e-07, 1.66869369878e-07, 1.70541795796e-07, 1.19145326494e-07, 5.81010013434e-08, 3.54579157147e-08],
        "min": [2.74683361567e-06, 1.13856358439e-05, 2.4987764391e-06, 3.70832322005e-06, 1.51783467572e-06, 6.07000060882e-07, 8.44556268476e-07, 2.61131702928e-07, 1.07221673318e-07, 1.22044596651e-07, 1.12533207641e-07, 3.31964820077e-08, 6.44455155907e-08, 1.25522561234e-07, 4.23666257632e-08, 3.88172836097e-08, 3.14766346321e-08, 2.12944115674e-08, 2.19034586024e-08, 3.23051629891e-08, 5.27566257347e-08, 5.74145815335e-08, 6.18276487785e-08, 5.37757074426e-08, 5.09541209226e-08, 3.1493176067e-08, 9.56048573642e-09, 1.1413535006e-08, 2.74498770381e-08, 1.26331762829e-08, 1.38195002108e-08, 1.11886464538e-08, 8.68609717486e-09, 5.10581266155e-09, 3.42330430669e-09, 6.50288001225e-09, 6.16470030579e-09, 4.83637840887e-09, 3.43713058015e-09, 3.41305759696e-12],
        "var": [1.04644080068e-08, 1.16467681721e-07, 8.46715266789e-08, 5.41805640353e-08, 9.76140146491e-09, 2.48569698158e-08, 3.09742702598e-08, 4.32667306427e-08, 1.64351632748e-07, 5.21578442658e-08, 1.39612543748e-08, 9.99536098334e-09, 7.49888595664e-09, 1.80552173212e-09, 6.81340095454e-09, 1.8317160011e-09, 2.6473625514e-09, 1.26189814154e-09, 4.14496992285e-10, 5.93338156385e-10, 3.26133314799e-10, 2.94623658803e-10, 8.32373558968e-10, 1.18306564545e-09, 4.27041457751e-10, 2.43847941839e-10, 2.76425077272e-10, 1.03857117351e-10, 9.79220437375e-12, 1.61394925202e-11, 9.53886275523e-12, 2.56944400652e-12, 4.83645621382e-13, 2.20798856629e-13, 2.43184216254e-13, 1.05639807882e-13, 6.99868155508e-14, 4.40998284982e-14, 1.32495112836e-14, 3.83766233852e-15]
    },
    "mfcc": {
        "dmean": [27.649728775, 10.1254453659, 11.8906593323, 7.86067008972, 8.36277484894, 6.80297136307, 7.43257570267, 6.5810213089, 6.07850217819, 6.01784229279, 5.90150547028, 5.57737493515, 5.9639878273],
        "dmean2": [39.1029472351, 15.3309688568, 17.2679901123, 11.9258890152, 12.3911342621, 10.1620597839, 11.2589988708, 10.3143634796, 9.40826892853, 9.21759605408, 9.23826026917, 8.61930179596, 9.47203922272],
        "dvar": [629.132629395, 72.0227279663, 94.6559143066, 40.5873832703, 47.175983429, 30.4930438995, 36.2630004883, 29.1907062531, 19.2093048096, 25.3595352173, 19.8019065857, 18.4173526764, 23.4165420532],
        "dvar2": [1104.17468262, 160.677200317, 173.6953125, 81.8985366821, 98.8911361694, 63.038898468, 69.9872283936, 70.6273498535, 50.123550415, 58.1409645081, 49.6406936646, 44.0742454529, 51.7150268555],
        "max": [-576.098693848, 177.408966064, 49.0423660278, 74.4602584839, 35.6700439453, 26.9599475861, 39.3539886475, 28.5965862274, 16.3453292847, 33.6651496887, 30.5025844574, 24.2285881042, 18.1951637268],
        "mean": [-685.824768066, 120.944091797, -2.41464233398, 25.4047527313, -7.80816936493, -4.62221956253, -3.89340090752, 0.0291790142655, -5.65300178528, 6.43553876877, 0.972690820694, 2.77957463264, -8.0225687027],
        "median": [-692.305725098, 123.477020264, -0.642501831055, 23.4855270386, -8.74444484711, -4.50032806396, -5.21887016296, -0.315369606018, -5.23020076752, 7.00867843628, 0.46849822998, 2.9529209137, -6.85524940491],
        "min": [-911.875854492, 55.1121788025, -67.1188430786, -21.3604812622, -44.7009506226, -36.3798179626, -33.9969215393, -26.7639503479, -36.9394836426, -32.239654541, -22.0506134033, -21.7994384766, -41.927986145],
        "var": [1836.45275879, 429.790283203, 447.237213135, 204.406951904, 174.948623657, 115.136054993, 146.492248535, 80.7212371826, 72.3086929321, 87.8943862915, 65.4978637695, 58.4993057251, 84.8423919678],
        "cov": [[1839.2911377, -433.003723145, -620.409362793, 81.7961654663, 65.9467697144, -129.963058472, -16.5860157013, 73.0022125244, -28.3732757568, -57.115447998, -2.10820627213, -20.2096557617, -60.4319992065], [-433.003723145, 430.454559326, 168.943878174, -156.60168457, -90.4278793335, 46.6507453918, -10.2238006592, -66.2952041626, 22.936668396, 39.6562385559, 13.8184423447, 37.8843688965, 41.283115387], [-620.409362793, 168.943878174, 447.928466797, 7.03623008728, 13.5915603638, 57.9768943787, 1.13108098507, -10.7546186447, 13.1599311829, 11.5529499054, -8.9621181488, -8.75521087646, 29.2365722656], [81.7961654663, -156.60168457, 7.03623008728, 204.722885132, 108.988494873, -47.4420661926, -31.4185390472, 32.2821655273, -8.9559879303, -21.7500076294, -9.78054618835, -19.5057182312, -5.17807197571], [65.9467697144, -90.4278793335, 13.5915603638, 108.988494873, 175.219024658, -12.5635881424, -36.579410553, 27.1075630188, -8.13901996613, -16.4148979187, -18.4683551788, -16.1266021729, 1.02107381821], [-129.963058472, 46.6507453918, 57.9768943787, -47.4420661926, -12.5635881424, 115.31401062, 71.0153503418, 1.31372213364, -3.59057617188, -17.1525154114, -6.90044212341, 0.331664383411, -19.7545871735], [-16.5860157013, -10.2238006592, 1.13108098507, -31.4185390472, -36.579410553, 71.0153503418, 146.718658447, 38.6512908936, -24.4540786743, -23.4378795624, -10.7135286331, 3.37852239609, -17.1079101562], [73.0022125244, -66.2952041626, -10.7546186447, 32.2821655273, 27.1075630188, 1.31372213364, 38.6512908936, 80.8460006714, 2.71666097641, -27.8577804565, -7.51548242569, -6.86838006973, -5.18066835403], [-28.3732757568, 22.936668396, 13.1599311829, -8.9559879303, -8.13901996613, -3.59057617188, -24.4540786743, 2.71666097641, 72.4204559326, 32.8770980835, 4.6493434906, -0.702981412411, 3.26340699196], [-57.115447998, 39.6562385559, 11.5529499054, -21.7500076294, -16.4148979187, -17.1525154114, -23.4378795624, -27.8577804565, 32.8770980835, 88.0302352905, 25.3061313629, 1.39944505692, 11.9492530823], [-2.10820627213, 13.8184423447, -8.9621181488, -9.78054618835, -18.4683551788, -6.90044212341, -10.7135286331, -7.51548242569, 4.6493434906, 25.3061313629, 65.5990905762, 20.0676021576, -6.97979545593], [-20.2096557617, 37.8843688965, -8.75521087646, -19.5057182312, -16.1266021729, 0.331664383411, 3.37852239609, -6.86838006973, -0.702981412411, 1.39944505692, 20.0676021576, 58.5897216797, 27.5815029144], [-60.4319992065, 41.283115387, 29.2365722656, -5.17807197571, 1.02107381821, -19.7545871735, -17.1079101562, -5.18066835403, 3.26340699196, 11.9492530823, -6.97979545593, 27.5815029144, 84.973526001]],
        "icov": [[0.00120671035256, 0.000542251160368, 0.00136435322929, 0.000331124843797, -0.000362141581718, 0.000664169725496, -4.81377064716e-05, -0.000283310917439, -0.000125556107378, 0.000464214914246, -0.0001335372217, 0.000214929881622, 0.00013610284077], [0.000542251160368, 0.00503343436867, -0.0011298264144, 0.0031987989787, 0.000165011748322, 1.12800316856e-05, 0.000532469130121, 0.00178941851482, -0.00069698120933, 0.000136257323902, 3.97608346248e-05, -0.00163439381868, -0.000717795221135], [0.00136435322929, -0.0011298264144, 0.00486782565713, -0.00140600663144, -0.000306808331516, -0.00155992037617, 0.000465989316581, -0.000948122062255, -4.1331997636e-05, 0.000110222950752, -0.000305473513436, 0.00192675890867, -0.00122867617756], [0.000331124843797, 0.0031987989787, -0.00140600663144, 0.0109369270504, -0.00499281240627, 0.00448116054758, -0.000746803707443, 0.000417111587012, -0.000766003853641, 0.00206072465517, -0.00102169660386, 0.00028592403396, 0.000371380971046], [-0.000362141581718, 0.000165011748322, -0.000306808331516, -0.00499281240627, 0.010641861707, -0.00445095356554, 0.00513074593619, -0.00419088825583, 0.00293605588377, -0.00219493848272, 0.00280454335734, -0.000486615404952, -0.000337344361469], [0.000664169725496, 1.12800316856e-05, -0.00155992037617, 0.00448116054758, -0.00445095356554, 0.0190323051065, -0.010396447964, 0.00564285507426, -0.00464497087523, 0.00526095926762, -0.00119799317326, 7.3880146374e-05, 0.00332184298895], [-4.81377064716e-05, 0.000532469130121, 0.000465989316581, -0.000746803707443, 0.00513074593619, -0.010396447964, 0.0167743824422, -0.0103154368699, 0.00742069678381, -0.00447127223015, 0.00405906047672, -0.00312885362655, 0.00146371347364], [-0.000283310917439, 0.00178941851482, -0.000948122062255, 0.000417111587012, -0.00419088825583, 0.00564285507426, -0.0103154368699, 0.0230700150132, -0.008560359478, 0.00869845412672, -0.00396377732977, 0.00293979584239, -0.00220156298019], [-0.000125556107378, -0.00069698120933, -4.1331997636e-05, -0.000766003853641, 0.00293605588377, -0.00464497087523, 0.00742069678381, -0.008560359478, 0.0211221557111, -0.0102361002937, 0.00385696277954, -0.00206988514401, 0.00169075804297], [0.000464214914246, 0.000136257323902, 0.000110222950752, 0.00206072465517, -0.00219493848272, 0.00526095926762, -0.00447127223015, 0.00869845412672, -0.0102361002937, 0.0211663469672, -0.00912393908948, 0.00578871788457, -0.00398061564192], [-0.0001335372217, 3.97608346248e-05, -0.000305473513436, -0.00102169660386, 0.00280454335734, -0.00119799317326, 0.00405906047672, -0.00396377732977, 0.00385696277954, -0.00912393908948, 0.023379387334, -0.0113901449367, 0.00694433692843], [0.000214929881622, -0.00163439381868, 0.00192675890867, 0.00028592403396, -0.000486615404952, 7.3880146374e-05, -0.00312885362655, 0.00293979584239, -0.00206988514401, 0.00578871788457, -0.0113901449367, 0.0278050992638, -0.0108216619119], [0.00013610284077, -0.000717795221135, -0.00122867617756, 0.000371380971046, -0.000337344361469, 0.00332184298895, 0.00146371347364, -0.00220156298019, 0.00169075804297, -0.00398061564192, 0.00694433692843, -0.0108216619119, 0.0181738976389]]
    }
}

}