{
"metadata": {
    "version": {
        "essentia": "2.0.1",
        "extractor": "archive-music 1.0 mod ismir14"
    },
    "audio_properties": {
        "analysis_sample_rate": 44100,
        "bitrate": 32,
        "channels": 2,
        "equal_loudness": 0,
        "length": 30.0408172607,
        "replay_gain": -13.3254871368,
        "downmix": "mix"
    },
    "tags": {
        "track": 0,
        "year": 0,
        "album": "",
        "artist": "",
        "comment": "",
        "genre": "",
        "title": ""
    }
},
"rhythm": {
    "bpm": 90.2956161499,
    "bpm_histogram_first_peak": 91,
    "bpm_histogram_first_peak_spread": 0.341463446617,
    "bpm_histogram_first_peak_weight": 0.62790697813,
    "bpm_histogram_second_peak": 85,
    "bpm_histogram_second_peak_spread": 0,
    "bpm_histogram_second_peak_weight": 0.0465116277337
},
"tonal": {
    "tuning_frequency": {
        "dmean": 0.173062309623,
        "dmean2": 0.32487770915,
        "dvar": 2.35558199883,
        "dvar2": 6.21922636032,
        "max": 456.570251465,
        "mean": 446.687683105,
        "median": 444.341888428,
        "min": 432.940917969,
        "var": 17.0360145569
    },
    "hpcp": {
        "dmean": [0.227355480194, 0.144734025002, 0.11405390501, 0.126262426376, 0.232995793223, 0.317178726196, 0.187767937779, 0.198618635535, 0.1485594064, 0.0862901359797, 0.0879412293434, 0.103797979653],
        "dmean2": [0.384946167469, 0.273177087307, 0.196264281869, 0.229967102408, 0.410165995359, 0.5773884058, 0.35585218668, 0.343450993299, 0.271125674248, 0.15686711669, 0.152042642236, 0.177303284407],
        "dvar": [0.0810762420297, 0.0633748322725, 0.0313116386533, 0.050926104188, 0.0816230773926, 0.111755229533, 0.0932629033923, 0.0691543146968, 0.0625774487853, 0.029101409018, 0.0249550975859, 0.0305657368153],
        "dvar2": [0.178866505623, 0.176376447082, 0.0792672783136, 0.12602956593, 0.214412838221, 0.267538845539, 0.257363438606, 0.158354029059, 0.179922327399, 0.0810266658664, 0.0587252229452, 0.0761531665921],
        "max": [1, 1, 1, 1, 1, 1, 1, 1, 1, 1, 1, 1],
        "mean": [0.435233175755, 0.0995262637734, 0.134712100029, 0.125732064247, 0.221304357052, 0.453228741884, 0.137695506215, 0.26551964879, 0.128997921944, 0.0777511000633, 0.095511816442, 0.102637536824],
        "median": [0.213481351733, 0.0193450972438, 0.0466725714505, 0.0266770347953, 0.0699399039149, 0.296632170677, 0.0233196094632, 0.10533772409, 0.0317130200565, 0.0248910784721, 0.0293025635183, 0.0354291051626],
        "min": [0.00195595645346, 0.000457540736534, 0.000951277033892, 0.000426361541031, 0.00139736221172, 0.00130691612139, 0.000356937554898, 0.00147541728802, 0.000518598419148, 0.000384350278182, 0.000556957849767, 0.00116364029236],
        "var": [0.167560964823, 0.0431061126292, 0.0456391386688, 0.0610755458474, 0.091205842793, 0.166086107492, 0.0746047347784, 0.107385896146, 0.057808406651, 0.0240370221436, 0.0310184899718, 0.0311748385429]
    }
},
"lowlevel": {
    "melbands": {
        "dmean": [0.000232341233641, 0.00048270606203, 0.000173975597136, 0.000118262672913, 8.53473757161e-05, 6.0696478613e-05, 7.99697736511e-05, 0.000119087773783, 0.000191359242308, 0.000145857280586, 5.52413985133e-05, 6.79553704686e-05, 6.44296742394e-05, 3.4125525417e-05, 5.49808173673e-05, 6.37957200524e-05, 1.38962659548e-05, 1.00109391497e-05, 5.39565280633e-06, 6.52945163893e-06, 1.00400520751e-05, 7.47902777221e-06, 1.40809124787e-05, 1.21005214169e-05, 6.769590982e-06, 6.84427141096e-06, 6.43348494123e-06, 3.91788717025e-06, 1.68586780092e-06, 1.5575208181e-06, 7.72962721385e-07, 3.50972953811e-07, 1.96309613898e-07, 1.74966061195e-07, 1.67368170878e-07, 1.55060860152e-07, 1.29076340727e-07, 1.74340300418e-07, 1.6661103075e-07, 1.3856858061e-07],
        "dmean2": [0.000380779238185, 0.000711030268576, 0.000270997872576, 0.000188649079064, 0.000138613788295, 9.24969135667e-05, 0.000123064164654, 0.000185174620128, 0.000310861854814, 0.000238695429289, 8.89148504939e-05, 0.000105295352114, 9.6771713288e-05, 5.84198751312e-05, 9.294301708e-05, 0.000105057260953, 2.10493562918e-05, 1.61944572028e-05, 8.61291482579e-06, 1.0214734175e-05, 1.58839829965e-05, 1.18421457955e-05, 2.30348578043e-05, 1.94245913008e-05, 1.08617414298e-05, 1.05878043541e-05, 1.03424990812e-05, 6.26582368568e-06, 2.63952483692e-06, 2.49350114245e-06, 1.24156599668e-06, 5.62860918762e-07, 3.1125790656e-07, 2.78839195289e-07, 2.63938602529e-07, 2.48022672622e-07, 2.00726816502e-07, 2.69780628059e-07, 2.57847204921e-07, 2.20395222073e-07],
        "dvar": [5.81102774788e-08, 2.18208441538e-07, 3.30515703695e-08, 2.79362506461e-08, 2.12119015686e-08, 6.8883534432e-09, 1.69102243319e-08, 4.5621369793e-08, 1.41033197565e-07, 1.67487485214e-07, 7.4157512131e-08, 3.33843352962e-08, 2.77676921456e-08, 7.65502150557e-09, 1.72467178317e-08, 3.32873426601e-08, 2.41850295346e-09, 6.80806244713e-10, 6.70833805172e-11, 6.55709167519e-11, 2.21204277118e-10, 1.23122206874e-10, 5.2325072053e-10, 3.76756237319e-10, 1.05864199351e-10, 1.08406263133e-10, 1.29472613186e-10, 4.27140406378e-11, 7.54137030601e-12, 7.77974906718e-12, 1.40531596776e-12, 2.74759273493e-13, 6.6019008294e-14, 5.0172824337e-14, 5.08172097338e-14, 3.56495906471e-14, 2.96378149616e-14, 5.0017004156e-14, 6.29368315818e-14, 3.57883312558e-14],
        "dvar2": [1.57846073989e-07, 4.83328449263e-07, 6.82481768877e-08, 7.06291274355e-08, 5.29234576163e-08, 1.47227803282e-08, 3.4508751412e-08, 1.09100149359e-07, 3.44485357573e-07, 3.83972832196e-07, 1.54408454023e-07, 7.92210954614e-08, 5.86051562834e-08, 2.0809375556e-08, 4.49785488854e-08, 8.00868562578e-08, 3.93750587691e-09, 1.55512103195e-09, 1.54894888582e-10, 1.58265497929e-10, 5.33889599197e-10, 3.08897157852e-10, 1.32619137894e-09, 9.31107801971e-10, 2.57914828383e-10, 2.57657062352e-10, 3.34263311474e-10, 1.10206545278e-10, 1.70180813885e-11, 1.91009100897e-11, 3.56750848481e-12, 7.22347637434e-13, 1.53387637878e-13, 1.13875448242e-13, 1.2663794438e-13, 8.30415787132e-14, 6.77300351763e-14, 1.06180458848e-13, 1.52723347207e-13, 7.67405954863e-14],
        "max": [0.00212799664587, 0.0045439065434, 0.0024786433205, 0.00183371582534, 0.00131956278346, 0.00113441189751, 0.00220190850087, 0.00175781699363, 0.00444357935339, 0.00473661813885, 0.00576714985073, 0.00203278032131, 0.00241331406869, 0.000713557121344, 0.00135916017462, 0.00226152781397, 0.00109262519982, 0.000371723144781, 9.33866176638e-05, 5.76771999476e-05, 0.000139567520819, 8.33560188767e-05, 0.000183907293831, 0.000124386686366, 7.75870066718e-05, 0.0001174520512, 9.88489700831e-05, 6.77678981447e-05, 2.44341645157e-05, 2.99229941447e-05, 1.00010902315e-05, 7.2674661169e-06, 2.1451610337e-06, 1.85574378975e-06, 2.04067919185e-06, 1.53920439061e-06, 2.06725917451e-06, 2.38481811721e-06, 3.27551674673e-06, 1.87258024198e-06],
        "mean": [0.000409991742345, 0.00106090761255, 0.000347586523276, 0.000163222546689, 0.000109069776954, 8.93296892173e-05, 0.000117627481814, 0.000143383425893, 0.000236900435993, 0.000149978033733, 5.63074172533e-05, 7.06294376869e-05, 8.2156569988e-05, 3.49984729837e-05, 5.86359601584e-05, 6.3557010435e-05, 1.52396351041e-05, 1.1107793398e-05, 6.75059027344e-06, 8.20626974019e-06, 1.20475669974e-05, 8.8201077233e-06, 1.48891931531e-05, 1.16918736239e-05, 7.46656178308e-06, 8.27788153401e-06, 6.7459704951e-06, 4.05236960432e-06, 2.01449620363e-06, 1.61110131103e-06, 8.74888655744e-07, 4.68290551225e-07, 2.89245463136e-07, 2.56835875234e-07, 2.43608241135e-07, 2.43249218101e-07, 1.87787705386e-07, 2.75562683782e-07, 2.53350009416e-07, 2.05952602528e-07],
        "median": [0.000344638770912, 0.000811803620309, 0.000286873080768, 0.000105390019598, 5.02873808728e-05, 4.52947642771e-05, 4.85585769638e-05, 5.00910246046e-05, 7.87167518865e-05, 2.28086137213e-05, 1.31517035697e-05, 1.97264253075e-05, 1.31845972646e-05, 1.22649844343e-05, 1.76101730176e-05, 1.33801040647e-05, 4.42369992015e-06, 3.85731254937e-06, 3.372221272e-06, 3.93421396438e-06, 4.2727770051e-06, 3.22401911035e-06, 4.68625103167e-06, 3.24513757732e-06, 2.91764536087e-06, 3.60601006832e-06, 2.00886370294e-06, 1.18582875075e-06, 8.30634121485e-07, 6.10925440014e-07, 4.14033991092e-07, 2.81144309611e-07, 1.99418778379e-07, 1.6214434595e-07, 1.68752507079e-07, 1.83410975296e-07, 1.15287903668e-07, 1.71955775841e-07, 1.65683346154e-07, 1.36123958328e-07],
        "min": [5.25978657606e-06, 1.5308136426e-05, 7.65976437833e-06, 1.20737888665e-06, 6.80430218836e-08, 1.79421462576e-07, 1.75260879587e-06, 1.02750050246e-06, 5.37146945589e-07, 2.99075651355e-07, 1.75161432026e-07, 1.58797305971e-07, 1.63410888376e-07, 9.42075999433e-08, 6.86005648731e-07, 2.00046898158e-07, 1.92470892557e-07, 1.1627255958e-07, 1.90676232137e-07, 1.84050790608e-07, 3.1923028132e-07, 2.00627340519e-07, 2.79942270254e-07, 2.72698457593e-07, 2.19118959421e-07, 1.25009307794e-07, 1.45611238622e-07, 9.34899091476e-08, 3.42942207965e-08, 2.0336049289e-08, 2.68465587538e-08, 5.39307309921e-09, 4.90638862871e-09, 5.12159115118e-09, 3.48549367146e-09, 1.05169539744e-10, 6.04889527356e-10, 2.26233587419e-09, 1.41260858566e-09, 2.40210819985e-11],
        "var": [1.09098131418e-07, 7.03415707903e-07, 8.47290309025e-08, 3.52566260631e-08, 2.72824660641e-08, 1.50779406738e-08, 3.93502439522e-08, 6.0006847491e-08, 1.74813948206e-07, 2.15965968664e-07, 8.50426928878e-08, 3.36127250478e-08, 4.54322766075e-08, 6.3042957521e-09, 1.66450533357e-08, 3.37860051047e-08, 3.56754448205e-09, 7.96834487282e-10, 8.32546670493e-11, 8.69163907513e-11, 2.98857161241e-10, 1.56798740658e-10, 5.38913025316e-10, 3.64155899879e-10, 1.09260836489e-10, 1.38006869821e-10, 1.26255311761e-10, 4.31465488338e-11, 8.4766664174e-12, 7.31181174635e-12, 1.41573829483e-12, 2.99931385067e-13, 8.81198800452e-14, 6.98924831856e-14, 5.699960496e-14, 4.72505538927e-14, 4.11545390865e-14, 8.53403244881e-14, 8.22061535055e-14, 5.29990344688e-14]
    },
    "mfcc": {
        "dmean": [31.7777118683, 10.0974779129, 14.0522546768, 10.2596912384, 8.30855178833, 8.57942295074, 7.54371356964, 6.27158403397, 6.09014511108, 6.25571250916, 6.15754461288, 6.02780866623, 5.85875511169],
        "dmean2": [42.0108985901, 15.5056838989, 20.8128185272, 15.5755357742, 12.43633461, 12.4076948166, 11.3307647705, 9.40775299072, 9.58294773102, 9.9829492569, 9.78811073303, 9.85398387909, 9.50401687622],
        "dvar": [755.991149902, 70.8729248047, 163.741729736, 75.556350708, 48.3411369324, 50.2539978027, 33.9041748047, 24.2660770416, 21.0770225525, 25.861410141, 24.3689136505, 22.9256381989, 20.760269165],
        "dvar2": [1558.76074219, 155.801864624, 300.059570312, 154.672714233, 89.8218688965, 102.499603271, 71.3740539551, 50.3805007935, 52.9018058777, 64.390625, 57.1676101685, 54.1993522644, 54.5908432007],
        "max": [-574.53918457, 176.310165405, 56.3521728516, 70.9875183105, 43.2502288818, 30.5548706055, 57.4805984497, 39.3977584839, 21.4105815887, 33.5782928467, 27.6536579132, 33.1508483887, 21.2873744965],
        "mean": [-674.464782715, 124.733398438, -3.11111044884, 25.2298984528, 6.76887321472, -3.8458173275, 14.006485939, 6.50266122818, 1.11614179611, 3.6776778698, 5.36656427383, 7.60418462753, 1.82840514183],
        "median": [-675.951538086, 125.638084412, -1.22898387909, 24.2925453186, 6.66176700592, -3.02960205078, 13.6886758804, 7.2390203476, 1.57185077667, 2.66851902008, 5.12515163422, 7.74195671082, 1.81058311462],
        "min": [-877.219421387, 79.6528930664, -58.3758850098, -29.2420902252, -31.3050079346, -45.3891525269, -21.4557743073, -22.1504592896, -28.6240901947, -31.1596565247, -17.1563682556, -12.3906173706, -23.5693798065],
        "var": [1795.65783691, 217.711853027, 457.122680664, 269.601257324, 181.686782837, 175.005828857, 136.531951904, 92.1807479858, 58.7721786499, 77.8495941162, 63.2607536316, 58.1084594727, 50.0390129089],
        "cov": [[1798.43310547, -15.6197748184, -588.361877441, 57.1660499573, -264.026092529, -197.574966431, -133.551589966, -79.1876068115, -58.2067604065, -36.4017944336, -83.8200302124, -19.9622364044, -69.5217819214], [-15.6197748184, 218.048355103, -26.9849491119, -90.3055419922, -62.7720184326, -1.95582413673, 12.3100605011, 0.481313705444, -15.8701715469, 12.0009212494, 46.4499511719, 3.74723601341, -0.176723539829], [-588.361877441, -26.9849491119, 457.829223633, -77.5507507324, 176.40574646, 42.7643814087, 32.2449150085, 6.47308635712, 29.5907249451, 18.1493034363, 7.72427511215, -11.9211416245, 20.4994602203], [57.1660499573, -90.3055419922, -77.5507507324, 270.017944336, 9.89523220062, -0.26879131794, -69.9112091064, -8.24316310883, 37.0225715637, 18.8929691315, -38.2880401611, -7.21982336044, 18.2400569916], [-264.026092529, -62.7720184326, 176.40574646, 9.89523220062, 181.967590332, 3.36946201324, 30.7213096619, -23.2030963898, 28.0830059052, 24.6400089264, -7.95028448105, 6.07214593887, 3.68384242058], [-197.574966431, -1.95582413673, 42.7643814087, -0.26879131794, 3.36946201324, 175.276306152, 64.9056549072, 40.2302436829, -17.5110569, -3.1131310463, 38.8973007202, -2.66379761696, -9.45601654053], [-133.551589966, 12.3100605011, 32.2449150085, -69.9112091064, 30.7213096619, 64.9056549072, 136.742965698, 42.0718688965, -1.05858445168, -20.7602005005, 29.5654125214, 18.1265888214, -6.62359476089], [-79.1876068115, 0.481313705444, 6.47308635712, -8.24316310883, -23.2030963898, 40.2302436829, 42.0718688965, 92.3232192993, 9.74639511108, -12.558265686, 10.4347496033, 12.8735752106, 9.6859292984], [-58.2067604065, -15.8701715469, 29.5907249451, 37.0225715637, 28.0830059052, -17.5110569, -1.05858445168, 9.74639511108, 58.8630142212, 25.4932613373, 0.133317425847, 2.62025785446, 11.822678566], [-36.4017944336, 12.0009212494, 18.1493034363, 18.8929691315, 24.6400089264, -3.1131310463, -20.7602005005, -12.558265686, 25.4932613373, 77.9699249268, 13.4232683182, 1.66739726067, -1.47323536873], [-83.8200302124, 46.4499511719, 7.72427511215, -38.2880401611, -7.95028448105, 38.8973007202, 29.5654125214, 10.4347496033, 0.133317425847, 13.4232683182, 63.3585281372, 14.0960063934, 0.701167345047], [-19.9622364044, 3.74723601341, -11.9211416245, -7.21982336044, 6.07214593887, -2.66379761696, 18.1265888214, 12.8735752106, 2.62025785446, 1.66739726067, 14.0960063934, 58.1982727051, 13.7508649826], [-69.5217819214, -0.176723539829, 20.4994602203, 18.2400569916, 3.68384242058, -9.45601654053, -6.62359476089, 9.6859292984, 11.822678566, -1.47323536873, 0.701167345047, 13.7508649826, 50.1163520813]],
        "icov": [[0.00130187161267, 0.000447347818408, 0.00125559221487, 0.000295717356494, 0.000835428596474, 0.0008424683474, 0.000187865720363, 0.000566795293707, 0.000157701739226, -8.71262891451e-05, 0.000831554993056, 2.05762057703e-06, 0.00114720396232], [0.000447347818408, 0.00722151249647, 0.000110760440293, 0.00161071191542, 0.00308180670254, 0.00142564647831, -0.000681905716192, 0.000960346893407, 0.00107635674067, -0.00198731315322, -0.00381109304726, 0.000747542304453, -0.000682894664351], [0.00125559221487, 0.000110760440293, 0.00621330365539, 0.00286448816769, -0.0047054910101, -0.00120787275955, 0.00269359489903, -0.000959153985605, -0.00171015679371, 0.000745724188164, 0.00102558685467, 0.00197824952193, -0.00131429161411], [0.000295717356494, 0.00161071191542, 0.00286448816769, 0.00748658599332, -0.00197679107077, -0.00323625910096, 0.00447748461738, 8.10835990706e-06, -0.00499619543552, 0.000170279163285, 0.00298665254377, 0.000208240860957, -0.00227096653543], [0.000835428596474, 0.00308180670254, -0.0047054910101, -0.00197679107077, 0.0150278555229, 0.00217153923586, -0.00618811137974, 0.00604732893407, -0.00101905374322, -0.00377196678892, 0.0020762803033, -0.00282309227623, 0.00200751493685], [0.0008424683474, 0.00142564647831, -0.00120787275955, -0.00323625910096, 0.00217153923586, 0.0115200765431, -0.00501245679334, -0.00261164270341, 0.00686275213957, -0.00196811440401, -0.00597630394623, 0.00261801108718, 0.00239038001746], [0.000187865720363, -0.000681905716192, 0.00269359489903, 0.00447748461738, -0.00618811137974, -0.00501245679334, 0.0160871464759, -0.00476931966841, -0.00433127628639, 0.00559454364702, -0.00198921957053, -0.00226048240438, 0.00191812345292], [0.000566795293707, 0.000960346893407, -0.000959153985605, 8.10835990706e-06, 0.00604732893407, -0.00261164270341, -0.00476931966841, 0.0172845870256, -0.00539046619087, 0.00122723530512, 0.00237693823874, -0.00314325769432, -0.00159225997049], [0.000157701739226, 0.00107635674067, -0.00171015679371, -0.00499619543552, -0.00101905374322, 0.00686275213957, -0.00433127628639, -0.00539046619087, 0.0292050614953, -0.00896798539907, -0.00351205584593, 0.00252968468703, -0.00321857701056], [-8.71262891451e-05, -0.00198731315322, 0.000745724188164, 0.000170279163285, -0.00377196678892, -0.00196811440401, 0.00559454364702, 0.00122723530512, -0.00896798539907, 0.0194829143584, -0.00460238615051, -0.00118496280629, 0.00299108959734], [0.000831554993056, -0.00381109304726, 0.00102558685467, 0.00298665254377, 0.0020762803033, -0.00597630394623, -0.00198921957053, 0.00237693823874, -0.00351205584593, -0.00460238615051, 0.0280739217997, -0.00567399710417, -0.000511669612024], [2.05762057703e-06, 0.000747542304453, 0.00197824952193, 0.000208240860957, -0.00282309227623, 0.00261801108718, -0.00226048240438, -0.00314325769432, 0.00252968468703, -0.00118496280629, -0.00567399710417, 0.022214030847, -0.00651652924716], [0.00114720396232, -0.000682894664351, -0.00131429161411, -0.00227096653543, 0.00200751493685, 0.00239038001746, 0.00191812345292, -0.00159225997049, -0.00321857701056, 0.00299108959734, -0.000511669612024, -0.00651652924716, 0.0264137499034]]
    }
}

}