{
"metadata": {
    "version": {
        "essentia": "2.0.1",
        "extractor": "archive-music 1.0 mod ismir14"
    },
    "audio_properties": {
        "analysis_sample_rate": 44100,
        "bitrate": 32,
        "channels": 2,
        "equal_loudness": 0,
        "length": 30.0408172607,
        "replay_gain": -8.37746620178,
        "downmix": "mix"
    },
    "tags": {
        "track": 7,
        "year": 0,
        "album": "The Cool Jazz Collection",
        "artist": "Astrud Gilberto",
        "comment": "",
        "genre": "Jazz",
        "title": "Girl From Ipanema"
    }
},
"rhythm": {
    "bpm": 130.358261108,
    "bpm_histogram_first_peak": 129,
    "bpm_histogram_first_peak_spread": 0.55172419548,
    "bpm_histogram_first_peak_weight": 0.412698417902,
    "bpm_histogram_second_peak": 123,
    "bpm_histogram_second_peak_spread": 0,
    "bpm_histogram_second_peak_weight": 0.047619048506
},
"tonal": {
    "tuning_frequency": {
        "dmean": 0.0762407630682,
        "dmean2": 0.137103453279,
        "dvar": 1.15577065945,
        "dvar2": 2.40632867813,
        "max": 455.253540039,
        "mean": 435.478210449,
        "median": 434.193115234,
        "min": 431.692352295,
        "var": 17.8030223846
    },
    "hpcp": {
        "dmean": [0.114607207477, 0.119445092976, 0.148957967758, 0.179710745811, 0.162318214774, 0.121760256588, 0.142712756991, 0.156724348664, 0.226185768843, 0.137712731957, 0.131703153253, 0.116513684392],
        "dmean2": [0.222908392549, 0.228554442525, 0.287281811237, 0.341793864965, 0.313942492008, 0.232658654451, 0.274294883013, 0.304710865021, 0.435523986816, 0.267641037703, 0.252815127373, 0.228873834014],
        "dvar": [0.0809131041169, 0.0783080756664, 0.0981927216053, 0.106786876917, 0.107210643589, 0.0772047042847, 0.088872730732, 0.104994289577, 0.132436200976, 0.0961890518665, 0.0849984362721, 0.0822886154056],
        "dvar2": [0.235410496593, 0.226075842977, 0.27311745286, 0.295647621155, 0.302845090628, 0.22332662344, 0.251075476408, 0.296342968941, 0.369371235371, 0.278404921293, 0.239997953176, 0.242078140378],
        "max": [1, 1, 1, 1, 1, 1, 1, 1, 1, 1, 1, 1],
        "mean": [0.0709583163261, 0.10557449609, 0.109689474106, 0.207737639546, 0.115407846868, 0.091977879405, 0.131880417466, 0.120818771422, 0.194118127227, 0.0946186408401, 0.095195710659, 0.0814113765955],
        "median": [0.000358567980584, 0.00171424238943, 0.000692905276082, 0.0036167926155, 0.00107814953662, 0.00106527365278, 0.00149218807928, 0.00114608695731, 0.00419052876532, 0.000313969620038, 0.00175209098961, 0.000580881896894],
        "min": [0, 0, 0, 0, 0, 0, 0, 0, 0, 0, 0, 0],
        "var": [0.0527650229633, 0.0751600414515, 0.0808071270585, 0.135912001133, 0.0828296020627, 0.0654149278998, 0.0925195217133, 0.0885294154286, 0.128159061074, 0.0725488737226, 0.0628478527069, 0.0610183700919]
    }
},
"lowlevel": {
    "melbands": {
        "dmean": [0.000820239074528, 0.00340455281548, 0.00357737345621, 0.00185762217734, 0.00100106594618, 0.000378367374651, 0.000128289932036, 0.000120732976939, 5.07900549565e-05, 2.68915155175e-05, 2.75848269666e-05, 2.77910821751e-05, 8.78019727679e-06, 6.59213992549e-06, 8.07426840765e-06, 4.70952818432e-06, 3.72304543816e-06, 1.68023780134e-06, 1.57193449013e-06, 1.59404316946e-06, 9.93237222247e-07, 1.3062896187e-06, 1.52037671342e-06, 1.5171395944e-06, 6.18782053152e-07, 3.68178177723e-07, 5.66068081298e-07, 8.59949807364e-07, 7.12253211077e-07, 8.76040871844e-07, 1.46009449509e-06, 2.44947614192e-06, 2.85529290522e-06, 1.71288036199e-06, 7.85751979038e-07, 4.24205865102e-07, 3.81115285109e-07, 2.88440105578e-07, 3.75027610744e-07, 5.71863381538e-07],
        "dmean2": [0.00139358197339, 0.00582147948444, 0.00615080539137, 0.0031000697054, 0.00167419447098, 0.000639867328573, 0.000191500090295, 0.000171731400769, 6.96780989529e-05, 3.42421699315e-05, 3.56183154508e-05, 3.53962968802e-05, 1.22929959616e-05, 9.99205985863e-06, 1.115987925e-05, 7.10365839041e-06, 5.21666015629e-06, 2.48492528954e-06, 2.21117647925e-06, 2.30075511354e-06, 1.51918982283e-06, 1.942549261e-06, 2.18767354454e-06, 2.33566584029e-06, 9.6758719792e-07, 5.51258551695e-07, 8.55311043324e-07, 1.40551674122e-06, 1.103527552e-06, 1.29334409849e-06, 2.26266297432e-06, 3.78670438295e-06, 4.56829275208e-06, 2.70440955319e-06, 1.26185886984e-06, 6.30593831374e-07, 5.52920369046e-07, 4.12104782299e-07, 5.45300508747e-07, 8.62219735609e-07],
        "dvar": [2.5839879072e-06, 2.90485404548e-05, 3.57094540959e-05, 9.22609524423e-06, 2.70447321782e-06, 4.3536914518e-07, 1.44083983855e-07, 1.52681266741e-07, 1.87301285592e-08, 9.99712668204e-09, 6.84235068604e-09, 1.80404207129e-08, 1.10005293763e-09, 4.31858215855e-10, 7.8843076512e-10, 5.03285413345e-10, 5.33497801491e-10, 4.74539921247e-11, 6.45701617175e-11, 7.46526174211e-11, 1.62513318774e-11, 1.62744782928e-11, 2.32583865362e-11, 4.74323184896e-11, 5.99554000197e-12, 1.01169311643e-12, 4.214626044e-12, 1.51392110653e-11, 7.76308791556e-12, 2.63403240192e-11, 6.24093693391e-11, 2.09145853414e-10, 6.49927278662e-10, 1.75887138187e-10, 1.4470587055e-11, 2.01496978824e-12, 1.65761599325e-12, 1.12964021817e-12, 3.8365794916e-12, 9.06331346778e-12],
        "dvar2": [6.98062967786e-06, 8.78500941326e-05, 0.000115369999548, 2.5399009246e-05, 7.34632840249e-06, 1.21356492855e-06, 2.23795524334e-07, 2.4007437105e-07, 2.91835338118e-08, 1.2961592688e-08, 1.14939355811e-08, 1.80545374207e-08, 2.60456411993e-09, 1.0072568335e-09, 1.36416844487e-09, 1.04650299537e-09, 8.69987248908e-10, 9.42373887258e-11, 1.01563611687e-10, 1.53962731453e-10, 3.27437243985e-11, 3.38355975182e-11, 4.77448913738e-11, 1.17919923825e-10, 1.40530738088e-11, 2.20828737241e-12, 8.36609427568e-12, 4.08066289093e-11, 1.85483191306e-11, 5.97555407933e-11, 1.39400171961e-10, 4.94572660603e-10, 1.74462910785e-09, 3.63311769558e-10, 3.9641706584e-11, 4.32343093618e-12, 3.75868867281e-12, 2.44261772267e-12, 9.73595943449e-12, 2.44494043067e-11],
        "max": [0.0335991084576, 0.0710232704878, 0.0712071806192, 0.0822431966662, 0.0244843419641, 0.0124527402222, 0.00942808296531, 0.00989423971623, 0.00372285116464, 0.00400079088286, 0.00226323632523, 0.0100896991789, 0.000961939338595, 0.000644573010504, 0.00163827755023, 0.000838256790303, 0.00108221650589, 0.000287768722046, 0.00033996035927, 0.000316960620694, 0.000137041410198, 8.36631006678e-05, 9.36696014833e-05, 0.000167750826222, 8.92533134902e-05, 2.75902821159e-05, 6.05655222898e-05, 0.000127412989968, 7.29089151719e-05, 0.000169550999999, 0.000199633097509, 0.000390300207073, 0.00095897045685, 0.000618874270003, 0.000105699684354, 3.77582873625e-05, 3.01129912259e-05, 3.9017846575e-05, 7.29747480364e-05, 8.52665834827e-05],
        "mean": [0.00152426003478, 0.00622710445896, 0.00752872042358, 0.00367486919276, 0.00228627072647, 0.000823766400572, 0.000305942754494, 0.000303022912703, 0.000142642704304, 8.75811892911e-05, 8.60575819388e-05, 8.74646721059e-05, 2.27882737818e-05, 1.27964567582e-05, 1.99147743842e-05, 1.18056850624e-05, 8.30064436741e-06, 3.46302931575e-06, 3.30883949573e-06, 3.21604329656e-06, 1.76456092049e-06, 2.68295684691e-06, 3.15700071951e-06, 2.52144695878e-06, 1.0956149481e-06, 7.32122202862e-07, 1.02685362435e-06, 1.33531784741e-06, 1.14165800369e-06, 1.40154168093e-06, 2.42129112848e-06, 4.04656475439e-06, 4.2065667003e-06, 3.02526245832e-06, 1.43458305502e-06, 9.40182928844e-07, 7.89016667113e-07, 6.09605194768e-07, 7.70044437104e-07, 1.08386393549e-06],
        "median": [0.000355272670276, 0.00290955626406, 0.00324931694195, 0.00196687458083, 0.000794456864242, 0.0003038145951, 8.9285094873e-05, 5.03341216245e-05, 1.90253867913e-05, 7.09791038389e-06, 7.73823376221e-06, 7.91015190771e-06, 3.3600815641e-06, 3.53210498361e-06, 2.71926069217e-06, 1.04204207219e-06, 6.70720169182e-07, 4.5618725153e-07, 2.5540759907e-07, 2.10444909499e-07, 2.08873387919e-07, 3.71908782881e-07, 3.65573498584e-07, 2.35835074136e-07, 1.48454233795e-07, 1.25018104313e-07, 1.69656729554e-07, 1.76585132294e-07, 1.0191480726e-07, 1.22239384837e-07, 1.31499390932e-07, 9.04273846913e-08, 1.1741860817e-07, 8.86396662736e-08, 8.36400886328e-08, 8.23661494564e-08, 7.3980075399e-08, 5.94449396374e-08, 6.39277715209e-08, 6.16370954276e-08],
        "min": [5.44827507762e-12, 4.73088191885e-12, 3.06775481754e-12, 8.31647467905e-13, 1.04788770163e-13, 5.01163672194e-13, 6.14814134933e-13, 8.37436944876e-13, 1.28435098928e-12, 1.25008781538e-12, 7.06551408092e-13, 1.87780780508e-13, 5.38333991913e-14, 2.7616011691e-13, 4.0672429617e-13, 3.43203059288e-13, 6.41237605549e-13, 4.26960577353e-13, 8.98527779958e-13, 3.71432572199e-12, 3.16306253108e-13, 3.43557457873e-13, 2.72521154948e-12, 7.20216746485e-13, 8.16262205397e-13, 4.69305323769e-12, 5.38376938516e-12, 5.87859101675e-12, 5.89157108516e-12, 1.93444444491e-11, 5.48455812016e-12, 3.97291140958e-12, 3.05141675816e-12, 3.72386279798e-12, 5.44076589337e-12, 1.0132829905e-12, 1.74256713659e-12, 3.86998506158e-12, 4.7321440386e-13, 4.67381396172e-13],
        "var": [1.27299726955e-05, 5.78595499974e-05, 9.10323433345e-05, 3.08414055326e-05, 1.20976937978e-05, 1.79417372692e-06, 7.71396173604e-07, 7.50515255277e-07, 1.42776372059e-07, 1.00913659651e-07, 5.51094956336e-08, 2.66159474904e-07, 5.68243319066e-09, 1.12083509141e-09, 7.05407554591e-09, 2.20163220988e-09, 1.95942373438e-09, 1.2151112061e-10, 2.57956184191e-10, 2.6443652823e-10, 3.59580559772e-11, 4.40559359827e-11, 7.69242586296e-11, 8.31990656924e-11, 1.2810767204e-11, 3.71514711356e-12, 1.30219264191e-11, 3.62803294351e-11, 1.61904274709e-11, 5.05006800267e-11, 1.50173970481e-10, 4.81311546174e-10, 7.74695307904e-10, 4.8920378859e-10, 4.1981265686e-11, 9.3304513421e-12, 6.29951776507e-12, 4.75029347455e-12, 1.19761579126e-11, 2.62829341624e-11]
    },
    "mfcc": {
        "dmean": [17.3233718872, 12.9771165848, 9.49441337585, 8.12061595917, 7.60111856461, 7.61319446564, 7.19457578659, 6.70459222794, 6.74772453308, 6.66106414795, 6.57708072662, 6.47046327591, 6.04795026779],
        "dmean2": [21.4342937469, 17.049697876, 14.5120210648, 12.457652092, 12.233297348, 12.0717172623, 11.4798879623, 10.9563322067, 11.0911540985, 10.822394371, 10.8497457504, 10.66929245, 10.0974435806],
        "dvar": [508.096130371, 202.572265625, 82.7996520996, 48.4849128723, 37.2410774231, 40.6185913086, 33.6947135925, 28.2926540375, 28.872341156, 28.2327060699, 27.0946102142, 24.9293804169, 23.8348712921],
        "dvar2": [805.947998047, 292.316436768, 181.835906982, 111.79019165, 97.435333252, 95.9721603394, 83.0687026978, 71.2543487549, 76.8118515015, 74.079208374, 74.1384735107, 68.5262298584, 64.2404403687],
        "max": [-539.490966797, 258.336273193, 146.442199707, 119.583763123, 57.8490867615, 71.5361251831, 42.7002639771, 46.1746788025, 35.8151397705, 32.6131515503, 28.6949481964, 41.7494010925, 22.7237091064],
        "mean": [-735.512634277, 159.128417969, 63.9328956604, 31.0773944855, 8.2264585495, 6.75482368469, 1.78657305241, 1.68176281452, -6.67494821548, -11.8252248764, -6.04665708542, -1.91473376751, -6.58675146103],
        "median": [-725.879089355, 168.829467773, 64.0925445557, 29.4313926697, 9.12163543701, 8.23161506653, 2.9037322998, 1.45844650269, -6.68231010437, -10.4818878174, -5.53907585144, -2.11460494995, -6.36426734924],
        "min": [-1138.42004395, -51.0621833801, -20.6482715607, -45.4879837036, -42.1682815552, -56.7339134216, -52.0038414001, -45.9309463501, -47.5087814331, -60.9093132019, -51.8694763184, -41.3279876709, -40.8755607605],
        "var": [6088.43701172, 2603.01074219, 756.418029785, 578.617614746, 239.488754272, 329.490264893, 227.891662598, 164.751113892, 131.880355835, 218.091110229, 163.804275513, 149.411941528, 99.9452514648],
        "cov": [[6090.78955078, -606.416687012, -511.939147949, -167.977630615, -140.735534668, -267.136383057, -260.475646973, 22.1345806122, -60.7798423767, 93.6261749268, 44.3718452454, -62.3980331421, -170.75743103], [-606.416687012, 2604.01660156, -401.668151855, -296.557891846, 94.3571090698, -250.257904053, 52.010219574, 122.449745178, -130.746383667, -165.157058716, -40.2117614746, 36.7757034302, -114.034729004], [-511.939147949, -401.668151855, 756.710327148, 174.937088013, -59.7980384827, 196.516952515, 31.7572212219, -56.5654830933, 25.1770782471, -84.940284729, 19.261423111, -33.7706718445, 69.4287185669], [-167.977630615, -296.557891846, 174.937088013, 578.841186523, 161.706176758, -95.7503204346, -48.666885376, 27.1236782074, 2.65076351166, -103.940872192, 7.19497299194, -52.0153541565, 60.8778877258], [-140.735534668, 94.3571090698, -59.7980384827, 161.706176758, 239.581283569, -22.0016956329, -18.8322525024, 15.119931221, 7.55853319168, -19.3566036224, -16.7597694397, 16.2704792023, 0.964804410934], [-267.136383057, -250.257904053, 196.516952515, -95.7503204346, -22.0016956329, 329.617584229, 78.9308319092, -21.2260360718, 50.9996376038, 54.0097999573, 45.9143295288, 12.1816062927, 32.2368431091], [-260.475646973, 52.010219574, 31.7572212219, -48.666885376, -18.8322525024, 78.9308319092, 227.979721069, 53.2632026672, 12.6198444366, 29.1033039093, 17.5306606293, 21.6347770691, 14.4355382919], [22.1345806122, 122.449745178, -56.5654830933, 27.1236782074, 15.119931221, -21.2260360718, 53.2632026672, 164.81477356, 36.3485717773, -9.13646697998, 29.9365119934, -9.86318969727, -0.132966443896], [-60.7798423767, -130.746383667, 25.1770782471, 2.65076351166, 7.55853319168, 50.9996376038, 12.6198444366, 36.3485717773, 131.93132019, 70.2444152832, 18.8314990997, -19.5612792969, 15.0749540329], [93.6261749268, -165.157058716, -84.940284729, -103.940872192, -19.3566036224, 54.0097999573, 29.1033039093, -9.13646697998, 70.2444152832, 218.175369263, 31.2323226929, 15.0420799255, -7.69887685776], [44.3718452454, -40.2117614746, 19.261423111, 7.19497299194, -16.7597694397, 45.9143295288, 17.5306606293, 29.9365119934, 18.8314990997, 31.2323226929, 163.86756897, -4.06946802139, 19.3771305084], [-62.3980331421, 36.7757034302, -33.7706718445, -52.0153541565, 16.2704792023, 12.1816062927, 21.6347770691, -9.86318969727, -19.5612792969, 15.0420799255, -4.06946802139, 149.469680786, 8.66232013702], [-170.75743103, -114.034729004, 69.4287185669, 60.8778877258, 0.964804410934, 32.2368431091, 14.4355382919, -0.132966443896, 15.0749540329, -7.69887685776, 19.3771305084, 8.66232013702, 99.98387146]],
        "icov": [[0.000213052728213, 0.000103598264104, 0.000108843349153, 7.85282027209e-05, 7.52499763621e-05, 0.000123350007925, 0.000197654822841, -0.000144650679431, 0.000148509439896, -1.48298722706e-05, -0.00011632238602, 6.03225234954e-05, 0.000283182278508], [0.000103598264104, 0.000651340931654, 8.27270341688e-05, 0.000661517842673, -0.00054581213044, 0.000544102513231, -0.000140349598951, -0.000412322551711, 0.000330313196173, 0.000541478802916, -0.000202674855245, 0.00010408648086, 0.000331281626131], [0.000108843349153, 8.27270341688e-05, 0.00242469739169, -0.00109950045589, 0.00128419778775, -0.00153043458704, -0.000155610978254, 0.00087663490558, -0.000635315373074, 0.00118133414071, 2.62542835117e-05, 5.73298348172e-05, -5.26242547494e-05], [7.85282027209e-05, 0.000661517842673, -0.00109950045589, 0.0041259964928, -0.00306652206928, 0.0021308537107, 6.43479434075e-05, -0.000830025412142, 0.000274388148682, 0.00104420864955, -0.000707167084329, 0.00114919396583, -0.00145144807175], [7.52499763621e-05, -0.00054581213044, 0.00128419778775, -0.00306652206928, 0.00686779804528, -0.00165326416027, 0.000526664603967, 0.000286307855276, -0.000947213091422, -0.000133939596708, 0.000871953496244, -0.00142382900231, 0.000959376455285], [0.000123350007925, 0.000544102513231, -0.00153043458704, 0.0021308537107, -0.00165326416027, 0.00572801986709, -0.00134683283977, 0.000469125370728, -0.000914515636396, -0.000138400675496, -0.00131475995295, 0.00014970698976, -0.000670204055496], [0.000197654822841, -0.000140349598951, -0.000155610978254, 6.43479434075e-05, 0.000526664603967, -0.00134683283977, 0.00591744529083, -0.00251865619794, 0.00111408683006, -0.0011147572659, 0.000308756134473, -0.000573750468902, -0.000446112680947], [-0.000144650679431, -0.000412322551711, 0.00087663490558, -0.000830025412142, 0.000286307855276, 0.000469125370728, -0.00251865619794, 0.00889420323074, -0.00378114567138, 0.00175734586082, -0.00153086823411, 9.61055557127e-05, 0.000394566101022], [0.000148509439896, 0.000330313196173, -0.000635315373074, 0.000274388148682, -0.000947213091422, -0.000914515636396, 0.00111408683006, -0.00378114567138, 0.0120237255469, -0.00420166831464, 0.000455912901089, 0.00178583699744, -0.00133689574432], [-1.48298722706e-05, 0.000541478802916, 0.00118133414071, 0.00104420864955, -0.000133939596708, -0.000138400675496, -0.0011147572659, 0.00175734586082, -0.00420166831464, 0.00782380905002, -0.00135480752215, -0.000632150273304, 0.000898611324374], [-0.00011632238602, -0.000202674855245, 2.62542835117e-05, -0.000707167084329, 0.000871953496244, -0.00131475995295, 0.000308756134473, -0.00153086823411, 0.000455912901089, -0.00135480752215, 0.00716857705265, 8.94787881407e-05, -0.00121869589202], [6.03225234954e-05, 0.00010408648086, 5.73298348172e-05, 0.00114919396583, -0.00142382900231, 0.00014970698976, -0.000573750468902, 9.61055557127e-05, 0.00178583699744, -0.000632150273304, 8.94787881407e-05, 0.00772010441869, -0.00147347920574], [0.000283182278508, 0.000331281626131, -5.26242547494e-05, -0.00145144807175, 0.000959376455285, -0.000670204055496, -0.000446112680947, 0.000394566101022, -0.00133689574432, 0.000898611324374, -0.00121869589202, -0.00147347920574, 0.0126897497103]]
    }
}

}