{
"metadata": {
    "version": {
        "essentia": "2.0.1",
        "extractor": "archive-music 1.0 mod ismir14"
    },
    "audio_properties": {
        "analysis_sample_rate": 44100,
        "bitrate": 32,
        "channels": 2,
        "equal_loudness": 0,
        "length": 30.0408172607,
        "replay_gain": -11.7791290283,
        "downmix": "mix"
    },
    "tags": {
        "track": 6,
        "year": 0,
        "album": "Swing Classics (Jazz & Tzaz 70)",
        "artist": "Benny Carter",
        "comment": "",
        "genre": "Jazz",
        "title": "Babalu"
    }
},
"rhythm": {
    "bpm": 92.4049606323,
    "bpm_histogram_first_peak": 92,
    "bpm_histogram_first_peak_spread": 0.613636374474,
    "bpm_histogram_first_peak_weight": 0.377777785063,
    "bpm_histogram_second_peak": 99,
    "bpm_histogram_second_peak_spread": 0,
    "bpm_histogram_second_peak_weight": 0.0222222227603
},
"tonal": {
    "tuning_frequency": {
        "dmean": 0.0529957786202,
        "dmean2": 0.0994575992227,
        "dvar": 0.371753633022,
        "dvar2": 0.782086133957,
        "max": 454.990661621,
        "mean": 437.096374512,
        "median": 437.465789795,
        "min": 434.695007324,
        "var": 4.43632745743
    },
    "hpcp": {
        "dmean": [0.149265542626, 0.143428117037, 0.156273826957, 0.192565947771, 0.137126162648, 0.118959143758, 0.152177616954, 0.12715870142, 0.192656934261, 0.145234584808, 0.1828250736, 0.19397239387],
        "dmean2": [0.277829259634, 0.258570194244, 0.296444892883, 0.345624834299, 0.254340678453, 0.219726651907, 0.268334180117, 0.236471951008, 0.345702290535, 0.271306157112, 0.332289934158, 0.3470890522],
        "dvar": [0.0689639076591, 0.0599506907165, 0.0824458822608, 0.0795888379216, 0.0623643584549, 0.055619481951, 0.0580324418843, 0.0608477517962, 0.0749467536807, 0.0693995207548, 0.0693937465549, 0.0770299434662],
        "dvar2": [0.198896870017, 0.16622659564, 0.237259924412, 0.211327910423, 0.168448910117, 0.155603572726, 0.153424412012, 0.171187534928, 0.200599700212, 0.200296476483, 0.18954987824, 0.205137103796],
        "max": [1, 1, 1, 1, 1, 1, 1, 1, 1, 1, 1, 1],
        "mean": [0.112699978054, 0.151030659676, 0.113902114332, 0.397371292114, 0.161331802607, 0.103461116552, 0.243506386876, 0.095486305654, 0.28806746006, 0.105437405407, 0.192242190242, 0.236777156591],
        "median": [0.0102263363078, 0.0212745536119, 0.00370647781529, 0.194056972861, 0.0116610275581, 0.0131512898952, 0.0602748431265, 0.00713360635564, 0.101608045399, 0.00819353479892, 0.0646509826183, 0.0641306489706],
        "min": [0, 0, 0, 0, 0, 0, 0, 0, 0, 0, 0, 0],
        "var": [0.0574968978763, 0.0681248754263, 0.0695673152804, 0.173391997814, 0.0921313986182, 0.0508321411908, 0.118293300271, 0.0487846583128, 0.129904448986, 0.0526878610253, 0.0765854492784, 0.108589060605]
    }
},
"lowlevel": {
    "melbands": {
        "dmean": [2.77883973467e-05, 0.000122814104543, 0.000138593633892, 0.000258318934357, 0.000310453178827, 0.000345451233443, 0.000265713257249, 0.000341351493262, 0.000247244664934, 0.000158576513059, 0.000116776245704, 9.68162494246e-05, 9.32234688662e-05, 7.9357654613e-05, 0.000147942235344, 0.000132076253067, 7.14912021067e-05, 3.71780406567e-05, 3.98229858547e-05, 4.33034911111e-05, 1.48934386743e-05, 2.22315538849e-05, 1.02236572275e-05, 6.90732076691e-06, 8.739306395e-06, 3.06134916173e-06, 1.85261126262e-06, 2.22685571316e-06, 1.74514127593e-06, 1.65173742062e-06, 8.10452320366e-07, 3.95636789108e-07, 2.67398348797e-07, 1.05150263607e-07, 4.5835882645e-08, 4.30243893845e-08, 1.20574128459e-08, 2.24251928138e-09, 9.3195784423e-10, 5.70092861807e-10],
        "dmean2": [4.29232022725e-05, 0.000200162743567, 0.000242118563619, 0.000467839185148, 0.000566052156501, 0.000592732802033, 0.00041587697342, 0.000481750728795, 0.000342513987562, 0.000218239190872, 0.000179946058779, 0.000147712940816, 0.000143438359373, 0.000123719859403, 0.000224845905905, 0.000208803685382, 0.000107133819256, 5.22594600625e-05, 5.80858832109e-05, 6.46150001558e-05, 2.29831239267e-05, 3.54788098775e-05, 1.67228827195e-05, 1.06354400486e-05, 1.27001540022e-05, 4.58947624793e-06, 2.89935269393e-06, 3.38164045388e-06, 2.64864843302e-06, 2.36641790252e-06, 1.17079412121e-06, 5.76383456519e-07, 3.90827693764e-07, 1.5133069553e-07, 6.57547403193e-08, 6.1670704099e-08, 1.73520842139e-08, 3.37583760945e-09, 1.43056955171e-09, 9.06797248401e-10],
        "dvar": [1.28172072955e-09, 2.3899715984e-08, 4.80299569006e-08, 1.55892593057e-07, 2.10987522564e-07, 2.80795859453e-07, 1.40399237125e-07, 5.15928775258e-07, 2.13937667581e-07, 8.85159465724e-08, 6.80391636365e-08, 5.48518244159e-08, 5.01215033921e-08, 2.98782900643e-08, 8.74877912338e-08, 1.21305234302e-07, 3.55132740992e-08, 7.63375229695e-09, 1.17209175698e-08, 1.13706075666e-08, 7.15048631417e-10, 4.05752942356e-09, 5.53297907491e-10, 2.05908165518e-10, 4.55153720269e-10, 5.88601598017e-11, 2.0722893887e-11, 5.02725951146e-11, 1.95483559895e-11, 1.50609923838e-11, 4.48663719024e-12, 1.25497724192e-12, 7.12864771553e-13, 1.27219402005e-13, 1.65489909103e-14, 1.45098285465e-14, 8.38624610006e-16, 3.82120451483e-17, 6.83004479351e-18, 1.93526162817e-18],
        "dvar2": [2.67678834653e-09, 5.98486877834e-08, 1.37399482014e-07, 4.61170543531e-07, 6.60818614051e-07, 8.13739234218e-07, 3.43105597267e-07, 1.11090628252e-06, 4.5631063017e-07, 1.79869928729e-07, 1.67589732314e-07, 1.3995024517e-07, 1.23922390571e-07, 8.0218690357e-08, 2.02845740205e-07, 3.15095633141e-07, 8.94578207067e-08, 1.53467372144e-08, 2.69479762949e-08, 2.44226896484e-08, 1.70303970926e-09, 1.09315330121e-08, 1.56858881439e-09, 4.97092755847e-10, 9.66833280103e-10, 1.27853616583e-10, 5.03465324986e-11, 1.21412213616e-10, 4.60478565001e-11, 3.18054298176e-11, 1.01232191033e-11, 2.82434709301e-12, 1.65858732998e-12, 2.79434028e-13, 3.41989484691e-14, 3.19213107553e-14, 1.80649490694e-15, 7.79944761458e-17, 1.47321181424e-17, 4.70634087525e-18],
        "max": [0.000480881746626, 0.00220221444033, 0.0044636153616, 0.0095085920766, 0.00634892191738, 0.00773887708783, 0.00608198903501, 0.0176409874111, 0.00829729158431, 0.0053116963245, 0.00480888038874, 0.0044844741933, 0.00518574425951, 0.00371206831187, 0.00573996454477, 0.00556816114113, 0.00413028383628, 0.00224692141637, 0.00196013972163, 0.0024855339434, 0.000529368175194, 0.00150775001384, 0.000413956324337, 0.000293549790513, 0.000369281013263, 0.000189137004782, 8.28231059131e-05, 0.000136577917146, 6.86878702254e-05, 6.89805674483e-05, 4.58067697764e-05, 3.00740575767e-05, 2.16400621866e-05, 7.45317947803e-06, 2.62493063019e-06, 2.6760280889e-06, 4.78965660022e-07, 1.261815612e-07, 4.95300902514e-08, 2.77253811021e-08],
        "mean": [3.91081812268e-05, 0.000176255736733, 0.000176197238034, 0.000326500914525, 0.000414836948039, 0.000566512171645, 0.000613925862126, 0.00123652047478, 0.00076959701255, 0.000431678374298, 0.000297744438285, 0.000243536778726, 0.000191281156731, 0.000146418344229, 0.000295984937111, 0.000240806592046, 0.000177370122401, 9.20043312362e-05, 7.35672292649e-05, 9.78924363153e-05, 3.10687901219e-05, 4.03354169976e-05, 2.1671923605e-05, 1.67563975992e-05, 2.38265602093e-05, 7.86785949458e-06, 4.04920729125e-06, 4.40675421487e-06, 4.57037867818e-06, 4.90685215482e-06, 2.28660974244e-06, 1.08094332063e-06, 6.99244139923e-07, 2.87591944925e-07, 1.28261262944e-07, 1.19267525633e-07, 3.42417578736e-08, 5.29098276303e-09, 1.98008387464e-09, 1.17098108987e-09],
        "median": [2.02314149647e-05, 0.000103891565232, 9.73403366515e-05, 0.000170594459632, 0.000231749203522, 0.000290486757876, 0.000230608318816, 0.000262638583081, 0.000199213274755, 0.000104624021333, 6.64299368509e-05, 4.36031768913e-05, 4.82022187498e-05, 5.34197679372e-05, 6.22392690275e-05, 5.07162621943e-05, 2.39462915488e-05, 2.1049998395e-05, 1.10318569568e-05, 1.92234019778e-05, 9.98776977212e-06, 9.50118919718e-06, 7.3710466495e-06, 5.66311427974e-06, 4.01562738261e-06, 2.04276489058e-06, 1.0774195971e-06, 5.91159164287e-07, 1.03329273315e-06, 8.28782333429e-07, 3.16452855031e-07, 1.62514155022e-07, 5.92325690718e-08, 2.07664268004e-08, 1.15353282482e-08, 1.03809165708e-08, 4.53610393691e-09, 7.53067608272e-10, 3.8008579617e-10, 3.26933868866e-10],
        "min": [2.08600634869e-23, 4.8422434375e-23, 4.10408483147e-23, 4.61241449256e-23, 1.16327882441e-23, 7.90449828856e-24, 2.34327597799e-23, 2.76156505536e-23, 1.19657064788e-23, 5.44160859369e-23, 2.60959999499e-23, 1.97667417153e-23, 2.96320736907e-23, 2.53414592272e-23, 8.82229614216e-24, 1.45985021398e-23, 1.33539431109e-23, 8.32905376142e-24, 1.14660127936e-23, 1.29651427586e-23, 3.42233703768e-23, 1.42596895365e-23, 8.05550440962e-24, 2.28906119673e-23, 2.16617102497e-23, 2.20107180914e-23, 4.14135472271e-23, 1.61044928282e-23, 1.63712382547e-23, 2.18102669576e-23, 1.40518215325e-23, 9.25310649314e-24, 1.25294059713e-23, 2.83904981337e-23, 2.88527106708e-23, 4.07442208371e-23, 2.38949612729e-23, 2.43449922198e-23, 2.46100999711e-23, 1.78377432992e-23],
        "var": [2.61415888936e-09, 4.58429774142e-08, 5.99059504225e-08, 2.08626403264e-07, 2.86423812668e-07, 5.68525763356e-07, 7.43332009279e-07, 4.91565015182e-06, 1.62941682902e-06, 4.86511623876e-07, 2.64711815134e-07, 1.87850901057e-07, 1.40839730989e-07, 7.45833688143e-08, 3.18229666618e-07, 3.19572308172e-07, 1.51346995381e-07, 4.34950067074e-08, 3.06146290541e-08, 5.40133946458e-08, 2.68527666769e-09, 8.23282242379e-09, 1.40415967742e-09, 8.23569656916e-10, 2.21106533083e-09, 3.34993088824e-10, 6.72640138033e-11, 1.48924581e-10, 7.9599105085e-11, 8.46783754227e-11, 2.37601379544e-11, 7.03068029143e-12, 4.13799159868e-12, 7.32010480876e-13, 1.07302465795e-13, 8.6667869062e-14, 4.74565582347e-15, 1.72193671954e-16, 2.28734993921e-17, 5.72803259526e-18]
    },
    "mfcc": {
        "dmean": [16.2566299438, 9.87276554108, 9.59874534607, 8.02568149567, 7.65724754333, 6.82615852356, 6.75494527817, 6.83353614807, 6.69407653809, 6.60454559326, 6.36804485321, 6.21942472458, 6.13298177719],
        "dmean2": [17.9607601166, 14.6708106995, 13.9417171478, 12.5837650299, 11.473236084, 10.8908948898, 10.7467079163, 11.2718076706, 11.1044559479, 11.0286073685, 10.689950943, 10.3548641205, 10.2100877762],
        "dvar": [519.583068848, 96.9471359253, 91.0089111328, 42.6972846985, 40.9447517395, 31.6096858978, 28.591337204, 28.8953094482, 28.5760726929, 26.6526508331, 24.1685752869, 22.6060676575, 22.6350536346],
        "dvar2": [526.718139648, 171.247528076, 139.843032837, 104.368225098, 85.4104537964, 78.4482955933, 72.7251968384, 77.76587677, 79.4053039551, 71.7749099731, 66.8950881958, 62.6582260132, 62.5946006775],
        "max": [-524.437072754, 256.753631592, 78.6511230469, 85.7945404053, 44.067401886, 51.9179534912, 31.3058853149, 31.9947738647, 28.9482917786, 27.1436023712, 29.0554695129, 38.940196991, 32.8319816589],
        "mean": [-712.897888184, 184.372909546, -49.9858055115, 21.9835948944, -21.8359565735, 1.41365230083, -14.7082853317, -6.99472093582, -6.42400407791, -3.99516701698, -0.474467933178, 4.40731954575, -6.76743459702],
        "median": [-675.945922852, 191.423187256, -65.2783813477, 20.6357154846, -24.0540618896, 0.837554931641, -15.4360733032, -6.68496704102, -6.6541519165, -3.72629547119, -0.225238800049, 2.80058288574, -6.79489898682],
        "min": [-1138.42004395, 1.14440917969e-05, -124.680786133, -35.9602127075, -75.2612762451, -33.32554245, -65.1315231323, -37.1872558594, -42.7219009399, -38.5007400513, -36.6491966248, -25.0928497314, -34.4680595398],
        "var": [12877.0224609, 1123.93981934, 1708.78271484, 344.593414307, 516.155456543, 164.969787598, 198.652236938, 93.5092010498, 99.7017822266, 95.7705001831, 82.0539550781, 127.767478943, 68.9480819702],
        "cov": [[12881.9980469, -532.331176758, -4277.67578125, 228.173568726, -2021.51452637, 85.3941574097, -1088.10351562, 63.9552497864, -412.88760376, 2.07260632515, -130.307571411, 449.498352051, -275.502258301], [-532.331176758, 1124.37414551, 171.42930603, -270.804840088, 63.5461196899, -224.933227539, 90.0029983521, -72.794052124, 54.7610321045, -121.606262207, 7.04169988632, 3.14177584648, 17.5207691193], [-4277.67578125, 171.42930603, 1709.44299316, -18.8694171906, 703.55670166, 35.7442932129, 358.593902588, 20.6922607422, 137.429428101, 30.9939556122, 33.5789260864, -161.67868042, 87.2669525146], [228.173568726, -270.804840088, -18.8694171906, 344.7265625, 70.3872451782, 99.9960784912, -18.8341007233, 3.12178087234, -24.8267002106, 14.7500677109, -16.1045055389, -47.3752670288, -14.6936912537], [-2021.51452637, 63.5461196899, 703.55670166, 70.3872451782, 516.354919434, 54.0836906433, 192.984222412, 3.3860912323, 34.63722229, 9.80002689362, 13.6902360916, -112.277618408, 35.1571960449], [85.3941574097, -224.933227539, 35.7442932129, 99.9960784912, 54.0836906433, 165.033538818, 32.9343833923, 41.2638511658, -7.71490621567, 32.3674926758, 4.79315233231, -20.0370101929, 0.5326410532], [-1088.10351562, 90.0029983521, 358.593902588, -18.8341007233, 192.984222412, 32.9343833923, 198.728988647, 28.4407119751, 46.1881599426, -3.3359503746, 7.57466650009, -39.7563972473, 25.4351158142], [63.9552497864, -72.794052124, 20.6922607422, 3.12178087234, 3.3860912323, 41.2638511658, 28.4407119751, 93.5453338623, 23.9329605103, 29.299413681, 8.69791030884, 12.1014051437, 7.41771459579], [-412.88760376, 54.7610321045, 137.429428101, -24.8267002106, 34.63722229, -7.71490621567, 46.1881599426, 23.9329605103, 99.7403106689, 27.1647891998, 24.4899349213, 8.32797527313, 14.8969068527], [2.07260632515, -121.606262207, 30.9939556122, 14.7500677109, 9.80002689362, 32.3674926758, -3.3359503746, 29.299413681, 27.1647891998, 95.807510376, 37.3825950623, 15.173201561, 4.00372076035], [-130.307571411, 7.04169988632, 33.5789260864, -16.1045055389, 13.6902360916, 4.79315233231, 7.57466650009, 8.69791030884, 24.4899349213, 37.3825950623, 82.0856628418, 36.6594963074, 12.440237999], [449.498352051, 3.14177584648, -161.67868042, -47.3752670288, -112.277618408, -20.0370101929, -39.7563972473, 12.1014051437, 8.32797527313, 15.173201561, 36.6594963074, 127.816848755, 7.50604057312], [-275.502258301, 17.5207691193, 87.2669525146, -14.6936912537, 35.1571960449, 0.5326410532, 25.4351158142, 7.41771459579, 14.8969068527, 4.00372076035, 12.440237999, 7.50604057312, 68.9747238159]],
        "icov": [[0.00137020484544, -0.00105927779805, 0.00214301235974, -0.000991854001768, 0.00179786421359, -0.00228801881894, 0.00218980317004, -0.00196308922023, 0.00172697461676, -0.00162748119328, 0.00146552920341, -0.000752252642997, 0.000863281602506], [-0.00105927779805, 0.00255113909952, -0.00150382600259, 0.00154763215687, -0.00177092954982, 0.0034026869107, -0.00237207021564, 0.00198439299129, -0.0021918087732, 0.00311512337066, -0.00188361376058, 0.000731921347324, -0.000556378043257], [0.00214301235974, -0.00150382600259, 0.00504981074482, -0.0011588105699, 0.000995955546387, -0.00319827976637, 0.00245795189403, -0.00280560809188, 0.00152389437426, -0.00274700601585, 0.00229108030908, -0.000609180773608, 0.000701610813849], [-0.000991854001768, 0.00154763215687, -0.0011588105699, 0.00513435946777, -0.00256191007793, -4.43022181571e-05, -0.000557144987397, 0.00204996066168, -0.00180197658483, 0.00183144165203, -0.000860023370478, 0.00142212945502, -0.000220534711843], [0.00179786421359, -0.00177092954982, 0.000995955546387, -0.00256191007793, 0.00830192677677, -0.00350119569339, 0.000542248599231, -0.00203491491266, 0.00389716867357, -0.00277802022174, 0.00063079415122, 0.000987855833955, 0.000737733847927], [-0.00228801881894, 0.0034026869107, -0.00319827976637, -4.43022181571e-05, -0.00350119569339, 0.014853047207, -0.00632536225021, 0.00032892744639, -0.00134400720708, 0.00192577869166, -0.00356846419163, 0.00212011113763, -0.00140778184868], [0.00218980317004, -0.00237207021564, 0.00245795189403, -0.000557144987397, 0.000542248599231, -0.00632536225021, 0.0144786909223, -0.00561190536246, 0.000261871173279, -0.00040326648741, 0.00251817167737, -0.000957405369263, 0.000774347980041], [-0.00196308922023, 0.00198439299129, -0.00280560809188, 0.00204996066168, -0.00203491491266, 0.00032892744639, -0.00561190536246, 0.017477793619, -0.00512793147936, -0.000484867574414, -0.000532182108145, -0.000417050614487, -0.00185722997412], [0.00172697461676, -0.0021918087732, 0.00152389437426, -0.00180197658483, 0.00389716867357, -0.00134400720708, 0.000261871173279, -0.00512793147936, 0.0171730984002, -0.00611651781946, 0.000144001460285, -0.0014376094332, 0.000398197735194], [-0.00162748119328, 0.00311512337066, -0.00274700601585, 0.00183144165203, -0.00277802022174, 0.00192577869166, -0.00040326648741, -0.000484867574414, -0.00611651781946, 0.0197008736432, -0.00855925120413, 0.00116119917948, -0.000229384211707], [0.00146552920341, -0.00188361376058, 0.00229108030908, -0.000860023370478, 0.00063079415122, -0.00356846419163, 0.00251817167737, -0.000532182108145, 0.000144001460285, -0.00855925120413, 0.0203084386885, -0.006494180765, -0.000405434693675], [-0.000752252642997, 0.000731921347324, -0.000609180773608, 0.00142212945502, 0.000987855833955, 0.00212011113763, -0.000957405369263, -0.000417050614487, -0.0014376094332, 0.00116119917948, -0.006494180765, 0.0131001025438, -0.00225012260489], [0.000863281602506, -0.000556378043257, 0.000701610813849, -0.000220534711843, 0.000737733847927, -0.00140778184868, 0.000774347980041, -0.00185722997412, 0.000398197735194, -0.000229384211707, -0.000405434693675, -0.00225012260489, 0.0169472228736]]
    }
}

}