{
"metadata": {
    "version": {
        "essentia": "2.0.1",
        "extractor": "archive-music 1.0 mod ismir14"
    },
    "audio_properties": {
        "analysis_sample_rate": 44100,
        "bitrate": 64,
        "channels": 2,
        "equal_loudness": 0,
        "length": 30.0669155121,
        "replay_gain": -14.3417758942,
        "downmix": "mix"
    },
    "tags": {
        "track": 0,
        "year": 0,
        "album": "",
        "artist": "",
        "comment": "",
        "genre": "",
        "title": ""
    }
},
"rhythm": {
    "bpm": 109.229476929,
    "bpm_histogram_first_peak": 110,
    "bpm_histogram_first_peak_spread": 0.471698105335,
    "bpm_histogram_first_peak_weight": 0.528301894665,
    "bpm_histogram_second_peak": 0,
    "bpm_histogram_second_peak_spread": 0,
    "bpm_histogram_second_peak_weight": 0
},
"tonal": {
    "tuning_frequency": {
        "dmean": 0.0286910012364,
        "dmean2": 0.0569140352309,
        "dvar": 0.356594860554,
        "dvar2": 0.836438536644,
        "max": 455.516601562,
        "mean": 434.454467773,
        "median": 434.193115234,
        "min": 432.690917969,
        "var": 4.51333093643
    },
    "hpcp": {
        "dmean": [0.1516828686, 0.192927420139, 0.258526533842, 0.279987692833, 0.222357183695, 0.153055310249, 0.12443228066, 0.140188872814, 0.205613225698, 0.112398669124, 0.131835564971, 0.138002246618],
        "dmean2": [0.287810206413, 0.369584143162, 0.497908949852, 0.534236073494, 0.426062464714, 0.284276872873, 0.233910948038, 0.263977497816, 0.385792702436, 0.215001791716, 0.250509917736, 0.265046834946],
        "dvar": [0.0851415544748, 0.11849039048, 0.152649834752, 0.147910535336, 0.130779877305, 0.0836043432355, 0.0755096301436, 0.0799586623907, 0.0982119515538, 0.0705061778426, 0.0785186961293, 0.0840279683471],
        "dvar2": [0.234500542283, 0.324688822031, 0.408455342054, 0.3920378685, 0.344324082136, 0.230776399374, 0.207757726312, 0.216521173716, 0.267346888781, 0.204877853394, 0.230840876698, 0.232759565115],
        "max": [1, 1, 1, 1, 1, 1, 1, 1, 1, 1, 1, 1],
        "mean": [0.116420954466, 0.12876534462, 0.186752408743, 0.242143347859, 0.149571567774, 0.129291698337, 0.0919117107987, 0.122329480946, 0.221896260977, 0.0717315971851, 0.0996788069606, 0.0902930721641],
        "median": [0.00737221818417, 0.00358359608799, 0.00598116172478, 0.0214678253978, 0.00325037585571, 0.0089966841042, 0.00244313105941, 0.00468293717131, 0.0261120460927, 0.00207466492429, 0.00458171963692, 0.00315788458101],
        "min": [0, 0, 0, 0, 0, 0, 0, 0, 0, 0, 0, 0],
        "var": [0.0686960220337, 0.0854481086135, 0.12566588819, 0.143120899796, 0.100648760796, 0.075765825808, 0.0595700778067, 0.0764467045665, 0.12339155376, 0.0458464995027, 0.0614021867514, 0.0578223355114]
    }
},
"lowlevel": {
    "melbands": {
        "dmean": [0.00176282669418, 0.00559140043333, 0.00515773892403, 0.00216848147102, 0.000925129279494, 0.000605315552093, 0.000361958344001, 0.000335616903612, 0.000432136439485, 0.000327874149662, 7.56973167881e-05, 8.76043486642e-05, 5.67706629226e-05, 5.10330210091e-05, 5.62856948818e-05, 5.76113125135e-05, 6.51894879411e-05, 5.09336714458e-05, 2.7113899705e-05, 5.28199270775e-05, 2.49789864029e-05, 1.72331674548e-05, 2.06839995371e-05, 1.22622413983e-05, 6.81034271111e-06, 4.81993083667e-06, 2.60595925283e-06, 1.90171886061e-06, 1.98699012799e-06, 1.47766775171e-06, 1.20073639209e-06, 1.16195064948e-06, 1.02200692709e-06, 7.04695310105e-07, 6.22274626494e-07, 4.19498690007e-07, 2.17958614712e-07, 6.44662989657e-08, 1.34042732469e-08, 1.10504783102e-09],
        "dmean2": [0.00290077202953, 0.00943563040346, 0.00857608672231, 0.0035772791598, 0.00152739428449, 0.00105101044755, 0.000617117155343, 0.000511268503033, 0.000628346810117, 0.000480871123727, 0.000111513581942, 0.000131056047394, 8.3112885477e-05, 7.40008472349e-05, 8.25989263831e-05, 8.52972443681e-05, 0.000103782243968, 7.70075203036e-05, 4.03782323701e-05, 8.00271154731e-05, 3.80305500585e-05, 2.65949929599e-05, 3.27261041093e-05, 1.94340627786e-05, 1.08146650746e-05, 7.63780280977e-06, 4.23359369961e-06, 3.09532583742e-06, 3.20140384247e-06, 2.44071270572e-06, 1.91227854884e-06, 1.88402964341e-06, 1.5980574517e-06, 1.08321819425e-06, 9.99166445581e-07, 6.45810359856e-07, 3.36284756486e-07, 9.59157233638e-08, 2.06254178181e-08, 1.59541369005e-09],
        "dvar": [1.92205407075e-05, 4.391892071e-05, 2.87698676402e-05, 8.30847511679e-06, 1.64454684182e-06, 1.00548948012e-06, 3.1856421856e-07, 4.21144562779e-07, 7.74341344822e-07, 6.65431230118e-07, 3.07204892636e-08, 6.63612240714e-08, 2.19137241686e-08, 2.29714292033e-08, 2.87418675526e-08, 2.45119800013e-08, 3.43878276965e-08, 1.65586850898e-08, 4.90695484245e-09, 5.13944087288e-08, 3.48573014897e-09, 1.69487290869e-09, 2.91114443662e-09, 9.22158460703e-10, 1.83435280854e-10, 1.52793305785e-10, 3.88431439791e-11, 2.36981666929e-11, 2.25523939801e-11, 1.67962761755e-11, 1.0414035953e-11, 1.08464678211e-11, 7.63897018558e-12, 4.24505439481e-12, 6.59358548663e-12, 4.28574623706e-12, 2.09570034937e-12, 1.40757522825e-13, 3.42714824415e-15, 9.69492404731e-17],
        "dvar2": [3.96309987991e-05, 0.000132173881866, 8.38726336951e-05, 2.09272093343e-05, 4.3176228246e-06, 3.1419226616e-06, 8.94895947567e-07, 8.82313543116e-07, 1.52092957251e-06, 1.28697774926e-06, 6.13188433363e-08, 1.27970935182e-07, 4.35943405819e-08, 4.67870542309e-08, 5.26162899916e-08, 5.49344285616e-08, 9.09303352614e-08, 3.72927893011e-08, 1.02118971057e-08, 1.2621083556e-07, 8.05717981223e-09, 4.15781542529e-09, 7.84262610409e-09, 2.48108933398e-09, 4.52524101524e-10, 4.12102768577e-10, 9.54333695402e-11, 6.12274814182e-11, 5.68274004242e-11, 4.3953528317e-11, 2.45270904281e-11, 2.66004978461e-11, 1.78392405015e-11, 9.63857899744e-12, 1.43631781815e-11, 9.29269335093e-12, 5.20934033757e-12, 2.5593844535e-13, 7.38700652026e-15, 1.92297747495e-16],
        "max": [0.0666969865561, 0.0685292482376, 0.0477911643684, 0.0330331176519, 0.0124223828316, 0.0132271405309, 0.00681645283476, 0.0124263297766, 0.0215759761631, 0.018935283646, 0.00702525582165, 0.00898566097021, 0.00481912260875, 0.00435138866305, 0.00415611919016, 0.00290628382936, 0.00327600818127, 0.002542730188, 0.00126646982972, 0.006360872183, 0.00127842219081, 0.00101999216713, 0.00123942887876, 0.000541437824722, 0.000214212675928, 0.000280973967165, 0.000115552378702, 9.76264345809e-05, 7.64425712987e-05, 8.28687043395e-05, 7.8116026998e-05, 6.54504110571e-05, 6.15133467363e-05, 5.90103918512e-05, 0.000111879955512, 9.76672381512e-05, 6.22416046099e-05, 1.50644436872e-05, 2.77173126051e-06, 5.53133077119e-07],
        "mean": [0.00235710572451, 0.00924796424806, 0.0081482809037, 0.00317599088885, 0.00137282360811, 0.0010361734312, 0.000629421090707, 0.000708810170181, 0.000932050985284, 0.000731400679797, 0.000173383523361, 0.000158289651154, 0.000110215209133, 0.000105393228296, 0.000103888596641, 0.000108408967208, 0.000102003948996, 9.64846258285e-05, 5.53436875634e-05, 0.000105898681795, 4.80158014398e-05, 3.2874122553e-05, 4.34794164903e-05, 2.59659773292e-05, 1.28200754261e-05, 8.3783215814e-06, 4.73519139632e-06, 3.31820933752e-06, 3.580487828e-06, 2.61268246504e-06, 2.19316484618e-06, 2.20293486564e-06, 2.01459170057e-06, 1.44083901432e-06, 1.22559924876e-06, 8.00531893219e-07, 4.20637235266e-07, 1.22279246284e-07, 2.41848052696e-08, 1.46615308783e-09],
        "median": [0.00110391003545, 0.00744773913175, 0.00652799103409, 0.00215049809776, 0.000791987928096, 0.000372164766304, 0.000284116860712, 0.000231165453442, 0.000226253818255, 0.000141722994158, 5.10147474415e-05, 3.94506241719e-05, 2.915510413e-05, 2.07122247957e-05, 2.29127017519e-05, 2.16460884985e-05, 1.92219704331e-05, 1.93703908735e-05, 1.37110419018e-05, 1.25290089272e-05, 1.20754257296e-05, 1.13748201329e-05, 8.35902028484e-06, 5.36594870937e-06, 3.87489899367e-06, 2.60230967797e-06, 1.48890717355e-06, 9.47641410676e-07, 9.05964270714e-07, 5.15278316016e-07, 3.89240256027e-07, 3.84094477113e-07, 3.60058180604e-07, 2.81742984498e-07, 2.04234524404e-07, 1.47528695038e-07, 7.52169029283e-08, 1.74902012873e-08, 2.64298560815e-09, 8.50849182776e-11],
        "min": [5.61103420671e-12, 1.40631809583e-12, 1.84461522662e-13, 1.91984909957e-13, 1.0674516826e-12, 1.38893117927e-12, 9.63569176705e-13, 3.01995678898e-13, 8.44817434325e-13, 2.11424085704e-12, 5.04198733545e-13, 1.7491344202e-13, 6.99519977533e-13, 6.67227232666e-13, 3.94334968867e-14, 1.88384477831e-13, 3.31522867969e-13, 1.04839867256e-12, 1.52266017178e-13, 5.84140889956e-14, 4.46529206839e-14, 1.32223591342e-13, 4.68914661332e-14, 2.72172743192e-14, 2.54141021107e-14, 3.93078243024e-14, 1.87470224349e-13, 3.52062095568e-14, 2.373874548e-14, 5.37221600484e-14, 3.21961356772e-14, 8.96879413185e-14, 2.60123309882e-14, 6.85053142685e-14, 9.70478377022e-14, 2.01020264616e-14, 2.74495121186e-14, 4.91974726745e-14, 2.2761659094e-14, 7.2893554799e-15],
        "var": [2.96547605103e-05, 6.39995196252e-05, 4.45653131464e-05, 1.18397911137e-05, 2.60993715528e-06, 2.44169973485e-06, 7.79301444709e-07, 1.7761236677e-06, 3.26223175762e-06, 3.44700561072e-06, 1.85488019611e-07, 2.25005479138e-07, 9.20705858221e-08, 7.00323568026e-08, 8.79958221844e-08, 7.18874417771e-08, 6.33953405327e-08, 6.16604296511e-08, 1.57283839286e-08, 1.80447855769e-07, 1.13369873489e-08, 3.33143801434e-09, 1.12046247835e-08, 3.37994654487e-09, 4.83062201351e-10, 2.54157611623e-10, 7.51902984319e-11, 4.52905178638e-11, 5.16607139012e-11, 3.3373387387e-11, 2.42128400663e-11, 2.69957181609e-11, 2.37939286329e-11, 1.40979068697e-11, 2.26778110179e-11, 1.50345413202e-11, 5.43577726234e-12, 3.90950265867e-13, 1.55049431817e-14, 2.33477140963e-16]
    },
    "mfcc": {
        "dmean": [12.8334445953, 9.21481800079, 8.62967586517, 8.00650787354, 7.59686517715, 7.37294054031, 6.99024486542, 7.049472332, 6.61416149139, 6.6020565033, 6.5814499855, 6.36290121078, 6.20036411285],
        "dmean2": [16.2086524963, 13.5519008636, 12.9887170792, 12.5650720596, 11.7640457153, 11.4153318405, 11.1946754456, 11.500207901, 10.7954730988, 10.5653448105, 10.7376594543, 10.2898588181, 10.0684690475],
        "dvar": [323.628234863, 85.2242660522, 55.2576141357, 52.0782394409, 40.1576080322, 36.2270736694, 30.4033031464, 31.5705661774, 29.0908508301, 27.8452949524, 27.2086925507, 24.2428951263, 22.7169303894],
        "dvar2": [413.901885986, 146.164901733, 108.445838928, 121.934684753, 89.2747955322, 86.8910064697, 74.1238098145, 81.0894622803, 73.882194519, 71.2655181885, 71.2818374634, 62.0234222412, 60.9787864685],
        "max": [-517.972961426, 272.87677002, 121.548339844, 119.702964783, 64.3718566895, 64.9409790039, 29.9061889648, 59.8790168762, 23.4588508606, 50.1776008606, 38.9349632263, 48.7298278809, 26.2983016968],
        "mean": [-655.159179688, 188.916519165, -9.91332244873, 48.1203155518, 1.29992651939, 18.097278595, -17.0136299133, 14.4303369522, -9.79737186432, 8.44398212433, -5.20942592621, 2.77919054031, -10.1840295792],
        "median": [-640.821166992, 190.902191162, -11.0306854248, 47.4810409546, 1.0785484314, 19.0533065796, -16.3167457581, 15.0997200012, -9.48028564453, 7.81887054443, -5.92459487915, 2.53372192383, -9.94327545166],
        "min": [-1138.42004395, 1.14440917969e-05, -113.266342163, -41.7388076782, -54.3193893433, -38.1306724548, -67.9359741211, -41.0944519043, -52.7544403076, -34.4436950684, -40.9361839294, -38.3987388611, -47.747177124],
        "var": [5467.20214844, 1241.10864258, 1144.81933594, 546.648193359, 380.412353516, 286.558990479, 255.879943848, 185.953842163, 122.568519592, 180.871002197, 131.13923645, 102.206932068, 97.9507141113],
        "cov": [[5469.31298828, -1221.45739746, -1044.63049316, 139.437149048, -661.378540039, 243.831054688, -528.515075684, 315.592071533, -252.051300049, 283.222839355, -154.384979248, 153.414001465, -190.487731934], [-1221.45739746, 1241.58789062, -239.616729736, -368.732879639, 170.446929932, -235.95475769, 232.00402832, -152.611999512, 92.9235305786, -67.580329895, 153.131668091, -78.3973922729, 75.3591842651], [-1044.63049316, -239.616729736, 1145.26135254, 279.425231934, 5.17614650726, 224.509719849, 106.212509155, 59.8799514771, -15.9918937683, -58.1288375854, -72.8870391846, 7.37447357178, 0.395626664162], [139.437149048, -368.732879639, 279.425231934, 546.85925293, 71.035446167, 79.44506073, -137.774246216, 53.2025871277, 13.6996278763, -59.2316436768, -92.111000061, 6.62053060532, 5.56375408173], [-661.378540039, 170.446929932, 5.17614650726, 71.035446167, 380.559234619, -93.6505050659, 12.9952716827, -36.5282592773, 51.5169868469, -17.7592887878, 13.0542173386, -0.292702645063, 17.1483078003], [243.831054688, -235.95475769, 224.509719849, 79.44506073, -93.6505050659, 286.669616699, 29.5292739868, 43.8312835693, -32.8774261475, 20.3915805817, -26.7611236572, 8.72960948944, -21.6196079254], [-528.515075684, 232.00402832, 106.212509155, -137.774246216, 12.9952716827, 29.5292739868, 255.978744507, -9.91296386719, -0.450463056564, 5.60766792297, 50.9975700378, -10.6807165146, 7.08733844757], [315.592071533, -152.611999512, 59.8799514771, 53.2025871277, -36.5282592773, 43.8312835693, -9.91296386719, 186.025634766, -16.204202652, 27.3367786407, -18.4156761169, 33.0041351318, -21.7481155396], [-252.051300049, 92.9235305786, -15.9918937683, 13.6996278763, 51.5169868469, -32.8774261475, -0.450463056564, -16.204202652, 122.615844727, 3.33849906921, 6.2284822464, -15.2177352905, 11.3716135025], [283.222839355, -67.580329895, -58.1288375854, -59.2316436768, -17.7592887878, 20.3915805817, 5.60766792297, 27.3367786407, 3.33849906921, 180.940826416, 45.1124801636, 4.48424434662, -42.0626449585], [-154.384979248, 153.131668091, -72.8870391846, -92.111000061, 13.0542173386, -26.7611236572, 50.9975700378, -18.4156761169, 6.2284822464, 45.1124801636, 131.189865112, 8.61560058594, -1.79951095581], [153.414001465, -78.3973922729, 7.37447357178, 6.62053060532, -0.292702645063, 8.72960948944, -10.6807165146, 33.0041351318, -15.2177352905, 4.48424434662, 8.61560058594, 102.246391296, 16.0927219391], [-190.487731934, 75.3591842651, 0.395626664162, 5.56375408173, 17.1483078003, -21.6196079254, 7.08733844757, -21.7481155396, 11.3716135025, -42.0626449585, -1.79951095581, 16.0927219391, 97.98853302]],
        "icov": [[0.000801675196271, 7.13448171155e-05, 0.000940544938203, -0.000394092843635, 0.000963579281233, -0.00060225953348, 0.000787626311649, -0.000593110918999, 0.000926938722841, -0.000861000618897, 0.00081664940808, -0.000867787224706, 0.000712385575753], [7.13448171155e-05, 0.00194036064204, 0.000166350087966, 0.000758257927373, -0.000420997297624, 0.000763769319747, -0.00102505239192, 0.000268744595814, -0.000720978714526, 0.000907573441509, -0.00128537346609, 0.00114002951887, -0.000758889596909], [0.000940544938203, 0.000166350087966, 0.00241570011713, -0.00112343777437, 0.00106180564035, -0.00138399854768, -4.34724533989e-05, -0.000765634700656, 0.00107251631562, -0.00073602219345, 0.00127171515487, -0.00107125088107, 0.000855415593833], [-0.000394092843635, 0.000758257927373, -0.00112343777437, 0.00366826867685, -0.00150701776147, -0.000109951361082, 0.00111121544614, -0.000257746287389, -0.00116999447346, 0.00146619649604, -0.000273852434475, 0.00114350754302, -0.000878775375895], [0.000963579281233, -0.000420997297624, 0.00106180564035, -0.00150701776147, 0.00457922834903, 0.00027667649556, 0.000553831167053, -0.000240303837927, 0.000383342790883, -0.00135149410926, 0.00108762679156, -0.00177609466482, 0.00113153725397], [-0.00060225953348, 0.000763769319747, -0.00138399854768, -0.000109951361082, 0.00027667649556, 0.00581707665697, -0.00193717202637, 0.000414915411966, -0.00034125772072, 0.000175266992301, -0.000576991704293, 0.000802469265182, -0.000306655972963], [0.000787626311649, -0.00102505239192, -4.34724533989e-05, 0.00111121544614, 0.000553831167053, -0.00193717202637, 0.0072676576674, -0.00115510984324, 0.00130823242944, -0.000865111302119, -0.000278789026197, -0.000562331115361, 0.00051423482364], [-0.000593110918999, 0.000268744595814, -0.000765634700656, -0.000257746287389, -0.000240303837927, 0.000414915411966, -0.00115510984324, 0.00704743899405, -0.000596183293965, -0.000239090702962, 0.000143869765452, -0.00145603262354, 0.000647664535791], [0.000926938722841, -0.000720978714526, 0.00107251631562, -0.00116999447346, 0.000383342790883, -0.00034125772072, 0.00130823242944, -0.000596183293965, 0.0105520533398, -0.00215586577542, 0.00124703731854, -1.40112797453e-05, -7.55902146921e-05], [-0.000861000618897, 0.000907573441509, -0.00073602219345, 0.00146619649604, -0.00135149410926, 0.000175266992301, -0.000865111302119, -0.000239090702962, -0.00215586577542, 0.00871409848332, -0.00393761042506, 0.00130063144024, 0.00153756188229], [0.00081664940808, -0.00128537346609, 0.00127171515487, -0.000273852434475, 0.00108762679156, -0.000576991704293, -0.000278789026197, 0.000143869765452, 0.00124703731854, -0.00393761042506, 0.0120196966454, -0.0031553786248, 0.00122491340153], [-0.000867787224706, 0.00114002951887, -0.00107125088107, 0.00114350754302, -0.00177609466482, 0.000802469265182, -0.000562331115361, -0.00145603262354, -1.40112797453e-05, 0.00130063144024, -0.0031553786248, 0.0131456051022, -0.00407585175708], [0.000712385575753, -0.000758889596909, 0.000855415593833, -0.000878775375895, 0.00113153725397, -0.000306655972963, 0.00051423482364, 0.000647664535791, -7.55902146921e-05, 0.00153756188229, 0.00122491340153, -0.00407585175708, 0.0134217478335]]
    }
}

}