{
"metadata": {
    "version": {
        "essentia": "2.0.1",
        "extractor": "archive-music 1.0 mod ismir14"
    },
    "audio_properties": {
        "analysis_sample_rate": 44100,
        "bitrate": 96,
        "channels": 2,
        "equal_loudness": 0,
        "length": 30.0669155121,
        "replay_gain": -13.5051937103,
        "downmix": "mix"
    },
    "tags": {
        "track": 0,
        "year": 0,
        "album": "",
        "artist": "",
        "comment": "",
        "genre": "",
        "title": ""
    }
},
"rhythm": {
    "bpm": 88.3256530762,
    "bpm_histogram_first_peak": 89,
    "bpm_histogram_first_peak_spread": 0.357142865658,
    "bpm_histogram_first_peak_weight": 0.62790697813,
    "bpm_histogram_second_peak": 94,
    "bpm_histogram_second_peak_spread": 0,
    "bpm_histogram_second_peak_weight": 0.0232558138669
},
"tonal": {
    "tuning_frequency": {
        "dmean": 0.316618740559,
        "dmean2": 0.626206278801,
        "dvar": 5.64300251007,
        "dvar2": 16.6679134369,
        "max": 456.04309082,
        "mean": 437.483612061,
        "median": 435.700531006,
        "min": 434.193115234,
        "var": 12.7244234085
    },
    "hpcp": {
        "dmean": [0.218606263399, 0.150443390012, 0.223530709743, 0.252546936274, 0.121521115303, 0.228697270155, 0.255026698112, 0.269970208406, 0.193235978484, 0.111628964543, 0.245854571462, 0.080824047327],
        "dmean2": [0.375451475382, 0.271731466055, 0.410468190908, 0.444741159678, 0.213081762195, 0.381717801094, 0.433187067509, 0.471358507872, 0.338998883963, 0.197330579162, 0.428583949804, 0.150482580066],
        "dvar": [0.0430693514645, 0.032495778054, 0.0579179599881, 0.0590816177428, 0.0297865308821, 0.0670249834657, 0.0632331594825, 0.0484722740948, 0.0479108542204, 0.0209971368313, 0.063534155488, 0.0143276276067],
        "dvar2": [0.100637450814, 0.087725058198, 0.156444326043, 0.177418023348, 0.0821428149939, 0.157464787364, 0.148354709148, 0.133191436529, 0.128223702312, 0.0515752471983, 0.171782135963, 0.0419035479426],
        "max": [1, 1, 1, 1, 1, 1, 1, 1, 1, 1, 1, 1],
        "mean": [0.30575722456, 0.173629432917, 0.234749823809, 0.304682523012, 0.13559666276, 0.320611327887, 0.351469218731, 0.391043335199, 0.251824021339, 0.134527683258, 0.780995666981, 0.0985278114676],
        "median": [0.226492881775, 0.108371369541, 0.13987852633, 0.212111011147, 0.0816875845194, 0.146455481648, 0.247130587697, 0.331554919481, 0.128093779087, 0.0848557651043, 1, 0.0698774456978],
        "min": [0.0186205934733, 0.00697606429458, 0.00574735039845, 0.0056250365451, 0.00355540728197, 0.0257717333734, 0.0074530756101, 0.00773338926956, 0.0114033790305, 0.0039281938225, 0.1242082268, 0.00600566063076],
        "var": [0.068143196404, 0.0351966544986, 0.0640521347523, 0.0720425397158, 0.0283832494169, 0.10885232687, 0.0961992144585, 0.0844826549292, 0.0730393603444, 0.0251584816724, 0.0777925774455, 0.0103301052004]
    }
},
"lowlevel": {
    "melbands": {
        "dmean": [1.44317255035e-05, 6.45319960313e-05, 5.67427669012e-05, 3.74638220819e-05, 1.61337738973e-05, 2.84316975012e-05, 3.02486623696e-05, 3.76509597118e-05, 4.29448264185e-05, 2.51936180575e-05, 1.66678764799e-05, 1.05738154161e-05, 9.3678236226e-06, 5.09469327881e-06, 8.59238389239e-06, 5.3173116612e-06, 6.43576731818e-06, 3.84308714274e-06, 2.87097100227e-06, 3.00501574202e-06, 2.28372505262e-06, 2.47587945523e-06, 3.92805077354e-06, 4.15229942519e-06, 2.56647285823e-06, 1.71009776295e-06, 1.73763930889e-06, 1.03925083295e-06, 4.74498875747e-07, 4.36343725596e-07, 3.58195251238e-07, 1.83416489108e-07, 8.91286120464e-08, 5.54712045187e-08, 5.00128116698e-08, 3.44089734483e-08, 1.93503595369e-08, 8.41670910745e-09, 1.45038625554e-09, 4.25655413694e-11],
        "dmean2": [2.60733813775e-05, 0.000123010555399, 0.000103262180346, 6.65549450787e-05, 2.9779612305e-05, 5.05382486153e-05, 5.58051324333e-05, 6.8060864578e-05, 7.07389044692e-05, 4.51617852377e-05, 2.89920681098e-05, 1.92954503291e-05, 1.66611880559e-05, 9.17790293897e-06, 1.56938895088e-05, 9.68025960901e-06, 1.1796569197e-05, 6.8810159064e-06, 5.18167144037e-06, 5.1869615163e-06, 3.97711983169e-06, 4.30477439295e-06, 7.26513871996e-06, 6.96557845004e-06, 4.57092755823e-06, 3.01441059491e-06, 2.98022359857e-06, 1.76830553755e-06, 8.01970145403e-07, 7.55324606416e-07, 6.25678126198e-07, 3.13147893394e-07, 1.5248606644e-07, 9.67455591194e-08, 8.18887215814e-08, 5.66736986229e-08, 3.45809390012e-08, 1.49420085194e-08, 2.61129917689e-09, 7.74853722851e-11],
        "dvar": [4.40623121323e-10, 4.88138551802e-09, 3.22047122303e-09, 2.51153164932e-09, 2.33375041514e-10, 6.00602234613e-10, 7.93260623855e-10, 1.54823309728e-09, 6.48267528547e-09, 5.17848830484e-09, 5.72629554885e-10, 6.12319084325e-10, 5.30353594375e-10, 9.71506139424e-11, 3.08823550066e-10, 9.48324752059e-11, 2.3267628102e-10, 5.93035759389e-11, 1.7111739109e-11, 4.54972344521e-11, 1.08119520281e-11, 1.28523884244e-11, 4.52901847969e-11, 4.51982964944e-11, 1.82783753411e-11, 8.27793996544e-12, 1.15218216912e-11, 4.8252994482e-12, 4.36107557402e-13, 6.84191418798e-13, 4.80905191971e-13, 1.01531501576e-13, 2.10112434856e-14, 8.48177796986e-15, 6.295676142e-15, 1.69080746464e-15, 4.08762403766e-16, 5.75757212483e-17, 1.58522546951e-18, 3.08463829331e-21],
        "dvar2": [1.11325371144e-09, 1.55548445235e-08, 8.96953267215e-09, 6.81825351734e-09, 6.4102212427e-10, 2.00450611665e-09, 2.07306416478e-09, 4.14936351945e-09, 1.4081146027e-08, 1.47821781482e-08, 1.41086464733e-09, 1.72553227262e-09, 1.47484746638e-09, 2.74842065773e-10, 9.42971256634e-10, 2.7336352626e-10, 6.57594256825e-10, 1.54253318452e-10, 4.57656273989e-11, 1.18453469256e-10, 2.44770748808e-11, 3.67777301669e-11, 1.3166819024e-10, 1.21981758028e-10, 4.35842299751e-11, 2.25563265982e-11, 2.86330265054e-11, 1.27035595585e-11, 1.08251938229e-12, 1.70478540139e-12, 1.22485940661e-12, 2.67609420951e-13, 4.73942953839e-14, 2.00784755575e-14, 1.21578433627e-14, 3.55406935503e-15, 9.41131954947e-16, 1.56566046427e-16, 4.10173719474e-18, 8.91395273585e-21],
        "max": [0.000139643467264, 0.00042787307757, 0.000273662328254, 0.000298886006931, 0.000104036691482, 0.000135989976116, 0.000138226008858, 0.000163558506756, 0.000809176359326, 0.000589580682572, 0.00015566078946, 0.000154234046931, 0.000135768175824, 6.12096264376e-05, 0.000104003665911, 5.5599884945e-05, 9.87848980003e-05, 7.3767711001e-05, 2.18938439502e-05, 5.76095408178e-05, 2.17502329178e-05, 2.52044937952e-05, 3.4330496419e-05, 5.03634473716e-05, 3.17719131999e-05, 1.77777037607e-05, 2.78719835478e-05, 1.34915744638e-05, 5.46305500393e-06, 7.2888547038e-06, 4.16952661908e-06, 1.80204403932e-06, 9.94518131847e-07, 6.90491162914e-07, 7.15434794074e-07, 3.53368733386e-07, 1.49695495111e-07, 5.45811360553e-08, 8.65877591849e-09, 3.31881355731e-10],
        "mean": [1.87328132597e-05, 7.33418637537e-05, 7.89137848187e-05, 4.0934599383e-05, 2.20841993723e-05, 4.05969731219e-05, 4.0778391849e-05, 3.10267532768e-05, 4.83394687762e-05, 2.53153611993e-05, 1.91820927284e-05, 8.75474688655e-06, 7.13265671948e-06, 4.66557457912e-06, 7.53866970626e-06, 4.40274607172e-06, 4.94481537316e-06, 3.89188380723e-06, 2.70167856797e-06, 2.45161845669e-06, 2.20276683649e-06, 2.31745070778e-06, 3.6252956761e-06, 3.83420501748e-06, 2.51549340646e-06, 2.10722623706e-06, 1.73604951215e-06, 9.94618858385e-07, 5.59214413443e-07, 4.59242158968e-07, 3.74418789306e-07, 2.29503257287e-07, 1.18768454627e-07, 8.95481875318e-08, 8.38963956085e-08, 5.75596530439e-08, 3.46168960164e-08, 1.32400836961e-08, 1.93110127888e-09, 3.79519714266e-11],
        "median": [1.27582243294e-05, 5.20389767189e-05, 6.76576455589e-05, 2.51486417255e-05, 1.68380465766e-05, 3.6321751395e-05, 2.86798258458e-05, 1.72619384102e-05, 2.82661785604e-05, 1.3828862393e-05, 1.16671490105e-05, 2.72887132269e-06, 1.95628581423e-06, 2.08203209695e-06, 3.89614160667e-06, 1.94009635379e-06, 1.51181461661e-06, 1.42231226619e-06, 1.12319150958e-06, 8.62066940499e-07, 8.91597153441e-07, 9.37067568429e-07, 8.62137028435e-07, 7.74844465923e-07, 9.05563808828e-07, 7.37794323413e-07, 3.62664906106e-07, 3.45107736166e-07, 3.48145590578e-07, 2.12367993413e-07, 1.16611872159e-07, 9.72521831955e-08, 6.51384084449e-08, 5.78656269568e-08, 5.15688043379e-08, 3.95281318788e-08, 2.65730708549e-08, 9.83556525114e-09, 1.38811606654e-09, 1.7719830811e-11],
        "min": [2.21157210945e-06, 7.72544353822e-06, 1.04376258605e-05, 4.04494130635e-06, 2.89630611405e-06, 2.23560959967e-06, 1.96722544388e-06, 2.04474099519e-06, 3.89581600757e-07, 3.21138230674e-07, 3.18381552233e-07, 7.85062468367e-08, 2.28884204034e-07, 2.42324006194e-07, 1.07583474573e-07, 8.46304359925e-08, 1.02412855085e-07, 4.83588884492e-08, 3.86284533249e-08, 5.68198075257e-08, 8.76330901178e-08, 8.40509812861e-08, 9.48013934021e-08, 5.18893976675e-08, 1.03244680361e-07, 1.06994392013e-07, 2.47777744988e-08, 2.96331386096e-08, 6.56546959021e-08, 4.5244572533e-08, 2.31876313705e-08, 1.63450923907e-08, 1.52930752506e-08, 1.10760387528e-08, 6.77125511217e-09, 9.01633789852e-09, 5.0330246637e-09, 1.96246996431e-09, 2.22207571787e-10, 6.45275797856e-15],
        "var": [4.0718703409e-10, 3.92764754054e-09, 2.71524602802e-09, 1.98157157349e-09, 2.91605378733e-10, 7.69805941214e-10, 1.06970166058e-09, 1.25805910134e-09, 6.89405155185e-09, 3.07351677442e-09, 6.05156313949e-10, 4.31706032034e-10, 3.68846841958e-10, 6.75109204651e-11, 1.91007418215e-10, 6.48178524743e-11, 1.47080680968e-10, 6.89910212293e-11, 1.58378258425e-11, 3.37987415833e-11, 1.25234310769e-11, 1.25846286517e-11, 4.22509284503e-11, 5.3829420088e-11, 1.91954629275e-11, 1.11245101672e-11, 1.27029281191e-11, 3.9853810356e-12, 4.8181814441e-13, 6.61787194055e-13, 4.663422426e-13, 1.04433802372e-13, 2.6194085624e-14, 1.11502637906e-14, 1.13250608978e-14, 3.40732026165e-15, 7.175143569e-16, 9.7803228355e-17, 2.72853403946e-18, 3.02033368446e-21]
    },
    "mfcc": {
        "dmean": [32.9097328186, 11.4340629578, 18.3324489594, 9.33339881897, 9.96372890472, 9.53614044189, 10.6305198669, 7.90365505219, 6.34964561462, 6.50685405731, 6.40181255341, 6.52436447144, 6.30535840988],
        "dmean2": [57.3330574036, 18.6021137238, 28.5421504974, 16.0253810883, 17.0395202637, 16.3974590302, 17.8947124481, 14.0503978729, 10.7212705612, 10.2344293594, 10.5386667252, 10.5168027878, 9.87959384918],
        "dvar": [630.250793457, 87.9444351196, 159.976394653, 85.2799758911, 69.3225631714, 52.5236320496, 81.0846786499, 31.3378601074, 32.4249687195, 26.6090984344, 27.9442958832, 25.5326251984, 28.2280597687],
        "dvar2": [1617.00256348, 209.167938232, 540.182373047, 189.7240448, 175.449310303, 142.116134644, 205.222167969, 106.31427002, 89.6519165039, 65.060256958, 75.7752761841, 75.6654205322, 74.8815765381],
        "max": [-669.441345215, 166.256652832, 23.388343811, 84.7543182373, 17.2732543945, 28.1869773865, 20.90990448, 30.1005592346, 3.26594924927, 32.0793609619, 17.2635688782, 26.0664634705, 4.63389968872],
        "mean": [-758.057678223, 136.271240234, -18.315788269, 37.8168182373, -18.2532081604, 4.0877199173, -12.892783165, 7.01479768753, -10.8185806274, 10.858669281, -2.74513244629, 5.72321844101, -9.1106710434],
        "median": [-759.778503418, 140.578460693, -16.6202392578, 34.7832527161, -20.3781661987, 3.72543334961, -13.6487197876, 6.24588012695, -9.38837814331, 11.413236618, -2.50063705444, 5.59041404724, -7.97884941101],
        "min": [-881.352416992, 83.7630233765, -76.2959442139, 3.94699478149, -44.048828125, -19.2756614685, -37.7692451477, -12.2563476562, -37.7563400269, -19.7278823853, -19.5499897003, -12.5640335083, -36.7534866333],
        "var": [1199.76708984, 301.146575928, 376.745361328, 183.058517456, 119.629432678, 81.6866073608, 121.234565735, 64.2058944702, 60.1787338257, 59.6835098267, 44.1168785095, 38.4882316589, 62.9445648193],
        "cov": [[1207.17297363, -314.308135986, -557.418334961, 116.355278015, -23.2366065979, -42.8660316467, -32.8478660583, 84.7331695557, -77.4958953857, -10.2631750107, 14.0143318176, 28.6485404968, -106.907615662], [-314.308135986, 303.005493164, 170.72088623, -163.191207886, -65.2410430908, 32.1107025146, 21.9774227142, -72.8873062134, 43.5001411438, 15.9795913696, 23.8673381805, 19.1501350403, 45.0955467224], [-557.418334961, 170.72088623, 379.070953369, -18.3887233734, 9.86727428436, 28.7867469788, -1.79395627975, -29.6687259674, 37.0049209595, 2.31508421898, -6.61471223831, -9.8424282074, 50.5515899658], [116.355278015, -163.191207886, -18.3887233734, 184.18850708, 88.567527771, -46.0087738037, -43.6943283081, 35.4640045166, -22.9453716278, -9.117146492, -11.9474935532, -16.5145683289, -13.8242387772], [-23.2366065979, -65.2410430908, 9.86727428436, 88.567527771, 120.367889404, -19.086648941, -42.504447937, 18.757276535, -7.99706792831, -4.51584005356, -16.4908905029, -14.3794107437, -2.71233534813], [-42.8660316467, 32.1107025146, 28.7867469788, -46.0087738037, -19.086648941, 82.1908493042, 62.7749214172, 4.33684396744, -1.08618474007, -22.4751720428, -6.20696020126, -3.75512290001, -18.4285793304], [-32.8478660583, 21.9774227142, -1.79395627975, -43.6943283081, -42.504447937, 62.7749214172, 121.982925415, 20.0315170288, -27.0299777985, -26.7367172241, -12.9761075974, 2.59968614578, -12.4676618576], [84.7331695557, -72.8873062134, -29.6687259674, 35.4640045166, 18.757276535, 4.33684396744, 20.0315170288, 64.6022262573, -10.6951723099, -22.9896011353, -10.3191862106, -3.04703235626, -11.1945705414], [-77.4958953857, 43.5001411438, 37.0049209595, -22.9453716278, -7.99706792831, -1.08618474007, -27.0299777985, -10.6951723099, 60.5502090454, 23.3950157166, 0.429428607225, -6.62958431244, 4.55521392822], [-10.2631750107, 15.9795913696, 2.31508421898, -9.117146492, -4.51584005356, -22.4751720428, -26.7367172241, -22.9896011353, 23.3950157166, 60.0519256592, 12.8361368179, -4.93803453445, 8.71686935425], [14.0143318176, 23.8673381805, -6.61471223831, -11.9474935532, -16.4908905029, -6.20696020126, -12.9761075974, -10.3191862106, 0.429428607225, 12.8361368179, 44.3892059326, 14.6017885208, -3.90119314194], [28.6485404968, 19.1501350403, -9.8424282074, -16.5145683289, -14.3794107437, -3.75512290001, 2.59968614578, -3.04703235626, -6.62958431244, -4.93803453445, 14.6017885208, 38.7258148193, 19.2590045929], [-106.907615662, 45.0955467224, 50.5515899658, -13.8242387772, -2.71233534813, -18.4285793304, -12.4676618576, -11.1945705414, 4.55521392822, 8.71686935425, -3.90119314194, 19.2590045929, 63.3331108093]],
        "icov": [[0.00986603554338, -0.0104725621641, 0.0150400688872, -0.0150233209133, 0.013495082967, -0.0137159684673, 0.0171749703586, -0.016423817724, 0.013865002431, -0.0123565029353, 0.013989857398, -0.0137302987278, 0.0116322627291], [-0.0104725621641, 0.0279686041176, -0.0213706698269, 0.0289196576923, -0.0189287494868, 0.0208288226277, -0.0249851997942, 0.0289051495492, -0.0221649855375, 0.0196047890931, -0.0237664561719, 0.0154008790851, -0.0160329025239], [0.0150400688872, -0.0213706698269, 0.0285619776696, -0.0278755649924, 0.0213462114334, -0.0251890346408, 0.027722587809, -0.0267625320703, 0.0208393372595, -0.0191747155041, 0.022242937237, -0.0178886502981, 0.0139840971678], [-0.0150233209133, 0.0289196576923, -0.0278755649924, 0.0445121973753, -0.0300383716822, 0.031614728272, -0.0303155295551, 0.0296050142497, -0.0231775958091, 0.0243063177913, -0.0276091694832, 0.0230859164149, -0.0172070860863], [0.013495082967, -0.0189287494868, 0.0213462114334, -0.0300383716822, 0.0357071533799, -0.0254808086902, 0.0327569395304, -0.0284985899925, 0.0247751157731, -0.0205014143139, 0.026832934469, -0.0183360651135, 0.0164574496448], [-0.0137159684673, 0.0208288226277, -0.0251890346408, 0.031614728272, -0.0254808086902, 0.0511953644454, -0.0407860986888, 0.029735499993, -0.0281174778938, 0.0275725331157, -0.0245749168098, 0.0201266799122, -0.0093517517671], [0.0171749703586, -0.0249851997942, 0.027722587809, -0.0303155295551, 0.0327569395304, -0.0407860986888, 0.0549581460655, -0.0403878949583, 0.0384240671992, -0.027897592634, 0.0355188027024, -0.0264883823693, 0.0225710384548], [-0.016423817724, 0.0289051495492, -0.0267625320703, 0.0296050142497, -0.0284985899925, 0.029735499993, -0.0403878949583, 0.0586687996984, -0.0333957783878, 0.0330946743488, -0.0300662778318, 0.0240656901151, -0.0219535622746], [0.013865002431, -0.0221649855375, 0.0208393372595, -0.0231775958091, 0.0247751157731, -0.0281174778938, 0.0384240671992, -0.0333957783878, 0.0508582144976, -0.0310954377055, 0.02975278534, -0.0192051399499, 0.0203291829675], [-0.0123565029353, 0.0196047890931, -0.0191747155041, 0.0243063177913, -0.0205014143139, 0.0275725331157, -0.027897592634, 0.0330946743488, -0.0310954377055, 0.04694557935, -0.031373757869, 0.0275280736387, -0.0212324317545], [0.013989857398, -0.0237664561719, 0.022242937237, -0.0276091694832, 0.026832934469, -0.0245749168098, 0.0355188027024, -0.0300662778318, 0.02975278534, -0.031373757869, 0.0608754754066, -0.0387372486293, 0.0301410593092], [-0.0137302987278, 0.0154008790851, -0.0178886502981, 0.0230859164149, -0.0183360651135, 0.0201266799122, -0.0264883823693, 0.0240656901151, -0.0192051399499, 0.0275280736387, -0.0387372486293, 0.0648215934634, -0.035220220685], [0.0116322627291, -0.0160329025239, 0.0139840971678, -0.0172070860863, 0.0164574496448, -0.0093517517671, 0.0225710384548, -0.0219535622746, 0.0203291829675, -0.0212324317545, 0.0301410593092, -0.035220220685, 0.0444966591895]]
    }
}

}