{
"metadata": {
    "version": {
        "essentia": "2.0.1",
        "extractor": "archive-music 1.0 mod ismir14"
    },
    "audio_properties": {
        "analysis_sample_rate": 44100,
        "bitrate": 128,
        "channels": 2,
        "equal_loudness": 0,
        "length": 30.0669155121,
        "replay_gain": -13.8883152008,
        "downmix": "mix"
    },
    "tags": {
        "track": 0,
        "year": 0,
        "album": "",
        "artist": "",
        "comment": "",
        "genre": "",
        "title": ""
    }
},
"rhythm": {
    "bpm": 90.2942581177,
    "bpm_histogram_first_peak": 91,
    "bpm_histogram_first_peak_spread": 0.31707316637,
    "bpm_histogram_first_peak_weight": 0.651162803173,
    "bpm_histogram_second_peak": 83,
    "bpm_histogram_second_peak_spread": 0.5,
    "bpm_histogram_second_peak_weight": 0.0232558138669
},
"tonal": {
    "tuning_frequency": {
        "dmean": 0.0610588937998,
        "dmean2": 0.101856678724,
        "dvar": 0.161081582308,
        "dvar2": 0.250158160925,
        "max": 452.37008667,
        "mean": 450.511108398,
        "median": 450.544708252,
        "min": 448.985931396,
        "var": 0.382129669189
    },
    "hpcp": {
        "dmean": [0.281908422709, 0.0753224268556, 0.161800920963, 0.1656165272, 0.382990270853, 0.297247648239, 0.124727129936, 0.316991537809, 0.132896080613, 0.0925334244967, 0.123431310058, 0.14453099668],
        "dmean2": [0.501268386841, 0.121969163418, 0.272235065699, 0.299783915281, 0.685194075108, 0.529059708118, 0.208938911557, 0.530360102654, 0.22672688961, 0.160460710526, 0.217565000057, 0.255746901035],
        "dvar": [0.0965098440647, 0.00844523962587, 0.0365611314774, 0.0565275251865, 0.0956117585301, 0.0795473009348, 0.0167163535953, 0.0868313610554, 0.028729615733, 0.0171742718667, 0.0280335564166, 0.036259252578],
        "dvar2": [0.174904793501, 0.019540861249, 0.0871997922659, 0.165372550488, 0.239941447973, 0.189981579781, 0.0416983477771, 0.177322909236, 0.0904387235641, 0.0487540736794, 0.0737670212984, 0.101304881275],
        "max": [1, 0.577634334564, 1, 1, 1, 1, 0.735906422138, 1, 1, 1, 1, 1],
        "mean": [0.567600905895, 0.0822610482574, 0.189102947712, 0.151786640286, 0.412817448378, 0.385669708252, 0.132338792086, 0.429082810879, 0.12109746784, 0.0990076139569, 0.12190862, 0.147148102522],
        "median": [0.578204095364, 0.056038942188, 0.101536236703, 0.0733657628298, 0.298876494169, 0.257099360228, 0.0746118500829, 0.280339956284, 0.0711373239756, 0.0671072602272, 0.0703713148832, 0.0840082541108],
        "min": [0.00596922403201, 0.00215081730857, 0.00989646464586, 0.00844927597791, 0.0139793688431, 0.0103345615789, 0.00527927698568, 0.00527182593942, 0.00160577252973, 0.00434102024883, 0.00425625080243, 0.00522817485034],
        "var": [0.155442893505, 0.0102814650163, 0.0467931479216, 0.0501199141145, 0.121859781444, 0.12737108767, 0.020770907402, 0.146196916699, 0.0250773318112, 0.0143989361823, 0.0247712172568, 0.0312206987292]
    }
},
"lowlevel": {
    "melbands": {
        "dmean": [6.63824685034e-05, 0.00016807008069, 4.80653980048e-05, 3.05262365146e-05, 2.7870399208e-05, 1.97347762878e-05, 2.86755257548e-05, 3.90144959965e-05, 6.91846435075e-05, 4.8682151828e-05, 1.93554278667e-05, 2.20569054363e-05, 2.7996751669e-05, 9.50134563027e-06, 1.70935472852e-05, 1.93458745343e-05, 5.13241184308e-06, 3.18089064422e-06, 1.41521672958e-06, 1.63828178756e-06, 3.10761788569e-06, 2.29000966101e-06, 4.14844043917e-06, 3.26516124005e-06, 1.85267208508e-06, 2.20028255171e-06, 1.90373941678e-06, 1.13466899165e-06, 5.01187287227e-07, 4.26926334285e-07, 2.03614888505e-07, 8.15895120354e-08, 4.68910847928e-08, 4.14565661799e-08, 3.59612783996e-08, 2.77714455876e-08, 1.82325656795e-08, 1.2054570675e-08, 3.59112362069e-09, 2.44413489447e-10],
        "dmean2": [0.000106196435809, 0.000276435224805, 8.47497358336e-05, 5.32196136191e-05, 4.95496533404e-05, 3.46697197529e-05, 5.00865789945e-05, 7.19914532965e-05, 0.000125842532725, 8.88795620995e-05, 3.71509631805e-05, 4.10362845287e-05, 5.14882558491e-05, 1.76522571564e-05, 3.06120673486e-05, 3.54015392077e-05, 9.71556983131e-06, 5.86673058933e-06, 2.59076000475e-06, 2.94953565572e-06, 5.67830647924e-06, 4.30102636528e-06, 7.86356031313e-06, 6.0288602981e-06, 3.44385261997e-06, 4.08558798881e-06, 3.52136112269e-06, 2.09945119423e-06, 9.23697541566e-07, 8.02991507953e-07, 3.81452196052e-07, 1.53784000645e-07, 8.79269279608e-08, 7.63808145621e-08, 6.64129302663e-08, 4.97386203335e-08, 3.41743238153e-08, 2.20337081913e-08, 6.50898090981e-09, 4.54459775368e-10],
        "dvar": [2.25982321744e-09, 1.69033107511e-08, 2.65667754462e-09, 6.14106876462e-10, 1.40001166216e-09, 4.43102915471e-10, 2.37042208084e-09, 2.63983523929e-09, 6.66136434901e-09, 1.00824752991e-08, 5.78108139138e-09, 1.26673727063e-09, 3.0915938698e-09, 2.09696315867e-10, 5.54990498003e-10, 9.5822849655e-10, 3.16040499326e-10, 4.15839064571e-11, 2.40168171808e-12, 1.8101722378e-12, 7.64051062002e-12, 5.60260431798e-12, 1.98913437804e-11, 8.31182171701e-12, 2.67534215267e-12, 4.84369272122e-12, 3.60280967386e-12, 1.38824281931e-12, 2.43148085216e-13, 2.00476855711e-13, 3.60022036868e-14, 4.9755981636e-15, 1.65454788999e-15, 1.20811705756e-15, 1.13810798452e-15, 7.44422476051e-16, 3.50716400561e-16, 1.97183036488e-16, 1.41395623475e-17, 7.77039638006e-20],
        "dvar2": [5.66593039153e-09, 4.56018227624e-08, 7.42949923804e-09, 1.73620684496e-09, 3.76864317531e-09, 1.1328779026e-09, 6.22331075562e-09, 7.78645770083e-09, 1.98487200009e-08, 2.73245337468e-08, 1.72254672748e-08, 3.75419872967e-09, 8.53768966635e-09, 6.17564943628e-10, 1.46561418557e-09, 2.52598719719e-09, 9.41464128879e-10, 1.21396698249e-10, 6.65520373186e-12, 4.9660514416e-12, 1.90005615408e-11, 1.53388655943e-11, 5.46189829476e-11, 2.23221840318e-11, 7.45855634199e-12, 1.35775184498e-11, 9.95003992393e-12, 3.79699787237e-12, 6.79246155849e-13, 5.52593778028e-13, 1.04948811956e-13, 1.46735159695e-14, 4.83352278626e-15, 3.3187062158e-15, 3.17269382932e-15, 2.20064580708e-15, 1.06182027977e-15, 5.89823134249e-16, 4.2859212004e-17, 2.35565735614e-19],
        "max": [0.000290078605758, 0.000781120790634, 0.000386767555028, 0.00014825600374, 0.000326309964294, 0.000187938683666, 0.000456033914816, 0.00027569924714, 0.000431630003732, 0.000815948005766, 0.000701379380189, 0.000199358095415, 0.000362068967661, 8.48355921335e-05, 0.000117867311928, 0.000172825617483, 0.000162174983416, 4.5601711463e-05, 1.08456397356e-05, 6.78231936035e-06, 1.51092008309e-05, 1.2161783161e-05, 2.60686047113e-05, 1.41309619721e-05, 8.47129194881e-06, 1.22773590192e-05, 9.04504577193e-06, 7.2620678111e-06, 3.06639162773e-06, 2.93291168418e-06, 1.06360550944e-06, 5.08404241373e-07, 2.25319936931e-07, 2.13675079408e-07, 2.03428726309e-07, 1.72525844278e-07, 1.03079543123e-07, 8.60610285258e-08, 2.31920402882e-08, 2.30948615787e-09],
        "mean": [9.83506251941e-05, 0.000261136883637, 8.4301631432e-05, 4.00316312152e-05, 2.69842839771e-05, 2.13830771827e-05, 2.87563216261e-05, 3.45979606209e-05, 5.90180789004e-05, 3.56933451258e-05, 1.4048495359e-05, 1.74026699824e-05, 2.01857747015e-05, 8.23983828013e-06, 1.41117798194e-05, 1.50096329889e-05, 3.80170763492e-06, 2.72232136922e-06, 1.54197255142e-06, 1.86374802524e-06, 2.77772414847e-06, 2.12149575418e-06, 3.64462403013e-06, 2.82928886008e-06, 1.79475716777e-06, 1.99353667085e-06, 1.60334309385e-06, 9.70573864834e-07, 4.80610481191e-07, 3.73966429379e-07, 2.08644920008e-07, 1.05398093808e-07, 6.76548168599e-08, 5.81487960005e-08, 5.30836530288e-08, 4.40038014915e-08, 2.4053118608e-08, 1.60297410901e-08, 4.42492087416e-09, 2.53574689024e-10],
        "median": [9.16413555387e-05, 0.000222307062359, 7.34290006221e-05, 3.30406692228e-05, 1.72094751179e-05, 1.44849591379e-05, 1.58513812494e-05, 1.90408536582e-05, 3.24790889863e-05, 7.72960356699e-06, 5.78479512114e-06, 6.96815914125e-06, 4.16079910792e-06, 3.55205543201e-06, 5.56880877411e-06, 4.29346073361e-06, 1.72091063178e-06, 1.28893941564e-06, 1.17701233648e-06, 1.45972103383e-06, 1.72395539266e-06, 1.29231466417e-06, 2.14521492126e-06, 1.62840660778e-06, 1.26961435853e-06, 1.19899482343e-06, 8.78100365753e-07, 5.64494655464e-07, 3.26625894331e-07, 2.38672583919e-07, 1.56148971087e-07, 8.73434871096e-08, 5.55807204705e-08, 4.84809490331e-08, 4.57367121953e-08, 3.99058031064e-08, 1.97858955886e-08, 1.28367210195e-08, 3.51272055887e-09, 1.76779715866e-10],
        "min": [5.91244088355e-06, 1.18410216601e-05, 1.16175842777e-05, 4.2775059228e-06, 5.15886142693e-07, 9.34887566473e-07, 1.66679205904e-06, 1.00855208984e-06, 6.85674478973e-07, 6.18997148649e-07, 2.58543963128e-07, 5.08459663706e-07, 2.121617797e-07, 4.31340026807e-07, 5.90231252318e-07, 3.68768979797e-07, 1.33048757789e-07, 2.08521129252e-07, 1.40614574207e-07, 2.09613418178e-07, 2.2939489952e-07, 1.84592565233e-07, 1.60494039392e-07, 1.39344734862e-07, 1.65877352742e-07, 1.36818570695e-07, 8.87432420882e-08, 5.56559633935e-08, 4.37392841945e-08, 3.93614918437e-08, 2.26569536466e-08, 1.31625261801e-08, 6.8914114415e-09, 7.05070446472e-09, 5.72754066397e-09, 4.39644232131e-09, 3.77814357577e-09, 2.23718799042e-09, 8.00707777859e-10, 3.32901870133e-12],
        "var": [3.70165764707e-09, 2.93306321453e-08, 3.13814063624e-09, 8.03499933255e-10, 1.18187737375e-09, 5.11675535275e-10, 2.0050738847e-09, 2.07813499742e-09, 6.07022299093e-09, 7.0118817419e-09, 3.12706593952e-09, 9.04462671425e-10, 2.08920036826e-09, 1.56009261065e-10, 4.45446401987e-10, 7.39154515372e-10, 1.6970125305e-10, 2.80495141003e-11, 2.1328880502e-12, 2.09733641045e-12, 7.66248176021e-12, 5.00008151202e-12, 1.6054860566e-11, 7.9171001352e-12, 2.4420333377e-12, 3.93764448131e-12, 3.01294753036e-12, 1.16540392787e-12, 2.14390639031e-13, 1.59137961597e-13, 3.25595060353e-14, 5.5585571546e-15, 1.84940856066e-15, 1.39844705487e-15, 1.02707160014e-15, 6.42787363287e-16, 3.04113838943e-16, 1.64875519048e-16, 1.25162435565e-17, 6.40698171826e-20]
    },
    "mfcc": {
        "dmean": [40.5917625427, 11.5787296295, 18.6813087463, 11.9763298035, 10.7788448334, 10.943772316, 10.572479248, 7.78993415833, 5.02645683289, 6.59539365768, 7.32876300812, 5.68727827072, 6.23600244522],
        "dmean2": [75.7222824097, 19.5005283356, 32.0778617859, 18.8389186859, 18.7624473572, 18.2621746063, 17.0009441376, 12.7603206635, 8.28897953033, 11.0602436066, 12.3488273621, 9.60252857208, 10.802778244],
        "dvar": [788.132324219, 75.8505249023, 168.35055542, 87.3166656494, 56.4552726746, 76.8531112671, 73.100227356, 42.0378379822, 15.6298780441, 25.920545578, 28.8367366791, 19.0794391632, 17.6364421844],
        "dvar2": [2441.29516602, 206.856216431, 543.035888672, 209.795272827, 177.46421814, 224.698654175, 202.104690552, 112.806129456, 37.9198570251, 72.4485321045, 69.0421981812, 55.6540603638, 51.4118919373],
        "max": [-688.616821289, 174.002929688, 18.2798080444, 72.2196960449, 16.7282180786, 35.732170105, 26.9236526489, 46.1192169189, 4.17681503296, 33.8682403564, 16.2676429749, 28.2505893707, 10.654914856],
        "mean": [-748.250976562, 142.173751831, -21.9252414703, 40.3878822327, -8.69471359253, 6.25158929825, 3.23092222214, 15.8582334518, -7.28739833832, 10.5209417343, -0.0316877774894, 12.7188253403, -3.01786375046],
        "median": [-747.083129883, 143.034988403, -23.0538978577, 39.1425132751, -9.68655395508, 6.7940826416, 3.54207992554, 15.3320045471, -7.10977172852, 10.3869056702, -0.164562225342, 12.762676239, -2.77418518066],
        "min": [-841.639465332, 108.426239014, -54.6192550659, 4.0179901123, -34.8477745056, -19.0672492981, -20.1571178436, -2.53120422363, -21.4972820282, -11.3924446106, -17.6582603455, -1.821434021, -18.7982978821],
        "var": [904.69921875, 139.394180298, 257.573822021, 196.720779419, 103.366584778, 94.1994476318, 101.050231934, 67.3216629028, 30.8927879333, 55.9889945984, 47.7548866272, 34.7831268311, 33.2385520935],
        "cov": [[910.283752441, -6.67465829849, -354.013549805, 6.79980707169, -181.080932617, -86.9225845337, -49.8480949402, -16.9533653259, -40.1718254089, -15.7596855164, -46.4743728638, 0.262424618006, -48.9854393005], [-6.67465829849, 140.254638672, 17.1725616455, -110.821540833, -35.9481048584, 7.32946920395, 24.4507198334, 11.2511615753, -14.1965303421, -0.277186512947, 41.2521057129, 4.62043237686, -1.12247002125], [-354.013549805, 17.1725616455, 259.163787842, -18.2894191742, 95.3245849609, 27.2390766144, -12.9658536911, 4.10143041611, 10.9634628296, 23.714509964, -0.395225435495, -8.06188011169, 14.6312303543], [6.79980707169, -110.821540833, -18.2894191742, 197.935119629, 47.9873275757, -25.751531601, -54.7727622986, -28.8637332916, 35.6082077026, 16.4672336578, -35.4265060425, -13.280831337, 18.9094467163], [-181.080932617, -35.9481048584, 95.3245849609, 47.9873275757, 104.004653931, 10.7962274551, -9.72964477539, -17.1805496216, 16.2407283783, 30.6880989075, -8.86709594727, 0.567028105259, 2.34798622131], [-86.9225845337, 7.32946920395, 27.2390766144, -25.751531601, 10.7962274551, 94.780921936, 61.3047294617, 17.9355201721, -9.74931716919, -5.7493853569, 33.462978363, -5.78259181976, -13.7755565643], [-49.8480949402, 24.4507198334, -12.9658536911, -54.7727622986, -9.72964477539, 61.3047294617, 101.673995972, 44.2234573364, -8.86701107025, -17.2721996307, 30.597120285, 14.6233224869, -9.62503147125], [-16.9533653259, 11.2511615753, 4.10143041611, -28.8637332916, -17.1805496216, 17.9355201721, 44.2234573364, 67.7372360229, 5.72841644287, -20.3598022461, 9.73265171051, 9.88862705231, 7.34311723709], [-40.1718254089, -14.1965303421, 10.9634628296, 35.6082077026, 16.2407283783, -9.74931716919, -8.86701107025, 5.72841644287, 31.0834846497, 19.9141159058, -1.6140666008, 1.48281049728, 9.70199871063], [-15.7596855164, -0.277186512947, 23.714509964, 16.4672336578, 30.6880989075, -5.7493853569, -17.2721996307, -20.3598022461, 19.9141159058, 56.3346061707, 8.60744857788, -2.02618098259, -2.72390818596], [-46.4743728638, 41.2521057129, -0.395225435495, -35.4265060425, -8.86709594727, 33.462978363, 30.597120285, 9.73265171051, -1.6140666008, 8.60744857788, 48.0496673584, 10.8379545212, -4.02448558807], [0.262424618006, 4.62043237686, -8.06188011169, -13.280831337, 0.567028105259, -5.78259181976, 14.6233224869, 9.88862705231, 1.48281049728, -2.02618098259, 10.8379545212, 34.9978370667, 9.544298172], [-48.9854393005, -1.12247002125, 14.6312303543, 18.9094467163, 2.34798622131, -13.7755565643, -9.62503147125, 7.34311723709, 9.70199871063, -2.72390818596, -4.02448558807, 9.544298172, 33.4437294006]],
        "icov": [[0.00743231829256, -0.00539357727394, 0.00729035306722, -0.00488524930552, 0.00937824510038, -0.00433602370322, 0.00675315642729, -0.00769650842994, 0.0132287768647, -0.0128511600196, 0.0163855385035, -0.0105675682425, 0.0115701444447], [-0.00539357727394, 0.0235043764114, -0.007180291228, 0.0129004530609, -0.00467453198507, 0.0111288651824, -0.00755679700524, 0.00883710570633, -0.0107621271163, 0.0105112101883, -0.0287919677794, 0.0167527832091, -0.0147343818098], [0.00729035306722, -0.007180291228, 0.016338583082, -0.000917595229112, -0.000955321418587, -0.008728553541, 0.0120532521978, -0.0109368581325, 0.0118162380531, -0.0121165262535, 0.0178641732782, -0.00743654789403, 0.00600741663948], [-0.00488524930552, 0.0129004530609, -0.000917595229112, 0.0196890216321, -0.0124620962888, 0.00231492193416, -0.000546245777514, 0.00928436778486, -0.0222395658493, 0.013350263238, -0.0144680831581, 0.0143761495128, -0.0161254741251], [0.00937824510038, -0.00467453198507, -0.000955321418587, -0.0124620962888, 0.0381372980773, -0.00736405840144, 0.0029387078248, -0.00413244357333, 0.016345500946, -0.0251734498888, 0.0267313458025, -0.0221321731806, 0.0198267772794], [-0.00433602370322, 0.0111288651824, -0.008728553541, 0.00231492193416, -0.00736405840144, 0.0354009121656, -0.02172161825, 0.00708991894498, -0.00107098254375, 0.0114213805646, -0.0334780365229, 0.0230585876852, -0.00554538937286], [0.00675315642729, -0.00755679700524, 0.0120532521978, -0.000546245777514, 0.0029387078248, -0.02172161825, 0.0371015034616, -0.0205443240702, 0.0109873600304, -0.00937971845269, 0.0166771691293, -0.019932275638, 0.0144524015486], [-0.00769650842994, 0.00883710570633, -0.0109368581325, 0.00928436778486, -0.00413244357333, 0.00708991894498, -0.0205443240702, 0.0397394672036, -0.0341092683375, 0.0253470540047, -0.0186423007399, 0.0116698360071, -0.0164830833673], [0.0132287768647, -0.0107621271163, 0.0118162380531, -0.0222395658493, 0.016345500946, -0.00107098254375, 0.0109873600304, -0.0341092683375, 0.0980930551887, -0.0517242588103, 0.0270724389702, -0.0184140037745, 0.0113261677325], [-0.0128511600196, 0.0105112101883, -0.0121165262535, 0.013350263238, -0.0251734498888, 0.0114213805646, -0.00937971845269, 0.0253470540047, -0.0517242588103, 0.061493396759, -0.0425555370748, 0.0228196159005, -0.0141306482255], [0.0163855385035, -0.0287919677794, 0.0178641732782, -0.0144680831581, 0.0267313458025, -0.0334780365229, 0.0166771691293, -0.0186423007399, 0.0270724389702, -0.0425555370748, 0.0936826094985, -0.0460929013789, 0.0297330860049], [-0.0105675682425, 0.0167527832091, -0.00743654789403, 0.0143761495128, -0.0221321731806, 0.0230585876852, -0.019932275638, 0.0116698360071, -0.0184140037745, 0.0228196159005, -0.0460929013789, 0.0650130808353, -0.0339380726218], [0.0115701444447, -0.0147343818098, 0.00600741663948, -0.0161254741251, 0.0198267772794, -0.00554538937286, 0.0144524015486, -0.0164830833673, 0.0113261677325, -0.0141306482255, 0.0297330860049, -0.0339380726218, 0.0657717958093]]
    }
}

}