{
"metadata": {
    "version": {
        "essentia": "2.0.1",
        "extractor": "archive-music 1.0 mod ismir14"
    },
    "audio_properties": {
        "analysis_sample_rate": 44100,
        "bitrate": 32,
        "channels": 2,
        "equal_loudness": 0,
        "length": 30.0408172607,
        "replay_gain": -8.82323265076,
        "downmix": "mix"
    },
    "tags": {
        "track": 7,
        "year": 0,
        "album": "The Cool Jazz Collection",
        "artist": "Astrud Gilberto",
        "comment": "",
        "genre": "Jazz",
        "title": "Girl From Ipanema"
    }
},
"rhythm": {
    "bpm": 130.35269165,
    "bpm_histogram_first_peak": 129,
    "bpm_histogram_first_peak_spread": 0.482758641243,
    "bpm_histogram_first_peak_weight": 0.47619047761,
    "bpm_histogram_second_peak": 123,
    "bpm_histogram_second_peak_spread": 0,
    "bpm_histogram_second_peak_weight": 0.047619048506
},
"tonal": {
    "tuning_frequency": {
        "dmean": 0.211896926165,
        "dmean2": 0.381132900715,
        "dvar": 1.48579514027,
        "dvar2": 3.10495615005,
        "max": 443.316436768,
        "mean": 441.330047607,
        "median": 442.548919678,
        "min": 431.692352295,
        "var": 8.6124830246
    },
    "hpcp": {
        "dmean": [0.0780527293682, 0.240516856313, 0.122721292078, 0.258013367653, 0.123837456107, 0.123878158629, 0.208504781127, 0.0499528236687, 0.215215325356, 0.15320456028, 0.203451320529, 0.180526033044],
        "dmean2": [0.138727098703, 0.415337711573, 0.214499533176, 0.458944708109, 0.22115547955, 0.229191631079, 0.380517542362, 0.0945768281817, 0.397958785295, 0.286286145449, 0.390358150005, 0.319545567036],
        "dvar": [0.0346548371017, 0.0922715216875, 0.051545009017, 0.104899995029, 0.0480700135231, 0.0598576031625, 0.087882861495, 0.0236071832478, 0.0844226330519, 0.0775200352073, 0.095948792994, 0.0839834064245],
        "dvar2": [0.0885794758797, 0.173355489969, 0.123784720898, 0.243825808167, 0.104242905974, 0.155616953969, 0.178935572505, 0.0578941144049, 0.240392059088, 0.228964924812, 0.279024422169, 0.199482440948],
        "max": [1, 1, 1, 1, 1, 1, 1, 1, 1, 1, 1, 1],
        "mean": [0.0614140853286, 0.307951301336, 0.0931064486504, 0.31325507164, 0.123683482409, 0.120137229562, 0.235655263066, 0.0628215447068, 0.212264969945, 0.115602456033, 0.167676866055, 0.171176627278],
        "median": [0.00721477624029, 0.118516758084, 0.00964847113937, 0.0891322791576, 0.0273639038205, 0.015223255381, 0.0712869167328, 0.00679980637506, 0.048611279577, 0.0157941710204, 0.0335451588035, 0.0269895493984],
        "min": [6.0893027694e-05, 3.15177567245e-05, 3.70352609025e-05, 0.000236827996559, 4.85431264678e-05, 0.000112452275062, 7.42625634302e-05, 6.13860975136e-05, 3.73855300495e-06, 6.01430256211e-05, 4.73100044474e-05, 0.000355671800207],
        "var": [0.0279396791011, 0.138590037823, 0.0418767854571, 0.152824223042, 0.0559635907412, 0.0647979080677, 0.115065127611, 0.0413972437382, 0.104490995407, 0.064234033227, 0.0912078544497, 0.0903330892324]
    }
},
"lowlevel": {
    "melbands": {
        "dmean": [0.000126089275, 0.000308414135361, 0.000310557457851, 0.000159657371114, 0.000102768994111, 3.10951763822e-05, 1.59341598192e-05, 2.25133699132e-05, 9.3485632533e-06, 6.86540943207e-06, 6.96287088431e-06, 9.20365164347e-06, 1.32251852847e-06, 1.01701061794e-06, 1.56330634127e-06, 1.05666015315e-06, 8.21675769203e-07, 2.68208424359e-07, 3.09551580813e-07, 3.03461320073e-07, 1.24536271073e-07, 1.75501767785e-07, 2.17395481172e-07, 1.82993687758e-07, 6.43456772309e-08, 4.93982952321e-08, 6.44455795396e-08, 1.05323373134e-07, 8.88937492505e-08, 1.12773570038e-07, 2.09973521237e-07, 3.81080042189e-07, 4.29586833661e-07, 2.51027728382e-07, 1.12968571386e-07, 7.29216154127e-08, 5.66672007096e-08, 4.0787753619e-08, 5.33537338754e-08, 8.20473502472e-08],
        "dmean2": [0.000200614449568, 0.000478616886539, 0.000506313284859, 0.000260764965788, 0.000160984825925, 5.04564413859e-05, 2.83379631583e-05, 4.00506905862e-05, 1.66078461916e-05, 1.22602805277e-05, 1.27016346596e-05, 1.7093572751e-05, 2.32671050071e-06, 1.88717842775e-06, 2.75843080999e-06, 1.96801579477e-06, 1.55703844484e-06, 4.86509577513e-07, 5.86945759551e-07, 5.71683472117e-07, 2.2355470719e-07, 3.07595570348e-07, 3.84505653983e-07, 3.3378603348e-07, 1.11014266224e-07, 8.60622506593e-08, 1.13785546318e-07, 1.96679479814e-07, 1.60740938782e-07, 2.05394954378e-07, 3.83308531582e-07, 7.01487181232e-07, 8.13391579868e-07, 4.4686066758e-07, 2.01236986186e-07, 1.30972011902e-07, 1.02833176641e-07, 7.30007982952e-08, 9.73094458345e-08, 1.52045103619e-07],
        "dvar": [7.36274188284e-08, 9.43203417592e-08, 1.33278149406e-07, 9.01334757941e-08, 1.78103558568e-08, 1.98936711548e-09, 1.24323307205e-09, 1.53913504164e-09, 3.58803819989e-10, 2.47071169079e-10, 1.63784791285e-10, 2.22559148888e-09, 6.30057724743e-12, 4.04554731728e-12, 1.64159744825e-11, 7.60937233363e-12, 8.67197546411e-12, 2.29860916542e-13, 8.45101007403e-13, 9.02984284568e-13, 5.75010145835e-14, 8.18812791008e-14, 1.62778820913e-13, 1.48832389555e-13, 1.1114306395e-14, 1.04674823903e-14, 2.30417999947e-14, 1.43578250959e-13, 3.38432996634e-14, 8.32209328576e-14, 3.33893421809e-13, 1.13877787408e-12, 1.67531895474e-12, 7.13233779762e-13, 6.7678508468e-14, 1.76764696901e-14, 1.05248019569e-14, 6.74059247953e-15, 1.86803240113e-14, 5.15028524114e-14],
        "dvar2": [1.77583714844e-07, 2.14739813487e-07, 2.84643789428e-07, 2.19514760147e-07, 3.61569547636e-08, 3.69593977645e-09, 3.36212768737e-09, 4.32207025725e-09, 1.05426445351e-09, 6.96527058253e-10, 4.74926431515e-10, 6.45615116923e-09, 1.73989885e-11, 1.1680663381e-11, 4.18987934625e-11, 2.19596823364e-11, 2.53848123077e-11, 6.3002413616e-13, 2.4099318461e-12, 2.57335017011e-12, 1.65473971331e-13, 2.22552025094e-13, 4.57300592793e-13, 4.30647976047e-13, 2.83717039933e-14, 2.78913397505e-14, 6.50770195653e-14, 4.21362597591e-13, 9.52829869584e-14, 2.40890803398e-13, 9.34015451787e-13, 3.20219935637e-12, 4.7027780975e-12, 1.86519614857e-12, 1.78329220965e-13, 4.70569662067e-14, 2.76577178992e-14, 1.73222354294e-14, 4.91873895943e-14, 1.40538852799e-13],
        "max": [0.00186032021884, 0.00185822148342, 0.00275015854277, 0.0035742262844, 0.00105318950955, 0.000331715476932, 0.000280692183878, 0.000267612660537, 0.000104907463538, 0.000152892185724, 6.82380268699e-05, 0.00044198759133, 1.6862013581e-05, 1.46473776113e-05, 3.38717109116e-05, 2.01431103051e-05, 2.53993875958e-05, 2.79841856354e-06, 7.13323242962e-06, 6.8090989771e-06, 1.57672707246e-06, 1.90255980215e-06, 2.4873008897e-06, 3.01821319226e-06, 8.30938063245e-07, 9.65868935054e-07, 1.23727511436e-06, 3.26621125168e-06, 1.11880410714e-06, 2.20773972615e-06, 4.01674424211e-06, 6.15753288002e-06, 8.92021580512e-06, 7.85898919275e-06, 1.5262752413e-06, 5.80255004934e-07, 4.12895872159e-07, 4.42459764827e-07, 7.71660950249e-07, 1.38137659178e-06],
        "mean": [0.00010923382797, 0.000391299516195, 0.000502169888932, 0.000186512173968, 0.000139593699714, 3.98751581088e-05, 1.57013328135e-05, 1.96544224309e-05, 7.82284496381e-06, 5.23232938576e-06, 5.01574186274e-06, 5.83151268074e-06, 1.06013101231e-06, 8.11174629689e-07, 1.21923051211e-06, 7.29610178496e-07, 5.2726204558e-07, 2.07662679941e-07, 2.04368589607e-07, 2.05397427067e-07, 1.03233851689e-07, 1.61154275702e-07, 1.88256919387e-07, 1.47477507539e-07, 6.0708266858e-08, 4.40947864888e-08, 5.73316221164e-08, 7.97804773356e-08, 6.78143408095e-08, 8.13110219156e-08, 1.4472185228e-07, 2.43447573212e-07, 2.66609077926e-07, 1.69340751199e-07, 8.07232041211e-08, 5.38163753561e-08, 4.41689564923e-08, 3.34764287402e-08, 4.24964703427e-08, 6.10716810456e-08],
        "median": [3.54149233317e-05, 0.000268375209998, 0.000275398197118, 0.000113923379104, 5.85964917263e-05, 2.15051713894e-05, 5.80931691729e-06, 5.25078303326e-06, 2.34941285271e-06, 9.50911442033e-07, 8.84259691247e-07, 7.60626846841e-07, 3.3967728541e-07, 3.48415824192e-07, 3.01093365351e-07, 1.32546858822e-07, 8.71407266345e-08, 6.45575539693e-08, 2.48064235819e-08, 2.57909977819e-08, 2.74720655113e-08, 5.59195711958e-08, 6.00553207164e-08, 3.0222619074e-08, 1.73965855055e-08, 1.36051339084e-08, 1.73782783719e-08, 1.77274852575e-08, 1.33281101711e-08, 1.29292541118e-08, 1.22381669243e-08, 8.7431182294e-09, 1.10975735268e-08, 8.99135343957e-09, 7.67697994064e-09, 8.09982125816e-09, 7.32667304604e-09, 6.41444630745e-09, 5.9715667966e-09, 6.75783118353e-09],
        "min": [1.0122786307e-06, 2.30603018281e-06, 4.92188337375e-06, 9.47128512507e-07, 1.33898117838e-06, 1.933343583e-07, 1.22031821093e-07, 6.00187135547e-08, 2.41554030112e-08, 1.96240552697e-08, 1.56537485196e-08, 1.1723288118e-08, 7.62908136664e-09, 8.01905031267e-09, 2.74838729553e-09, 2.73137246154e-09, 1.76584580291e-09, 1.24762766784e-09, 7.43161976402e-10, 4.05992489627e-10, 4.02824662515e-10, 7.33789251584e-10, 8.34490754276e-10, 6.89494294992e-10, 4.58815568871e-10, 6.3287985963e-10, 8.34781799242e-10, 1.1131614519e-09, 6.52521314759e-10, 1.05020325769e-09, 1.39272593458e-09, 8.55920834208e-10, 9.60879487089e-10, 1.23914256633e-09, 7.13233749838e-10, 7.66917140904e-10, 7.45988437689e-10, 6.60111409978e-10, 7.08882452738e-10, 6.62089161274e-10],
        "var": [6.56826841805e-08, 1.63543475651e-07, 3.8907089106e-07, 1.00175448381e-07, 3.85895226884e-08, 2.95952373719e-09, 1.03484576464e-09, 1.31954913662e-09, 2.72996292239e-10, 2.0636560516e-10, 1.18223597578e-10, 1.25326671263e-09, 4.84617857996e-12, 2.58304532277e-12, 1.33427383725e-11, 4.75916007991e-12, 4.72522585296e-12, 1.71051554539e-13, 4.99747216266e-13, 5.49469649468e-13, 3.95233806349e-14, 6.65996866488e-14, 1.18176003922e-13, 9.9867027625e-14, 1.18344749826e-14, 8.76760415571e-15, 1.62893837823e-14, 7.81376509719e-14, 2.16859069222e-14, 5.33824117451e-14, 2.22056842857e-13, 7.00369829406e-13, 1.01510640171e-12, 5.05630639355e-13, 4.90264296174e-14, 1.30901166236e-14, 8.1286177469e-15, 5.52055205681e-15, 1.40747509201e-14, 3.49416134048e-14]
    },
    "mfcc": {
        "dmean": [46.3002128601, 33.8383636475, 21.4180412292, 16.4130859375, 11.1581840515, 13.368847847, 10.5904750824, 9.13011741638, 7.76280164719, 10.0576143265, 7.37143564224, 7.04154777527, 6.42215967178],
        "dmean2": [72.4547119141, 53.5043869019, 33.1789131165, 26.3001556396, 16.3524341583, 21.6894283295, 17.4547557831, 14.4308805466, 12.7696142197, 15.8493833542, 11.7142496109, 11.7877864838, 9.70412445068],
        "dvar": [1129.0802002, 834.439453125, 294.656677246, 153.810028076, 71.5557327271, 114.277984619, 69.1276321411, 56.6738929749, 32.9599838257, 62.1455917358, 34.6215934753, 30.8376979828, 25.2107715607],
        "dvar2": [3076.06201172, 1939.06018066, 807.92956543, 353.31060791, 157.967773438, 292.636108398, 165.490249634, 144.92741394, 93.2841644287, 149.67767334, 85.7264251709, 71.8444290161, 68.7006149292],
        "max": [-728.463317871, 213.189666748, 126.410316467, 100.095352173, 34.9627380371, 55.4352035522, 29.9699993134, 37.3743667603, 19.293056488, 21.5590133667, 27.8940811157, 34.1814117432, 12.5883674622],
        "mean": [-851.428222656, 151.956726074, 62.9633636475, 29.170167923, 6.9628367424, 6.94513273239, 1.50964725018, 3.20616173744, -5.59473705292, -11.5383768082, -4.26673126221, -1.34753382206, -6.54785585403],
        "median": [-845.80267334, 158.45149231, 64.0087280273, 26.7544975281, 8.52238845825, 9.08187675476, 3.78189849854, 3.50118255615, -5.94964981079, -11.0607948303, -4.07766342163, -1.82734870911, -5.61027145386],
        "min": [-995.756774902, 45.992275238, 5.40761184692, -15.6715393066, -37.3221435547, -41.2767524719, -41.8301277161, -21.4107131958, -30.9057807922, -41.0356063843, -34.8985939026, -24.3035697937, -33.038974762],
        "var": [3131.66479492, 1340.44396973, 642.549682617, 437.56451416, 181.04498291, 207.475357056, 175.906219482, 122.901443481, 75.0442199707, 151.998138428, 120.004226685, 94.1175384521, 68.0427398682],
        "cov": [[3150.99609375, -523.332885742, -339.891296387, -80.5340423584, -130.761886597, -51.8892440796, -253.737030029, 25.0236415863, 115.143882751, 174.217712402, 137.213623047, 24.2904033661, -120.886184692], [-523.332885742, 1348.71838379, -371.644042969, -231.64465332, 138.59173584, -114.362258911, 131.2865448, 83.3780822754, -46.9643478394, -21.2920818329, -24.0110321045, -1.09196817875, -64.9769973755], [-339.891296387, -371.644042969, 646.516052246, 104.24823761, -128.499633789, 148.753768921, 20.5687866211, -64.0711593628, -8.31729793549, -111.225860596, 49.0050201416, -21.6015911102, 91.4361419678], [-80.5340423584, -231.64465332, 104.24823761, 440.265533447, 118.895545959, -108.730628967, -78.2537918091, 19.7587890625, -21.8170928955, -114.367744446, -9.72404766083, -41.2488632202, 43.5952110291], [-130.761886597, 138.59173584, -128.499633789, 118.895545959, 182.162536621, -56.4092597961, -25.0516395569, 14.9103765488, -2.07737255096, -17.6904945374, -34.2355041504, 12.6515331268, -12.570813179], [-51.8892440796, -114.362258911, 148.753768921, -108.730628967, -56.4092597961, 208.756072998, 60.6955184937, -8.8776140213, 29.9412670135, 50.4372024536, 39.4437637329, 11.4438686371, 19.7232608795], [-253.737030029, 131.2865448, 20.5687866211, -78.2537918091, -25.0516395569, 60.6955184937, 176.99206543, 22.251083374, -10.9606523514, 21.711977005, -0.915265023708, 32.5720481873, 7.61090707779], [25.0236415863, 83.3780822754, -64.0711593628, 19.7587890625, 14.9103765488, -8.8776140213, 22.251083374, 123.660095215, 14.0339050293, -10.6867179871, 34.5749168396, -5.31811285019, -3.54258751869], [115.143882751, -46.9643478394, -8.31729793549, -21.8170928955, -2.07737255096, 29.9412670135, -10.9606523514, 14.0339050293, 75.5074539185, 50.6866607666, 11.3975696564, -10.390745163, 0.275751024485], [174.217712402, -21.2920818329, -111.225860596, -114.367744446, -17.6904945374, 50.4372024536, 21.711977005, -10.6867179871, 50.6866607666, 152.936401367, 6.92639303207, 13.9634418488, -28.4775123596], [137.213623047, -24.0110321045, 49.0050201416, -9.72404766083, -34.2355041504, 39.4437637329, -0.915265023708, 34.5749168396, 11.3975696564, 6.92639303207, 120.744995117, -15.1651763916, 9.53544902802], [24.2904033661, -1.09196817875, -21.6015911102, -41.2488632202, 12.6515331268, 11.4438686371, 32.5720481873, -5.31811285019, -10.390745163, 13.9634418488, -15.1651763916, 94.6985092163, -4.93621492386], [-120.886184692, -64.9769973755, 91.4361419678, 43.5952110291, -12.570813179, 19.7232608795, 7.61090707779, -3.54258751869, 0.275751024485, -28.4775123596, 9.53544902802, -4.93621492386, 68.4627609253]],
        "icov": [[0.000568797753658, 0.000168676924659, 0.000522892107256, -0.000213715335121, 0.000819125503767, -4.82012546854e-05, 0.000671864370815, 0.000132009605295, -0.000686899176799, 8.24091548566e-05, -0.000705172424205, -0.000604307977483, 0.000790282501839], [0.000168676924659, 0.00169397913851, 0.000295313278912, 0.00184242625255, -0.0019758506678, 0.00126003602054, -0.00122182106134, -0.000476660759887, 0.000286038091872, 0.00102095783222, -0.000637597695459, 0.00114667031448, 0.000318319885992], [0.000522892107256, 0.000295313278912, 0.00504326308146, -0.0021090733353, 0.00390014448203, -0.00350332004018, -0.000102237441752, 0.00294988555834, -0.00251965294592, 0.00428082654253, -0.00144527398515, -0.000954591087066, -0.000376371754101], [-0.000213715335121, 0.00184242625255, -0.0021090733353, 0.00742273265496, -0.00682948902249, 0.00424126069993, -0.0008282068884, -0.00214056787081, 0.00158017326612, 0.00105468987022, -0.000270283198915, 0.00324587081559, -0.00232907105237], [0.000819125503767, -0.0019758506678, 0.00390014448203, -0.00682948902249, 0.0145691931248, -0.00390487420373, 0.00275102187879, 0.00189290544949, -0.00375119736418, 0.00133820471819, 0.000892380950972, -0.00497380597517, 0.00239208200946], [-4.82012546854e-05, 0.00126003602054, -0.00350332004018, 0.00424126069993, -0.00390487420373, 0.01110177394, -0.00271791336127, -0.0012814180227, -0.000423545803642, -0.00313447299413, -0.00183054839727, 0.00115968950558, -0.00155401416123], [0.000671864370815, -0.00122182106134, -0.000102237441752, -0.0008282068884, 0.00275102187879, -0.00271791336127, 0.00990275479853, -0.0024434782099, 0.00210572220385, -0.00255176401697, 0.000983903300948, -0.00342464493588, -0.00070240907371], [0.000132009605295, -0.000476660759887, 0.00294988555834, -0.00214056787081, 0.00189290544949, -0.0012814180227, -0.0024434782099, 0.0125502459705, -0.00538413086906, 0.00446701608598, -0.00420769257471, -0.000709412212018, 0.00125644460786], [-0.000686899176799, 0.000286038091872, -0.00251965294592, 0.00158017326612, -0.00375119736418, -0.000423545803642, 0.00210572220385, -0.00538413086906, 0.0225820187479, -0.00938441418111, 0.00178782746661, 0.00377720338292, -0.00363303953782], [8.24091548566e-05, 0.00102095783222, 0.00428082654253, 0.00105468987022, 0.00133820471819, -0.00313447299413, -0.00255176401697, 0.00446701608598, -0.00938441418111, 0.0162486750633, -0.00185114215128, -0.000790423655417, 0.00338649749756], [-0.000705172424205, -0.000637597695459, -0.00144527398515, -0.000270283198915, 0.000892380950972, -0.00183054839727, 0.000983903300948, -0.00420769257471, 0.00178782746661, -0.00185114215128, 0.0118486853316, 0.00153132469859, -0.00170086836442], [-0.000604307977483, 0.00114667031448, -0.000954591087066, 0.00324587081559, -0.00497380597517, 0.00115968950558, -0.00342464493588, -0.000709412212018, 0.00377720338292, -0.000790423655417, 0.00153132469859, 0.0143002420664, -0.00120029330719], [0.000790282501839, 0.000318319885992, -0.000376371754101, -0.00232907105237, 0.00239208200946, -0.00155401416123, -0.00070240907371, 0.00125644460786, -0.00363303953782, 0.00338649749756, -0.00170086836442, -0.00120029330719, 0.0208934042603]]
    }
}

}