{
"metadata": {
    "version": {
        "essentia": "2.0.1",
        "extractor": "archive-music 1.0 mod ismir14"
    },
    "audio_properties": {
        "analysis_sample_rate": 44100,
        "bitrate": 32,
        "channels": 2,
        "equal_loudness": 0,
        "length": 30.0408172607,
        "replay_gain": -12.206199646,
        "downmix": "mix"
    },
    "tags": {
        "track": 6,
        "year": 0,
        "album": "Swing Classics (Jazz & Tzaz 70)",
        "artist": "Benny Carter",
        "comment": "",
        "genre": "Jazz",
        "title": "Babalu"
    }
},
"rhythm": {
    "bpm": 92.4049606323,
    "bpm_histogram_first_peak": 92,
    "bpm_histogram_first_peak_spread": 0.613636374474,
    "bpm_histogram_first_peak_weight": 0.377777785063,
    "bpm_histogram_second_peak": 99,
    "bpm_histogram_second_peak_spread": 0,
    "bpm_histogram_second_peak_weight": 0.0222222227603
},
"tonal": {
    "tuning_frequency": {
        "dmean": 0.43154925108,
        "dmean2": 0.728469014168,
        "dvar": 4.68623256683,
        "dvar2": 7.98376703262,
        "max": 455.779724121,
        "mean": 438.600708008,
        "median": 440.254241943,
        "min": 432.191345215,
        "var": 9.91050052643
    },
    "hpcp": {
        "dmean": [0.0925162062049, 0.178039163351, 0.0760351791978, 0.224080786109, 0.144074812531, 0.102065145969, 0.212315812707, 0.0742375180125, 0.182595163584, 0.0880065560341, 0.140337303281, 0.211209401488],
        "dmean2": [0.16481423378, 0.312600135803, 0.138541251421, 0.403258889914, 0.252271085978, 0.184504911304, 0.367983698845, 0.135096237063, 0.299875378609, 0.158035174012, 0.23872487247, 0.362211227417],
        "dvar": [0.0376000590622, 0.0528359748423, 0.0290522575378, 0.0739785432816, 0.0564274452627, 0.0171305928379, 0.0753511115909, 0.0160398483276, 0.0400670617819, 0.0224234983325, 0.0345429033041, 0.0522153936327],
        "dvar2": [0.109739460051, 0.127278029919, 0.0831025093794, 0.157173842192, 0.116657398641, 0.0492544807494, 0.128250032663, 0.0451322123408, 0.0843492746353, 0.0642313361168, 0.0820892974734, 0.119628481567],
        "max": [1, 1, 1, 1, 1, 1, 1, 0.612328469753, 1, 1, 1, 1],
        "mean": [0.081068828702, 0.245602637529, 0.0653006583452, 0.458166986704, 0.264417350292, 0.114540718496, 0.353996872902, 0.0668759420514, 0.423232108355, 0.0803240910172, 0.213774576783, 0.404765814543],
        "median": [0.0277403388172, 0.116290740669, 0.0268584452569, 0.305576205254, 0.0998816564679, 0.0796160176396, 0.174026891589, 0.0348571948707, 0.293208420277, 0.0401515252888, 0.149128392339, 0.328524798155],
        "min": [0.00125610735267, 0.00320660276338, 0.00108409987297, 0.00177360186353, 0.00124695838895, 0.00351904192939, 0.00374713307247, 0.00302698928863, 0.0119901681319, 0.00300362450071, 0.00258358079009, 0.00316036376171],
        "var": [0.0247071385384, 0.074946500361, 0.018641911447, 0.138875082135, 0.123742304742, 0.0144724315032, 0.139666229486, 0.0105584030971, 0.114198073745, 0.0150038786232, 0.0473671108484, 0.11430580169]
    }
},
"lowlevel": {
    "melbands": {
        "dmean": [1.5898546053e-06, 9.54817369347e-06, 6.89127045916e-06, 1.52846914716e-05, 1.72453874256e-05, 2.8660566386e-05, 2.19896373892e-05, 6.34382013232e-05, 3.57210556103e-05, 2.56069215538e-05, 1.4994596313e-05, 1.19929809443e-05, 1.09549891931e-05, 9.54397182795e-06, 1.91722847376e-05, 1.38345276355e-05, 8.7163725766e-06, 5.59141381018e-06, 5.43249279872e-06, 6.59610577713e-06, 1.75767468136e-06, 2.32025740843e-06, 1.15117438781e-06, 1.00212150755e-06, 1.54453709911e-06, 4.47226796041e-07, 2.89866449066e-07, 3.22667233377e-07, 3.14626049658e-07, 3.35499208859e-07, 1.67086568581e-07, 8.47566994366e-08, 5.86940558378e-08, 2.52205918372e-08, 1.08394262455e-08, 9.30027521662e-09, 2.27905250227e-09, 3.87536863711e-10, 1.39554021117e-10, 6.81454476181e-11],
        "dmean2": [2.79331334241e-06, 1.69577269844e-05, 1.25303567984e-05, 2.75170586974e-05, 3.0874463846e-05, 4.93221850775e-05, 3.39371326845e-05, 0.000104117571027, 6.07518304605e-05, 4.38090974058e-05, 2.46046365646e-05, 1.92461866391e-05, 1.83500287676e-05, 1.74299275386e-05, 3.34739306709e-05, 2.29840497923e-05, 1.39281792144e-05, 9.72775524133e-06, 9.02934698388e-06, 1.10190949272e-05, 3.04264995066e-06, 4.01153738494e-06, 1.97311078409e-06, 1.76363812443e-06, 2.69636166195e-06, 7.85023871686e-07, 5.19823402101e-07, 5.63572939427e-07, 5.4025576901e-07, 6.14165571733e-07, 3.04396309048e-07, 1.56540494345e-07, 1.07470718547e-07, 4.62474964991e-08, 1.98194936019e-08, 1.61704409862e-08, 4.1321328581e-09, 6.94920399003e-10, 2.54186283133e-10, 1.23105997618e-10],
        "dvar": [2.59286732709e-12, 1.50399151466e-10, 4.11031660097e-11, 2.43773168318e-10, 3.77877756863e-10, 1.10542630605e-09, 7.20693837941e-10, 1.23603456359e-08, 3.40865602411e-09, 1.13984788275e-09, 4.50137760399e-10, 2.90594187602e-10, 2.54007453959e-10, 2.38231601113e-10, 8.3465201417e-10, 6.03280592149e-10, 2.23307358715e-10, 8.78692466011e-11, 6.86784587534e-11, 1.46780129717e-10, 4.40633033533e-12, 1.20425319022e-11, 1.90222490537e-12, 1.8486221668e-12, 4.92284555134e-12, 7.82943859485e-13, 2.15977016545e-13, 3.16146360393e-13, 1.87705062539e-13, 2.10306584972e-13, 6.83567650183e-14, 2.28970539225e-14, 1.33516083999e-14, 2.51731945056e-15, 3.54817628212e-16, 2.39621623842e-16, 1.12335403708e-17, 4.38975703794e-19, 4.98835695109e-20, 1.00836507455e-20],
        "dvar2": [6.59103197367e-12, 4.22898938091e-10, 1.15997947359e-10, 7.60030594016e-10, 1.22279275594e-09, 3.60461105409e-09, 1.76150627418e-09, 3.02650917661e-08, 8.89839046891e-09, 3.31001692722e-09, 1.06752306994e-09, 7.26174009813e-10, 6.8539124376e-10, 7.11032566159e-10, 2.15392326197e-09, 1.0257557026e-09, 4.76956030226e-10, 2.71138195229e-10, 1.8025228532e-10, 3.95782157048e-10, 1.16229673455e-11, 3.29362127849e-11, 4.4927134929e-12, 5.52079692726e-12, 1.4365217349e-11, 2.09117705791e-12, 6.70139996013e-13, 8.7450912397e-13, 5.65688717657e-13, 6.02619299947e-13, 2.06408498691e-13, 6.78520282495e-14, 3.87558264832e-14, 7.53497809394e-15, 1.04450989094e-15, 6.56272551324e-16, 3.10698534108e-17, 1.22535320279e-18, 1.39571011937e-19, 2.74563572721e-20],
        "max": [7.99290864961e-06, 9.26927386899e-05, 4.6879205911e-05, 0.000113587499072, 0.000110410539492, 0.000159190210979, 0.000252886238741, 0.000733367283829, 0.000348188565113, 0.000206720389542, 0.000107631480205, 0.000117327137559, 9.63886850514e-05, 0.000104032864328, 0.000163501434145, 0.000146886319271, 0.000119449177873, 5.89865958318e-05, 5.41836125194e-05, 0.000110225751996, 1.13466385301e-05, 2.69353877229e-05, 1.03248739833e-05, 7.95100550022e-06, 1.23943691506e-05, 6.8885519795e-06, 2.52725772043e-06, 3.61593356502e-06, 2.10500297726e-06, 2.50005496127e-06, 1.47753416968e-06, 8.43181624077e-07, 6.15064891463e-07, 2.68509069201e-07, 8.57212683059e-08, 1.08054720727e-07, 2.00734753264e-08, 3.3817850742e-09, 1.00246844159e-09, 5.55286649995e-10],
        "mean": [2.40563394982e-06, 1.40126721817e-05, 9.28840108827e-06, 2.03102790692e-05, 2.58273939835e-05, 3.69069821318e-05, 3.39552170772e-05, 8.38928972371e-05, 4.59438924736e-05, 2.74508438451e-05, 1.78664904524e-05, 1.42825474541e-05, 1.23944164443e-05, 9.30661008169e-06, 1.91078761418e-05, 1.55732413987e-05, 1.11647441372e-05, 5.48753632756e-06, 4.76074228573e-06, 6.39099698674e-06, 1.86946897429e-06, 2.62337448476e-06, 1.30253454245e-06, 1.074024226e-06, 1.48090100538e-06, 4.86551016365e-07, 2.60519158246e-07, 2.79263502989e-07, 2.90763779276e-07, 3.0782388194e-07, 1.45835272747e-07, 6.84101664206e-08, 4.4336928795e-08, 1.81871850913e-08, 8.18569567684e-09, 7.62411822564e-09, 2.11966955099e-09, 3.16172560355e-10, 1.18148421602e-10, 6.73187963707e-11],
        "median": [1.85308533673e-06, 1.12914794954e-05, 7.20787829778e-06, 1.61027783179e-05, 2.06042241189e-05, 2.51546007348e-05, 1.47915307025e-05, 2.2962816729e-05, 1.36608841785e-05, 1.08846870717e-05, 6.00204384682e-06, 3.90821332985e-06, 5.5149871514e-06, 4.71120074508e-06, 6.22849938736e-06, 3.97925532525e-06, 2.52421136793e-06, 1.91616254597e-06, 1.00205670606e-06, 1.88519356925e-06, 8.26147868338e-07, 1.16758064905e-06, 6.58726946767e-07, 5.51798621018e-07, 3.87541234659e-07, 1.97818010861e-07, 9.86506449863e-08, 5.5188269954e-08, 1.2572384378e-07, 1.14007264074e-07, 4.50559660692e-08, 1.76914678462e-08, 6.3557377139e-09, 2.00711069986e-09, 1.24005483659e-09, 1.24221688491e-09, 5.69104374737e-10, 7.49074829942e-11, 3.81451814579e-11, 2.72777807286e-11],
        "min": [2.74320825611e-07, 1.55876773533e-06, 4.69400362135e-07, 1.06424749902e-07, 6.47054392289e-08, 8.45800585125e-08, 9.47198515178e-08, 6.97805830896e-08, 1.83436235091e-08, 1.70514606879e-08, 1.14824612041e-08, 9.87980275369e-09, 1.00375743273e-08, 7.85073517307e-09, 7.16984649429e-09, 1.61911017926e-09, 2.40557929132e-09, 1.34082545067e-09, 1.60150093187e-09, 6.81997569529e-10, 4.47319847829e-10, 7.34069416364e-10, 5.49092049607e-10, 2.66832694829e-10, 2.26280300053e-10, 1.15334644613e-10, 1.24588589445e-10, 8.37222929873e-11, 6.95281332508e-11, 4.75350904472e-11, 3.86757049997e-11, 2.81795697887e-11, 2.77919857267e-11, 1.93933376302e-11, 1.54911014572e-11, 1.56910786447e-11, 9.88793855822e-12, 5.55235067992e-12, 4.57134980911e-12, 4.79024242148e-12],
        "var": [2.98643445043e-12, 1.29936533755e-10, 5.6081247285e-11, 3.04739983248e-10, 4.91671370284e-10, 1.37863598315e-09, 1.78227466119e-09, 1.86526385448e-08, 4.45885950384e-09, 1.31483068877e-09, 6.13308015485e-10, 4.16167378336e-10, 3.45014877778e-10, 1.78109083038e-10, 8.4772511233e-10, 8.7066143184e-10, 4.64221994179e-10, 9.06023311931e-11, 7.1872584273e-11, 1.79284559421e-10, 5.52719458743e-12, 1.74200376346e-11, 2.9878189766e-12, 1.94733877461e-12, 5.2898124249e-12, 9.05095334618e-13, 1.80520054742e-13, 3.39557348168e-13, 1.89478735978e-13, 2.13970375164e-13, 6.21911850902e-14, 1.75995302994e-14, 1.05768851658e-14, 1.91022616155e-15, 2.88961795945e-16, 2.4784983424e-16, 1.26552620118e-17, 3.67680593208e-19, 4.24405757409e-20, 1.04385920076e-20]
    },
    "mfcc": {
        "dmean": [56.9707107544, 18.6164417267, 23.1455249786, 9.07818984985, 12.2086381912, 8.86648654938, 7.21565389633, 6.45638990402, 5.36159706116, 5.22481441498, 4.60940027237, 5.50983476639, 4.57830619812],
        "dmean2": [94.5411300659, 31.2251834869, 38.9286422729, 14.6224451065, 21.2991218567, 14.7492647171, 11.65620327, 10.5677270889, 8.9352273941, 8.72794818878, 7.19929981232, 9.40040397644, 7.45856142044],
        "dvar": [2469.32104492, 264.726287842, 525.537841797, 61.8095474243, 117.996055603, 58.4736404419, 35.2275886536, 21.7841396332, 20.6513690948, 20.1611385345, 13.6096811295, 22.1123943329, 12.2471904755],
        "dvar2": [6639.60888672, 735.517028809, 1275.14587402, 182.100540161, 320.49621582, 150.212982178, 106.101806641, 68.0943069458, 54.6218109131, 51.2423706055, 29.2071094513, 54.5526390076, 29.8582992554],
        "max": [-687.754943848, 207.178771973, 60.0048561096, 56.1026611328, 20.7443389893, 37.8557510376, 12.0606575012, 5.13249969482, 16.7350196838, 11.7057209015, 20.0198631287, 23.3429203033, 6.582862854],
        "mean": [-817.654418945, 165.213088989, -40.8615112305, 12.6465339661, -14.9096050262, -3.79409575462, -8.97317028046, -9.9307975769, -2.27999377251, -6.34456253052, 1.38524341583, 4.2837023735, -5.4527554512],
        "median": [-797.476074219, 171.335906982, -51.7182579041, 9.95802688599, -13.0752677917, -5.59537506104, -9.98413848877, -11.1026763916, -2.43473052979, -6.79090118408, 1.29624557495, 3.40952301025, -5.72571563721],
        "min": [-1049.95996094, 87.3379211426, -94.9825134277, -18.8320121765, -45.2824249268, -26.9660758972, -41.9397163391, -25.7627716064, -18.1848678589, -25.9366989136, -12.3662014008, -16.9227218628, -15.3162345886],
        "var": [6288.22998047, 676.486938477, 1317.38671875, 256.506988525, 274.325622559, 148.020675659, 90.0575027466, 46.7115440369, 43.7243919373, 55.7279701233, 38.7063446045, 77.9701156616, 26.0272712708],
        "cov": [[6327.04638672, 184.35824585, -2790.14282227, 236.176773071, -1036.58068848, 24.6977806091, -455.342651367, -66.9721374512, -48.2824058533, -123.68863678, 82.4797668457, 175.13494873, -126.426132202], [184.35824585, 680.662780762, -54.1117095947, -286.886230469, -53.8036613464, -251.544830322, 55.5407485962, -88.0271682739, 54.4241790771, -105.602378845, 2.63267564774, 85.6780929565, -16.6346893311], [-2790.14282227, -54.1117095947, 1325.51867676, -103.167320251, 444.194793701, 5.88009881973, 193.030471802, 45.1188926697, 12.2971010208, 64.5664520264, -43.9445724487, -74.5070495605, 56.8315353394], [236.176773071, -286.886230469, -103.167320251, 258.090362549, 38.6935043335, 109.784721375, -40.9095535278, 7.98006248474, -42.5851974487, 14.2656164169, -11.5488710403, -62.3202400208, -9.95306396484], [-1036.58068848, -53.8036613464, 444.194793701, 38.6935043335, 276.018981934, 26.6564311981, 68.822052002, -1.20190942287, -30.4189052582, 18.7845020294, -28.2853736877, -69.0690689087, 11.0907392502], [24.6977806091, -251.544830322, 5.88009881973, 109.784721375, 26.6564311981, 148.934371948, -8.88109874725, 47.6923332214, -30.7950115204, 38.3542823792, -9.7895565033, -52.438167572, 2.60787010193], [-455.342651367, 55.5407485962, 193.030471802, -40.9095535278, 68.822052002, -8.88109874725, 90.6134109497, 12.1369047165, 11.5351543427, -14.3003501892, -19.4771633148, -13.6483707428, 5.00167417526], [-66.9721374512, -88.0271682739, 45.1188926697, 7.98006248474, -1.20190942287, 47.6923332214, 12.1369047165, 46.9998855591, 1.0554959774, 23.5484161377, -1.33093690872, -7.41261053085, 9.88687133789], [-48.2824058533, 54.4241790771, 12.2971010208, -42.5851974487, -30.4189052582, -30.7950115204, 11.5351543427, 1.0554959774, 43.9942970276, -5.68688869476, 13.5906953812, 24.4725952148, 3.87052249908], [-123.68863678, -105.602378845, 64.5664520264, 14.2656164169, 18.7845020294, 38.3542823792, -14.3003501892, 23.5484161377, -5.68688869476, 56.0719718933, 14.7681655884, -9.41304969788, 9.41722774506], [82.4797668457, 2.63267564774, -43.9445724487, -11.5488710403, -28.2853736877, -9.7895565033, -19.4771633148, -1.33093690872, 13.5906953812, 14.7681655884, 38.945274353, 26.6685237885, 2.29801988602], [175.13494873, 85.6780929565, -74.5070495605, -62.3202400208, -69.0690689087, -52.438167572, -13.6483707428, -7.41261053085, 24.4725952148, -9.41304969788, 26.6685237885, 78.4514160156, 3.10934519768], [-126.426132202, -16.6346893311, 56.8315353394, -9.95306396484, 11.0907392502, 2.60787010193, 5.00167417526, 9.88687133789, 3.87052249908, 9.41722774506, 2.29801988602, 3.10934519768, 26.1879348755]],
        "icov": [[0.206138238311, -0.292999863625, 0.282864689827, -0.265668600798, 0.27493724227, -0.257837474346, 0.247235193849, -0.230388209224, 0.199610680342, -0.164353266358, 0.149855896831, -0.127529218793, 0.0748108029366], [-0.292999863625, 0.424633681774, -0.400867462158, 0.384064167738, -0.392290711403, 0.373464494944, -0.353853106499, 0.330518305302, -0.283203959465, 0.240308225155, -0.214741766453, 0.182967633009, -0.104554608464], [0.282864689827, -0.400867462158, 0.391152620316, -0.362655937672, 0.372897833586, -0.352541983128, 0.336882263422, -0.316444307566, 0.271478205919, -0.227625980973, 0.207499489188, -0.175443023443, 0.100912861526], [-0.265668600798, 0.384064167738, -0.362655937672, 0.355359315872, -0.358049631119, 0.332373946905, -0.317300647497, 0.300913155079, -0.256872743368, 0.219263762236, -0.195145905018, 0.168199777603, -0.0947166383266], [0.27493724227, -0.392290711403, 0.372897833586, -0.358049631119, 0.380485028028, -0.344527333975, 0.325848400593, -0.301634252071, 0.273866891861, -0.221248090267, 0.197148770094, -0.165661618114, 0.0990611761808], [-0.257837474346, 0.373464494944, -0.352541983128, 0.332373946905, -0.344527333975, 0.34948849678, -0.311095267534, 0.27257412672, -0.243021503091, 0.207461178303, -0.190586984158, 0.167929440737, -0.0904164165258], [0.247235193849, -0.353853106499, 0.336882263422, -0.317300647497, 0.325848400593, -0.311095267534, 0.322827488184, -0.289051324129, 0.232525989413, -0.186501145363, 0.183829575777, -0.150854170322, 0.092049062252], [-0.230388209224, 0.330518305302, -0.316444307566, 0.300913155079, -0.301634252071, 0.27257412672, -0.289051324129, 0.311827629805, -0.228357598186, 0.169549688697, -0.159834459424, 0.137250900269, -0.0926010534167], [0.199610680342, -0.283203959465, 0.271478205919, -0.256872743368, 0.273866891861, -0.243021503091, 0.232525989413, -0.228357598186, 0.233740478754, -0.153718456626, 0.129823297262, -0.123297385871, 0.0709811151028], [-0.164353266358, 0.240308225155, -0.227625980973, 0.219263762236, -0.221248090267, 0.207461178303, -0.186501145363, 0.169549688697, -0.153718456626, 0.177870959044, -0.14132617414, 0.109652638435, -0.0606919936836], [0.149855896831, -0.214741766453, 0.207499489188, -0.195145905018, 0.197148770094, -0.190586984158, 0.183829575777, -0.159834459424, 0.129823297262, -0.14132617414, 0.160675346851, -0.109115980566, 0.0537840649486], [-0.127529218793, 0.182967633009, -0.175443023443, 0.168199777603, -0.165661618114, 0.167929440737, -0.150854170322, 0.137250900269, -0.123297385871, 0.109652638435, -0.109115980566, 0.108382225037, -0.0488525889814], [0.0748108029366, -0.104554608464, 0.100912861526, -0.0947166383266, 0.0990611761808, -0.0904164165258, 0.092049062252, -0.0926010534167, 0.0709811151028, -0.0606919936836, 0.0537840649486, -0.0488525889814, 0.0747840702534]]
    }
}

}