{
"metadata": {
    "version": {
        "essentia": "2.0.1",
        "extractor": "archive-music 1.0 mod ismir14"
    },
    "audio_properties": {
        "analysis_sample_rate": 44100,
        "bitrate": 32,
        "channels": 2,
        "equal_loudness": 0,
        "length": 30.0408172607,
        "replay_gain": -13.0453701019,
        "downmix": "mix"
    },
    "tags": {
        "track": 0,
        "year": 0,
        "album": "",
        "artist": "",
        "comment": "",
        "genre": "",
        "title": ""
    }
},
"rhythm": {
    "bpm": 172.265609741,
    "bpm_histogram_first_peak": 172,
    "bpm_histogram_first_peak_spread": 0,
    "bpm_histogram_first_peak_weight": 0.441860467196,
    "bpm_histogram_second_peak": 178,
    "bpm_histogram_second_peak_spread": 0,
    "bpm_histogram_second_peak_weight": 0.430232554674
},
"tonal": {
    "tuning_frequency": {
        "dmean": 0.116911023855,
        "dmean2": 0.230238288641,
        "dvar": 1.65479040146,
        "dvar2": 3.25598692894,
        "max": 456.306610107,
        "mean": 445.577972412,
        "median": 439.491973877,
        "min": 433.942382812,
        "var": 74.8016357422
    },
    "hpcp": {
        "dmean": [0.152050927281, 0.17026810348, 0.18445751071, 0.164913147688, 0.127725988626, 0.2225651443, 0.299806773663, 0.270205646753, 0.214442893863, 0.273179203272, 0.280734211206, 0.190595194697],
        "dmean2": [0.277865707874, 0.319116920233, 0.340551912785, 0.304491102695, 0.235339075327, 0.40659737587, 0.557829856873, 0.498466491699, 0.39653980732, 0.498703747988, 0.52389472723, 0.355093359947],
        "dvar": [0.0655481666327, 0.0890868231654, 0.0877922475338, 0.0792561843991, 0.0585766173899, 0.0887978151441, 0.115857683122, 0.107790470123, 0.095713481307, 0.101989947259, 0.113309890032, 0.082983776927],
        "dvar2": [0.182873725891, 0.232393726707, 0.238903611898, 0.220260500908, 0.164488956332, 0.243753090501, 0.330336838961, 0.290724307299, 0.266596704721, 0.284850925207, 0.329339176416, 0.233938738704],
        "max": [1, 1, 1, 1, 1, 1, 1, 1, 1, 1, 1, 1],
        "mean": [0.128770053387, 0.139186069369, 0.160419568419, 0.131014287472, 0.0990641489625, 0.217574566603, 0.278275638819, 0.254533708096, 0.173035830259, 0.254167824984, 0.22935757041, 0.154142171144],
        "median": [0.0279705952853, 0.0136678693816, 0.0234668292105, 0.0182579029351, 0.0171852372587, 0.0503898896277, 0.0848741307855, 0.0634857863188, 0.028830382973, 0.0818285867572, 0.0616420805454, 0.0279636010528],
        "min": [0, 0, 0, 0, 0, 0, 0, 0, 0, 0, 0, 0],
        "var": [0.0579680874944, 0.0788596719503, 0.0847780406475, 0.0679981485009, 0.0459913089871, 0.10420511663, 0.129970937967, 0.124438226223, 0.0862806811929, 0.11332988739, 0.10807171464, 0.0760336965322]
    }
},
"lowlevel": {
    "melbands": {
        "dmean": [0.000207423086977, 0.000795642146841, 0.000939009652939, 0.000478621717775, 0.000280943902908, 0.000440285657533, 0.00054434168851, 0.000383594713639, 0.000409970874898, 0.000252653349889, 0.000123897028971, 7.91383718024e-05, 6.18839039817e-05, 4.37451890321e-05, 6.21153230895e-05, 4.06844119425e-05, 4.19042153226e-05, 3.53582727257e-05, 2.83185945591e-05, 2.34833623836e-05, 2.10365724342e-05, 2.01305520022e-05, 2.47298667091e-05, 2.54296701314e-05, 1.87939931493e-05, 1.55934212671e-05, 1.08071908471e-05, 7.38076096241e-06, 4.26371025242e-06, 3.31243973051e-06, 2.46128706749e-06, 1.50224173012e-06, 7.63373975587e-07, 6.20549485575e-07, 5.70961219637e-07, 5.02274644987e-07, 4.94690539199e-07, 3.65775917999e-07, 1.96966183807e-07, 1.01066483182e-07],
        "dmean2": [0.000355568859959, 0.0013624856947, 0.0016259016702, 0.000821694557089, 0.000475345441373, 0.000743154843803, 0.000968390726484, 0.000616914650891, 0.000683610211127, 0.000422117329435, 0.000189910235349, 0.000115084723802, 9.54303832259e-05, 6.81771634845e-05, 9.29548696149e-05, 6.40535072307e-05, 6.7080341978e-05, 5.84098161198e-05, 4.66286765004e-05, 3.94872840843e-05, 3.42442981491e-05, 3.22085506923e-05, 3.97309413529e-05, 3.99005693907e-05, 2.88597875624e-05, 2.4966602723e-05, 1.62168180395e-05, 1.14215363283e-05, 6.97007635608e-06, 5.23087237525e-06, 3.8103796669e-06, 2.44263924287e-06, 1.26137251755e-06, 1.03590650724e-06, 9.26857580907e-07, 8.20846480565e-07, 8.04058629456e-07, 5.98995541168e-07, 3.22424028809e-07, 1.65184346201e-07],
        "dvar": [8.02857726967e-08, 1.18229093005e-06, 1.45500337112e-06, 5.15497220022e-07, 1.83566726264e-07, 3.15497089787e-07, 8.46496902795e-07, 8.78268053839e-07, 5.08588811954e-07, 2.37905567246e-07, 6.57195968756e-08, 4.82726960627e-08, 4.08311571221e-08, 1.54822039633e-08, 6.96522732824e-08, 1.11606297537e-08, 1.78466272871e-08, 9.35902200183e-09, 6.60765397953e-09, 7.65241381373e-09, 3.31601968107e-09, 2.84984924548e-09, 3.66029206944e-09, 3.93001675647e-09, 2.19543561109e-09, 1.01112662687e-09, 8.44313063908e-10, 4.62907184806e-10, 7.58961088421e-11, 5.03607502922e-11, 3.36755623387e-11, 1.00769930594e-11, 2.3040527819e-12, 1.09874641937e-12, 1.23083444478e-12, 8.42547386026e-13, 8.5700717356e-13, 8.91069227953e-13, 2.7346056192e-13, 4.40019114895e-14],
        "dvar2": [2.29144049513e-07, 3.1274214507e-06, 4.00777480536e-06, 1.47770197145e-06, 4.9788133083e-07, 8.4592818439e-07, 2.40778217631e-06, 2.1279208795e-06, 1.44370142152e-06, 6.67214294481e-07, 1.57177183269e-07, 8.89183198183e-08, 9.11949129545e-08, 3.53604470149e-08, 1.79615696538e-07, 2.74653402244e-08, 4.30798081652e-08, 2.43039703918e-08, 1.77389090084e-08, 2.11036876863e-08, 8.87665763116e-09, 7.68183294753e-09, 9.87217063653e-09, 9.93155602202e-09, 5.00975749773e-09, 2.46854958696e-09, 1.59069146743e-09, 9.7754160322e-10, 1.92985225023e-10, 1.03309499844e-10, 7.18314296932e-11, 2.16655322155e-11, 5.61622580039e-12, 2.96109165833e-12, 3.39647710998e-12, 2.23446131389e-12, 2.27373632075e-12, 2.45767186983e-12, 7.79728874783e-13, 1.14176978419e-13],
        "max": [0.00394421303645, 0.015047468245, 0.0132291791961, 0.00965184904635, 0.00646058795974, 0.00610667001456, 0.010021305643, 0.0121073815972, 0.0160420872271, 0.0121377967298, 0.00487822247669, 0.00577153544873, 0.00613699993119, 0.00354582536966, 0.0100052896887, 0.00295002106577, 0.00387478410266, 0.00159443949815, 0.00128126470372, 0.00198415596969, 0.00108840235043, 0.00128165795468, 0.0011800652137, 0.00125091336668, 0.000835627433844, 0.00068888993701, 0.000687729218043, 0.000670490320772, 0.000149903993588, 0.000255949154962, 0.000194921827642, 0.000100074626971, 2.94416277029e-05, 1.98595607799e-05, 1.96509427042e-05, 1.80542574526e-05, 1.7595688405e-05, 2.34540475503e-05, 9.70413566392e-06, 5.50894628759e-06],
        "mean": [0.000253587670159, 0.00105908024125, 0.00124894222245, 0.000711231958121, 0.000373598653823, 0.000647193053737, 0.000648148998152, 0.000498471432365, 0.000754594919272, 0.000433731242083, 0.000274847930996, 0.000154347420903, 0.000108500025817, 7.7450851677e-05, 0.000118600051792, 7.27495353203e-05, 7.43488708395e-05, 6.14826567471e-05, 4.34260036855e-05, 3.84849445254e-05, 3.60287522199e-05, 3.6757770431e-05, 5.54250327696e-05, 6.13068114035e-05, 3.925216879e-05, 3.35251243087e-05, 2.73502173513e-05, 1.56535534188e-05, 8.31494708109e-06, 6.86999737809e-06, 5.54807365916e-06, 3.41015584127e-06, 1.68541953371e-06, 1.33319588258e-06, 1.29337877297e-06, 1.0689437886e-06, 9.84258804237e-07, 7.01815508819e-07, 3.81787032211e-07, 2.01393646648e-07],
        "median": [0.000125466904137, 0.000549636257347, 0.000707929953933, 0.00037658365909, 0.000200263864826, 0.000370695226593, 0.000280769745586, 0.000158557129907, 0.000268453091849, 0.000152360487846, 0.000118909905723, 4.87167926622e-05, 2.17314318434e-05, 2.2044259822e-05, 4.01409633923e-05, 1.95980246644e-05, 1.72800337168e-05, 1.32264713102e-05, 1.12552306746e-05, 7.50684330342e-06, 7.62690615375e-06, 7.41892563383e-06, 6.47213528282e-06, 5.68998211747e-06, 7.96085623733e-06, 8.73736917129e-06, 3.25968198922e-06, 3.70230827684e-06, 3.830339665e-06, 2.35905008594e-06, 1.4036166931e-06, 1.25461235712e-06, 7.76645549649e-07, 7.37015454888e-07, 6.71010070619e-07, 5.58501369596e-07, 5.89008607221e-07, 3.82323634085e-07, 1.97022828274e-07, 1.20220391864e-07],
        "min": [5.39448822797e-14, 1.2117876147e-12, 1.80765591298e-12, 2.03250177105e-12, 1.7348528213e-12, 1.13081289124e-12, 7.62942877278e-13, 1.76793670849e-12, 3.3893029442e-12, 3.01086759691e-12, 1.11250039129e-12, 3.00840515693e-13, 4.92141538026e-13, 3.03867011848e-13, 6.66231609811e-13, 2.20746055983e-12, 5.55397134533e-12, 4.43056355492e-12, 9.98321434201e-13, 1.9941330759e-13, 9.08193604956e-14, 4.26291082512e-13, 4.05898079904e-13, 3.24541229394e-13, 1.99895669136e-13, 2.4734714602e-13, 1.09310570849e-13, 9.17497821424e-14, 6.26039855806e-13, 7.72884414888e-13, 2.14202679032e-13, 2.17747112116e-13, 3.06635847356e-13, 2.54017754097e-13, 1.89386497478e-13, 2.73391010351e-13, 2.18157794347e-13, 6.13525614861e-13, 2.68521966815e-13, 7.52771800515e-14],
        "var": [1.44208911479e-07, 2.07499942917e-06, 2.38016491494e-06, 1.05757487745e-06, 2.57552670746e-07, 5.83741950777e-07, 9.60886268331e-07, 1.10063672309e-06, 2.55426766671e-06, 1.00378963452e-06, 2.191146109e-07, 1.97503311483e-07, 1.4637585366e-07, 4.23514308068e-08, 1.17618199624e-07, 3.66050301182e-08, 5.25805603502e-08, 2.47632172545e-08, 1.00540411552e-08, 1.43262806063e-08, 6.98011159983e-09, 6.30915719668e-09, 1.4490967537e-08, 2.00540348771e-08, 7.57092077919e-09, 4.53001414158e-09, 4.87904694424e-09, 1.94391769348e-09, 1.98820890307e-10, 2.73218975222e-10, 1.7131117358e-10, 4.33468538841e-11, 8.0575164596e-12, 3.64000019362e-12, 3.79972702608e-12, 1.94603751516e-12, 1.46375023647e-12, 1.05879335247e-12, 3.33788335513e-13, 7.75847620741e-14]
    },
    "mfcc": {
        "dmean": [13.1493825912, 9.95003700256, 10.0019493103, 8.02574729919, 8.39723396301, 7.73735380173, 7.80300474167, 7.4639043808, 7.07319974899, 7.09350252151, 6.84476661682, 6.6852350235, 6.8832154274],
        "dmean2": [18.0520877838, 16.1426048279, 15.6820850372, 13.1427869797, 13.7118701935, 13.0011386871, 12.8275032043, 12.3037137985, 11.5410728455, 11.6718301773, 11.3641490936, 11.2258472443, 11.5085906982],
        "dvar": [319.036132812, 68.6292648315, 71.9324645996, 40.2499732971, 45.8793754578, 36.4140853882, 35.4278907776, 34.2169761658, 29.7802658081, 29.4882640839, 27.3821659088, 26.4568920135, 28.5393314362],
        "dvar2": [548.008239746, 167.747360229, 183.099441528, 106.316581726, 121.4633255, 98.9913024902, 96.7445068359, 93.1641769409, 80.8716430664, 79.7488479614, 74.031791687, 74.5036087036, 78.1529541016],
        "max": [-496.252838135, 187.092773438, 66.3831939697, 82.662651062, 40.3663597107, 31.2924404144, 48.5868377686, 44.6843681335, 24.6447105408, 42.1677131653, 35.0461807251, 32.4953231812, 23.6380577087],
        "mean": [-618.73046875, 121.247444153, -3.4610517025, 23.739982605, -10.0917930603, -5.80861186981, -4.01153373718, -0.368295758963, -6.26685762405, 5.45270872116, -0.136482819915, 1.28164672852, -9.09036064148],
        "median": [-626.172973633, 123.696243286, -1.01075553894, 22.2363109589, -11.3259143829, -5.05100631714, -5.32647895813, -0.632646560669, -5.88982391357, 6.12308120728, -0.579940795898, 1.34869194031, -8.19860458374],
        "min": [-1138.42004395, 1.14440917969e-05, -83.1998901367, -29.5680561066, -65.7758178711, -49.8993339539, -42.5096817017, -38.3598861694, -42.8364143372, -43.8630027771, -31.2609443665, -32.7555389404, -50.2465362549],
        "var": [2247.70922852, 538.52532959, 539.57623291, 255.011352539, 238.004196167, 160.886764526, 191.616500854, 117.526412964, 107.009727478, 123.547966003, 95.5924682617, 85.1658554077, 117.195198059],
        "cov": [[2248.57763672, -374.301422119, -657.49822998, 107.920005798, 80.7068481445, -139.46522522, -13.9607839584, 80.5083084106, -18.5062160492, -51.3321838379, 3.90921711922, -21.436044693, -55.1307106018], [-374.301422119, 538.733398438, 202.822418213, -152.081741333, -93.7672576904, 51.8999519348, -13.2189359665, -68.2283935547, 23.5844135284, 40.762348175, 13.3144817352, 38.1337738037, 41.0105133057], [-657.49822998, 202.822418213, 539.784729004, 28.5397529602, 14.7275571823, 73.4715118408, 8.12527275085, -4.79334020615, 6.52214336395, 13.3306503296, -16.6677017212, -7.94929409027, 21.7127780914], [107.920005798, -152.081741333, 28.5397529602, 255.10987854, 136.856109619, -44.7924804688, -26.9433498383, 39.2814598083, -8.73700237274, -23.7828521729, -9.05848693848, -19.3891391754, -4.28490972519], [80.7068481445, -93.7672576904, 14.7275571823, 136.856109619, 238.096160889, 9.51606273651, -30.3246173859, 36.3475837708, -8.76172733307, -18.5424423218, -19.8744983673, -14.407702446, 1.51292610168], [-139.46522522, 51.8999519348, 73.4715118408, -44.7924804688, 9.51606273651, 160.948928833, 92.2585220337, 6.78261470795, 1.64060521126, -16.0480651855, -7.20741987228, -1.33426451683, -19.8169746399], [-13.9607839584, -13.2189359665, 8.12527275085, -26.9433498383, -30.3246173859, 92.2585220337, 191.690536499, 53.2727622986, -23.160326004, -20.4668064117, -10.7245969772, 3.72512149811, -19.7321567535], [80.5083084106, -68.2283935547, -4.79334020615, 39.2814598083, 36.3475837708, 6.78261470795, 53.2727622986, 117.57182312, 16.4288101196, -22.6100349426, -2.13002800941, -6.34286785126, -4.54798412323], [-18.5062160492, 23.5844135284, 6.52214336395, -8.73700237274, -8.76172733307, 1.64060521126, -23.160326004, 16.4288101196, 107.051078796, 47.4992485046, 7.63947200775, 2.21126008034, 3.98117470741], [-51.3321838379, 40.762348175, 13.3306503296, -23.7828521729, -18.5424423218, -16.0480651855, -20.4668064117, -22.6100349426, 47.4992485046, 123.595703125, 37.7368850708, 6.51486063004, 17.2545089722], [3.90921711922, 13.3144817352, -16.6677017212, -9.05848693848, -19.8744983673, -7.20741987228, -10.7245969772, -2.13002800941, 7.63947200775, 37.7368850708, 95.62940979, 33.0803718567, -4.35406303406], [-21.436044693, 38.1337738037, -7.94929409027, -19.3891391754, -14.407702446, -1.33426451683, 3.72512149811, -6.34286785126, 2.21126008034, 6.51486063004, 33.0803718567, 85.1987686157, 42.0021057129], [-55.1307106018, 41.0105133057, 21.7127780914, -4.28490972519, 1.51292610168, -19.8169746399, -19.7321567535, -4.54798412323, 3.98117470741, 17.2545089722, -4.35406303406, 42.0021057129, 117.240486145]],
        "icov": [[0.000756605761126, 7.22893855709e-06, 0.00089296879014, -0.000243977978243, -0.000114229129395, 0.000239387212787, -2.05095184356e-05, -0.000352345989086, 5.77884784434e-05, 5.12658734806e-05, 4.47966558568e-05, 6.63240789436e-05, 0.0001721738372], [7.22893855709e-06, 0.00306424382143, -0.00118084391579, 0.00159972032998, 0.000162347932928, -0.000249525270192, 0.000227181750233, 0.00106771965511, -0.000529114331584, 9.5963023341e-06, -0.000156631984282, -0.000706262071617, -0.000492166902404], [0.00089296879014, -0.00118084391579, 0.00366968032904, -0.00164126744494, 0.000301838590531, -0.00135503790807, 0.000607826863416, -0.00105870235711, 0.000615733792074, -0.000603161286563, 0.000617039506324, 0.000523379480001, -0.000175073961145], [-0.000243977978243, 0.00159972032998, -0.00164126744494, 0.00775528140366, -0.00390794407576, 0.00302881957032, -0.000957937678322, 0.000306472677039, -0.000834697973914, 0.00141882232856, -0.0012095576385, 0.000751519517507, -0.000168479731656], [-0.000114229129395, 0.000162347932928, 0.000301838590531, -0.00390794407576, 0.00761929759756, -0.00377525412478, 0.00343371951021, -0.00277697341517, 0.00199694745243, -0.00149081845302, 0.00197271886282, -0.000754251086619, -8.04186202004e-05], [0.000239387212787, -0.000249525270192, -0.00135503790807, 0.00302881957032, -0.00377525412478, 0.0125832054764, -0.00725150108337, 0.00349127850495, -0.0034894880373, 0.00310830585659, -0.0017297755694, 0.000946332642343, 0.00090987625299], [-2.05095184356e-05, 0.000227181750233, 0.000607826863416, -0.000957937678322, 0.00343371951021, -0.00725150108337, 0.0116105340421, -0.00667991908267, 0.00483759073541, -0.00292274379171, 0.00305376248434, -0.00263976305723, 0.00151326740161], [-0.000352345989086, 0.00106771965511, -0.00105870235711, 0.000306472677039, -0.00277697341517, 0.00349127850495, -0.00667991908267, 0.0146505562589, -0.00602328032255, 0.00471299374476, -0.00326597434469, 0.00226662517525, -0.00168428989127], [5.77884784434e-05, -0.000529114331584, 0.000615733792074, -0.000834697973914, 0.00199694745243, -0.0034894880373, 0.00483759073541, -0.00602328032255, 0.0144521286711, -0.0070531736128, 0.00302908965386, -0.00195687660016, 0.0013934916351], [5.12658734806e-05, 9.5963023341e-06, -0.000603161286563, 0.00141882232856, -0.00149081845302, 0.00310830585659, -0.00292274379171, 0.00471299374476, -0.0070531736128, 0.0139610590413, -0.00663565890864, 0.00370637048036, -0.00296957860701], [4.47966558568e-05, -0.000156631984282, 0.000617039506324, -0.0012095576385, 0.00197271886282, -0.0017297755694, 0.00305376248434, -0.00326597434469, 0.00302908965386, -0.00663565890864, 0.0165038127452, -0.00839469768107, 0.00448089465499], [6.63240789436e-05, -0.000706262071617, 0.000523379480001, 0.000751519517507, -0.000754251086619, 0.000946332642343, -0.00263976305723, 0.00226662517525, -0.00195687660016, 0.00370637048036, -0.00839469768107, 0.0192706212401, -0.0076724938117], [0.0001721738372, -0.000492166902404, -0.000175073961145, -0.000168479731656, -8.04186202004e-05, 0.00090987625299, 0.00151326740161, -0.00168428989127, 0.0013934916351, -0.00296957860701, 0.00448089465499, -0.0076724938117, 0.0124578978866]]
    }
}

}