{
"metadata": {
    "version": {
        "essentia": "2.0.1",
        "extractor": "archive-music 1.0 mod ismir14"
    },
    "audio_properties": {
        "analysis_sample_rate": 44100,
        "bitrate": 32,
        "channels": 2,
        "equal_loudness": 0,
        "length": 30.0408172607,
        "replay_gain": -13.2592163086,
        "downmix": "mix"
    },
    "tags": {
        "track": 0,
        "year": 0,
        "album": "",
        "artist": "",
        "comment": "",
        "genre": "",
        "title": ""
    }
},
"rhythm": {
    "bpm": 90.2956161499,
    "bpm_histogram_first_peak": 91,
    "bpm_histogram_first_peak_spread": 0.341463446617,
    "bpm_histogram_first_peak_weight": 0.62790697813,
    "bpm_histogram_second_peak": 85,
    "bpm_histogram_second_peak_spread": 0,
    "bpm_histogram_second_peak_weight": 0.0465116277337
},
"tonal": {
    "tuning_frequency": {
        "dmean": 0.126847654581,
        "dmean2": 0.23196130991,
        "dvar": 2.13319063187,
        "dvar2": 4.01746845245,
        "max": 456.570251465,
        "mean": 444.747009277,
        "median": 449.504882812,
        "min": 431.692352295,
        "var": 96.0975570679
    },
    "hpcp": {
        "dmean": [0.205536454916, 0.177416801453, 0.184897661209, 0.149092018604, 0.148049533367, 0.193591624498, 0.188922330737, 0.231868878007, 0.249358519912, 0.183923780918, 0.177075698972, 0.182281792164],
        "dmean2": [0.379487276077, 0.335185438395, 0.345859706402, 0.278075277805, 0.273890048265, 0.35612565279, 0.35326397419, 0.429280102253, 0.45927670598, 0.350190401077, 0.329785645008, 0.34269669652],
        "dvar": [0.0949078425765, 0.0953796803951, 0.0964534804225, 0.0761537998915, 0.0696522146463, 0.091685667634, 0.101429663599, 0.110204271972, 0.118990652263, 0.105858497322, 0.0904918983579, 0.0925111547112],
        "dvar2": [0.264181703329, 0.259880959988, 0.276059120893, 0.217946827412, 0.191641137004, 0.246540099382, 0.269577682018, 0.293960303068, 0.300310969353, 0.30579829216, 0.262999922037, 0.270207136869],
        "max": [1, 1, 1, 1, 1, 1, 1, 1, 1, 1, 1, 1],
        "mean": [0.189535558224, 0.143438532948, 0.155130296946, 0.129144608974, 0.117692098022, 0.173606410623, 0.161280244589, 0.212142005563, 0.254028767347, 0.124532938004, 0.134081482887, 0.129576563835],
        "median": [0.0370113253593, 0.0148306358606, 0.0197240430862, 0.0149653162807, 0.0179406423122, 0.02325675264, 0.014289803803, 0.0331768207252, 0.0453270636499, 0.0095267277211, 0.0163928158581, 0.016537796706],
        "min": [0, 0, 0, 0, 0, 0, 0, 0, 0, 0, 0, 0],
        "var": [0.0960903614759, 0.0843080952764, 0.0856098309159, 0.071549423039, 0.0570682883263, 0.0925647541881, 0.0971418693662, 0.11223898083, 0.137236684561, 0.076702915132, 0.0721499398351, 0.0702638179064]
    }
},
"lowlevel": {
    "melbands": {
        "dmean": [0.00078525923891, 0.0025987427216, 0.00124526233412, 0.000496498076245, 0.000347428693203, 0.000262120534899, 0.000287142553134, 0.000331851129886, 0.000472843035823, 0.000318045786116, 0.000145721642184, 0.00016210116155, 0.000144264151459, 0.000102136255009, 0.000141895230627, 0.000142213946674, 3.40721308021e-05, 2.62541598204e-05, 1.5102415091e-05, 1.85330045497e-05, 2.85325913865e-05, 2.11695551116e-05, 3.57067910954e-05, 2.65672479145e-05, 1.53205273818e-05, 1.77232886927e-05, 1.38421246447e-05, 8.31193847262e-06, 3.94649305235e-06, 3.3044243537e-06, 1.80186304988e-06, 8.79188746694e-07, 5.28460304849e-07, 4.1990008981e-07, 4.14111667624e-07, 4.34321236753e-07, 3.21947766224e-07, 4.70509604611e-07, 3.90333013911e-07, 3.3933127952e-07],
        "dmean2": [0.00129093951546, 0.00470965914428, 0.00218802806921, 0.000853967154399, 0.0006018228014, 0.000444678444183, 0.000482922536321, 0.000516105326824, 0.000685533042997, 0.000432841130532, 0.000214549378143, 0.000226454489166, 0.000194025211385, 0.000163669159519, 0.000209836303839, 0.000208533267141, 4.97445616929e-05, 3.92816546082e-05, 2.4003069484e-05, 2.9391998396e-05, 4.54697910754e-05, 3.42597122653e-05, 5.69399744563e-05, 3.94289854739e-05, 2.28143035201e-05, 2.80814019789e-05, 2.06046661333e-05, 1.22841429402e-05, 6.01279225521e-06, 5.01891963722e-06, 2.76382638731e-06, 1.39839448821e-06, 8.53899678077e-07, 6.67176095703e-07, 6.66208393341e-07, 6.96304141456e-07, 5.05291154695e-07, 7.60490195262e-07, 6.04475360433e-07, 5.54975201794e-07],
        "dvar": [6.86352279899e-07, 8.7366115622e-06, 2.01674970413e-06, 5.1125130085e-07, 4.97508096942e-07, 1.87506444149e-07, 2.482105117e-07, 4.0220109554e-07, 8.85498934622e-07, 1.05287085717e-06, 3.09794955911e-07, 2.28229765753e-07, 1.41842861012e-07, 9.97537128455e-08, 1.41875517556e-07, 1.89018351193e-07, 1.0316571597e-08, 5.10405628873e-09, 6.6982375202e-10, 9.51496215151e-10, 3.23765392274e-09, 2.30943220103e-09, 5.95124971525e-09, 3.34870531304e-09, 8.96848484366e-10, 1.10933584541e-09, 8.25035151308e-10, 3.17575854503e-10, 6.89344761828e-11, 5.61221520645e-11, 1.37756707083e-11, 2.26979264377e-12, 6.89930914049e-13, 3.80342729967e-13, 4.68758278721e-13, 3.71093021763e-13, 2.65131883462e-13, 5.35331056827e-13, 4.64946169672e-13, 3.64044027128e-13],
        "dvar2": [1.92925085685e-06, 2.90587413474e-05, 5.83186147196e-06, 1.40809561344e-06, 1.401776899e-06, 5.04343176999e-07, 6.46121577574e-07, 9.61821797318e-07, 1.72148713773e-06, 1.7620664039e-06, 5.12626570526e-07, 3.40009563615e-07, 2.10820005009e-07, 2.2967604707e-07, 2.50563147119e-07, 3.3569259017e-07, 1.40262068626e-08, 1.11502558298e-08, 1.5235864792e-09, 2.32108066101e-09, 7.81232856184e-09, 6.0107772093e-09, 1.54224490956e-08, 7.36693328562e-09, 1.95291427474e-09, 2.70573652372e-09, 1.61577073943e-09, 5.98413818498e-10, 1.33643165978e-10, 1.08793522802e-10, 3.10678913151e-11, 5.60949854275e-12, 1.74330385197e-12, 8.68182912714e-13, 1.06587275898e-12, 8.86918739406e-13, 6.06750381275e-13, 1.34212064205e-12, 1.01371808083e-12, 9.24678411098e-13],
        "max": [0.00846538785845, 0.0245462246239, 0.0147565919906, 0.0105842482299, 0.00959186535329, 0.0058250031434, 0.0103194825351, 0.00981852412224, 0.0181429609656, 0.0203256886452, 0.0265814736485, 0.0165176950395, 0.0150016974658, 0.00792474672198, 0.00913941580802, 0.0128209292889, 0.0048779156059, 0.00172632851172, 0.000471618928714, 0.000343823659932, 0.000941982551012, 0.000780243310146, 0.00119160208851, 0.000891944509931, 0.000548447365873, 0.000529724755324, 0.000498735113069, 0.000411709857872, 0.000163111006259, 0.00015574702411, 6.90884990036e-05, 3.01872551063e-05, 1.12654042823e-05, 1.00062843558e-05, 1.27844086819e-05, 7.99227291282e-06, 1.24321031763e-05, 1.13883415906e-05, 1.45173680721e-05, 1.15214024845e-05],
        "mean": [0.00133277452551, 0.00356847699732, 0.00186436716467, 0.000700361269992, 0.000455640227301, 0.000395266833948, 0.000459146656794, 0.00061847048346, 0.000936426222324, 0.000629245187156, 0.00024346455757, 0.000280349253444, 0.000326842622599, 0.000151414627908, 0.000237895786995, 0.000256257917499, 6.38965793769e-05, 4.43697172159e-05, 2.67766881734e-05, 3.14837416227e-05, 4.62917014374e-05, 3.55286138074e-05, 5.91292300669e-05, 4.70360137115e-05, 2.92019540211e-05, 3.21228144458e-05, 2.59565531451e-05, 1.55988127517e-05, 7.70935912442e-06, 6.01188776272e-06, 3.24305483446e-06, 1.67177972799e-06, 1.01292891941e-06, 9.0157050181e-07, 8.61346734382e-07, 8.84041241989e-07, 7.15122780548e-07, 9.8776502e-07, 9.13652741019e-07, 7.51429183765e-07],
        "median": [0.000960564764682, 0.00248748762533, 0.00129448040389, 0.00041074550245, 0.000200705995667, 0.000183521013241, 0.000171586085344, 0.000199998845346, 0.000250398734352, 9.49006134761e-05, 5.15422761964e-05, 6.34963507764e-05, 4.97486471431e-05, 4.57533315057e-05, 5.61698070669e-05, 4.33714012615e-05, 1.42580283864e-05, 1.1310003174e-05, 1.10481751108e-05, 1.2944806258e-05, 1.37893275678e-05, 1.09912216431e-05, 1.5409257685e-05, 1.04578621176e-05, 9.46491036302e-06, 1.21319571917e-05, 6.61126205159e-06, 3.66024937648e-06, 2.75233173852e-06, 1.86753118214e-06, 1.27684143081e-06, 9.06717275484e-07, 6.25239351848e-07, 5.59837644687e-07, 5.55126518975e-07, 6.01067938533e-07, 4.38966424099e-07, 6.30073827779e-07, 5.59930128929e-07, 4.80300457184e-07],
        "min": [1.1583204014e-12, 1.33275758051e-12, 2.15557259542e-12, 4.50583494127e-12, 6.04428399692e-12, 2.80669454691e-12, 4.65243945799e-13, 5.10306098593e-13, 2.59512637074e-12, 1.07353026208e-12, 5.36683653247e-13, 1.61504598757e-12, 4.38776142156e-12, 3.12624882579e-12, 1.98451585026e-12, 1.05035099542e-12, 6.87069151573e-12, 1.04435132417e-11, 7.25405499558e-12, 4.27010943965e-12, 2.85273779425e-12, 1.27700705913e-11, 1.40398396034e-11, 3.09705321284e-12, 6.15694387834e-12, 8.46943175314e-12, 5.38616330356e-12, 3.70426475951e-12, 4.39078851402e-12, 1.13797925076e-12, 8.9368795567e-13, 4.87456429388e-13, 1.23846972174e-12, 2.4038644339e-12, 1.33687082671e-12, 1.67054835677e-12, 2.6286423125e-12, 9.71207489431e-13, 8.92202490273e-13, 8.92906842215e-13],
        "var": [1.56498015258e-06, 1.13741871246e-05, 3.19366085932e-06, 7.35684523079e-07, 5.84385247748e-07, 3.56190582806e-07, 6.50754429898e-07, 1.1293609532e-06, 3.00045962831e-06, 3.91228513763e-06, 1.29095019474e-06, 7.1413819569e-07, 7.61702153795e-07, 1.43407831388e-07, 3.69792758192e-07, 6.67340941618e-07, 6.37713242213e-08, 1.59593867011e-08, 1.71833514084e-09, 1.86324045082e-09, 6.14107209529e-09, 3.67478825147e-09, 1.16507825609e-08, 7.98989852058e-09, 2.2559252244e-09, 2.6272284348e-09, 2.29855401379e-09, 8.56010429207e-10, 1.76078290837e-10, 1.41120559682e-10, 2.86784710563e-11, 4.83522466857e-12, 1.3599799455e-12, 9.94570745205e-13, 9.70640234854e-13, 7.82496409248e-13, 6.56083206426e-13, 1.30441436732e-12, 1.26667057919e-12, 7.99645560271e-13]
    },
    "mfcc": {
        "dmean": [14.0160474777, 9.43886947632, 9.81570529938, 8.46950721741, 8.14259719849, 7.81544685364, 7.54207515717, 7.16111183167, 6.98655366898, 6.86021327972, 6.92769813538, 6.86567974091, 6.36823368073],
        "dmean2": [17.7765293121, 15.1195411682, 15.2292566299, 13.5242795944, 13.3538150787, 12.7550401688, 12.5885334015, 11.8562393188, 11.674487114, 11.2022867203, 11.4569787979, 11.3579139709, 10.48620224],
        "dvar": [330.825683594, 57.6711997986, 68.6386947632, 44.8065910339, 38.2522239685, 36.5348205566, 34.1604194641, 30.1336975098, 28.4049339294, 27.4071769714, 29.6375484467, 29.2914619446, 23.4337291718],
        "dvar2": [410.609649658, 134.482406616, 145.13899231, 111.434577942, 101.320205688, 95.0701217651, 92.4412231445, 83.3852996826, 77.9229049683, 77.0599060059, 82.6084823608, 79.7972793579, 62.6012382507],
        "max": [-496.167572021, 188.796218872, 68.2532501221, 76.0956420898, 53.7317504883, 42.4016227722, 58.5329437256, 48.3676490784, 29.7721443176, 42.1568145752, 41.8652801514, 39.1285438538, 30.1341667175],
        "mean": [-606.893005371, 125.654418945, -1.20240187645, 23.8239555359, 6.64286231995, -5.10134744644, 13.9574270248, 5.87925577164, -0.2100879848, 2.46352005005, 4.26793813705, 6.11958885193, 1.02187073231],
        "median": [-609.550537109, 126.128135681, 0.562294006348, 23.6788883209, 6.33051109314, -4.2235622406, 13.6194095612, 5.9979057312, -0.00492858886719, 2.27682304382, 4.38931274414, 6.16564178467, 1.19783401489],
        "min": [-1138.42004395, 1.14440917969e-05, -65.7073059082, -40.9876098633, -40.5201797485, -56.26953125, -26.8526802063, -32.6409645081, -35.435634613, -41.4363899231, -30.8702468872, -28.1823348999, -27.5330467224],
        "var": [2350.12597656, 301.121307373, 514.632873535, 315.011962891, 223.910324097, 221.758789062, 168.76449585, 126.092262268, 84.287651062, 104.468963623, 92.959487915, 87.3226165771, 73.46925354],
        "cov": [[2351.03393555, 38.0523376465, -671.002441406, 23.7054195404, -299.165557861, -252.735824585, -130.142532349, -88.0571670532, -35.0661659241, -21.5714092255, -59.2873191833, 1.73788690567, -70.203414917], [38.0523376465, 301.237670898, 8.72320461273, -93.5171966553, -60.0131721497, -4.26877641678, 13.3475532532, 0.808681666851, -15.1228837967, 15.9609251022, 49.1505889893, -3.08957028389, -1.31994736195], [-671.002441406, 8.72320461273, 514.831726074, -22.1037502289, 171.164031982, 72.7964553833, 20.303850174, 17.4636268616, 20.225227356, 17.9898777008, 6.77140665054, -13.6072254181, 23.4510822296], [23.7054195404, -93.5171966553, -22.1037502289, 315.13369751, 67.4899902344, -6.26779794693, -60.8063659668, -19.1518936157, 48.3966712952, 16.0283641815, -42.9670600891, -3.47450685501, 22.4091396332], [-299.165557861, -60.0131721497, 171.164031982, 67.4899902344, 223.996841431, 41.5270385742, 16.8550376892, -12.8770618439, 20.8322906494, 23.8856811523, -13.4139041901, 1.81569492817, 6.44494485855], [-252.735824585, -4.26877641678, 72.7964553833, -6.26779794693, 41.5270385742, 221.844467163, 102.459838867, 38.2939758301, -17.9102878571, -9.14180850983, 38.4095191956, -5.98086452484, -16.3669204712], [-130.142532349, 13.3475532532, 20.303850174, -60.8063659668, 16.8550376892, 102.459838867, 168.829711914, 68.960067749, -10.2839488983, -22.7931289673, 23.2690601349, 13.4038228989, -11.4398593903], [-88.0571670532, 0.808681666851, 17.4636268616, -19.1518936157, -12.8770618439, 38.2939758301, 68.960067749, 126.140983582, 23.5668373108, -19.1574745178, 9.3267698288, 9.72369003296, 7.51685380936], [-35.0661659241, -15.1228837967, 20.225227356, 48.3966712952, 20.8322906494, -17.9102878571, -10.2839488983, 23.5668373108, 84.3202133179, 38.1738471985, -4.07344198227, 1.18032383919, 7.34307289124], [-21.5714092255, 15.9609251022, 17.9898777008, 16.0283641815, 23.8856811523, -9.14180850983, -22.7931289673, -19.1574745178, 38.1738471985, 104.50933075, 29.0133647919, -3.77893948555, -2.13447523117], [-59.2873191833, 49.1505889893, 6.77140665054, -42.9670600891, -13.4139041901, 38.4095191956, 23.2690601349, 9.3267698288, -4.07344198227, 29.0133647919, 92.9954071045, 30.7553768158, -5.59154653549], [1.73788690567, -3.08957028389, -13.6072254181, -3.47450685501, 1.81569492817, -5.98086452484, 13.4038228989, 9.72369003296, 1.18032383919, -3.77893948555, 30.7553768158, 87.3563537598, 26.7033233643], [-70.203414917, -1.31994736195, 23.4510822296, 22.4091396332, 6.44494485855, -16.3669204712, -11.4398593903, 7.51685380936, 7.34307289124, -2.13447523117, -5.59154653549, 26.7033233643, 73.4976425171]],
        "icov": [[0.000801131711341, -0.000143815006595, 0.000788378412835, -9.54064380494e-05, 0.000381895079045, 0.000463635631604, 0.000112654241093, 0.000168345170096, 0.000161792879226, -0.000119827098388, 0.000501181406435, -0.000326511799358, 0.000747368554585], [-0.000143815006595, 0.00419262656942, -0.000510268029757, 0.000688580097631, 0.000984882586636, 0.000462639436591, -0.000520595174748, 0.000312282092636, 0.000244708324317, -0.000379346631235, -0.00220988434739, 0.00116851716302, -0.00083365169121], [0.000788378412835, -0.000510268029757, 0.00385438348167, 0.000849257281516, -0.00226089567877, -0.000419462652644, 0.00102007063106, -0.000407366052968, -0.00051911524497, 0.000227640382946, 0.000172366926563, 0.000648193585221, -0.00060351571301], [-9.54064380494e-05, 0.000688580097631, 0.000849257281516, 0.00482080457732, -0.00159304402769, -0.00146061554551, 0.00209294818342, 0.000172017069417, -0.00252253096551, 0.000233659797232, 0.00133969006129, -8.53821766214e-05, -0.0013052248396], [0.000381895079045, 0.000984882586636, -0.00226089567877, -0.00159304402769, 0.00802610535175, -0.000178188449354, -0.00186720944475, 0.00189997442067, -0.000142749369843, -0.0018225669628, 0.0017790485872, -0.00150236755144, 0.00100366096012], [0.000463635631604, 0.000462639436591, -0.000419462652644, -0.00146061554551, -0.000178188449354, 0.00819073803723, -0.0044675800018, -0.000182415315066, 0.00203715497628, 0.000403586222092, -0.00353565532714, 0.00209142430685, 0.000972554204054], [0.000112654241093, -0.000520595174748, 0.00102007063106, 0.00209294818342, -0.00186720944475, -0.0044675800018, 0.0119249466807, -0.00502941897139, 0.000416480994318, 0.000894935568795, 0.000830708537251, -0.00201976718381, 0.00145540304948], [0.000168345170096, 0.000312282092636, -0.000407366052968, 0.000172017069417, 0.00189997442067, -0.000182415315066, -0.00502941897139, 0.0129206264392, -0.0060560554266, 0.003368078731, -0.00116474891547, 0.000353737035766, -0.00158181472216], [0.000161792879226, 0.000244708324317, -0.00051911524497, -0.00252253096551, -0.000142749369843, 0.00203715497628, 0.000416480994318, -0.0060560554266, 0.019492469728, -0.00810167100281, 0.00223786965944, -0.00100751547143, 0.00059759238502], [-0.000119827098388, -0.000379346631235, 0.000227640382946, 0.000233659797232, -0.0018225669628, 0.000403586222092, 0.000894935568795, 0.003368078731, -0.00810167100281, 0.0158263314515, -0.00712206913158, 0.00307524483651, -0.000610709306784], [0.000501181406435, -0.00220988434739, 0.000172366926563, 0.00133969006129, 0.0017790485872, -0.00353565532714, 0.000830708537251, -0.00116474891547, 0.00223786965944, -0.00712206913158, 0.0198822878301, -0.00870027672499, 0.0035238317214], [-0.000326511799358, 0.00116851716302, 0.000648193585221, -8.53821766214e-05, -0.00150236755144, 0.00209142430685, -0.00201976718381, 0.000353737035766, -0.00100751547143, 0.00307524483651, -0.00870027672499, 0.0173919871449, -0.00701558403671], [0.000747368554585, -0.00083365169121, -0.00060351571301, -0.0013052248396, 0.00100366096012, 0.000972554204054, 0.00145540304948, -0.00158181472216, 0.00059759238502, -0.000610709306784, 0.0035238317214, -0.00701558403671, 0.0181517377496]]
    }
}

}