{
"metadata": {
    "version": {
        "essentia": "2.0.1",
        "extractor": "archive-music 1.0 mod ismir14"
    },
    "audio_properties": {
        "analysis_sample_rate": 44100,
        "bitrate": 32,
        "channels": 2,
        "equal_loudness": 0,
        "length": 30.0408172607,
        "replay_gain": -13.0211219788,
        "downmix": "mix"
    },
    "tags": {
        "track": 0,
        "year": 0,
        "album": "",
        "artist": "",
        "comment": "",
        "genre": "",
        "title": ""
    }
},
"rhythm": {
    "bpm": 86.9152679443,
    "bpm_histogram_first_peak": 88,
    "bpm_histogram_first_peak_spread": 0.444444477558,
    "bpm_histogram_first_peak_weight": 0.476190507412,
    "bpm_histogram_second_peak": 82,
    "bpm_histogram_second_peak_spread": 0,
    "bpm_histogram_second_peak_weight": 0.142857149243
},
"tonal": {
    "tuning_frequency": {
        "dmean": 0.230235353112,
        "dmean2": 0.337198019028,
        "dvar": 3.02111005783,
        "dvar2": 3.92081236839,
        "max": 455.253540039,
        "mean": 439.359283447,
        "median": 440.763122559,
        "min": 434.946166992,
        "var": 7.11432886124
    },
    "hpcp": {
        "dmean": [0.225086092949, 0.151490226388, 0.231155231595, 0.250906407833, 0.116506762803, 0.213160783052, 0.261547923088, 0.273500949144, 0.177539989352, 0.113892152905, 0.239235132933, 0.0808516293764],
        "dmean2": [0.384934306145, 0.268705606461, 0.427297502756, 0.446418255568, 0.205700069666, 0.346363902092, 0.453879326582, 0.480308026075, 0.300571501255, 0.196275621653, 0.443325906992, 0.144596382976],
        "dvar": [0.0430744327605, 0.0317011512816, 0.058953166008, 0.0603649951518, 0.0277148038149, 0.0605051852763, 0.0666816085577, 0.0470990277827, 0.0397509932518, 0.0194004885852, 0.0676701664925, 0.0141859389842],
        "dvar2": [0.117709852755, 0.0825417488813, 0.16804651916, 0.176869273186, 0.0779280588031, 0.142231330276, 0.150187239051, 0.119900874794, 0.099180623889, 0.0485315769911, 0.170890942216, 0.0416164062917],
        "max": [1, 1, 1, 1, 1, 1, 1, 1, 1, 0.981801092625, 1, 1],
        "mean": [0.304936468601, 0.177956834435, 0.235248595476, 0.307794690132, 0.131621539593, 0.325075417757, 0.35224545002, 0.400718033314, 0.248353764415, 0.137288525701, 0.785967588425, 0.0996144786477],
        "median": [0.250162988901, 0.119747832417, 0.131929278374, 0.211034223437, 0.0780750438571, 0.141941308975, 0.248259067535, 0.349282026291, 0.142876163125, 0.0792058557272, 1, 0.0732987672091],
        "min": [0.0167882312089, 0.00629541324452, 0.00880593620241, 0.00845784787089, 0.00672297971323, 0.0204301141202, 0.00829775538296, 0.0140328174457, 0.0067006512545, 0.00478580174968, 0.148704141378, 0.00514494907111],
        "var": [0.0636871829629, 0.0373833738267, 0.0615342669189, 0.0725016891956, 0.0251944363117, 0.111558325589, 0.0968304872513, 0.0863123461604, 0.0670500844717, 0.0251326393336, 0.0763445273042, 0.0104904836044]
    }
},
"lowlevel": {
    "melbands": {
        "dmean": [1.49931147462e-05, 6.36113181827e-05, 5.88529801462e-05, 3.88318585465e-05, 1.60520630743e-05, 2.9091426768e-05, 2.9688973882e-05, 3.62634200428e-05, 4.25209509558e-05, 2.35255320149e-05, 1.63669519679e-05, 1.0698288861e-05, 9.34713898459e-06, 5.2122818488e-06, 8.45502927405e-06, 4.98027930007e-06, 6.51138134344e-06, 3.93569325752e-06, 2.59995977103e-06, 2.39345718001e-06, 2.34986077885e-06, 2.3208078801e-06, 3.70473117073e-06, 3.95504048356e-06, 2.51464098255e-06, 1.55908219313e-06, 1.65928872775e-06, 1.05339256606e-06, 4.68439083079e-07, 4.12086620827e-07, 3.65731125385e-07, 1.8406893787e-07, 7.27272180256e-08, 4.96245249337e-08, 4.62456668515e-08, 3.73364485995e-08, 3.25145848024e-08, 2.80473422265e-08, 1.66455471629e-08, 8.33925994925e-09],
        "dmean2": [2.64737464022e-05, 0.000119487573102, 0.000105592880573, 7.0602465712e-05, 2.90726802632e-05, 5.26125513716e-05, 5.27244956174e-05, 6.63332320983e-05, 7.07244471414e-05, 4.17685005232e-05, 2.79743089777e-05, 1.9415116185e-05, 1.69462709891e-05, 9.08352467377e-06, 1.55281340994e-05, 8.85453755473e-06, 1.19836649901e-05, 6.9053576226e-06, 4.70482973469e-06, 3.92718447983e-06, 4.14017085859e-06, 4.11443852499e-06, 6.73610520607e-06, 6.74162447467e-06, 4.28132443631e-06, 2.65402240984e-06, 2.81674465441e-06, 1.80250253834e-06, 8.13373901565e-07, 7.43197063002e-07, 6.22489153557e-07, 3.20042175872e-07, 1.29224957846e-07, 8.70606768899e-08, 7.94799248638e-08, 6.30830641057e-08, 5.9271453523e-08, 4.95848269111e-08, 2.92672872604e-08, 1.51977701535e-08],
        "dvar": [4.71818639713e-10, 4.89262186321e-09, 2.91255353169e-09, 3.17122905713e-09, 2.14269865739e-10, 6.11014405738e-10, 7.26608162527e-10, 1.51777035384e-09, 6.76613964856e-09, 3.86160792232e-09, 5.24767396204e-10, 6.43751218998e-10, 5.27398735795e-10, 1.15023865432e-10, 3.30836275042e-10, 7.3306652415e-11, 2.23502397145e-10, 5.23003029773e-11, 1.56855414074e-11, 2.72379271915e-11, 1.21295308866e-11, 1.01209188599e-11, 3.93150199895e-11, 4.61732214962e-11, 1.79418285784e-11, 7.78645550814e-12, 1.12473259872e-11, 5.36901729672e-12, 4.63035263343e-13, 6.4182681522e-13, 5.38573255004e-13, 1.24422729606e-13, 1.32184099278e-14, 5.42209887625e-15, 5.57886942819e-15, 1.70256449371e-15, 1.51392305657e-15, 6.90264989349e-16, 2.88636985279e-16, 1.27612739754e-16],
        "dvar2": [1.22708943007e-09, 1.60636819402e-08, 8.45569125829e-09, 8.77999983828e-09, 5.82380865755e-10, 1.9811743357e-09, 1.99778393828e-09, 4.00164834602e-09, 1.43386369444e-08, 1.06846655967e-08, 1.31202293474e-09, 1.77019676695e-09, 1.45571388277e-09, 3.3015049028e-10, 9.71605351729e-10, 2.08921074885e-10, 6.34746089023e-10, 1.30872049309e-10, 4.18763426713e-11, 6.50261580692e-11, 3.03551524194e-11, 2.83513108823e-11, 1.12930449714e-10, 1.23171389754e-10, 4.25397252146e-11, 2.08014144104e-11, 2.83983930122e-11, 1.40649861549e-11, 1.12373630366e-12, 1.59578144969e-12, 1.54307068425e-12, 3.46079041076e-13, 2.93159559941e-14, 1.19130347473e-14, 1.11549546591e-14, 3.30400744131e-15, 3.65781860909e-15, 1.69257225779e-15, 7.49429764259e-16, 3.3384125432e-16],
        "max": [0.000170269500813, 0.000420248834416, 0.000273726152955, 0.000333975593094, 8.97868230822e-05, 0.00015058858844, 0.000154603563715, 0.000152828768478, 0.000877905113157, 0.000521169567946, 0.000154275854584, 0.000142153323395, 0.000145852012793, 7.66688608564e-05, 0.000124856524053, 4.73121908726e-05, 9.22623657971e-05, 7.01309545548e-05, 2.54312108154e-05, 5.15691644978e-05, 2.27163236559e-05, 2.15171385207e-05, 3.14650023938e-05, 4.90554957651e-05, 3.36430857715e-05, 1.97648587346e-05, 2.58473264694e-05, 1.4270977772e-05, 4.88245723318e-06, 5.65934169572e-06, 4.93121524414e-06, 2.42703254116e-06, 7.30745398414e-07, 5.27990664523e-07, 6.38632684513e-07, 3.48507825265e-07, 3.24794910966e-07, 2.06850700124e-07, 1.47999443811e-07, 1.15411587842e-07],
        "mean": [1.89736492757e-05, 7.38010494388e-05, 7.96184322098e-05, 4.165952123e-05, 2.24791529035e-05, 4.115793854e-05, 4.05859282182e-05, 3.08501221298e-05, 4.87551151309e-05, 2.47724328801e-05, 1.91193557839e-05, 8.9755458248e-06, 7.07321805749e-06, 4.81500319438e-06, 7.71881423134e-06, 4.24938161814e-06, 4.9140394367e-06, 3.94931839764e-06, 2.67582117885e-06, 2.28787166634e-06, 2.18841159949e-06, 2.23662414101e-06, 3.50009804606e-06, 3.81489235224e-06, 2.4708942874e-06, 2.05348578675e-06, 1.71026897533e-06, 9.98545942821e-07, 5.36895527148e-07, 4.38357176336e-07, 3.55998793111e-07, 2.20820695063e-07, 1.0714880716e-07, 8.58243396351e-08, 8.25532637805e-08, 6.82960461518e-08, 6.37489421251e-08, 4.58229045819e-08, 2.51580107857e-08, 1.39882700978e-08],
        "median": [1.3175429558e-05, 5.71594609937e-05, 6.61028025206e-05, 2.74435587926e-05, 1.77634283318e-05, 3.67333814211e-05, 3.10688337777e-05, 1.58219991135e-05, 3.03733522742e-05, 1.37164533953e-05, 1.22324991025e-05, 2.77565186479e-06, 1.98238922167e-06, 1.93841538021e-06, 3.8952525756e-06, 1.8601034526e-06, 1.85492808669e-06, 1.37495874242e-06, 1.2202515336e-06, 9.99153826342e-07, 9.32427894895e-07, 8.44526539368e-07, 9.86176019069e-07, 7.73489830408e-07, 8.67443077368e-07, 7.04013302766e-07, 3.47313317661e-07, 3.37469487022e-07, 3.28185848275e-07, 1.93347631239e-07, 1.16353724877e-07, 9.15146429747e-08, 5.85130273123e-08, 5.35223350084e-08, 5.31799067005e-08, 4.70277043974e-08, 4.73920600541e-08, 3.20650563879e-08, 1.73286061056e-08, 1.04917523558e-08],
        "min": [1.91878643818e-06, 6.21260141997e-06, 4.2903125177e-06, 3.77557512365e-06, 1.1474941175e-06, 6.95748610724e-07, 8.89273337634e-07, 5.48413822798e-07, 1.03661847106e-07, 1.04840417237e-07, 1.03356789793e-07, 2.53448391163e-08, 5.97352567411e-08, 1.4345408772e-07, 4.06027389488e-08, 3.50982567454e-08, 3.78446962657e-08, 1.5507650275e-08, 1.40915883406e-08, 2.08809254332e-08, 3.23179314421e-08, 3.62254120034e-08, 3.39750556577e-08, 1.96979481615e-08, 3.23254454315e-08, 3.71958819301e-08, 1.08381206232e-08, 7.82793474485e-09, 4.28802344743e-08, 1.88359958742e-08, 7.82958853307e-09, 6.96757851415e-09, 6.78550549083e-09, 4.02213817807e-09, 3.3245213249e-09, 5.47567680087e-09, 4.45734027466e-09, 4.8418096199e-09, 3.26344329338e-09, 1.04683783864e-09],
        "var": [4.26454399571e-10, 3.83265197357e-09, 2.67720601244e-09, 2.27500196459e-09, 2.96049657011e-10, 7.85622233934e-10, 1.03309005794e-09, 1.18317367015e-09, 7.30926030812e-09, 2.47124809505e-09, 5.57210555474e-10, 4.60656873758e-10, 3.61216945244e-10, 7.75715880419e-11, 2.06230754696e-10, 5.39302977276e-11, 1.38982644837e-10, 6.6537872434e-11, 1.49937753186e-11, 2.51990216887e-11, 1.26026212036e-11, 1.05956849197e-11, 3.87629546517e-11, 5.36663109785e-11, 1.89769432807e-11, 1.06902490332e-11, 1.2394012032e-11, 4.36491121025e-12, 4.83704222509e-13, 5.94347271052e-13, 4.68021129664e-13, 1.11521198092e-13, 1.71243380397e-14, 8.38418876291e-15, 9.32390490228e-15, 3.98212380767e-15, 2.40686233083e-15, 1.30931398959e-15, 5.13634691166e-16, 1.55484636816e-16]
    },
    "mfcc": {
        "dmean": [32.1196517944, 11.4730138779, 17.3217163086, 9.11682033539, 10.4720478058, 9.71495914459, 10.51537323, 7.30608987808, 6.1257982254, 6.72261476517, 6.36588907242, 6.52109622955, 6.66624307632],
        "dmean2": [56.4122238159, 19.1457538605, 27.2911968231, 15.1048030853, 18.5402030945, 16.5687408447, 17.8707199097, 12.7898006439, 10.3816432953, 10.872127533, 10.4256572723, 10.783905983, 10.9632320404],
        "dvar": [754.18347168, 102.446937561, 145.153182983, 88.2751693726, 70.4514541626, 60.7674751282, 87.0080490112, 29.6619491577, 32.1912307739, 31.200674057, 26.9346809387, 25.1626739502, 27.6529426575],
        "dvar2": [1651.85095215, 213.896392822, 427.596557617, 202.553833008, 179.58480835, 162.54876709, 229.79699707, 97.237121582, 82.5092391968, 87.5818405151, 69.5281295776, 71.3138885498, 69.2929992676],
        "max": [-655.594360352, 151.236129761, 30.2469825745, 69.7809906006, 26.042640686, 21.6268177032, 30.0038948059, 21.6537952423, 9.34296798706, 27.9258327484, 26.4185123444, 20.2193508148, 9.97715759277],
        "mean": [-749.235168457, 123.937988281, -5.34828329086, 25.0462341309, -6.67269134521, -6.10834217072, -4.05097055435, -0.174207106233, -5.01316022873, 6.26013803482, 0.822532057762, 3.02186918259, -7.24444103241],
        "median": [-753.899841309, 128.647888184, -4.44017791748, 23.1527519226, -9.38356399536, -5.49965286255, -5.84427070618, -0.968223571777, -4.07488059998, 7.16571617126, 0.990394592285, 3.3053188324, -6.35506439209],
        "min": [-929.234191895, 70.8643035889, -58.1017990112, -11.402130127, -34.3231391907, -34.720123291, -21.7502632141, -16.2246589661, -31.4778251648, -27.7688484192, -16.5699081421, -12.2707958221, -33.7702445984],
        "var": [1342.42407227, 328.905914307, 347.580474854, 164.508728027, 123.090560913, 90.7412338257, 123.029022217, 54.5762634277, 56.4474334717, 63.6521148682, 44.5302124023, 39.7047233582, 59.8387832642],
        "cov": [[1350.71069336, -363.198791504, -534.106140137, 78.8373413086, 25.2665729523, -98.3484268188, 6.9180521965, 40.7612533569, -40.452999115, -44.2756118774, 46.9473876953, -15.6432170868, -78.2227783203], [-363.198791504, 330.936187744, 166.931747437, -146.208892822, -81.0028305054, 53.0126304626, 0.48452013731, -53.4879074097, 29.4707145691, 36.3157920837, 9.7037229538, 35.2339324951, 34.0776596069], [-534.106140137, 166.931747437, 349.726043701, 4.96797370911, 1.61237096786, 39.4693374634, -19.5335407257, -9.56276035309, 24.8349914551, 10.6371746063, -15.6156053543, 2.76988577843, 38.3078651428], [78.8373413086, -146.208892822, 4.96797370911, 165.524215698, 87.820274353, -52.7500534058, -35.4043807983, 22.6898288727, -10.7849807739, -13.2088518143, -7.37713336945, -22.8673477173, -5.86812782288], [25.2665729523, -81.0028305054, 1.61237096786, 87.820274353, 123.850379944, -26.4885425568, -42.0968666077, 19.4061775208, -7.47816467285, -7.03944301605, -14.7030992508, -16.0496788025, -0.379949063063], [-98.3484268188, 53.0126304626, 39.4693374634, -52.7500534058, -26.4885425568, 91.3013687134, 64.8801879883, 3.38237857819, -0.117038056254, -20.06498909, -6.9093208313, -0.918368220329, -19.5676002502], [6.9180521965, 0.48452013731, -19.5335407257, -35.4043807983, -42.0968666077, 64.8801879883, 123.788459778, 26.0999565125, -30.5615653992, -30.836769104, -13.666437149, 1.24301242828, -17.620382309], [40.7612533569, -53.4879074097, -9.56276035309, 22.6898288727, 19.4061775208, 3.38237857819, 26.0999565125, 54.9131507874, -4.64948272705, -28.2780227661, -6.88464069366, -5.24911403656, -6.80703926086], [-40.452999115, 29.4707145691, 24.8349914551, -10.7849807739, -7.47816467285, -0.117038056254, -30.5615653992, -4.64948272705, 56.7958755493, 24.9794387817, -1.64332163334, -4.03549051285, -0.0527967177331], [-44.2756118774, 36.3157920837, 10.6371746063, -13.2088518143, -7.03944301605, -20.06498909, -30.836769104, -28.2780227661, 24.9794387817, 64.0450286865, 9.95714855194, -5.08777475357, 11.9943962097], [46.9473876953, 9.7037229538, -15.6156053543, -7.37713336945, -14.7030992508, -6.9093208313, -13.666437149, -6.88464069366, -1.64332163334, 9.95714855194, 44.8050918579, 13.4220209122, -8.34773635864], [-15.6432170868, 35.2339324951, 2.76988577843, -22.8673477173, -16.0496788025, -0.918368220329, 1.24301242828, -5.24911403656, -4.03549051285, -5.08777475357, 13.4220209122, 39.9498138428, 19.5979290009], [-78.2227783203, 34.0776596069, 38.3078651428, -5.86812782288, -0.379949063063, -19.5676002502, -17.620382309, -6.80703926086, -0.0527967177331, 11.9943962097, -8.34773635864, 19.5979290009, 60.2081604004]],
        "icov": [[0.00229666521773, 0.000597740989178, 0.00296861957759, -0.000327725341776, 4.99824018334e-05, 0.00130883650854, -0.000553887162823, 0.000362123217201, -0.00108922820073, 0.00181258225348, -0.00214784382842, 0.000898322672583, 7.70515835029e-05], [0.000597740989178, 0.0106244077906, -0.00422783847898, 0.0084514701739, -0.000985673395917, 0.00155281287152, -0.00152995681856, 0.0059935906902, -0.00245634908788, 0.000226746909902, -0.00197924580425, -0.00290250754915, -0.00037174692261], [0.00296861957759, -0.00422783847898, 0.0103414990008, -0.00658117420971, 0.00201425608248, -0.00451573403552, 0.00302967894822, -0.00334796193056, -0.000213877225178, 0.00116670504212, -0.000901919323951, 0.00252858130261, -0.00309896399267], [-0.000327725341776, 0.0084514701739, -0.00658117420971, 0.0214406941086, -0.0101214367896, 0.0124565809965, -0.00645204167813, 0.00685783708468, -0.00433632358909, 0.00590646825731, -0.00516316620633, 0.00418342789635, 0.000681281613652], [4.99824018334e-05, -0.000985673395917, 0.00201425608248, -0.0101214367896, 0.0199106410146, -0.0104397684336, 0.0142165506259, -0.0113249504939, 0.0103326635435, -0.00731525151059, 0.0101281804964, -0.00347193726338, 0.00196844851598], [0.00130883650854, 0.00155281287152, -0.00451573403552, 0.0124565809965, -0.0104397684336, 0.0379347205162, -0.0238259676844, 0.0143256140873, -0.015222908929, 0.0158642530441, -0.00906239263713, 0.00689112721011, 0.00514512648806], [-0.000553887162823, -0.00152995681856, 0.00302967894822, -0.00645204167813, 0.0142165506259, -0.0238259676844, 0.032859608531, -0.019907426089, 0.0210539847612, -0.0124106202275, 0.0157404243946, -0.00827810820192, 0.00466982787475], [0.000362123217201, 0.0059935906902, -0.00334796193056, 0.00685783708468, -0.0113249504939, 0.0143256140873, -0.019907426089, 0.040884707123, -0.0178974755108, 0.0209618676454, -0.0117394635454, 0.0081478850916, -0.00521411886439], [-0.00108922820073, -0.00245634908788, -0.000213877225178, -0.00433632358909, 0.0103326635435, -0.015222908929, 0.0210539847612, -0.0178974755108, 0.0375880151987, -0.0207308102399, 0.0153474807739, -0.00773601792753, 0.00775337591767], [0.00181258225348, 0.000226746909902, 0.00116670504212, 0.00590646825731, -0.00731525151059, 0.0158642530441, -0.0124106202275, 0.0209618676454, -0.0207308102399, 0.0395858809352, -0.0181981604546, 0.018629424274, -0.0105838868767], [-0.00214784382842, -0.00197924580425, -0.000901919323951, -0.00516316620633, 0.0101281804964, -0.00906239263713, 0.0157404243946, -0.0117394635454, 0.0153474807739, -0.0181981604546, 0.0433562882245, -0.023369897157, 0.0160553846508], [0.000898322672583, -0.00290250754915, 0.00252858130261, 0.00418342789635, -0.00347193726338, 0.00689112721011, -0.00827810820192, 0.0081478850916, -0.00773601792753, 0.018629424274, -0.023369897157, 0.0499448217452, -0.0208903644234], [7.70515835029e-05, -0.00037174692261, -0.00309896399267, 0.000681281613652, 0.00196844851598, 0.00514512648806, 0.00466982787475, -0.00521411886439, 0.00775337591767, -0.0105838868767, 0.0160553846508, -0.0208903644234, 0.0325606316328]]
    }
}

}