{
"metadata": {
    "version": {
        "essentia": "2.0.1",
        "extractor": "archive-music 1.0 mod ismir14"
    },
    "audio_properties": {
        "analysis_sample_rate": 44100,
        "bitrate": 32,
        "channels": 2,
        "equal_loudness": 0,
        "length": 30.0408172607,
        "replay_gain": -13.3073253632,
        "downmix": "mix"
    },
    "tags": {
        "track": 0,
        "year": 0,
        "album": "",
        "artist": "",
        "comment": "",
        "genre": "",
        "title": ""
    }
},
"rhythm": {
    "bpm": 90.2983322144,
    "bpm_histogram_first_peak": 91,
    "bpm_histogram_first_peak_spread": 0.390243828297,
    "bpm_histogram_first_peak_weight": 0.58139538765,
    "bpm_histogram_second_peak": 85,
    "bpm_histogram_second_peak_spread": 0,
    "bpm_histogram_second_peak_weight": 0.0465116277337
},
"tonal": {
    "tuning_frequency": {
        "dmean": 0.191977232695,
        "dmean2": 0.37500756979,
        "dvar": 1.08741462231,
        "dvar2": 2.10120224953,
        "max": 454.465301514,
        "mean": 450.207305908,
        "median": 451.065460205,
        "min": 442.03793335,
        "var": 8.08210277557
    },
    "hpcp": {
        "dmean": [0.280874818563, 0.0802230462432, 0.152658611536, 0.16700899601, 0.417960077524, 0.294899135828, 0.12352052331, 0.31546792388, 0.130891412497, 0.0989424735308, 0.121770590544, 0.149649992585],
        "dmean2": [0.488576322794, 0.135559827089, 0.252423465252, 0.310879290104, 0.756296038628, 0.53385668993, 0.21279489994, 0.521947801113, 0.228366971016, 0.174987763166, 0.213011398911, 0.264972418547],
        "dvar": [0.0944673418999, 0.0115094827488, 0.0292742662132, 0.0575940236449, 0.0910439640284, 0.0834503769875, 0.0149365961552, 0.0888292640448, 0.0280095469207, 0.0172525607049, 0.026385480538, 0.031093288213],
        "dvar2": [0.166367650032, 0.0283918119967, 0.0743751674891, 0.161975488067, 0.23784160614, 0.198561921716, 0.0365896634758, 0.196350306273, 0.0831551328301, 0.0486973710358, 0.0737941712141, 0.0886701196432],
        "max": [1, 0.696669757366, 1, 1, 1, 1, 0.619689166546, 1, 1, 1, 1, 1],
        "mean": [0.559981167316, 0.0865846797824, 0.186364635825, 0.15160381794, 0.422127664089, 0.385045617819, 0.131824359298, 0.429521620274, 0.120316557586, 0.101102806628, 0.118981778622, 0.149696499109],
        "median": [0.507482111454, 0.049991492182, 0.10828243196, 0.0723904892802, 0.282219916582, 0.252010911703, 0.0787606239319, 0.312404215336, 0.067377269268, 0.0668167993426, 0.0702391117811, 0.086102321744],
        "min": [0.00777958100662, 0.00229160790332, 0.0103190541267, 0.00716524617746, 0.0279385540634, 0.00967985857278, 0.00516755320132, 0.0078182388097, 0.00130797817837, 0.00426701689139, 0.0039796535857, 0.00458268914372],
        "var": [0.156926348805, 0.0123286712915, 0.0404672846198, 0.0497202388942, 0.123790577054, 0.132461905479, 0.0200875662267, 0.143559515476, 0.0241198819131, 0.0143974851817, 0.0220536254346, 0.0289492700249]
    }
},
"lowlevel": {
    "melbands": {
        "dmean": [6.87675274094e-05, 0.000174752422026, 4.95093845529e-05, 3.11820840579e-05, 2.79396481346e-05, 2.04792177101e-05, 2.72095057881e-05, 4.215768422e-05, 7.24886558601e-05, 5.4419535445e-05, 2.22003563977e-05, 2.52584377449e-05, 3.08607086481e-05, 1.03006887002e-05, 1.74702454387e-05, 2.15714899241e-05, 5.5547611737e-06, 3.66926042261e-06, 1.56703515586e-06, 1.84564328265e-06, 3.31266164721e-06, 2.40144709096e-06, 4.44603665528e-06, 3.57365615855e-06, 1.91901835933e-06, 2.28461499319e-06, 2.02134924621e-06, 1.25108010707e-06, 5.41904910278e-07, 4.91901630539e-07, 2.29047103062e-07, 8.97958685186e-08, 5.03175456856e-08, 4.47923937941e-08, 4.30009521324e-08, 3.90583458909e-08, 3.81352798229e-08, 5.12781888062e-08, 4.8518124629e-08, 3.69100270348e-08],
        "dmean2": [0.000108079671918, 0.000279552885331, 8.78510181792e-05, 5.47397503396e-05, 5.04550298501e-05, 3.72492177121e-05, 4.64694021503e-05, 7.95598898549e-05, 0.000133990339236, 0.00010126401321, 4.32564993389e-05, 4.77094981761e-05, 5.6161214161e-05, 1.93856594706e-05, 3.1645737181e-05, 3.91620233131e-05, 1.04426462713e-05, 6.82271002006e-06, 2.83203939944e-06, 3.25540690937e-06, 6.00628436587e-06, 4.42589816885e-06, 8.438900295e-06, 6.60456817059e-06, 3.52196616404e-06, 4.26139786214e-06, 3.73970078726e-06, 2.28294629778e-06, 1.01049363366e-06, 9.28923043375e-07, 4.22244113452e-07, 1.64659198276e-07, 9.4265338646e-08, 8.20573688998e-08, 7.75871740188e-08, 6.99324971265e-08, 6.99545097405e-08, 9.32494046424e-08, 8.88636435548e-08, 6.73507969395e-08],
        "dvar": [2.20031437514e-09, 1.6278388415e-08, 2.56563259526e-09, 6.10147432578e-10, 1.34664712714e-09, 4.07749917164e-10, 1.87918924865e-09, 3.40402883658e-09, 7.37743155454e-09, 1.48138568079e-08, 9.82237935432e-09, 1.94497196127e-09, 3.36622418828e-09, 2.26970026107e-10, 5.7076809945e-10, 1.26344679163e-09, 3.96713994988e-10, 6.15275538851e-11, 2.85056245102e-12, 2.0620872631e-12, 9.4783599372e-12, 5.61702203847e-12, 2.20775116938e-11, 1.00236667924e-11, 2.98685381983e-12, 5.29199037022e-12, 4.0764583549e-12, 1.4891382398e-12, 3.31132934657e-13, 3.34861587244e-13, 4.50869098729e-14, 8.27346885121e-15, 2.20880188732e-15, 1.35977830676e-15, 1.15198217244e-15, 1.36822057827e-15, 1.37463579406e-15, 3.29418800011e-15, 2.47809081367e-15, 1.61340104112e-15],
        "dvar2": [5.59643309472e-09, 4.77279158417e-08, 7.06724678778e-09, 1.65367608496e-09, 3.49407591749e-09, 8.93970897309e-10, 4.78142458959e-09, 9.98212446035e-09, 2.14861817227e-08, 4.19709103028e-08, 2.95273334672e-08, 5.76206060643e-09, 9.45438749511e-09, 6.60524190899e-10, 1.49214240963e-09, 3.51449269687e-09, 1.18809928562e-09, 1.79054757132e-10, 8.39396434305e-12, 5.96201820552e-12, 2.46476068722e-11, 1.62111487428e-11, 6.07545680431e-11, 2.68349266419e-11, 8.72434589849e-12, 1.43457780377e-11, 1.11902605238e-11, 4.18710292133e-12, 9.25524847734e-13, 9.5692908892e-13, 1.35205553893e-13, 2.65454382786e-14, 6.73162282413e-15, 3.90375928401e-15, 3.4445645121e-15, 4.073912533e-15, 4.35049547182e-15, 1.01406886089e-14, 7.6674464236e-15, 4.93221821824e-15],
        "max": [0.000272227480309, 0.000808752432931, 0.000415787333623, 0.000189004422282, 0.000312561256578, 0.000159945702762, 0.00042973519885, 0.000289693591185, 0.000495973275974, 0.000929290079512, 0.000901796796825, 0.000270586373517, 0.000340045138728, 7.94628213043e-05, 0.000126294515212, 0.000165270903381, 0.000180714385351, 5.086463716e-05, 1.35258660521e-05, 6.70736926622e-06, 1.73966236616e-05, 1.15493103294e-05, 2.48279284278e-05, 1.72222353285e-05, 9.59237786446e-06, 1.38197274282e-05, 1.17573663374e-05, 7.73383271735e-06, 3.70631573787e-06, 4.43064254796e-06, 1.37081258345e-06, 7.56570557314e-07, 2.80425837218e-07, 2.39492891296e-07, 1.9544208385e-07, 2.19786386424e-07, 1.96316889856e-07, 3.09181274361e-07, 3.02841101529e-07, 2.82712562694e-07],
        "mean": [0.000101511141111, 0.000268472358584, 8.64114699652e-05, 4.09508320445e-05, 2.73538298643e-05, 2.21354639507e-05, 2.87789189315e-05, 3.59740079148e-05, 6.0297188611e-05, 3.80774326914e-05, 1.53311902977e-05, 1.85804274224e-05, 2.14527462958e-05, 8.58679140947e-06, 1.46703514474e-05, 1.58687289513e-05, 4.04764750783e-06, 2.92593722406e-06, 1.65369681326e-06, 2.01091188501e-06, 2.93389030048e-06, 2.18286731979e-06, 3.7692202568e-06, 2.97909491564e-06, 1.84310215445e-06, 2.04720845431e-06, 1.65463984558e-06, 1.02265187252e-06, 5.02969157878e-07, 4.0611064378e-07, 2.1843359832e-07, 1.11482513887e-07, 7.15775669846e-08, 6.33897627722e-08, 6.05762338068e-08, 6.11174186815e-08, 5.09071149679e-08, 6.86485677193e-08, 6.24611047328e-08, 5.24057277573e-08],
        "median": [9.34988129302e-05, 0.000234822102357, 7.38905291655e-05, 3.18310994771e-05, 1.65399487742e-05, 1.52383927343e-05, 1.60546733241e-05, 1.87756413652e-05, 2.8588116038e-05, 9.21135688259e-06, 5.63209550819e-06, 6.70744702802e-06, 4.02985779147e-06, 3.78399795409e-06, 5.95421806793e-06, 4.45408022642e-06, 1.49596201027e-06, 1.23551694742e-06, 1.1363347312e-06, 1.62985600127e-06, 1.6603783024e-06, 1.33092612487e-06, 2.13328098653e-06, 1.46840227444e-06, 1.34166532462e-06, 1.25718474919e-06, 8.96290600849e-07, 5.28260045485e-07, 3.31623340344e-07, 2.33347023482e-07, 1.54650834361e-07, 9.05533354967e-08, 6.01775909104e-08, 5.0925713424e-08, 5.18083496104e-08, 5.40229727619e-08, 4.05624369648e-08, 5.28789811938e-08, 5.19421696765e-08, 4.3122842186e-08],
        "min": [4.69251563118e-06, 1.22590872706e-05, 6.43603198114e-06, 5.22097298017e-06, 1.88970398085e-06, 1.5899945538e-06, 1.54053782353e-06, 1.78148582108e-06, 1.45921728745e-06, 6.38587096091e-07, 5.22888683463e-07, 4.11164819525e-07, 3.33026122235e-07, 5.63594198866e-07, 2.8294360277e-07, 2.58372352846e-07, 1.03119013772e-07, 2.34142348177e-07, 1.70276280187e-07, 2.33507677194e-07, 2.26083770372e-07, 1.74092733118e-07, 1.93701950479e-07, 1.97109272904e-07, 2.09349479974e-07, 2.69439937028e-07, 9.88811521552e-08, 5.1894776476e-08, 5.34622053294e-08, 3.66371217808e-08, 2.09668939988e-08, 1.56421755548e-08, 1.10528857178e-08, 1.38903226699e-08, 1.08889857131e-08, 9.755677155e-09, 8.85394868533e-09, 1.27529764526e-08, 7.08761316304e-09, 8.18768874922e-09],
        "var": [3.96693566884e-09, 3.12850616524e-08, 3.27006577372e-09, 8.58382698254e-10, 1.16728837707e-09, 5.28839527725e-10, 1.74452030599e-09, 2.490766704e-09, 6.55854837106e-09, 9.22137299852e-09, 5.07263475669e-09, 1.282255635e-09, 2.2985620074e-09, 1.68311073412e-10, 4.57801851983e-10, 9.06137720413e-10, 2.09597547651e-10, 3.83198438259e-11, 2.54667511038e-12, 2.48675255735e-12, 9.00504497359e-12, 5.09480175062e-12, 1.75077868869e-11, 9.43016411487e-12, 2.67872117717e-12, 4.29443546696e-12, 3.37928665085e-12, 1.29246320677e-12, 2.65119930133e-13, 2.41801397698e-13, 4.06714016578e-14, 7.83288805182e-15, 2.30841931467e-15, 1.5535596457e-15, 1.24657690617e-15, 1.17780132486e-15, 1.26064697045e-15, 2.79016146836e-15, 2.14244617327e-15, 1.41408984758e-15]
    },
    "mfcc": {
        "dmean": [43.1725997925, 11.3962669373, 19.7735500336, 12.7846593857, 11.1603517532, 11.5337219238, 10.0017232895, 8.03557491302, 5.12801456451, 6.23074245453, 6.89975452423, 6.12751579285, 5.96043777466],
        "dmean2": [79.4826049805, 18.8539714813, 33.4571266174, 20.6372184753, 19.6925601959, 19.6775913239, 16.098690033, 13.4740343094, 8.41504573822, 10.5909423828, 11.2825622559, 10.3132686615, 10.1607904434],
        "dvar": [821.285766602, 71.9878921509, 170.344299316, 110.496360779, 68.7311019897, 87.2919769287, 68.2846221924, 49.1928672791, 14.6300725937, 25.9550323486, 27.6416988373, 19.5071239471, 15.782954216],
        "dvar2": [2738.5065918, 202.555938721, 596.696899414, 296.782196045, 209.457229614, 251.410232544, 186.244674683, 139.95664978, 39.7645683289, 66.3216781616, 76.3923034668, 58.5620918274, 46.0615158081],
        "max": [-666.13104248, 151.480484009, 32.1074905396, 59.5695419312, 32.2087936401, 21.0442790985, 41.8349189758, 37.7891082764, 13.8128509521, 23.6942214966, 21.4683494568, 24.5122680664, 15.0369663239],
        "mean": [-734.436523438, 124.805480957, -5.37334823608, 24.5501155853, 5.92493343353, -6.18413257599, 14.2982349396, 5.98583269119, 1.01932287216, 3.53580188751, 5.66831207275, 8.10974979401, 1.03614282608],
        "median": [-733.260192871, 126.212921143, -6.74041366577, 23.0235652924, 4.67563247681, -6.11826515198, 14.525478363, 6.06988716125, 1.47026634216, 3.10704612732, 5.09704971313, 8.53087234497, 1.20447731018],
        "min": [-820.076721191, 94.8357086182, -39.2704772949, -10.7528324127, -22.3943500519, -31.4211082458, -8.53171920776, -14.8203582764, -14.4465427399, -16.3998527527, -9.21505355835, -7.95531082153, -15.3687925339],
        "var": [985.532043457, 135.020553589, 274.99786377, 210.418228149, 110.102798462, 102.01449585, 94.9318847656, 68.7361373901, 29.1947288513, 52.8920516968, 44.1485404968, 37.0853004456, 30.2363109589],
        "cov": [[991.615539551, -15.9153995514, -371.82623291, -9.31701087952, -175.617095947, -109.424552917, -34.4992599487, -35.1516914368, -29.6865234375, -23.4661254883, -31.6351928711, -7.5146484375, -46.5374565125], [-15.9153995514, 135.854003906, 12.7627391815, -106.041893005, -38.2380523682, 10.6605710983, 22.2026805878, 12.7226953506, -17.9625473022, 0.392801821232, 41.7750358582, 4.72578859329, -3.02900099754], [-371.82623291, 12.7627391815, 276.695373535, -28.3779335022, 106.844825745, 24.3097190857, -8.61364173889, 2.42630577087, 12.7079267502, 21.8541202545, 1.31363296509, -13.3780498505, 18.2507133484], [-9.31701087952, -106.041893005, -28.3779335022, 211.71711731, 41.4171295166, -14.1635065079, -53.309047699, -25.0253276825, 37.0824279785, 17.6828365326, -38.4849243164, -5.04918575287, 19.3695068359], [-175.617095947, -38.2380523682, 106.844825745, 41.4171295166, 110.782440186, 7.82987260818, -4.92962884903, -20.2715892792, 18.1082458496, 26.9401245117, -7.93550395966, -2.13384747505, 4.31253051758], [-109.424552917, 10.6605710983, 24.3097190857, -14.1635065079, 7.82987260818, 102.644218445, 54.2491035461, 24.2549953461, -9.9745464325, -3.60506415367, 30.3969364166, -1.70935869217, -14.414727211], [-34.4992599487, 22.2026805878, -8.61364173889, -53.309047699, -4.92962884903, 54.2491035461, 95.5178833008, 42.824016571, -7.64502573013, -14.1301345825, 24.9592609406, 14.8538017273, -12.4115133286], [-35.1516914368, 12.7226953506, 2.42630577087, -25.0253276825, -20.2715892792, 24.2549953461, 42.824016571, 69.1604309082, 3.91753816605, -18.1269493103, 10.8009567261, 11.6135835648, 5.87510967255], [-29.6865234375, -17.9625473022, 12.7079267502, 37.0824279785, 18.1082458496, -9.9745464325, -7.64502573013, 3.91753816605, 29.3749427795, 20.5036201477, -5.08244800568, 2.21985268593, 6.33412742615], [-23.4661254883, 0.392801821232, 21.8541202545, 17.6828365326, 26.9401245117, -3.60506415367, -14.1301345825, -18.1269493103, 20.5036201477, 53.2185440063, 12.505692482, -3.45405817032, -2.63065576553], [-31.6351928711, 41.7750358582, 1.31363296509, -38.4849243164, -7.93550395966, 30.3969364166, 24.9592609406, 10.8009567261, -5.08244800568, 12.505692482, 44.4210624695, 11.8357391357, -8.47659683228], [-7.5146484375, 4.72578859329, -13.3780498505, -5.04918575287, -2.13384747505, -1.70935869217, 14.8538017273, 11.6135835648, 2.21985268593, -3.45405817032, 11.8357391357, 37.3142204285, 10.907957077], [-46.5374565125, -3.02900099754, 18.2507133484, 19.3695068359, 4.31253051758, -14.414727211, -12.4115133286, 5.87510967255, 6.33412742615, -2.63065576553, -8.47659683228, 10.907957077, 30.4229545593]],
        "icov": [[0.00290106516331, 0.000390078144846, 0.00279685016721, 0.000342988758348, 0.00188518979121, 0.00225467118435, 4.24890495196e-05, -0.000119375014037, 0.00226645404473, -0.00207348237745, 0.00229484098963, -0.000263845460722, 0.00350461550988], [0.000390078144846, 0.0174322165549, -0.00108656089287, 0.00603013299406, 0.00493472348899, 0.00258638057858, -0.000713096291292, 0.00237723626196, -0.000505246280227, 0.000425883452408, -0.0147328358144, 0.0049804081209, -0.00682776514441], [0.00279685016721, -0.00108656089287, 0.0124604525045, 0.00509137893096, -0.00924348458648, -0.0017966220621, 0.00500316685066, -0.0030982750468, -0.00133561983239, -0.000740579795092, 0.0026063839905, 0.00462049711496, -0.00416439212859], [0.000342988758348, 0.00603013299406, 0.00509137893096, 0.0140725979581, -0.00431740190834, -0.00602857721969, 0.00681346748024, 0.00213052611798, -0.0136592052877, 0.0023514200002, 0.00127678888384, 0.00213809660636, -0.0081287631765], [0.00188518979121, 0.00493472348899, -0.00924348458648, -0.00431740190834, 0.0269262976944, 0.00281629688106, -0.00800871662796, 0.00844258256257, 0.000602583750151, -0.00779234059155, 0.00360322068445, -0.00572837144136, 0.00654741516337], [0.00225467118435, 0.00258638057858, -0.0017966220621, -0.00602857721969, 0.00281629688106, 0.0243296176195, -0.0116456998512, -0.00222564628348, 0.0118927787989, -0.000349403184373, -0.0143081275746, 0.0072128502652, 0.00635061226785], [4.24890495196e-05, -0.000713096291292, 0.00500316685066, 0.00681346748024, -0.00800871662796, -0.0116456998512, 0.0279742199928, -0.0115280803293, -0.00429110508412, 0.00351775507443, 0.00182402040809, -0.00757337268442, 0.00633198907599], [-0.000119375014037, 0.00237723626196, -0.0030982750468, 0.00213052611798, 0.00844258256257, -0.00222564628348, -0.0115280803293, 0.0316923893988, -0.0220386069268, 0.0136003550142, -0.00709495181218, 0.00148692179937, -0.00926377996802], [0.00226645404473, -0.000505246280227, -0.00133561983239, -0.0136592052877, 0.000602583750151, 0.0118927787989, -0.00429110508412, -0.0220386069268, 0.0892842486501, -0.0401836633682, 0.0148756243289, -0.008156218566, 0.00597445201129], [-0.00207348237745, 0.000425883452408, -0.000740579795092, 0.0023514200002, -0.00779234059155, -0.000349403184373, 0.00351775507443, 0.0136003550142, -0.0401836633682, 0.0494987368584, -0.0281980186701, 0.0103878267109, -0.00336915720254], [0.00229484098963, -0.0147328358144, 0.0026063839905, 0.00127678888384, 0.00360322068445, -0.0143081275746, 0.00182402040809, -0.00709495181218, 0.0148756243289, -0.0281980186701, 0.0703596547246, -0.0266389735043, 0.018111018464], [-0.000263845460722, 0.0049804081209, 0.00462049711496, 0.00213809660636, -0.00572837144136, 0.0072128502652, -0.00757337268442, 0.00148692179937, -0.008156218566, 0.0103878267109, -0.0266389735043, 0.0478730499744, -0.0251786112785], [0.00350461550988, -0.00682776514441, -0.00416439212859, -0.0081287631765, 0.00654741516337, 0.00635061226785, 0.00633198907599, -0.00926377996802, 0.00597445201129, -0.00336915720254, 0.018111018464, -0.0251786112785, 0.0642163306475]]
    }
}

}