{
"metadata": {
    "version": {
        "essentia": "2.0.1",
        "extractor": "archive-music 1.0 mod ismir14"
    },
    "audio_properties": {
        "analysis_sample_rate": 44100,
        "bitrate": 112,
        "channels": 2,
        "equal_loudness": 0,
        "length": 30.0669155121,
        "replay_gain": -10.173538208,
        "downmix": "mix"
    },
    "tags": {
        "track": 0,
        "year": 0,
        "album": "",
        "artist": "",
        "comment": "",
        "genre": "",
        "title": ""
    }
},
"rhythm": {
    "bpm": 172.265594482,
    "bpm_histogram_first_peak": 172,
    "bpm_histogram_first_peak_spread": 0,
    "bpm_histogram_first_peak_weight": 0.5,
    "bpm_histogram_second_peak": 178,
    "bpm_histogram_second_peak_spread": 0,
    "bpm_histogram_second_peak_weight": 0.27380952239
},
"tonal": {
    "tuning_frequency": {
        "dmean": 0.0653773620725,
        "dmean2": 0.109706968069,
        "dvar": 0.536517858505,
        "dvar2": 1.23900651932,
        "max": 447.691040039,
        "mean": 436.286071777,
        "median": 436.456176758,
        "min": 433.191070557,
        "var": 1.02741897106
    },
    "hpcp": {
        "dmean": [0.0838536322117, 0.150693833828, 0.154074579477, 0.154734671116, 0.0327360779047, 0.0802723988891, 0.080593213439, 0.123511761427, 0.0562759749591, 0.0588897615671, 0.143022626638, 0.0618326812983],
        "dmean2": [0.148533016443, 0.272586911917, 0.282534360886, 0.277245700359, 0.0580575242639, 0.141396090388, 0.144728004932, 0.217043608427, 0.100401937962, 0.103694446385, 0.242120057344, 0.113350093365],
        "dvar": [0.04103974998, 0.0715832859278, 0.0777874961495, 0.0848555788398, 0.0191875733435, 0.0436158180237, 0.0445411130786, 0.0686239078641, 0.0316743701696, 0.0252223275602, 0.0594925992191, 0.0291341114789],
        "dvar2": [0.104469314218, 0.177340835333, 0.205519735813, 0.168518155813, 0.0467867553234, 0.102426178753, 0.0894657075405, 0.134776011109, 0.0746595263481, 0.0612175315619, 0.120660699904, 0.0749739035964],
        "max": [1, 1, 1, 1, 1, 1, 1, 1, 1, 1, 1, 1],
        "mean": [0.0807236209512, 0.190474718809, 0.143893912435, 0.313204824924, 0.0254078507423, 0.107689917088, 0.123709149659, 0.185409247875, 0.054744809866, 0.0621391832829, 0.330790966749, 0.0515930093825],
        "median": [0.0100371995941, 0.0357266291976, 0.0318005345762, 0.0507715716958, 0.00122718745843, 0.0115089109167, 0.00144062214531, 0.010432260111, 0.00273300940171, 0.00463519990444, 0.098091378808, 0.00370266987011],
        "min": [0, 2.68260155281e-05, 7.41330450182e-06, 7.52380310587e-06, 3.13776672556e-06, 0, 0, 0, 2.44149464379e-06, 3.271028163e-06, 1.44392106449e-06, 6.26959445071e-06],
        "var": [0.0421349927783, 0.104054138064, 0.0703830644488, 0.172187894583, 0.015118855983, 0.068050339818, 0.0875097960234, 0.117446437478, 0.0361794792116, 0.0337338782847, 0.15915080905, 0.0240452792495]
    }
},
"lowlevel": {
    "melbands": {
        "dmean": [1.74921979124e-06, 4.21734621341e-05, 5.57317871426e-05, 0.000510179961566, 0.000507580814883, 0.000271872879239, 0.000114253132779, 9.75600050879e-05, 5.73298893869e-05, 4.00234421249e-05, 3.32315066771e-05, 2.035117177e-05, 3.45177904819e-05, 1.3165049495e-05, 1.01814275695e-05, 8.60368527356e-06, 1.77131805685e-05, 8.55346297612e-06, 1.00308097899e-05, 2.79105847767e-06, 4.01125998906e-06, 3.945653134e-06, 2.23855954573e-06, 2.78492962025e-06, 7.15820124242e-06, 7.42325300962e-06, 2.15224872591e-06, 1.18143680083e-06, 3.95437211864e-07, 2.67499018491e-07, 1.02052489126e-07, 1.62524038672e-08, 3.12481462927e-09, 6.01826533053e-10, 2.66582422803e-10, 1.10893606797e-10, 4.6413491106e-11, 2.0490598801e-11, 1.523867664e-11, 3.942520789e-12],
        "dmean2": [2.80538870356e-06, 6.53971801512e-05, 8.37463521748e-05, 0.000786803779192, 0.000794726307504, 0.000421684148023, 0.000178455316927, 0.000150931024109, 9.19365411391e-05, 6.54442774248e-05, 5.01597205584e-05, 3.15056313411e-05, 5.35879735253e-05, 2.02840237762e-05, 1.66779773281e-05, 1.37019560498e-05, 2.86431441054e-05, 1.35783720907e-05, 1.53107430378e-05, 4.24810468758e-06, 6.49956655252e-06, 6.54384302834e-06, 3.66879521607e-06, 4.2818583097e-06, 1.11094650492e-05, 1.13578525998e-05, 3.44593286172e-06, 1.91396111404e-06, 6.10207280261e-07, 4.16062704289e-07, 1.57621514063e-07, 2.63035033754e-08, 4.94180696364e-09, 9.30151899947e-10, 4.21517154514e-10, 1.76244172034e-10, 7.37771441162e-11, 3.20209275761e-11, 2.36307102358e-11, 6.57512976357e-12],
        "dvar": [4.94567971646e-12, 8.3583753252e-09, 1.17731735472e-08, 1.86397653579e-06, 8.42683903102e-07, 1.49590093201e-07, 5.07399668948e-08, 6.3727725319e-08, 4.55791742127e-08, 1.59479665029e-08, 1.33987914097e-08, 5.59248203302e-09, 1.53603174624e-08, 2.04550021365e-09, 1.73566783168e-09, 4.12375661396e-10, 3.39350725298e-09, 3.23054721862e-10, 4.49559389715e-10, 2.61003024749e-11, 5.28529546517e-11, 7.48085968172e-11, 2.85392855182e-11, 3.69873992545e-11, 4.0263561929e-10, 3.96830013294e-10, 2.07252982137e-11, 8.41842134197e-12, 1.45578059156e-12, 2.04643051636e-12, 3.42054862082e-13, 3.82431013466e-15, 6.43918311091e-16, 5.27702063807e-18, 6.2436636951e-19, 1.52274877634e-19, 6.09855450217e-20, 4.87280595875e-20, 3.3367884299e-20, 8.96928841272e-22],
        "dvar2": [1.20878168586e-11, 1.34461117796e-08, 2.286989087e-08, 3.90373497794e-06, 1.9118781438e-06, 3.52978986484e-07, 1.2809194061e-07, 1.55975001803e-07, 1.1337407102e-07, 3.641115498e-08, 2.91845765332e-08, 1.19655219066e-08, 3.36344569973e-08, 3.84151821464e-09, 3.7898146843e-09, 8.93210672093e-10, 5.84081449873e-09, 7.84940556997e-10, 8.51570314264e-10, 5.70191116545e-11, 1.31129593295e-10, 1.88428161962e-10, 6.53764334335e-11, 7.11531736308e-11, 9.55075130094e-10, 7.76253450407e-10, 5.15578760241e-11, 2.05039162732e-11, 3.24855550446e-12, 5.08627428369e-12, 8.17347058091e-13, 8.5032612665e-15, 1.56269796653e-15, 1.08602031547e-17, 1.42616866728e-18, 3.87822441123e-19, 1.51232991953e-19, 1.2207982552e-19, 8.3595622337e-20, 2.25101229589e-21],
        "max": [3.06459187414e-05, 0.0022846297361, 0.00163734704256, 0.030626790598, 0.0139480652288, 0.00367776770145, 0.00223105493933, 0.00281149125658, 0.00280007976107, 0.00149989570491, 0.00144970207475, 0.000928337336518, 0.00173184077721, 0.000618352321908, 0.000546299677808, 0.000281092681689, 0.00129280041438, 0.000185206634342, 0.00043183483649, 8.19463602966e-05, 7.01054159435e-05, 0.000112154128146, 5.3987299907e-05, 8.74878969626e-05, 0.000305108027533, 0.000320795807056, 4.29693209298e-05, 3.00828960462e-05, 1.81526211236e-05, 2.77466551779e-05, 1.216950659e-05, 9.60263491834e-07, 5.40325800102e-07, 3.699586415e-08, 9.52127265919e-09, 4.58293802907e-09, 3.47990236627e-09, 3.70961594776e-09, 3.05337999329e-09, 4.86565399083e-10],
        "mean": [2.30745058616e-06, 7.36284200684e-05, 0.000108424836071, 0.000887520320248, 0.000846382288728, 0.000390501081711, 0.000150446401676, 0.000149262748891, 6.61414160277e-05, 4.22142184107e-05, 4.03795529564e-05, 2.16862827074e-05, 3.84835839213e-05, 1.4479701349e-05, 1.20074009828e-05, 9.6118037618e-06, 2.02772207558e-05, 9.78731259238e-06, 1.31530141516e-05, 3.7127658743e-06, 4.35440733781e-06, 3.91133971789e-06, 2.4881076115e-06, 3.40057090398e-06, 7.22376034901e-06, 8.08757522464e-06, 2.19183834815e-06, 1.0966142554e-06, 3.73057105207e-07, 2.2402922184e-07, 8.86059225991e-08, 1.52919419349e-08, 2.68996513952e-09, 6.64039545573e-10, 3.08220310385e-10, 1.08223451034e-10, 3.47763033648e-11, 1.18036136421e-11, 8.23062971944e-12, 2.45190890161e-12],
        "median": [1.4166348592e-06, 3.73981310986e-05, 4.84471056552e-05, 0.000260573142441, 0.000405218568631, 0.000185786775546, 5.72254321014e-05, 3.84297673008e-05, 1.14588010547e-05, 3.73567172574e-06, 2.76441892311e-06, 1.40223073686e-06, 2.33964965446e-06, 2.12895020013e-06, 1.66129916579e-06, 1.84415000604e-06, 4.13033194491e-06, 2.93920766126e-06, 3.98569909521e-06, 1.17139779832e-06, 1.37800225275e-06, 1.0018904959e-06, 4.79313882806e-07, 7.532846098e-07, 1.56241856075e-06, 1.35013021918e-06, 4.12253427839e-07, 1.48740426198e-07, 3.65196939356e-08, 1.46390579658e-08, 4.49847936679e-09, 1.04337538609e-09, 3.95637800299e-10, 2.30468186202e-10, 1.32980362832e-10, 3.10447917373e-11, 1.91833723386e-12, 1.04104268608e-12, 5.70507508423e-13, 4.59761894354e-13],
        "min": [1.73102954193e-09, 2.48656339963e-09, 8.42723002492e-10, 1.05936937e-09, 3.58473761786e-09, 1.14081843972e-09, 1.92689655898e-10, 4.54501436487e-10, 2.25094082262e-10, 7.61954527251e-11, 9.10155839584e-11, 1.70374728214e-10, 3.1929825537e-12, 5.37498309749e-11, 8.29784713163e-11, 1.32480471038e-10, 5.41704736623e-10, 2.27944135789e-10, 2.44351483492e-10, 1.99311834398e-11, 4.7427730146e-13, 1.49194996635e-11, 2.21119650368e-11, 4.73616701413e-11, 1.22738529409e-11, 1.73272559495e-11, 1.20263026968e-11, 6.34019616322e-12, 1.51131982363e-12, 5.1273503672e-13, 8.96653411242e-13, 8.75301675758e-13, 3.06928934308e-13, 2.45709594164e-13, 6.0156510307e-14, 6.71876156056e-14, 4.90238173678e-14, 4.98214344129e-14, 4.85410356929e-14, 1.75653576021e-14],
        "var": [7.94757835931e-12, 3.45748887298e-08, 2.56085179728e-08, 4.18056470153e-06, 1.45910814808e-06, 2.44555707241e-07, 6.05056982295e-08, 9.45212619285e-08, 5.63144553212e-08, 1.83504109685e-08, 1.90609732442e-08, 7.93611665273e-09, 2.22089173718e-08, 2.85373502606e-09, 2.236513863e-09, 6.38336772329e-10, 6.31045260491e-09, 3.95211807724e-10, 7.61558149875e-10, 4.33303358471e-11, 6.43092107344e-11, 7.22262735731e-11, 3.55107540595e-11, 6.38704159006e-11, 4.29156210568e-10, 6.03745942129e-10, 2.47011525817e-11, 8.80826661609e-12, 1.64096113e-12, 1.70184049145e-12, 3.12089140338e-13, 4.49341872914e-15, 5.31289822402e-16, 6.11149615644e-18, 6.22755125075e-19, 1.15346433162e-19, 3.80751365205e-20, 2.44745763434e-20, 1.67500939803e-20, 4.54005430121e-22]
    },
    "mfcc": {
        "dmean": [37.557888031, 11.7934713364, 21.825799942, 13.396733284, 10.5507450104, 9.4166727066, 7.91784143448, 9.62510871887, 7.21493577957, 6.9611620903, 7.2477350235, 6.53292942047, 6.25663566589],
        "dmean2": [53.4097290039, 16.9637317657, 31.1031646729, 19.0154190063, 15.17299366, 14.1229457855, 11.9600925446, 14.6177806854, 11.0076313019, 10.5273742676, 11.4635362625, 9.88311481476, 9.63066959381],
        "dvar": [1507.54919434, 205.987457275, 489.582122803, 126.573432922, 84.1414413452, 83.7646026611, 38.3578987122, 64.9245300293, 36.0667228699, 32.4521713257, 34.7382659912, 30.7801742554, 25.6581707001],
        "dvar2": [2726.55688477, 293.714172363, 868.15447998, 248.70930481, 155.368606567, 173.071655273, 85.346534729, 141.860794067, 81.5563735962, 77.9216918945, 78.683555603, 66.9163970947, 58.065952301],
        "max": [-689.992858887, 246.678527832, 98.8493041992, 131.17980957, 63.3662910461, 28.7041168213, 36.1635513306, 26.8962497711, 12.0222206116, 29.6963825226, 17.958782196, 18.4328708649, 26.7532272339],
        "mean": [-808.149475098, 197.13659668, -40.2364387512, 34.7157363892, 11.5416593552, -25.5644359589, -4.74570989609, -29.9546089172, -25.1573867798, -5.15710639954, -11.4452924728, -14.1186532974, -7.0787229538],
        "median": [-800.616271973, 198.767913818, -48.3669700623, 33.8053474426, 14.3269958496, -25.8972892761, -3.80549240112, -31.5322875977, -25.4193344116, -5.06652069092, -10.618139267, -13.9337158203, -7.15942001343],
        "min": [-1132.37036133, 8.35084152222, -122.290008545, -21.993724823, -59.7484359741, -74.765411377, -36.7004318237, -72.6809844971, -59.884147644, -47.7147369385, -44.8999977112, -45.2848930359, -38.2027702332],
        "var": [3728.93066406, 625.507385254, 1694.54223633, 572.366699219, 387.92288208, 283.642181396, 137.580001831, 252.338745117, 110.936973572, 164.631652832, 112.50579071, 89.3001174927, 90.011756897],
        "cov": [[3734.68530273, 182.966629028, -2239.5390625, 667.647338867, -554.741333008, -572.20690918, 288.44442749, -268.526824951, 2.7956738472, -89.1930084229, -75.7538375854, 55.9317741394, -134.742050171], [182.966629028, 626.472717285, 226.861816406, -340.226287842, 23.5750846863, -80.5302200317, -63.3375663757, 113.672981262, -55.9557113647, -25.1743202209, -12.9996137619, -40.2446327209, -14.7193994522], [-2239.5390625, 226.861816406, 1697.15722656, -491.011322021, 290.687652588, 357.188781738, -237.013763428, 179.506607056, -16.5640964508, 8.05588531494, 42.0979576111, -55.1896591187, 50.7560768127], [667.647338867, -340.226287842, -491.011322021, 573.25, -13.7508335114, -62.02709198, 60.8952484131, -232.789550781, -0.483959704638, 24.9342689514, -36.2482795715, 13.659734726, -16.5650024414], [-554.741333008, 23.5750846863, 290.687652588, -13.7508335114, 388.52154541, 149.868377686, -101.083892822, -46.5152053833, -62.8100814819, 103.017250061, 12.3306207657, -42.1079444885, 61.8355445862], [-572.20690918, -80.5302200317, 357.188781738, -62.02709198, 149.868377686, 284.07989502, -32.6402893066, -56.898727417, 15.3629693985, 42.775554657, 51.7392158508, 12.5252180099, 26.2959671021], [288.44442749, -63.3375663757, -237.013763428, 60.8952484131, -101.083892822, -32.6402893066, 137.792312622, 13.7819776535, -5.55947446823, -2.72410845757, -8.42336463928, 18.8456687927, -6.84839630127], [-268.526824951, 113.672981262, 179.506607056, -232.789550781, -46.5152053833, -56.898727417, 13.7819776535, 252.728149414, 38.5175247192, -84.5882339478, -5.70467710495, -10.5404891968, -11.9427204132], [2.7956738472, -55.9557113647, -16.5640964508, -0.483959704638, -62.8100814819, 15.3629693985, -5.55947446823, 38.5175247192, 111.108169556, -20.327545166, -21.0793781281, 18.47423172, -16.2335643768], [-89.1930084229, -25.1743202209, 8.05588531494, 24.9342689514, 103.017250061, 42.775554657, -2.72410845757, -84.5882339478, -20.327545166, 164.88571167, 44.679561615, -33.9307479858, 38.1270332336], [-75.7538375854, -12.9996137619, 42.0979576111, -36.2482795715, 12.3306207657, 51.7392158508, -8.42336463928, -5.70467710495, -21.0793781281, 44.679561615, 112.679412842, 20.7281208038, -3.4212679863], [55.9317741394, -40.2446327209, -55.1896591187, 13.659734726, -42.1079444885, 12.5252180099, 18.8456687927, -10.5404891968, 18.47423172, -33.9307479858, 20.7281208038, 89.4379272461, 17.7660884857], [-134.742050171, -14.7193994522, 50.7560768127, -16.5650024414, 61.8355445862, 26.2959671021, -6.84839630127, -11.9427204132, -16.2335643768, 38.1270332336, -3.4212679863, 17.7660884857, 90.1506652832]],
        "icov": [[0.315515607595, -0.439818650484, 0.431248307228, -0.406722128391, 0.38121894002, -0.345065176487, 0.305075794458, -0.25464490056, 0.208028972149, -0.15557743609, 0.109991960227, -0.0672270208597, 0.0315253399312], [-0.439818650484, 0.616511464119, -0.601847112179, 0.570597529411, -0.533766627312, 0.485345333815, -0.428070187569, 0.359429746866, -0.292066901922, 0.220129132271, -0.15526753664, 0.0957525968552, -0.0438206419349], [0.431248307228, -0.601847112179, 0.592729628086, -0.559017539024, 0.526620745659, -0.481321364641, 0.428362518549, -0.359359353781, 0.294818013906, -0.222041726112, 0.159017175436, -0.0978217348456, 0.0462801046669], [-0.406722128391, 0.570597529411, -0.559017539024, 0.536720991135, -0.503252029419, 0.462093472481, -0.412706941366, 0.352347195148, -0.287307173014, 0.219810336828, -0.156764000654, 0.099194675684, -0.0458509474993], [0.38121894002, -0.533766627312, 0.526620745659, -0.503252029419, 0.482572436333, -0.443440496922, 0.400620251894, -0.340064704418, 0.283497720957, -0.218603223562, 0.159050196409, -0.0995535030961, 0.0465498268604], [-0.345065176487, 0.485345333815, -0.481321364641, 0.462093472481, -0.443440496922, 0.419951677322, -0.377882361412, 0.326909035444, -0.272742807865, 0.211932331324, -0.158518493176, 0.100351795554, -0.0488706640899], [0.305075794458, -0.428070187569, 0.428362518549, -0.412706941366, 0.400620251894, -0.377882361412, 0.357741773129, -0.304030299187, 0.25653976202, -0.202935412526, 0.152421101928, -0.100772000849, 0.0490734875202], [-0.25464490056, 0.359429746866, -0.359359353781, 0.352347195148, -0.340064704418, 0.326909035444, -0.304030299187, 0.27383852005, -0.227015256882, 0.18378663063, -0.137835323811, 0.0935738608241, -0.0460456721485], [0.208028972149, -0.292066901922, 0.294818013906, -0.287307173014, 0.283497720957, -0.272742807865, 0.25653976202, -0.227015256882, 0.203537747264, -0.156724408269, 0.122324481606, -0.0832383111119, 0.0429565571249], [-0.15557743609, 0.220129132271, -0.222041726112, 0.219810336828, -0.218603223562, 0.211932331324, -0.202935412526, 0.18378663063, -0.156724408269, 0.139252603054, -0.104313537478, 0.0748962163925, -0.0399652831256], [0.109991960227, -0.15526753664, 0.159017175436, -0.156764000654, 0.159050196409, -0.158518493176, 0.152421101928, -0.137835323811, 0.122324481606, -0.104313537478, 0.0912035256624, -0.0603326223791, 0.0326697565615], [-0.0672270208597, 0.0957525968552, -0.0978217348456, 0.099194675684, -0.0995535030961, 0.100351795554, -0.100772000849, 0.0935738608241, -0.0832383111119, 0.0748962163925, -0.0603326223791, 0.0572925508022, -0.0280340071768], [0.0315253399312, -0.0438206419349, 0.0462801046669, -0.0458509474993, 0.0465498268604, -0.0488706640899, 0.0490734875202, -0.0460456721485, 0.0429565571249, -0.0399652831256, 0.0326697565615, -0.0280340071768, 0.027931150049]]
    }
}

}