{
"metadata": {
    "version": {
        "essentia": "2.0.1",
        "extractor": "archive-music 1.0 mod ismir14"
    },
    "audio_properties": {
        "analysis_sample_rate": 44100,
        "bitrate": 128,
        "channels": 2,
        "equal_loudness": 0,
        "length": 30.0669155121,
        "replay_gain": -14.8304538727,
        "downmix": "mix"
    },
    "tags": {
        "track": 0,
        "year": 0,
        "album": "",
        "artist": "",
        "comment": "",
        "genre": "",
        "title": ""
    }
},
"rhythm": {
    "bpm": 109.229476929,
    "bpm_histogram_first_peak": 110,
    "bpm_histogram_first_peak_spread": 0.471698105335,
    "bpm_histogram_first_peak_weight": 0.528301894665,
    "bpm_histogram_second_peak": 0,
    "bpm_histogram_second_peak_spread": 0,
    "bpm_histogram_second_peak_weight": 0
},
"tonal": {
    "tuning_frequency": {
        "dmean": 0.069893963635,
        "dmean2": 0.120444156229,
        "dvar": 0.203523665667,
        "dvar2": 0.389737159014,
        "max": 450.284484863,
        "mean": 441.991485596,
        "median": 442.293365479,
        "min": 439.491973877,
        "var": 0.905665814877
    },
    "hpcp": {
        "dmean": [0.130212143064, 0.0773459523916, 0.0667042210698, 0.130064874887, 0.0752536281943, 0.110915891826, 0.0542102791369, 0.0835173353553, 0.10693231225, 0.0476966835558, 0.119540899992, 0.0767287537456],
        "dmean2": [0.235161289573, 0.143192872405, 0.118368156254, 0.223219498992, 0.139308139682, 0.194068789482, 0.102898105979, 0.144693762064, 0.174669653177, 0.086647555232, 0.203686892986, 0.14209549129],
        "dvar": [0.0682190060616, 0.0435520000756, 0.0306991301477, 0.0570783950388, 0.0390990190208, 0.0466996841133, 0.0252463649958, 0.0315870344639, 0.0415224581957, 0.0228258408606, 0.051649723202, 0.0404193513095],
        "dvar2": [0.177589595318, 0.108777217567, 0.0797235742211, 0.123081251979, 0.104730635881, 0.119600996375, 0.0737434178591, 0.078779488802, 0.0994543209672, 0.0633006766438, 0.129380375147, 0.107275947928],
        "max": [1, 1, 1, 1, 1, 1, 1, 1, 1, 1, 1, 1],
        "mean": [0.167199775577, 0.211101159453, 0.0506516806781, 0.412894189358, 0.0514182038605, 0.216329783201, 0.0330454446375, 0.101270243526, 0.204804107547, 0.0325456298888, 0.2170355618, 0.0514921694994],
        "median": [0.0227513462305, 0.00482356455177, 0.00355551531538, 0.158029317856, 0.00270846439525, 0.0357423499227, 0.00232588290237, 0.0119621809572, 0.057688459754, 0.00238186516799, 0.0533375814557, 0.00240138010122],
        "min": [0, 8.45341128297e-06, 2.39394580603e-06, 0, 3.072202162e-06, 2.77792196357e-06, 8.84628150288e-07, 2.11622937059e-05, 1.0559463135e-06, 1.72384079633e-06, 4.74805983686e-06, 2.05076321436e-06],
        "var": [0.0941888689995, 0.146087408066, 0.0237101372331, 0.189625948668, 0.0281015876681, 0.11885779351, 0.0144376754761, 0.0499701425433, 0.0993407145143, 0.0146127352491, 0.106412597001, 0.0281468871981]
    }
},
"lowlevel": {
    "melbands": {
        "dmean": [0.000507752294652, 0.000866303569637, 0.000631001254078, 0.000399156939238, 0.00016532074369, 0.000151367174112, 8.72043165145e-05, 0.000123211968457, 0.000168619328178, 0.000112738503958, 2.69832435151e-05, 3.25451728713e-05, 2.01439306693e-05, 2.20439742407e-05, 2.15375093831e-05, 2.11746992136e-05, 1.94340882445e-05, 1.6750938812e-05, 9.62474041444e-06, 1.52382235683e-05, 6.97085670254e-06, 4.89477679366e-06, 5.06045535076e-06, 3.34850778927e-06, 1.98723864742e-06, 1.47547689267e-06, 8.73810904523e-07, 6.5152676143e-07, 7.11243728801e-07, 5.52168614831e-07, 4.59883722215e-07, 4.54088791457e-07, 4.25395739967e-07, 2.93038254995e-07, 2.44273820726e-07, 1.7546626907e-07, 9.84811947546e-08, 2.94331456985e-08, 6.56227516771e-09, 3.74351577515e-10],
        "dmean2": [0.000873591168784, 0.00141960685141, 0.000966998108197, 0.000654742296319, 0.000266686955001, 0.000229850847973, 0.000139708819916, 0.000187981160707, 0.000260409666225, 0.000179344555363, 4.12827866967e-05, 5.41072149645e-05, 3.07118825731e-05, 3.50404588971e-05, 3.40018850693e-05, 3.36436241923e-05, 3.22425730701e-05, 2.59932076005e-05, 1.5118880583e-05, 2.28330554819e-05, 1.09568300104e-05, 7.62577519708e-06, 8.04005412647e-06, 5.38436825082e-06, 3.19560740536e-06, 2.32429829339e-06, 1.34107710892e-06, 9.80064555733e-07, 1.05458104827e-06, 8.32254727356e-07, 6.92901380717e-07, 6.54558732549e-07, 5.99723591677e-07, 4.29539028346e-07, 3.37561431252e-07, 2.44340412792e-07, 1.34183608225e-07, 4.08888389813e-08, 9.64072821574e-09, 6.66380395309e-10],
        "dvar": [1.84150496807e-06, 1.48779190567e-06, 5.65669949992e-07, 5.3278051837e-07, 4.56668978188e-08, 7.33411269493e-08, 2.16008935183e-08, 6.32853556226e-08, 1.00687934435e-07, 7.71340822325e-08, 4.41618785985e-09, 9.83971926161e-09, 2.85155765667e-09, 3.10705150497e-09, 3.70276742601e-09, 2.52448861815e-09, 1.63170965628e-09, 1.66516755939e-09, 4.48108744555e-10, 2.28635577137e-09, 1.9942486551e-10, 7.10855957431e-11, 1.1432039343e-10, 4.21231938219e-11, 1.1397849678e-11, 1.00856952998e-11, 2.47791305703e-12, 1.47544379058e-12, 1.74119085036e-12, 1.25741799785e-12, 9.36499684225e-13, 9.29856126992e-13, 8.37413471899e-13, 5.53386275606e-13, 5.99728654325e-13, 5.36222379433e-13, 2.54164500861e-13, 1.1638995872e-14, 4.79803612917e-16, 2.48241823552e-18],
        "dvar2": [5.0056632972e-06, 3.7301674638e-06, 1.42543535731e-06, 1.50369271523e-06, 1.24719164774e-07, 1.54300252575e-07, 5.06428676772e-08, 1.37466287242e-07, 2.18536214902e-07, 1.79104674203e-07, 7.64535634801e-09, 2.30680825553e-08, 6.37166897022e-09, 7.6289143891e-09, 8.49615044984e-09, 5.82469628085e-09, 4.11104661424e-09, 3.32983929319e-09, 9.76381420159e-10, 5.26881915874e-09, 4.80580408802e-10, 1.91607438249e-10, 2.60882704328e-10, 1.01389771578e-10, 2.65126635923e-11, 2.64816744922e-11, 5.8297767655e-12, 3.33892830919e-12, 3.74534561351e-12, 2.92325798984e-12, 2.07248953242e-12, 1.87269579184e-12, 1.55092442795e-12, 1.01077945926e-12, 9.87772906004e-13, 9.89978281643e-13, 4.89088262078e-13, 1.80073715813e-14, 8.39305783314e-16, 5.18891059999e-18],
        "max": [0.00968237686902, 0.00930132064968, 0.00851951539516, 0.00587378442287, 0.00171663158108, 0.00243439292535, 0.00145891355351, 0.0024575330317, 0.0035536440555, 0.00426915241405, 0.00120522163343, 0.00153928808868, 0.000859674008097, 0.000506717362441, 0.000668588909321, 0.00053487502737, 0.000386091676774, 0.000623638450634, 0.000222853166633, 0.00120151240844, 0.000271133583738, 9.3431728601e-05, 0.000183313357411, 9.11316383281e-05, 3.18228921969e-05, 4.35711008322e-05, 1.85904464161e-05, 1.12917623483e-05, 1.18366178867e-05, 1.1016033568e-05, 1.08582244138e-05, 9.1813144536e-06, 1.26674194689e-05, 1.07899841169e-05, 1.77139172592e-05, 1.7381626094e-05, 1.18938605738e-05, 2.51829624176e-06, 4.96540224049e-07, 2.85501915442e-08],
        "mean": [0.000643451407086, 0.00263639795594, 0.00191094586626, 0.000721759686712, 0.000302682485199, 0.000264978938503, 0.000140698481118, 0.000174880595296, 0.000239291708567, 0.000177126479684, 3.7256268115e-05, 3.90073982999e-05, 2.65201542788e-05, 2.6080339012e-05, 2.5354560421e-05, 2.76394130196e-05, 2.45522915066e-05, 2.36088471866e-05, 1.31906290335e-05, 2.72962442978e-05, 1.151230299e-05, 7.86320561019e-06, 1.05617082227e-05, 6.35130345472e-06, 3.11945314024e-06, 2.01392185772e-06, 1.12808311314e-06, 8.02006127287e-07, 8.89092518719e-07, 6.44994088361e-07, 5.42981581475e-07, 5.37375058229e-07, 5.03935325469e-07, 3.62939061915e-07, 2.91319423695e-07, 1.90924225763e-07, 1.05547158569e-07, 3.22669428954e-08, 6.72831701465e-09, 3.02832009469e-10],
        "median": [0.000357007636921, 0.00236786110327, 0.00177371967584, 0.000512476195581, 0.000215268897591, 9.59261087701e-05, 6.50250658509e-05, 5.70806478208e-05, 5.95574929321e-05, 3.7688336306e-05, 1.08809363155e-05, 1.06418910946e-05, 7.50503068048e-06, 5.49937749383e-06, 6.29709120403e-06, 5.71121563553e-06, 4.90449247081e-06, 5.53462132302e-06, 3.66636390936e-06, 3.388357527e-06, 3.48174648934e-06, 3.34329911311e-06, 2.39701262217e-06, 1.5470868675e-06, 1.1292469253e-06, 7.68120685279e-07, 4.21327172262e-07, 2.63536719558e-07, 2.70795140977e-07, 1.43802012076e-07, 1.13603569218e-07, 1.10972429468e-07, 9.95012996441e-08, 8.10077906976e-08, 5.7328822578e-08, 4.19354257986e-08, 2.2766208474e-08, 5.99801541767e-09, 1.31466659781e-09, 1.4824374367e-11],
        "min": [2.16219972482e-10, 1.05975290765e-08, 9.4162109221e-09, 5.82772319291e-09, 2.14450701641e-09, 8.50425285748e-10, 5.94865823267e-10, 1.25673105256e-09, 1.77507120114e-09, 1.28047583647e-09, 9.41568267798e-10, 8.99535612664e-10, 5.9118299145e-10, 2.80477252534e-10, 3.83555853745e-10, 3.27721016991e-10, 2.06128406011e-10, 1.44779258027e-10, 9.77628256127e-11, 6.4358095242e-11, 4.25614196664e-11, 3.16315133808e-11, 2.0185452268e-11, 2.18145501663e-11, 1.42997107211e-11, 4.87449837439e-12, 2.39474360481e-11, 2.36857998492e-11, 8.33128542283e-13, 2.10776240211e-11, 1.70491572249e-11, 9.76273315662e-12, 6.49836131086e-12, 4.08687753778e-12, 8.18525341907e-14, 5.32355159033e-14, 3.0645299666e-14, 3.20198071345e-14, 3.2273178406e-14, 8.55793131401e-15],
        "var": [1.38015116136e-06, 3.63459253094e-06, 1.51726874265e-06, 5.33768172772e-07, 8.41015292963e-08, 1.68025721337e-07, 3.98674977475e-08, 1.15183041771e-07, 2.03840315294e-07, 1.96435422595e-07, 8.53402948309e-09, 1.16936940131e-08, 5.08515629605e-09, 3.71262420806e-09, 4.45793979509e-09, 4.09561318193e-09, 2.86470069888e-09, 3.29002780575e-09, 7.33072269554e-10, 1.0510784243e-08, 5.43470102254e-10, 1.32943933639e-10, 5.58527779582e-10, 1.76378148198e-10, 2.30214250441e-11, 1.15089830027e-11, 3.13067670746e-12, 1.91292359557e-12, 2.51917562331e-12, 1.5921015591e-12, 1.19387008959e-12, 1.27895220456e-12, 1.27983214304e-12, 7.8769228553e-13, 9.15978122344e-13, 6.86479410643e-13, 3.02574995224e-13, 1.85756425975e-14, 6.84460590199e-16, 2.74489319043e-18]
    },
    "mfcc": {
        "dmean": [30.5517730713, 14.6859130859, 11.5341625214, 9.51454257965, 9.47064208984, 8.1876039505, 7.15687322617, 6.48499584198, 5.91976213455, 6.61330461502, 5.75037193298, 5.56496047974, 5.25565719604],
        "dmean2": [39.0373191833, 18.8223323822, 15.6596698761, 13.981549263, 13.1417913437, 12.048406601, 10.5791397095, 9.92337989807, 9.2097234726, 9.91612148285, 9.00284576416, 8.76140213013, 8.04849624634],
        "dvar": [1445.06921387, 254.543457031, 147.496826172, 77.4323120117, 78.3380889893, 53.2076034546, 35.7786369324, 29.7944126129, 28.0441169739, 31.6306324005, 25.5740585327, 22.1449069977, 18.470582962],
        "dvar2": [2358.17163086, 395.092895508, 243.711090088, 153.314315796, 137.561889648, 106.151603699, 77.5124435425, 62.707447052, 63.2090415955, 69.2926177979, 57.2105560303, 48.0713768005, 43.204158783],
        "max": [-586.843811035, 246.41696167, 110.39994812, 97.4132003784, 57.515460968, 60.5892410278, 22.3371925354, 53.2833557129, 22.7953834534, 46.2826042175, 29.5151405334, 27.8211479187, 17.3000144958],
        "mean": [-722.043823242, 181.106246948, -4.96131420135, 44.6000709534, 6.43815612793, 16.712720871, -13.096241951, 12.4038848877, -6.70484256744, 7.41693067551, -2.42328596115, 2.1441860199, -8.16981697083],
        "median": [-710.706787109, 183.482299805, -6.7402381897, 43.9083023071, 6.06120681763, 17.7483596802, -12.7196388245, 13.059419632, -6.65118408203, 6.31504249573, -3.39867782593, 1.88597106934, -7.87197303772],
        "min": [-1123.90649414, 19.74451828, -99.5669403076, -35.4887619019, -37.9210205078, -31.0901603699, -58.143409729, -28.559753418, -40.8254051208, -26.4757614136, -27.9276199341, -23.6962509155, -29.6086444855],
        "var": [5009.24072266, 976.309875488, 1033.66662598, 495.994415283, 317.665496826, 223.133041382, 207.676345825, 130.244644165, 83.5697860718, 140.652175903, 93.772026062, 69.4431762695, 64.7017669678],
        "cov": [[5016.97119141, -804.568115234, -1086.64257812, 238.094589233, -598.575134277, 214.086257935, -464.234649658, 248.342346191, -217.783248901, 213.018875122, -135.565795898, 124.497901917, -153.821899414], [-804.568115234, 977.81652832, -197.089553833, -360.145263672, 145.799102783, -210.671340942, 175.002609253, -126.022628784, 46.6955833435, -48.2772827148, 116.098716736, -52.5806388855, 53.5777206421], [-1086.64257812, -197.089553833, 1035.26171875, 233.252029419, -25.3161659241, 201.541748047, 115.402038574, 44.0386314392, 3.4860188961, -65.2386322021, -55.0492248535, 1.21988177299, 12.0612916946], [238.094589233, -360.145263672, 233.252029419, 496.75982666, 53.3568916321, 65.8855361938, -137.89024353, 62.4224586487, 17.701839447, -41.6625442505, -80.5663146973, 14.4757108688, 1.1012904644], [-598.575134277, 145.799102783, -25.3161659241, 53.3568916321, 318.155731201, -84.4376602173, -4.77343130112, -25.3385505676, 41.8258247375, -9.55014228821, 21.2887401581, -3.55259656906, 16.5703735352], [214.086257935, -210.671340942, 201.541748047, 65.8855361938, -84.4376602173, 223.477386475, 31.9406280518, 36.9802856445, -21.7008743286, 24.1554718018, -15.5473680496, 13.6303300858, -18.7720222473], [-464.234649658, 175.002609253, 115.402038574, -137.89024353, -4.77343130112, 31.9406280518, 207.996841431, -6.70300579071, -10.2609186172, 7.0171456337, 42.3626441956, -2.42865633965, 5.84574508667], [248.342346191, -126.022628784, 44.0386314392, 62.4224586487, -25.3385505676, 36.9802856445, -6.70300579071, 130.445632935, -16.4648551941, 15.1863985062, -4.88526391983, 30.8116416931, -14.2451515198], [-217.783248901, 46.6955833435, 3.4860188961, 17.701839447, 41.8258247375, -21.7008743286, -10.2609186172, -16.4648551941, 83.6987533569, 0.992753207684, -2.31756782532, -13.8103542328, 8.08626842499], [213.018875122, -48.2772827148, -65.2386322021, -41.6625442505, -9.55014228821, 24.1554718018, 7.0171456337, 15.1863985062, 0.992753207684, 140.869232178, 42.3885688782, 1.23638474941, -32.9845848083], [-135.565795898, 116.098716736, -55.0492248535, -80.5663146973, 21.2887401581, -15.5473680496, 42.3626441956, -4.88526391983, -2.31756782532, 42.3885688782, 93.9167327881, 9.0034236908, -4.76101541519], [124.497901917, -52.5806388855, 1.21988177299, 14.4757108688, -3.55259656906, 13.6303300858, -2.42865633965, 30.8116416931, -13.8103542328, 1.23638474941, 9.0034236908, 69.5503387451, 13.6603879929], [-153.821899414, 53.5777206421, 12.0612916946, 1.1012904644, 16.5703735352, -18.7720222473, 5.84574508667, -14.2451515198, 8.08626842499, -32.9845848083, -4.76101541519, 13.6603879929, 64.8016204834]],
        "icov": [[0.00170751370024, -0.00101138057653, 0.00223275250755, -0.00149339181371, 0.00266435090452, -0.00220305472612, 0.00229625054635, -0.00150358001702, 0.00284490943886, -0.00220343563706, 0.00305070704781, -0.00239841849543, 0.00189519673586], [-0.00101138057653, 0.00324867898598, -0.00122750934679, 0.00192824937403, -0.00219444115646, 0.00272489083, -0.00277289818041, 0.00153090513777, -0.00249446206726, 0.0026603974402, -0.00390888005495, 0.00285663711838, -0.00217780750245], [0.00223275250755, -0.00122750934679, 0.00450807344168, -0.00279766507447, 0.00347612751648, -0.00388640281744, 0.00155948940665, -0.00200075982139, 0.00341070187278, -0.00223503797315, 0.00422190409154, -0.00281665171497, 0.00226881401613], [-0.00149339181371, 0.00192824937403, -0.00279766507447, 0.00561828771606, -0.0036320798099, 0.00157728081103, 0.000261329376372, 0.0001974786137, -0.00322535214946, 0.00287291780114, -0.00209918990731, 0.00243250303902, -0.00211063423194], [0.00266435090452, -0.00219444115646, 0.00347612751648, -0.0036320798099, 0.00836363155395, -0.00216864119284, 0.00325793679804, -0.00188006320968, 0.00322215608321, -0.00375884515233, 0.00399985350668, -0.00432906066999, 0.00297057023272], [-0.00220305472612, 0.00272489083, -0.00388640281744, 0.00157728081103, -0.00216864119284, 0.0106146074831, -0.00492011802271, 0.0020976071246, -0.00330645032227, 0.00181318214163, -0.00414023129269, 0.00264785857871, -0.00177830050234], [0.00229625054635, -0.00277289818041, 0.00155948940665, 0.000261329376372, 0.00325793679804, -0.00492011802271, 0.0119998827577, -0.00300766597502, 0.00476283207536, -0.00315981404856, 0.00271314033307, -0.00317038712092, 0.00211152993143], [-0.00150358001702, 0.00153090513777, -0.00200075982139, 0.0001974786137, -0.00188006320968, 0.0020976071246, -0.00300766597502, 0.0115195317194, -0.00182229466736, 0.00134516810067, -0.00276802806184, -0.00200974615291, 0.00055860017892], [0.00284490943886, -0.00249446206726, 0.00341070187278, -0.00322535214946, 0.00322215608321, -0.00330645032227, 0.00476283207536, -0.00182229466736, 0.0188469775021, -0.00540998810902, 0.00604772102088, -0.00178803270683, 0.00133916246705], [-0.00220343563706, 0.0026603974402, -0.00223503797315, 0.00287291780114, -0.00375884515233, 0.00181318214163, -0.00315981404856, 0.00134516810067, -0.00540998810902, 0.0136704361066, -0.00927667785436, 0.00379989226349, 0.001155231148], [0.00305070704781, -0.00390888005495, 0.00422190409154, -0.00209918990731, 0.00399985350668, -0.00414023129269, 0.00271314033307, -0.00276802806184, 0.00604772102088, -0.00927667785436, 0.022954819724, -0.00822403095663, 0.00459146872163], [-0.00239841849543, 0.00285663711838, -0.00281665171497, 0.00243250303902, -0.00432906066999, 0.00264785857871, -0.00317038712092, -0.00200974615291, -0.00178803270683, 0.00379989226349, -0.00822403095663, 0.0228463690728, -0.00911694020033], [0.00189519673586, -0.00217780750245, 0.00226881401613, -0.00211063423194, 0.00297057023272, -0.00177830050234, 0.00211152993143, 0.00055860017892, 0.00133916246705, 0.001155231148, 0.00459146872163, -0.00911694020033, 0.0226822942495]]
    }
}

}