{
"metadata": {
    "version": {
        "essentia": "2.0.1",
        "extractor": "archive-music 1.0 mod ismir14"
    },
    "audio_properties": {
        "analysis_sample_rate": 44100,
        "bitrate": 721,
        "channels": 2,
        "equal_loudness": 0,
        "length": 29.9995231628,
        "replay_gain": -10.2216567993,
        "downmix": "mix"
    },
    "tags": {
        "track": 0,
        "year": 0,
        "album": "",
        "artist": "",
        "comment": "",
        "genre": "",
        "title": ""
    }
},
"rhythm": {
    "bpm": 172.265563965,
    "bpm_histogram_first_peak": 172,
    "bpm_histogram_first_peak_spread": 0,
    "bpm_histogram_first_peak_weight": 0.517647087574,
    "bpm_histogram_second_peak": 178,
    "bpm_histogram_second_peak_spread": 0,
    "bpm_histogram_second_peak_weight": 0.29411765933
},
"tonal": {
    "tuning_frequency": {
        "dmean": 0.0186093170196,
        "dmean2": 0.0343233682215,
        "dvar": 0.0269298143685,
        "dvar2": 0.0583993904293,
        "max": 435.952270508,
        "mean": 434.023620605,
        "median": 433.942382812,
        "min": 433.942382812,
        "var": 0.133870720863
    },
    "hpcp": {
        "dmean": [0.113548994064, 0.203005641699, 0.176818147302, 0.262525290251, 0.0523483976722, 0.132999554276, 0.155623927712, 0.277847290039, 0.103911973536, 0.108572006226, 0.254916578531, 0.0899182632565],
        "dmean2": [0.193944722414, 0.375839859247, 0.308422833681, 0.467090249062, 0.097370326519, 0.235461980104, 0.26456362009, 0.487058848143, 0.190766841173, 0.195302650332, 0.451792091131, 0.161851972342],
        "dvar": [0.039784964174, 0.0767384395003, 0.0562887266278, 0.114946044981, 0.0215358771384, 0.0661193802953, 0.0756797119975, 0.121756032109, 0.0554515980184, 0.0526514649391, 0.0866832509637, 0.0297568496317],
        "dvar2": [0.102805994451, 0.17093205452, 0.145774409175, 0.2475502491, 0.0620786584914, 0.154717370868, 0.161512866616, 0.338330149651, 0.161205098033, 0.147605121136, 0.183106184006, 0.0839682072401],
        "max": [1, 1, 1, 1, 0.979034900665, 1, 1, 1, 1, 1, 1, 1],
        "mean": [0.0949515551329, 0.23291708529, 0.162054762244, 0.388081789017, 0.0364120565355, 0.133224144578, 0.178419351578, 0.225734755397, 0.0672719329596, 0.0784985348582, 0.369858950377, 0.0692982971668],
        "median": [0.027422092855, 0.0989050120115, 0.0653182640672, 0.188012108207, 0.00769641762599, 0.028100926429, 0.00977660529315, 0.0366648361087, 0.0105427997187, 0.0196447018534, 0.191414937377, 0.0216198340058],
        "min": [0.000673411646858, 0.00298246834427, 0.000394135306124, 0.000171915497049, 6.26116234343e-05, 0.000542681664228, 3.85403800465e-05, 0.00019001509645, 0.000266802002443, 8.77555503394e-05, 0.000180249611731, 0.000350419461029],
        "var": [0.0346207134426, 0.101661257446, 0.0549294874072, 0.172424942255, 0.0130277583376, 0.0716718807817, 0.108574777842, 0.117637015879, 0.0352981388569, 0.0356638133526, 0.147735998034, 0.0200950279832]
    }
},
"lowlevel": {
    "melbands": {
        "dmean": [3.16202459771e-07, 1.37936822284e-05, 1.78794125532e-05, 0.000181092196726, 0.000144498670124, 7.40587856853e-05, 3.7923346099e-05, 3.1310297345e-05, 1.84815107787e-05, 1.45129652083e-05, 1.37911656566e-05, 7.26686948838e-06, 1.46212587424e-05, 5.06986179971e-06, 3.82180132874e-06, 2.94665414913e-06, 6.64120716465e-06, 2.66240863311e-06, 3.27599173033e-06, 8.08936931662e-07, 1.06846118797e-06, 8.58574253471e-07, 6.54688335544e-07, 1.02353124021e-06, 2.31874719248e-06, 2.60972637989e-06, 5.94598020598e-07, 3.45481254271e-07, 1.36665775585e-07, 9.70621272245e-08, 3.8714055961e-08, 5.34345367953e-09, 1.12921227924e-09, 2.42233039183e-10, 6.03884928174e-11, 2.17086314203e-11, 8.59726873026e-12, 2.16334827656e-12, 1.17397573867e-12, 9.24240068159e-13],
        "dmean2": [5.02906232214e-07, 2.25537896767e-05, 2.84259494947e-05, 0.000302693806589, 0.000244423717959, 0.000124595419038, 6.41262085992e-05, 5.10290192324e-05, 3.13008386001e-05, 2.6835801691e-05, 2.62719786406e-05, 1.31953702294e-05, 2.80700278381e-05, 9.57573593041e-06, 6.71957695886e-06, 5.53148765903e-06, 1.23754507513e-05, 4.77502453577e-06, 5.97120560997e-06, 1.4338611436e-06, 1.79552466761e-06, 1.51110020852e-06, 1.20440449791e-06, 1.86043973827e-06, 4.18302715843e-06, 4.91954278914e-06, 1.02090689325e-06, 6.18161436705e-07, 2.53586222243e-07, 1.83538787724e-07, 7.55123465979e-08, 9.9526333841e-09, 2.18177342859e-09, 4.65030014496e-10, 1.08223270623e-10, 3.91531737587e-11, 1.49325170284e-11, 3.32242957105e-12, 1.50154530736e-12, 1.13260540269e-12],
        "dvar": [1.54127931121e-13, 1.73572856088e-09, 5.19227938423e-10, 1.84678555115e-07, 2.75200999766e-08, 5.70050184834e-09, 1.84993331764e-09, 2.34912556074e-09, 2.1271002737e-09, 9.67498636761e-10, 1.24350185704e-09, 3.9304948185e-10, 1.89296356368e-09, 1.51171131169e-10, 1.13680752312e-10, 3.03614182406e-11, 7.09617531403e-10, 1.75432654514e-11, 3.94146243421e-11, 1.13981946711e-12, 2.13536046484e-12, 1.28154550774e-12, 1.78304083737e-12, 2.54810820881e-12, 2.19445989158e-11, 4.43761624669e-11, 6.78006153824e-13, 3.88040077501e-13, 1.13288129149e-13, 1.14659624568e-13, 3.21298638194e-14, 3.97406815377e-16, 3.86661639958e-17, 8.18251249539e-19, 1.77123295993e-20, 2.6801312218e-21, 4.91490181828e-22, 8.70849238585e-23, 1.08470444439e-22, 8.1678916873e-23],
        "dvar2": [3.93132873261e-13, 4.23800416982e-09, 1.40734990328e-09, 4.66560294399e-07, 7.66957910514e-08, 1.5238816431e-08, 5.1660067335e-09, 5.18259257731e-09, 5.30657562337e-09, 2.88746604404e-09, 3.74750985799e-09, 1.13768672261e-09, 5.58079671364e-09, 4.38665020974e-10, 3.16330878158e-10, 8.56578211139e-11, 2.11997130961e-09, 4.90371424022e-11, 1.12593726009e-10, 3.28254892885e-12, 5.89861276143e-12, 3.60861709438e-12, 5.13672004238e-12, 7.16773342069e-12, 6.36984562319e-11, 1.30463417847e-10, 1.88065600419e-12, 1.12472010871e-12, 3.21640310956e-13, 3.2805981781e-13, 9.62510033156e-14, 1.16826606321e-15, 1.15146082366e-16, 2.51306672478e-18, 5.02676268844e-20, 7.65032772142e-21, 1.31547162893e-21, 9.14957481021e-23, 1.11614137188e-22, 8.41077628022e-23],
        "max": [2.76847754321e-06, 0.000447828526376, 0.000154894631123, 0.00435250997543, 0.00136837013997, 0.00051406363491, 0.000220333051402, 0.000351740745828, 0.000314588163747, 0.000185294280527, 0.000216943706619, 0.000125288730487, 0.000320155435475, 8.011826867e-05, 7.72526764194e-05, 4.83297917526e-05, 0.000245316070504, 3.15548859362e-05, 5.56705017516e-05, 8.54317113408e-06, 9.41723101278e-06, 6.65225343255e-06, 8.52878838487e-06, 7.09503228791e-06, 3.26661138388e-05, 5.62945424463e-05, 4.67866857434e-06, 4.00261478717e-06, 2.79794448943e-06, 3.04164632325e-06, 1.66794450251e-06, 1.88173473248e-07, 5.68225360098e-08, 6.6331478088e-09, 1.11379994117e-09, 4.77146433475e-10, 1.94681659682e-10, 1.24304275206e-10, 1.32443014889e-10, 1.14401467466e-10],
        "mean": [4.41800438011e-07, 1.79584239959e-05, 2.47821990342e-05, 0.000209873673157, 0.000198640133021, 9.47427688516e-05, 3.64029874618e-05, 3.70314301108e-05, 1.64394277817e-05, 1.08121776066e-05, 1.03243582998e-05, 5.28602458871e-06, 9.89948148344e-06, 3.56402119905e-06, 3.20024150824e-06, 2.31626245295e-06, 5.17355920238e-06, 2.40579311139e-06, 3.23043332173e-06, 8.94269305718e-07, 1.07506343738e-06, 9.11056645236e-07, 6.28095108368e-07, 8.49442244544e-07, 1.82086273526e-06, 2.01204125005e-06, 5.16242380399e-07, 2.63751132934e-07, 9.37614714758e-08, 6.02848118092e-08, 2.43750193363e-08, 3.72555097883e-09, 7.03237246213e-10, 1.79972703407e-10, 6.47607523163e-11, 2.60161545085e-11, 9.9363781092e-12, 3.07062600173e-12, 1.4822599528e-12, 1.00156927023e-12],
        "median": [3.32527150704e-07, 1.00184161056e-05, 1.41799318953e-05, 8.10962374089e-05, 0.000128410931211, 6.24359454378e-05, 1.924654498e-05, 1.4239380107e-05, 3.07453433379e-06, 1.31638273615e-06, 9.31385557124e-07, 5.60246121495e-07, 8.36108540625e-07, 7.63116190683e-07, 5.33164552508e-07, 7.25129211787e-07, 1.75368586497e-06, 1.18644493341e-06, 1.72683019173e-06, 4.88033492729e-07, 5.42832594874e-07, 4.95647270782e-07, 1.86866117247e-07, 2.68296417971e-07, 6.05448576607e-07, 6.65308903081e-07, 1.95554875404e-07, 7.5460292237e-08, 2.20581863886e-08, 7.94958765482e-09, 2.99865998699e-09, 5.54540247055e-10, 1.14832449105e-10, 6.179878137e-11, 3.5176420804e-11, 1.49147326434e-11, 5.92102278665e-12, 1.67493861662e-12, 3.71139777982e-13, 5.02587473592e-14],
        "min": [3.14656496414e-08, 4.01780539505e-07, 2.39994022877e-07, 1.84571422324e-06, 1.93216169464e-06, 2.36874768689e-07, 1.46683021285e-07, 2.70573792704e-07, 1.89483358781e-07, 3.45814896718e-08, 7.32748928201e-09, 9.25363341509e-09, 3.05000504852e-08, 2.12579620573e-09, 9.67771462967e-09, 2.67765241091e-08, 2.46417002359e-08, 2.46792790648e-08, 2.08246824229e-08, 2.32480168449e-09, 1.93232407852e-09, 1.24229615484e-09, 4.19226625636e-10, 4.62008487023e-10, 3.94842103457e-10, 2.62495081227e-10, 1.55034318716e-10, 1.05135636308e-10, 8.85355400104e-11, 8.24589146964e-11, 4.57913186536e-11, 2.80746381004e-11, 9.94694084044e-12, 5.53913859225e-12, 3.18846728534e-12, 1.51810606187e-12, 1.00208036313e-12, 5.18748997751e-13, 1.48714712962e-13, 1.31545411025e-14],
        "var": [1.48923150829e-13, 1.62537894255e-09, 8.41672509466e-10, 1.68054270944e-07, 4.53427020375e-08, 8.86955309198e-09, 2.01740735228e-09, 3.69279606893e-09, 2.13334283572e-09, 6.77250477921e-10, 8.73685290781e-10, 2.85878487549e-10, 1.16025233865e-09, 9.37290522973e-11, 9.08691455415e-11, 2.2833445204e-11, 3.84872633763e-10, 1.41384438879e-11, 3.08886562161e-11, 1.48246085546e-12, 2.19595869266e-12, 1.32540994239e-12, 1.47743189211e-12, 2.15418915345e-12, 1.44494234286e-11, 2.74535463807e-11, 6.42635792671e-13, 2.7745012776e-13, 7.05203107823e-14, 6.82502557074e-14, 1.8267407308e-14, 2.46048883376e-16, 2.01750426736e-17, 4.39848172545e-19, 1.37743084955e-20, 1.97617143994e-21, 3.5882455301e-22, 9.7943026239e-23, 1.10231939286e-22, 8.26348269635e-23]
    },
    "mfcc": {
        "dmean": [35.0528488159, 14.7778987885, 23.7156467438, 16.5269184113, 12.2102499008, 9.89723300934, 8.77157497406, 10.7611789703, 7.1952381134, 7.92605543137, 7.97339677811, 7.82872533798, 7.00175285339],
        "dmean2": [61.2620773315, 22.4249191284, 38.9280204773, 25.4472808838, 20.248506546, 16.9395904541, 14.5916061401, 18.1137180328, 11.9747076035, 13.2240638733, 13.4300928116, 12.4295091629, 11.6977291107],
        "dvar": [995.782592773, 180.357666016, 397.071289062, 232.936538696, 97.8620452881, 80.5139846802, 55.7177009583, 85.6386871338, 32.4213256836, 37.5933494568, 39.7797851562, 33.5834159851, 32.7176132202],
        "dvar2": [2659.07299805, 432.151550293, 1007.66772461, 570.562927246, 255.515716553, 207.381988525, 146.575164795, 193.617919922, 84.6919937134, 85.2718734741, 96.9094848633, 99.9325256348, 75.7215423584],
        "max": [-762.51373291, 216.462249756, 76.5485229492, 112.046028137, 45.5432014465, 5.9758682251, 25.1990585327, 24.071969986, -5.52282714844, 22.3121433258, 5.45327377319, 7.33011627197, 11.9129562378],
        "mean": [-844.919006348, 178.269607544, -36.1050872803, 29.6359996796, 10.2916574478, -28.5950012207, -5.97497606277, -28.8168983459, -27.586971283, -4.8016834259, -12.0904016495, -15.3065462112, -6.93900442123],
        "median": [-840.982055664, 178.778198242, -38.3791618347, 28.713596344, 13.143157959, -27.5569419861, -6.77558135986, -32.0013046265, -27.8602523804, -3.78393554688, -11.794210434, -15.2198944092, -6.22996139526],
        "min": [-985.262573242, 112.71912384, -98.6875915527, -22.2661857605, -34.2108421326, -66.8466186523, -31.0157089233, -55.5362014771, -51.9827041626, -39.9592056274, -39.589466095, -37.7488059998, -27.4652366638],
        "var": [1595.15270996, 324.605529785, 878.784973145, 401.311218262, 264.574157715, 167.89074707, 93.9110870361, 222.226013184, 69.9932479858, 149.271774292, 75.6606445312, 64.1161804199, 71.8303146362],
        "cov": [[1604.99926758, 17.4467601776, -1068.27587891, 238.967514038, -298.048187256, -237.843780518, 245.730667114, -38.8120765686, 31.5951061249, -91.2729263306, -37.8431930542, 80.3289413452, -117.653511047], [17.4467601776, 326.609283447, 152.920455933, -260.985443115, -45.5103912354, -58.9418296814, -4.79779863358, 161.033081055, -14.7559738159, -47.9458045959, -2.59508657455, -20.8265647888, 0.56075078249], [-1068.27587891, 152.920455933, 884.209594727, -216.687072754, 148.244049072, 145.279663086, -177.320861816, 84.9435958862, -18.903968811, 3.46564769745, 17.5009250641, -62.2512130737, 52.0676116943], [238.967514038, -260.985443115, -216.687072754, 403.788421631, 82.27293396, 26.0242843628, 16.2042274475, -207.219039917, -10.3001995087, 37.2989883423, -22.7341270447, 14.8077106476, -23.8208408356], [-298.048187256, -45.5103912354, 148.244049072, 82.27293396, 266.207305908, 119.2889328, -80.3665542603, -108.990272522, -46.5215911865, 97.5177383423, 7.19018983841, -28.356262207, 55.8442802429], [-237.843780518, -58.9418296814, 145.279663086, 26.0242843628, 119.2889328, 168.927108765, -34.0957946777, -100.096122742, 0.726644039154, 53.8601951599, 24.6620044708, 8.10437870026, 21.7913284302], [245.730667114, -4.79779863358, -177.320861816, 16.2042274475, -80.3665542603, -34.0957946777, 94.4907836914, 21.3956604004, -4.01099967957, -13.5986127853, -2.96840620041, 20.5052928925, -16.0829849243], [-38.8120765686, 161.033081055, 84.9435958862, -207.219039917, -108.990272522, -100.096122742, 21.3956604004, 223.59777832, 25.7298088074, -100.578598022, -13.8946580887, -4.96591234207, -8.29197978973], [31.5951061249, -14.7559738159, -18.903968811, -10.3001995087, -46.5215911865, 0.726644039154, -4.01099967957, 25.7298088074, 70.4253082275, -15.7193374634, -19.4410476685, 15.7471399307, -7.78872203827], [-91.2729263306, -47.9458045959, 3.46564769745, 37.2989883423, 97.5177383423, 53.8601951599, -13.5986127853, -100.578598022, -15.7193374634, 150.193206787, 40.7057533264, -28.6627807617, 36.788394928], [-37.8431930542, -2.59508657455, 17.5009250641, -22.7341270447, 7.19018983841, 24.6620044708, -2.96840620041, -13.8946580887, -19.4410476685, 40.7057533264, 76.1276855469, 11.6873874664, -2.54937958717], [80.3289413452, -20.8265647888, -62.2512130737, 14.8077106476, -28.356262207, 8.10437870026, 20.5052928925, -4.96591234207, 15.7471399307, -28.6627807617, 11.6873874664, 64.5119628906, 6.62017726898], [-117.653511047, 0.56075078249, 52.0676116943, -23.8208408356, 55.8442802429, 21.7913284302, -16.0829849243, -8.29197978973, -7.78872203827, 36.788394928, -2.54937958717, 6.62017726898, 72.2737121582]],
        "icov": [[160.518783569, -222.705917358, 210.968414307, -191.445877075, 167.467208862, -140.570709229, 111.62991333, -84.2358169556, 59.8901329041, -38.6447944641, 23.0662612915, -11.3363637924, 4.08801174164], [-222.705917358, 308.994903564, -292.706329346, 265.62991333, -232.363876343, 195.05305481, -154.903671265, 116.895362854, -83.1146469116, 53.6380348206, -32.017665863, 15.7400112152, -5.67407274246], [210.968414307, -292.706329346, 277.293823242, -251.648269653, 220.152038574, -184.821044922, 146.802139282, -110.797416687, 78.7951889038, -50.8627815247, 30.3734703064, -14.9421396255, 5.39042520523], [-191.445877075, 265.62991333, -251.648269653, 228.404220581, -199.834411621, 167.787414551, -133.300521851, 100.635437012, -71.5844726562, 46.2323112488, -27.6190910339, 13.604798317, -4.90735769272], [167.467208862, -232.363876343, 220.152038574, -199.834411621, 174.88067627, -146.862823486, 116.720275879, -88.1395568848, 62.7322540283, -40.5410690308, 24.2423458099, -11.9613494873, 4.31736660004], [-140.570709229, 195.05305481, -184.821044922, 167.787414551, -146.862823486, 123.382011414, -98.0932693481, 74.1120986938, -52.7729606628, 34.1324157715, -20.4319896698, 10.1016578674, -3.65230345726], [111.62991333, -154.903671265, 146.802139282, -133.300521851, 116.720275879, -98.0932693481, 78.0679168701, -59.0073852539, 42.059223175, -27.2422065735, 16.3341064453, -8.11227798462, 2.93851494789], [-84.2358169556, 116.895362854, -110.797416687, 100.635437012, -88.1395568848, 74.1120986938, -59.0073852539, 44.6519889832, -31.8441314697, 20.6583499908, -12.4028339386, 6.18190431595, -2.24480867386], [59.8901329041, -83.1146469116, 78.7951889038, -71.5844726562, 62.7322540283, -52.7729606628, 42.059223175, -31.8441314697, 22.7597789764, -14.7790088654, 8.89907741547, -4.45801067352, 1.62326395512], [-38.6447944641, 53.6380348206, -50.8627815247, 46.2323112488, -40.5410690308, 34.1324157715, -27.2422065735, 20.6583499908, -14.7790088654, 9.64447498322, -5.82188892365, 2.94311237335, -1.08004629612], [23.0662612915, -32.017665863, 30.3734703064, -27.6190910339, 24.2423458099, -20.4319896698, 16.3341064453, -12.4028339386, 8.89907741547, -5.82188892365, 3.54475808144, -1.80289757252, 0.666360318661], [-11.3363637924, 15.7400112152, -14.9421396255, 13.604798317, -11.9613494873, 10.1016578674, -8.11227798462, 6.18190431595, -4.45801067352, 2.94311237335, -1.80289757252, 0.958222806454, -0.357107043266], [4.08801174164, -5.67407274246, 5.39042520523, -4.90735769272, 4.31736660004, -3.65230345726, 2.93851494789, -2.24480867386, 1.62326395512, -1.08004629612, 0.666360318661, -0.357107043266, 0.154419854283]]
    }
}

}