{
"metadata": {
    "version": {
        "essentia": "2.0.1",
        "extractor": "archive-music 1.0 mod ismir14"
    },
    "audio_properties": {
        "analysis_sample_rate": 44100,
        "bitrate": 721,
        "channels": 2,
        "equal_loudness": 0,
        "length": 29.9995231628,
        "replay_gain": -14.8590297699,
        "downmix": "mix"
    },
    "tags": {
        "track": 0,
        "year": 0,
        "album": "",
        "artist": "",
        "comment": "",
        "genre": "",
        "title": ""
    }
},
"rhythm": {
    "bpm": 109.404251099,
    "bpm_histogram_first_peak": 110,
    "bpm_histogram_first_peak_spread": 0.433962285519,
    "bpm_histogram_first_peak_weight": 0.566037714481,
    "bpm_histogram_second_peak": 0,
    "bpm_histogram_second_peak_spread": 0,
    "bpm_histogram_second_peak_weight": 0
},
"tonal": {
    "tuning_frequency": {
        "dmean": 0.175124183297,
        "dmean2": 0.317509800196,
        "dvar": 0.729661464691,
        "dvar2": 2.16102004051,
        "max": 446.399932861,
        "mean": 441.016876221,
        "median": 440.763122559,
        "min": 440,
        "var": 0.903172016144
    },
    "hpcp": {
        "dmean": [0.111297406256, 0.0880479961634, 0.0313716568053, 0.149216607213, 0.0471307262778, 0.145472079515, 0.0358346216381, 0.0913311615586, 0.119788937271, 0.0475149042904, 0.169364124537, 0.066170103848],
        "dmean2": [0.199311584234, 0.152756616473, 0.0567162446678, 0.257773697376, 0.0890018120408, 0.253962725401, 0.0639525353909, 0.151531845331, 0.201310455799, 0.0921746939421, 0.276714473963, 0.123644813895],
        "dvar": [0.0386922173202, 0.0510145761073, 0.00174767163116, 0.0675354152918, 0.0223681367934, 0.0557915084064, 0.00593931600451, 0.0248536299914, 0.0294862557203, 0.0202944818884, 0.0586459077895, 0.0147619452327],
        "dvar2": [0.0855396017432, 0.0966056585312, 0.00479280110449, 0.159358933568, 0.0682555735111, 0.135971903801, 0.01586859487, 0.0555357970297, 0.0632335022092, 0.0598754249513, 0.128226175904, 0.0417105853558],
        "max": [1, 1, 0.201313301921, 1, 1, 1, 0.627830326557, 1, 1, 0.992251992226, 1, 0.528626918793],
        "mean": [0.169006466866, 0.24338708818, 0.0251777339727, 0.465327531099, 0.0346299372613, 0.251752525568, 0.0292243752629, 0.103148795664, 0.223159000278, 0.0331971943378, 0.216934978962, 0.0442716255784],
        "median": [0.0368233062327, 0.0169781185687, 0.0108582144603, 0.291999936104, 0.0106848562136, 0.0623664334416, 0.0101460628211, 0.0245766490698, 0.115421496332, 0.0101489694789, 0.0750832930207, 0.00984477717429],
        "min": [9.79480537353e-05, 0.00023905398848, 0.000214676838368, 0.000746962847188, 0.000245359522523, 0.000253876496572, 0.000381493620807, 0.000701828103047, 0.000556975719519, 0.000202133160201, 0.000738935079426, 0.00040326101589],
        "var": [0.0795927196741, 0.161838889122, 0.00141728471499, 0.193155258894, 0.0127250822261, 0.12694516778, 0.00419905083254, 0.0363389775157, 0.0903144702315, 0.0109137687832, 0.0940341502428, 0.00929987244308]
    }
},
"lowlevel": {
    "melbands": {
        "dmean": [0.000142935794429, 0.000270449992968, 0.000173997192178, 0.000106354636955, 4.53970351373e-05, 5.90490235481e-05, 2.6991332561e-05, 3.6207777157e-05, 5.52474339202e-05, 4.1230890929e-05, 1.06443367258e-05, 1.06382394733e-05, 7.5773905337e-06, 6.97129735272e-06, 6.39822337689e-06, 7.1600584306e-06, 6.59552370053e-06, 6.64920480631e-06, 3.61690399586e-06, 5.50060303794e-06, 2.40414647124e-06, 1.54776523686e-06, 1.84373107004e-06, 1.0437858009e-06, 6.08867082974e-07, 4.56637451407e-07, 2.80524716345e-07, 2.10324643035e-07, 2.31463815226e-07, 1.65290202858e-07, 1.43978780898e-07, 1.41382713537e-07, 1.30821106836e-07, 9.76085416937e-08, 7.52597344444e-08, 5.33775583733e-08, 3.08003009764e-08, 1.00565973327e-08, 2.21223372954e-09, 2.10194028849e-10],
        "dmean2": [0.000264219095698, 0.000450097868452, 0.0002808093559, 0.000177607071237, 7.28654122213e-05, 0.000102728743514, 4.53572283732e-05, 6.2641716795e-05, 9.40560930758e-05, 7.04458434484e-05, 1.95660268218e-05, 1.94371677935e-05, 1.36144954013e-05, 1.24325069919e-05, 1.07486321212e-05, 1.24355074149e-05, 1.16339460874e-05, 1.17684312499e-05, 6.41211545371e-06, 7.52128380554e-06, 3.8808429963e-06, 2.67821269517e-06, 2.67223776973e-06, 1.57244016918e-06, 1.05052959043e-06, 8.14348197764e-07, 5.13654299539e-07, 3.81352919021e-07, 4.15395902564e-07, 2.97811936889e-07, 2.61496921894e-07, 2.60282575937e-07, 2.40290006559e-07, 1.80785477255e-07, 1.38049372822e-07, 1.00635205058e-07, 5.8684324955e-08, 1.9019166686e-08, 4.1354337732e-09, 3.83476694843e-10],
        "dvar": [4.3992702814e-08, 8.17015859411e-08, 3.79568199094e-08, 1.05235944403e-08, 1.60919877423e-09, 8.41389891093e-09, 1.16766896152e-09, 4.007402854e-09, 9.27344334656e-09, 7.69241914611e-09, 7.71789132603e-10, 8.22765744424e-10, 3.21929538583e-10, 1.35205568963e-10, 1.46131162726e-10, 1.86657564405e-10, 1.38611649936e-10, 2.31411570462e-10, 4.25357318812e-11, 2.57357163358e-10, 1.77748631786e-11, 4.217343922e-12, 9.77855123263e-12, 3.10079219246e-12, 6.27438042928e-13, 3.26958539453e-13, 1.00460289501e-13, 6.34280090473e-14, 9.23702574932e-14, 3.97609361072e-14, 3.29744200423e-14, 3.91816333339e-14, 3.7154500532e-14, 2.58447641543e-14, 2.70293719183e-14, 2.47966117041e-14, 1.10626856661e-14, 9.77857291837e-16, 2.7648060334e-17, 3.74711886908e-19],
        "dvar2": [1.18475796285e-07, 2.23052722959e-07, 9.98429499077e-08, 2.73654858773e-08, 3.90035292952e-09, 2.37829471672e-08, 2.5685016336e-09, 9.98852200951e-09, 2.68199844555e-08, 1.85940205455e-08, 2.29662289186e-09, 2.3942556826e-09, 9.09091579793e-10, 3.57923801708e-10, 3.95333182857e-10, 4.9780896072e-10, 3.48747142276e-10, 6.48923526025e-10, 1.14523973638e-10, 4.01343402956e-10, 4.08581571354e-11, 1.28145194109e-11, 1.65633930183e-11, 5.53021170524e-12, 1.55352044163e-12, 8.83442570401e-13, 2.79886519777e-13, 1.66455838371e-13, 2.43180990752e-13, 9.90751331345e-14, 8.63469791002e-14, 1.04808963429e-13, 1.00561594642e-13, 7.09625026384e-14, 7.67527859845e-14, 7.19948325132e-14, 3.23412866312e-14, 2.80839999354e-15, 7.79185740528e-17, 9.89273994811e-19],
        "max": [0.00100599101279, 0.00191842950881, 0.00174161954783, 0.000557165534701, 0.000264567293925, 0.000492601422593, 0.00019501557108, 0.000377013144316, 0.000687128456775, 0.00066124193836, 0.000217905253521, 0.000252906116657, 0.000143495359225, 6.95633498253e-05, 7.61909032008e-05, 9.86730010482e-05, 7.44841017877e-05, 0.000131577107823, 4.19547686761e-05, 0.000229883939028, 5.02205875819e-05, 1.30149674078e-05, 2.86213871732e-05, 1.72357540578e-05, 5.06062451677e-06, 3.65618825526e-06, 1.48439858094e-06, 1.24230189158e-06, 2.00486169888e-06, 8.39616063786e-07, 8.27739427223e-07, 9.57977022154e-07, 1.21517496154e-06, 1.15731643291e-06, 1.46282513924e-06, 1.45416902342e-06, 9.72129782895e-07, 2.92308698135e-07, 4.76679780093e-08, 5.35759570042e-09],
        "mean": [0.000151159023517, 0.000657477532513, 0.00047202577116, 0.000176248824573, 7.30356987333e-05, 6.61496669636e-05, 3.45446642314e-05, 4.08059786423e-05, 5.87752037973e-05, 4.30092477472e-05, 9.2615655376e-06, 9.68954191194e-06, 6.372154985e-06, 6.23284722678e-06, 6.14861437498e-06, 6.60081241222e-06, 6.17713840256e-06, 5.96303971179e-06, 3.34058631779e-06, 6.55653366266e-06, 2.82250607597e-06, 1.92829065782e-06, 2.57176247942e-06, 1.49585684994e-06, 7.43248335766e-07, 4.78632557588e-07, 2.65366509211e-07, 1.81808431421e-07, 2.03141127031e-07, 1.38613359013e-07, 1.12724734436e-07, 1.11779975498e-07, 1.02193773444e-07, 7.47321777794e-08, 5.88146065184e-08, 3.93349424144e-08, 2.16919371354e-08, 7.16867010198e-09, 1.61066504578e-09, 1.55270185598e-10],
        "median": [0.000100413402834, 0.000632847775705, 0.000463158125058, 0.000151674088556, 5.76162674406e-05, 2.42847909249e-05, 2.06249860639e-05, 1.787137262e-05, 2.04489442694e-05, 1.10958799269e-05, 3.84457780456e-06, 3.80719325221e-06, 2.28237240663e-06, 1.92535276256e-06, 2.03884587791e-06, 2.26511883739e-06, 2.07507696359e-06, 1.77600452389e-06, 1.15119200927e-06, 1.15191789973e-06, 1.02644924027e-06, 9.86421241578e-07, 7.16426541203e-07, 5.15125520906e-07, 3.72703851781e-07, 2.31261424233e-07, 1.34635882887e-07, 8.51004955393e-08, 8.1659884188e-08, 4.975119694e-08, 4.25230801682e-08, 3.77081583736e-08, 3.61528122994e-08, 2.6056660829e-08, 1.7090190596e-08, 1.37766278385e-08, 6.85232448561e-09, 2.25181340241e-09, 5.34965183263e-10, 4.44928399679e-11],
        "min": [7.60004638778e-07, 7.94301286078e-07, 1.5713992525e-06, 2.05478863791e-06, 1.99833243641e-06, 4.67396858994e-07, 4.57734046222e-07, 2.75452993748e-08, 6.9303627015e-07, 1.75014577053e-07, 2.09580370836e-08, 1.43456171386e-08, 3.34540644076e-08, 1.16278968676e-08, 1.1564219804e-08, 8.51689474501e-09, 1.55079060704e-08, 7.07571157221e-09, 5.80035175446e-09, 3.67503383281e-09, 2.35373076585e-09, 1.96710980838e-09, 1.91105775649e-09, 2.29461960544e-09, 1.49067003186e-09, 6.97528645954e-10, 5.67773772442e-10, 2.47155962363e-10, 2.53101622993e-10, 1.72173789115e-10, 5.51010868877e-11, 2.3120920109e-11, 7.77659620727e-12, 3.1807640289e-12, 1.86819505178e-12, 1.12022023602e-12, 8.67492546981e-13, 3.46493287621e-13, 6.71951101532e-14, 6.99552822083e-15],
        "var": [3.18056336823e-08, 1.72526455344e-07, 6.86148027285e-08, 1.5296880207e-08, 3.23712701089e-09, 8.62710169969e-09, 1.58013979679e-09, 4.15860856862e-09, 8.63278870611e-09, 9.37995547901e-09, 4.87927642734e-10, 5.26730825623e-10, 2.1984100651e-10, 1.24608365293e-10, 1.32851771251e-10, 1.55663856805e-10, 1.38358199897e-10, 1.67818453578e-10, 3.53226198291e-11, 5.58277590823e-10, 2.72399360013e-11, 6.15614286978e-12, 2.74897379166e-11, 8.31827315362e-12, 9.28049737753e-13, 3.82789177959e-13, 9.65094161271e-14, 5.42600225818e-14, 7.76472866581e-14, 3.70159428825e-14, 2.64432352832e-14, 2.87197972652e-14, 2.64788716534e-14, 1.76166657759e-14, 1.70401294122e-14, 1.40849170096e-14, 6.09867576023e-15, 5.66939109811e-16, 1.70701921203e-17, 2.38756222935e-19]
    },
    "mfcc": {
        "dmean": [41.5854377747, 20.3451366425, 18.0266590118, 12.4445514679, 11.3366832733, 9.87881946564, 8.38866424561, 6.95119953156, 6.46448135376, 7.45865297318, 6.40696430206, 6.01330041885, 5.63063001633],
        "dmean2": [64.7434387207, 33.688457489, 28.7429084778, 19.5766830444, 17.743680954, 16.1587791443, 12.4968576431, 10.9555044174, 10.396859169, 12.2586212158, 10.2126779556, 9.86193943024, 8.78003025055],
        "dvar": [1277.72131348, 267.058807373, 239.141799927, 106.78730011, 95.3308944702, 59.3856582642, 49.0149002075, 26.9771137238, 27.481803894, 43.5848693848, 26.0409641266, 23.5682086945, 19.4974708557],
        "dvar2": [3428.45068359, 692.279541016, 591.810791016, 268.001098633, 236.521713257, 153.039276123, 113.184501648, 74.691192627, 82.3094024658, 84.401763916, 64.0689926147, 62.4334373474, 46.7230644226],
        "max": [-687.166564941, 226.083892822, 76.7399597168, 80.3419570923, 42.4275550842, 46.1001205444, 16.7444534302, 31.7029895782, 16.13048172, 35.1180381775, 20.9455223083, 23.8787403107, 10.1200942993],
        "mean": [-777.842102051, 173.967163086, -2.51244068146, 39.486995697, 6.78312826157, 14.6371650696, -11.1304359436, 9.36672878265, -4.26016616821, 5.89254570007, 0.0173404552042, 0.669638395309, -6.73816871643],
        "median": [-769.204467773, 177.414978027, -3.81518554688, 37.9500236511, 6.37580871582, 15.3949508667, -10.4053001404, 9.78073692322, -4.86869430542, 5.83387184143, -1.05038070679, 0.180595397949, -6.51641082764],
        "min": [-997.873779297, 84.648223877, -81.5640411377, -13.2642936707, -24.4459648132, -28.2284202576, -44.0503692627, -22.2631225586, -23.7129364014, -18.3480834961, -14.4567928314, -13.8630065918, -21.7040100098],
        "var": [3020.17138672, 516.04473877, 775.697875977, 392.328521729, 204.742645264, 164.903198242, 154.525909424, 88.1760864258, 55.4304122925, 89.0842895508, 63.9831542969, 43.4262504578, 39.3820075989],
        "cov": [[3038.81445312, -434.765045166, -851.582641602, 203.640258789, -314.801239014, 128.322036743, -283.98651123, 160.035644531, -154.750091553, 96.1197891235, -103.616127014, 52.8117904663, -96.9646759033], [-434.765045166, 519.230224609, -154.108108521, -289.709869385, 47.5751495361, -131.95010376, 119.894119263, -86.9992141724, 30.0338420868, -4.83502197266, 82.7353210449, -22.8175086975, 28.0604171753], [-851.582641602, -154.108108521, 780.486083984, 156.058914185, -43.4763641357, 159.216766357, 96.7726898193, 50.907245636, 4.06457948685, -46.2189025879, -28.721824646, 6.93468236923, 13.3904924393], [203.640258789, -289.709869385, 156.058914185, 394.750305176, 53.6042709351, 60.133102417, -123.577705383, 65.4026641846, 8.74554920197, -34.405418396, -58.7433929443, 13.5553236008, 2.03072595596], [-314.801239014, 47.5751495361, -43.4763641357, 53.6042709351, 206.006484985, -55.9758148193, -30.5794124603, -23.8365383148, 29.8512763977, 1.02727043629, 25.1791229248, -1.23692393303, 14.0126829147], [128.322036743, -131.95010376, 159.216766357, 60.133102417, -55.9758148193, 165.921112061, 40.0439605713, 38.4294204712, -23.3749923706, 15.8095493317, -4.05832338333, 17.1470031738, -13.9439563751], [-283.98651123, 119.894119263, 96.7726898193, -123.577705383, -30.5794124603, 40.0439605713, 155.479766846, -2.21668767929, -4.96482849121, 14.4939565659, 36.7600669861, 11.1389570236, 6.06693887711], [160.035644531, -86.9992141724, 50.907245636, 65.4026641846, -23.8365383148, 38.4294204712, -2.21668767929, 88.7203826904, -10.5809421539, -1.99202489853, -1.68984603882, 25.4486541748, -5.14174795151], [-154.750091553, 30.0338420868, 4.06457948685, 8.74554920197, 29.8512763977, -23.3749923706, -4.96482849121, -10.5809421539, 55.7725753784, 7.33082962036, 1.85894286633, -7.90930557251, 7.71219205856], [96.1197891235, -4.83502197266, -46.2189025879, -34.405418396, 1.02727043629, 15.8095493317, 14.4939565659, -1.99202489853, 7.33082962036, 89.6341934204, 34.1479988098, -8.52929496765, -22.4096279144], [-103.616127014, 82.7353210449, -28.721824646, -58.7433929443, 25.1791229248, -4.05832338333, 36.7600669861, -1.68984603882, 1.85894286633, 34.1479988098, 64.378112793, 8.22520160675, -5.7071852684], [52.8117904663, -22.8175086975, 6.93468236923, 13.5553236008, -1.23692393303, 17.1470031738, 11.1389570236, 25.4486541748, -7.90930557251, -8.52929496765, 8.22520160675, 43.6943130493, 12.6961145401], [-96.9646759033, 28.0604171753, 13.3904924393, 2.03072595596, 14.0126829147, -13.9439563751, 6.06693887711, -5.14174795151, 7.71219205856, -22.4096279144, -5.7071852684, 12.6961145401, 39.6251068115]],
        "icov": [[0.00615474954247, -0.00371069530956, 0.00827894732356, -0.00473559461534, 0.00826859287918, -0.0076286313124, 0.00742523325607, -0.00664539402351, 0.0101709803566, -0.00948801729828, 0.0120046809316, -0.00754433544353, 0.00432684784755], [-0.00371069530956, 0.00910288095474, -0.00428887549788, 0.00494273984805, -0.00516381068155, 0.00753952655941, -0.00828869454563, 0.00569160887972, -0.00820775423199, 0.0099562574178, -0.0143600292504, 0.0088430987671, -0.00551708973944], [0.00827894732356, -0.00428887549788, 0.0134138502181, -0.0073813740164, 0.0112915672362, -0.0114368004724, 0.00742284907028, -0.00906065572053, 0.0126652959734, -0.0109737934545, 0.0153980497271, -0.00807787571102, 0.0049464837648], [-0.00473559461534, 0.00494273984805, -0.0073813740164, 0.0107591701671, -0.00885456241667, 0.00424837181345, -0.00154141918756, 0.00235583935864, -0.0095478463918, 0.00876822788268, -0.0083032771945, 0.00603435281664, -0.00428977841511], [0.00826859287918, -0.00516381068155, 0.0112915672362, -0.00885456241667, 0.0185234770179, -0.00828421581537, 0.0101883262396, -0.00655835354701, 0.0117607265711, -0.0123560503125, 0.011062161997, -0.0103480769321, 0.00428386591375], [-0.0076286313124, 0.00753952655941, -0.0114368004724, 0.00424837181345, -0.00828421581537, 0.0221096444875, -0.0142101505771, 0.00877903681248, -0.0101764444262, 0.00995115935802, -0.0164631642401, 0.00746685359627, -0.00349008711055], [0.00742523325607, -0.00828869454563, 0.00742284907028, -0.00154141918756, 0.0101883262396, -0.0142101505771, 0.0252578798681, -0.0096898432821, 0.0127281341702, -0.0136784119532, 0.0138421626762, -0.0130193037912, 0.00383434561081], [-0.00664539402351, 0.00569160887972, -0.00906065572053, 0.00235583935864, -0.00655835354701, 0.00877903681248, -0.0096898432821, 0.0252787210047, -0.0109888743609, 0.0110819702968, -0.016135584563, -0.00070788024459, -0.000869802024681], [0.0101709803566, -0.00820775423199, 0.0126652959734, -0.0095478463918, 0.0117607265711, -0.0101764444262, 0.0127281341702, -0.0109888743609, 0.0399238094687, -0.0214213225991, 0.0227730609477, -0.0100916661322, 0.00242427969351], [-0.00948801729828, 0.0099562574178, -0.0109737934545, 0.00876822788268, -0.0123560503125, 0.00995115935802, -0.0136784119532, 0.0110819702968, -0.0214213225991, 0.0357492156327, -0.0322051309049, 0.0181119199842, -0.00166040135082], [0.0120046809316, -0.0143600292504, 0.0153980497271, -0.0083032771945, 0.011062161997, -0.0164631642401, 0.0138421626762, -0.016135584563, 0.0227730609477, -0.0322051309049, 0.0602033622563, -0.0272668171674, 0.0156106799841], [-0.00754433544353, 0.0088430987671, -0.00807787571102, 0.00603435281664, -0.0103480769321, 0.00746685359627, -0.0130193037912, -0.00070788024459, -0.0100916661322, 0.0181119199842, -0.0272668171674, 0.0497053936124, -0.021760571748], [0.00432684784755, -0.00551708973944, 0.0049464837648, -0.00428977841511, 0.00428386591375, -0.00349008711055, 0.00383434561081, -0.000869802024681, 0.00242427969351, -0.00166040135082, 0.0156106799841, -0.021760571748, 0.0426464937627]]
    }
}

}