{
"metadata": {
    "version": {
        "essentia": "2.0.1",
        "extractor": "archive-music 1.0 mod ismir14"
    },
    "audio_properties": {
        "analysis_sample_rate": 44100,
        "bitrate": 32,
        "channels": 2,
        "equal_loudness": 0,
        "length": 30.0408172607,
        "replay_gain": -8.39121818542,
        "downmix": "mix"
    },
    "tags": {
        "track": 7,
        "year": 0,
        "album": "The Cool Jazz Collection",
        "artist": "Astrud Gilberto",
        "comment": "",
        "genre": "Jazz",
        "title": "Girl From Ipanema"
    }
},
"rhythm": {
    "bpm": 130.063034058,
    "bpm_histogram_first_peak": 129,
    "bpm_histogram_first_peak_spread": 0.509090900421,
    "bpm_histogram_first_peak_weight": 0.428571432829,
    "bpm_histogram_second_peak": 136,
    "bpm_histogram_second_peak_spread": 0.199999988079,
    "bpm_histogram_second_peak_weight": 0.0634920671582
},
"tonal": {
    "tuning_frequency": {
        "dmean": 0.0841522663832,
        "dmean2": 0.160585194826,
        "dvar": 1.24103689194,
        "dvar2": 2.94388175011,
        "max": 456.570251465,
        "mean": 434.618133545,
        "median": 434.193115234,
        "min": 431.443084717,
        "var": 3.86385154724
    },
    "hpcp": {
        "dmean": [0.11334746331, 0.118554189801, 0.149533331394, 0.185601696372, 0.160013958812, 0.119502224028, 0.143688127398, 0.159641236067, 0.226783126593, 0.133975028992, 0.131201371551, 0.115582436323],
        "dmean2": [0.220797255635, 0.227944791317, 0.289093822241, 0.352209478617, 0.309657841921, 0.22905831039, 0.275079846382, 0.31033718586, 0.436887383461, 0.260685801506, 0.251075804234, 0.226136982441],
        "dvar": [0.0805534347892, 0.077118113637, 0.100189752877, 0.109036713839, 0.106816910207, 0.0748152583838, 0.0904921218753, 0.107259213924, 0.132278069854, 0.0918764919043, 0.0830318704247, 0.0822136998177],
        "dvar2": [0.233742848039, 0.222001567483, 0.278308540583, 0.307046055794, 0.301700443029, 0.217469766736, 0.257718622684, 0.303809255362, 0.367431491613, 0.26448571682, 0.236391499639, 0.240471228957],
        "max": [1, 1, 1, 1, 1, 1, 1, 1, 1, 1, 1, 1],
        "mean": [0.0704251080751, 0.10452850163, 0.1109239012, 0.209224104881, 0.115132793784, 0.0905808284879, 0.1331089288, 0.121778726578, 0.194161623716, 0.0932803601027, 0.0950683429837, 0.0812899321318],
        "median": [0.000388607324567, 0.00166511989664, 0.000746941776015, 0.00351663329639, 0.00101055565756, 0.00114679976832, 0.00147329410538, 0.00114532501902, 0.00427552452311, 0.000324712338625, 0.00194324844051, 0.000603187014349],
        "min": [0, 0, 0, 0, 0, 0, 0, 0, 0, 0, 0, 0],
        "var": [0.0523107610643, 0.0738238841295, 0.0826451405883, 0.136010840535, 0.083527058363, 0.0630162209272, 0.0937813520432, 0.0892891958356, 0.128088697791, 0.0707279294729, 0.0616528578103, 0.0615574195981]
    }
},
"lowlevel": {
    "melbands": {
        "dmean": [0.000815283856355, 0.00340290088207, 0.00357739930041, 0.00185002421495, 0.00100040284451, 0.000379572476959, 0.000129168081912, 0.000120613571198, 5.11258840561e-05, 2.77897997876e-05, 2.79128580587e-05, 2.8989279599e-05, 8.77425827639e-06, 6.74016791891e-06, 7.98513701739e-06, 4.91257560498e-06, 3.65109758604e-06, 1.76122148332e-06, 1.66631605225e-06, 1.63975312262e-06, 1.05063554656e-06, 1.40894064771e-06, 1.59147680279e-06, 1.63513288953e-06, 6.6535312726e-07, 4.33692861179e-07, 6.5677005523e-07, 8.74027591635e-07, 7.51309926272e-07, 9.89551381281e-07, 1.54246379225e-06, 2.62971957454e-06, 3.11419194077e-06, 1.96552741727e-06, 8.89526688752e-07, 5.0574379884e-07, 4.38449916373e-07, 3.53396558239e-07, 4.47190927844e-07, 6.63931643885e-07],
        "dmean2": [0.00138761813287, 0.00582455424592, 0.00614901678637, 0.00307335727848, 0.00167084904388, 0.00064052635571, 0.000192255480215, 0.000172371524968, 7.11209067958e-05, 3.74316769012e-05, 3.67067514162e-05, 3.66526728612e-05, 1.25316619233e-05, 1.03965394374e-05, 1.12142761282e-05, 7.50629806134e-06, 5.1188035286e-06, 2.6273576168e-06, 2.32090724239e-06, 2.40900021709e-06, 1.6006115402e-06, 2.13082125811e-06, 2.41178577198e-06, 2.57400506598e-06, 1.03991385458e-06, 6.68594225317e-07, 1.04943512724e-06, 1.45231445003e-06, 1.15179307159e-06, 1.46962781855e-06, 2.38381608142e-06, 4.14648729929e-06, 4.95378253618e-06, 3.0254984722e-06, 1.39227859108e-06, 7.44009810205e-07, 6.59769568756e-07, 5.3690388313e-07, 7.09670473498e-07, 1.00651209323e-06],
        "dvar": [2.53298026109e-06, 2.8968695915e-05, 3.52368952008e-05, 8.96543224371e-06, 2.70557688964e-06, 4.34581352238e-07, 1.38386866411e-07, 1.43284978549e-07, 1.88396729328e-08, 1.06632995767e-08, 6.99815538852e-09, 1.96173957079e-08, 1.06003350542e-09, 4.67647087721e-10, 7.32015725813e-10, 5.55054890938e-10, 5.10421371835e-10, 4.73710168314e-11, 7.52671466819e-11, 7.86225320959e-11, 1.4329368421e-11, 1.87894717146e-11, 2.70662312007e-11, 5.72840976043e-11, 6.72832145901e-12, 1.51177887483e-12, 7.43480017135e-12, 1.70386413312e-11, 8.09941870517e-12, 2.57769396106e-11, 7.60221122165e-11, 2.54975540681e-10, 7.63100471701e-10, 2.79658601832e-10, 2.00216440649e-11, 3.14516750317e-12, 2.21601426445e-12, 2.32607271118e-12, 8.65673071421e-12, 1.3475431708e-11],
        "dvar2": [6.79720187691e-06, 8.72577074915e-05, 0.000113471505756, 2.49203203566e-05, 7.35452294975e-06, 1.20677827908e-06, 2.17000660996e-07, 2.28281152204e-07, 3.01547480319e-08, 1.55270392099e-08, 1.2256534454e-08, 2.11264747918e-08, 2.43628539565e-09, 1.10163012046e-09, 1.19936161003e-09, 1.19985787972e-09, 9.17924569688e-10, 9.51703507668e-11, 1.21187032631e-10, 1.61128971277e-10, 2.61409192903e-11, 4.11270774381e-11, 6.05484343219e-11, 1.49087672763e-10, 1.63572575623e-11, 3.42889540546e-12, 1.61428787004e-11, 4.56965784656e-11, 1.8297070456e-11, 5.6940955423e-11, 1.80885556533e-10, 6.10120065581e-10, 1.89115501037e-09, 6.36844021962e-10, 5.34028446464e-11, 7.05795925177e-12, 5.12837862454e-12, 5.8190791595e-12, 2.51254000244e-11, 3.41047468044e-11],
        "max": [0.0328416712582, 0.0694953650236, 0.0683184564114, 0.0802429318428, 0.0251626130193, 0.0122322654352, 0.00914675649256, 0.00868670642376, 0.0037156837061, 0.00413133902475, 0.00206906395033, 0.0105005456135, 0.000992169254459, 0.00068419391755, 0.00154411164112, 0.000911142968107, 0.000999525771476, 0.00028233852936, 0.000376369367586, 0.000336107157636, 0.000132266213768, 7.96585518401e-05, 9.94970323518e-05, 0.000206995682674, 8.85918125277e-05, 4.2985080654e-05, 7.38072849344e-05, 0.000120847209473, 7.25693025743e-05, 0.000140135700349, 0.000246336596319, 0.000464934797492, 0.000986514030956, 0.000818335916847, 0.000124382393551, 4.26234619226e-05, 3.68280125258e-05, 5.6107142882e-05, 0.000102112571767, 0.000129006817588],
        "mean": [0.00151799980085, 0.006203468889, 0.00750740105286, 0.00366219482385, 0.00227854284458, 0.000822308065835, 0.000304144341499, 0.000300957733998, 0.000141920769238, 8.71623415151e-05, 8.52869125083e-05, 8.65195834194e-05, 2.24768882617e-05, 1.2748608242e-05, 1.98434208869e-05, 1.17144181786e-05, 8.14547274786e-06, 3.48167054653e-06, 3.3889284623e-06, 3.28015039486e-06, 1.81390203124e-06, 2.70967257165e-06, 3.22297682942e-06, 2.62889761871e-06, 1.1633004533e-06, 7.97766574578e-07, 1.0974262068e-06, 1.41136854381e-06, 1.21632876926e-06, 1.60482545652e-06, 2.62827779807e-06, 4.38133292846e-06, 4.74313492305e-06, 3.46805450135e-06, 1.66955544501e-06, 1.04977050341e-06, 9.24724986362e-07, 6.71703332955e-07, 8.03840748631e-07, 1.24970210891e-06],
        "median": [0.000358021905413, 0.00293623423204, 0.00321357185021, 0.00194471981376, 0.000792520237155, 0.000296708923997, 8.99366568774e-05, 4.97178225487e-05, 1.88354060811e-05, 7.15399619367e-06, 7.68126665207e-06, 7.93488652562e-06, 3.24495317727e-06, 3.35185131917e-06, 2.69365136774e-06, 1.07348296297e-06, 6.88394209192e-07, 4.66421568035e-07, 2.57490341937e-07, 2.21017643298e-07, 2.23746383199e-07, 3.67251715261e-07, 3.90639229408e-07, 2.47102434514e-07, 1.45164918308e-07, 1.23005463593e-07, 1.6967095462e-07, 1.86170836969e-07, 1.06672530364e-07, 1.25536857354e-07, 1.34285883746e-07, 9.13209916575e-08, 1.16946303308e-07, 9.69790008298e-08, 8.9061053643e-08, 8.78461037246e-08, 8.09152282955e-08, 5.90981308335e-08, 6.15403763504e-08, 6.41022595005e-08],
        "min": [6.86600221123e-11, 6.62278912267e-11, 6.12675674083e-11, 4.31294167047e-11, 1.91428053964e-11, 3.09500060129e-12, 3.42080367938e-13, 1.65059654313e-12, 2.21119368475e-12, 5.141174487e-13, 2.75294788051e-13, 1.105201217e-12, 7.34564386856e-14, 6.74949394877e-14, 2.56329918229e-12, 3.17953844677e-12, 3.65186044382e-13, 3.10907373523e-14, 1.40490299515e-12, 3.22281242492e-12, 2.9756728223e-13, 3.76924945249e-13, 2.7760452357e-12, 7.5421526663e-13, 7.91554647349e-13, 2.38279556676e-12, 3.22859902875e-13, 4.20559724199e-12, 6.40618808001e-12, 1.83691638289e-11, 1.31187569488e-11, 1.68970078814e-12, 1.18652386093e-12, 4.65498689942e-12, 4.79187783203e-12, 3.62144667553e-13, 4.09725465361e-12, 1.07093734922e-11, 2.28458614873e-12, 2.68068553466e-13],
        "var": [1.25465448946e-05, 5.75163539906e-05, 9.04979897314e-05, 3.02894040942e-05, 1.20942568174e-05, 1.79598009709e-06, 7.46638306737e-07, 7.25119434719e-07, 1.41133199349e-07, 1.00302358419e-07, 5.39196456373e-08, 2.64597218802e-07, 5.5689084455e-09, 1.11517761692e-09, 6.94995883066e-09, 2.15359596822e-09, 1.78175996179e-09, 1.16756743163e-10, 2.85868356764e-10, 2.76737827098e-10, 3.68290779817e-11, 4.43566156028e-11, 8.02023378266e-11, 9.36030974952e-11, 1.51103105722e-11, 5.03428592216e-12, 1.70273239952e-11, 4.20960662162e-11, 1.93456587555e-11, 5.95797230996e-11, 1.81064968574e-10, 5.61197810445e-10, 1.07888864509e-09, 6.85734469208e-10, 5.90226062469e-11, 1.22854140056e-11, 9.4126243258e-12, 6.54080609119e-12, 1.51507487112e-11, 3.72029733409e-11]
    },
    "mfcc": {
        "dmean": [17.3181552887, 13.2433433533, 9.77663993835, 8.53838253021, 7.82514572144, 7.9659614563, 7.59677791595, 7.1014213562, 7.09535455704, 6.9939956665, 7.01422262192, 6.79288721085, 6.33896446228],
        "dmean2": [21.1714019775, 17.2615566254, 14.6925315857, 13.1105976105, 12.4194564819, 12.5444231033, 11.9818592072, 11.4581604004, 11.5773010254, 11.2740049362, 11.4367666245, 11.0390968323, 10.4211120605],
        "dvar": [481.341156006, 196.435668945, 86.0977020264, 51.0880508423, 37.644618988, 44.6380691528, 36.1578140259, 30.8940811157, 31.956413269, 31.7743396759, 29.3909626007, 27.7598648071, 25.1431350708],
        "dvar2": [749.518188477, 275.238891602, 187.59992981, 118.280258179, 96.7650299072, 105.788581848, 91.1843109131, 76.3743896484, 84.5914459229, 83.4355697632, 80.680015564, 75.4859619141, 68.3675994873],
        "max": [-539.901123047, 257.671203613, 160.125274658, 119.998054504, 58.8417510986, 74.2137451172, 60.8664855957, 55.3861274719, 30.7304725647, 46.0692749023, 37.7750473022, 52.8321723938, 24.2473716736],
        "mean": [-735.036865234, 158.758758545, 63.4670295715, 31.6102657318, 7.92299509048, 7.11425161362, 1.60920584202, 1.75983941555, -7.0928645134, -11.095205307, -6.63768577576, -1.40522384644, -6.87766504288],
        "median": [-725.610290527, 169.669158936, 63.2794151306, 30.1575527191, 8.69248008728, 8.58619880676, 2.82098388672, 1.45883369446, -7.06036567688, -10.0129241943, -5.88020324707, -2.04441833496, -6.43525505066],
        "min": [-1138.42004395, -59.8686676025, -22.5184879303, -44.9709243774, -69.3669204712, -60.4936523438, -50.1829719543, -46.7587471008, -48.4384918213, -60.53855896, -62.3478393555, -43.2312164307, -47.1494941711],
        "var": [5960.11376953, 2682.55981445, 812.891357422, 593.711486816, 254.169326782, 349.03112793, 236.365005493, 176.382659912, 139.71673584, 241.404037476, 193.090042114, 176.095581055, 114.546783447],
        "cov": [[5962.41699219, -567.327209473, -484.179351807, -172.725357056, -122.417152405, -287.314819336, -245.407333374, 20.5542182922, -58.0920829773, 89.7234725952, 38.797794342, -59.5491752625, -165.751052856], [-567.327209473, 2683.59643555, -483.790527344, -288.731628418, 103.484100342, -261.633148193, 41.6191062927, 135.987121582, -132.224349976, -161.226043701, -68.4777374268, 64.3718490601, -121.562538147], [-484.179351807, -483.790527344, 813.205444336, 167.168930054, -73.6872024536, 212.728378296, 34.1046104431, -73.4098815918, 33.4194068909, -86.6129226685, 44.0526809692, -54.6295509338, 77.1655502319], [-172.725357056, -288.731628418, 167.168930054, 593.940856934, 153.27835083, -95.3417663574, -45.567150116, 30.1677627563, 6.77692317963, -117.751289368, 24.915019989, -66.6591186523, 70.8371124268], [-122.417152405, 103.484100342, -73.6872024536, 153.27835083, 254.267532349, -35.2470550537, -23.0737037659, 15.5869274139, 10.9985799789, -22.9324207306, -25.4004173279, 21.1279773712, -1.02806830406], [-287.314819336, -261.633148193, 212.728378296, -95.3417663574, -35.2470550537, 349.166015625, 71.9553222656, -20.1913051605, 49.4133720398, 54.1723594666, 48.9299545288, 9.23544788361, 32.9750747681], [-245.407333374, 41.6191062927, 34.1046104431, -45.567150116, -23.0737037659, 71.9553222656, 236.456329346, 47.6281471252, 8.47278785706, 32.5944328308, 18.086063385, 21.3813838959, 10.6040229797], [20.5542182922, 135.987121582, -73.4098815918, 30.1677627563, 15.5869274139, -20.1913051605, 47.6281471252, 176.450805664, 31.2187671661, -8.17284965515, 27.6391277313, -4.20540952682, -2.04701471329], [-58.0920829773, -132.224349976, 33.4194068909, 6.77692317963, 10.9985799789, 49.4133720398, 8.47278785706, 31.2187671661, 139.770721436, 60.5087013245, 23.7086181641, -27.0348548889, 20.2912826538], [89.7234725952, -161.226043701, -86.6129226685, -117.751289368, -22.9324207306, 54.1723594666, 32.5944328308, -8.17284965515, 60.5087013245, 241.497314453, 10.4842844009, 30.1502342224, -19.025850296], [38.797794342, -68.4777374268, 44.0526809692, 24.915019989, -25.4004173279, 48.9299545288, 18.086063385, 27.6391277313, 23.7086181641, 10.4842844009, 193.164657593, -27.6864700317, 33.7988052368], [-59.5491752625, 64.3718490601, -54.6295509338, -66.6591186523, 21.1279773712, 9.23544788361, 21.3813838959, -4.20540952682, -27.0348548889, 30.1502342224, -27.6864700317, 176.163635254, -9.10586071014], [-165.751052856, -121.562538147, 77.1655502319, 70.8371124268, -1.02806830406, 32.9750747681, 10.6040229797, -2.04701471329, 20.2912826538, -19.025850296, 33.7988052368, -9.10586071014, 114.591041565]],
        "icov": [[0.000213925042772, 0.000101182115031, 9.77449162747e-05, 9.6595416835e-05, 5.44539179828e-05, 0.000157800066518, 0.000175112101715, -0.000107930478407, 0.000107800209662, 1.62385401836e-06, -0.000122354773339, 7.35950525268e-05, 0.000251301884418], [0.000101182115031, 0.00061205343809, 0.000163091957802, 0.000527701922692, -0.000378779135644, 0.000407386687584, -9.3187278253e-05, -0.000409664964536, 0.00030316770426, 0.000505161646288, -0.000105772647657, 4.56340967503e-05, 0.000305297871819], [9.77449162747e-05, 0.000163091957802, 0.00218520313501, -0.000797717191745, 0.000954954011831, -0.00123523303773, -0.000236899912124, 0.000891786650755, -0.000537628366146, 0.00102136738133, -2.30796626965e-06, 9.23865809455e-05, 1.06889001472e-05], [9.6595416835e-05, 0.000527701922692, -0.000797717191745, 0.0035119173117, -0.00229151919484, 0.00155262416229, 0.000180252769496, -0.000985508668236, 0.000459316128399, 0.000821844267193, -0.000443751341663, 0.000868412840646, -0.00118088314775], [5.44539179828e-05, -0.000378779135644, 0.000954954011831, -0.00229151919484, 0.00589024275541, -0.000872612406965, 0.000336898607202, 0.000463661272079, -0.00124518142547, 0.000160702329595, 0.000685775303282, -0.00118018698413, 0.000682609970681], [0.000157800066518, 0.000407386687584, -0.00123523303773, 0.00155262416229, -0.000872612406965, 0.00486964732409, -0.000810954603367, -4.46220692538e-05, -0.000552803860046, -0.0003853146045, -0.000912875693757, -0.000133062829264, -0.000509855977725], [0.000175112101715, -9.3187278253e-05, -0.000236899912124, 0.000180252769496, 0.000336898607202, -0.000810954603367, 0.00528270332143, -0.00179967295844, 0.000734424451366, -0.000849225849379, -5.71217060497e-05, -0.00036384127452, -0.000365189684089], [-0.000107930478407, -0.000409664964536, 0.000891786650755, -0.000985508668236, 0.000463661272079, -4.46220692538e-05, -0.00179967295844, 0.00762604409829, -0.00261142011732, 0.0009425902972, -0.000931884627789, -0.000313122116495, 0.000606647401582], [0.000107800209662, 0.00030316770426, -0.000537628366146, 0.000459316128399, -0.00124518142547, -0.000552803860046, 0.000734424451366, -0.00261142011732, 0.0103134606034, -0.00293007097207, -0.000129885986098, 0.00194425845984, -0.00153100583702], [1.62385401836e-06, 0.000505161646288, 0.00102136738133, 0.000821844267193, 0.000160702329595, -0.0003853146045, -0.000849225849379, 0.0009425902972, -0.00293007097207, 0.00646389788017, -0.00043906486826, -0.000993128400296, 0.00119280500803], [-0.000122354773339, -0.000105772647657, -2.30796626965e-06, -0.000443751341663, 0.000685775303282, -0.000912875693757, -5.71217060497e-05, -0.000931884627789, -0.000129885986098, -0.00043906486826, 0.00609433325008, 0.000712029868737, -0.00154668744653], [7.35950525268e-05, 4.56340967503e-05, 9.23865809455e-05, 0.000868412840646, -0.00118018698413, -0.000133062829264, -0.00036384127452, -0.000313122116495, 0.00194425845984, -0.000993128400296, 0.000712029868737, 0.00677804183215, -0.000568978779484], [0.000251301884418, 0.000305297871819, 1.06889001472e-05, -0.00118088314775, 0.000682609970681, -0.000509855977725, -0.000365189684089, 0.000606647401582, -0.00153100583702, 0.00119280500803, -0.00154668744653, -0.000568978779484, 0.0112144527957]]
    }
}

}