{
"metadata": {
    "version": {
        "essentia": "2.0.1",
        "extractor": "archive-music 1.0 mod ismir14"
    },
    "audio_properties": {
        "analysis_sample_rate": 44100,
        "bitrate": 32,
        "channels": 2,
        "equal_loudness": 0,
        "length": 30.0408172607,
        "replay_gain": -11.7841053009,
        "downmix": "mix"
    },
    "tags": {
        "track": 6,
        "year": 0,
        "album": "Swing Classics (Jazz & Tzaz 70)",
        "artist": "Benny Carter",
        "comment": "",
        "genre": "Jazz",
        "title": "Babalu"
    }
},
"rhythm": {
    "bpm": 92.4009475708,
    "bpm_histogram_first_peak": 92,
    "bpm_histogram_first_peak_spread": 0.590909123421,
    "bpm_histogram_first_peak_weight": 0.40000000596,
    "bpm_histogram_second_peak": 99,
    "bpm_histogram_second_peak_spread": 0,
    "bpm_histogram_second_peak_weight": 0.0222222227603
},
"tonal": {
    "tuning_frequency": {
        "dmean": 0.0389725863934,
        "dmean2": 0.0736582130194,
        "dvar": 0.37851446867,
        "dvar2": 0.785729467869,
        "max": 454.727905273,
        "mean": 437.198547363,
        "median": 437.465789795,
        "min": 431.443084717,
        "var": 3.83800578117
    },
    "hpcp": {
        "dmean": [0.146019488573, 0.141903117299, 0.153991103172, 0.192360803485, 0.136355280876, 0.119202710688, 0.153218314052, 0.12571670115, 0.193825095892, 0.143769681454, 0.187158569694, 0.19316804409],
        "dmean2": [0.270406961441, 0.257092654705, 0.292990475893, 0.344445317984, 0.251900285482, 0.21962697804, 0.267498642206, 0.232955142856, 0.350751847029, 0.269468516111, 0.340077996254, 0.344290316105],
        "dvar": [0.0667225494981, 0.0601684898138, 0.0811257362366, 0.078935302794, 0.0608504898846, 0.0544742308557, 0.058885063976, 0.0587958693504, 0.0766490548849, 0.0700031816959, 0.0722407028079, 0.0757052823901],
        "dvar2": [0.191909626126, 0.166746094823, 0.232278004289, 0.209670737386, 0.163384139538, 0.152686834335, 0.157101601362, 0.165431752801, 0.204848662019, 0.201627850533, 0.199145495892, 0.201788336039],
        "max": [1, 1, 1, 1, 1, 1, 1, 1, 1, 1, 1, 1],
        "mean": [0.111662223935, 0.149947658181, 0.113513000309, 0.395352840424, 0.162756234407, 0.103948198259, 0.240459024906, 0.0956341326237, 0.288948595524, 0.104800000787, 0.193943202496, 0.236815065145],
        "median": [0.0114198764786, 0.0205916594714, 0.00373965501785, 0.193034917116, 0.0111407982185, 0.0138165075332, 0.0612050332129, 0.00686271581799, 0.103198006749, 0.00893929041922, 0.0655601024628, 0.0675224512815],
        "min": [0, 0, 0, 0, 0, 0, 0, 0, 0, 0, 0, 0],
        "var": [0.0561811812222, 0.0677930936217, 0.0688235536218, 0.172604843974, 0.0926037877798, 0.0504213646054, 0.117351166904, 0.048316501081, 0.130600169301, 0.053135253489, 0.0782033354044, 0.1076778844]
    }
},
"lowlevel": {
    "melbands": {
        "dmean": [2.80947151623e-05, 0.000122815006762, 0.000138287097798, 0.000258673768258, 0.000312323420076, 0.000347409484675, 0.000266280520009, 0.000344745698385, 0.000250193756074, 0.000158958515385, 0.000117117393529, 9.77650415734e-05, 9.36534488574e-05, 7.91036291048e-05, 0.000147485872731, 0.000131266133394, 7.3500086728e-05, 3.75415038434e-05, 3.98788251914e-05, 4.37806411355e-05, 1.5465728211e-05, 2.27033469855e-05, 1.05049812191e-05, 7.18753381079e-06, 9.2917607617e-06, 3.23864355778e-06, 1.96107748707e-06, 2.31719081967e-06, 1.90929540622e-06, 1.76032972377e-06, 9.16527199024e-07, 4.22829856461e-07, 3.00499067407e-07, 1.17803402588e-07, 5.64379618595e-08, 4.97261360977e-08, 1.36894415803e-08, 2.49766207716e-09, 1.00400143754e-09, 5.93151527895e-10],
        "dmean2": [4.34313224105e-05, 0.000200419890461, 0.000241443689447, 0.000468191195978, 0.000567236624192, 0.000594999932218, 0.000416332564782, 0.000488516699988, 0.000350834103301, 0.000221740294364, 0.000181382958544, 0.000150000472786, 0.000144568635733, 0.00012338256056, 0.000223473849474, 0.000209666977753, 0.000111717890832, 5.32918347744e-05, 5.8637571783e-05, 6.56236734358e-05, 2.40270474023e-05, 3.65419800801e-05, 1.71929987118e-05, 1.11408517114e-05, 1.38680070449e-05, 4.91020455229e-06, 3.06417950924e-06, 3.51308267454e-06, 2.94895744446e-06, 2.59034686678e-06, 1.34503420668e-06, 6.34309571979e-07, 4.49452613793e-07, 1.74191370661e-07, 8.67305871566e-08, 7.55178319878e-08, 2.06526742375e-08, 3.78686504376e-09, 1.50353252071e-09, 9.31113242064e-10],
        "dvar": [1.3150578404e-09, 2.3977881014e-08, 4.68000997955e-08, 1.56991731615e-07, 2.15344556409e-07, 2.83367569409e-07, 1.4173691909e-07, 5.17268972544e-07, 2.11536402617e-07, 8.74920687011e-08, 6.7286975991e-08, 5.3047369164e-08, 4.99571122248e-08, 2.86044876674e-08, 8.61350599735e-08, 1.1827329871e-07, 3.91066663497e-08, 7.95697729927e-09, 1.18368221891e-08, 1.17968657065e-08, 8.04952604572e-10, 4.20995416306e-09, 5.92643489838e-10, 2.4097945861e-10, 5.17530851507e-10, 6.59029567029e-11, 2.31108361615e-11, 5.61570547009e-11, 2.31194126343e-11, 1.66992374789e-11, 5.92346180786e-12, 1.36402380276e-12, 9.89623205432e-13, 1.52233802821e-13, 2.6649028714e-14, 2.10680336566e-14, 1.07962215946e-15, 5.27434512238e-17, 7.37419273818e-18, 1.99522167602e-18],
        "dvar2": [2.76291745038e-09, 5.96516400719e-08, 1.33333742269e-07, 4.66332011229e-07, 6.75423450502e-07, 8.22484651053e-07, 3.45477928931e-07, 1.11854888019e-06, 4.54121874327e-07, 1.75921726964e-07, 1.6624642285e-07, 1.34132008611e-07, 1.2276716177e-07, 7.70613723944e-08, 1.97621062625e-07, 3.07365297658e-07, 9.8059388165e-08, 1.60785873504e-08, 2.74253277865e-08, 2.55569325702e-08, 1.94495397565e-09, 1.13587450556e-08, 1.67719382826e-09, 5.9655314022e-10, 1.16590248567e-09, 1.51671217252e-10, 5.6009367283e-11, 1.34548872044e-10, 5.64991456398e-11, 3.69311838055e-11, 1.44662571852e-11, 2.94971664282e-12, 2.37869446362e-12, 3.33972758303e-13, 6.47517995711e-14, 5.01078636862e-14, 2.48082609482e-15, 1.13188999507e-16, 1.46963806312e-17, 4.66456246405e-18],
        "max": [0.000480815098854, 0.00213660765439, 0.00415599392727, 0.0094231525436, 0.00641708355397, 0.00791619811207, 0.00624861009419, 0.0174374394119, 0.00821295008063, 0.00533663574606, 0.0047620087862, 0.00447407411411, 0.00526145240292, 0.0037582940422, 0.00585017632693, 0.0053629335016, 0.0046910927631, 0.0023970848415, 0.0021155087743, 0.00281881657429, 0.00055446033366, 0.0015845784219, 0.000432503700722, 0.000319194747135, 0.000415067159338, 0.000184600925422, 9.25064523472e-05, 0.000168821308762, 7.59099420975e-05, 7.70307087805e-05, 5.20403846167e-05, 2.76973860309e-05, 2.49277109106e-05, 8.672531294e-06, 3.67072993868e-06, 3.19488981404e-06, 5.8544304693e-07, 1.26585717908e-07, 5.12874755998e-08, 2.49891538573e-08],
        "mean": [3.92967849621e-05, 0.000176171030034, 0.000175563574885, 0.000326153152855, 0.000416045775637, 0.000567067298107, 0.000611627765466, 0.0012323113624, 0.000766828714404, 0.000429732492194, 0.000297673541354, 0.00024323600519, 0.000190739505342, 0.000145871643326, 0.000294935860438, 0.000239920555032, 0.000178054513526, 9.2618567578e-05, 7.37940208637e-05, 9.77173622232e-05, 3.1444371416e-05, 4.04559614253e-05, 2.17065371544e-05, 1.68471779034e-05, 2.37073491007e-05, 7.93888193584e-06, 4.14839405494e-06, 4.4713360694e-06, 4.63482547275e-06, 4.94384630656e-06, 2.32917773246e-06, 1.10927260266e-06, 7.22710012724e-07, 2.88159895945e-07, 1.33208359898e-07, 1.24888558162e-07, 3.46762654146e-08, 4.98388263992e-09, 2.00281324858e-09, 1.2145713324e-09],
        "median": [2.03816234716e-05, 0.000103731028503, 9.63460552157e-05, 0.000169253587956, 0.000236429797951, 0.000289710413199, 0.000232466787565, 0.000260044529568, 0.00019951610011, 0.000106567080365, 6.78991273162e-05, 4.36863847426e-05, 4.79348891531e-05, 5.33764032298e-05, 6.14897580817e-05, 5.0570572057e-05, 2.47315347224e-05, 2.13370622077e-05, 1.07163941721e-05, 1.95202756004e-05, 1.00725974335e-05, 9.46005093283e-06, 7.50687649997e-06, 5.63516914553e-06, 4.0979575715e-06, 2.0956276785e-06, 1.09136681203e-06, 5.83705741519e-07, 1.09521783997e-06, 8.85193003342e-07, 3.31989951974e-07, 1.67235938875e-07, 6.24691836038e-08, 2.12210231609e-08, 1.2392549209e-08, 1.06737232386e-08, 4.70694194732e-09, 5.66977631511e-10, 3.79500403325e-10, 3.40028172285e-10],
        "min": [2.4788626013e-11, 2.14119711545e-11, 1.59147486856e-11, 7.97599052776e-12, 2.86058828534e-12, 8.40242589048e-13, 2.83435438748e-13, 6.03918702698e-14, 4.47100174808e-14, 1.16567833944e-13, 1.29478066181e-13, 1.58677595802e-13, 5.48276484977e-13, 1.0124924987e-12, 3.66549537034e-13, 1.11255798953e-13, 2.27402352591e-13, 1.55482050845e-12, 1.38373579088e-12, 2.27868678787e-12, 1.7586039775e-13, 8.2324576843e-13, 6.74002303622e-13, 6.43594281601e-13, 1.01152961875e-12, 1.19120772274e-12, 1.66018121559e-12, 1.70747368067e-12, 8.66334795243e-14, 8.58235628832e-13, 6.24570816073e-13, 1.48276586864e-13, 7.03669097274e-14, 6.3396817906e-14, 4.33578547414e-14, 1.76918917884e-13, 2.43116684011e-14, 1.66132332771e-14, 2.77351570394e-14, 1.10289856132e-13],
        "var": [2.67563970979e-09, 4.59704523337e-08, 5.91664637284e-08, 2.09335908607e-07, 2.91950073006e-07, 5.7417565813e-07, 7.41196572562e-07, 4.88571549795e-06, 1.61728917192e-06, 4.80210417209e-07, 2.62525020389e-07, 1.85377970752e-07, 1.41369994822e-07, 7.38214893659e-08, 3.1706633763e-07, 3.1131227729e-07, 1.56103894255e-07, 4.44432224356e-08, 3.09185530512e-08, 5.43165086242e-08, 2.81729395368e-09, 8.20320877892e-09, 1.44073142305e-09, 8.55203685646e-10, 2.22274554318e-09, 3.46322581724e-10, 7.43610450993e-11, 1.5610471249e-10, 8.25566698337e-11, 8.58638576906e-11, 2.52600735468e-11, 7.41569045754e-12, 4.64144868373e-12, 7.29349902955e-13, 1.20024284023e-13, 1.0010448823e-13, 4.93243463515e-15, 1.70657974751e-16, 2.37121927044e-17, 6.22250379465e-18]
    },
    "mfcc": {
        "dmean": [16.3274288177, 9.84179878235, 9.51692771912, 8.05702018738, 7.66045284271, 6.87915754318, 6.85736322403, 6.90984773636, 6.739777565, 6.66311597824, 6.42717647552, 6.25859642029, 6.20896911621],
        "dmean2": [18.0298118591, 14.6127872467, 13.8338775635, 12.5852899551, 11.562338829, 11.0270347595, 10.9574537277, 11.356713295, 11.1971473694, 11.0689048767, 10.7754573822, 10.400305748, 10.3501710892],
        "dvar": [501.377075195, 89.9701766968, 92.4688186646, 41.8319015503, 40.1901817322, 32.0867652893, 29.3069972992, 29.6652317047, 28.9994182587, 27.5433673859, 24.2260684967, 22.6776790619, 21.3052864075],
        "dvar2": [491.818817139, 154.474349976, 141.90826416, 102.971611023, 83.0865249634, 78.6690750122, 73.4659423828, 79.9153137207, 79.8243103027, 75.1621780396, 66.9008636475, 62.962638855, 59.4747467041],
        "max": [-524.909301758, 252.497924805, 78.7368774414, 83.2874221802, 43.8391304016, 52.9147872925, 30.2132797241, 31.4153671265, 28.8149909973, 27.2146472931, 28.7866630554, 38.4043731689, 34.4908409119],
        "mean": [-712.332763672, 183.821487427, -50.0435523987, 22.3512058258, -22.2474594116, 1.80000841618, -14.9211673737, -6.89915943146, -6.41872024536, -4.03056621552, -0.398644030094, 4.3006029129, -6.63236045837],
        "median": [-674.969482422, 190.812988281, -65.0079193115, 21.1473350525, -24.276424408, 1.23857116699, -15.6501274109, -6.53771972656, -6.76238632202, -3.69425201416, -0.0760536193848, 2.66742706299, -6.59633255005],
        "min": [-1138.42004395, 1.14440917969e-05, -124.275924683, -32.6968460083, -75.0008773804, -33.4101257324, -60.8695793152, -35.9697113037, -42.3049850464, -40.5745391846, -38.1398429871, -25.8703613281, -32.5745773315],
        "var": [12800.4248047, 1102.10009766, 1701.04370117, 339.581634521, 512.00579834, 166.407272339, 201.508026123, 94.8524398804, 100.550918579, 96.7935943604, 82.8963241577, 125.96157074, 67.8764038086],
        "cov": [[12805.3710938, -505.890167236, -4257.96289062, 210.14642334, -2006.79943848, 86.3648529053, -1096.15576172, 70.0899353027, -410.292510986, 1.68724155426, -126.118225098, 433.639648438, -263.404418945], [-505.890167236, 1102.52587891, 165.708236694, -264.419494629, 54.7017669678, -223.503158569, 88.140083313, -73.8070297241, 55.2523498535, -120.735496521, 6.72035312653, 4.71979427338, 15.5776538849], [-4257.96289062, 165.708236694, 1701.70092773, -12.3778190613, 700.014465332, 34.0879898071, 361.910430908, 18.8037548065, 135.987823486, 31.1921768188, 31.5746116638, -157.488510132, 84.0340576172], [210.14642334, -264.419494629, -12.3778190613, 339.71282959, 73.014831543, 100.271133423, -20.0602607727, 4.83755111694, -25.4955711365, 14.8174791336, -16.296875, -47.0645675659, -14.6053009033], [-2006.79943848, 54.7017669678, 700.014465332, 73.014831543, 512.203613281, 54.761177063, 193.761306763, 2.85566329956, 34.2339782715, 10.5139665604, 11.5153179169, -109.760345459, 32.4444084167], [86.3648529053, -223.503158569, 34.0879898071, 100.271133423, 54.761177063, 166.471572876, 31.8346099854, 41.3171272278, -9.07717990875, 32.9903945923, 4.19971513748, -20.0386142731, -0.106240265071], [-1096.15576172, 88.140083313, 361.910430908, -20.0602607727, 193.761306763, 31.8346099854, 201.585891724, 27.1719322205, 46.6073989868, -2.78793978691, 6.95071220398, -39.0200538635, 25.2311515808], [70.0899353027, -73.8070297241, 18.8037548065, 4.83755111694, 2.85566329956, 41.3171272278, 27.1719322205, 94.8890914917, 23.6137924194, 29.6277446747, 8.80539894104, 11.8725366592, 6.99076318741], [-410.292510986, 55.2523498535, 135.987823486, -25.4955711365, 34.2339782715, -9.07717990875, 46.6073989868, 23.6137924194, 100.589775085, 26.7022972107, 24.7901153564, 8.52551174164, 15.9955997467], [1.68724155426, -120.735496521, 31.1921768188, 14.8174791336, 10.5139665604, 32.9903945923, -2.78793978691, 29.6277446747, 26.7022972107, 96.8310012817, 37.1163825989, 14.8782281876, 4.83799648285], [-126.118225098, 6.72035312653, 31.5746116638, -16.296875, 11.5153179169, 4.19971513748, 6.95071220398, 8.80539894104, 24.7901153564, 37.1163825989, 82.928352356, 37.0137214661, 12.6288948059], [433.639648438, 4.71979427338, -157.488510132, -47.0645675659, -109.760345459, -20.0386142731, -39.0200538635, 11.8725366592, 8.52551174164, 14.8782281876, 37.0137214661, 126.010238647, 8.85464572906], [-263.404418945, 15.5776538849, 84.0340576172, -14.6053009033, 32.4444084167, -0.106240265071, 25.2311515808, 6.99076318741, 15.9955997467, 4.83799648285, 12.6288948059, 8.85464572906, 67.9026260376]],
        "icov": [[0.00132806960028, -0.00100128992926, 0.00210680672899, -0.000925429165363, 0.00173299538437, -0.00212566135451, 0.00204725679941, -0.00185487500858, 0.0015954360133, -0.00156365439761, 0.00141296768561, -0.000654945382848, 0.000732196145691], [-0.00100128992926, 0.00249105645344, -0.0014557831455, 0.00146137794945, -0.00165545800701, 0.00320128607564, -0.00219807913527, 0.00186390406452, -0.00202419003472, 0.00298850983381, -0.00177862669807, 0.000624689331744, -0.000405565166147], [0.00210680672899, -0.0014557831455, 0.00504331057891, -0.0011129307095, 0.000921843515243, -0.00297990906984, 0.00227667368017, -0.00270977849141, 0.00141633336898, -0.00268953945488, 0.00222070352174, -0.000486005883431, 0.000522007932886], [-0.000925429165363, 0.00146137794945, -0.0011129307095, 0.0051225121133, -0.00248584500514, -0.000248479278525, -0.000283920584479, 0.00181295187213, -0.00161117489915, 0.00175101670902, -0.000784651085269, 0.00132936344016, -0.000112417343189], [0.00173299538437, -0.00165545800701, 0.000921843515243, -0.00248584500514, 0.00824458245188, -0.00328629440628, 0.000320708495565, -0.00185020605568, 0.00364126078784, -0.00265992200002, 0.000642053084448, 0.00108959933277, 0.000623906729743], [-0.00212566135451, 0.00320128607564, -0.00297990906984, -0.000248479278525, -0.00328629440628, 0.0142838461325, -0.00589053984731, 0.000118145231681, -0.000952135189436, 0.00160336703993, -0.00329332519323, 0.00187144125812, -0.00109805515967], [0.00204725679941, -0.00219807913527, 0.00227667368017, -0.000283920584479, 0.000320708495565, -0.00589053984731, 0.0139634478837, -0.00515157030895, -1.91130516214e-06, -0.000352527451469, 0.00244030333124, -0.00077620043885, 0.000419597985456], [-0.00185487500858, 0.00186390406452, -0.00270977849141, 0.00181295187213, -0.00185020605568, 0.000118145231681, -0.00515157030895, 0.0168680008501, -0.00485243462026, -0.000487993529532, -0.000569059106056, -0.000517397071235, -0.00146647356451], [0.0015954360133, -0.00202419003472, 0.00141633336898, -0.00161117489915, 0.00364126078784, -0.000952135189436, -1.91130516214e-06, -0.00485243462026, 0.0167056657374, -0.00573181174695, -9.82097917586e-05, -0.00119111849926, -4.04049606004e-05], [-0.00156365439761, 0.00298850983381, -0.00268953945488, 0.00175101670902, -0.00265992200002, 0.00160336703993, -0.000352527451469, -0.000487993529532, -0.00573181174695, 0.0191179867834, -0.00812500435859, 0.000969026004896, -0.000218605578993], [0.00141296768561, -0.00177862669807, 0.00222070352174, -0.000784651085269, 0.000642053084448, -0.00329332519323, 0.00244030333124, -0.000569059106056, -9.82097917586e-05, -0.00812500435859, 0.0198302417994, -0.00629566749558, -0.000453133252449], [-0.000654945382848, 0.000624689331744, -0.000486005883431, 0.00132936344016, 0.00108959933277, 0.00187144125812, -0.00077620043885, -0.000517397071235, -0.00119111849926, 0.000969026004896, -0.00629566749558, 0.0130873406306, -0.00229671527632], [0.000732196145691, -0.000405565166147, 0.000522007932886, -0.000112417343189, 0.000623906729743, -0.00109805515967, 0.000419597985456, -0.00146647356451, -4.04049606004e-05, -0.000218605578993, -0.000453133252449, -0.00229671527632, 0.0170942153782]]
    }
}

}