{
"metadata": {
    "version": {
        "essentia": "2.0.1",
        "extractor": "archive-music 1.0 mod ismir14"
    },
    "audio_properties": {
        "analysis_sample_rate": 44100,
        "bitrate": 32,
        "channels": 2,
        "equal_loudness": 0,
        "length": 30.0408172607,
        "replay_gain": -9.58841705322,
        "downmix": "mix"
    },
    "tags": {
        "track": 0,
        "year": 0,
        "album": "",
        "artist": "",
        "comment": "",
        "genre": "",
        "title": ""
    }
},
"rhythm": {
    "bpm": 172.265594482,
    "bpm_histogram_first_peak": 172,
    "bpm_histogram_first_peak_spread": 0,
    "bpm_histogram_first_peak_weight": 0.529411792755,
    "bpm_histogram_second_peak": 178,
    "bpm_histogram_second_peak_spread": 0,
    "bpm_histogram_second_peak_weight": 0.258823543787
},
"tonal": {
    "tuning_frequency": {
        "dmean": 0.108647659421,
        "dmean2": 0.215420410037,
        "dvar": 2.108720541,
        "dvar2": 4.6188659668,
        "max": 455.779724121,
        "mean": 438.5546875,
        "median": 432.940917969,
        "min": 431.443084717,
        "var": 96.1932754517
    },
    "hpcp": {
        "dmean": [0.120728351176, 0.121474325657, 0.164611294866, 0.130608856678, 0.0829405337572, 0.0743453279138, 0.0940812453628, 0.0938657447696, 0.106649160385, 0.0946712642908, 0.113336481154, 0.0839257985353],
        "dmean2": [0.225478559732, 0.224836692214, 0.305442541838, 0.240085363388, 0.156742230058, 0.140002846718, 0.176079288125, 0.177672728896, 0.202836766839, 0.172353625298, 0.203097164631, 0.155884504318],
        "dvar": [0.071513466537, 0.0693500936031, 0.0881382375956, 0.0721727907658, 0.0491329804063, 0.0430127233267, 0.0618378408253, 0.0598794855177, 0.0685426071286, 0.05100620538, 0.0569838993251, 0.0443918667734],
        "dvar2": [0.197054579854, 0.186015829444, 0.238660976291, 0.19514977932, 0.139650225639, 0.118499487638, 0.169471517205, 0.159951046109, 0.196637898684, 0.14263908565, 0.148707002401, 0.124179460108],
        "max": [1, 1, 1, 1, 1, 1, 1, 1, 1, 1, 1, 1],
        "mean": [0.117394924164, 0.137421369553, 0.150598838925, 0.296466261148, 0.0596606880426, 0.086376003921, 0.126875713468, 0.120654128492, 0.0810667425394, 0.0917380750179, 0.243094399571, 0.0697930008173],
        "median": [0.00818724557757, 0.00746415322646, 0.0185161866248, 0.0192170552909, 0.000831734214444, 0.00588242756203, 0.000421380682383, 0.00238396367058, 0.00137647869997, 0.00210606586188, 0.0270174667239, 0.00258499151096],
        "min": [0, 0, 0, 0, 0, 0, 0, 0, 0, 0, 0, 0],
        "var": [0.0708223432302, 0.0848795250058, 0.0823366641998, 0.175127655268, 0.0378827303648, 0.0549359247088, 0.0949099957943, 0.0866435915232, 0.0568518266082, 0.0550115779042, 0.140458494425, 0.0380852259696]
    }
},
"lowlevel": {
    "melbands": {
        "dmean": [8.73996759765e-06, 0.000147414626554, 0.000382836500648, 0.00135139352642, 0.00153652194422, 0.000822385947686, 0.000273695797659, 0.000213945182622, 0.000115683898912, 7.82510833233e-05, 5.03995033796e-05, 3.82387697755e-05, 5.278070239e-05, 2.70009040833e-05, 2.53735652223e-05, 1.97995614144e-05, 3.62537975889e-05, 2.1433499569e-05, 2.34560484387e-05, 7.07264234734e-06, 1.01083560367e-05, 9.13892563403e-06, 5.61555089007e-06, 6.76586341797e-06, 1.44216292028e-05, 1.37043971336e-05, 5.07971572006e-06, 2.85729925054e-06, 7.90529213646e-07, 5.32742035375e-07, 2.24059704124e-07, 3.81753793022e-08, 5.98536864516e-09, 1.66434732662e-09, 8.10686684449e-10, 4.08240607985e-10, 2.22702148389e-10, 1.41871209225e-10, 1.30863361814e-10, 1.15056748851e-10],
        "dmean2": [1.38108862302e-05, 0.000236517749727, 0.000664993654937, 0.00210387562402, 0.00238194176927, 0.00127022888046, 0.000394962116843, 0.000320845923852, 0.000154973284225, 9.55061477725e-05, 5.90049749007e-05, 4.76984969282e-05, 6.00534185651e-05, 3.18489946949e-05, 3.21298248309e-05, 2.78363622783e-05, 4.75790475321e-05, 3.03057095152e-05, 3.40424157912e-05, 1.02253497971e-05, 1.56695605256e-05, 1.32386257974e-05, 7.69806410972e-06, 9.43530085351e-06, 1.95150769287e-05, 1.77991842065e-05, 7.28026043362e-06, 4.29610008723e-06, 1.14437193588e-06, 7.75110322593e-07, 3.43848057582e-07, 5.54244330431e-08, 8.80877770726e-09, 2.4792117248e-09, 1.30977084734e-09, 6.46937725612e-10, 3.71415426192e-10, 2.57776799906e-10, 2.46264286741e-10, 2.19232326737e-10],
        "dvar": [2.38808556263e-10, 5.39256994614e-08, 7.21137212167e-07, 8.01471560408e-06, 9.30305304792e-06, 2.31973012887e-06, 3.11399418251e-07, 2.90204809517e-07, 1.97077596908e-07, 1.46110920696e-07, 4.46525803e-08, 3.04139398111e-08, 5.34720641099e-08, 1.18173693053e-08, 2.16734576952e-08, 3.23367688182e-09, 1.33121291768e-08, 2.95553204133e-09, 3.30767013779e-09, 2.78837286594e-10, 9.14414099995e-10, 6.93303914279e-10, 3.43443828932e-10, 3.41293077133e-10, 2.24768093027e-09, 2.15161977124e-09, 3.04032021781e-10, 1.2788976822e-10, 9.22994233127e-12, 1.28839144214e-11, 2.37889829363e-12, 5.02357419443e-14, 1.91780583588e-15, 7.60270436025e-17, 2.1088987915e-17, 9.56961197478e-18, 6.04750174194e-18, 4.97866817165e-18, 5.26227697083e-18, 4.87234072135e-18],
        "dvar2": [6.11455386323e-10, 1.35634977028e-07, 2.29062288781e-06, 2.09285608435e-05, 2.44489638135e-05, 5.89653518546e-06, 5.44879355857e-07, 5.49840081021e-07, 3.40347980909e-07, 2.71012311259e-07, 6.90048196361e-08, 5.15986684491e-08, 6.62928840711e-08, 1.82337256405e-08, 4.11450926663e-08, 6.02958971641e-09, 2.2968157154e-08, 6.15387740766e-09, 6.83651046884e-09, 6.15416051453e-10, 2.24114438119e-09, 1.59428215074e-09, 5.7779647733e-10, 6.61657562073e-10, 4.09888878394e-09, 4.40700809179e-09, 7.22657156338e-10, 3.13884779279e-10, 1.79700178349e-11, 2.60866363233e-11, 5.95228467209e-12, 1.13477837424e-13, 3.69896704615e-15, 1.57385484629e-16, 5.80585763503e-17, 2.72474848875e-17, 1.77975221067e-17, 1.49095467295e-17, 1.56572700267e-17, 1.44878566706e-17],
        "max": [0.000294705241686, 0.00798208080232, 0.0167098883539, 0.106323935091, 0.0811942815781, 0.0186202451587, 0.0101038599387, 0.0122352391481, 0.0132616022602, 0.0107109807432, 0.00824753660709, 0.0048975078389, 0.00716349575669, 0.00367729505524, 0.00543586723506, 0.0018380607944, 0.00547251198441, 0.00102777162101, 0.00193638436031, 0.00040752539644, 0.000517771928571, 0.000558692379855, 0.000443132070359, 0.0004747241328, 0.00184837612323, 0.00146902899724, 0.000475561450003, 0.000219810564886, 0.000101538767922, 0.000159738934599, 6.6273882112e-05, 8.78448099684e-06, 2.37177187046e-06, 2.99769141066e-07, 1.31246068236e-07, 1.05854304877e-07, 8.84979698412e-08, 8.00672097512e-08, 7.2768408188e-08, 7.06664735617e-08],
        "mean": [1.19778842418e-05, 0.000255571590969, 0.00060145673342, 0.00323004671372, 0.00360167538747, 0.00176498130895, 0.000702346849721, 0.000558223284315, 0.000295302073937, 0.000177280162461, 0.000161558404216, 9.32580369408e-05, 0.000151361906319, 6.47046545055e-05, 4.92950966873e-05, 4.24303980253e-05, 8.10568017187e-05, 4.19131138187e-05, 5.39817665413e-05, 1.58468374138e-05, 1.8367125449e-05, 1.61488333106e-05, 1.04936052594e-05, 1.41676919156e-05, 3.04025033984e-05, 3.2518099033e-05, 9.27156270336e-06, 4.53508755527e-06, 1.57880845109e-06, 9.50146898049e-07, 3.72992701614e-07, 6.51726921319e-08, 1.03418882347e-08, 3.08296255191e-09, 1.38313116516e-09, 6.88689882899e-10, 3.6560540706e-10, 1.91803906091e-10, 1.34881064651e-10, 1.00247352086e-10],
        "median": [5.78578283239e-06, 0.000118185475003, 0.000236803258304, 0.00107514520641, 0.00151129253209, 0.000844423891976, 0.000288849609205, 0.000145873767906, 6.1206308601e-05, 1.35109703479e-05, 1.08193198685e-05, 5.98747783442e-06, 8.62343858898e-06, 7.64542073739e-06, 6.2976200752e-06, 7.47576268623e-06, 1.46897737068e-05, 1.08855201688e-05, 1.3822414985e-05, 4.06549452237e-06, 4.33146715295e-06, 3.62094647244e-06, 1.62017124694e-06, 2.40940789809e-06, 4.77323919768e-06, 4.13743555328e-06, 1.42667306591e-06, 4.44805692723e-07, 1.13245292255e-07, 4.38567298033e-08, 1.40187523812e-08, 3.87136411817e-09, 1.58929813754e-09, 8.39546210329e-10, 5.46262923784e-10, 2.93722435263e-10, 1.76975323285e-10, 1.07358490153e-10, 6.70914018785e-11, 4.3284528739e-11],
        "min": [1.15811145396e-11, 1.22301448482e-11, 7.30018389489e-12, 1.44745966515e-12, 8.0445112377e-13, 2.07534076729e-12, 6.93746980435e-13, 4.49194229989e-13, 7.6882781825e-13, 2.98408173172e-12, 1.45257330469e-11, 2.01196212468e-11, 2.18145466968e-11, 2.0812527049e-11, 2.61695092679e-11, 2.18730398377e-11, 1.6398431224e-10, 3.53037217515e-11, 7.71638308805e-11, 7.67486491027e-11, 1.72043889551e-11, 3.45132949997e-12, 1.73358133404e-11, 7.79225989289e-12, 2.92676334557e-11, 2.57068914766e-11, 1.01279149997e-11, 1.36947753485e-11, 5.97788572115e-12, 9.99972327165e-12, 2.80765211427e-12, 3.64001092722e-13, 2.04588321111e-12, 3.31388042007e-12, 7.51128499676e-12, 1.39575406354e-12, 1.06579285328e-12, 5.97403908027e-13, 1.15786004916e-12, 1.91608729751e-12],
        "var": [4.96071184131e-10, 3.53631293137e-07, 1.36467656375e-06, 4.62002681161e-05, 2.89152430923e-05, 5.33074990017e-06, 1.19063895454e-06, 1.32194008984e-06, 8.84717167082e-07, 3.69985798443e-07, 3.1126472777e-07, 1.47975129039e-07, 3.63002754966e-07, 5.66945139724e-08, 5.20285432515e-08, 1.32317339308e-08, 1.01825065713e-07, 8.4789117949e-09, 1.39891875861e-08, 9.38214173019e-10, 1.619108847e-09, 1.45081135994e-09, 9.26423660008e-10, 1.31268018677e-09, 8.49587955543e-09, 1.04738830942e-08, 5.98470772939e-10, 2.22181092968e-10, 3.69183468518e-11, 3.60186463988e-11, 6.55752318765e-12, 1.2323672085e-13, 6.94931749136e-15, 2.24626943683e-16, 2.22458347433e-17, 7.87965716791e-18, 3.6987265285e-18, 2.52554246957e-18, 2.69921214111e-18, 2.50081245759e-18]
    },
    "mfcc": {
        "dmean": [16.9847431183, 8.12233924866, 11.5891399384, 8.3192987442, 7.70882081985, 6.84271001816, 6.59102535248, 6.6571097374, 6.16397237778, 6.04871416092, 6.01293945312, 5.76003551483, 5.42997503281],
        "dmean2": [19.9943141937, 11.9083709717, 15.550116539, 11.545832634, 11.1079130173, 10.2558746338, 10.3081073761, 9.92043495178, 9.60469532013, 9.40439987183, 9.22824859619, 8.99183368683, 8.53518486023],
        "dvar": [616.431335449, 62.5320053101, 202.931655884, 55.2106781006, 42.9425315857, 35.9544677734, 29.7139053345, 33.86170578, 25.6737384796, 25.6532001495, 24.7998695374, 22.1016464233, 20.4362754822],
        "dvar2": [805.811767578, 104.37953949, 296.685119629, 97.9040374756, 87.8232192993, 76.5383224487, 72.3591308594, 70.5100708008, 59.2333297729, 62.223815918, 56.3783454895, 51.8907470703, 49.4563293457],
        "max": [-608.306884766, 288.064178467, 111.458679199, 147.817596436, 64.5726165771, 44.8765563965, 48.0053482056, 24.7529087067, 20.1011009216, 33.4495239258, 19.4089851379, 20.7759647369, 29.828868866],
        "mean": [-752.026428223, 219.541213989, -49.6006011963, 41.0370597839, 5.74651050568, -25.6301116943, -5.75519609451, -33.0660324097, -24.4310321808, -7.19045877457, -11.195690155, -14.391866684, -7.4318652153],
        "median": [-740.73248291, 221.516479492, -58.5630912781, 40.466342926, 8.88641357422, -25.4167137146, -5.18264389038, -35.1225585938, -24.5353240967, -6.44065856934, -9.87062644958, -14.2042388916, -7.12607192993],
        "min": [-1138.42004395, 1.14440917969e-05, -135.931854248, -44.7471885681, -72.4410858154, -85.8776245117, -44.8123397827, -75.4843292236, -62.8995132446, -66.881477356, -67.6100234985, -56.6961631775, -43.4659614563],
        "var": [5097.43847656, 724.543334961, 2092.98730469, 715.949279785, 536.633666992, 351.942626953, 147.543075562, 270.146728516, 138.419998169, 202.589279175, 152.437530518, 111.609848022, 114.668273926],
        "cov": [[5099.40820312, -32.4478797913, -2961.80834961, 942.671875, -886.680053711, -634.079467773, 222.414505005, -281.536956787, -0.848442792892, -185.524047852, -59.3806343079, -6.4651556015, -136.644073486], [-32.4478797913, 724.823303223, 335.674468994, -415.602783203, 79.5854492188, -106.187973022, -46.5105285645, 140.699066162, -39.4037704468, -32.3021125793, -28.9780025482, -25.2017936707, -24.8119373322], [-2961.80834961, 335.674468994, 2093.79589844, -604.007202148, 456.816162109, 377.73638916, -169.524505615, 200.517944336, 2.20763039589, 58.3461761475, 22.4140014648, -6.88802814484, 44.4033203125], [942.671875, -415.602783203, -604.007202148, 716.225952148, -59.8009757996, -60.7733535767, 53.6120491028, -240.457733154, -7.67476844788, 8.56700229645, -33.4322967529, 0.0788667351007, -10.9211502075], [-886.680053711, 79.5854492188, 456.816162109, -59.8009757996, 536.841064453, 197.779785156, -81.6672515869, -34.0460968018, -61.5387077332, 127.68913269, 19.7881832123, -21.601984024, 63.7885856628], [-634.079467773, -106.187973022, 377.73638916, -60.7733535767, 197.779785156, 352.078613281, -1.24739146233, -51.8005638123, 19.5238895416, 69.8466720581, 67.5863189697, 23.3167457581, 38.8504104614], [222.414505005, -46.5105285645, -169.524505615, 53.6120491028, -81.6672515869, -1.24739146233, 147.600082397, 25.9237804413, -11.9698791504, 1.18451178074, 0.879095137119, 16.5090408325, 4.41486978531], [-281.536956787, 140.699066162, 200.517944336, -240.457733154, -34.0460968018, -51.8005638123, 25.9237804413, 270.251098633, 57.5301437378, -81.4039459229, 0.191385880113, 3.03696680069, -12.4010896683], [-0.848442792892, -39.4037704468, 2.20763039589, -7.67476844788, -61.5387077332, 19.5238895416, -11.9698791504, 57.5301437378, 138.473480225, -10.9204854965, -20.4154205322, 16.3752269745, -7.90371656418], [-185.524047852, -32.3021125793, 58.3461761475, 8.56700229645, 127.68913269, 69.8466720581, 1.18451178074, -81.4039459229, -10.9204854965, 202.667556763, 70.4334411621, -29.399389267, 44.6512527466], [-59.3806343079, -28.9780025482, 22.4140014648, -33.4322967529, 19.7881832123, 67.5863189697, 0.879095137119, 0.191385880113, -20.4154205322, 70.4334411621, 152.496429443, 34.8810997009, -0.178311020136], [-6.4651556015, -25.2017936707, -6.88802814484, 0.0788667351007, -21.601984024, 23.3167457581, 16.5090408325, 3.03696680069, 16.3752269745, -29.399389267, 34.8810997009, 111.65297699, 31.5217475891], [-136.644073486, -24.8119373322, 44.4033203125, -10.9211502075, 63.7885856628, 38.8504104614, 4.41486978531, -12.4010896683, -7.90371656418, 44.6512527466, -0.178311020136, 31.5217475891, 114.71257782]],
        "icov": [[0.0292602758855, -0.0397284068167, 0.0400267355144, -0.0371622778475, 0.0357901453972, -0.0324763096869, 0.0290967524052, -0.0249315835536, 0.0208388771862, -0.0153308901936, 0.010709989816, -0.00615685805678, 0.00362332025543], [-0.0397284068167, 0.0567129217088, -0.0546045154333, 0.0524459183216, -0.0498091503978, 0.0462668500841, -0.0406773649156, 0.0352429151535, -0.0289432127029, 0.0219705086201, -0.0150780361146, 0.00887172296643, -0.00453139422461], [0.0400267355144, -0.0546045154333, 0.0559173114598, -0.0508675575256, 0.0492849871516, -0.0463676936924, 0.0418644286692, -0.0362179018557, 0.0302285347134, -0.0226666424423, 0.0165395177901, -0.00970013067126, 0.00574887637049], [-0.0371622778475, 0.0524459183216, -0.0508675575256, 0.0519014671445, -0.0479240119457, 0.0448083430529, -0.0410599000752, 0.037665143609, -0.0305116083473, 0.0236550886184, -0.0164685305208, 0.0102806342766, -0.00532676931471], [0.0357901453972, -0.0498091503978, 0.0492849871516, -0.0479240119457, 0.0497379787266, -0.0450717099011, 0.0417669042945, -0.0366477780044, 0.0323004201055, -0.0258037690073, 0.0188726335764, -0.0112621113658, 0.00565020460635], [-0.0324763096869, 0.0462668500841, -0.0463676936924, 0.0448083430529, -0.0450717099011, 0.0473587289453, -0.0411509647965, 0.0380050316453, -0.0328928232193, 0.0258158873767, -0.021370574832, 0.0125381462276, -0.00754123693332], [0.0290967524052, -0.0406773649156, 0.0418644286692, -0.0410599000752, 0.0417669042945, -0.0411509647965, 0.046790715307, -0.0380395054817, 0.0331236422062, -0.0274771153927, 0.0216352902353, -0.0151237128302, 0.00771248200908], [-0.0249315835536, 0.0352429151535, -0.0362179018557, 0.037665143609, -0.0366477780044, 0.0380050316453, -0.0380395054817, 0.0411556065083, -0.0329121761024, 0.028656706214, -0.0225806999952, 0.0156409274787, -0.00880457740277], [0.0208388771862, -0.0289432127029, 0.0302285347134, -0.0305116083473, 0.0323004201055, -0.0328928232193, 0.0331236422062, -0.0329121761024, 0.0360387526453, -0.0252214092761, 0.0217641461641, -0.0155664784834, 0.00891438312829], [-0.0153308901936, 0.0219705086201, -0.0226666424423, 0.0236550886184, -0.0258037690073, 0.0258158873767, -0.0274771153927, 0.028656706214, -0.0252214092761, 0.0305228568614, -0.0227524582297, 0.0175628792495, -0.011202916503], [0.010709989816, -0.0150780361146, 0.0165395177901, -0.0164685305208, 0.0188726335764, -0.021370574832, 0.0216352902353, -0.0225806999952, 0.0217641461641, -0.0227524582297, 0.0259057674557, -0.0162832345814, 0.00986613612622], [-0.00615685805678, 0.00887172296643, -0.00970013067126, 0.0102806342766, -0.0112621113658, 0.0125381462276, -0.0151237128302, 0.0156409274787, -0.0155664784834, 0.0175628792495, -0.0162832345814, 0.0219270847738, -0.0103518245742], [0.00362332025543, -0.00453139422461, 0.00574887637049, -0.00532676931471, 0.00565020460635, -0.00754123693332, 0.00771248200908, -0.00880457740277, 0.00891438312829, -0.011202916503, 0.00986613612622, -0.0103518245742, 0.0153191778809]]
    }
}

}