{
"metadata": {
    "version": {
        "essentia": "2.0.1",
        "extractor": "archive-music 1.0 mod ismir14"
    },
    "audio_properties": {
        "analysis_sample_rate": 44100,
        "bitrate": 32,
        "channels": 2,
        "equal_loudness": 0,
        "length": 30.0408172607,
        "replay_gain": -14.3957881927,
        "downmix": "mix"
    },
    "tags": {
        "track": 0,
        "year": 0,
        "album": "",
        "artist": "",
        "comment": "",
        "genre": "",
        "title": ""
    }
},
"rhythm": {
    "bpm": 109.315917969,
    "bpm_histogram_first_peak": 110,
    "bpm_histogram_first_peak_spread": 0.433962225914,
    "bpm_histogram_first_peak_weight": 0.566037714481,
    "bpm_histogram_second_peak": 0,
    "bpm_histogram_second_peak_spread": 0,
    "bpm_histogram_second_peak_weight": 0
},
"tonal": {
    "tuning_frequency": {
        "dmean": 0.0353110544384,
        "dmean2": 0.0636556223035,
        "dvar": 0.448264509439,
        "dvar2": 0.819133579731,
        "max": 455.779724121,
        "mean": 434.978210449,
        "median": 434.193115234,
        "min": 434.193115234,
        "var": 7.15582752228
    },
    "hpcp": {
        "dmean": [0.157581731677, 0.203957349062, 0.243056029081, 0.284466058016, 0.216125890613, 0.156444817781, 0.123181551695, 0.138645246625, 0.202423542738, 0.115291826427, 0.120885245502, 0.127280384302],
        "dmean2": [0.299244940281, 0.393910676241, 0.46531522274, 0.543555498123, 0.414563179016, 0.290326237679, 0.230698660016, 0.259394437075, 0.37429818511, 0.218628868461, 0.229500189424, 0.243113547564],
        "dvar": [0.0875732451677, 0.125020325184, 0.14108364284, 0.14929792285, 0.128695905209, 0.0844547748566, 0.0725634992123, 0.0786446332932, 0.0959237143397, 0.0720391646028, 0.0712216794491, 0.0750569775701],
        "dvar2": [0.236079573631, 0.343567579985, 0.371833145618, 0.392387956381, 0.334413945675, 0.2287402004, 0.201791480184, 0.217670530081, 0.247798278928, 0.210455656052, 0.204407140613, 0.209079802036],
        "max": [1, 1, 1, 1, 1, 1, 1, 1, 1, 1, 1, 1],
        "mean": [0.11679919064, 0.135014802217, 0.180639192462, 0.2467944175, 0.144290998578, 0.12729409337, 0.0920973718166, 0.122020110488, 0.226461663842, 0.075834646821, 0.0959118455648, 0.0833824425936],
        "median": [0.00800900999457, 0.00355793978088, 0.00580342719331, 0.02140317671, 0.00297259679064, 0.0095761725679, 0.00227885390632, 0.00511208735406, 0.0250817481428, 0.00201272848062, 0.00444599799812, 0.00322407856584],
        "min": [0, 0, 0, 0, 4.32386304539e-09, 6.35283015527e-07, 0, 0, 0, 0, 0, 0],
        "var": [0.0685709416866, 0.0913127139211, 0.119624145329, 0.146601483226, 0.0983573421836, 0.0729165077209, 0.0584903731942, 0.0759046152234, 0.126819580793, 0.0488569699228, 0.0583349578083, 0.0508302561939]
    }
},
"lowlevel": {
    "melbands": {
        "dmean": [0.00177017762326, 0.00527775287628, 0.00512016937137, 0.00214816234075, 0.000917417812161, 0.000584582972806, 0.00034863781184, 0.000333915028023, 0.000409791711718, 0.000323659769492, 7.21957258065e-05, 8.67447524797e-05, 5.38527092431e-05, 4.96591383126e-05, 5.62576715311e-05, 5.77974169573e-05, 6.27701883786e-05, 4.94584965054e-05, 2.64696464001e-05, 5.17915832461e-05, 2.50905723078e-05, 1.74042670551e-05, 1.99833611987e-05, 1.17270765259e-05, 6.81536175762e-06, 4.73842874271e-06, 2.68408939519e-06, 1.91660456039e-06, 2.02741557587e-06, 1.46301704262e-06, 1.1932805819e-06, 1.07779521841e-06, 1.03773504634e-06, 7.44045166812e-07, 6.2387800881e-07, 5.1143069868e-07, 4.24568895596e-07, 2.73764214853e-07, 2.30909364518e-07, 1.90330098349e-07],
        "dmean2": [0.00287985615432, 0.00895777810365, 0.00858093891293, 0.00354906939901, 0.00152999546845, 0.00101254950278, 0.000592827156652, 0.000510990212206, 0.000604838365689, 0.000470852100989, 0.000106038380181, 0.000128527273773, 7.89031473687e-05, 7.32822809368e-05, 8.17180625745e-05, 8.58570856508e-05, 0.000100107936305, 7.55692381063e-05, 3.91430367017e-05, 7.92546197772e-05, 3.95841270802e-05, 2.71832723229e-05, 3.16514706356e-05, 1.85550725291e-05, 1.10379178295e-05, 7.52140067561e-06, 4.37909147877e-06, 3.12878887598e-06, 3.32515719492e-06, 2.35411221183e-06, 1.96911491912e-06, 1.73736691522e-06, 1.63106244599e-06, 1.1306029819e-06, 9.83143650046e-07, 8.06015862054e-07, 6.60470163893e-07, 4.13798829868e-07, 3.27913511455e-07, 2.83900192244e-07],
        "dvar": [1.94424301299e-05, 4.08295891248e-05, 2.77321032627e-05, 8.03606326372e-06, 1.67482642155e-06, 9.22156687011e-07, 2.97345366107e-07, 4.10163039533e-07, 6.92962942139e-07, 6.79688525906e-07, 2.43782078968e-08, 6.07506294159e-08, 1.95646006063e-08, 2.43636932851e-08, 2.5665512382e-08, 2.80940266606e-08, 3.64515315709e-08, 1.58431223696e-08, 4.23766000068e-09, 4.87034164109e-08, 3.28329941013e-09, 1.52072632265e-09, 2.64810440243e-09, 7.86463061342e-10, 2.10484213392e-10, 1.55678789304e-10, 4.11459651073e-11, 2.72420523639e-11, 2.25566613998e-11, 1.61468043797e-11, 1.10916926685e-11, 7.65013052906e-12, 8.07555931848e-12, 5.97882594128e-12, 4.24188678974e-12, 5.31605662268e-12, 7.26542914373e-12, 1.67547139357e-12, 1.15555308378e-12, 9.47536970761e-13],
        "dvar2": [4.11498367612e-05, 0.000121509088785, 8.06229290902e-05, 2.0981513444e-05, 4.48248056273e-06, 2.77637195722e-06, 8.13451833892e-07, 8.95470691376e-07, 1.33606010877e-06, 1.35400546242e-06, 4.65668144045e-08, 1.18689506223e-07, 3.58638168052e-08, 5.27471364364e-08, 4.4901288021e-08, 6.73962503583e-08, 9.72908082986e-08, 3.54395304214e-08, 8.61955129494e-09, 1.19378327668e-07, 7.92316967591e-09, 3.66593022605e-09, 7.14924919265e-09, 2.14885287342e-09, 5.41677702692e-10, 3.98602845175e-10, 1.03363526072e-10, 7.15686537811e-11, 5.8115182805e-11, 4.07882616571e-11, 2.81957495546e-11, 1.70578273728e-11, 1.88944467711e-11, 1.44367824986e-11, 8.53887446861e-12, 1.17128147459e-11, 1.7329774768e-11, 3.30814542426e-12, 2.15838935266e-12, 1.81269615204e-12],
        "max": [0.0708856284618, 0.0604957416654, 0.0514011383057, 0.0371320359409, 0.0126759074628, 0.0125328917056, 0.0082685360685, 0.0125187700614, 0.019492097199, 0.0190574340522, 0.00661673629656, 0.00939788017422, 0.00476786214858, 0.00443510478362, 0.00390680739656, 0.00349641405046, 0.00356737314723, 0.00265848310664, 0.00119296158664, 0.00603726971895, 0.00121578690596, 0.000976750976406, 0.001131563331, 0.000520737492479, 0.000264814298134, 0.000269123876933, 0.000123848047224, 0.00012399769912, 6.76462732372e-05, 0.000100803656096, 8.82720050868e-05, 5.72871795157e-05, 5.39213033335e-05, 7.50301478547e-05, 7.6548596553e-05, 9.82863275567e-05, 0.000110273394966, 5.9809328377e-05, 5.84292029089e-05, 4.96047214256e-05],
        "mean": [0.00232712645084, 0.00911358930171, 0.00805067177862, 0.00313050416298, 0.00134346319828, 0.00101681926753, 0.000615000200924, 0.000700537289958, 0.000914277508855, 0.000721115618944, 0.000168670972926, 0.000154984169058, 0.000107900603325, 0.000103401638626, 0.000102809884993, 0.000107503386971, 0.000100811957964, 9.55673895078e-05, 5.44550457562e-05, 0.000105335428088, 4.69535916636e-05, 3.19411847158e-05, 4.20428623329e-05, 2.50355187745e-05, 1.25972583191e-05, 8.10125129647e-06, 4.68151392852e-06, 3.25425799019e-06, 3.47691843672e-06, 2.55767827184e-06, 2.0834913812e-06, 2.08692586057e-06, 1.94062363335e-06, 1.49884601797e-06, 1.27953137508e-06, 1.00196484709e-06, 8.04530429832e-07, 5.51939876914e-07, 4.33765421803e-07, 3.66127608231e-07],
        "median": [0.00107677665073, 0.00746320839971, 0.00635646330193, 0.00215267483145, 0.000772133818828, 0.000355248484993, 0.000282486726064, 0.000221553476877, 0.000223337978241, 0.000138459188747, 4.99936104461e-05, 3.84652266803e-05, 2.76917598967e-05, 2.0345505618e-05, 2.22689814109e-05, 2.0689685698e-05, 1.94286167243e-05, 1.98030375032e-05, 1.30514345074e-05, 1.21905140986e-05, 1.17646159197e-05, 1.12596517283e-05, 8.3905961219e-06, 5.20183493791e-06, 3.69910981135e-06, 2.59995363194e-06, 1.47751097757e-06, 8.96964365893e-07, 8.97453844573e-07, 4.97811072364e-07, 3.83497109624e-07, 3.67344057395e-07, 3.34028840143e-07, 2.82461428469e-07, 2.21615522378e-07, 1.97122972168e-07, 1.44319315609e-07, 9.65650173157e-08, 7.39801890859e-08, 5.55625625509e-08],
        "min": [4.61244764605e-10, 3.7257519292e-10, 2.42731501565e-10, 7.98974914007e-11, 7.31020192296e-12, 1.3413241004e-11, 1.3444855472e-11, 7.55396786789e-12, 1.25543603291e-11, 3.88391489109e-12, 1.56114426941e-11, 1.24243199062e-10, 2.96103197517e-10, 1.69788294535e-10, 5.17839798819e-11, 8.10680272911e-11, 6.36568575629e-12, 2.71014721082e-12, 6.27255677954e-11, 2.91070417768e-10, 2.18847731603e-10, 2.02070998823e-10, 4.45323812548e-11, 3.20156678946e-11, 9.09558262041e-11, 5.12325182278e-11, 3.84727805169e-11, 8.09774677868e-11, 2.29185524725e-11, 7.81135364725e-11, 4.76666067728e-11, 1.10412130827e-11, 7.71781596964e-12, 2.64023317098e-11, 2.60269149982e-12, 1.79093697338e-12, 2.92444806435e-13, 2.43543439539e-13, 1.73895064472e-13, 6.71459144796e-14],
        "var": [2.93793837045e-05, 6.0198319261e-05, 4.30768341175e-05, 1.13057740236e-05, 2.52913218901e-06, 2.31621697822e-06, 7.40330733606e-07, 1.71275905814e-06, 3.08893754664e-06, 3.33645175488e-06, 1.63591920455e-07, 2.18537024921e-07, 8.77876544791e-08, 6.76303955061e-08, 8.50928287832e-08, 7.26405602336e-08, 6.43619344487e-08, 6.15969568685e-08, 1.49404719707e-08, 1.84223182487e-07, 1.10160716105e-08, 3.0491940084e-09, 1.00683026361e-08, 3.06255465432e-09, 4.80302908556e-10, 2.51421550246e-10, 7.81942982586e-11, 4.59692423016e-11, 4.84210900542e-11, 3.26589796873e-11, 2.23609342848e-11, 2.34027797141e-11, 2.27753475801e-11, 1.76153570897e-11, 1.79647841742e-11, 1.79181548071e-11, 1.90336704731e-11, 6.81391054691e-12, 3.81037952926e-12, 3.15882910107e-12]
    },
    "mfcc": {
        "dmean": [13.7068424225, 9.9102230072, 8.7178106308, 8.11063957214, 7.30418491364, 7.22651100159, 6.93505239487, 7.06324481964, 6.8100271225, 6.65561532974, 6.49836063385, 6.3916015625, 6.07795190811],
        "dmean2": [17.7223949432, 14.1596698761, 13.1028642654, 12.8518238068, 11.6550788879, 11.561006546, 11.2798948288, 11.4444599152, 11.0436115265, 10.7767763138, 10.6563596725, 10.5479536057, 9.94084644318],
        "dvar": [434.033660889, 121.858505249, 57.8128852844, 48.9875793457, 36.1041030884, 33.2304573059, 29.9949035645, 30.9012508392, 27.9662055969, 28.1527309418, 27.476184845, 24.4434051514, 22.2688903809],
        "dvar2": [562.522583008, 193.404953003, 117.56375885, 114.98589325, 86.6573410034, 80.8292312622, 78.4264144897, 80.8937454224, 74.8708953857, 73.3278656006, 72.8156661987, 63.1259651184, 60.62940979],
        "max": [-497.155975342, 270.0496521, 137.58480835, 100.162872314, 73.9342880249, 46.7635574341, 37.7367553711, 52.4535446167, 30.2892227173, 42.7914276123, 46.0757904053, 37.1626052856, 27.3094329834],
        "mean": [-644.434875488, 172.469421387, 6.50570631027, 32.6363220215, 15.7199211121, 5.32441520691, -5.81820249557, 4.73764038086, -1.54062354565, 1.77177894115, 0.42746591568, -1.73498833179, -6.41765928268],
        "median": [-628.895202637, 171.958053589, 6.58615493774, 32.2765007019, 16.1878185272, 5.89093208313, -4.92860603333, 4.59617996216, -1.19429588318, 0.872222900391, -0.243288040161, -2.31229400635, -6.31824874878],
        "min": [-1137.6517334, 0.239391326904, -106.22114563, -58.8209495544, -41.7017440796, -53.1417503357, -57.1276512146, -37.4732666016, -40.9069366455, -37.2886123657, -32.9213256836, -32.6897964478, -40.7560005188],
        "var": [6045.61425781, 1658.47717285, 1241.52954102, 502.944274902, 311.604217529, 215.627624512, 216.237960815, 142.047103882, 101.409980774, 160.769226074, 115.611495972, 91.3676071167, 88.0363922119],
        "cov": [[6047.95019531, -1812.9810791, -632.874145508, -233.575149536, -329.391967773, -58.3654899597, -230.049438477, 41.8959274292, -5.42386293411, 66.7367248535, 47.517539978, -31.7357902527, -40.0128479004], [-1812.9810791, 1659.11804199, -476.080810547, -210.536712646, 21.1959533691, -109.915596008, 91.7917556763, -27.1619586945, -41.5244064331, 38.6696166992, 54.1467247009, 22.7205715179, -11.6155653], [-632.874145508, -476.080810547, 1242.00927734, 256.746368408, 16.2495441437, 223.380477905, 127.75579834, 46.6509170532, 14.4957876205, -81.4974899292, -57.5432701111, -16.3602256775, 14.9034938812], [-233.575149536, -210.536712646, 256.746368408, 503.13861084, 137.431121826, 16.8749885559, -98.7614746094, 5.31307792664, 42.053565979, -84.0350570679, -70.5925140381, -4.71530342102, 18.262260437], [-329.391967773, 21.1959533691, 16.2495441437, 137.431121826, 311.724609375, -18.5224971771, -37.5300865173, 14.8372631073, 20.5858421326, 7.12312459946, -13.3184337616, 16.2621860504, 0.612767934799], [-58.3654899597, -109.915596008, 223.380477905, 16.8749885559, -18.5224971771, 215.710952759, 79.8293533325, -8.55038356781, 2.09033346176, -12.2239322662, -0.158034369349, -8.7961730957, -9.06523227692], [-230.049438477, 91.7917556763, 127.75579834, -98.7614746094, -37.5300865173, 79.8293533325, 216.321502686, 33.1054153442, -26.9834842682, 28.9539222717, 28.197883606, 3.85186505318, -11.1962442398], [41.8959274292, -27.1619586945, 46.6509170532, 5.31307792664, 14.8372631073, -8.55038356781, 33.1054153442, 142.101989746, 14.3888664246, -1.08246660233, 6.530564785, 16.5601291656, -6.89585351944], [-5.42386293411, -41.5244064331, 14.4957876205, 42.053565979, 20.5858421326, 2.09033346176, -26.9834842682, 14.3888664246, 101.449165344, 23.1367435455, -12.3598203659, -2.54024958611, -2.84500050545], [66.7367248535, 38.6696166992, -81.4974899292, -84.0350570679, 7.12312459946, -12.2239322662, 28.9539222717, -1.08246660233, 23.1367435455, 160.831344604, 65.064453125, -10.6269044876, -29.603509903], [47.517539978, 54.1467247009, -57.5432701111, -70.5925140381, -13.3184337616, -0.158034369349, 28.197883606, 6.530564785, -12.3598203659, 65.064453125, 115.656166077, 20.1350002289, -16.5593338013], [-31.7357902527, 22.7205715179, -16.3602256775, -4.71530342102, 16.2621860504, -8.7961730957, 3.85186505318, 16.5601291656, -2.54024958611, -10.6269044876, 20.1350002289, 91.4029083252, 26.0654983521], [-40.0128479004, -11.6155653, 14.9034938812, 18.262260437, 0.612767934799, -9.06523227692, -11.1962442398, -6.89585351944, -2.84500050545, -29.603509903, -16.5593338013, 26.0654983521, 88.0704116821]],
        "icov": [[0.000404133170377, 0.000552240759134, 0.000371423986508, 0.000145530226291, 0.00032282830216, -6.0098573158e-05, 0.000202063354664, -0.000235859362874, 0.000163406482898, -5.61197812203e-05, -8.84763358044e-05, 3.04714485537e-05, 0.000122962301248], [0.000552240759134, 0.00151473621372, 0.000781699200161, 0.000305591209326, 0.00025008583907, 0.000260693923337, -0.000369804358343, -5.99121121923e-05, 0.000201590082725, 0.000162243493833, -0.000272185221547, -6.11561199548e-06, 0.000240098233917], [0.000371423986508, 0.000781699200161, 0.00166853994597, -0.000505333358888, 0.00033512947266, -0.000886624620762, -0.000739423267078, -0.000444422126748, 8.20145069156e-05, 0.000246228999458, 6.46498156129e-05, 0.000217713211896, -9.49791719904e-05], [0.000145530226291, 0.000305591209326, -0.000505333358888, 0.00332577014342, -0.00110910518561, -7.84685616964e-05, 0.00140060763806, -0.000114750590001, -0.000762533338275, 0.00111953937449, 0.000365006446373, 0.000229084893363, 2.35301777138e-05], [0.00032282830216, 0.00025008583907, 0.00033512947266, -0.00110910518561, 0.00417175004259, 2.48940814345e-05, 0.000479263282614, -0.000586827751249, 0.000191584796994, -0.00109932443593, 0.000486772420118, -0.000929001427721, 0.000344584172126], [-6.0098573158e-05, 0.000260693923337, -0.000886624620762, -7.84685616964e-05, 2.48940814345e-05, 0.0068063782528, -0.00257932092063, 0.00152606645133, -0.0010774359107, 0.00104881427251, -0.00066806061659, 0.000250109791523, 0.000783493334893], [0.000202063354664, -0.000369804358343, -0.000739423267078, 0.00140060763806, 0.000479263282614, -0.00257932092063, 0.00792739819735, -0.00217916397378, 0.00212458544411, -0.00162108510267, 2.49744080065e-05, -0.000325925881043, 7.09553496563e-05], [-0.000235859362874, -5.99121121923e-05, -0.000444422126748, -0.000114750590001, -0.000586827751249, 0.00152606645133, -0.00217916397378, 0.00835730880499, -0.00190537830349, 0.00101924268529, -0.000531402067281, -0.00146521429997, 0.00113722681999], [0.000163406482898, 0.000201590082725, 8.20145069156e-05, -0.000762533338275, 0.000191584796994, -0.0010774359107, 0.00212458544411, -0.00190537830349, 0.0122352447361, -0.00379075040109, 0.00256811641157, -0.000574431091081, 2.76560222119e-05], [-5.61197812203e-05, 0.000162243493833, 0.000246228999458, 0.00111953937449, -0.00109932443593, 0.00104881427251, -0.00162108510267, 0.00101924268529, -0.00379075040109, 0.0105301262811, -0.00552863208577, 0.00214426452294, 0.00145436055027], [-8.84763358044e-05, -0.000272185221547, 6.46498156129e-05, 0.000365006446373, 0.000486772420118, -0.00066806061659, 2.49744080065e-05, -0.000531402067281, 0.00256811641157, -0.00552863208577, 0.013464031741, -0.00400109635666, 0.00166701804847], [3.04714485537e-05, -6.11561199548e-06, 0.000217713211896, 0.000229084893363, -0.000929001427721, 0.000250109791523, -0.000325925881043, -0.00146521429997, -0.000574431091081, 0.00214426452294, -0.00400109635666, 0.0138234058395, -0.00433655874804], [0.000122962301248, 0.000240098233917, -9.49791719904e-05, 2.35301777138e-05, 0.000344584172126, 0.000783493334893, 7.09553496563e-05, 0.00113722681999, 2.76560222119e-05, 0.00145436055027, 0.00166701804847, -0.00433655874804, 0.0137162394822]]
    }
}

}