{
"metadata": {
    "version": {
        "essentia": "2.0.1",
        "extractor": "archive-music 1.0 mod ismir14"
    },
    "audio_properties": {
        "analysis_sample_rate": 44100,
        "bitrate": 160,
        "channels": 2,
        "equal_loudness": 0,
        "length": 30.0669155121,
        "replay_gain": -8.42432594299,
        "downmix": "mix"
    },
    "tags": {
        "track": 7,
        "year": 0,
        "album": "The Cool Jazz Collection",
        "artist": "Astrud Gilberto",
        "comment": "",
        "genre": "Jazz",
        "title": "Girl From Ipanema"
    }
},
"rhythm": {
    "bpm": 130.002792358,
    "bpm_histogram_first_peak": 129,
    "bpm_histogram_first_peak_spread": 0.490909099579,
    "bpm_histogram_first_peak_weight": 0.444444447756,
    "bpm_histogram_second_peak": 136,
    "bpm_histogram_second_peak_spread": 0.199999988079,
    "bpm_histogram_second_peak_weight": 0.0634920671582
},
"tonal": {
    "tuning_frequency": {
        "dmean": 0.209969609976,
        "dmean2": 0.324762761593,
        "dvar": 3.54668974876,
        "dvar2": 9.15466022491,
        "max": 454.727905273,
        "mean": 436.584106445,
        "median": 436.456176758,
        "min": 436.456176758,
        "var": 2.07112383842
    },
    "hpcp": {
        "dmean": [0.0581486709416, 0.24001441896, 0.0785296782851, 0.254865735769, 0.152366235852, 0.0715783163905, 0.215260863304, 0.0464661717415, 0.196022778749, 0.122446358204, 0.174006566405, 0.185743242502],
        "dmean2": [0.110909812152, 0.418531775475, 0.141575142741, 0.471241593361, 0.270475059748, 0.131779760122, 0.361854195595, 0.0868919938803, 0.357355237007, 0.228523015976, 0.31730261445, 0.326447308064],
        "dvar": [0.022444518283, 0.0976397693157, 0.0320727340877, 0.113813668489, 0.06079473719, 0.0258834604174, 0.0829837620258, 0.0138104315847, 0.0747519135475, 0.055130764842, 0.0793686434627, 0.0764950290322],
        "dvar2": [0.0629595667124, 0.216237962246, 0.0869032666087, 0.242582187057, 0.126912906766, 0.0631653741002, 0.182785302401, 0.0276390388608, 0.191656246781, 0.156994730234, 0.219091519713, 0.176232725382],
        "max": [1, 1, 1, 1, 1, 1, 1, 1, 1, 1, 1, 1],
        "mean": [0.0414883457124, 0.313389629126, 0.0486631989479, 0.323935121298, 0.152221336961, 0.0746450573206, 0.278410047293, 0.0564869195223, 0.20247502625, 0.085879765451, 0.133285820484, 0.174579024315],
        "median": [0.00520206103101, 0.0996266081929, 0.0065944720991, 0.0659436434507, 0.0306046158075, 0.00938096828759, 0.0867313742638, 0.00728894909844, 0.038175765425, 0.00974982883781, 0.0309517439455, 0.0228994172066],
        "min": [7.04187477822e-05, 5.12657861691e-05, 2.15946201934e-05, 0.00028804023168, 3.67560060113e-05, 0.000176737288712, 3.01205564028e-05, 0.000100160803413, 8.60239379108e-06, 7.8052697063e-05, 6.97943614796e-05, 0.000420255790232],
        "var": [0.0162019692361, 0.146626845002, 0.0188591871411, 0.167291879654, 0.0709496736526, 0.0387031584978, 0.132956206799, 0.0304601434618, 0.10078895092, 0.0416025668383, 0.0686339586973, 0.0888343974948]
    }
},
"lowlevel": {
    "melbands": {
        "dmean": [0.000129547450342, 0.000321545259794, 0.000323736923747, 0.000158852664754, 0.000106438099465, 3.42970379279e-05, 1.92901788978e-05, 2.59359767369e-05, 1.01678815554e-05, 7.9479177657e-06, 7.49243918108e-06, 8.28110933071e-06, 1.38290624818e-06, 1.02608294128e-06, 1.6583520619e-06, 1.16510955195e-06, 9.03827356069e-07, 2.78720847291e-07, 3.37133997164e-07, 2.87493605811e-07, 1.13511127608e-07, 1.7680237363e-07, 2.19668308432e-07, 1.89491714764e-07, 6.79312250895e-08, 5.08990893877e-08, 7.72781234559e-08, 1.23845353528e-07, 9.84137358273e-08, 1.40304734941e-07, 2.63132164946e-07, 4.59581002588e-07, 4.44328662752e-07, 2.38220437154e-07, 1.18506072511e-07, 6.27456486768e-08, 3.55525493489e-08, 1.2466821353e-08, 3.69567842995e-09, 3.51965290246e-10],
        "dmean2": [0.000211615508306, 0.000513331964612, 0.000516771746334, 0.000250346609391, 0.000169118618942, 5.72976896365e-05, 3.45824373653e-05, 4.85053060402e-05, 1.85232584045e-05, 1.48241842908e-05, 1.37450742841e-05, 1.4660045963e-05, 2.51252004091e-06, 1.91470280697e-06, 3.07395316668e-06, 2.19992534767e-06, 1.73804801307e-06, 5.15407123203e-07, 6.34457421711e-07, 5.26514781996e-07, 1.99071891416e-07, 3.28738508415e-07, 3.96062546315e-07, 3.53939128672e-07, 1.15958634694e-07, 8.9160778316e-08, 1.43281951637e-07, 2.35339555843e-07, 1.78834682174e-07, 2.6808939424e-07, 5.09958226758e-07, 8.84771907295e-07, 8.41911457883e-07, 4.58408692339e-07, 2.21516827992e-07, 1.19286511335e-07, 6.71598598956e-08, 2.36085817562e-08, 7.04229163873e-09, 6.60065280211e-10],
        "dvar": [6.82736427393e-08, 1.10021147748e-07, 1.259665936e-07, 7.19146981965e-08, 1.74077925408e-08, 2.36951458454e-09, 1.92726656856e-09, 2.51125364947e-09, 4.63532323636e-10, 4.58619947574e-10, 2.06099540212e-10, 1.44593359508e-09, 8.27517828567e-12, 3.42688659567e-12, 2.47380310681e-11, 9.50181600068e-12, 9.92030155939e-12, 2.94126620845e-13, 1.0840317359e-12, 7.91939105439e-13, 4.13132052982e-14, 9.95505896684e-14, 1.42709330681e-13, 1.60293138355e-13, 1.6154509032e-14, 9.10078456551e-15, 3.84870222714e-14, 1.701085697e-13, 4.39624837998e-14, 1.39168773619e-13, 5.51387874161e-13, 1.71027178964e-12, 1.46780873046e-12, 4.39976126278e-13, 7.74783476308e-14, 1.56269853828e-14, 4.6287381717e-15, 6.6653080853e-16, 8.69638139034e-17, 8.12083687495e-19],
        "dvar2": [1.53787297563e-07, 2.56781618191e-07, 2.66504457613e-07, 1.65485033676e-07, 3.48272486406e-08, 4.87081486256e-09, 5.59415713752e-09, 7.77420083864e-09, 1.42414291471e-09, 1.47572809528e-09, 6.08067041163e-10, 3.99811650453e-09, 2.31123297584e-11, 9.82738630056e-12, 6.96412233436e-11, 2.79400790698e-11, 2.90431064615e-11, 8.23748404558e-13, 3.10616137845e-12, 2.17002544406e-12, 1.14929536699e-13, 2.76698369078e-13, 4.01101732123e-13, 4.46413278522e-13, 4.30921201771e-14, 2.40282816701e-14, 1.10179863822e-13, 4.98634174315e-13, 1.25362502497e-13, 4.12948131636e-13, 1.59926987018e-12, 4.90803188022e-12, 4.12174894909e-12, 1.03497885175e-12, 2.11093065228e-13, 4.32711456727e-14, 1.28622435849e-14, 1.85934722175e-15, 2.390405063e-16, 2.2276106245e-18],
        "max": [0.00181903527118, 0.00220252177678, 0.00278324726969, 0.00326434173621, 0.000934575917199, 0.000304462300846, 0.000297015212709, 0.00033161076135, 0.000138942006743, 0.000181545241503, 6.5875115979e-05, 0.000371498492314, 1.84382133739e-05, 1.11524268505e-05, 4.43385251856e-05, 2.12168251892e-05, 2.63064575847e-05, 3.71556257051e-06, 8.21267167339e-06, 5.57458906769e-06, 1.09332006559e-06, 2.254627816e-06, 2.58649924945e-06, 2.60482579506e-06, 9.51009269556e-07, 8.15029579826e-07, 1.41074974636e-06, 3.37733081324e-06, 1.20125787362e-06, 2.37167751038e-06, 4.88372052132e-06, 7.07753997631e-06, 6.34909793007e-06, 4.67305653729e-06, 1.54918495809e-06, 5.65846846712e-07, 3.17932432381e-07, 1.69917214521e-07, 6.4356768803e-08, 5.76688297116e-09],
        "mean": [0.000112444336992, 0.00038859480992, 0.00049621949438, 0.000186802630196, 0.000138871997478, 4.04267411795e-05, 1.64123812283e-05, 2.01102411665e-05, 7.86998225522e-06, 5.4062570598e-06, 5.0970884331e-06, 5.61673004995e-06, 1.09948143745e-06, 7.98504572685e-07, 1.20378763313e-06, 7.52520691094e-07, 5.55561257443e-07, 2.08085779718e-07, 2.14704982682e-07, 2.05461631708e-07, 1.00348387377e-07, 1.59134401656e-07, 1.88307609506e-07, 1.5294112643e-07, 6.25449558811e-08, 4.47949446425e-08, 6.10425274772e-08, 8.4763023267e-08, 7.04681397679e-08, 8.91319231755e-08, 1.5794567787e-07, 2.66437410801e-07, 2.70093664767e-07, 1.66472332808e-07, 7.83673002047e-08, 4.31234710163e-08, 2.48336995412e-08, 9.01639118922e-09, 2.80752776582e-09, 2.64170879616e-10],
        "median": [3.17076228384e-05, 0.000271221011644, 0.000248832831858, 0.000106547086034, 4.99275774928e-05, 1.85698736459e-05, 5.47855870536e-06, 5.75065951125e-06, 2.12941699829e-06, 9.74595764092e-07, 8.19353942916e-07, 6.86699934249e-07, 3.46598653778e-07, 3.88623533354e-07, 3.0464624956e-07, 1.19624530726e-07, 8.84010660229e-08, 6.49141753684e-08, 2.4915477681e-08, 2.57212100507e-08, 2.97153412987e-08, 5.7644275131e-08, 5.18795530979e-08, 3.20436406298e-08, 1.72445648872e-08, 1.42806770853e-08, 1.65139777408e-08, 1.84912938295e-08, 1.26152341906e-08, 1.41406113485e-08, 1.18239409375e-08, 8.34556690421e-09, 1.06306288217e-08, 9.00313423813e-09, 7.66893482052e-09, 5.93621241052e-09, 3.92980004094e-09, 1.58444957155e-09, 3.92456983578e-10, 3.237139376e-11],
        "min": [5.77785499445e-07, 2.59412558989e-06, 1.17258241517e-06, 1.43929173646e-06, 9.92033392322e-07, 2.01345272899e-07, 1.05223406877e-07, 5.29151300555e-08, 1.5345017701e-08, 2.11496349323e-08, 1.15962510705e-08, 1.25247332505e-08, 6.35126662374e-09, 9.97995641683e-09, 7.37916527882e-09, 3.37614514123e-09, 1.22014054416e-09, 7.71010588707e-10, 8.6587281789e-10, 1.50415702116e-09, 8.09638023291e-10, 5.68306068871e-10, 5.97783655909e-10, 5.77062952978e-10, 5.48251166688e-10, 5.00545160875e-10, 9.78082836944e-10, 1.0263904171e-09, 6.64599097977e-10, 1.64413282988e-09, 1.38473243982e-09, 1.01888131265e-09, 1.29301680474e-09, 9.7653385378e-10, 7.22400861353e-10, 6.47079723137e-10, 5.62424939954e-10, 1.89630700032e-10, 5.3572552644e-11, 3.97471161886e-12],
        "var": [6.65954686951e-08, 1.73110848323e-07, 3.84878603654e-07, 9.66313891126e-08, 3.80339066908e-08, 3.17416959383e-09, 1.39793387977e-09, 1.71307079633e-09, 3.14749559749e-10, 2.83829987291e-10, 1.3794834719e-10, 9.22961096439e-10, 5.81233498831e-12, 2.23997686719e-12, 1.61385384223e-11, 5.60470897124e-12, 5.39978305125e-12, 2.00164334435e-13, 6.37620381841e-13, 5.17900880601e-13, 3.11785678926e-14, 7.07698602411e-14, 1.06466376514e-13, 1.09336652687e-13, 1.50960126154e-14, 8.0336856823e-15, 2.42125672403e-14, 9.19310133118e-14, 2.69345279451e-14, 8.00934839285e-14, 3.20003897512e-13, 9.7564848995e-13, 9.03119864049e-13, 3.56852514118e-13, 5.08903154534e-14, 9.98773309337e-15, 3.06350831781e-15, 4.52283300703e-16, 5.9815858696e-17, 5.67407281217e-19]
    },
    "mfcc": {
        "dmean": [44.1585845947, 32.245677948, 20.6782970428, 16.6680374146, 12.4075088501, 15.3537340164, 11.0151634216, 8.9432926178, 7.80434751511, 10.7395210266, 7.63486862183, 7.24651098251, 6.6345705986],
        "dmean2": [69.4527282715, 52.0756607056, 33.4788475037, 26.7445926666, 18.3171081543, 25.0659866333, 17.8019237518, 14.3867883682, 13.0533638, 16.6434707642, 12.3978996277, 12.1435661316, 10.3710870743],
        "dvar": [1137.98596191, 776.581115723, 298.218933105, 166.516464233, 100.564842224, 162.955718994, 82.2332611084, 46.8284263611, 33.7663269043, 70.8009796143, 32.8192062378, 33.1240692139, 26.4346313477],
        "dvar2": [2863.78808594, 1950.52502441, 861.404296875, 404.844512939, 228.741271973, 420.73739624, 210.574295044, 107.694656372, 84.9482727051, 183.161209106, 89.845123291, 72.1595001221, 68.731262207],
        "max": [-734.877563477, 217.559783936, 107.419586182, 107.289299011, 31.4464302063, 71.3431777954, 22.850818634, 41.1168518066, 14.9960365295, 27.2957458496, 23.9883995056, 38.5096549988, 12.7202339172],
        "mean": [-860.631713867, 163.170166016, 51.4498672485, 39.3621864319, -2.40459823608, 14.9757938385, -5.50597763062, 8.95495319366, -10.415309906, -7.81619882584, -7.08279800415, 0.677565991879, -7.9244594574],
        "median": [-856.326965332, 169.153015137, 51.6764411926, 36.205581665, 0.220245361328, 15.9184570312, -2.49499511719, 8.32963371277, -10.6068840027, -6.91846466064, -7.01197242737, -0.341667175293, -7.23959350586],
        "min": [-1020.3079834, 50.7557449341, -12.5874938965, -7.40839767456, -51.8448600769, -33.4259605408, -51.6363677979, -14.8612747192, -37.3008918762, -40.8804397583, -41.0085868835, -24.8024291992, -34.5650787354],
        "var": [2938.47070312, 1145.07714844, 607.371887207, 455.469360352, 226.500808716, 256.45489502, 206.97479248, 113.301094055, 73.8418960571, 167.499267578, 110.010223389, 98.6666793823, 67.9002532959],
        "cov": [[2956.609375, -205.990280151, -522.864624023, 81.3859100342, -264.407714844, 103.28527832, -364.792266846, 177.890457153, -11.8475284576, 287.316070557, 44.9219398499, 102.443252563, -194.668807983], [-205.990280151, 1152.14550781, -258.760498047, -306.75390625, 210.605102539, -212.818618774, 176.316085815, -0.298395365477, 30.6931686401, -93.493812561, 50.1863517761, -63.4500808716, -15.9549665451], [-522.864624023, -258.760498047, 611.12109375, 115.682403564, -124.700149536, 167.013412476, 22.7957820892, -38.9146118164, -25.5461750031, -89.9387588501, 23.04255867, -10.3900356293, 72.7269897461], [81.3859100342, -306.75390625, 115.682403564, 458.280914307, 74.3577270508, -72.847442627, -99.9984359741, 30.3265781403, -29.5115833282, -87.4149932861, -13.9284257889, -20.9256305695, 31.8747596741], [-264.407714844, 210.605102539, -124.700149536, 74.3577270508, 227.898971558, -105.608856201, 21.480386734, -5.2422003746, 16.1771678925, -50.4488449097, -23.4175548553, -8.54207992554, 6.28459692001], [103.28527832, -212.818618774, 167.013412476, -72.847442627, -105.608856201, 258.037963867, 21.1287403107, 0.237259715796, 21.4014816284, 82.6748428345, 33.0968360901, 28.2855930328, 9.99175930023], [-364.792266846, 176.316085815, 22.7957820892, -99.9984359741, 21.480386734, 21.1287403107, 208.252410889, 3.95938372612, 6.3156580925, -12.6145067215, 10.3832397461, 9.72422599792, 23.1607666016], [177.890457153, -0.298395365477, -38.9146118164, 30.3265781403, -5.2422003746, 0.237259715796, 3.95938372612, 114.000480652, 19.9663066864, -2.8551440239, 42.7996330261, -2.87751197815, -0.50857001543], [-11.8475284576, 30.6931686401, -25.5461750031, -29.5115833282, 16.1771678925, 21.4014816284, 6.3156580925, 19.9663066864, 74.2977142334, 44.6922416687, 6.00927114487, -13.5636119843, 3.78544330597], [287.316070557, -93.493812561, -89.9387588501, -87.4149932861, -50.4488449097, 82.6748428345, -12.6145067215, -2.8551440239, 44.6922416687, 168.533218384, 6.97161054611, 22.0990257263, -32.1681671143], [44.9219398499, 50.1863517761, 23.04255867, -13.9284257889, -23.4175548553, 33.0968360901, 10.3832397461, 42.7996330261, 6.00927114487, 6.97161054611, 110.689292908, -11.9469575882, 9.86067295074], [102.443252563, -63.4500808716, -10.3900356293, -20.9256305695, -8.54207992554, 28.2855930328, 9.72422599792, -2.87751197815, -13.5636119843, 22.0990257263, -11.9469575882, 99.2757339478, -8.00182342529], [-194.668807983, -15.9549665451, 72.7269897461, 31.8747596741, 6.28459692001, 9.99175930023, 23.1607666016, -0.50857001543, 3.78544330597, -32.1681671143, 9.86067295074, -8.00182342529, 68.3193893433]],
        "icov": [[0.0023927569855, -0.0025140484795, 0.00281089777127, -0.00375716621056, 0.00520057603717, -0.00352947204374, 0.00369417201728, -0.0026750958059, 0.00184903573245, -0.00223631691188, 0.00154344178736, -0.0024552277755, 0.00209124712273], [-0.0025140484795, 0.0052510695532, -0.00298068951815, 0.00621074298397, -0.00753013510257, 0.00547076482326, -0.00492435414344, 0.00304325809702, -0.0027040252462, 0.00372726540081, -0.00349132227711, 0.00359158124775, -0.0012478667777], [0.00281089777127, -0.00298068951815, 0.00737973116338, -0.00598274776712, 0.00853519514203, -0.00715878978372, 0.00360396667384, -0.000598169979639, 0.000534898543265, 0.00113653112203, 0.00124220969155, -0.00281782704405, 0.00128049508203], [-0.00375716621056, 0.00621074298397, -0.00598274776712, 0.011697595939, -0.0120071368292, 0.00810804497451, -0.00455561326817, 0.001955015352, -0.0014306739904, 0.0039485944435, -0.00314407842234, 0.00508017418906, -0.00387915293686], [0.00520057603717, -0.00753013510257, 0.00853519514203, -0.0120071368292, 0.0209315232933, -0.00842532608658, 0.00707704434171, -0.00318730552681, -0.000247784919338, -0.00229470152408, 0.00458022067323, -0.00705795036629, 0.003905485617], [-0.00352947204374, 0.00547076482326, -0.00715878978372, 0.00810804497451, -0.00842532608658, 0.0146571714431, -0.00629107235, 0.00301906256936, -0.00331433769315, -0.0006251122104, -0.00446646101773, 0.00278435344808, -0.00329477363266], [0.00369417201728, -0.00492435414344, 0.00360396667384, -0.00455561326817, 0.00707704434171, -0.00629107235, 0.0125120813027, -0.0055445660837, 0.00392952747643, -0.00386860151775, 0.00322917173617, -0.00469260616228, 0.000596271187533], [-0.0026750958059, 0.00304325809702, -0.000598169979639, 0.001955015352, -0.00318730552681, 0.00301906256936, -0.0055445660837, 0.0166291221976, -0.00839108414948, 0.00660425843671, -0.00716784549877, 0.00142163014971, -0.000556360755581], [0.00184903573245, -0.0027040252462, 0.000534898543265, -0.0014306739904, -0.000247784919338, -0.00331433769315, 0.00392952747643, -0.00839108414948, 0.024205936119, -0.0108455633745, 0.00388015108183, 0.00236907275394, -0.00288224662654], [-0.00223631691188, 0.00372726540081, 0.00113653112203, 0.0039485944435, -0.00229470152408, -0.0006251122104, -0.00386860151775, 0.00660425843671, -0.0108455633745, 0.0173297934234, -0.00366831105202, 0.000610421353485, 0.00247097434476], [0.00154344178736, -0.00349132227711, 0.00124220969155, -0.00314407842234, 0.00458022067323, -0.00446646101773, 0.00322917173617, -0.00716784549877, 0.00388015108183, -0.00366831105202, 0.0142106357962, -0.000255068793194, -0.00121225090697], [-0.0024552277755, 0.00359158124775, -0.00281782704405, 0.00508017418906, -0.00705795036629, 0.00278435344808, -0.00469260616228, 0.00142163014971, 0.00236907275394, 0.000610421353485, -0.000255068793194, 0.0147935058922, -0.00175862945616], [0.00209124712273, -0.0012478667777, 0.00128049508203, -0.00387915293686, 0.003905485617, -0.00329477363266, 0.000596271187533, -0.000556360755581, -0.00288224662654, 0.00247097434476, -0.00121225090697, -0.00175862945616, 0.0219596996903]]
    }
}

}