{
"metadata": {
    "version": {
        "essentia": "2.0.1",
        "extractor": "archive-music 1.0 mod ismir14"
    },
    "audio_properties": {
        "analysis_sample_rate": 44100,
        "bitrate": 160,
        "channels": 2,
        "equal_loudness": 0,
        "length": 30.0669155121,
        "replay_gain": -11.7208919525,
        "downmix": "mix"
    },
    "tags": {
        "track": 6,
        "year": 0,
        "album": "Swing Classics (Jazz & Tzaz 70)",
        "artist": "Benny Carter",
        "comment": "",
        "genre": "Jazz",
        "title": "Babalu"
    }
},
"rhythm": {
    "bpm": 92.6367721558,
    "bpm_histogram_first_peak": 94,
    "bpm_histogram_first_peak_spread": 0.555555582047,
    "bpm_histogram_first_peak_weight": 0.355555564165,
    "bpm_histogram_second_peak": 89,
    "bpm_histogram_second_peak_spread": 0,
    "bpm_histogram_second_peak_weight": 0.177777782083
},
"tonal": {
    "tuning_frequency": {
        "dmean": 0.351476788521,
        "dmean2": 0.642867386341,
        "dvar": 2.68443894386,
        "dvar2": 6.65139007568,
        "max": 455.779724121,
        "mean": 436.81829834,
        "median": 437.465789795,
        "min": 432.940917969,
        "var": 8.23611354828
    },
    "hpcp": {
        "dmean": [0.105740249157, 0.169436350465, 0.0839677229524, 0.224294453859, 0.151572585106, 0.107680752873, 0.207522377372, 0.081719301641, 0.188740476966, 0.0994016006589, 0.139262497425, 0.219121396542],
        "dmean2": [0.188057526946, 0.289938151836, 0.152485951781, 0.395502150059, 0.268281072378, 0.200298592448, 0.358051598072, 0.151841342449, 0.319613426924, 0.178478851914, 0.232036918402, 0.369128137827],
        "dvar": [0.0433622002602, 0.0497607961297, 0.0306361429393, 0.0749869197607, 0.055750336498, 0.0237680058926, 0.0748232528567, 0.0208191908896, 0.0453307665884, 0.0242729149759, 0.0331012755632, 0.0487725697458],
        "dvar2": [0.126118168235, 0.123540535569, 0.0872060135007, 0.160214141011, 0.112658858299, 0.0696459040046, 0.125689387321, 0.0590990372002, 0.097818993032, 0.0697942972183, 0.0763242319226, 0.113185033202],
        "max": [1, 1, 1, 1, 1, 1, 1, 0.742049992085, 1, 1, 1, 1],
        "mean": [0.0879151374102, 0.238420799375, 0.0682235881686, 0.460080474615, 0.267765760422, 0.113957725465, 0.359047085047, 0.0709695145488, 0.425312429667, 0.0850068628788, 0.210682779551, 0.398217946291],
        "median": [0.0272660758346, 0.1187505126, 0.0266125891358, 0.328966379166, 0.0950641408563, 0.069841966033, 0.193656086922, 0.0336924344301, 0.301970660686, 0.0406700856984, 0.140760213137, 0.29720005393],
        "min": [0.00132937717717, 0.00250380695798, 0.00109798437916, 0.00122610502876, 0.00132493337151, 0.00393279828131, 0.00161554536317, 0.00219402438961, 0.0128499697894, 0.00227368879132, 0.00261532654986, 0.00380309694447],
        "var": [0.0285074431449, 0.0700185969472, 0.020205238834, 0.138724312186, 0.120573796332, 0.0172756705433, 0.140939235687, 0.0132585344836, 0.117087252438, 0.0169112440199, 0.0465866960585, 0.110856644809]
    }
},
"lowlevel": {
    "melbands": {
        "dmean": [1.8182840904e-06, 1.01212663139e-05, 7.25583277017e-06, 1.60922591022e-05, 1.60070158017e-05, 2.64465052169e-05, 2.09752979572e-05, 6.05204913882e-05, 3.3214877476e-05, 2.2574859031e-05, 1.50399655467e-05, 1.21251587188e-05, 9.29028101382e-06, 8.65323363541e-06, 1.7843560272e-05, 1.4672917132e-05, 7.87719909567e-06, 5.12042970513e-06, 4.74414218843e-06, 6.22257221039e-06, 1.69393672422e-06, 2.16667626773e-06, 1.04703474335e-06, 9.38015546126e-07, 1.36214407576e-06, 4.24228176144e-07, 2.68568101092e-07, 2.89129530984e-07, 2.84763899572e-07, 3.168154592e-07, 1.47205597045e-07, 7.50891757662e-08, 5.18820115758e-08, 2.12146638034e-08, 8.67389893244e-09, 6.63467814022e-09, 1.25789945127e-09, 1.15461272487e-10, 1.16490723318e-11, 6.1426379391e-13],
        "dmean2": [3.22050686918e-06, 1.76734010893e-05, 1.30947582875e-05, 2.91265405394e-05, 2.79398827843e-05, 4.46303092758e-05, 3.25186592818e-05, 9.63297497947e-05, 5.28101263626e-05, 3.81148347515e-05, 2.34851959249e-05, 1.82239473361e-05, 1.45608391904e-05, 1.51981676026e-05, 3.00210813293e-05, 2.28971566685e-05, 1.22672581711e-05, 8.70530493557e-06, 7.68321206124e-06, 1.04531945908e-05, 2.84266343442e-06, 3.68375276594e-06, 1.75772004241e-06, 1.63657148278e-06, 2.33628361457e-06, 7.06519983851e-07, 4.64342292616e-07, 5.02990360474e-07, 4.76767752389e-07, 5.53091012989e-07, 2.52389781963e-07, 1.33012633796e-07, 9.11558757366e-08, 3.83845737417e-08, 1.54405359609e-08, 1.16919318671e-08, 2.18648010808e-09, 2.09722253453e-10, 2.04605481863e-11, 1.08064772408e-12],
        "dvar": [3.4947342329e-12, 1.43338410585e-10, 4.47890440014e-11, 2.63711302795e-10, 2.69138100695e-10, 9.54341716763e-10, 7.06148195473e-10, 1.08561080125e-08, 2.92660051748e-09, 9.39596955796e-10, 4.71395034118e-10, 3.34252764356e-10, 1.535357258e-10, 2.16507700657e-10, 6.8387284724e-10, 6.78014422384e-10, 1.9264453921e-10, 7.58973786597e-11, 5.39962692614e-11, 1.33346500508e-10, 4.07427607277e-12, 9.52563982554e-12, 1.79527052946e-12, 1.49391263249e-12, 3.9996239827e-12, 6.86769488934e-13, 1.83081495927e-13, 2.65201489241e-13, 1.45868899099e-13, 1.82801880187e-13, 4.91419581351e-14, 1.74038013141e-14, 9.36938210122e-15, 1.86119650643e-15, 2.18454111671e-16, 1.27508806164e-16, 3.41145290562e-18, 4.14378454304e-20, 4.19696316875e-22, 1.11760074089e-24],
        "dvar2": [9.4495635275e-12, 4.0759229325e-10, 1.24563914738e-10, 7.97446442213e-10, 8.40064351415e-10, 2.96628721586e-09, 1.6226965327e-09, 2.56816647948e-08, 7.40600336613e-09, 2.66480615352e-09, 1.1330919536e-09, 8.2033868587e-10, 3.58724216998e-10, 6.29844343347e-10, 1.64968794181e-09, 1.34388633555e-09, 4.02656935572e-10, 2.32157196245e-10, 1.24079954644e-10, 3.46439571475e-10, 1.05036838602e-11, 2.37920134982e-11, 3.98849833369e-12, 4.16920361082e-12, 1.12289830212e-11, 1.81251910182e-12, 5.64455762946e-13, 6.88311658104e-13, 4.15374467677e-13, 5.25579037756e-13, 1.45596777907e-13, 5.08724159532e-14, 2.57732169753e-14, 5.37111045744e-15, 6.09950172323e-16, 3.27562119673e-16, 9.43698514408e-18, 1.07212061803e-19, 1.18304629346e-21, 3.09040716684e-24],
        "max": [1.05087683551e-05, 8.65753827384e-05, 4.47748861916e-05, 0.000115861475933, 9.62329650065e-05, 0.000176273955731, 0.00026945155696, 0.000736114627216, 0.000350104062818, 0.000190927981748, 0.000124244877952, 0.000134849673486, 8.0579869973e-05, 0.000107498075522, 0.000154903507791, 0.000178015310667, 0.00011277422891, 6.78227079334e-05, 6.02406107646e-05, 0.00010082119843, 1.3289510207e-05, 2.4957511414e-05, 1.03949796539e-05, 7.10368385626e-06, 1.25607111841e-05, 6.74756711305e-06, 2.40606550506e-06, 3.85991188523e-06, 2.00111912818e-06, 2.48873971032e-06, 1.29786849357e-06, 9.25735321289e-07, 5.35207732355e-07, 2.88484955036e-07, 7.94098511392e-08, 8.2817649627e-08, 1.25205525947e-08, 1.18489318357e-09, 1.34446259681e-10, 6.52065814538e-12],
        "mean": [2.47587081503e-06, 1.42834287544e-05, 9.34681520448e-06, 2.08172150451e-05, 2.60982560576e-05, 3.66767308151e-05, 3.4311618947e-05, 8.45751128509e-05, 4.63893484266e-05, 2.7216376111e-05, 1.82028579729e-05, 1.4817191186e-05, 1.20785052786e-05, 9.22286108107e-06, 1.92484712898e-05, 1.55790967256e-05, 1.1105984413e-05, 5.39739039596e-06, 4.62218713437e-06, 6.49631147098e-06, 1.86380214018e-06, 2.60628212345e-06, 1.28280419176e-06, 1.05804747363e-06, 1.44600141994e-06, 4.83422809339e-07, 2.55889574419e-07, 2.73343545132e-07, 2.87485249828e-07, 3.05627679609e-07, 1.42156011407e-07, 6.61085408638e-08, 4.23968344876e-08, 1.71561520546e-08, 7.21266335546e-09, 5.85958925825e-09, 1.25252808125e-09, 1.03006429775e-10, 1.06675475744e-11, 6.22702573099e-13],
        "median": [1.7905833829e-06, 1.13029700515e-05, 7.05012280378e-06, 1.70719849848e-05, 2.11117112485e-05, 2.59123135038e-05, 1.85712906386e-05, 2.78884017462e-05, 1.47031050801e-05, 1.30147718664e-05, 6.47821070743e-06, 4.15842850998e-06, 4.97465316585e-06, 5.34355331183e-06, 6.83226835463e-06, 3.92256697523e-06, 2.26049837693e-06, 1.89120032701e-06, 9.64457740338e-07, 1.68458893768e-06, 9.09713207875e-07, 1.12319980872e-06, 7.24067604096e-07, 5.94634684603e-07, 3.80232989983e-07, 2.0007404089e-07, 9.99248683797e-08, 5.23458822954e-08, 1.32307590661e-07, 1.17749848982e-07, 5.04193522488e-08, 1.74273679932e-08, 6.01046057369e-09, 1.9391652728e-09, 1.12116671502e-09, 9.4172891707e-10, 3.17638054748e-10, 2.67025863226e-11, 3.26526587886e-12, 2.65952814242e-13],
        "min": [3.72564329609e-07, 1.48149706547e-06, 9.76032879407e-07, 1.71008920802e-07, 8.06894391303e-08, 1.29504073243e-07, 1.3645269803e-07, 1.56967672638e-07, 5.4015700357e-08, 2.77849423469e-08, 1.58866786393e-08, 1.30668693643e-08, 1.5104808071e-08, 9.71910285585e-09, 1.11603659647e-08, 5.67579450106e-09, 7.95762034045e-09, 3.8880929587e-09, 6.11054717936e-09, 2.01782168752e-09, 1.23632204474e-09, 2.28702390359e-09, 1.26728161298e-09, 7.88026310872e-10, 4.88004858745e-10, 2.51912685156e-10, 2.20156101682e-10, 1.20329482489e-10, 1.3687705136e-10, 6.89483747873e-11, 5.87133952568e-11, 4.51561704695e-11, 3.53755635896e-11, 2.55726394921e-11, 1.59531693411e-11, 1.11259976926e-11, 5.00830019817e-12, 1.50430178297e-12, 3.98636500329e-13, 3.65068828574e-14],
        "var": [3.6919035537e-12, 1.35759237185e-10, 5.95447927076e-11, 3.19360482504e-10, 4.56043341979e-10, 1.29201183086e-09, 1.81514570041e-09, 1.82264621174e-08, 4.28725233093e-09, 1.19308440905e-09, 6.50321685391e-10, 4.73684147462e-10, 2.83816248281e-10, 1.69168415387e-10, 7.98308807948e-10, 9.16150155739e-10, 4.42552217095e-10, 8.23481838275e-11, 6.54990020554e-11, 1.7983906031e-10, 5.44000608449e-12, 1.63883732973e-11, 2.94965202437e-12, 1.76175762347e-12, 4.66748081157e-12, 8.38837246192e-13, 1.62487915917e-13, 3.06878600222e-13, 1.68003238816e-13, 2.04913925997e-13, 5.32265678472e-14, 1.48353280615e-14, 8.56916466496e-15, 1.56109347437e-15, 2.04594932118e-16, 1.42914628174e-16, 4.34964984177e-18, 3.79374432603e-20, 3.57184984505e-22, 9.47063902927e-25]
    },
    "mfcc": {
        "dmean": [51.5431976318, 17.6489086151, 21.7767219543, 9.90842151642, 11.8402671814, 8.99323940277, 6.6375617981, 6.29760122299, 5.44978046417, 4.93613910675, 4.71811199188, 5.76029586792, 4.67283058167],
        "dmean2": [83.3379058838, 29.4880809784, 36.3108177185, 15.9706954956, 20.4138031006, 14.8285331726, 10.9384078979, 10.3284711838, 9.29983234406, 8.52882957458, 7.19038820267, 10.0501947403, 7.71510076523],
        "dvar": [2312.59936523, 241.453262329, 518.488037109, 70.2742996216, 124.461868286, 61.3759231567, 37.3981781006, 21.4445781708, 22.7493000031, 18.4159145355, 15.7632331848, 24.4452018738, 11.794672966],
        "dvar2": [6005.64990234, 649.83972168, 1198.84594727, 206.723632812, 339.663909912, 158.984802246, 101.001113892, 65.0741424561, 60.6255760193, 38.8734512329, 37.5036811829, 63.7527046204, 26.8401584625],
        "max": [-693.500549316, 208.370178223, 53.6486549377, 57.8257141113, 20.7772064209, 40.4123687744, 13.7432899475, 4.6413192749, 20.6004829407, 10.4407138824, 21.2155265808, 21.9687519073, 6.32136535645],
        "mean": [-816.658630371, 166.456176758, -42.0938110352, 13.0586166382, -15.3114213943, -3.75725340843, -8.89060211182, -10.6057281494, -1.76268541813, -7.06883192062, 1.82670783997, 3.80707502365, -4.99294996262],
        "median": [-796.377563477, 170.341125488, -52.0497093201, 10.3184089661, -14.7234153748, -6.29225921631, -9.7953414917, -11.1437606812, -1.45568847656, -7.42370605469, 1.99420547485, 3.33045196533, -4.98595428467],
        "min": [-1021.22357178, 84.5974273682, -92.7247009277, -18.5916862488, -45.7929229736, -27.4763755798, -40.3131637573, -25.5579528809, -17.0158538818, -25.8726577759, -12.3072109222, -16.8556289673, -14.5014305115],
        "var": [5918.85791016, 643.471130371, 1309.18591309, 267.452972412, 277.121459961, 157.647827148, 86.0667037964, 46.4496002197, 45.1433753967, 54.5568199158, 42.8647270203, 78.0607376099, 25.2485618591],
        "cov": [[5955.39404297, 159.046920776, -2698.0065918, 296.164703369, -1017.30865479, 32.1614112854, -403.508300781, -49.2096366882, 9.84802818298, -134.951080322, 145.334899902, 131.620529175, -78.9062042236], [159.046920776, 647.44317627, -29.335943222, -290.515258789, -55.2955474854, -256.644287109, 57.0352897644, -77.1088638306, 51.6795539856, -94.4634094238, -2.91222238541, 96.3408889771, -21.2778720856], [-2698.0065918, -29.335943222, 1317.26733398, -135.111999512, 445.526000977, -6.25672197342, 173.965270996, 35.3117675781, -9.94470500946, 69.5897445679, -72.423614502, -57.3615379333, 35.4488639832], [296.164703369, -290.515258789, -135.111999512, 269.103912354, 29.4904174805, 115.915603638, -47.4125061035, 7.61221647263, -39.9055404663, 12.5132894516, -4.76321554184, -64.0427398682, -9.4781999588], [-1017.30865479, -55.2955474854, 445.526000977, 29.4904174805, 278.832092285, 23.0275020599, 64.4570465088, -3.33923196793, -39.9215545654, 19.6614761353, -40.0763168335, -61.2216567993, 2.05900001526], [32.1614112854, -256.644287109, -6.25672197342, 115.915603638, 23.0275020599, 158.620956421, -9.99621105194, 48.2156257629, -29.3413448334, 36.3189201355, -6.67865085602, -59.6963615417, 5.80857849121], [-403.508300781, 57.0352897644, 173.965270996, -47.4125061035, 64.4570465088, -9.99621105194, 86.597984314, 13.0254116058, 6.48762893677, -13.0114908218, -24.1280727386, -7.53209400177, 1.22711849213], [-49.2096366882, -77.1088638306, 35.3117675781, 7.61221647263, -3.33923196793, 48.2156257629, 13.0254116058, 46.7363243103, 1.44768977165, 21.7267837524, 0.20172573626, -9.27119159698, 10.5417728424], [9.84802818298, 51.6795539856, -9.94470500946, -39.9055404663, -39.9215545654, -29.3413448334, 6.48762893677, 1.44768977165, 45.422039032, -5.34328365326, 14.7852182388, 27.9964046478, 1.96111857891], [-134.951080322, -94.4634094238, 69.5897445679, 12.5132894516, 19.6614761353, 36.3189201355, -13.0114908218, 21.7267837524, -5.34328365326, 54.8935890198, 15.1990842819, -12.2384414673, 10.8298044205], [145.334899902, -2.91222238541, -72.423614502, -4.76321554184, -40.0763168335, -6.67865085602, -24.1280727386, 0.20172573626, 14.7852182388, 15.1990842819, 43.129322052, 27.289056778, 2.61336064339], [131.620529175, 96.3408889771, -57.3615379333, -64.0427398682, -61.2216567993, -59.6963615417, -7.53209400177, -9.27119159698, 27.9964046478, -12.2384414673, 27.289056778, 78.5425949097, 5.09870243073], [-78.9062042236, -21.2778720856, 35.4488639832, -9.4781999588, 2.05900001526, 5.80857849121, 1.22711849213, 10.5417728424, 1.96111857891, 10.8298044205, 2.61336064339, 5.09870243073, 25.404417038]],
        "icov": [[0.486527681351, -0.694644212723, 0.664378106594, -0.634285628796, 0.618264436722, -0.580089092255, 0.56936365366, -0.49194046855, 0.393517136574, -0.346512079239, 0.31383728981, -0.271657407284, 0.164371266961], [-0.694644212723, 1.00039184093, -0.947510838509, 0.911884963512, -0.883698761463, 0.836431264877, -0.815270960331, 0.703653931618, -0.5611307621, 0.501007258892, -0.449796438217, 0.389731258154, -0.231754720211], [0.664378106594, -0.947510838509, 0.910217165947, -0.864190101624, 0.839902937412, -0.791065514088, 0.775817930698, -0.672112584114, 0.534919977188, -0.476015329361, 0.431433916092, -0.371789067984, 0.223524734378], [-0.634285628796, 0.911884963512, -0.864190101624, 0.839366972446, -0.809663414955, 0.757042586803, -0.740381836891, 0.643553972244, -0.512698709965, 0.458353281021, -0.411085486412, 0.357639700174, -0.21135532856], [0.618264436722, -0.883698761463, 0.839902937412, -0.809663414955, 0.799222946167, -0.737285256386, 0.718893170357, -0.619408011436, 0.507700264454, -0.441627442837, 0.396516233683, -0.341615557671, 0.209058761597], [-0.580089092255, 0.836431264877, -0.791065514088, 0.757042586803, -0.737285256386, 0.718945324421, -0.680488944054, 0.57100468874, -0.463873118162, 0.416729331017, -0.377922087908, 0.333721041679, -0.193549126387], [0.56936365366, -0.815270960331, 0.775817930698, -0.740381836891, 0.718893170357, -0.680488944054, 0.692497014999, -0.589186310768, 0.454894989729, -0.395701944828, 0.372463196516, -0.317014694214, 0.194051370025], [-0.49194046855, 0.703653931618, -0.672112584114, 0.643553972244, -0.619408011436, 0.57100468874, -0.589186310768, 0.548786818981, -0.402377098799, 0.336195975542, -0.312701135874, 0.270420700312, -0.174635231495], [0.393517136574, -0.5611307621, 0.534919977188, -0.512698709965, 0.507700264454, -0.463873118162, 0.454894989729, -0.402377098799, 0.356195032597, -0.275103718042, 0.240820482373, -0.221447825432, 0.133940473199], [-0.346512079239, 0.501007258892, -0.476015329361, 0.458353281021, -0.441627442837, 0.416729331017, -0.395701944828, 0.336195975542, -0.275103718042, 0.294078826904, -0.247116908431, 0.204063370824, -0.120955325663], [0.31383728981, -0.449796438217, 0.431433916092, -0.411085486412, 0.396516233683, -0.377922087908, 0.372463196516, -0.312701135874, 0.240820482373, -0.247116908431, 0.254469484091, -0.193445026875, 0.108098708093], [-0.271657407284, 0.389731258154, -0.371789067984, 0.357639700174, -0.341615557671, 0.333721041679, -0.317014694214, 0.270420700312, -0.221447825432, 0.204063370824, -0.193445026875, 0.183163821697, -0.0973971560597], [0.164371266961, -0.231754720211, 0.223524734378, -0.21135532856, 0.209058761597, -0.193549126387, 0.194051370025, -0.174635231495, 0.133940473199, -0.120955325663, 0.108098708093, -0.0973971560597, 0.105087287724]]
    }
}

}