{
"metadata": {
    "version": {
        "essentia": "2.0.1",
        "extractor": "archive-music 1.0 mod ismir14"
    },
    "audio_properties": {
        "analysis_sample_rate": 44100,
        "bitrate": 112,
        "channels": 2,
        "equal_loudness": 0,
        "length": 30.0669155121,
        "replay_gain": -10.2236347198,
        "downmix": "mix"
    },
    "tags": {
        "track": 0,
        "year": 0,
        "album": "",
        "artist": "",
        "comment": "",
        "genre": "",
        "title": ""
    }
},
"rhythm": {
    "bpm": 172.265594482,
    "bpm_histogram_first_peak": 172,
    "bpm_histogram_first_peak_spread": 0,
    "bpm_histogram_first_peak_weight": 0.5,
    "bpm_histogram_second_peak": 178,
    "bpm_histogram_second_peak_spread": 0,
    "bpm_histogram_second_peak_weight": 0.27380952239
},
"tonal": {
    "tuning_frequency": {
        "dmean": 0.0671719014645,
        "dmean2": 0.128454864025,
        "dvar": 1.13059341908,
        "dvar2": 2.86693716049,
        "max": 456.570251465,
        "mean": 434.295257568,
        "median": 434.193115234,
        "min": 431.443084717,
        "var": 1.22107923031
    },
    "hpcp": {
        "dmean": [0.136423453689, 0.117537483573, 0.162154376507, 0.134531721473, 0.0806187912822, 0.0755521357059, 0.0979121029377, 0.0902752280235, 0.10683042556, 0.0937606170774, 0.110296726227, 0.0834925174713],
        "dmean2": [0.257036685944, 0.219910040498, 0.298650473356, 0.25074160099, 0.152594178915, 0.139466717839, 0.186833456159, 0.169142052531, 0.200480893254, 0.170692294836, 0.199767366052, 0.155534267426],
        "dvar": [0.0798861011863, 0.0666413009167, 0.0853746756911, 0.0743935480714, 0.0506224408746, 0.043151050806, 0.0678292587399, 0.0552566125989, 0.0665820688009, 0.0510157421231, 0.0553777143359, 0.0450729764998],
        "dvar2": [0.22858209908, 0.175386607647, 0.227578058839, 0.200489386916, 0.140641987324, 0.116536602378, 0.183050096035, 0.146686702967, 0.185929149389, 0.146979600191, 0.143812730908, 0.124403886497],
        "max": [1, 1, 1, 1, 1, 1, 1, 1, 1, 1, 1, 1],
        "mean": [0.122407913208, 0.133986383677, 0.15201869607, 0.294540852308, 0.0581431724131, 0.0887280628085, 0.131348580122, 0.113886639476, 0.0806914120913, 0.0910402312875, 0.244200929999, 0.0728323161602],
        "median": [0.00865123793483, 0.00730627588928, 0.0193038415164, 0.0165694355965, 0.000705097569153, 0.00580632686615, 0.000451271567727, 0.00200063642114, 0.00142615661025, 0.0023274354171, 0.026896616444, 0.00265681068413],
        "min": [0, 0, 0, 0, 0, 0, 0, 0, 0, 0, 0, 0],
        "var": [0.0732808709145, 0.08253159374, 0.0823995918036, 0.174373820424, 0.0385732017457, 0.0562262125313, 0.0997248291969, 0.0818112269044, 0.0551153458655, 0.0543598458171, 0.141707807779, 0.0410125218332]
    }
},
"lowlevel": {
    "melbands": {
        "dmean": [8.63231707626e-06, 0.000140713556902, 0.000364184466889, 0.00130681262817, 0.00149046338629, 0.000777151435614, 0.000266198592726, 0.000203863150091, 0.000111673180072, 7.39648457966e-05, 4.75224805996e-05, 3.61443817383e-05, 5.10784884682e-05, 2.57009178313e-05, 2.40743356699e-05, 1.87051100511e-05, 3.4164495446e-05, 2.05301566893e-05, 2.24366540351e-05, 6.76249737808e-06, 9.52593291004e-06, 8.75870864547e-06, 5.57585644856e-06, 6.68241636959e-06, 1.38731247716e-05, 1.30371881824e-05, 4.9388017942e-06, 2.62258663497e-06, 7.79393644734e-07, 4.92669812502e-07, 2.1007117823e-07, 3.78741553675e-08, 5.65409630227e-09, 1.45670009388e-09, 6.15625161959e-10, 2.61821175851e-10, 1.24208476837e-10, 7.156100712e-11, 5.56055618217e-11, 2.88532479159e-11],
        "dmean2": [1.37274309964e-05, 0.000226359101362, 0.000633054645732, 0.00202579051256, 0.00231069629081, 0.00120162696112, 0.00038329459494, 0.000300966727082, 0.000150522828335, 9.39299643505e-05, 5.3963267419e-05, 4.49746876257e-05, 5.73089091631e-05, 3.12100019073e-05, 3.12517913699e-05, 2.58559484791e-05, 4.44384677394e-05, 2.97942988254e-05, 3.28705682477e-05, 9.90143871604e-06, 1.44164287121e-05, 1.27418570628e-05, 7.52104597268e-06, 9.51225592871e-06, 1.92364877876e-05, 1.73290009116e-05, 7.16855356586e-06, 3.88984699384e-06, 1.12150758014e-06, 6.93574293109e-07, 3.14210211627e-07, 5.52442358526e-08, 7.86627651905e-09, 2.13286788231e-09, 9.83578885005e-10, 4.12030909391e-10, 2.07349790116e-10, 1.31433100514e-10, 1.04231193121e-10, 5.31900148926e-11],
        "dvar": [2.56541426991e-10, 4.75665373756e-08, 5.99125144163e-07, 6.86911471348e-06, 8.66507070896e-06, 2.15655222746e-06, 2.98133329579e-07, 2.57818243199e-07, 1.8477224728e-07, 1.29504613255e-07, 3.45316841788e-08, 2.48823308624e-08, 5.01314048051e-08, 1.08688045231e-08, 2.11481037127e-08, 2.96213298334e-09, 1.16007399242e-08, 2.71204836366e-09, 2.92840129923e-09, 2.89367280137e-10, 7.09437009139e-10, 6.45352271622e-10, 3.59091839597e-10, 3.43740480524e-10, 2.25715823809e-09, 2.21469664829e-09, 3.01158098459e-10, 1.19754983707e-10, 9.13991105023e-12, 9.56528346113e-12, 2.81203229105e-12, 6.53438349436e-14, 2.46449953476e-15, 5.73242517246e-17, 6.21738809615e-18, 1.52986216771e-18, 8.1466557668e-19, 7.23029267651e-19, 5.06066875712e-19, 1.83011270991e-20],
        "dvar2": [6.6924465969e-10, 1.17164610458e-07, 1.88051956229e-06, 1.75421046151e-05, 2.31858830375e-05, 5.42480029253e-06, 5.49558762941e-07, 4.72343288038e-07, 3.2716539522e-07, 2.34949652622e-07, 4.3533439964e-08, 3.93361858642e-08, 6.47668016995e-08, 1.73655845259e-08, 4.11556619895e-08, 5.27207122403e-09, 1.91715106013e-08, 5.78596770495e-09, 6.01384897436e-09, 6.87374157593e-10, 1.69830127739e-09, 1.49785484016e-09, 6.58699539358e-10, 6.99016400318e-10, 4.25488311251e-09, 4.74250994031e-09, 7.27008564461e-10, 2.86096146773e-10, 1.80537321204e-11, 2.03232534968e-11, 6.84425823308e-12, 1.60564378633e-13, 4.34499738096e-15, 1.09384273091e-16, 1.50118573907e-17, 4.04728596297e-18, 2.34710286104e-18, 2.12813781314e-18, 1.48228718497e-18, 5.38968559725e-20],
        "max": [0.000375268456992, 0.00767824798822, 0.0153148202226, 0.0995619893074, 0.0716928243637, 0.0185006409883, 0.0106239579618, 0.0115142613649, 0.0124606220052, 0.0106227565557, 0.0073718521744, 0.00450907740742, 0.00681081274524, 0.00332678598352, 0.00542410323396, 0.00191801786423, 0.0051475353539, 0.000987939420156, 0.00184037967119, 0.000435879570432, 0.000452506064903, 0.000556638406124, 0.000437393668108, 0.000481812981889, 0.00184249889571, 0.00137151358649, 0.000460683717392, 0.000258068321273, 9.82718775049e-05, 0.000129787702463, 7.67055898905e-05, 1.01144087239e-05, 2.78473066828e-06, 2.63421270574e-07, 8.0501173727e-08, 3.38347270201e-08, 2.73999631872e-08, 2.61655941358e-08, 2.22322427135e-08, 3.65498165067e-09],
        "mean": [1.20340018839e-05, 0.000243631264311, 0.000572927528992, 0.00309884781018, 0.00345687428489, 0.00169046409428, 0.000672083289828, 0.000533959246241, 0.000282893131953, 0.000169677237864, 0.000154028792167, 8.8758788479e-05, 0.000144172023283, 6.1708742578e-05, 4.70677223348e-05, 4.05057398893e-05, 7.73257925175e-05, 4.00239041483e-05, 5.16174368386e-05, 1.51422900672e-05, 1.74738270289e-05, 1.54203571583e-05, 1.00840607047e-05, 1.36046983243e-05, 2.91618453048e-05, 3.11665789923e-05, 8.91572472028e-06, 4.33147397416e-06, 1.51112374169e-06, 8.88922045306e-07, 3.52484875066e-07, 6.23363902719e-08, 9.91625803692e-09, 2.81938028479e-09, 1.13496301246e-09, 4.84006446033e-10, 2.02443770081e-10, 7.43443639983e-11, 4.14494445711e-11, 2.24431393608e-11],
        "median": [5.88423017689e-06, 0.000114264927106, 0.000228224002058, 0.000996978487819, 0.00145440490451, 0.000790119054727, 0.000280876614852, 0.000141760960105, 5.85852976656e-05, 1.28740193759e-05, 1.03995680547e-05, 5.88400826018e-06, 8.12796952232e-06, 7.43262626202e-06, 6.07738365943e-06, 6.87633655616e-06, 1.39760886668e-05, 1.03653419501e-05, 1.3337735254e-05, 3.83549104299e-06, 4.04897491535e-06, 3.55998122359e-06, 1.58788827775e-06, 2.2752874429e-06, 4.61155013909e-06, 3.87123327528e-06, 1.36318749355e-06, 4.0279982727e-07, 1.06216631934e-07, 4.25897752621e-08, 1.33253506007e-08, 3.45815309721e-09, 1.38215217049e-09, 7.63313967589e-10, 4.56821636075e-10, 2.11682449347e-10, 9.95890453437e-11, 3.43667871938e-11, 1.0744382814e-11, 5.53596187988e-12],
        "min": [5.30559824512e-23, 1.81715340141e-23, 2.34831711472e-23, 3.53187668526e-23, 6.95643294644e-23, 1.74743450569e-23, 2.26396626916e-23, 2.90733708432e-23, 6.93725542229e-24, 1.29721983305e-23, 2.05805890009e-23, 3.19021692513e-23, 1.31415478342e-23, 3.31096597063e-23, 2.89910737181e-23, 1.79109401249e-23, 2.71385190792e-23, 4.55980188781e-23, 2.92500378206e-23, 1.36755317253e-23, 2.09970192064e-23, 1.35771828585e-23, 4.15827010933e-23, 3.55372308362e-23, 2.48979884475e-23, 2.42642885938e-23, 2.2531722854e-23, 2.13908296143e-23, 1.38051478829e-23, 1.44916730183e-23, 1.06205700511e-23, 2.91863420357e-23, 1.62133130346e-23, 1.82749379015e-23, 1.90544034734e-23, 2.13452160991e-23, 2.22622795232e-23, 1.73514073957e-23, 1.97151328572e-23, 2.82752613327e-23],
        "var": [5.33554478377e-10, 3.23733758023e-07, 1.20303946005e-06, 4.22120428993e-05, 2.66851620836e-05, 4.94030336995e-06, 1.09483607957e-06, 1.20974868878e-06, 8.1249760342e-07, 3.36799161005e-07, 2.79898500821e-07, 1.32937145736e-07, 3.30934625481e-07, 5.15114564337e-08, 4.84417590485e-08, 1.24046017902e-08, 9.23030540889e-08, 7.6787021186e-09, 1.29675470362e-08, 8.76137884465e-10, 1.39897027296e-09, 1.34410882424e-09, 8.82177109141e-10, 1.24282373282e-09, 7.98700661164e-09, 9.84585302177e-09, 5.67830171772e-10, 2.08120534695e-10, 3.49363524221e-11, 2.83280586488e-11, 6.31346407445e-12, 1.29881430047e-13, 7.77161368842e-15, 1.97874387426e-16, 1.19103982779e-17, 2.03047342539e-18, 5.91373857188e-19, 3.88837986271e-19, 2.75635915449e-19, 1.09642887129e-20]
    },
    "mfcc": {
        "dmean": [16.9032840729, 7.97399759293, 11.6844387054, 8.23236656189, 7.6090388298, 6.87923812866, 6.47252368927, 6.69288635254, 6.15684938431, 6.06898021698, 6.03178453445, 5.68989372253, 5.43462133408],
        "dmean2": [19.6343402863, 11.6816797256, 15.6765146255, 11.3985757828, 11.0650253296, 10.3540086746, 10.1015348434, 9.92680931091, 9.51350021362, 9.44195079803, 9.2924747467, 8.8439655304, 8.59774780273],
        "dvar": [590.682922363, 62.0370101929, 203.467910767, 53.4457054138, 41.8339233398, 36.5403213501, 29.1942749023, 33.6147079468, 24.5816669464, 24.4575519562, 25.3504638672, 21.6617088318, 19.8926811218],
        "dvar2": [762.430603027, 102.850326538, 298.759399414, 91.8191680908, 83.8376693726, 77.1056518555, 70.5620651245, 70.9392929077, 57.020614624, 59.8835029602, 56.821346283, 51.6585235596, 46.9378089905],
        "max": [-614.157592773, 286.592559814, 111.234619141, 146.813079834, 65.3449249268, 39.6296386719, 51.303276062, 24.3005619049, 20.4485740662, 34.6477813721, 21.6750297546, 26.8894824982, 28.538433075],
        "mean": [-754.573181152, 219.380386353, -49.1250495911, 40.7061424255, 6.24017858505, -25.9044113159, -5.45954799652, -32.9747467041, -24.4030590057, -7.04608726501, -11.0836648941, -14.2333755493, -7.27429437637],
        "median": [-742.79888916, 221.472625732, -57.9674797058, 40.3326301575, 9.61289978027, -25.965511322, -4.85305404663, -34.9400482178, -24.3356781006, -6.18659973145, -9.77826118469, -13.7978363037, -7.12279891968],
        "min": [-1138.42004395, 1.14440917969e-05, -139.213653564, -28.563117981, -71.4876785278, -86.7967834473, -42.3899688721, -79.4893798828, -63.9039840698, -61.8164825439, -71.1370391846, -57.2575187683, -40.4792900085],
        "var": [5127.33935547, 729.753234863, 2109.04199219, 716.568237305, 531.593566895, 357.049530029, 147.219116211, 273.892028809, 138.722808838, 203.82623291, 154.889007568, 111.191108704, 113.194000244],
        "cov": [[5129.31884766, 30.3392734528, -2976.20336914, 946.086791992, -881.81427002, -653.376159668, 231.866439819, -301.736816406, 15.7441139221, -184.314956665, -61.4515304565, -11.2704000473, -136.628875732], [30.3392734528, 730.034973145, 314.998840332, -410.907562256, 71.4088745117, -114.330162048, -48.7797431946, 139.803787231, -44.9427909851, -27.8753738403, -32.7185630798, -27.3722705841, -25.3951435089], [-2976.20336914, 314.998840332, 2109.85620117, -607.946777344, 453.823028564, 385.854064941, -176.236923218, 212.031860352, -9.21962833405, 58.6542396545, 21.8506317139, -4.7370095253, 44.5086669922], [946.086791992, -410.907562256, -607.946777344, 716.844909668, -64.1760482788, -62.7567749023, 56.6292037964, -247.517929077, -2.3974044323, 7.37117385864, -33.1638679504, 0.717935979366, -10.7305603027], [-881.81427002, 71.4088745117, 453.823028564, -64.1760482788, 531.79876709, 196.092529297, -83.1800384521, -31.5028381348, -66.1111602783, 129.619613647, 18.7276325226, -20.7647323608, 63.8294143677], [-653.376159668, -114.330162048, 385.854064941, -62.7567749023, 196.092529297, 357.18737793, -1.53088223934, -49.0184936523, 20.6105232239, 68.3158874512, 71.6641082764, 23.9744625092, 38.6277122498], [231.866439819, -48.7797431946, -176.236923218, 56.6292037964, -83.1800384521, -1.53088223934, 147.2759552, 24.4663105011, -9.40187740326, 1.67409360409, 1.50235819817, 16.74102211, 4.03202390671], [-301.736816406, 139.803787231, 212.031860352, -247.517929077, -31.5028381348, -49.0184936523, 24.4663105011, 273.997772217, 55.1747093201, -81.4457931519, 1.46689033508, 3.01492547989, -13.3999443054], [15.7441139221, -44.9427909851, -9.21962833405, -2.3974044323, -66.1111602783, 20.6105232239, -9.40187740326, 55.1747093201, 138.776367188, -11.8477993011, -19.5922298431, 17.0533065796, -8.50493144989], [-184.314956665, -27.8753738403, 58.6542396545, 7.37117385864, 129.619613647, 68.3158874512, 1.67409360409, -81.4457931519, -11.8477993011, 203.904922485, 69.5428771973, -30.5393543243, 44.8757400513], [-61.4515304565, -32.7185630798, 21.8506317139, -33.1638679504, 18.7276325226, 71.6641082764, 1.50235819817, 1.46689033508, -19.5922298431, 69.5428771973, 154.948822021, 34.7582206726, -0.623379945755], [-11.2704000473, -27.3722705841, -4.7370095253, 0.717935979366, -20.7647323608, 23.9744625092, 16.74102211, 3.01492547989, 17.0533065796, -30.5393543243, 34.7582206726, 111.234039307, 31.7041015625], [-136.628875732, -25.3951435089, 44.5086669922, -10.7305603027, 63.8294143677, 38.6277122498, 4.03202390671, -13.3999443054, -8.50493144989, 44.8757400513, -0.623379945755, 31.7041015625, 113.237701416]],
        "icov": [[0.0745036974549, -0.103037051857, 0.101860277355, -0.0958906263113, 0.0905294939876, -0.0827075913548, 0.0735644325614, -0.0638290122151, 0.0526037998497, -0.0403239056468, 0.0290466696024, -0.0185130294412, 0.00994841009378], [-0.103037051857, 0.145206198096, -0.141141146421, 0.134601578116, -0.126384362578, 0.116601631045, -0.102955020964, 0.0897729247808, -0.0734674856067, 0.0569420307875, -0.0407746396959, 0.026212932542, -0.0134188672528], [0.101860277355, -0.141141146421, 0.140534684062, -0.131322145462, 0.124406062067, -0.115481458604, 0.103212624788, -0.0900186747313, 0.0742859244347, -0.0574684403837, 0.0422190651298, -0.0271029956639, 0.0146817835048], [-0.0958906263113, 0.134601578116, -0.131322145462, 0.128412857652, -0.119368866086, 0.110673516989, -0.0996049195528, 0.0891297981143, -0.0726401731372, 0.0570008307695, -0.0411298125982, 0.0270353145897, -0.0139413559809], [0.0905294939876, -0.126384362578, 0.124406062067, -0.119368866086, 0.11670871079, -0.106926754117, 0.0969194695354, -0.0852137207985, 0.0722582116723, -0.057649821043, 0.0425787083805, -0.02751670219, 0.0140426969156], [-0.0827075913548, 0.116601631045, -0.115481458604, 0.110673516989, -0.106926754117, 0.104785591364, -0.0925385355949, 0.0834585428238, -0.0704327002168, 0.0559575632215, -0.0440472848713, 0.0281913019717, -0.0156671721488], [0.0735644325614, -0.102955020964, 0.103212624788, -0.0996049195528, 0.0969194695354, -0.0925385355949, 0.0929774865508, -0.0789594948292, 0.0668969675899, -0.0548726283014, 0.042263135314, -0.0295227319002, 0.0152143267915], [-0.0638290122151, 0.0897729247808, -0.0900186747313, 0.0891297981143, -0.0852137207985, 0.0834585428238, -0.0789594948292, 0.0775704681873, -0.0630619451404, 0.05320430547, -0.0412080474198, 0.0286934450269, -0.015579954721], [0.0526037998497, -0.0734674856067, 0.0742859244347, -0.0726401731372, 0.0722582116723, -0.0704327002168, 0.0668969675899, -0.0630619451404, 0.0611695870757, -0.0457599386573, 0.0374257415533, -0.0266487933695, 0.0147592332214], [-0.0403239056468, 0.0569420307875, -0.0574684403837, 0.0570008307695, -0.057649821043, 0.0559575632215, -0.0548726283014, 0.05320430547, -0.0457599386573, 0.0474397130311, -0.0357327461243, 0.026931270957, -0.0162103641778], [0.0290466696024, -0.0407746396959, 0.0422190651298, -0.0411298125982, 0.0425787083805, -0.0440472848713, 0.042263135314, -0.0412080474198, 0.0374257415533, -0.0357327461243, 0.0359181053936, -0.023538114503, 0.013813758269], [-0.0185130294412, 0.026212932542, -0.0271029956639, 0.0270353145897, -0.02751670219, 0.0281913019717, -0.0295227319002, 0.0286934450269, -0.0266487933695, 0.026931270957, -0.023538114503, 0.0273310411721, -0.0133591601625], [0.00994841009378, -0.0134188672528, 0.0146817835048, -0.0139413559809, 0.0140426969156, -0.0156671721488, 0.0152143267915, -0.015579954721, 0.0147592332214, -0.0162103641778, 0.013813758269, -0.0133591601625, 0.0171256158501]]
    }
}

}