{
"metadata": {
    "version": {
        "essentia": "2.0.1",
        "extractor": "archive-music 1.0 mod ismir14"
    },
    "audio_properties": {
        "analysis_sample_rate": 44100,
        "bitrate": 128,
        "channels": 2,
        "equal_loudness": 0,
        "length": 30.0669155121,
        "replay_gain": -14.8066997528,
        "downmix": "mix"
    },
    "tags": {
        "track": 0,
        "year": 0,
        "album": "",
        "artist": "",
        "comment": "",
        "genre": "",
        "title": ""
    }
},
"rhythm": {
    "bpm": 109.27457428,
    "bpm_histogram_first_peak": 110,
    "bpm_histogram_first_peak_spread": 0.490566015244,
    "bpm_histogram_first_peak_weight": 0.509433984756,
    "bpm_histogram_second_peak": 0,
    "bpm_histogram_second_peak_spread": 0,
    "bpm_histogram_second_peak_weight": 0
},
"tonal": {
    "tuning_frequency": {
        "dmean": 0.0417848788202,
        "dmean2": 0.0830140635371,
        "dvar": 0.53643476963,
        "dvar2": 1.63606202602,
        "max": 453.154663086,
        "mean": 434.483215332,
        "median": 434.193115234,
        "min": 432.690917969,
        "var": 3.29156780243
    },
    "hpcp": {
        "dmean": [0.150865152478, 0.186003997922, 0.258802890778, 0.282194882631, 0.222770377994, 0.154901847243, 0.121977113187, 0.136003628373, 0.204472586513, 0.113015025854, 0.130825847387, 0.142662480474],
        "dmean2": [0.286697387695, 0.357093185186, 0.497551888227, 0.538343608379, 0.428301781416, 0.285842597485, 0.228142723441, 0.253181695938, 0.383558869362, 0.216048419476, 0.249234363437, 0.27491235733],
        "dvar": [0.0846704989672, 0.11509591341, 0.152563095093, 0.145684808493, 0.130959004164, 0.0857420265675, 0.073879532516, 0.0747391656041, 0.0997254475951, 0.071124471724, 0.07781919837, 0.0863114073873],
        "dvar2": [0.232395783067, 0.313577145338, 0.416788160801, 0.380747407675, 0.351446509361, 0.230887338519, 0.202421665192, 0.204329490662, 0.269857615232, 0.206321060658, 0.231556206942, 0.243288770318],
        "max": [1, 1, 1, 1, 1, 1, 1, 1, 1, 1, 1, 1],
        "mean": [0.116287648678, 0.126229673624, 0.186143815517, 0.243848636746, 0.14682841301, 0.132095679641, 0.0910581797361, 0.118338003755, 0.222094938159, 0.0715806484222, 0.0966685935855, 0.0903737768531],
        "median": [0.00711563881487, 0.00308085000142, 0.00571216316894, 0.0211399532855, 0.00315183610655, 0.00918422918767, 0.00217030709609, 0.00479804025963, 0.0241685733199, 0.00198473292403, 0.00457800319418, 0.00293231266551],
        "min": [0, 0, 0, 0, 0, 0, 0, 0, 0, 0, 0, 0],
        "var": [0.0690466538072, 0.083980217576, 0.125703722239, 0.143036648631, 0.0991010963917, 0.0789410248399, 0.0588886626065, 0.0722597911954, 0.124159619212, 0.0457589514554, 0.0591628290713, 0.0576691403985]
    }
},
"lowlevel": {
    "melbands": {
        "dmean": [0.00174849375617, 0.00556045304984, 0.00514240656048, 0.00215275981463, 0.00091414747294, 0.000600483675953, 0.000357435987098, 0.000334088574164, 0.00042702985229, 0.00032242963789, 7.43926284485e-05, 8.57165359776e-05, 5.5953496485e-05, 4.92606159241e-05, 5.53948957531e-05, 5.59880172659e-05, 6.23918240308e-05, 5.01429822179e-05, 2.60167398665e-05, 5.17778862559e-05, 2.40590052272e-05, 1.64574630617e-05, 1.98711823032e-05, 1.16514020192e-05, 6.3445777414e-06, 4.45592922915e-06, 2.42164173869e-06, 1.7064031681e-06, 1.85151418464e-06, 1.32325089908e-06, 1.07726896204e-06, 1.03868501355e-06, 9.13877101993e-07, 6.3352399593e-07, 5.36957600161e-07, 3.70103492742e-07, 1.94263577669e-07, 5.76418486276e-08, 1.48761500895e-08, 1.63740787595e-09],
        "dmean2": [0.00287942867726, 0.00938416738063, 0.0085614612326, 0.00355120794848, 0.00150765222497, 0.00104652903974, 0.000610224960838, 0.000505616422743, 0.000620613747742, 0.000472946587251, 0.000109589469503, 0.000128376850626, 8.27964904602e-05, 7.0541187597e-05, 8.01680071163e-05, 8.26319592306e-05, 9.88871543086e-05, 7.56403242121e-05, 3.84940649383e-05, 7.7586293628e-05, 3.66482636309e-05, 2.52557929343e-05, 3.13727250614e-05, 1.88595477084e-05, 1.01847326732e-05, 7.09735195414e-06, 3.8923685679e-06, 2.82837709165e-06, 3.01247632706e-06, 2.1549842586e-06, 1.71221245182e-06, 1.72436136836e-06, 1.45799515394e-06, 9.86132022263e-07, 8.54474819789e-07, 5.86286205362e-07, 3.07617540329e-07, 8.57736282001e-08, 2.1992343946e-08, 2.41832620596e-09],
        "dvar": [1.87537370948e-05, 4.38678107457e-05, 2.85620590148e-05, 8.30857061374e-06, 1.61561240475e-06, 9.76171122602e-07, 3.06111815007e-07, 4.13726894521e-07, 7.54768336719e-07, 6.5340753963e-07, 3.06429583929e-08, 6.30265617474e-08, 2.23304752467e-08, 2.15034656748e-08, 2.85242283127e-08, 2.41532038814e-08, 3.14534212009e-08, 1.57588821992e-08, 4.56412196925e-09, 5.00377161927e-08, 3.30906835266e-09, 1.56545321151e-09, 2.76548006717e-09, 8.87953377493e-10, 1.65021080134e-10, 1.39565276003e-10, 3.55118746909e-11, 2.09944023971e-11, 1.92711038099e-11, 1.33492297077e-11, 9.32812681265e-12, 9.94065333521e-12, 6.16864588923e-12, 4.24254078049e-12, 4.1346973588e-12, 2.95470830962e-12, 1.68728160783e-12, 8.80484107933e-14, 5.18028748695e-15, 1.6353260125e-16],
        "dvar2": [3.8745252823e-05, 0.000132065993967, 8.32274599816e-05, 2.1036965336e-05, 4.26161295763e-06, 3.0443588912e-06, 8.61405908381e-07, 8.68958579758e-07, 1.47980688325e-06, 1.22758149246e-06, 6.04127663451e-08, 1.19211478022e-07, 4.51756676512e-08, 4.2101639508e-08, 5.1839908366e-08, 5.4362693902e-08, 8.15723737446e-08, 3.54068667718e-08, 9.5370804587e-09, 1.21105699691e-07, 7.53812035015e-09, 3.78511400001e-09, 7.52605000542e-09, 2.48601228492e-09, 4.02887084805e-10, 3.75112024775e-10, 8.63232332837e-11, 5.55458838647e-11, 4.96875388056e-11, 3.41963679595e-11, 2.31100225762e-11, 2.58854552376e-11, 1.47896209168e-11, 9.65931154506e-12, 1.05709278136e-11, 7.06094557823e-12, 4.28516597206e-12, 1.61013143465e-13, 9.67328905237e-15, 3.34675475894e-16],
        "max": [0.0670009031892, 0.0685368478298, 0.047591548413, 0.0327401384711, 0.0123709794134, 0.0120496423915, 0.00726808095351, 0.0125501221046, 0.0216029472649, 0.0181750450283, 0.0072635114193, 0.0088200615719, 0.00470839487389, 0.00402081618086, 0.00402480503544, 0.00278368592262, 0.00332900206558, 0.00265915784985, 0.00125379650854, 0.00647780112922, 0.00129355804529, 0.00104844360612, 0.00119769095909, 0.000534118793439, 0.000185554745258, 0.000291542935884, 0.00010755234689, 9.76838637143e-05, 6.75788542139e-05, 7.65876611695e-05, 8.72616728884e-05, 6.68886132189e-05, 5.78875005885e-05, 6.31468719803e-05, 8.37684856378e-05, 7.87507451605e-05, 6.11519426457e-05, 1.43869629028e-05, 3.87911359212e-06, 6.71249097195e-07],
        "mean": [0.00233096652664, 0.009208063595, 0.00811700709164, 0.00316389324144, 0.00136585254222, 0.00103108468466, 0.000624152482487, 0.000705783371814, 0.000930101727135, 0.000731615000404, 0.000171796695213, 0.000156525115017, 0.000108757165435, 0.000104476639535, 0.000103573816887, 0.000107084539195, 0.000100629251392, 9.60745455814e-05, 5.41002045793e-05, 0.000104775455839, 4.68651523988e-05, 3.16532423312e-05, 4.2171937821e-05, 2.49919339694e-05, 1.22695519167e-05, 7.77530658524e-06, 4.38687493443e-06, 2.97430324281e-06, 3.30126385961e-06, 2.33048808695e-06, 1.88494493614e-06, 1.87507509963e-06, 1.72390537045e-06, 1.26463794459e-06, 9.93505409497e-07, 6.60830949073e-07, 3.66049391687e-07, 1.19777936902e-07, 2.84184586974e-08, 2.3768300661e-09],
        "median": [0.00109847984277, 0.00745476363227, 0.0064704590477, 0.0021369017195, 0.000790803751443, 0.00036318221828, 0.000277243263554, 0.000232074467931, 0.000226286952966, 0.000137318507768, 5.02708026033e-05, 3.96601681132e-05, 2.88149167318e-05, 2.06564091059e-05, 2.23018578254e-05, 2.09077570617e-05, 1.87152872968e-05, 1.9220269678e-05, 1.33455941977e-05, 1.21009616123e-05, 1.16622049973e-05, 1.08906269816e-05, 8.04962382972e-06, 4.92995377499e-06, 3.72270733351e-06, 2.50721905104e-06, 1.33610899411e-06, 8.43809573325e-07, 8.20244451916e-07, 4.42609064066e-07, 3.35126287609e-07, 3.18873276228e-07, 2.89965555567e-07, 2.32790213772e-07, 1.74248626195e-07, 1.26222872154e-07, 6.79069174225e-08, 2.12546762413e-08, 5.00503327672e-09, 3.52411544391e-10],
        "min": [1.35197300404e-12, 6.21179160627e-13, 1.42360651262e-13, 2.35849127771e-13, 3.84202462596e-13, 7.17491712744e-13, 8.66697772578e-13, 2.52063452576e-13, 4.82489536605e-13, 2.04152233313e-12, 7.29356353958e-13, 6.6239433372e-14, 7.97891416024e-14, 1.51802520749e-13, 1.19721818722e-13, 1.86890880918e-13, 1.77703324603e-13, 2.23538418678e-13, 4.55851041593e-14, 1.47536876379e-13, 8.84345426207e-14, 1.2920547065e-13, 2.53434128067e-13, 9.25946805667e-14, 3.84006249108e-14, 7.91126943144e-14, 2.57615028485e-13, 7.71336662077e-14, 1.71764695295e-14, 7.07959624084e-14, 4.87705850098e-14, 5.2742004015e-14, 3.13934635395e-14, 6.25065659497e-14, 5.29120374089e-14, 9.77943515556e-14, 1.36786307108e-13, 8.23812928139e-14, 1.89462669457e-14, 5.21288300883e-15],
        "var": [2.89389718091e-05, 6.35252799839e-05, 4.42319360445e-05, 1.17490499179e-05, 2.54671726907e-06, 2.39598875851e-06, 7.59005729378e-07, 1.75987452167e-06, 3.24642633132e-06, 3.43428200722e-06, 1.85800857366e-07, 2.24284647743e-07, 9.10805013632e-08, 6.95560515851e-08, 8.79232118223e-08, 7.04890013026e-08, 6.18420585852e-08, 6.23044940085e-08, 1.51514338853e-08, 1.83407195209e-07, 1.11785958268e-08, 3.09190228975e-09, 1.04701776138e-08, 3.16073234252e-09, 4.45650821801e-10, 2.20234830373e-10, 6.86452006349e-11, 3.68176981957e-11, 4.37334994607e-11, 2.67598339321e-11, 1.87553878678e-11, 2.04974336115e-11, 1.76454822975e-11, 1.24897219303e-11, 1.18896576612e-11, 8.20236326776e-12, 4.16352282512e-12, 3.34052935053e-13, 1.81321259819e-14, 2.98325851056e-16]
    },
    "mfcc": {
        "dmean": [13.3344621658, 9.59833717346, 8.56063270569, 7.87368917465, 7.43670463562, 7.11514139175, 6.91469240189, 6.83844852448, 6.57649230957, 6.58210039139, 6.5469622612, 6.2979259491, 6.08363103867],
        "dmean2": [17.2854862213, 14.1720590591, 12.9688825607, 12.4769096375, 11.8313093185, 11.3201570511, 11.2462215424, 11.1666660309, 10.6407880783, 10.6640319824, 10.7824354172, 10.3070344925, 9.99281215668],
        "dvar": [380.053100586, 111.690711975, 56.2808570862, 49.4267997742, 39.1511383057, 35.1263198853, 31.2904167175, 30.7037372589, 28.4776630402, 28.441904068, 27.6299972534, 25.7185306549, 22.4084911346],
        "dvar2": [510.063110352, 193.670257568, 111.090995789, 113.864341736, 87.9227294922, 82.9657745361, 78.5629730225, 77.6605911255, 71.9653167725, 72.3410339355, 71.6086196899, 67.5936813354, 60.7107124329],
        "max": [-515.292907715, 273.440368652, 123.425506592, 119.468185425, 63.0099983215, 59.4955711365, 26.1098403931, 62.2647476196, 23.2228431702, 50.9681968689, 37.2397575378, 49.1332817078, 27.2185134888],
        "mean": [-657.29876709, 189.722381592, -8.32591152191, 45.8553848267, 3.57554125786, 16.1489372253, -15.5494022369, 13.178273201, -8.91963577271, 7.76592588425, -4.74395704269, 2.56288671494, -10.1666278839],
        "median": [-642.912536621, 192.02557373, -9.05070495605, 44.7128448486, 3.58675384521, 17.0375862122, -14.8543586731, 13.4020423889, -8.47285461426, 7.15155410767, -5.50402259827, 2.20643997192, -10.0128479004],
        "min": [-1138.42004395, 1.14440917969e-05, -111.420089722, -44.000328064, -58.5929260254, -44.7046165466, -67.4989013672, -36.4213409424, -54.5601501465, -36.5604705811, -40.5504302979, -34.3153343201, -46.9592590332],
        "var": [5617.91210938, 1294.41516113, 1167.30517578, 540.204162598, 345.361602783, 254.897598267, 248.410964966, 171.250183105, 114.051498413, 177.695556641, 125.607116699, 96.7747650146, 94.1369476318],
        "cov": [[5620.08105469, -1296.02929688, -1038.76159668, 93.685043335, -620.222290039, 193.815994263, -480.812896729, 269.051391602, -216.775726318, 255.649475098, -128.532958984, 128.465774536, -168.214065552], [-1296.02929688, 1294.91491699, -252.638000488, -348.421081543, 160.412750244, -217.758712769, 206.675765991, -120.067459106, 65.2034835815, -49.059337616, 139.151367188, -55.9051208496, 60.1897201538], [-1038.76159668, -252.638000488, 1167.75585938, 278.602264404, -9.73623657227, 232.010498047, 120.226516724, 45.1920967102, -2.47434282303, -72.278137207, -68.2872314453, -2.02342653275, 3.6843392849], [93.685043335, -348.421081543, 278.602264404, 540.412719727, 101.886886597, 52.0376205444, -126.42880249, 41.2538261414, 24.5280895233, -63.5630531311, -86.495765686, 7.47007894516, 6.24133634567], [-620.222290039, 160.412750244, -9.73623657227, 101.886886597, 345.494934082, -57.9443778992, -8.26002311707, -16.7782287598, 38.9202270508, -10.7675008774, 4.34776735306, 4.9634718895, 14.4873113632], [193.815994263, -217.758712769, 232.010498047, 52.0376205444, -57.9443778992, 254.996017456, 50.1028366089, 23.0649452209, -16.5692863464, 11.3850336075, -17.0051212311, 6.23642969131, -19.8979263306], [-480.812896729, 206.675765991, 120.226516724, -126.42880249, -8.26002311707, 50.1028366089, 248.506881714, 4.1825003624, -9.18423748016, 9.40192222595, 44.4514198303, -7.28121089935, 4.20939445496], [269.051391602, -120.067459106, 45.1920967102, 41.2538261414, -16.7782287598, 23.0649452209, 4.1825003624, 171.316299438, -5.84037494659, 18.346075058, -9.81959152222, 28.0453605652, -18.8194770813], [-216.775726318, 65.2034835815, -2.47434282303, 24.5280895233, 38.9202270508, -16.5692863464, -9.18423748016, -5.84037494659, 114.095535278, 10.1974811554, -2.4811809063, -8.02804851532, 5.80893945694], [255.649475098, -49.059337616, -72.278137207, -63.5630531311, -10.7675008774, 11.3850336075, 9.40192222595, 18.346075058, 10.1974811554, 177.764160156, 53.7686653137, -1.99422621727, -38.4071655273], [-128.532958984, 139.151367188, -68.2872314453, -86.495765686, 4.34776735306, -17.0051212311, 44.4514198303, -9.81959152222, -2.4811809063, 53.7686653137, 125.655609131, 14.1580295563, -6.81333494186], [128.465774536, -55.9051208496, -2.02342653275, 7.47007894516, 4.9634718895, 6.23642969131, -7.28121089935, 28.0453605652, -8.02804851532, -1.99422621727, 14.1580295563, 96.8121337891, 22.2937355042], [-168.214065552, 60.1897201538, 3.6843392849, 6.24133634567, 14.4873113632, -19.8979263306, 4.20939445496, -18.8194770813, 5.80893945694, -38.4071655273, -6.81333494186, 22.2937355042, 94.1732940674]],
        "icov": [[0.000826611882076, 0.00010221239063, 0.000995535752736, -0.000479450041894, 0.001254398725, -0.000916111283004, 0.000890482624527, -0.000723146426026, 0.00112306396477, -0.00100081576966, 0.000994918169454, -0.000931126764044, 0.00064812018536], [0.00010221239063, 0.00181651639286, 0.000195462038391, 0.000733277702238, -0.000581901986152, 0.000948630797211, -0.00104392203502, 0.000313236989314, -0.000752432679292, 0.000963251281064, -0.00131302012596, 0.000927387853153, -0.000510739395395], [0.000995535752736, 0.000195462038391, 0.00254112435505, -0.00130193098448, 0.00158710381947, -0.00192017294466, 0.000111880573968, -0.00090976752108, 0.00125516520347, -0.000856229627971, 0.00140707567334, -0.00102578662336, 0.000721521733794], [-0.000479450041894, 0.000733277702238, -0.00130193098448, 0.0037941574119, -0.00202922220342, 0.000506478827447, 0.00086379959248, -8.31249853945e-05, -0.00138601905201, 0.00159881508444, -0.000438862247393, 0.00104420771822, -0.000703029683791], [0.001254398725, -0.000581901986152, 0.00158710381947, -0.00202922220342, 0.00565766915679, -0.000933822942898, 0.00122178532183, -0.000819351524115, 0.00118221901357, -0.00199800077826, 0.00176109746099, -0.00217791902833, 0.00115414115135], [-0.000916111283004, 0.000948630797211, -0.00192017294466, 0.000506478827447, -0.000933822942898, 0.00705831311643, -0.00269790971652, 0.00116294622421, -0.00129476608709, 0.000921472441405, -0.00116492481902, 0.000828302232549, -3.78110489692e-05], [0.000890482624527, -0.00104392203502, 0.000111880573968, 0.00086379959248, 0.00122178532183, -0.00269790971652, 0.0076870447956, -0.0017343335785, 0.00188965303823, -0.00129550066777, 0.000133849811391, -0.000605605193414, 0.000256135623204], [-0.000723146426026, 0.000313236989314, -0.00090976752108, -8.31249853945e-05, -0.000819351524115, 0.00116294622421, -0.0017343335785, 0.00755058415234, -0.00104005262256, 0.000217250999412, -0.000136740054586, -0.00151700642891, 0.00100937637035], [0.00112306396477, -0.000752432679292, 0.00125516520347, -0.00138601905201, 0.00118221901357, -0.00129476608709, 0.00188965303823, -0.00104005262256, 0.0114064961672, -0.00296880002134, 0.00234701158479, -0.000838189502247, 0.000235806321143], [-0.00100081576966, 0.000963251281064, -0.000856229627971, 0.00159881508444, -0.00199800077826, 0.000921472441405, -0.00129550066777, 0.000217250999412, -0.00296880002134, 0.00941795762628, -0.00502964342013, 0.00200679386035, 0.00131273665465], [0.000994918169454, -0.00131302012596, 0.00140707567334, -0.000438862247393, 0.00176109746099, -0.00116492481902, 0.000133849811391, -0.000136740054586, 0.00234701158479, -0.00502964342013, 0.0133943269029, -0.0042684446089, 0.00182351225521], [-0.000931126764044, 0.000927387853153, -0.00102578662336, 0.00104420771822, -0.00217791902833, 0.000828302232549, -0.000605605193414, -0.00151700642891, -0.000838189502247, 0.00200679386035, -0.0042684446089, 0.0141617003828, -0.00484221521765], [0.00064812018536, -0.000510739395395, 0.000721521733794, -0.000703029683791, 0.00115414115135, -3.78110489692e-05, 0.000256135623204, 0.00100937637035, 0.000235806321143, 0.00131273665465, 0.00182351225521, -0.00484221521765, 0.0139249954373]]
    }
}

}