{
"metadata": {
    "version": {
        "essentia": "2.0.1",
        "extractor": "archive-music 1.0 mod ismir14"
    },
    "audio_properties": {
        "analysis_sample_rate": 44100,
        "bitrate": 112,
        "channels": 2,
        "equal_loudness": 0,
        "length": 30.0669155121,
        "replay_gain": -10.2236347198,
        "downmix": "mix"
    },
    "tags": {
        "track": 0,
        "year": 0,
        "album": "",
        "artist": "",
        "comment": "",
        "genre": "",
        "title": ""
    }
},
"rhythm": {
    "bpm": 172.265594482,
    "bpm_histogram_first_peak": 172,
    "bpm_histogram_first_peak_spread": 0,
    "bpm_histogram_first_peak_weight": 0.5,
    "bpm_histogram_second_peak": 178,
    "bpm_histogram_second_peak_spread": 0,
    "bpm_histogram_second_peak_weight": 0.27380952239
},
"tonal": {
    "tuning_frequency": {
        "dmean": 0.0248134285212,
        "dmean2": 0.0421260111034,
        "dvar": 0.0352432839572,
        "dvar2": 0.0605711378157,
        "max": 435.952270508,
        "mean": 434.682952881,
        "median": 434.695007324,
        "min": 433.942382812,
        "var": 0.0331500098109
    },
    "hpcp": {
        "dmean": [0.127296790481, 0.209401324391, 0.179862484336, 0.277020543814, 0.039409302175, 0.155142858624, 0.172920837998, 0.267562061548, 0.0952767208219, 0.0904075428843, 0.24818444252, 0.0867367461324],
        "dmean2": [0.235882803798, 0.388251513243, 0.312529414892, 0.502110540867, 0.068168208003, 0.270549654961, 0.314283877611, 0.468085378408, 0.169874876738, 0.159684419632, 0.427460432053, 0.1575730443],
        "dvar": [0.0538428910077, 0.0785053148866, 0.0525443069637, 0.11332282424, 0.00675423257053, 0.0771583467722, 0.100812703371, 0.107333526015, 0.045687019825, 0.0283139757812, 0.0784428864717, 0.0256941281259],
        "dvar2": [0.146522149444, 0.18488059938, 0.130786180496, 0.253683745861, 0.0199293456972, 0.180812224746, 0.242515280843, 0.275483042002, 0.12740086019, 0.0706524252892, 0.147157073021, 0.0747010931373],
        "max": [1, 1, 1, 1, 0.539765357971, 1, 1, 1, 1, 1, 1, 1],
        "mean": [0.104715615511, 0.239596635103, 0.175921678543, 0.400194227695, 0.0327095128596, 0.146612435579, 0.185683488846, 0.228904694319, 0.0669854059815, 0.0754929855466, 0.3775190413, 0.0705165788531],
        "median": [0.0232458095998, 0.0997037068009, 0.0736610069871, 0.150731906295, 0.00749406870455, 0.0262512732297, 0.0153271676973, 0.0469324216247, 0.0124053116888, 0.019362302497, 0.200140222907, 0.0232807472348],
        "min": [0.00088311341824, 0.00461698602885, 0.00063892104663, 0.000171633175341, 7.21419928595e-05, 0.00112355849706, 0.00013937886979, 0.000359201803803, 0.000412141875131, 0.000122762474348, 0.000899342354387, 0.000538215332199],
        "var": [0.0432295054197, 0.099262714386, 0.0619217380881, 0.173832014203, 0.00553572271019, 0.0819000676274, 0.120489262044, 0.113557502627, 0.0324670448899, 0.0249890666455, 0.145249828696, 0.0189503673464]
    }
},
"lowlevel": {
    "melbands": {
        "dmean": [2.86916304049e-07, 1.42124108606e-05, 1.79566759471e-05, 0.000195840970264, 0.000168862723513, 7.87903700257e-05, 3.62021601177e-05, 3.22966880049e-05, 2.08590099646e-05, 1.41695027196e-05, 1.19063606689e-05, 9.08257425181e-06, 1.07967853182e-05, 4.63113974547e-06, 4.31996659245e-06, 3.08761786982e-06, 6.37228231426e-06, 2.63031051873e-06, 3.70800898963e-06, 8.709158692e-07, 1.11217798349e-06, 1.03605486856e-06, 6.90379977186e-07, 1.02483807041e-06, 2.37278300119e-06, 2.84949283014e-06, 6.66550818096e-07, 3.53939412889e-07, 1.49892755985e-07, 9.80640848525e-08, 3.95216126492e-08, 6.58287291344e-09, 1.08891518025e-09, 2.65684835243e-10, 7.23127183133e-11, 2.87531231463e-11, 1.07664875279e-11, 2.54224484346e-12, 1.31200909512e-12, 3.33570573507e-13],
        "dmean2": [4.62082965669e-07, 2.43624908762e-05, 3.1136933103e-05, 0.000334925891366, 0.000303566746879, 0.00013876495359, 6.21553845122e-05, 5.42374255019e-05, 3.89156339224e-05, 2.6724061172e-05, 2.21629161388e-05, 1.76189842023e-05, 1.99759815587e-05, 8.63201057655e-06, 8.27156054584e-06, 5.6688454606e-06, 1.16467499538e-05, 4.63676769868e-06, 6.65564266455e-06, 1.53604105435e-06, 1.94097810891e-06, 1.86846921224e-06, 1.21731534364e-06, 1.8218453306e-06, 4.36625805378e-06, 5.34156470167e-06, 1.19490948691e-06, 6.49744265502e-07, 2.81035880789e-07, 1.84289291383e-07, 7.78127002832e-08, 1.23367644989e-08, 2.11598893962e-09, 5.12306419509e-10, 1.34643241001e-10, 5.13140849256e-11, 1.88836082188e-11, 3.56639934598e-12, 1.51494951566e-12, 4.55704809825e-13],
        "dvar": [9.75166738267e-14, 1.44258627266e-09, 7.71988084569e-10, 2.99326899267e-07, 3.91087731089e-08, 5.96362603744e-09, 1.7544684594e-09, 2.25088436778e-09, 3.22440008027e-09, 9.80301728681e-10, 8.70360616911e-10, 7.00434654721e-10, 9.95420523786e-10, 1.39983399872e-10, 1.71633957047e-10, 4.34359562207e-11, 3.84608539461e-10, 1.64586937829e-11, 5.1641756843e-11, 1.74938871982e-12, 2.2649679441e-12, 2.4613451468e-12, 1.43009725156e-12, 2.81684896762e-12, 3.31339643223e-11, 4.64378674403e-11, 9.51858166939e-13, 4.24980824186e-13, 1.15847422258e-13, 8.63977604195e-14, 2.13893860983e-14, 3.4629562973e-16, 2.56255077833e-17, 7.80193910327e-19, 2.46734292702e-20, 5.28506009368e-21, 8.75689020145e-22, 1.22419537349e-22, 9.52330176614e-23, 3.04938087775e-24],
        "dvar2": [2.17804317333e-13, 2.89712787094e-09, 2.0196022632e-09, 7.95338337412e-07, 1.10330269365e-07, 1.70346758921e-08, 4.81282969034e-09, 5.16775822135e-09, 9.76904246386e-09, 2.9782516453e-09, 2.67897037887e-09, 2.12911199782e-09, 2.85762147278e-09, 4.1870340528e-10, 5.35479494079e-10, 1.22393303825e-10, 1.11458142715e-09, 4.6455509578e-11, 1.47452605681e-10, 4.91900010308e-12, 6.72258039167e-12, 7.24337300209e-12, 4.15934691203e-12, 8.06609466719e-12, 9.78385705785e-11, 1.37669778355e-10, 2.51502681528e-12, 1.16924666563e-12, 3.27387449832e-13, 2.44621082288e-13, 6.37709218656e-14, 9.87845927867e-16, 7.5810977409e-17, 2.47514587037e-18, 7.49897192546e-20, 1.57059012416e-20, 2.45211997647e-21, 1.2427886357e-22, 9.21130033615e-23, 2.9985504281e-24],
        "max": [2.10600728678e-06, 0.000409938511439, 0.000231468540733, 0.00545674236491, 0.00118655222468, 0.000387712876545, 0.000225629890338, 0.000390710512875, 0.000372075213818, 0.000217770982999, 0.000160613533808, 0.000144319201354, 0.000250136072282, 9.26509164856e-05, 8.37260158733e-05, 5.92147698626e-05, 0.000183583048056, 2.61675268121e-05, 7.08572624717e-05, 1.27663724925e-05, 9.78236312221e-06, 9.25980748434e-06, 7.68099835113e-06, 1.15795992315e-05, 3.72176073142e-05, 5.34694736416e-05, 4.81830329591e-06, 4.21452932642e-06, 1.85063663594e-06, 2.18290256271e-06, 1.25881342683e-06, 1.53109809276e-07, 4.59649847073e-08, 6.26229335055e-09, 9.21458132019e-10, 6.02915051218e-10, 2.58794957686e-10, 1.28207194861e-10, 1.11614599507e-10, 1.88424501696e-11],
        "mean": [4.36507320956e-07, 1.84872533282e-05, 2.56505918514e-05, 0.000221021909965, 0.000204080206458, 9.44779603742e-05, 3.64736588381e-05, 3.51712224074e-05, 1.52123357111e-05, 1.01297755464e-05, 9.52763002715e-06, 5.597967629e-06, 8.82286803972e-06, 3.33690081789e-06, 2.96209418593e-06, 2.37076505982e-06, 4.95075801155e-06, 2.38314578382e-06, 3.41607983501e-06, 9.37712286486e-07, 1.06395077637e-06, 9.50112564624e-07, 6.10290783243e-07, 8.43624889058e-07, 1.84228963462e-06, 2.08015512726e-06, 5.50285562895e-07, 2.7423286042e-07, 9.9625481198e-08, 6.08838064409e-08, 2.49570231148e-08, 4.20608925467e-09, 6.76566580537e-10, 1.89269322437e-10, 7.02674377018e-11, 2.91622385962e-11, 1.14705215812e-11, 3.36292473903e-12, 1.45458460814e-12, 3.09470683671e-13],
        "median": [3.50245926484e-07, 1.00554552773e-05, 1.41770042319e-05, 7.85603624536e-05, 0.000116333103506, 6.62177626509e-05, 2.01834027393e-05, 1.19186006486e-05, 3.38254176313e-06, 1.48644221554e-06, 1.1505353541e-06, 5.97483449383e-07, 9.26773282117e-07, 8.84844212123e-07, 6.47868262149e-07, 7.89853686456e-07, 1.78729010258e-06, 1.20563493056e-06, 1.58734212619e-06, 4.34986873188e-07, 5.38141819106e-07, 4.74627370295e-07, 1.97667588964e-07, 2.68986156016e-07, 5.62986656405e-07, 5.98254587203e-07, 2.14221401507e-07, 7.26895450498e-08, 1.86580599859e-08, 6.95447521792e-09, 2.3651371972e-09, 4.98370844593e-10, 1.18526494175e-10, 6.08346012454e-11, 3.30594752962e-11, 1.56026320336e-11, 6.4531630907e-12, 1.62675103423e-12, 2.96025004639e-13, 5.03590767177e-14],
        "min": [3.08599616972e-08, 9.68198605733e-07, 1.27399846406e-06, 1.45901458382e-06, 2.63793367594e-06, 3.22539875697e-07, 3.93459373527e-07, 1.79933209665e-07, 1.17180803727e-07, 3.1236091047e-08, 2.38758790516e-08, 1.97707752392e-08, 3.03345828456e-08, 9.40985156461e-09, 7.7557187339e-09, 2.24122018722e-08, 2.28567529348e-08, 3.53106202056e-08, 2.71529181362e-08, 2.66083133305e-09, 2.30520291744e-09, 1.10074604986e-09, 3.37390559935e-10, 4.6806702958e-10, 6.90510426615e-10, 3.85233234201e-10, 2.20174475873e-10, 1.45565809406e-10, 1.03545845509e-10, 5.32369565098e-11, 2.83824231478e-11, 1.42784733689e-11, 5.84025969946e-12, 4.47934571379e-12, 2.77406526569e-12, 1.36345904185e-12, 1.03115248545e-12, 4.85814350987e-13, 3.07428033226e-14, 5.99372329587e-15],
        "var": [1.25607193375e-13, 1.66495628395e-09, 9.59890722463e-10, 2.34388281228e-07, 5.26553414204e-08, 8.19158962884e-09, 1.99086924724e-09, 3.37075745094e-09, 2.07662331775e-09, 6.27954632737e-10, 6.7816419147e-10, 4.11245343335e-10, 7.37165495313e-10, 8.44283601364e-11, 1.01983477219e-10, 3.08721694042e-11, 2.33943503458e-10, 1.37963781024e-11, 4.10136265228e-11, 1.92624995815e-12, 2.04479402161e-12, 1.99845001658e-12, 1.21603898826e-12, 2.25475107335e-12, 1.9658982775e-11, 2.90148755716e-11, 8.53242823617e-13, 3.01334613729e-13, 7.21585876988e-14, 5.37542321039e-14, 1.31531578977e-14, 2.36138942e-16, 1.37708589972e-17, 4.22174347234e-19, 1.8199601988e-20, 3.39195305649e-21, 5.67937139674e-22, 1.34307974113e-22, 9.84616486416e-23, 3.14966422868e-24]
    },
    "mfcc": {
        "dmean": [37.8893470764, 13.9124488831, 25.521484375, 16.5130138397, 13.1077833176, 9.14857578278, 9.08330726624, 11.4819364548, 7.41423273087, 7.15729522705, 8.35644340515, 7.81349086761, 7.0567688942],
        "dmean2": [65.9410324097, 21.5153999329, 42.490020752, 26.7205886841, 21.8328037262, 15.1781225204, 15.2678060532, 19.319442749, 12.1295557022, 11.2379455566, 13.4941282272, 12.6253385544, 11.6313714981],
        "dvar": [942.360168457, 150.364761353, 441.904602051, 241.46875, 133.020095825, 66.3626327515, 54.3309745789, 79.8871459961, 27.9435997009, 36.0946540833, 33.1112174988, 35.7390785217, 28.5489902496],
        "dvar2": [2853.07055664, 329.730529785, 1210.14147949, 544.037597656, 410.299102783, 165.772583008, 133.256835938, 188.281646729, 82.8578948975, 82.4422607422, 90.4749755859, 98.5774383545, 72.3663635254],
        "max": [-757.62878418, 215.775054932, 72.6969909668, 100.929832458, 39.4104957581, 5.18302154541, 26.0616989136, 19.9088382721, -4.62059020996, 25.4873752594, 7.47478866577, 5.41272735596, 11.2494506836],
        "mean": [-844.980163574, 178.95854187, -35.7703514099, 28.996465683, 10.3136501312, -28.5417442322, -5.93676376343, -28.6335964203, -27.7607269287, -4.63667106628, -12.2266044617, -15.5910987854, -6.5735707283],
        "median": [-842.362915039, 178.56338501, -39.4974327087, 28.7768135071, 12.8555908203, -28.7913169861, -5.78115844727, -32.4452972412, -27.9588088989, -3.73070526123, -11.7558727264, -15.8195877075, -5.23109436035],
        "min": [-985.014709473, 120.09450531, -103.312698364, -17.1027030945, -43.1512985229, -68.2153320312, -30.9536209106, -55.1699447632, -56.4980392456, -33.7223129272, -36.6728096008, -42.4866600037, -29.6959953308],
        "var": [1520.45202637, 307.704101562, 896.354187012, 407.687347412, 280.536376953, 161.734420776, 97.2886352539, 227.070648193, 69.0696563721, 144.686706543, 75.490737915, 63.2695732117, 68.6485214233],
        "cov": [[1529.83752441, -60.5101470947, -1056.09277344, 289.998809814, -281.947235107, -229.372329712, 231.146316528, -61.777179718, 39.9170341492, -81.4080581665, -40.9647216797, 78.3933944702, -113.00177002], [-60.5101470947, 309.603515625, 193.754699707, -261.016479492, -26.6277942657, -47.7188835144, -20.0572338104, 161.952972412, -10.2235908508, -52.4511642456, -7.11146211624, -20.4026527405, -1.5382283926], [-1056.09277344, 193.754699707, 901.887268066, -250.965011597, 132.285690308, 142.51725769, -179.053482056, 100.331512451, -14.4145689011, -6.52949285507, 19.502696991, -58.2101173401, 46.5643539429], [289.998809814, -261.016479492, -250.965011597, 410.203948975, 69.9727630615, 16.7151355743, 20.9784812927, -213.473022461, -8.8743686676, 42.1471633911, -22.020860672, 14.2630996704, -20.5377521515], [-281.947235107, -26.6277942657, 132.285690308, 69.9727630615, 282.268096924, 114.9296875, -78.4508209229, -104.828414917, -54.8060264587, 97.1487121582, 2.56659293175, -32.7091636658, 58.8414344788], [-229.372329712, -47.7188835144, 142.51725769, 16.7151355743, 114.9296875, 162.732788086, -30.8185634613, -94.6467895508, -1.7892472744, 54.9540367126, 26.9902305603, 5.72333049774, 22.706993103], [231.146316528, -20.0572338104, -179.053482056, 20.9784812927, -78.4508209229, -30.8185634613, 97.8891830444, 19.6466808319, -4.46113157272, -8.80038928986, -1.21563911438, 20.5759429932, -14.4702014923], [-61.777179718, 161.952972412, 100.331512451, -213.473022461, -104.828414917, -94.6467895508, 19.6466808319, 228.472320557, 26.0400218964, -102.389030457, -10.9498004913, -3.00068664551, -9.80554580688], [39.9170341492, -10.2235908508, -14.4145689011, -8.8743686676, -54.8060264587, -1.7892472744, -4.46113157272, 26.0400218964, 69.4960174561, -17.6054801941, -15.5113649368, 15.1150627136, -10.0077972412], [-81.4080581665, -52.4511642456, -6.52949285507, 42.1471633911, 97.1487121582, 54.9540367126, -8.80038928986, -102.389030457, -17.6054801941, 145.579833984, 36.8386154175, -29.1028518677, 35.5462799072], [-40.9647216797, -7.11146211624, 19.502696991, -22.020860672, 2.56659293175, 26.9902305603, -1.21563911438, -10.9498004913, -15.5113649368, 36.8386154175, 75.9567260742, 12.6836662292, -3.63797044754], [78.3933944702, -20.4026527405, -58.2101173401, 14.2630996704, -32.7091636658, 5.72333049774, 20.5759429932, -3.00068664551, 15.1150627136, -29.1028518677, 12.6836662292, 63.6601257324, 5.18180513382], [-113.00177002, -1.5382283926, 46.5643539429, -20.5377521515, 58.8414344788, 22.706993103, -14.4702014923, -9.80554580688, -10.0077972412, 35.5462799072, -3.63797044754, 5.18180513382, 69.0722808838]],
        "icov": [[141.411422729, -196.229644775, 185.73348999, -168.412689209, 147.163818359, -123.358543396, 97.8245773315, -73.6504592896, 52.3149185181, -33.6863288879, 20.0473842621, -9.96083831787, 3.63639855385], [-196.229644775, 272.30960083, -257.740844727, 233.716339111, -204.233352661, 171.207931519, -135.778747559, 102.233215332, -72.6233901978, 46.7718772888, -27.8374156952, 13.8361415863, -5.04890775681], [185.73348999, -257.740844727, 243.970733643, -221.236557007, 193.348068237, -162.105926514, 128.587509155, -96.837020874, 68.8068237305, -44.3285675049, 26.3964309692, -13.1307258606, 4.79650735855], [-168.412689209, 233.716339111, -221.236557007, 200.653091431, -175.377365112, 147.068908691, -116.690284729, 87.9106903076, -62.4821205139, 40.2806167603, -23.9977703094, 11.9553794861, -4.36739444733], [147.163818359, -204.233352661, 193.348068237, -175.377365112, 153.327316284, -128.611114502, 102.089317322, -76.9355163574, 54.7173271179, -35.301776886, 21.0540847778, -10.5069570541, 3.84158658981], [-123.358543396, 171.207931519, -162.105926514, 147.068908691, -128.611114502, 107.939971924, -85.7240753174, 64.6500930786, -46.0090103149, 29.7183551788, -17.7493877411, 8.88071918488, -3.25476527214], [97.8245773315, -135.778747559, 128.587509155, -116.690284729, 102.089317322, -85.7240753174, 68.1622238159, -51.4376029968, 36.6478385925, -23.7145061493, 14.1892251968, -7.13482522964, 2.62132072449], [-73.6504592896, 102.233215332, -96.837020874, 87.9106903076, -76.9355163574, 64.6500930786, -51.4376029968, 38.8739318848, -27.716386795, 17.9728870392, -10.7722425461, 5.43981742859, -2.00520992279], [52.3149185181, -72.6233901978, 68.8068237305, -62.4821205139, 54.7173271179, -46.0090103149, 36.6478385925, -27.716386795, 19.8099327087, -12.8598384857, 7.73163986206, -3.92445969582, 1.45099234581], [-33.6863288879, 46.7718772888, -44.3285675049, 40.2806167603, -35.301776886, 29.7183551788, -23.7145061493, 17.9728870392, -12.8598384857, 8.40027618408, -5.06509876251, 2.59779691696, -0.969662189484], [20.0473842621, -27.8374156952, 26.3964309692, -23.9977703094, 21.0540847778, -17.7493877411, 14.1892251968, -10.7722425461, 7.73163986206, -5.06509876251, 3.08335804939, -1.59021782875, 0.598387479782], [-9.96083831787, 13.8361415863, -13.1307258606, 11.9553794861, -10.5069570541, 8.88071918488, -7.13482522964, 5.43981742859, -3.92445969582, 2.59779691696, -1.59021782875, 0.859323382378, -0.325977742672], [3.63639855385, -5.04890775681, 4.79650735855, -4.36739444733, 3.84158658981, -3.25476527214, 2.62132072449, -2.00520992279, 1.45099234581, -0.969662189484, 0.598387479782, -0.325977742672, 0.146164149046]]
    }
}

}