{
"metadata": {
    "version": {
        "essentia": "2.0.1",
        "extractor": "archive-music 1.0 mod ismir14"
    },
    "audio_properties": {
        "analysis_sample_rate": 44100,
        "bitrate": 128,
        "channels": 2,
        "equal_loudness": 0,
        "length": 30.0669155121,
        "replay_gain": -14.8066997528,
        "downmix": "mix"
    },
    "tags": {
        "track": 0,
        "year": 0,
        "album": "",
        "artist": "",
        "comment": "",
        "genre": "",
        "title": ""
    }
},
"rhythm": {
    "bpm": 109.27457428,
    "bpm_histogram_first_peak": 110,
    "bpm_histogram_first_peak_spread": 0.490566015244,
    "bpm_histogram_first_peak_weight": 0.509433984756,
    "bpm_histogram_second_peak": 0,
    "bpm_histogram_second_peak_spread": 0,
    "bpm_histogram_second_peak_weight": 0
},
"tonal": {
    "tuning_frequency": {
        "dmean": 0.0978159978986,
        "dmean2": 0.166583895683,
        "dvar": 0.273964226246,
        "dvar2": 0.395385444164,
        "max": 446.399932861,
        "mean": 442.399169922,
        "median": 441.782684326,
        "min": 439.745910645,
        "var": 0.718374192715
    },
    "hpcp": {
        "dmean": [0.124595455825, 0.0964573100209, 0.0590595193207, 0.157511666417, 0.0436184816062, 0.144143119454, 0.0508818440139, 0.0993587970734, 0.148395568132, 0.0364044085145, 0.165906444192, 0.067732706666],
        "dmean2": [0.232334449887, 0.173705145717, 0.110756739974, 0.265499919653, 0.0811984166503, 0.239668667316, 0.0957656800747, 0.179326474667, 0.260524302721, 0.0699015706778, 0.27055940032, 0.128198817372],
        "dvar": [0.0428284518421, 0.0551951378584, 0.0102277826518, 0.0677770599723, 0.0138454567641, 0.0524080432951, 0.0158655177802, 0.0307641644031, 0.0383848175406, 0.00525777414441, 0.0631789788604, 0.0248114597052],
        "dvar2": [0.105099871755, 0.107858493924, 0.0246344078332, 0.155140906572, 0.0291147325188, 0.113571584225, 0.0438086315989, 0.0748843923211, 0.0940599888563, 0.0149356694892, 0.127770602703, 0.0672422349453],
        "max": [1, 1, 0.547549545765, 1, 1, 1, 0.969269037247, 1, 1, 0.484758526087, 1, 1],
        "mean": [0.166196420789, 0.247765600681, 0.0440110675991, 0.458714723587, 0.0382178649306, 0.253717899323, 0.0354753658175, 0.101517952979, 0.233607381582, 0.0258062779903, 0.227026775479, 0.0466725192964],
        "median": [0.0426862277091, 0.0153664108366, 0.0105933872983, 0.256560742855, 0.0100437961519, 0.0778020173311, 0.0105651766062, 0.0246203579009, 0.108282275498, 0.0105074886233, 0.0823024362326, 0.00986682530493],
        "min": [3.21173174598e-05, 0.000224252144108, 0.000534475722816, 0.000753000902478, 9.41709658946e-05, 0.000600475061219, 0.000317102734698, 0.00106046360452, 0.000732802902348, 0.000178118236363, 0.000398507923819, 0.000602276879363],
        "var": [0.0782728046179, 0.163659930229, 0.00817105639726, 0.191706925631, 0.0134129934013, 0.125229388475, 0.0093967076391, 0.0373130738735, 0.0926908105612, 0.00301146600395, 0.0994307547808, 0.0162923894823]
    }
},
"lowlevel": {
    "melbands": {
        "dmean": [0.00014723817003, 0.000256398750935, 0.000170806830283, 0.000115720133181, 4.48141618108e-05, 5.6319990108e-05, 2.56870716839e-05, 4.05174359912e-05, 6.0307142121e-05, 4.3940552132e-05, 9.39927758736e-06, 1.09456768769e-05, 7.60657712817e-06, 7.82944243838e-06, 6.20128685114e-06, 6.88148520567e-06, 6.22943844064e-06, 6.71186808177e-06, 3.66290851161e-06, 5.39506436326e-06, 2.31089074987e-06, 1.58411660323e-06, 1.85557485111e-06, 1.20762604183e-06, 6.5369732738e-07, 4.36766526946e-07, 2.88204802246e-07, 2.12618388673e-07, 2.40742224378e-07, 1.80546066986e-07, 1.49299481222e-07, 1.57218906338e-07, 1.4800092174e-07, 1.11766212285e-07, 8.75741932305e-08, 6.48578577511e-08, 3.76362301324e-08, 1.26169839021e-08, 2.78018763566e-09, 2.33514402259e-10],
        "dmean2": [0.000271107739536, 0.000428523373557, 0.000266825634753, 0.000192039340618, 7.11562897777e-05, 9.63099228102e-05, 4.41884658358e-05, 6.73539325362e-05, 0.000101143181382, 7.02074248693e-05, 1.64881039382e-05, 2.01656694117e-05, 1.3632912669e-05, 1.42808730743e-05, 1.0931835277e-05, 1.21038774523e-05, 1.05893150248e-05, 1.15407337944e-05, 6.26640485279e-06, 8.25005190563e-06, 3.90233753933e-06, 2.81784627987e-06, 2.98625923278e-06, 1.95833354155e-06, 1.17887680062e-06, 7.96753624854e-07, 5.34320861334e-07, 3.94398426806e-07, 4.33356035501e-07, 3.33477856884e-07, 2.72931742984e-07, 2.89060068326e-07, 2.74183719284e-07, 2.08906641319e-07, 1.63747074566e-07, 1.24160322912e-07, 7.23244468759e-08, 2.43809346046e-08, 5.31598498554e-09, 4.52199500067e-10],
        "dvar": [4.43766623448e-08, 8.58925801595e-08, 3.40248291764e-08, 1.21143681753e-08, 1.47523726568e-09, 5.56751977854e-09, 1.1383353149e-09, 4.59545157483e-09, 1.17128777788e-08, 7.0725429957e-09, 4.2178480153e-10, 9.66141722181e-10, 3.67160857273e-10, 1.8667904722e-10, 1.85079687687e-10, 1.95787663859e-10, 1.26574153936e-10, 1.6211085252e-10, 3.56826929115e-11, 2.28461777274e-10, 1.35223368961e-11, 4.87666634505e-12, 1.38851768625e-11, 3.82680302377e-12, 8.13017676186e-13, 2.50343989245e-13, 9.24688995621e-14, 5.70651517576e-14, 7.75761833244e-14, 4.92112555946e-14, 3.29939153527e-14, 4.78312356356e-14, 5.57822966421e-14, 4.80945781789e-14, 6.01901476794e-14, 5.16973243999e-14, 2.30143696797e-14, 2.25618491039e-15, 8.68310150192e-17, 9.5796500183e-19],
        "dvar2": [1.22867049868e-07, 2.02209932354e-07, 8.14037264263e-08, 3.69704089564e-08, 3.64040619871e-09, 1.40415767902e-08, 2.45250642017e-09, 1.14029727882e-08, 3.49746507311e-08, 1.6555450344e-08, 1.21626897442e-09, 2.81403300662e-09, 1.04052555461e-09, 5.62009883076e-10, 5.3409032752e-10, 5.19050136205e-10, 3.33028410404e-10, 4.10790707006e-10, 9.63345236915e-11, 3.89140691892e-10, 2.89572983647e-11, 1.46561443537e-11, 2.89196045583e-11, 7.31009697219e-12, 1.99125850357e-12, 6.30675036934e-13, 2.46863510536e-13, 1.40487244776e-13, 1.87780238407e-13, 1.1548898502e-13, 8.53417542798e-14, 1.3096853246e-13, 1.56234603705e-13, 1.40767782088e-13, 1.79254939885e-13, 1.54876504958e-13, 6.88117030262e-14, 6.71617336669e-15, 2.57288322371e-16, 2.85433394176e-18],
        "max": [0.000826914852951, 0.00187407445628, 0.00163754471578, 0.000717294518836, 0.000293116550893, 0.0004166639701, 0.000175551322172, 0.000478825852042, 0.000827885989565, 0.000667398795485, 0.000133959256345, 0.000262973335339, 0.000151939879288, 9.09388909349e-05, 0.000116355062346, 9.58506498137e-05, 8.0321697169e-05, 0.000107656385808, 3.51308444806e-05, 0.000185227574548, 3.5782391933e-05, 1.35439531732e-05, 3.14002354571e-05, 1.68187598319e-05, 5.2209934438e-06, 3.43546867043e-06, 1.38449570386e-06, 1.05045876353e-06, 1.63802383213e-06, 1.03074717117e-06, 7.61827664064e-07, 1.3128228602e-06, 1.7464725488e-06, 1.80517542958e-06, 2.22654830395e-06, 2.08842607208e-06, 1.39934718391e-06, 4.35601862137e-07, 8.59538289433e-08, 9.05851660349e-09],
        "mean": [0.000153400411364, 0.00066369160777, 0.000476445740787, 0.000177713809535, 7.46868681745e-05, 6.82580357534e-05, 3.41882696375e-05, 4.37978123955e-05, 6.11303767073e-05, 4.36508453276e-05, 9.07420144358e-06, 9.7678948805e-06, 6.34894968243e-06, 6.40207008473e-06, 5.8377604546e-06, 6.64081062496e-06, 6.163501439e-06, 6.170283541e-06, 3.3799638004e-06, 6.5604313022e-06, 2.80047152046e-06, 1.96946757569e-06, 2.61373611465e-06, 1.56559269726e-06, 7.75278181209e-07, 4.77085905004e-07, 2.66080462552e-07, 1.81653305731e-07, 2.07983092082e-07, 1.46659687061e-07, 1.15637242004e-07, 1.16984395504e-07, 1.07862184962e-07, 8.03358943813e-08, 6.42130615347e-08, 4.43965966213e-08, 2.47257041508e-08, 8.18337575481e-09, 1.85055148982e-09, 1.49577780717e-10],
        "median": [9.90726693999e-05, 0.000675756600685, 0.000453591928817, 0.000147435042891, 5.82000429858e-05, 2.72304787359e-05, 2.0464813133e-05, 1.95927550521e-05, 2.24297018576e-05, 1.06270908873e-05, 3.47057721228e-06, 3.86778037864e-06, 2.55223767454e-06, 1.71359874912e-06, 2.24955851991e-06, 2.16482249016e-06, 2.20888000513e-06, 1.74890260496e-06, 1.19504545637e-06, 1.03791285255e-06, 1.11741439923e-06, 1.07102687252e-06, 8.21978460408e-07, 5.15573560733e-07, 3.86362188465e-07, 2.65150646328e-07, 1.50193571358e-07, 8.80312143181e-08, 8.83878783497e-08, 4.93016969472e-08, 4.20404973056e-08, 4.13450074177e-08, 3.38219123819e-08, 2.60941419583e-08, 1.88624476039e-08, 1.36901086023e-08, 6.91621115934e-09, 2.25931073849e-09, 5.52201562254e-10, 3.8525588969e-11],
        "min": [1.81102302577e-06, 2.09732957046e-06, 2.95554923468e-06, 4.21886534241e-06, 2.98466648019e-06, 3.85826751881e-07, 1.00609656783e-06, 1.94545730636e-08, 2.55430364859e-07, 5.44273603964e-08, 2.27835332822e-08, 1.38651454762e-08, 2.50035778748e-08, 1.72305583135e-08, 9.38884170409e-09, 6.18805717778e-09, 9.14658571105e-09, 8.86108875164e-09, 8.46010195232e-09, 9.36370625482e-09, 6.12106054731e-09, 5.98579052991e-09, 6.58980514601e-09, 4.21140189388e-09, 2.60823895815e-09, 2.14702677859e-09, 5.9660570928e-10, 3.43436584727e-10, 2.36052288827e-10, 1.88812035451e-10, 7.16379386367e-11, 3.22564301658e-11, 1.15526078287e-11, 4.24198219953e-12, 2.75175715547e-12, 1.42991597295e-12, 1.19247591402e-12, 3.84527723248e-13, 1.84838174497e-14, 2.57261376136e-15],
        "var": [3.254513814e-08, 1.75670464841e-07, 6.95257114103e-08, 1.64401985359e-08, 3.34701133475e-09, 7.83060727372e-09, 1.49952239514e-09, 4.96236829406e-09, 1.06061097682e-08, 9.5544239187e-09, 3.23076676523e-10, 5.9042837286e-10, 2.44627790247e-10, 1.41476663718e-10, 1.35301214677e-10, 1.65955305054e-10, 1.31851904395e-10, 1.50438952962e-10, 3.25363624931e-11, 4.81604534031e-10, 2.21880291917e-11, 6.52208538912e-12, 2.95501609293e-11, 9.10086329214e-12, 1.06857415711e-12, 3.40806864067e-13, 9.16938982967e-14, 4.92535767488e-14, 7.68056611692e-14, 4.58395257516e-14, 2.72765954246e-14, 3.54606006559e-14, 3.79681332761e-14, 2.98271437659e-14, 3.41268727416e-14, 2.77629854599e-14, 1.21845393001e-14, 1.19837427284e-15, 4.75367363883e-17, 5.09701300528e-19]
    },
    "mfcc": {
        "dmean": [43.7380332947, 21.864490509, 18.8799171448, 12.0899391174, 12.3496789932, 9.95100212097, 8.56683158875, 7.2427406311, 7.25503349304, 7.57748365402, 6.75987625122, 5.81036472321, 5.77618551254],
        "dmean2": [71.0663528442, 35.8956069946, 30.0695610046, 19.8248138428, 19.2640457153, 16.7770729065, 12.7489156723, 11.7261400223, 12.1311473846, 12.4692144394, 10.9078130722, 9.3649930954, 9.22023487091],
        "dvar": [1164.65246582, 301.821472168, 273.70501709, 100.67224884, 94.0155487061, 56.8023986816, 48.8578224182, 32.390663147, 28.0914058685, 48.2512245178, 28.7471599579, 20.8873748779, 17.6653137207],
        "dvar2": [2996.51000977, 853.864013672, 760.165222168, 222.653259277, 232.382110596, 131.34046936, 121.589248657, 90.1695404053, 76.554145813, 90.1170272827, 75.7835693359, 57.1636543274, 44.2165374756],
        "max": [-679.135498047, 228.355133057, 90.3347167969, 84.1279907227, 40.6616401672, 46.4359512329, 15.8706321716, 36.3023452759, 15.4198570251, 32.7371749878, 21.9902839661, 18.0126647949, 5.36933898926],
        "mean": [-777.214233398, 174.544876099, -2.70339846611, 39.3362693787, 6.92316770554, 14.6340646744, -11.3169908524, 9.45779895782, -4.20573472977, 5.75023365021, 0.202759250998, 0.636177361012, -6.86714982986],
        "median": [-767.84576416, 178.698730469, -1.44002151489, 37.836391449, 8.07830810547, 15.5241355896, -9.85406494141, 10.5293865204, -4.91469955444, 5.92745399475, -0.937938690186, 1.01811599731, -6.86462020874],
        "min": [-961.179931641, 69.0390167236, -81.5911102295, -9.69483566284, -28.1504249573, -25.0172996521, -48.165802002, -22.4744644165, -26.7057151794, -19.0409317017, -18.0728530884, -13.9360275269, -21.8955154419],
        "var": [2909.46875, 566.272888184, 762.037109375, 393.495483398, 209.529876709, 164.895996094, 157.120178223, 88.471031189, 57.5160446167, 92.8736495972, 68.0004272461, 39.5809364319, 36.8000564575],
        "cov": [[2927.4284668, -520.927734375, -821.762268066, 240.097106934, -313.618499756, 117.558174133, -288.64553833, 144.261810303, -149.019973755, 102.308609009, -115.694122314, 61.0065841675, -109.406951904], [-520.927734375, 569.768432617, -153.217330933, -309.665161133, 56.4847068787, -148.767776489, 115.150665283, -92.4359817505, 38.0917625427, -16.8184604645, 94.15259552, -25.1751003265, 38.9066619873], [-821.762268066, -153.217330933, 766.741027832, 144.742675781, -46.7434043884, 150.042053223, 99.2986679077, 50.3989295959, 7.7191991806, -45.5432052612, -36.1144523621, 3.4547662735, 13.232257843], [240.097106934, -309.665161133, 144.742675781, 395.924468994, 48.7756996155, 58.1341400146, -129.286849976, 62.2251930237, 4.76689863205, -27.4450473785, -63.3926200867, 11.659321785, -2.45300865173], [-313.618499756, 56.4847068787, -46.7434043884, 48.7756996155, 210.823272705, -51.551738739, -38.6855545044, -27.9722042084, 28.1232299805, 0.46622595191, 30.6130847931, -4.79436063766, 16.7616653442], [117.558174133, -148.767776489, 150.042053223, 58.1341400146, -51.551738739, 165.913864136, 43.8206062317, 38.2952308655, -18.681728363, 20.1311206818, -9.01049995422, 16.6897583008, -17.6060180664], [-288.64553833, 115.150665283, 99.2986679077, -129.286849976, -38.6855545044, 43.8206062317, 158.090042114, 5.32144641876, -8.21203041077, 12.0170984268, 39.008480072, 7.09940910339, 4.98283958435], [144.261810303, -92.4359817505, 50.3989295959, 62.2251930237, -27.9722042084, 38.2952308655, 5.32144641876, 89.0171508789, -7.87278747559, 0.946579635143, -2.97873568535, 23.7387123108, -3.80378103256], [-149.019973755, 38.0917625427, 7.7191991806, 4.76689863205, 28.1232299805, -18.681728363, -8.21203041077, -7.87278747559, 57.8710823059, 8.73738765717, 3.40149569511, -7.56701040268, 7.1396446228], [102.308609009, -16.8184604645, -45.5432052612, -27.4450473785, 0.46622595191, 20.1311206818, 12.0170984268, 0.946579635143, 8.73738765717, 93.4469451904, 34.81300354, -5.14252471924, -24.1691188812], [-115.694122314, 94.15259552, -36.1144523621, -63.3926200867, 30.6130847931, -9.01049995422, 39.008480072, -2.97873568535, 3.40149569511, 34.81300354, 68.4201812744, 8.56652259827, -3.62030100822], [61.0065841675, -25.1751003265, 3.4547662735, 11.659321785, -4.79436063766, 16.6897583008, 7.09940910339, 23.7387123108, -7.56701040268, -5.14252471924, 8.56652259827, 39.8252639771, 10.1459674835], [-109.406951904, 38.9066619873, 13.232257843, -2.45300865173, 16.7616653442, -17.6060180664, 4.98283958435, -3.80378103256, 7.1396446228, -24.1691188812, -3.62030100822, 10.1459674835, 37.027217865]],
        "icov": [[0.00607724254951, -0.0030828488525, 0.00772744743153, -0.0042046518065, 0.00814781151712, -0.00679504172876, 0.00791407190263, -0.00594920804724, 0.0101147480309, -0.00793126877397, 0.0101387128234, -0.0074063767679, 0.00545394327492], [-0.0030828488525, 0.00881018396467, -0.00333152711391, 0.00460574449971, -0.00399706000462, 0.00668569048867, -0.00721487682313, 0.00541581911966, -0.00852096825838, 0.00854531768709, -0.0130834747106, 0.00798801332712, -0.00660228403285], [0.00772744743153, -0.00333152711391, 0.0120802903548, -0.00642148312181, 0.0105902720243, -0.00969051662832, 0.00755458744243, -0.00741692306474, 0.0115980058908, -0.00855064205825, 0.0124999284744, -0.00780719285831, 0.00595437223092], [-0.0042046518065, 0.00460574449971, -0.00642148312181, 0.0101904347539, -0.00775688281283, 0.00357198575512, -0.000922170467675, 0.00133830297273, -0.00812780670822, 0.00713136792183, -0.00711151212454, 0.00602854648605, -0.00494702812284], [0.00814781151712, -0.00399706000462, 0.0105902720243, -0.00775688281283, 0.0183840263635, -0.00811022147536, 0.0115383090451, -0.00555711379275, 0.0115950722247, -0.00968990009278, 0.00719543732703, -0.00843589007854, 0.0041285911575], [-0.00679504172876, 0.00668569048867, -0.00969051662832, 0.00357198575512, -0.00811022147536, 0.0203753560781, -0.0145654371008, 0.00759360007942, -0.0107809435576, 0.00718952901661, -0.0114723704755, 0.00511088082567, -0.00305379228666], [0.00791407190263, -0.00721487682313, 0.00755458744243, -0.000922170467675, 0.0115383090451, -0.0145654371008, 0.0273328796029, -0.0111435744911, 0.0156085817143, -0.0113436309621, 0.00971225649118, -0.00950888171792, 0.00437364820391], [-0.00594920804724, 0.00541581911966, -0.00741692306474, 0.00133830297273, -0.00555711379275, 0.00759360007942, -0.0111435744911, 0.0238414090127, -0.0113752577454, 0.00896207708865, -0.0134331947193, -0.000487081095343, -0.00359158637002], [0.0101147480309, -0.00852096825838, 0.0115980058908, -0.00812780670822, 0.0115950722247, -0.0107809435576, 0.0156085817143, -0.0113752577454, 0.0393870435655, -0.0198255572468, 0.0211177822202, -0.0104650026187, 0.00490960804746], [-0.00793126877397, 0.00854531768709, -0.00855064205825, 0.00713136792183, -0.00968990009278, 0.00718952901661, -0.0113436309621, 0.00896207708865, -0.0198255572468, 0.0315370671451, -0.0279774703085, 0.0153249483556, -0.00116022082511], [0.0101387128234, -0.0130834747106, 0.0124999284744, -0.00711151212454, 0.00719543732703, -0.0114723704755, 0.00971225649118, -0.0134331947193, 0.0211177822202, -0.0279774703085, 0.0564619936049, -0.0271861311048, 0.018003674224], [-0.0074063767679, 0.00798801332712, -0.00780719285831, 0.00602854648605, -0.00843589007854, 0.00511088082567, -0.00950888171792, -0.000487081095343, -0.0104650026187, 0.0153249483556, -0.0271861311048, 0.0512731187046, -0.0242962166667], [0.00545394327492, -0.00660228403285, 0.00595437223092, -0.00494702812284, 0.0041285911575, -0.00305379228666, 0.00437364820391, -0.00359158637002, 0.00490960804746, -0.00116022082511, 0.018003674224, -0.0242962166667, 0.0500393584371]]
    }
}

}