{
"metadata": {
    "version": {
        "essentia": "2.0.1",
        "extractor": "archive-music 1.0 mod ismir14"
    },
    "audio_properties": {
        "analysis_sample_rate": 44100,
        "bitrate": 128,
        "channels": 2,
        "equal_loudness": 0,
        "length": 30.0669155121,
        "replay_gain": -8.88716506958,
        "downmix": "mix"
    },
    "tags": {
        "track": 7,
        "year": 0,
        "album": "The Cool Jazz Collection",
        "artist": "Astrud Gilberto",
        "comment": "",
        "genre": "Jazz",
        "title": "Girl From Ipanema"
    }
},
"rhythm": {
    "bpm": 130.002792358,
    "bpm_histogram_first_peak": 129,
    "bpm_histogram_first_peak_spread": 0.490909099579,
    "bpm_histogram_first_peak_weight": 0.444444447756,
    "bpm_histogram_second_peak": 136,
    "bpm_histogram_second_peak_spread": 0.199999988079,
    "bpm_histogram_second_peak_weight": 0.0634920671582
},
"tonal": {
    "tuning_frequency": {
        "dmean": 0.139746576548,
        "dmean2": 0.258469730616,
        "dvar": 1.27500224113,
        "dvar2": 3.09853696823,
        "max": 454.727905273,
        "mean": 440.501098633,
        "median": 438.731048584,
        "min": 431.443084717,
        "var": 5.90627193451
    },
    "hpcp": {
        "dmean": [0.0881531760097, 0.139646023512, 0.114300727844, 0.16230648756, 0.104109376669, 0.088295981288, 0.121189139783, 0.0387276262045, 0.12446834147, 0.101642422378, 0.121618926525, 0.0945855677128],
        "dmean2": [0.16430939734, 0.240623652935, 0.214789301157, 0.296384394169, 0.183341726661, 0.157563522458, 0.213376104832, 0.0709701701999, 0.217296808958, 0.185349568725, 0.225183919072, 0.169785916805],
        "dvar": [0.0483145825565, 0.0632096901536, 0.0669955462217, 0.0865288674831, 0.0469026044011, 0.0458670146763, 0.0596903413534, 0.021921666339, 0.0587475039065, 0.0606627576053, 0.0665395855904, 0.0464353486896],
        "dvar2": [0.126269891858, 0.126843035221, 0.18430057168, 0.191734954715, 0.111463829875, 0.120594516397, 0.129137858748, 0.0526365377009, 0.126246362925, 0.14725124836, 0.166125848889, 0.106236830354],
        "max": [1, 1, 1, 1, 1, 1, 1, 1, 1, 1, 1, 1],
        "mean": [0.0686165615916, 0.244908541441, 0.070365794003, 0.26162147522, 0.121925741434, 0.0902119800448, 0.217958778143, 0.061266772449, 0.165134608746, 0.0872787460685, 0.11123598367, 0.138368040323],
        "median": [0.00212688045576, 0.0359725095332, 0.00113326997962, 0.0204449035227, 0.00739620067179, 0.00376714044251, 0.0251682661474, 0.00107234157622, 0.0143121760339, 0.00133901787922, 0.00622254982591, 0.00731211295351],
        "min": [2.78945958598e-06, 2.39598807639e-06, 1.80980998721e-06, 7.05687807567e-06, 2.5011740945e-06, 0, 2.67128762061e-05, 5.47002355233e-06, 1.27644239001e-06, 0, 0, 7.40211305583e-07],
        "var": [0.0405271686614, 0.132484823465, 0.044558275491, 0.156666025519, 0.0691204890609, 0.0561195462942, 0.127983152866, 0.0459082089365, 0.0960022136569, 0.0601390898228, 0.0649502724409, 0.0851550623775]
    }
},
"lowlevel": {
    "melbands": {
        "dmean": [0.000255336199189, 0.000722872791812, 0.000798721099272, 0.000427430059062, 0.000249073898885, 9.53080962063e-05, 5.93955301156e-05, 6.5668784373e-05, 2.54115166172e-05, 1.69601134985e-05, 1.49796378537e-05, 1.44540945257e-05, 3.57628505299e-06, 2.55381769421e-06, 3.75228114535e-06, 2.43186809712e-06, 1.96679184228e-06, 6.76671504607e-07, 6.85882184825e-07, 6.8815825216e-07, 4.1923038907e-07, 5.99970121584e-07, 7.33204501557e-07, 6.59554871163e-07, 2.65867470262e-07, 1.57230047648e-07, 2.05169243372e-07, 3.22893754401e-07, 2.61581419636e-07, 3.69386270904e-07, 6.17224088728e-07, 8.9476446874e-07, 1.18046352782e-06, 6.86015880547e-07, 3.05689894731e-07, 1.53481693133e-07, 9.33713337758e-08, 3.5343980187e-08, 1.1740561412e-08, 1.37431710456e-09],
        "dmean2": [0.000352427741745, 0.00103672058322, 0.00115875247866, 0.000647930661216, 0.000361758313375, 0.000143738725455, 9.16849894566e-05, 9.54274655669e-05, 3.72323811462e-05, 2.30932473642e-05, 2.14713199966e-05, 2.01981201826e-05, 5.27719339516e-06, 3.71150690626e-06, 4.90215370519e-06, 3.35317145073e-06, 2.85940222966e-06, 1.04746720808e-06, 1.05344281565e-06, 1.04431455838e-06, 6.69933285735e-07, 9.62247781899e-07, 1.10791347652e-06, 1.09478935428e-06, 4.22033735958e-07, 2.33896869872e-07, 3.07830845259e-07, 4.65530604288e-07, 4.03080264277e-07, 5.56046188649e-07, 9.05992010303e-07, 1.28439535274e-06, 1.96900782612e-06, 9.2114146355e-07, 4.21819976282e-07, 2.15904307765e-07, 1.23819660303e-07, 4.67749963207e-08, 1.54590704682e-08, 1.91814675254e-09],
        "dvar": [3.81650835379e-07, 1.34407969199e-06, 1.05587605503e-06, 5.11522614488e-07, 1.65160059851e-07, 4.27229736033e-08, 3.66872718871e-08, 3.20269570864e-08, 5.10858200187e-09, 3.66520924722e-09, 1.71286573813e-09, 9.42814804006e-09, 8.27967902572e-11, 4.16163943584e-11, 2.17211026943e-10, 8.17686959809e-11, 9.2582053135e-11, 3.62202542264e-12, 8.56731005583e-12, 1.12954732373e-11, 1.9206246836e-12, 2.57370752314e-12, 3.49688702474e-12, 4.57009603771e-12, 6.8546497688e-13, 1.77622863249e-13, 4.48477111567e-13, 1.74216218708e-12, 5.33398737505e-13, 2.15593493579e-12, 6.42854302776e-12, 1.48765218894e-11, 5.27378349324e-11, 1.30665825382e-11, 1.3208940235e-12, 1.92605561491e-13, 6.40325805074e-14, 1.14155663682e-14, 1.68913976265e-15, 4.41327425838e-17],
        "dvar2": [7.31455884306e-07, 2.62009893959e-06, 1.83690849553e-06, 1.0340420431e-06, 3.31097282924e-07, 9.19801337318e-08, 7.85046623264e-08, 6.46419664463e-08, 9.69902025361e-09, 6.71354261073e-09, 2.92587842843e-09, 1.63846216594e-08, 1.63556432287e-10, 8.27219542865e-11, 3.74017539162e-10, 1.78154643815e-10, 2.15337844778e-10, 7.35441482019e-12, 1.8722589451e-11, 2.07791353568e-11, 4.86741289635e-12, 6.4805040674e-12, 7.99729813622e-12, 1.16304813003e-11, 1.7206522665e-12, 3.867573037e-13, 8.63368350337e-13, 3.60604753523e-12, 1.10107040673e-12, 4.94523866301e-12, 1.35455899969e-11, 2.64904088249e-11, 1.43672407305e-10, 2.11147297563e-11, 2.11189399302e-12, 3.34960087011e-13, 1.08657183186e-13, 1.79885013813e-14, 2.93687138648e-15, 1.01349775157e-16],
        "max": [0.00985953677446, 0.0111456606537, 0.0116289323196, 0.0139261381701, 0.00505578937009, 0.00208013434894, 0.00235733785667, 0.0020294750575, 0.00101921183523, 0.00100416562054, 0.000433248584159, 0.00218952237628, 0.000114321061119, 0.000126800194266, 0.000340083817719, 0.00015700289805, 0.00019191201136, 2.31807880482e-05, 4.21179538534e-05, 4.62246243842e-05, 1.72090749402e-05, 1.71700066858e-05, 1.6967587726e-05, 2.52767113125e-05, 1.23809550132e-05, 7.11488246452e-06, 1.15524971989e-05, 2.69888805633e-05, 7.5875004768e-06, 2.42094229179e-05, 3.60946760338e-05, 5.9187917941e-05, 0.000116529525258, 8.46444891067e-05, 2.08916462725e-05, 5.0197741075e-06, 3.56959026249e-06, 1.82826340733e-06, 6.11758309788e-07, 1.21567310885e-07],
        "mean": [0.000451663159765, 0.00155925401486, 0.00199150992557, 0.000751735467929, 0.000554777798243, 0.000166586891282, 6.8126435508e-05, 7.8628436313e-05, 3.22720188706e-05, 2.20503243327e-05, 2.06494096346e-05, 2.15186864807e-05, 4.68278267363e-06, 3.17313288178e-06, 5.01018530485e-06, 2.86056456389e-06, 2.01717625714e-06, 8.14621216705e-07, 7.91957916135e-07, 8.12177972875e-07, 4.30709746979e-07, 6.64927767957e-07, 7.75251237428e-07, 6.21840854365e-07, 2.68637876388e-07, 1.83082107696e-07, 2.49967854415e-07, 3.28548395601e-07, 2.75927789062e-07, 3.54977430561e-07, 6.23155983703e-07, 9.82666392702e-07, 1.07773587388e-06, 7.2934471973e-07, 3.43785615087e-07, 1.83525557418e-07, 1.05226590108e-07, 4.03118249892e-08, 1.26883623608e-08, 1.30327915127e-09],
        "median": [0.000118929354358, 0.000708769366611, 0.000837080646306, 0.000350624206476, 0.000184713324415, 6.03085827606e-05, 1.76415906026e-05, 1.45378617162e-05, 4.93984589411e-06, 2.05654328056e-06, 1.81149982836e-06, 2.05515448215e-06, 8.56292672324e-07, 1.03613479041e-06, 8.75516832366e-07, 3.01863593677e-07, 1.97946647518e-07, 1.41846712154e-07, 7.10800378556e-08, 5.96709881506e-08, 6.03773315788e-08, 1.09289473471e-07, 9.73237845869e-08, 6.71581474876e-08, 4.41603802415e-08, 3.62055310177e-08, 4.94209437818e-08, 4.83134705576e-08, 2.95982758303e-08, 3.72466466558e-08, 3.75258366603e-08, 2.68284701122e-08, 3.45393296186e-08, 2.59669992175e-08, 2.20529194905e-08, 1.72776051244e-08, 1.13678346736e-08, 4.71980188266e-09, 1.34099553684e-09, 9.14549408426e-11],
        "min": [1.39068739163e-11, 1.53318538421e-10, 9.62036839081e-11, 1.06443222292e-10, 8.58632748235e-11, 1.22794940882e-10, 2.39900710408e-10, 3.38240657705e-10, 1.20459489605e-10, 1.2116069259e-10, 4.86719484161e-11, 3.8738994651e-11, 5.59948788725e-11, 3.64252517038e-11, 1.00950298468e-11, 2.85768262352e-12, 5.48814682935e-12, 2.75117710731e-12, 6.69257357866e-12, 4.82092621032e-12, 2.95555420415e-12, 2.03888685449e-12, 7.90444207484e-13, 1.03642105748e-12, 7.53109868305e-13, 2.00725330454e-12, 1.47981488174e-11, 1.03749465616e-11, 7.3033142034e-12, 4.51788779998e-12, 8.24291156165e-12, 7.76415216841e-12, 1.15805186621e-11, 4.38721888679e-12, 1.1368904082e-11, 2.87005089833e-11, 1.74738105929e-11, 7.74901323664e-12, 2.72424357378e-12, 2.40711313729e-13],
        "var": [1.11678139092e-06, 3.54394023816e-06, 6.77547814121e-06, 1.83641702733e-06, 7.25336974483e-07, 8.21990866484e-08, 4.51246506827e-08, 4.47917685165e-08, 8.52612469515e-09, 6.59809806791e-09, 3.18788684339e-09, 1.84716899554e-08, 1.53120044422e-10, 5.96003038589e-11, 4.4456466286e-10, 1.1230339575e-10, 9.6527098814e-11, 4.78662335462e-12, 1.16993654348e-11, 1.50901010437e-11, 1.69105549876e-12, 2.53475387381e-12, 4.01910449366e-12, 4.00382895241e-12, 6.4216649576e-13, 2.26466848746e-13, 6.24518123847e-13, 1.96988627667e-12, 6.45569372699e-13, 2.20954027644e-12, 7.80233690156e-12, 2.06754127707e-11, 3.91409196721e-11, 2.03290266565e-11, 2.09941482601e-12, 3.02534310537e-13, 1.0258889685e-13, 1.86872933984e-14, 2.5287596893e-15, 4.36309450458e-17]
    },
    "mfcc": {
        "dmean": [38.5479011536, 24.4429683685, 14.3163414001, 12.017156601, 8.88329029083, 10.3260316849, 8.70831108093, 7.30908489227, 7.00081920624, 7.6307682991, 6.49163675308, 6.25182390213, 5.53386640549],
        "dmean2": [49.5380859375, 33.3562545776, 19.8272151947, 17.1016597748, 12.6291503906, 14.7888994217, 12.7670698166, 10.6973466873, 10.4578351974, 10.9927053452, 9.61917114258, 9.42096805573, 8.51389408112],
        "dvar": [1339.66625977, 680.139831543, 188.566482544, 120.641296387, 62.9061965942, 93.047088623, 57.0781021118, 36.9475593567, 32.9201164246, 45.6423873901, 28.0660476685, 25.2711753845, 23.1906414032],
        "dvar2": [2071.40917969, 994.678588867, 348.008758545, 222.475250244, 132.209182739, 151.852920532, 120.293357849, 84.0366668701, 67.9836120605, 89.9682006836, 60.1017417908, 54.9576911926, 48.1608581543],
        "max": [-646.607299805, 248.589935303, 118.410690308, 120.703994751, 41.4800300598, 75.0217437744, 35.7201766968, 42.4510040283, 20.0179100037, 35.0888137817, 25.5932884216, 41.4760513306, 16.5809288025],
        "mean": [-813.501647949, 168.666229248, 49.9550437927, 42.9031066895, -2.59814500809, 18.1042346954, -5.83184242249, 10.305811882, -11.9190969467, -5.8171005249, -9.01012420654, 2.3136074543, -8.62450122833],
        "median": [-805.359008789, 178.033569336, 49.8324623108, 40.7392044067, -0.937644958496, 18.8565673828, -4.55834579468, 10.1020431519, -12.2959442139, -4.32588195801, -8.50251579285, 1.90765380859, -7.7664604187],
        "min": [-1138.42004395, -10.7894325256, -33.1758613586, -16.7390937805, -46.8719863892, -39.3996238708, -57.1475067139, -26.9824295044, -43.2067756653, -46.767578125, -49.3342514038, -28.0999107361, -40.0225868225],
        "var": [4904.69042969, 2072.64135742, 714.20703125, 564.680725098, 239.211990356, 314.170684814, 224.027679443, 134.890838623, 109.584068298, 212.505172729, 139.425949097, 119.370559692, 87.9425048828],
        "cov": [[4912.25927734, -95.2918167114, -704.002258301, 162.30947876, -357.854949951, 53.3059158325, -445.581542969, 237.455581665, -211.66444397, 287.071014404, -66.2507781982, 95.1834869385, -271.882995605], [-95.2918167114, 2075.83984375, -269.279083252, -393.222351074, 187.939651489, -336.236175537, 132.859344482, 20.2248783112, -26.6910533905, -218.968994141, 43.6186637878, -43.5329017639, -26.5119724274], [-704.002258301, -269.279083252, 715.309204102, 128.794036865, -71.0858459473, 200.636886597, 48.7987747192, -47.9452972412, 19.8372211456, -85.8085250854, 20.8951454163, -16.7034492493, 69.9441070557], [162.30947876, -393.222351074, 128.794036865, 565.552124023, 86.3639526367, -74.4289703369, -98.2016143799, 41.9741630554, -19.447227478, -70.9680099487, -19.3519248962, -33.6494522095, 38.2842636108], [-357.854949951, 187.939651489, -71.0858459473, 86.3639526367, 239.58114624, -68.5793228149, 15.0260400772, -1.55533111095, 28.6991291046, -40.8083000183, -14.1443681717, 12.0483217239, 13.3875370026], [53.3059158325, -336.236175537, 200.636886597, -74.4289703369, -68.5793228149, 314.655517578, 44.4245529175, -10.5238275528, 32.3004302979, 84.9991531372, 34.9312400818, 28.6533145905, 14.094367981], [-445.581542969, 132.859344482, 48.7987747192, -98.2016143799, 15.0260400772, 44.4245529175, 224.373413086, 19.3142204285, 23.265619278, -0.577076077461, 24.7224063873, 11.5654144287, 28.4976482391], [237.455581665, 20.2248783112, -47.9452972412, 41.9741630554, -1.55533111095, -10.5238275528, 19.3142204285, 135.098999023, 19.8187942505, -2.12719130516, 25.5984992981, -4.79407739639, -4.5833940506], [-211.66444397, -26.6910533905, 19.8372211456, -19.447227478, 28.6991291046, 32.3004302979, 23.265619278, 19.8187942505, 109.753181458, 49.3992767334, 19.5043010712, -15.5738239288, 16.0543251038], [287.071014404, -218.968994141, -85.8085250854, -70.9680099487, -40.8083000183, 84.9991531372, -0.577076077461, -2.12719130516, 49.3992767334, 212.833114624, 12.2738304138, 23.7598743439, -27.1854228973], [-66.2507781982, 43.6186637878, 20.8951454163, -19.3519248962, -14.1443681717, 34.9312400818, 24.7224063873, 25.5984992981, 19.5043010712, 12.2738304138, 139.641113281, -9.38892269135, 17.1512813568], [95.1834869385, -43.5329017639, -16.7034492493, -33.6494522095, 12.0483217239, 28.6533145905, 11.5654144287, -4.79407739639, -15.5738239288, 23.7598743439, -9.38892269135, 119.554771423, -0.0129165854305], [-271.882995605, -26.5119724274, 69.9441070557, 38.2842636108, 13.3875370026, 14.094367981, 28.4976482391, -4.5833940506, 16.0543251038, -27.1854228973, 17.1512813568, -0.0129165854305, 88.0782241821]],
        "icov": [[0.000949375331402, -0.000706180522684, 0.00101937167346, -0.00133067066781, 0.0018538661534, -0.00160916685127, 0.00150006439071, -0.00142132409383, 0.00127898459323, -0.00114356121048, 0.000640714075416, -0.000804037379567, 0.00119234109297], [-0.000706180522684, 0.00158822175581, -0.000876748934388, 0.00211378163658, -0.00229879911058, 0.00227571185678, -0.00136954581831, 0.000707157887518, -0.000663712678943, 0.00161206384655, -0.00100045022555, 0.00097460381221, -0.000645681633614], [0.00101937167346, -0.000876748934388, 0.00384522904642, -0.00261995801702, 0.00332309794612, -0.00382178835571, 0.000964512524661, 6.82482186676e-06, -8.98251964827e-05, 0.000763502204791, 0.000713632674888, -0.000950255140197, 0.000875656609423], [-0.00133067066781, 0.00211378163658, -0.00261995801702, 0.00589445047081, -0.00502373510972, 0.00415503745899, -0.000844035181217, -0.000119393931527, -8.7393229478e-05, 0.00172204338014, -0.00109914818313, 0.0022691518534, -0.00282547762617], [0.0018538661534, -0.00229879911058, 0.00332309794612, -0.00502373510972, 0.0104898456484, -0.00376772601157, 0.00201746192761, -0.000872075092047, -0.00121353706345, -0.000809456862044, 0.00191248790361, -0.00349370320328, 0.00248414115049], [-0.00160916685127, 0.00227571185678, -0.00382178835571, 0.00415503745899, -0.00376772601157, 0.00939209293574, -0.00297389016487, 0.00159698678181, -0.00175586959813, 6.3557010435e-05, -0.00226506334729, 0.000806263065897, -0.0021574315615], [0.00150006439071, -0.00136954581831, 0.000964512524661, -0.000844035181217, 0.00201746192761, -0.00297389016487, 0.00820877682418, -0.00377858174033, 0.00215401919559, -0.00216593290679, 0.000869318726473, -0.00145264703315, -9.4815826742e-05], [-0.00142132409383, 0.000707157887518, 6.82482186676e-06, -0.000119393931527, -0.000872075092047, 0.00159698678181, -0.00377858174033, 0.0117583163083, -0.00509344646707, 0.00318137509748, -0.00242337677628, 0.000412530935137, -3.43310603057e-05], [0.00127898459323, -0.000663712678943, -8.98251964827e-05, -8.7393229478e-05, -0.00121353706345, -0.00175586959813, 0.00215401919559, -0.00509344646707, 0.015988746658, -0.00621961057186, 0.000332870375132, 0.00217823102139, -0.00153751450125], [-0.00114356121048, 0.00161206384655, 0.000763502204791, 0.00172204338014, -0.000809456862044, 6.3557010435e-05, -0.00216593290679, 0.00318137509748, -0.00621961057186, 0.0103604216129, -0.00144052226096, -0.000489959144033, 0.00119150220416], [0.000640714075416, -0.00100045022555, 0.000713632674888, -0.00109914818313, 0.00191248790361, -0.00226506334729, 0.000869318726473, -0.00242337677628, 0.000332870375132, -0.00144052226096, 0.00877446122468, 0.000103424681583, -0.00096182449488], [-0.000804037379567, 0.00097460381221, -0.000950255140197, 0.0022691518534, -0.00349370320328, 0.000806263065897, -0.00145264703315, 0.000412530935137, 0.00217823102139, -0.000489959144033, 0.000103424681583, 0.0105702150613, -0.00209364411421], [0.00119234109297, -0.000645681633614, 0.000875656609423, -0.00282547762617, 0.00248414115049, -0.0021574315615, -9.4815826742e-05, -3.43310603057e-05, -0.00153751450125, 0.00119150220416, -0.00096182449488, -0.00209364411421, 0.0162040479481]]
    }
}

}