{
"metadata": {
    "version": {
        "essentia": "2.0.1",
        "extractor": "archive-music 1.0 mod ismir14"
    },
    "audio_properties": {
        "analysis_sample_rate": 44100,
        "bitrate": 128,
        "channels": 2,
        "equal_loudness": 0,
        "length": 30.0669155121,
        "replay_gain": -12.1478862762,
        "downmix": "mix"
    },
    "tags": {
        "track": 6,
        "year": 0,
        "album": "Swing Classics (Jazz & Tzaz 70)",
        "artist": "Benny Carter",
        "comment": "",
        "genre": "Jazz",
        "title": "Babalu"
    }
},
"rhythm": {
    "bpm": 92.6367721558,
    "bpm_histogram_first_peak": 94,
    "bpm_histogram_first_peak_spread": 0.555555582047,
    "bpm_histogram_first_peak_weight": 0.355555564165,
    "bpm_histogram_second_peak": 89,
    "bpm_histogram_second_peak_spread": 0,
    "bpm_histogram_second_peak_weight": 0.177777782083
},
"tonal": {
    "tuning_frequency": {
        "dmean": 0.106892429292,
        "dmean2": 0.203046128154,
        "dvar": 1.20005631447,
        "dvar2": 3.25076079369,
        "max": 452.37008667,
        "mean": 438.462310791,
        "median": 440.254241943,
        "min": 431.941772461,
        "var": 9.74637031555
    },
    "hpcp": {
        "dmean": [0.113563232124, 0.131992980838, 0.0747998803854, 0.17815066874, 0.130131095648, 0.109058566391, 0.15175011754, 0.0795177817345, 0.194392666221, 0.0943521782756, 0.18544895947, 0.201613888144],
        "dmean2": [0.205909594893, 0.222483620048, 0.136198222637, 0.301560670137, 0.218932688236, 0.191127330065, 0.260525316, 0.142044171691, 0.331417113543, 0.167356163263, 0.321612358093, 0.34782487154],
        "dvar": [0.0551355630159, 0.0377503149211, 0.0325150229037, 0.0587065480649, 0.0514892414212, 0.0306176971644, 0.0468966774642, 0.0275240764022, 0.0502701103687, 0.0316239893436, 0.0592843107879, 0.0632458478212],
        "dvar2": [0.155665770173, 0.0960279554129, 0.0810906738043, 0.129638925195, 0.118997402489, 0.0791252553463, 0.102426238358, 0.0733527541161, 0.120741002262, 0.0809649676085, 0.154649704695, 0.134709924459],
        "max": [1, 1, 1, 1, 1, 1, 1, 1, 1, 1, 1, 1],
        "mean": [0.101483374834, 0.213206291199, 0.0682167112827, 0.433033227921, 0.220002144575, 0.114076636732, 0.307361751795, 0.0658235996962, 0.372262895107, 0.080907985568, 0.240658521652, 0.344194531441],
        "median": [0.0159793850034, 0.0698563978076, 0.00918017886579, 0.284520566463, 0.0395776368678, 0.0439377389848, 0.141415938735, 0.0166300497949, 0.257390201092, 0.0157096162438, 0.128637999296, 0.203174695373],
        "min": [0, 0, 0, 0, 3.26748959196e-05, 0, 0, 0, 0, 0, 0, 0],
        "var": [0.0471133477986, 0.0775990262628, 0.0337065681815, 0.157115489244, 0.113355897367, 0.0332174152136, 0.129103243351, 0.0227963216603, 0.118884243071, 0.0281005203724, 0.081007167697, 0.127194181085]
    }
},
"lowlevel": {
    "melbands": {
        "dmean": [8.71028441907e-06, 4.07614388678e-05, 2.59334701695e-05, 5.13422201038e-05, 5.29951757926e-05, 8.40159482323e-05, 6.39440186205e-05, 0.000142792152474, 9.53555863816e-05, 7.15864007361e-05, 4.16787042923e-05, 3.491670941e-05, 3.31382107106e-05, 2.49775603152e-05, 4.9845832109e-05, 4.25172802352e-05, 2.46837898885e-05, 1.65766468854e-05, 1.31692431751e-05, 1.66998688655e-05, 4.92012350151e-06, 6.55809708405e-06, 3.04572995447e-06, 2.80907124761e-06, 4.02935256716e-06, 1.24948633129e-06, 6.52327400985e-07, 7.69647385823e-07, 7.90344984125e-07, 7.87160502114e-07, 3.9121437112e-07, 1.9439694654e-07, 1.35564803827e-07, 5.06737620753e-08, 2.12078141715e-08, 1.67623053215e-08, 3.00211366877e-09, 2.96411423184e-10, 3.43984007944e-11, 2.54934593401e-12],
        "dmean2": [1.46265174408e-05, 6.95099952281e-05, 4.02912919526e-05, 7.64083306422e-05, 8.0484423961e-05, 0.000129428430228, 9.94242218439e-05, 0.000213430233998, 0.000144566496601, 0.000110178873001, 6.6218257416e-05, 5.4108149925e-05, 5.16605468874e-05, 3.84819686587e-05, 7.94664956629e-05, 6.91439709044e-05, 3.74741539417e-05, 2.45713981712e-05, 2.04018579097e-05, 2.52506215475e-05, 7.69622693042e-06, 9.91705837805e-06, 4.57123542219e-06, 4.24244308306e-06, 6.06229241384e-06, 1.86466616015e-06, 9.59783847065e-07, 1.20290985706e-06, 1.14077829494e-06, 1.20609831811e-06, 5.48602542949e-07, 2.77765622059e-07, 1.88942294699e-07, 7.09113834318e-08, 2.98163378432e-08, 2.53963357011e-08, 4.53330040173e-09, 4.54571408293e-10, 5.36442799903e-11, 4.40655064521e-12],
        "dvar": [1.14634510218e-10, 2.42375386428e-09, 2.02403471761e-09, 5.8937845715e-09, 5.08883557515e-09, 1.72275971266e-08, 8.10909028814e-09, 8.32016766594e-08, 2.68080828647e-08, 1.41100411355e-08, 5.86070791897e-09, 5.05945463303e-09, 5.80267389694e-09, 2.37044539553e-09, 1.01958699261e-08, 1.00401926773e-08, 2.90777690815e-09, 1.39144928912e-09, 8.25676693683e-10, 1.38053302123e-09, 7.48897124869e-11, 1.85497187055e-10, 2.83649128491e-11, 2.68736005671e-11, 6.55211510048e-11, 8.50703622129e-12, 1.84454708452e-12, 4.3244730713e-12, 2.24793274273e-12, 2.30879074539e-12, 6.66080472028e-13, 2.30312622272e-13, 1.33425578528e-13, 2.05641168156e-14, 2.49322178673e-15, 1.63854786113e-15, 3.78300002018e-17, 5.00118051241e-19, 7.15124054402e-21, 3.48540425824e-23],
        "dvar2": [2.62837501763e-10, 5.71286262741e-09, 5.27504528947e-09, 1.41275524612e-08, 1.01467296787e-08, 3.5699635248e-08, 1.7282387077e-08, 1.52031219613e-07, 5.35974429283e-08, 3.17738866329e-08, 1.24073658014e-08, 1.17104512753e-08, 1.47113885518e-08, 4.83876316792e-09, 2.2626256424e-08, 2.48174050199e-08, 6.45891073958e-09, 2.80697554089e-09, 1.85218407278e-09, 2.96802937783e-09, 1.59770599528e-10, 3.90047022458e-10, 5.8749026477e-11, 5.40519677628e-11, 1.37222330721e-10, 1.83182843894e-11, 3.69660682273e-12, 9.46396693652e-12, 4.55494279447e-12, 4.4518026418e-12, 1.19143247785e-12, 4.53895303504e-13, 2.54694702828e-13, 3.58399121741e-14, 4.56484308835e-15, 3.67098870087e-15, 7.37445545074e-17, 1.08490703376e-18, 1.59290736015e-20, 9.41276720719e-23],
        "max": [8.37057814351e-05, 0.000560667307582, 0.000721712014638, 0.00115192472003, 0.000849800300784, 0.00123994436581, 0.00141118234023, 0.00403405353427, 0.00189695786685, 0.00107899564318, 0.000739194860216, 0.000881986110471, 0.00104196520988, 0.000730181229301, 0.00109079340473, 0.0010907513788, 0.000653117429465, 0.000431035354268, 0.000271541852271, 0.000593292235862, 0.000112624635221, 0.000153581713676, 7.53628919483e-05, 6.02768741373e-05, 6.6982502176e-05, 4.4016589527e-05, 1.37046172313e-05, 2.8742790164e-05, 1.19681053548e-05, 1.39889079946e-05, 8.01304122433e-06, 5.51517723579e-06, 4.16199191022e-06, 1.75572893113e-06, 4.98080623856e-07, 4.72426080478e-07, 5.57893606867e-08, 7.16809145374e-09, 7.16606607387e-10, 6.59576629425e-11],
        "mean": [1.14769991342e-05, 5.53583013243e-05, 3.89702690882e-05, 8.3475271822e-05, 0.000105251034256, 0.000148860723129, 0.000140292060678, 0.000337678065989, 0.000186485398444, 0.000109456952487, 7.28828745196e-05, 5.87357972108e-05, 4.86288372485e-05, 3.69281333406e-05, 7.67983365222e-05, 6.38979909127e-05, 4.38931929239e-05, 2.23482147703e-05, 1.84619184438e-05, 2.54707101703e-05, 7.60551256462e-06, 1.04244363683e-05, 5.31013392902e-06, 4.29966485171e-06, 6.09193739365e-06, 1.98337943402e-06, 1.02616797903e-06, 1.1370585753e-06, 1.16380158488e-06, 1.24271014101e-06, 5.87463944157e-07, 2.75472075373e-07, 1.77740503204e-07, 7.04894631554e-08, 2.98101490159e-08, 2.41302871018e-08, 5.07517938786e-09, 4.03547972816e-10, 4.36173701324e-11, 2.33944200817e-12],
        "median": [6.86692146701e-06, 3.64636180166e-05, 2.54696842603e-05, 5.47776144231e-05, 7.59342510719e-05, 8.52346565807e-05, 5.51706762053e-05, 7.67993478803e-05, 4.80817216157e-05, 3.29016038449e-05, 1.86434790521e-05, 1.19718042697e-05, 1.42516119013e-05, 1.46076181409e-05, 1.59832707141e-05, 1.29096415549e-05, 6.13297470409e-06, 5.50616096007e-06, 2.70411601377e-06, 5.39790380572e-06, 2.92391882795e-06, 3.27675275003e-06, 1.93254436454e-06, 1.58083571478e-06, 1.10932353437e-06, 6.21045501248e-07, 3.27766088049e-07, 1.70971006241e-07, 3.04859327116e-07, 2.6948669074e-07, 1.03896937276e-07, 4.84333675388e-08, 1.77673697976e-08, 6.05338712489e-09, 3.06339575928e-09, 2.3920558867e-09, 8.19937617802e-10, 5.86588694285e-11, 1.05629064523e-11, 8.16697620989e-13],
        "min": [1.82304310536e-10, 3.02825889364e-11, 1.31199773268e-11, 7.74478189913e-11, 1.00784706969e-10, 4.02745857497e-11, 1.66637380977e-11, 3.03303736293e-11, 8.09796153745e-12, 2.10107851256e-11, 1.30191066261e-11, 3.6231133111e-12, 5.04230815088e-12, 1.21527172006e-11, 2.66388820724e-11, 1.01718702905e-11, 5.91249662077e-12, 5.68069289525e-12, 4.41513492433e-12, 4.23912944678e-12, 1.92939024132e-12, 1.32895235615e-12, 1.07671434702e-12, 1.08955314389e-12, 1.37998835449e-12, 1.44317381396e-12, 1.285301943e-12, 8.82405856283e-13, 9.00917903647e-13, 6.39407092811e-13, 5.66226373514e-13, 5.21898605062e-13, 4.30680800268e-13, 8.77459590447e-14, 3.12892479938e-13, 1.61352444535e-13, 1.02876589897e-13, 3.4624657064e-14, 4.88265671113e-14, 1.07917714953e-14],
        "var": [1.64774693889e-10, 3.42515105167e-09, 2.33773556069e-09, 9.18580322917e-09, 1.18874616817e-08, 3.31796385922e-08, 3.55374254468e-08, 3.44002017982e-07, 8.74217676028e-08, 2.77867933107e-08, 1.37672229172e-08, 9.55197787533e-09, 8.09427191939e-09, 3.98909261179e-09, 1.91675990635e-08, 2.03845882396e-08, 9.04004870961e-09, 2.3998221188e-09, 1.47921286331e-09, 3.37679084694e-09, 1.41254452579e-10, 3.90889154378e-10, 7.05983674298e-11, 4.70766203797e-11, 1.29047550423e-10, 1.97530776458e-11, 3.61058275292e-12, 8.3906102552e-12, 4.44904313043e-12, 4.88236924848e-12, 1.43921138028e-12, 4.19075960999e-13, 2.48051660592e-13, 4.04542257982e-14, 5.28275772126e-15, 3.47775295703e-15, 9.36392540909e-17, 9.38822801685e-19, 1.02744443159e-20, 2.6078656054e-23]
    },
    "mfcc": {
        "dmean": [39.5939712524, 13.5942878723, 16.7234611511, 9.56911182404, 10.212187767, 7.29890632629, 6.93306016922, 5.97667074203, 5.48193454742, 5.57278156281, 4.81902313232, 5.12801361084, 4.74171638489],
        "dmean2": [48.3119621277, 18.8622398376, 22.3926467896, 14.6924886703, 14.7156667709, 10.8663892746, 10.4375362396, 9.63931369781, 8.81015014648, 8.55587482452, 7.74690580368, 7.71907138824, 7.56078147888],
        "dvar": [2126.90844727, 246.715805054, 341.442840576, 70.2191162109, 98.813079834, 35.0646591187, 31.3571891785, 24.0843200684, 20.721446991, 17.9751300812, 16.2803764343, 16.566532135, 14.8341293335],
        "dvar2": [3147.2331543, 356.283752441, 528.14831543, 149.592163086, 162.41293335, 70.773109436, 72.9859237671, 54.9421310425, 50.414680481, 39.270565033, 40.9933547974, 38.6027565002, 38.4352645874],
        "max": [-609.212219238, 228.361297607, 75.8873901367, 78.6151885986, 31.4802436829, 54.9910736084, 19.5747718811, 16.5926532745, 23.0839729309, 17.4267749786, 22.3438682556, 31.2306346893, 20.9223556519],
        "mean": [-773.459960938, 177.23399353, -44.3281784058, 19.356092453, -18.090051651, -0.442682117224, -10.9757966995, -7.84420013428, -3.30878973007, -5.56187963486, 1.66679227352, 3.99967837334, -4.65476369858],
        "median": [-738.874084473, 185.270355225, -59.8247184753, 18.5398750305, -19.3287620544, -1.65774536133, -10.9013214111, -8.06602478027, -3.33703613281, -5.1821975708, 1.62353134155, 2.35606384277, -4.87287139893],
        "min": [-1138.42004395, 1.14440917969e-05, -114.857727051, -34.4904251099, -64.9207382202, -27.611492157, -52.6546173096, -32.3053665161, -28.7145690918, -29.200881958, -18.4620914459, -18.1413116455, -25.1344413757],
        "var": [10422.5283203, 889.924133301, 1773.00402832, 311.170654297, 462.636993408, 161.294052124, 151.497650146, 72.8467025757, 63.4325294495, 80.3112564087, 56.0936851501, 95.3614959717, 39.6808395386],
        "cov": [[10438.6123047, 370.441345215, -4048.98803711, 450.304107666, -1798.24145508, 76.0265884399, -883.84576416, -25.3785858154, -219.548751831, -163.9506073, 4.93201684952, 266.625061035, -138.401504517], [370.441345215, 891.297424316, -44.0818481445, -279.195953369, -28.1824359894, -242.997055054, 47.5215873718, -99.857749939, 44.0462265015, -138.604415894, -2.17250990868, 32.6470108032, -6.51258850098], [-4048.98803711, -44.0818481445, 1775.7401123, -147.295288086, 702.207397461, 12.3350849152, 331.465179443, 34.0922546387, 77.3083877563, 74.4666290283, -11.4662685394, -112.157951355, 47.6587677002], [450.304107666, -279.195953369, -147.295288086, 311.650848389, 7.34139204025, 115.344558716, -44.5292243958, 11.25826931, -33.8089675903, 16.5328330994, -13.48878479, -44.7903747559, -17.8089351654], [-1798.24145508, -28.1824359894, 702.207397461, 7.34139204025, 463.350921631, 24.9586372375, 167.480438232, 4.0411772728, 4.14116001129, 26.5081825256, -15.4802274704, -90.0305786133, 8.75733661652], [76.0265884399, -242.997055054, 12.3350849152, 115.344558716, 24.9586372375, 161.54296875, -2.97593712807, 54.1107330322, -26.3448982239, 45.7707023621, -6.9523806572, -32.7222480774, -3.94718718529], [-883.84576416, 47.5215873718, 331.465179443, -44.5292243958, 167.480438232, -2.97593712807, 151.731445312, 12.8044281006, 29.7480564117, -7.21638393402, -10.81528759, -27.3160934448, 10.9289951324], [-25.3785858154, -99.857749939, 34.0922546387, 11.25826931, 4.0411772728, 54.1107330322, 12.8044281006, 72.9591140747, 4.03032875061, 32.7945365906, 2.9989259243, 1.83841598034, 7.58586215973], [-219.548751831, 44.0462265015, 77.3083877563, -33.8089675903, 4.14116001129, -26.3448982239, 29.7480564117, 4.03032875061, 63.530418396, 5.11939573288, 17.9717884064, 17.7902069092, 8.93355464935], [-163.9506073, -138.604415894, 74.4666290283, 16.5328330994, 26.5081825256, 45.7707023621, -7.21638393402, 32.7945365906, 5.11939573288, 80.4351882935, 25.072063446, 1.90007472038, 5.95181465149], [4.93201684952, -2.17250990868, -11.4662685394, -13.48878479, -15.4802274704, -6.9523806572, -10.81528759, 2.9989259243, 17.9717884064, 25.072063446, 56.1802482605, 36.4456329346, 6.92221403122], [266.625061035, 32.6470108032, -112.157951355, -44.7903747559, -90.0305786133, -32.7222480774, -27.3160934448, 1.83841598034, 17.7902069092, 1.90007472038, 36.4456329346, 95.5086593628, 8.78759765625], [-138.401504517, -6.51258850098, 47.6587677002, -17.8089351654, 8.75733661652, -3.94718718529, 10.9289951324, 7.58586215973, 8.93355464935, 5.95181465149, 6.92221403122, 8.78759765625, 39.7420768738]],
        "icov": [[0.0910174176097, -0.125535905361, 0.125435501337, -0.116103157401, 0.120327226818, -0.114173449576, 0.106188550591, -0.0970794335008, 0.0856111943722, -0.076708085835, 0.0677095130086, -0.0555435456336, 0.0381517782807], [-0.125535905361, 0.175944685936, -0.172655969858, 0.161929860711, -0.166408866644, 0.159316286445, -0.146774217486, 0.134493350983, -0.118856616318, 0.109131835401, -0.0946904718876, 0.0775158852339, -0.0518233701587], [0.125435501337, -0.172655969858, 0.17481225729, -0.158945396543, 0.163357928395, -0.15744034946, 0.145393013954, -0.133527964354, 0.116442337632, -0.106491543353, 0.0939132347703, -0.0763835459948, 0.0518506318331], [-0.116103157401, 0.161929860711, -0.158945396543, 0.15472073853, -0.155338808894, 0.142551869154, -0.133918136358, 0.125627577305, -0.110856845975, 0.100617572665, -0.087198741734, 0.0726687014103, -0.0476465113461], [0.120327226818, -0.166408866644, 0.163357928395, -0.155338808894, 0.167101219296, -0.150110468268, 0.135932475328, -0.12724545598, 0.117171615362, -0.103205226362, 0.0874939858913, -0.0704689845443, 0.0508968420327], [-0.114173449576, 0.159316286445, -0.15744034946, 0.142551869154, -0.150110468268, 0.158758252859, -0.135048434138, 0.114291988313, -0.103036031127, 0.0937209203839, -0.0857939869165, 0.0726641565561, -0.0466492846608], [0.106188550591, -0.146774217486, 0.145393013954, -0.133918136358, 0.135932475328, -0.135048434138, 0.139980360866, -0.116713903844, 0.0934679582715, -0.0841728299856, 0.0807308480144, -0.0647429674864, 0.0436495952308], [-0.0970794335008, 0.134493350983, -0.133527964354, 0.125627577305, -0.12724545598, 0.114291988313, -0.116713903844, 0.126845553517, -0.0935261771083, 0.0756491646171, -0.0688180401921, 0.0566864088178, -0.0431951470673], [0.0856111943722, -0.118856616318, 0.116442337632, -0.110856845975, 0.117171615362, -0.103036031127, 0.0934679582715, -0.0935261771083, 0.104840271175, -0.0747243463993, 0.0575526878238, -0.0531368479133, 0.0347935333848], [-0.076708085835, 0.109131835401, -0.106491543353, 0.100617572665, -0.103205226362, 0.0937209203839, -0.0841728299856, 0.0756491646171, -0.0747243463993, 0.091771222651, -0.0690463259816, 0.0496092699468, -0.0315907895565], [0.0677095130086, -0.0946904718876, 0.0939132347703, -0.087198741734, 0.0874939858913, -0.0857939869165, 0.0807308480144, -0.0688180401921, 0.0575526878238, -0.0690463259816, 0.0827335491776, -0.0531173199415, 0.026457240805], [-0.0555435456336, 0.0775158852339, -0.0763835459948, 0.0726687014103, -0.0704689845443, 0.0726641565561, -0.0647429674864, 0.0566864088178, -0.0531368479133, 0.0496092699468, -0.0531173199415, 0.0537472702563, -0.0249525848776], [0.0381517782807, -0.0518233701587, 0.0518506318331, -0.0476465113461, 0.0508968420327, -0.0466492846608, 0.0436495952308, -0.0431951470673, 0.0347935333848, -0.0315907895565, 0.026457240805, -0.0249525848776, 0.0442146882415]]
    }
}

}