{
"metadata": {
    "version": {
        "essentia": "2.0.1",
        "extractor": "archive-music 1.0 mod ismir14"
    },
    "audio_properties": {
        "analysis_sample_rate": 44100,
        "bitrate": 32,
        "channels": 2,
        "equal_loudness": 0,
        "length": 30.0408172607,
        "replay_gain": -13.4732723236,
        "downmix": "mix"
    },
    "tags": {
        "track": 0,
        "year": 0,
        "album": "",
        "artist": "",
        "comment": "",
        "genre": "",
        "title": ""
    }
},
"rhythm": {
    "bpm": 178.205886841,
    "bpm_histogram_first_peak": 178,
    "bpm_histogram_first_peak_spread": 0,
    "bpm_histogram_first_peak_weight": 0.453488379717,
    "bpm_histogram_second_peak": 172,
    "bpm_histogram_second_peak_spread": 0,
    "bpm_histogram_second_peak_weight": 0.430232554674
},
"tonal": {
    "tuning_frequency": {
        "dmean": 0.274714618921,
        "dmean2": 0.521913528442,
        "dvar": 4.01494216919,
        "dvar2": 9.6798286438,
        "max": 456.04309082,
        "mean": 446.311828613,
        "median": 441.527557373,
        "min": 434.444000244,
        "var": 39.5651779175
    },
    "hpcp": {
        "dmean": [0.16556173563, 0.160294279456, 0.162239611149, 0.215069159865, 0.0953509584069, 0.158747896552, 0.198497384787, 0.260221630335, 0.160357192159, 0.110669143498, 0.259116083384, 0.0764802992344],
        "dmean2": [0.280820190907, 0.280139148235, 0.274519115686, 0.36200979352, 0.170060142875, 0.270357012749, 0.333583950996, 0.446696221828, 0.275223374367, 0.1956127882, 0.450987458229, 0.135180622339],
        "dvar": [0.0430709086359, 0.0562015399337, 0.0493877232075, 0.062758050859, 0.0233427155763, 0.0532824061811, 0.0551401227713, 0.071788571775, 0.0497698485851, 0.0307950638235, 0.0713278874755, 0.0192509628832],
        "dvar2": [0.108648344874, 0.142381280661, 0.120967507362, 0.133608475327, 0.0616825222969, 0.114856213331, 0.129169806838, 0.174756780267, 0.122920788825, 0.0808159932494, 0.142220512033, 0.0502794459462],
        "max": [1, 1, 1, 1, 1, 1, 1, 1, 1, 1, 1, 1],
        "mean": [0.23552583158, 0.150703459978, 0.163248822093, 0.271563857794, 0.0865371525288, 0.259167760611, 0.277619808912, 0.340893954039, 0.193387851119, 0.109794944525, 0.63575732708, 0.0762727856636],
        "median": [0.138279020786, 0.0390972048044, 0.0576393641531, 0.131613925099, 0.0307027455419, 0.0901893749833, 0.131060779095, 0.208079382777, 0.0673734098673, 0.0384128727019, 0.678177952766, 0.0312161054462],
        "min": [0.00184087350499, 0.000248622818617, 0.000858884188347, 0.000657009251881, 0.000602288055234, 0.00327056483366, 0.000574748206418, 0.00244077155367, 0.000564638350625, 0.000500677619129, 0.0102016124874, 0.000676465162542],
        "var": [0.0682577416301, 0.0578540153801, 0.0580108389258, 0.0958719328046, 0.0222280733287, 0.11412807554, 0.101758189499, 0.113159157336, 0.0778042450547, 0.0330740921199, 0.127273306251, 0.0177635066211]
    }
},
"lowlevel": {
    "melbands": {
        "dmean": [5.01501526742e-05, 0.000217210676055, 0.000197964298422, 0.000108005573566, 6.54557952657e-05, 0.000116767041618, 0.000117248106108, 0.000124998579849, 0.000132012821268, 6.94549526088e-05, 5.18302913406e-05, 3.02512926282e-05, 2.47883726843e-05, 1.59232185979e-05, 2.54454262176e-05, 1.3742601368e-05, 1.51958165588e-05, 1.15448974611e-05, 8.69550603966e-06, 7.63579373597e-06, 6.79145114191e-06, 6.75375895298e-06, 8.96431083675e-06, 8.62868091644e-06, 6.67655604047e-06, 5.06564492753e-06, 4.98518784298e-06, 3.09222627948e-06, 1.28797205434e-06, 1.14874239898e-06, 8.66292282353e-07, 5.14360749548e-07, 2.37113241042e-07, 1.80923706239e-07, 1.79103039954e-07, 1.52334550307e-07, 1.48209508666e-07, 1.11926176771e-07, 6.10079027297e-08, 3.06760910007e-08],
        "dmean2": [7.5247582572e-05, 0.000334147596732, 0.000309501949232, 0.00014938415552, 0.000104398546682, 0.000187674799236, 0.00018938066205, 0.000207978184335, 0.000197987305, 0.000104197271867, 7.95496671344e-05, 4.59227449028e-05, 3.80019300792e-05, 2.34490562434e-05, 4.08501982747e-05, 2.14607098314e-05, 2.29749457503e-05, 1.78939208126e-05, 1.41717873703e-05, 1.11690333142e-05, 1.02352105387e-05, 1.04122354969e-05, 1.30609960252e-05, 1.25012911667e-05, 1.01739105958e-05, 7.69161943026e-06, 7.51468996896e-06, 4.97977043779e-06, 2.00913768822e-06, 1.71732779108e-06, 1.28312683501e-06, 7.86601390246e-07, 3.70282947415e-07, 2.77119596603e-07, 2.83014401248e-07, 2.42650230575e-07, 2.36531633391e-07, 1.84835187156e-07, 9.92334747707e-08, 4.79873634163e-08],
        "dvar": [4.62701299497e-09, 9.4994540234e-08, 5.71081919531e-08, 2.81119802992e-08, 7.09135683508e-09, 1.814522399e-08, 2.53688661189e-08, 5.30319859138e-08, 5.46601981455e-08, 2.849689551e-08, 8.37984526214e-09, 8.71868710561e-09, 7.14008008273e-09, 1.27093846558e-09, 7.20793247311e-09, 1.26963550784e-09, 1.68694869185e-09, 6.50718645634e-10, 2.93605889601e-10, 3.36746686092e-10, 1.55278775948e-10, 1.67574149001e-10, 3.18918169651e-10, 3.5375197216e-10, 2.04092062694e-10, 9.46418082792e-11, 1.48429324387e-10, 8.66329022409e-11, 4.5408238801e-12, 7.18799715929e-12, 4.69771227127e-12, 1.72520266302e-12, 1.92975802981e-13, 6.55048186375e-14, 6.13472082378e-14, 3.30041746157e-14, 4.01224599334e-14, 2.78713887364e-14, 7.8638843755e-15, 1.59000376765e-15],
        "dvar2": [9.38459265853e-09, 2.18064599267e-07, 1.18210813582e-07, 4.82792827938e-08, 1.75929510959e-08, 4.53609310114e-08, 6.42525108674e-08, 1.38473552624e-07, 9.77923306777e-08, 5.19123624088e-08, 1.95178895268e-08, 1.91509794689e-08, 1.72963332545e-08, 2.85856205373e-09, 1.82579871222e-08, 2.60664867469e-09, 3.33598926261e-09, 1.47434242592e-09, 6.3315569454e-10, 6.7951577698e-10, 3.32615740506e-10, 3.46290746078e-10, 5.73996628006e-10, 5.96183935553e-10, 4.68949601373e-10, 1.82015250094e-10, 3.58798768474e-10, 2.20747045643e-10, 1.08569108564e-11, 1.36648158067e-11, 9.35428904475e-12, 4.15887810301e-12, 4.25102688511e-13, 1.29856398529e-13, 1.2408247986e-13, 7.52738935636e-14, 1.02844612709e-13, 7.00383287065e-14, 2.01762350181e-14, 3.54374127055e-15],
        "max": [0.000915404001717, 0.00256653921679, 0.00170092657208, 0.00194363272749, 0.000939438701607, 0.000981761259027, 0.00118739635218, 0.00184241635725, 0.00438464805484, 0.00277275824919, 0.00107456289697, 0.00117197504733, 0.00109791511204, 0.000462295371108, 0.00125122210011, 0.000455952889752, 0.000646685133688, 0.000374550494598, 0.000165939243743, 0.000344747415511, 0.000120624361443, 0.000144210993312, 0.000195229542442, 0.000232925551245, 0.000166268480825, 0.000119364747661, 0.000141282158438, 0.000134150570375, 2.52765603364e-05, 5.70596603211e-05, 3.49278998328e-05, 2.29645938816e-05, 5.56167242394e-06, 4.00387489208e-06, 3.85572730011e-06, 2.15627323996e-06, 2.59828584603e-06, 2.15177033169e-06, 8.25874849397e-07, 5.61388219467e-07],
        "mean": [7.76462620706e-05, 0.000294606521493, 0.000316096178722, 0.000167604433955, 9.19150261325e-05, 0.000165526013006, 0.000160833864356, 0.000121760102047, 0.000195460321265, 0.000100390629086, 7.62956042308e-05, 3.42575258401e-05, 2.66634433501e-05, 1.89226084331e-05, 3.10466530209e-05, 1.74859123945e-05, 1.87901732716e-05, 1.52542643264e-05, 1.07391442725e-05, 9.52485243033e-06, 8.84544169821e-06, 9.03240197658e-06, 1.39712283271e-05, 1.54424797074e-05, 9.8421378425e-06, 8.29194505059e-06, 6.83783946442e-06, 3.91765979657e-06, 2.05919695873e-06, 1.73072146481e-06, 1.39186704473e-06, 8.61748787884e-07, 4.22438461101e-07, 3.34001981628e-07, 3.2479596257e-07, 2.66503604962e-07, 2.45420494593e-07, 1.75053514795e-07, 9.49363609948e-08, 5.03666051088e-08],
        "median": [4.56929992652e-05, 0.000175672990736, 0.000214805622818, 8.88847644092e-05, 5.9829064412e-05, 0.000111575165647, 8.72127639013e-05, 3.97221447201e-05, 8.68920687935e-05, 4.1652318032e-05, 3.69944027625e-05, 9.65685194387e-06, 6.03608168603e-06, 6.40594498691e-06, 1.24198777485e-05, 5.6532853705e-06, 4.67161044071e-06, 3.78473396268e-06, 3.30081616084e-06, 2.11816404772e-06, 2.28421458814e-06, 2.17157730731e-06, 1.82898565981e-06, 1.56493479153e-06, 2.28887802223e-06, 2.37862013819e-06, 9.50896833274e-07, 1.0311140386e-06, 1.08061442461e-06, 6.56712359159e-07, 3.74725686925e-07, 3.33649722961e-07, 2.14725389469e-07, 1.97372798993e-07, 1.82460027531e-07, 1.54899467475e-07, 1.59616931228e-07, 1.08276367428e-07, 5.51871011112e-08, 3.31248735108e-08],
        "min": [2.87913371722e-06, 1.31396755023e-05, 2.47189154834e-06, 3.8655471144e-06, 1.42408873671e-06, 6.32019521163e-07, 1.2709991779e-06, 3.34523576839e-07, 1.13044016814e-07, 1.30137465248e-07, 1.24284966319e-07, 3.6876670606e-08, 5.80243977311e-08, 1.79848953508e-07, 4.0543561397e-08, 3.97163084642e-08, 2.1388091298e-08, 2.49110474471e-08, 2.5341163834e-08, 3.4292774842e-08, 5.6781438218e-08, 5.4664695881e-08, 5.43590452651e-08, 5.38560129826e-08, 5.05483122026e-08, 3.21699218375e-08, 1.10527418329e-08, 1.11789590918e-08, 3.40890302652e-08, 1.45062610812e-08, 1.18184759756e-08, 1.19596617054e-08, 7.69989227933e-09, 5.55799806179e-09, 4.05773192824e-09, 4.81424100585e-09, 7.96273713632e-09, 4.84616213825e-09, 2.37598318797e-09, 9.79333614204e-10],
        "var": [1.07652944337e-08, 1.22670840597e-07, 8.97288217061e-08, 5.73981644436e-08, 1.02203410179e-08, 2.59626915522e-08, 3.29271436783e-08, 4.57233788609e-08, 1.74013649712e-07, 5.71917766479e-08, 1.46052396843e-08, 1.05226849456e-08, 8.14990563924e-09, 1.90558924196e-09, 6.89333212733e-09, 1.86082071973e-09, 2.7319975171e-09, 1.29713850772e-09, 4.04543870625e-10, 6.63449573057e-10, 3.22286530796e-10, 2.9883615027e-10, 8.19844803157e-10, 1.14364751003e-09, 4.11692624436e-10, 2.38264075136e-10, 2.79778977763e-10, 1.10397350983e-10, 9.35411730713e-12, 1.56328023443e-11, 9.54210755549e-12, 2.48564190064e-12, 4.21998048485e-13, 1.85748064065e-13, 2.02172087123e-13, 8.81161327715e-14, 6.09756318245e-14, 3.59630775409e-14, 1.17670401485e-14, 2.81294453706e-15]
    },
    "mfcc": {
        "dmean": [27.5440349579, 10.0455389023, 11.9188222885, 7.80233192444, 8.46422576904, 6.85939455032, 7.35907745361, 6.63863420486, 6.09955739975, 5.96957826614, 5.78059959412, 5.50238132477, 5.95717525482],
        "dmean2": [38.8756332397, 15.2699832916, 17.3730106354, 11.6154708862, 12.5198068619, 10.253446579, 11.1429481506, 10.3638591766, 9.52118873596, 9.29824733734, 8.9733543396, 8.58933258057, 9.43594551086],
        "dvar": [620.040588379, 72.5246658325, 95.7359771729, 38.9984321594, 46.9792861938, 29.9770870209, 37.8245887756, 29.3819580078, 19.7773475647, 25.3264369965, 19.9013328552, 17.8713436127, 23.4296283722],
        "dvar2": [1089.75524902, 160.610321045, 177.318344116, 79.6772232056, 99.236541748, 61.9511642456, 72.1695251465, 72.4333267212, 52.5721206665, 55.7750167847, 49.5329322815, 42.5710945129, 52.2620811462],
        "max": [-579.729125977, 178.595062256, 48.8276748657, 75.2716369629, 34.7797470093, 27.4609699249, 39.5619125366, 29.4217948914, 16.3722305298, 32.6278495789, 29.2093315125, 24.2389183044, 18.4550189972],
        "mean": [-686.469299316, 123.126098633, -3.15554499626, 25.6207771301, -7.95125389099, -4.75090360641, -3.61310648918, -0.212496295571, -5.59605360031, 6.44557857513, 1.07275545597, 2.66225290298, -7.98296308517],
        "median": [-693.438659668, 125.953292847, -1.47119998932, 23.6474323273, -9.15553665161, -4.63658332825, -5.07056427002, -0.709309577942, -5.14420413971, 7.040599823, 0.763559341431, 2.79794406891, -6.79712963104],
        "min": [-909.955444336, 58.7442321777, -67.7984542847, -20.2770767212, -45.092338562, -34.0108528137, -33.9583473206, -25.4619560242, -36.9340362549, -32.7428283691, -21.8935852051, -19.816368103, -42.7900314331],
        "var": [1827.10742188, 431.488128662, 445.314086914, 202.540969849, 178.270935059, 116.387504578, 148.813613892, 81.6558074951, 73.2868881226, 88.4160766602, 64.6003036499, 56.9981079102, 86.4374237061],
        "cov": [[1829.93139648, -431.503875732, -618.733215332, 80.9071121216, 74.0834579468, -136.076629639, -11.4290046692, 68.3488845825, -22.3694324493, -64.5558547974, 1.56490802765, -25.9931926727, -59.2257957458], [-431.503875732, 432.155029297, 167.201126099, -157.393280029, -91.6697998047, 46.9189758301, -11.2495756149, -66.1710205078, 24.7564125061, 41.3666992188, 13.5149068832, 39.5512084961, 42.71068573], [-618.733215332, 167.201126099, 446.002380371, 8.52314662933, 8.71861457825, 63.2257118225, -0.506076514721, -7.12986326218, 9.28963661194, 15.0227794647, -13.2620639801, -5.04542827606, 26.3023929596], [80.9071121216, -157.393280029, 8.52314662933, 202.854019165, 108.703948975, -48.8227081299, -30.6046085358, 32.3032951355, -9.07042980194, -21.9266681671, -9.97410488129, -18.8964633942, -4.22560119629], [74.0834579468, -91.6697998047, 8.71861457825, 108.703948975, 178.546478271, -15.0557670593, -38.7432670593, 27.9182109833, -8.22719764709, -15.6829128265, -19.3723316193, -15.2126464844, 0.35891392827], [-136.076629639, 46.9189758301, 63.2257118225, -48.8227081299, -15.0557670593, 116.567390442, 71.194984436, -0.531561732292, -3.07422089577, -16.3474597931, -6.19754743576, -0.117540881038, -19.6540393829], [-11.4290046692, -11.2495756149, -0.506076514721, -30.6046085358, -38.7432670593, 71.194984436, 149.043609619, 37.4123039246, -26.7938537598, -23.030790329, -11.2166490555, 3.33011245728, -18.5704917908], [68.3488845825, -66.1710205078, -7.12986326218, 32.3032951355, 27.9182109833, -0.531561732292, 37.4123039246, 81.7820129395, 1.61708509922, -27.9461479187, -7.18603897095, -7.12927055359, -5.17515659332], [-22.3694324493, 24.7564125061, 9.28963661194, -9.07042980194, -8.22719764709, -3.07422089577, -26.7938537598, 1.61708509922, 73.4001617432, 32.174079895, 4.1576385498, 0.498014807701, 3.54811000824], [-64.5558547974, 41.3666992188, 15.0227794647, -21.9266681671, -15.6829128265, -16.3474597931, -23.030790329, -27.9461479187, 32.174079895, 88.552734375, 24.7367115021, 1.04190695286, 12.7894010544], [1.56490802765, 13.5149068832, -13.2620639801, -9.97410488129, -19.3723316193, -6.19754743576, -11.2166490555, -7.18603897095, 4.1576385498, 24.7367115021, 64.7001495361, 21.0351791382, -8.3299036026], [-25.9931926727, 39.5512084961, -5.04542827606, -18.8964633942, -15.2126464844, -0.117540881038, 3.33011245728, -7.12927055359, 0.498014807701, 1.04190695286, 21.0351791382, 57.0862045288, 28.4759292603], [-59.2257957458, 42.71068573, 26.3023929596, -4.22560119629, 0.35891392827, -19.6540393829, -18.5704917908, -5.17515659332, 3.54811000824, 12.7894010544, -8.3299036026, 28.4759292603, 86.5710220337]],
        "icov": [[0.00122465239838, 0.000559867185075, 0.00135537935421, 0.0003681856615, -0.000427876977483, 0.000775833497755, -0.000207151169889, -0.00011839644867, -0.000297549850075, 0.000625901506282, -0.000232359961956, 0.000331985997036, 8.23449954623e-05], [0.000559867185075, 0.00511067546904, -0.00120720185805, 0.00347857526504, -0.000103333833977, 0.000521333189681, 8.81705273059e-05, 0.00217672251165, -0.00113220361527, 0.000518259766977, -0.000294556317385, -0.00143237167504, -0.000921341008507], [0.00135537935421, -0.00120720185805, 0.00496979895979, -0.00174011953641, 7.01179742464e-05, -0.00216925865971, 0.00105994765181, -0.00162134552374, 0.000577016326133, -0.000593958480749, 0.000467843288789, 0.00127085670829, -0.000743278011214], [0.0003681856615, 0.00347857526504, -0.00174011953641, 0.0114761320874, -0.00534883281216, 0.00536588719115, -0.00173294974957, 0.00144946342334, -0.00167240400333, 0.00304904184304, -0.0020387256518, 0.00117191055324, -0.000383707607398], [-0.000427876977483, -0.000103333833977, 7.01179742464e-05, -0.00534883281216, 0.0107697881758, -0.00497132819146, 0.00582941202447, -0.00488056568429, 0.00359423761256, -0.00311662210152, 0.0040148627013, -0.00168878713157, 0.000516237865668], [0.000775833497755, 0.000521333189681, -0.00216925865971, 0.00536588719115, -0.00497132819146, 0.0200917236507, -0.0115009322762, 0.00701321428642, -0.0059814392589, 0.00678301835433, -0.00307756150141, 0.00187529670075, 0.0020588117186], [-0.000207151169889, 8.81705273059e-05, 0.00105994765181, -0.00173294974957, 0.00582941202447, -0.0115009322762, 0.0176710132509, -0.0110657010227, 0.00859157834202, -0.00595512846485, 0.00614255387336, -0.00509287277237, 0.00269598374143], [-0.00011839644867, 0.00217672251165, -0.00162134552374, 0.00144946342334, -0.00488056568429, 0.00701321428642, -0.0110657010227, 0.023346606642, -0.00900669302791, 0.00970454048365, -0.0056937392801, 0.00458409264684, -0.00307744904421], [-0.000297549850075, -0.00113220361527, 0.000577016326133, -0.00167240400333, 0.00359423761256, -0.0059814392589, 0.00859157834202, -0.00900669302791, 0.0215108692646, -0.0109380437061, 0.00545859429985, -0.0038002463989, 0.00253934017383], [0.000625901506282, 0.000518259766977, -0.000593958480749, 0.00304904184304, -0.00311662210152, 0.00678301835433, -0.00595512846485, 0.00970454048365, -0.0109380437061, 0.022308671847, -0.0111065562814, 0.00799439381808, -0.00518838129938], [-0.000232359961956, -0.000294556317385, 0.000467843288789, -0.0020387256518, 0.0040148627013, -0.00307756150141, 0.00614255387336, -0.0056937392801, 0.00545859429985, -0.0111065562814, 0.0263573024422, -0.0144432103261, 0.00871067028493], [0.000331985997036, -0.00143237167504, 0.00127085670829, 0.00117191055324, -0.00168878713157, 0.00187529670075, -0.00509287277237, 0.00458409264684, -0.0038002463989, 0.00799439381808, -0.0144432103261, 0.0309708546847, -0.0123831219971], [8.23449954623e-05, -0.000921341008507, -0.000743278011214, -0.000383707607398, 0.000516237865668, 0.0020588117186, 0.00269598374143, -0.00307744904421, 0.00253934017383, -0.00518838129938, 0.00871067028493, -0.0123831219971, 0.0187025759369]]
    }
}

}