{
"metadata": {
    "version": {
        "essentia": "2.0.1",
        "extractor": "archive-music 1.0 mod ismir14"
    },
    "audio_properties": {
        "analysis_sample_rate": 44100,
        "bitrate": 32,
        "channels": 2,
        "equal_loudness": 0,
        "length": 30.0408172607,
        "replay_gain": -13.7347183228,
        "downmix": "mix"
    },
    "tags": {
        "track": 0,
        "year": 0,
        "album": "",
        "artist": "",
        "comment": "",
        "genre": "",
        "title": ""
    }
},
"rhythm": {
    "bpm": 90.2956161499,
    "bpm_histogram_first_peak": 91,
    "bpm_histogram_first_peak_spread": 0.341463446617,
    "bpm_histogram_first_peak_weight": 0.62790697813,
    "bpm_histogram_second_peak": 85,
    "bpm_histogram_second_peak_spread": 0,
    "bpm_histogram_second_peak_weight": 0.0465116277337
},
"tonal": {
    "tuning_frequency": {
        "dmean": 0.166272446513,
        "dmean2": 0.312058210373,
        "dvar": 2.42108345032,
        "dvar2": 6.46565771103,
        "max": 456.306610107,
        "mean": 448.718688965,
        "median": 450.024475098,
        "min": 431.443084717,
        "var": 10.256521225
    },
    "hpcp": {
        "dmean": [0.227003335953, 0.143231704831, 0.114389762282, 0.127817809582, 0.231245413423, 0.316581398249, 0.185455009341, 0.201018720865, 0.143935844302, 0.0876696184278, 0.0893586203456, 0.103885054588],
        "dmean2": [0.386762082577, 0.270134031773, 0.197015702724, 0.233243137598, 0.407274901867, 0.583129882812, 0.353761434555, 0.34634077549, 0.264350652695, 0.158486142755, 0.153444230556, 0.180109262466],
        "dvar": [0.0812599360943, 0.063818320632, 0.0306164957583, 0.0502394214272, 0.0802552774549, 0.114753559232, 0.094016738236, 0.0710375532508, 0.0603896118701, 0.029723007232, 0.0253076273948, 0.0300145931542],
        "dvar2": [0.179314285517, 0.177646830678, 0.0769238993526, 0.123685561121, 0.208424717188, 0.27240434289, 0.257311344147, 0.161891907454, 0.172734126449, 0.0817204266787, 0.0597659833729, 0.0777482539415],
        "max": [1, 1, 1, 1, 1, 1, 1, 1, 1, 1, 1, 1],
        "mean": [0.43660056591, 0.0982381179929, 0.133942946792, 0.126031011343, 0.220663353801, 0.454283833504, 0.135012403131, 0.265767544508, 0.126880064607, 0.0787417143583, 0.0955574437976, 0.10150578618],
        "median": [0.229991957545, 0.0173242464662, 0.0451853312552, 0.0251261871308, 0.0724637508392, 0.292109131813, 0.0224953759462, 0.103105381131, 0.0319447889924, 0.0242833625525, 0.0285329222679, 0.0331259518862],
        "min": [0.00188736722339, 0.000421392935095, 0.000876418314874, 0.000235331433942, 0.00126533594448, 0.0010273414664, 0.000357086973963, 0.0015579109313, 0.000166234240169, 0.000514243904036, 0.000604126311373, 0.000780667178333],
        "var": [0.168423429132, 0.0431066825986, 0.0449939109385, 0.0610403232276, 0.0910749658942, 0.167962908745, 0.0745099708438, 0.109198912978, 0.0573227070272, 0.024837423116, 0.0312168840319, 0.0299039911479]
    }
},
"lowlevel": {
    "melbands": {
        "dmean": [0.000233709884924, 0.000482932489831, 0.000174509332282, 0.000119018237456, 8.69237119332e-05, 6.17570185568e-05, 8.07121541584e-05, 0.00011989873019, 0.000193682848476, 0.000147702055983, 5.56971208425e-05, 6.90934248269e-05, 6.58570133965e-05, 3.4377881093e-05, 5.5404882005e-05, 6.47338165436e-05, 1.38073937705e-05, 1.01367340903e-05, 5.24820461578e-06, 6.115823453e-06, 9.68043514149e-06, 7.36740639695e-06, 1.4208828361e-05, 1.20380027511e-05, 6.60192699797e-06, 6.63393529976e-06, 6.23109781372e-06, 3.8529133235e-06, 1.61924663189e-06, 1.47574769471e-06, 7.20432922208e-07, 3.01430162608e-07, 1.59704811153e-07, 1.41456482083e-07, 1.37123990385e-07, 1.32041890311e-07, 1.08196729798e-07, 1.44296762983e-07, 1.37451735327e-07, 1.13692699699e-07],
        "dmean2": [0.000382572354283, 0.00070778169902, 0.000272690987913, 0.000191151761101, 0.000140722258948, 9.48887609411e-05, 0.000125232167193, 0.000187750440091, 0.000316070421832, 0.000244527531322, 9.00045633898e-05, 0.00010760006262, 9.93260982796e-05, 5.8296143834e-05, 9.39105448197e-05, 0.000106941297418, 2.10776815948e-05, 1.64982848219e-05, 8.37799416331e-06, 9.64005994319e-06, 1.53780711116e-05, 1.16673645607e-05, 2.33235150517e-05, 1.92831339518e-05, 1.06151001091e-05, 1.0113873941e-05, 9.99239637167e-06, 6.19287857262e-06, 2.5658089271e-06, 2.38861093749e-06, 1.15278726298e-06, 4.75322451621e-07, 2.46779904955e-07, 2.22320821308e-07, 2.1699989361e-07, 2.10510691545e-07, 1.66990162143e-07, 2.25526704867e-07, 2.11137432871e-07, 1.7722001644e-07],
        "dvar": [5.89907749315e-08, 2.08707689353e-07, 3.32990026664e-08, 2.91891968374e-08, 2.19120757095e-08, 7.41337435883e-09, 1.80419057472e-08, 4.56679707384e-08, 1.46067961282e-07, 1.76663107254e-07, 7.64581145063e-08, 3.36837366888e-08, 3.05250473787e-08, 7.8656405833e-09, 1.74503433925e-08, 3.40075274607e-08, 2.31365082648e-09, 6.99119928615e-10, 6.98040861224e-11, 5.68729646711e-11, 2.10502518194e-10, 1.23087706694e-10, 5.57078883023e-10, 3.77539194352e-10, 1.00231871414e-10, 9.77133235436e-11, 1.23114324291e-10, 4.44833198054e-11, 6.76151235696e-12, 7.16558062885e-12, 1.2155404721e-12, 1.82549057793e-13, 3.77162764995e-14, 3.24670100375e-14, 3.47421947439e-14, 2.46079537498e-14, 1.69763596897e-14, 3.63348945116e-14, 4.02757288512e-14, 2.2424744963e-14],
        "dvar2": [1.60053986065e-07, 4.56872868426e-07, 6.87632706331e-08, 7.41835961549e-08, 5.47408305351e-08, 1.5856754132e-08, 3.76589248674e-08, 1.0643079662e-07, 3.60136510835e-07, 4.10042105159e-07, 1.55679842351e-07, 8.01149226959e-08, 6.5964144369e-08, 2.13434692142e-08, 4.55089761431e-08, 8.1366344773e-08, 3.791102543e-09, 1.60693092166e-09, 1.64063762575e-10, 1.42353878685e-10, 5.07467512456e-10, 3.13660292184e-10, 1.41167633139e-09, 9.31226595835e-10, 2.39715858275e-10, 2.32871832928e-10, 3.19909321256e-10, 1.16179260656e-10, 1.53354707405e-11, 1.76148765713e-11, 3.07505626865e-12, 4.58363219342e-13, 8.53054809408e-14, 7.52138084345e-14, 8.43556317463e-14, 5.67051525906e-14, 3.67029743729e-14, 7.83704495072e-14, 9.53448949024e-14, 4.70260223991e-14],
        "max": [0.00214979890734, 0.00454689282924, 0.00246398639865, 0.00202208710834, 0.00147077965084, 0.00128661282361, 0.00220313947648, 0.00166186224669, 0.00448546791449, 0.00472366856411, 0.00583119317889, 0.00197022012435, 0.00260213669389, 0.000725686375517, 0.00131995766424, 0.00221203733236, 0.00105504353996, 0.000359716708772, 9.22023973544e-05, 4.93228653795e-05, 0.0001439597836, 8.75957339304e-05, 0.000212948929402, 0.000141741227708, 7.79335387051e-05, 9.42675833357e-05, 0.000101396544778, 7.11442989996e-05, 2.09455047298e-05, 2.78854768112e-05, 8.29757664178e-06, 4.81084271087e-06, 1.53260577918e-06, 1.48139224621e-06, 1.63836682532e-06, 1.63070842518e-06, 1.32089917315e-06, 1.96020619114e-06, 2.46830268225e-06, 1.67884184066e-06],
        "mean": [0.000413441652199, 0.00107072747778, 0.000350108079147, 0.000164925149875, 0.000110877088446, 9.0782501502e-05, 0.00011914413335, 0.000145550235175, 0.00023945637804, 0.000150885185576, 5.6976430642e-05, 7.13544359314e-05, 8.34568854771e-05, 3.52242532244e-05, 5.90414347243e-05, 6.41849692329e-05, 1.51427375386e-05, 1.10542505354e-05, 6.47902515993e-06, 7.71873055783e-06, 1.16700921353e-05, 8.64999947225e-06, 1.48939725477e-05, 1.16010232887e-05, 7.25382506062e-06, 8.00839643489e-06, 6.47191154712e-06, 3.933464086e-06, 1.89741774648e-06, 1.49533991589e-06, 7.96756012278e-07, 4.12615861478e-07, 2.50836762916e-07, 2.21241322151e-07, 2.11043840181e-07, 2.18886270886e-07, 1.75239591726e-07, 2.45677910016e-07, 2.24636337975e-07, 1.86199272889e-07],
        "median": [0.000344473693985, 0.000816907384433, 0.000291654869216, 0.000105172381154, 5.11104808538e-05, 4.55520639662e-05, 4.98386725667e-05, 5.05199132022e-05, 7.86774253356e-05, 2.28680983128e-05, 1.34354604597e-05, 1.92348379642e-05, 1.30095468194e-05, 1.21884804685e-05, 1.7858834326e-05, 1.34801475724e-05, 4.39490622739e-06, 3.60412104783e-06, 3.2149469007e-06, 3.74553746951e-06, 4.1230032366e-06, 2.97812903227e-06, 4.79429354527e-06, 3.11607709591e-06, 2.78060156234e-06, 3.49544325218e-06, 1.83687734534e-06, 1.11760505206e-06, 7.65926074564e-07, 5.37757387065e-07, 3.72353781586e-07, 2.4750738703e-07, 1.72145831812e-07, 1.43018766607e-07, 1.50370240704e-07, 1.66832251125e-07, 1.18012899009e-07, 1.68655788002e-07, 1.51197156129e-07, 1.31181309371e-07],
        "min": [7.14590214557e-06, 1.69972317963e-05, 9.40395329962e-06, 1.48218362028e-06, 1.24322212969e-07, 1.87713695254e-07, 1.79810410827e-06, 1.05528135919e-06, 5.61941305932e-07, 2.29954594033e-07, 3.47074490037e-07, 2.62510013727e-07, 1.49841085317e-07, 1.12577680511e-07, 4.34245066572e-07, 1.45260173667e-07, 1.29632809376e-07, 6.97367426028e-08, 1.78800945605e-07, 1.45804051499e-07, 2.58693319211e-07, 1.7533973562e-07, 3.00447510426e-07, 2.25838391543e-07, 2.99911675938e-07, 1.33647574785e-07, 1.72308304514e-07, 8.21611436663e-08, 5.60601094435e-08, 2.02892245227e-08, 2.43701876457e-08, 2.60017358755e-08, 1.06778408338e-08, 1.92938660604e-08, 5.35857003214e-09, 1.87626980619e-09, 7.54023599114e-09, 4.11885547891e-09, 6.04459859943e-09, 3.61097018953e-09],
        "var": [1.1072955175e-07, 7.09456401182e-07, 8.48743795245e-08, 3.66002019803e-08, 2.87657968556e-08, 1.6131631142e-08, 4.08296862986e-08, 6.20518676442e-08, 1.78205382895e-07, 2.21357652208e-07, 8.89428690698e-08, 3.38956844814e-08, 4.80509783074e-08, 6.50576925665e-09, 1.68948481871e-08, 3.47039446069e-08, 3.40207395588e-09, 8.10580380595e-10, 8.34577060238e-11, 7.43561393013e-11, 2.87828400003e-10, 1.5440282386e-10, 5.65451296897e-10, 3.65250163448e-10, 1.0480790541e-10, 1.26764654329e-10, 1.17904672137e-10, 4.31903367237e-11, 7.58220482927e-12, 6.601475009e-12, 1.21087742697e-12, 2.1731843213e-13, 5.60588156299e-14, 4.4067200789e-14, 3.98954313867e-14, 3.2845223801e-14, 2.63060667677e-14, 6.13477435627e-14, 5.54384961332e-14, 3.47642006599e-14]
    },
    "mfcc": {
        "dmean": [32.2596206665, 10.0894117355, 13.4848928452, 10.0456542969, 7.69328594208, 8.29497528076, 7.00105905533, 5.98141002655, 5.69894552231, 5.9191198349, 5.89157676697, 5.68315267563, 5.51421880722],
        "dmean2": [42.751701355, 15.659954071, 19.9776210785, 15.214972496, 11.2896966934, 11.8101844788, 10.4518136978, 9.07926559448, 8.91364574432, 9.27465629578, 9.37067317963, 9.02157402039, 8.846159935],
        "dvar": [782.119567871, 68.9166488647, 147.183303833, 70.9931716919, 40.4260978699, 47.7307929993, 29.8774490356, 22.7321434021, 19.983083725, 22.7363586426, 22.3806171417, 20.5869102478, 18.5527076721],
        "dvar2": [1644.16796875, 151.121307373, 270.981201172, 152.109802246, 77.4020080566, 98.6551589966, 60.5011253357, 46.8349151611, 50.6042938232, 56.3531532288, 51.8152503967, 51.1028518677, 47.5059394836],
        "max": [-575.877990723, 177.074127197, 54.2403488159, 69.7866821289, 43.4141235352, 31.8173847198, 55.9965744019, 39.413394928, 20.1330108643, 31.5645675659, 27.8146514893, 33.7045593262, 23.1712837219],
        "mean": [-675.997497559, 126.190185547, -2.56452226639, 24.4321022034, 7.43116760254, -4.62402153015, 14.5750999451, 6.44043111801, 0.816353201866, 3.5821454525, 5.52641820908, 7.58068037033, 1.93423044682],
        "median": [-677.692993164, 127.110435486, -0.853048324585, 23.6329994202, 6.79703426361, -3.05461597443, 13.9194831848, 6.74949359894, 1.32589054108, 2.73623561859, 5.27913284302, 7.91925048828, 1.88291072845],
        "min": [-867.590759277, 82.1589202881, -53.983757019, -28.9052219391, -26.9914665222, -47.9981460571, -17.6444282532, -20.5400238037, -25.7228527069, -28.0118694305, -18.108921051, -13.9983520508, -22.3749046326],
        "var": [1840.86010742, 205.332458496, 419.045043945, 257.511779785, 159.870315552, 170.281616211, 122.414833069, 87.4946212769, 54.511882782, 73.6657562256, 61.9158782959, 55.203125, 47.4160194397],
        "cov": [[1843.70532227, -37.3779716492, -592.864990234, 47.4692955017, -256.527770996, -215.080993652, -117.152664185, -90.2134170532, -47.8596153259, -43.2023200989, -78.9535598755, -12.6002874374, -75.0374221802], [-37.3779716492, 205.64982605, 2.80796170235, -103.472991943, -50.309803009, 0.769639134407, 10.7707481384, 3.19472837448, -15.9636392593, 13.1941547394, 45.852771759, 0.253901481628, 0.876635968685], [-592.864990234, 2.80796170235, 419.692718506, -55.2275161743, 149.277633667, 58.3180198669, 16.4954471588, 15.2074146271, 21.2153434753, 24.125213623, 9.05533695221, -14.3608999252, 23.545003891], [47.4692955017, -103.472991943, -55.2275161743, 257.909790039, 30.5450344086, -14.8302440643, -54.9325141907, -16.7859802246, 44.4046783447, 16.0274944305, -39.9143638611, -3.2684032917, 18.3131065369], [-256.527770996, -50.309803009, 149.277633667, 30.5450344086, 160.117416382, 18.3974151611, 13.6383810043, -13.6789360046, 21.0316734314, 28.1097412109, -8.96342658997, 2.91086196899, 5.49957418442], [-215.080993652, 0.769639134407, 58.3180198669, -14.8302440643, 18.3974151611, 170.544799805, 77.4892730713, 33.0144538879, -15.6086683273, -3.78974199295, 40.3812561035, -1.28396594524, -12.6877174377], [-117.152664185, 10.7707481384, 16.4954471588, -54.9325141907, 13.6383810043, 77.4892730713, 122.604034424, 50.8501739502, -7.94171047211, -17.1617794037, 27.7736549377, 17.4139842987, -7.90835475922], [-90.2134170532, 3.19472837448, 15.2074146271, -16.7859802246, -13.6789360046, 33.0144538879, 50.8501739502, 87.6298522949, 12.0997591019, -14.9115037918, 12.856844902, 13.2550144196, 9.74386787415], [-47.8596153259, -15.9636392593, 21.2153434753, 44.4046783447, 21.0316734314, -15.6086683273, -7.94171047211, 12.0997591019, 54.5961341858, 28.7312393188, -3.43512797356, 4.70821762085, 10.2629508972], [-43.2023200989, 13.1941547394, 24.125213623, 16.0274944305, 28.1097412109, -3.78974199295, -17.1617794037, -14.9115037918, 28.7312393188, 73.7796173096, 18.3021373749, -2.35803985596, 1.75642347336], [-78.9535598755, 45.852771759, 9.05533695221, -39.9143638611, -8.96342658997, 40.3812561035, 27.7736549377, 12.856844902, -3.43512797356, 18.3021373749, 62.0115737915, 17.0404148102, -3.08755517006], [-12.6002874374, 0.253901481628, -14.3608999252, -3.2684032917, 2.91086196899, -1.28396594524, 17.4139842987, 13.2550144196, 4.70821762085, -2.35803985596, 17.0404148102, 55.2884483337, 17.0557250977], [-75.0374221802, 0.876635968685, 23.545003891, 18.3131065369, 5.49957418442, -12.6877174377, -7.90835475922, 9.74386787415, 10.2629508972, 1.75642347336, -3.08755517006, 17.0557250977, 47.4893035889]],
        "icov": [[0.00135131180286, 0.000336164142936, 0.00130736059509, 0.000177184367203, 0.000979231321253, 0.000862453889567, 0.000185345372302, 0.000489088939503, 0.000458277500002, -0.000439631170593, 0.00115363427904, -0.000463351781946, 0.00161865155678], [0.000336164142936, 0.00782667379826, -8.71806405485e-05, 0.00225587398745, 0.00255370466039, 0.00128274550661, -0.000280434644083, 0.000822778849397, 0.00060457829386, -0.00150535430294, -0.00447020120919, 0.0016873232089, -0.00158016383648], [0.00130736059509, -8.71806405485e-05, 0.00647514825687, 0.00258077541366, -0.00447343150154, -0.0012932572281, 0.00265197828412, -0.000849658274092, -0.0018674293533, 0.00089231756283, 0.000547925301362, 0.0022784024477, -0.00176180293784], [0.000177184367203, 0.00225587398745, 0.00258077541366, 0.00771474139765, -0.00199931696989, -0.00284486520104, 0.00388447102159, 0.000452268810477, -0.00574462907389, 0.000603817636147, 0.00206578546204, 0.000624730018899, -0.00286158337258], [0.000979231321253, 0.00255370466039, -0.00447343150154, -0.00199931696989, 0.0147971138358, 0.00158071680926, -0.00494592823088, 0.00456942105666, 0.000716250913683, -0.00520190550014, 0.00386762362905, -0.00377408857457, 0.00308107445017], [0.000862453889567, 0.00128274550661, -0.0012932572281, -0.00284486520104, 0.00158071680926, 0.0122736673802, -0.00660429522395, -0.000712738430593, 0.00536148343235, -0.000859263876919, -0.00621439283714, 0.00272547919303, 0.00271007232368], [0.000185345372302, -0.000280434644083, 0.00265197828412, 0.00388447102159, -0.00494592823088, -0.00660429522395, 0.018744841218, -0.00744773400947, -0.00183910864871, 0.00363144348375, -0.000899177219253, -0.00316564086825, 0.00228485418484], [0.000489088939503, 0.000822778849397, -0.000849658274092, 0.000452268810477, 0.00456942105666, -0.000712738430593, -0.00744773400947, 0.0199933424592, -0.00865844916552, 0.0045539913699, -0.00109687750228, -0.000522172660567, -0.00323865306564], [0.000458277500002, 0.00060457829386, -0.0018674293533, -0.00574462907389, 0.000716250913683, 0.00536148343235, -0.00183910864871, -0.00865844916552, 0.0352451018989, -0.0147491954267, 0.0030587518122, -0.00280364695936, 0.000808315933682], [-0.000439631170593, -0.00150535430294, 0.00089231756283, 0.000603817636147, -0.00520190550014, -0.000859263876919, 0.00363144348375, 0.0045539913699, -0.0147491954267, 0.0256687682122, -0.0116807986051, 0.00459735142067, -0.00147141260095], [0.00115363427904, -0.00447020120919, 0.000547925301362, 0.00206578546204, 0.00386762362905, -0.00621439283714, -0.000899177219253, -0.00109687750228, 0.0030587518122, -0.0116807986051, 0.0346468351781, -0.0123102637008, 0.00524900946766], [-0.000463351781946, 0.0016873232089, 0.0022784024477, 0.000624730018899, -0.00377408857457, 0.00272547919303, -0.00316564086825, -0.000522172660567, -0.00280364695936, 0.00459735142067, -0.0123102637008, 0.0278409458697, -0.0117521621287], [0.00161865155678, -0.00158016383648, -0.00176180293784, -0.00286158337258, 0.00308107445017, 0.00271007232368, 0.00228485418484, -0.00323865306564, 0.000808315933682, -0.00147141260095, 0.00524900946766, -0.0117521621287, 0.0314751788974]]
    }
}

}