{
"metadata": {
    "version": {
        "essentia": "2.0.1",
        "extractor": "archive-music 1.0 mod ismir14"
    },
    "audio_properties": {
        "analysis_sample_rate": 44100,
        "bitrate": 112,
        "channels": 2,
        "equal_loudness": 0,
        "length": 30.0669155121,
        "replay_gain": -10.2236347198,
        "downmix": "mix"
    },
    "tags": {
        "track": 0,
        "year": 0,
        "album": "",
        "artist": "",
        "comment": "",
        "genre": "",
        "title": ""
    }
},
"rhythm": {
    "bpm": 172.265594482,
    "bpm_histogram_first_peak": 172,
    "bpm_histogram_first_peak_spread": 0,
    "bpm_histogram_first_peak_weight": 0.5,
    "bpm_histogram_second_peak": 178,
    "bpm_histogram_second_peak_spread": 0,
    "bpm_histogram_second_peak_weight": 0.27380952239
},
"tonal": {
    "tuning_frequency": {
        "dmean": 0.0696315988898,
        "dmean2": 0.117841295898,
        "dvar": 0.560455441475,
        "dvar2": 1.3308120966,
        "max": 447.691040039,
        "mean": 434.665313721,
        "median": 433.691802979,
        "min": 432.690917969,
        "var": 2.57639884949
    },
    "hpcp": {
        "dmean": [0.0833448991179, 0.147881984711, 0.156552672386, 0.154611259699, 0.0323243439198, 0.080576069653, 0.0820198506117, 0.123502485454, 0.0544254034758, 0.0587735176086, 0.142542243004, 0.0617911368608],
        "dmean2": [0.147690862417, 0.266813606024, 0.286815434694, 0.277829110622, 0.0575758963823, 0.141645565629, 0.14592307806, 0.216652959585, 0.0979944914579, 0.103855885565, 0.240799799562, 0.113516584039],
        "dvar": [0.0408783443272, 0.0685306638479, 0.0796046406031, 0.0851807445288, 0.0191325414926, 0.0436296910048, 0.0458344593644, 0.0687312930822, 0.0305036548525, 0.0254376698285, 0.0591871663928, 0.0289749130607],
        "dvar2": [0.103904485703, 0.17501835525, 0.210325524211, 0.169253349304, 0.0467639304698, 0.102243930101, 0.0903299003839, 0.135343819857, 0.0736425817013, 0.0618238262832, 0.119536295533, 0.0747594460845],
        "max": [1, 1, 1, 1, 1, 1, 1, 1, 1, 1, 1, 1],
        "mean": [0.0805342122912, 0.187574371696, 0.14480446279, 0.313157320023, 0.0252817347646, 0.107872106135, 0.125193744898, 0.185771048069, 0.052977476269, 0.0619256459177, 0.330535233021, 0.0511405058205],
        "median": [0.0102583086118, 0.0346404388547, 0.0313960686326, 0.0502453744411, 0.00116672774311, 0.0114083196968, 0.00146459415555, 0.0102415401489, 0.00274908379652, 0.00450973538682, 0.0987180769444, 0.00364023307338],
        "min": [0, 0, 5.27822976437e-06, 1.12202246783e-06, 0, 0, 1.32167031097e-06, 0, 0, 0, 1.83345116511e-06, 8.30081899039e-06],
        "var": [0.0420905612409, 0.101654425263, 0.0715663805604, 0.172486767173, 0.0151233933866, 0.0681683421135, 0.0886971503496, 0.11775097996, 0.0348868742585, 0.0338247194886, 0.158942505717, 0.0238189436495]
    }
},
"lowlevel": {
    "melbands": {
        "dmean": [1.71537794813e-06, 4.15669273934e-05, 5.50252152607e-05, 0.000503856223077, 0.000502110691741, 0.000268810195848, 0.000112969704787, 9.65620274656e-05, 5.67230054003e-05, 3.95118004235e-05, 3.27118214045e-05, 2.00584599952e-05, 3.40653787134e-05, 1.30005864776e-05, 1.01724026536e-05, 8.53217625263e-06, 1.75110235432e-05, 8.46950115374e-06, 9.88884039543e-06, 2.76150285572e-06, 3.98042129746e-06, 3.88781563743e-06, 2.21831373892e-06, 2.73622163149e-06, 7.06606942913e-06, 7.33210981707e-06, 2.11590713661e-06, 1.15662749067e-06, 3.97334957825e-07, 2.5499076628e-07, 9.87694548371e-08, 1.58490820468e-08, 2.95441715537e-09, 6.45786424336e-10, 2.55444054797e-10, 1.05050912413e-10, 4.56379586899e-11, 2.10195142542e-11, 1.51860884978e-11, 4.04753877983e-12],
        "dmean2": [2.74665080724e-06, 6.42982195131e-05, 8.24960443424e-05, 0.000777461042162, 0.000786875491031, 0.000416579685407, 0.000176204004674, 0.000149328261614, 9.09214650164e-05, 6.45067557343e-05, 4.93235056638e-05, 3.10659852403e-05, 5.28858290636e-05, 2.00507147383e-05, 1.66386525962e-05, 1.35205327751e-05, 2.83360004687e-05, 1.34162082759e-05, 1.50557707457e-05, 4.20315700467e-06, 6.44292776997e-06, 6.44766259938e-06, 3.63417325389e-06, 4.21793811256e-06, 1.09503753265e-05, 1.12255738713e-05, 3.38655945598e-06, 1.86897580079e-06, 6.17849025275e-07, 3.95648669382e-07, 1.52999788838e-07, 2.56467842519e-08, 4.77264316956e-09, 1.03190322953e-09, 4.0253630984e-10, 1.64256899748e-10, 7.00720731439e-11, 3.22120281837e-11, 2.34997681037e-11, 6.72276123659e-12],
        "dvar": [4.81035567282e-12, 8.0614528386e-09, 1.14864713296e-08, 1.81657014764e-06, 8.2502810983e-07, 1.4654577285e-07, 4.9530715529e-08, 6.24104998792e-08, 4.4394464993e-08, 1.54850763323e-08, 1.29607471422e-08, 5.48324674554e-09, 1.49769388003e-08, 2.00610017487e-09, 1.73033565254e-09, 4.08247935457e-10, 3.33743988001e-09, 3.17723403143e-10, 4.30893432046e-10, 2.56293580109e-11, 5.20065102094e-11, 7.18118620124e-11, 2.8396719004e-11, 3.61704763363e-11, 3.97279098507e-10, 3.88392956685e-10, 2.01336568945e-11, 7.89362065295e-12, 1.62920122272e-12, 1.72206715034e-12, 3.38738097901e-13, 4.14242140481e-15, 6.12076542658e-16, 7.90982113613e-18, 6.64225049603e-19, 1.47168588315e-19, 5.54331791705e-20, 4.14212210388e-20, 3.00077021674e-20, 9.29895199661e-22],
        "dvar2": [1.18048739187e-11, 1.29619879274e-08, 2.21653575494e-08, 3.8069031234e-06, 1.87213993286e-06, 3.45777664279e-07, 1.25112308069e-07, 1.52551720589e-07, 1.10456056746e-07, 3.53470994696e-08, 2.81014429504e-08, 1.17560157165e-08, 3.27870282035e-08, 3.80931020061e-09, 3.79169495801e-09, 8.86574313963e-10, 5.75257663726e-09, 7.72081232281e-10, 8.12081180079e-10, 5.61119102571e-11, 1.28101362851e-10, 1.80653769721e-10, 6.56272675092e-11, 6.9379724188e-11, 9.45434730504e-10, 7.65493612942e-10, 4.98864248522e-11, 1.90886681461e-11, 3.73040487389e-12, 4.22805497211e-12, 8.07233566016e-13, 9.29917916352e-15, 1.56111761481e-15, 1.64437483901e-17, 1.54726232549e-18, 3.70702387383e-19, 1.39001032796e-19, 1.03684491919e-19, 7.51822326174e-20, 2.33388848273e-21],
        "max": [3.0461449569e-05, 0.0022582130041, 0.00162257673219, 0.0302120186388, 0.0138422502205, 0.00364033482037, 0.00219271262176, 0.00280262064189, 0.00276435725391, 0.00148428871762, 0.00142397591844, 0.000914983509574, 0.00170174008235, 0.000611669267528, 0.000543992151506, 0.000282293185592, 0.00127449445426, 0.000181799419806, 0.000422241399065, 8.14758677734e-05, 6.96160277585e-05, 0.000108347179776, 5.33445963811e-05, 8.67330018082e-05, 0.000304131419398, 0.000317294005072, 4.24922800448e-05, 2.624255103e-05, 2.03789713851e-05, 2.53177386185e-05, 1.20976892504e-05, 1.08562255718e-06, 5.11187636221e-07, 3.94364043643e-08, 1.05184998489e-08, 4.31862856587e-09, 3.37003314144e-09, 3.24623816716e-09, 2.78635114981e-09, 4.63966393083e-10],
        "mean": [2.26628139899e-06, 7.25982536096e-05, 0.00010711626237, 0.000877026584931, 0.000836852530483, 0.000386235537007, 0.0001487469126, 0.000147750004544, 6.55271796859e-05, 4.16967632191e-05, 3.98215197492e-05, 2.13963849092e-05, 3.80090823455e-05, 1.42932203744e-05, 1.18960842883e-05, 9.51480706135e-06, 2.01012881007e-05, 9.671593034e-06, 1.29639302031e-05, 3.65981895811e-06, 4.31915896115e-06, 3.86291503673e-06, 2.4555431537e-06, 3.35736444868e-06, 7.13444387657e-06, 7.97605844127e-06, 2.15522823055e-06, 1.07730693344e-06, 3.70569551933e-07, 2.15137333726e-07, 8.54147899076e-08, 1.46684708824e-08, 2.50932208345e-09, 6.957323051e-10, 2.86426687923e-10, 1.20208898391e-10, 4.90467874648e-11, 1.72001822507e-11, 9.02745846826e-12, 2.53556160443e-12],
        "median": [1.37947506573e-06, 3.67861466657e-05, 4.78468755318e-05, 0.000256698433077, 0.000397660478484, 0.000184551128768, 5.6955992477e-05, 3.76417592634e-05, 1.11768285933e-05, 3.67991674466e-06, 2.75292927654e-06, 1.3672777186e-06, 2.346637757e-06, 2.099425501e-06, 1.6742783373e-06, 1.80299218755e-06, 4.05024184147e-06, 2.95430754704e-06, 3.87361751564e-06, 1.16636033454e-06, 1.36863525313e-06, 9.7767212992e-07, 4.73596657002e-07, 7.11919881269e-07, 1.52035579504e-06, 1.28926581056e-06, 3.95303516143e-07, 1.44125706925e-07, 3.43604220632e-08, 1.34781554806e-08, 4.26384616503e-09, 1.0087990443e-09, 3.83247600322e-10, 2.04604749809e-10, 1.20588830588e-10, 5.46505861398e-11, 2.23757696399e-11, 6.76007383751e-12, 1.57246644091e-12, 4.90681822431e-13],
        "min": [1.62969404638e-09, 2.21429607983e-09, 8.3304152465e-10, 1.04789410482e-09, 3.54533957747e-09, 1.126921223e-09, 1.90647844733e-10, 4.49152354198e-10, 2.22474871858e-10, 7.53444875934e-11, 9.02200189556e-11, 1.6895698729e-10, 3.14064204331e-12, 5.73556063754e-11, 7.99384516914e-11, 1.30903107798e-10, 5.35910704702e-10, 2.34659014442e-10, 2.06196698604e-10, 1.97282867126e-11, 4.89267372276e-13, 1.7647581313e-11, 2.05032917727e-11, 4.29968942395e-11, 9.66412713743e-12, 1.53957367688e-11, 1.06996304178e-11, 5.04738134968e-12, 1.4065126017e-12, 4.2379492385e-13, 8.13588291789e-13, 1.03743673808e-12, 9.11385441942e-13, 8.32870339536e-13, 8.24409334202e-13, 7.38601129043e-13, 6.48343303957e-13, 6.46696942958e-13, 8.1289392806e-14, 1.78824731851e-14],
        "var": [7.68013170421e-12, 3.35407115415e-08, 2.50347458319e-08, 4.07934794566e-06, 1.42671865433e-06, 2.39392420553e-07, 5.90966209302e-08, 9.27303744902e-08, 5.50633245666e-08, 1.78144077267e-08, 1.85348874027e-08, 7.74566366601e-09, 2.16396127684e-08, 2.76898770579e-09, 2.21513540843e-09, 6.29426955001e-10, 6.22081186563e-09, 3.885366473e-10, 7.38016758817e-10, 4.23182322518e-11, 6.3766859848e-11, 6.97534599525e-11, 3.48856568633e-11, 6.2425856151e-11, 4.20269319346e-10, 5.84937265291e-10, 2.40059135764e-11, 8.39724817459e-12, 1.7488496545e-12, 1.47002971861e-12, 3.07299839871e-13, 4.629710142e-15, 4.59279051693e-16, 8.67291179482e-18, 6.32766543727e-19, 1.13822831097e-19, 3.25249000131e-20, 2.08478643399e-20, 1.50631188977e-20, 4.70405305604e-22]
    },
    "mfcc": {
        "dmean": [37.8237915039, 11.9042472839, 21.9894828796, 13.6145534515, 10.6798791885, 9.45862483978, 7.88055324554, 9.76299190521, 7.29626607895, 7.08535289764, 7.26261997223, 6.58584499359, 6.23990392685],
        "dmean2": [53.9196166992, 17.0570240021, 31.4862251282, 19.4206123352, 15.3617267609, 14.166554451, 11.79459095, 14.9163751602, 11.0942354202, 10.7733716965, 11.4870929718, 10.0421361923, 9.60013580322],
        "dvar": [1520.21069336, 207.399719238, 499.602081299, 131.45111084, 84.084777832, 87.0348510742, 38.5923614502, 65.6701889038, 35.3869934082, 33.4558906555, 35.3534240723, 32.0233459473, 25.7510490417],
        "dvar2": [2767.8605957, 296.825408936, 886.718322754, 262.451599121, 159.060928345, 181.089309692, 86.113494873, 143.943481445, 82.248046875, 81.2421722412, 81.0565567017, 68.843788147, 60.6447296143],
        "max": [-691.140136719, 246.742095947, 101.071472168, 131.017913818, 63.6628608704, 29.8606719971, 36.1560287476, 27.8476810455, 9.53011703491, 29.5395526886, 18.4000511169, 18.7349948883, 25.4167556763],
        "mean": [-809.092468262, 197.133377075, -39.8621520996, 34.3251533508, 11.7532234192, -25.6002750397, -4.92958927155, -29.7906703949, -25.3560409546, -5.14064884186, -11.360865593, -14.2411460876, -7.00727891922],
        "median": [-801.736633301, 198.863037109, -48.079372406, 32.8770027161, 14.4680938721, -26.1582298279, -4.0648765564, -31.6079711914, -25.6365585327, -4.92041015625, -10.1910037994, -14.1370925903, -6.80530166626],
        "min": [-1132.44921875, 8.24390792847, -121.923995972, -23.3878898621, -58.8942642212, -75.2374420166, -38.2697219849, -71.9133148193, -60.7967147827, -47.6929168701, -44.9454078674, -46.0015068054, -38.2678031921],
        "var": [3747.9675293, 631.460510254, 1714.14575195, 580.828369141, 386.797607422, 288.656768799, 139.136352539, 254.836883545, 109.930374146, 165.665649414, 112.788963318, 90.786026001, 89.1597671509],
        "cov": [[3753.75146484, 180.962310791, -2259.74414062, 675.064880371, -547.992919922, -581.160522461, 292.502746582, -265.845428467, 0.292494773865, -84.297203064, -80.4640808105, 56.8542823792, -129.960327148], [180.962310791, 632.434997559, 228.282028198, -346.258453369, 27.1162929535, -79.6131134033, -65.326385498, 115.009536743, -54.8585357666, -24.9036445618, -12.4868526459, -40.7833976746, -15.5889482498], [-2259.74414062, 228.282028198, 1716.7911377, -497.163238525, 287.272460938, 366.038543701, -240.955047607, 177.000549316, -14.5465116501, 4.59372520447, 44.830406189, -55.0943031311, 47.6950378418], [675.064880371, -346.258453369, -497.163238525, 581.72467041, -16.2271003723, -64.9409790039, 63.5775108337, -235.347167969, -0.660807013512, 26.0439720154, -38.3509712219, 14.8066453934, -15.318107605], [-547.992919922, 27.1162929535, 287.272460938, -16.2271003723, 387.394500732, 149.770950317, -101.586662292, -46.8755073547, -61.0707588196, 102.826690674, 13.3938770294, -43.3678741455, 60.2046737671], [-581.160522461, -79.6131134033, 366.038543701, -64.9409790039, 149.770950317, 289.102203369, -33.9389419556, -57.7834091187, 14.965139389, 42.0386505127, 52.8130607605, 12.2754497528, 26.1111412048], [292.502746582, -65.326385498, -240.955047607, 63.5775108337, -101.586662292, -33.9389419556, 139.351074219, 13.4876766205, -6.09971618652, -2.21267127991, -8.76929569244, 19.5713291168, -5.99324989319], [-265.845428467, 115.009536743, 177.000549316, -235.347167969, -46.8755073547, -57.7834091187, 13.4876766205, 255.230148315, 38.7913322449, -86.2091293335, -5.28706407547, -10.6161241531, -12.4205627441], [0.292494773865, -54.8585357666, -14.5465116501, -0.660807013512, -61.0707588196, 14.965139389, -6.09971618652, 38.7913322449, 110.100021362, -20.6184902191, -21.806558609, 18.8536911011, -15.222401619], [-84.297203064, -24.9036445618, 4.59372520447, 26.0439720154, 102.826690674, 42.0386505127, -2.21267127991, -86.2091293335, -20.6184902191, 165.921310425, 44.9842224121, -34.1783943176, 38.4546890259], [-80.4640808105, -12.4868526459, 44.830406189, -38.3509712219, 13.3938770294, 52.8130607605, -8.76929569244, -5.28706407547, -21.806558609, 44.9842224121, 112.963020325, 20.7086772919, -3.25222015381], [56.8542823792, -40.7833976746, -55.0943031311, 14.8066453934, -43.3678741455, 12.2754497528, 19.5713291168, -10.6161241531, 18.8536911011, -34.1783943176, 20.7086772919, 90.9261245728, 17.812379837], [-129.960327148, -15.5889482498, 47.6950378418, -15.318107605, 60.2046737671, 26.1111412048, -5.99324989319, -12.4205627441, -15.222401619, 38.4546890259, -3.25222015381, 17.812379837, 89.2973556519]],
        "icov": [[0.335570126772, -0.467922508717, 0.458263427019, -0.432159334421, 0.404102742672, -0.365400761366, 0.323119193316, -0.269310474396, 0.219328612089, -0.164418250322, 0.115841880441, -0.0706962272525, 0.0329316183925], [-0.467922508717, 0.655874609947, -0.639669835567, 0.606195092201, -0.565757572651, 0.513704180717, -0.453212916851, 0.379832774401, -0.30777490139, 0.23237875104, -0.163325577974, 0.10048956424, -0.0457462593913], [0.458263427019, -0.639669835567, 0.62900698185, -0.593121051788, 0.557154119015, -0.508300542831, 0.452251821756, -0.37866422534, 0.309646338224, -0.233670428395, 0.166669473052, -0.10236620903, 0.0481453798711], [-0.432159334421, 0.606195092201, -0.593121051788, 0.568648576736, -0.531682729721, 0.487152338028, -0.434854954481, 0.37017005682, -0.300912767649, 0.230459108949, -0.163678720593, 0.103211201727, -0.0475542545319], [0.404102742672, -0.565757572651, 0.557154119015, -0.531682729721, 0.507603347301, -0.465263456106, 0.4198127985, -0.355343520641, 0.294965177774, -0.227638617158, 0.164810970426, -0.102858588099, 0.0479616522789], [-0.365400761366, 0.513704180717, -0.508300542831, 0.487152338028, -0.465263456106, 0.438742399216, -0.394406080246, 0.33996373415, -0.28248000145, 0.219720765948, -0.163440048695, 0.103229351342, -0.0501662380993], [0.323119193316, -0.453212916851, 0.452251821756, -0.434854954481, 0.4198127985, -0.394406080246, 0.372209906578, -0.315460860729, 0.265118330717, -0.209820196033, 0.156822949648, -0.103350922465, 0.0502561815083], [-0.269310474396, 0.379832774401, -0.37866422534, 0.37017005682, -0.355343520641, 0.33996373415, -0.315460860729, 0.282738149166, -0.233664020896, 0.189208596945, -0.141285717487, 0.0955475047231, -0.0470836833119], [0.219328612089, -0.30777490139, 0.309646338224, -0.300912767649, 0.294965177774, -0.28248000145, 0.265118330717, -0.233664020896, 0.208484068513, -0.160780727863, 0.12497420609, -0.0847872421145, 0.0437359511852], [-0.164418250322, 0.23237875104, -0.233670428395, 0.230459108949, -0.227638617158, 0.219720765948, -0.209820196033, 0.189208596945, -0.160780727863, 0.142669573426, -0.106615036726, 0.0761887356639, -0.0408465750515], [0.115841880441, -0.163325577974, 0.166669473052, -0.163678720593, 0.164810970426, -0.163440048695, 0.156822949648, -0.141285717487, 0.12497420609, -0.106615036726, 0.0928093120456, -0.061286367476, 0.0333516485989], [-0.0706962272525, 0.10048956424, -0.10236620903, 0.103211201727, -0.102858588099, 0.103229351342, -0.103350922465, 0.0955475047231, -0.0847872421145, 0.0761887356639, -0.061286367476, 0.0575961098075, -0.0284337755293], [0.0329316183925, -0.0457462593913, 0.0481453798711, -0.0475542545319, 0.0479616522789, -0.0501662380993, 0.0502561815083, -0.0470836833119, 0.0437359511852, -0.0408465750515, 0.0333516485989, -0.0284337755293, 0.0283564217389]]
    }
}

}