{
"metadata": {
    "version": {
        "essentia": "2.0.1",
        "extractor": "archive-music 1.0 mod ismir14"
    },
    "audio_properties": {
        "analysis_sample_rate": 44100,
        "bitrate": 128,
        "channels": 2,
        "equal_loudness": 0,
        "length": 30.0669155121,
        "replay_gain": -14.8066997528,
        "downmix": "mix"
    },
    "tags": {
        "track": 0,
        "year": 0,
        "album": "",
        "artist": "",
        "comment": "",
        "genre": "",
        "title": ""
    }
},
"rhythm": {
    "bpm": 109.27457428,
    "bpm_histogram_first_peak": 110,
    "bpm_histogram_first_peak_spread": 0.490566015244,
    "bpm_histogram_first_peak_weight": 0.509433984756,
    "bpm_histogram_second_peak": 0,
    "bpm_histogram_second_peak_spread": 0,
    "bpm_histogram_second_peak_weight": 0
},
"tonal": {
    "tuning_frequency": {
        "dmean": 0.0565278790891,
        "dmean2": 0.0864271968603,
        "dvar": 0.152465432882,
        "dvar2": 0.188950911164,
        "max": 452.37008667,
        "mean": 441.990478516,
        "median": 442.548919678,
        "min": 440.508575439,
        "var": 1.0349047184
    },
    "hpcp": {
        "dmean": [0.133190050721, 0.0767375603318, 0.0703635662794, 0.129425495863, 0.0739702060819, 0.111116752028, 0.0541068650782, 0.0826946273446, 0.108359962702, 0.0483478866518, 0.121172048151, 0.077569976449],
        "dmean2": [0.237793385983, 0.141152441502, 0.124683327973, 0.219114556909, 0.136613786221, 0.19483064115, 0.102850005031, 0.142655029893, 0.180826932192, 0.0889042913914, 0.204651966691, 0.143393620849],
        "dvar": [0.0693057850003, 0.0421823821962, 0.0329441949725, 0.0553669519722, 0.0384189300239, 0.0466142036021, 0.0253723375499, 0.030659833923, 0.0438833832741, 0.0218872521073, 0.0528688244522, 0.0411257594824],
        "dvar2": [0.182306200266, 0.105453938246, 0.0870727747679, 0.117337107658, 0.101962342858, 0.119970709085, 0.0736764594913, 0.0768931508064, 0.108922034502, 0.0613328032196, 0.132510960102, 0.110577389598],
        "max": [1, 1, 1, 1, 1, 1, 1, 1, 1, 1, 1, 1],
        "mean": [0.169246271253, 0.210751920938, 0.0514157526195, 0.412644118071, 0.0506804324687, 0.217414870858, 0.0328602790833, 0.0999235883355, 0.204902499914, 0.0326518341899, 0.217486321926, 0.0512592494488],
        "median": [0.0226054284722, 0.0045705488883, 0.00355720194057, 0.164312466979, 0.00272703380324, 0.034769937396, 0.00251100538298, 0.0105212889612, 0.0580116063356, 0.00227118236944, 0.0514826625586, 0.00243198149838],
        "min": [1.20803167647e-06, 6.7989708441e-06, 3.87418413084e-06, 0, 0, 8.1288766296e-07, 8.73584326655e-07, 0, 0, 0, 5.88376406085e-06, 1.81643645192e-06],
        "var": [0.0952824950218, 0.146035626531, 0.0245682392269, 0.188685372472, 0.028088979423, 0.119160436094, 0.0145506672561, 0.0490931235254, 0.0996058508754, 0.0137479063123, 0.107792049646, 0.027807623148]
    }
},
"lowlevel": {
    "melbands": {
        "dmean": [0.000505448668264, 0.000863090506755, 0.000626403954811, 0.000396895047743, 0.000163888616953, 0.000151451924467, 8.74391698744e-05, 0.00012190479174, 0.00016913098807, 0.000113272224553, 2.7370697353e-05, 3.28538626491e-05, 1.98744310183e-05, 2.1986583306e-05, 2.16336338781e-05, 2.08225683309e-05, 1.94229796762e-05, 1.66603604157e-05, 9.47607531998e-06, 1.53287783178e-05, 6.96930464983e-06, 4.89781587021e-06, 5.11975758855e-06, 3.38950826517e-06, 1.98691463993e-06, 1.39615406169e-06, 8.58440671436e-07, 6.05403670306e-07, 6.56532733956e-07, 4.86275610001e-07, 4.11748601437e-07, 4.07045803286e-07, 3.6755795918e-07, 2.60256996398e-07, 2.05849460144e-07, 1.5199142922e-07, 8.62146976033e-08, 2.75419864693e-08, 6.95773838544e-09, 6.56346477168e-10],
        "dmean2": [0.000867484894115, 0.00140649604145, 0.000956239236984, 0.000653398688883, 0.00026429007994, 0.000226742224186, 0.000139773881529, 0.000186200501048, 0.000260670349235, 0.000179813054274, 4.14976711909e-05, 5.49267897441e-05, 3.01746731566e-05, 3.51075177605e-05, 3.45310654666e-05, 3.31171650032e-05, 3.21228144458e-05, 2.61710629275e-05, 1.47681284943e-05, 2.3109247195e-05, 1.10148812382e-05, 7.688317055e-06, 8.10408164398e-06, 5.36366678716e-06, 3.18568345392e-06, 2.23632150664e-06, 1.32750619741e-06, 9.078291896e-07, 9.8460384379e-07, 7.33870649583e-07, 6.2741861484e-07, 5.84945269111e-07, 5.38233678071e-07, 3.69445444903e-07, 2.8019891829e-07, 2.1023444674e-07, 1.23384737094e-07, 3.93680572586e-08, 9.91355975088e-09, 1.01307096045e-09],
        "dvar": [1.83184579328e-06, 1.47725745592e-06, 5.57474891139e-07, 5.31200612386e-07, 4.56162005946e-08, 7.14593539897e-08, 2.16468620806e-08, 6.24113027925e-08, 9.97951232762e-08, 7.67849144268e-08, 4.5189256781e-09, 1.00611385889e-08, 2.85090639984e-09, 3.10434322692e-09, 3.88385767991e-09, 2.43620479345e-09, 1.62652491476e-09, 1.72460878911e-09, 4.41757325165e-10, 2.35690267303e-09, 1.99792057898e-10, 7.49444326043e-11, 1.25386298566e-10, 4.23489542045e-11, 1.14571997722e-11, 8.84622843728e-12, 2.52111938097e-12, 1.22355912294e-12, 1.39864801598e-12, 9.10483602574e-13, 7.49382218605e-13, 7.13431484028e-13, 6.19272211635e-13, 4.22997357627e-13, 3.72347904462e-13, 3.37995473623e-13, 1.86575757556e-13, 1.15730230168e-14, 8.13656143363e-16, 1.56669017178e-17],
        "dvar2": [4.9598897931e-06, 3.71185910808e-06, 1.4033100797e-06, 1.50151356593e-06, 1.23997779156e-07, 1.50654543063e-07, 5.12286000287e-08, 1.34872053081e-07, 2.13138207528e-07, 1.78346880375e-07, 7.84989140357e-09, 2.37771971001e-08, 6.43223962982e-09, 7.59141549622e-09, 9.07793662464e-09, 5.60816992845e-09, 4.08242595284e-09, 3.49975604053e-09, 9.53480960852e-10, 5.62641710999e-09, 4.91693408211e-10, 2.04109534829e-10, 2.99880037469e-10, 1.04653875843e-10, 2.67035143997e-11, 2.30379829796e-11, 6.146093183e-12, 2.78954528747e-12, 3.02962906498e-12, 2.08207973432e-12, 1.71676312489e-12, 1.47637989074e-12, 1.19584247019e-12, 7.94209533209e-13, 6.24800937984e-13, 6.14783289381e-13, 3.91350011208e-13, 1.94732366354e-14, 1.6498779856e-15, 3.94082144885e-17],
        "max": [0.00974593963474, 0.0092357750982, 0.00851244945079, 0.00582627160475, 0.00168455927633, 0.00244351569563, 0.00144681578968, 0.00260490737855, 0.00370243401267, 0.00420269416645, 0.00120954250451, 0.00155506690498, 0.000867629772983, 0.000510460231453, 0.000646761094686, 0.000501878501382, 0.000394556875108, 0.000619102735072, 0.000225508818403, 0.00114190916065, 0.000256902421825, 9.63678612607e-05, 0.000175322187715, 8.97353456821e-05, 3.20298786392e-05, 3.93644477299e-05, 1.90918308363e-05, 9.24002688407e-06, 1.04490081867e-05, 9.15858163353e-06, 8.84053588379e-06, 8.28022984933e-06, 1.04284545159e-05, 9.89167710941e-06, 1.39373096317e-05, 1.39819030665e-05, 1.0058249245e-05, 2.44906482294e-06, 6.41822055059e-07, 8.42690042191e-08],
        "mean": [0.000644996529445, 0.00264771236107, 0.00191849353723, 0.000724327459466, 0.000303025182802, 0.000265767070232, 0.000141604192322, 0.000174698798219, 0.000239338565734, 0.000178061891347, 3.77733013011e-05, 3.88869812014e-05, 2.63721358351e-05, 2.61209697783e-05, 2.55176928476e-05, 2.76110931736e-05, 2.46736144618e-05, 2.35959851125e-05, 1.30844064188e-05, 2.7110805604e-05, 1.13902742669e-05, 7.84164512879e-06, 1.05484941741e-05, 6.28576572126e-06, 3.07406116917e-06, 1.94211179405e-06, 1.0800392829e-06, 7.37243283311e-07, 8.22437300485e-07, 5.79566460601e-07, 4.7559362315e-07, 4.72041449484e-07, 4.32185657928e-07, 3.18467215266e-07, 2.46521977942e-07, 1.66467614804e-07, 9.08953694534e-08, 3.0045530508e-08, 7.11214998006e-09, 5.74842062839e-10],
        "median": [0.000353546725819, 0.00237990263849, 0.00179570564069, 0.000511362974066, 0.000213895968045, 9.60915494943e-05, 6.60429213895e-05, 5.792398224e-05, 6.23595915386e-05, 3.79037555831e-05, 1.11622994154e-05, 1.03090696939e-05, 7.23267112335e-06, 5.6356307141e-06, 6.29134137853e-06, 5.78040953769e-06, 4.97260498378e-06, 5.43237820239e-06, 3.62288301403e-06, 3.31009755428e-06, 3.35445997734e-06, 3.19980608765e-06, 2.42227065428e-06, 1.51754147737e-06, 1.06560787572e-06, 7.31172178803e-07, 3.95558743094e-07, 2.44814430062e-07, 2.50940985325e-07, 1.27552269191e-07, 1.0513119264e-07, 9.89244739458e-08, 9.4472504486e-08, 7.29734495053e-08, 5.17736076233e-08, 3.63257015579e-08, 1.94752498572e-08, 6.29151752918e-09, 1.423900442e-09, 9.52561987622e-11],
        "min": [2.36593106218e-10, 1.08608002591e-08, 8.15573208968e-09, 5.29251975578e-09, 2.40178854582e-09, 6.61801169421e-10, 5.07347996948e-10, 1.32512878448e-09, 1.74471714853e-09, 1.36753330882e-09, 9.80280856488e-10, 8.81204553771e-10, 5.39858213688e-10, 2.81656753476e-10, 4.22869544936e-10, 2.75158562602e-10, 1.91913915315e-10, 1.34337069246e-10, 1.0105275644e-10, 6.32544711054e-11, 4.48788541052e-11, 2.6079562121e-11, 1.73456006503e-11, 2.23555965406e-11, 1.21650389415e-11, 4.84242507204e-12, 1.97315306455e-11, 2.30174108939e-11, 7.89556029064e-13, 1.79886591734e-11, 1.49323730464e-11, 1.06309318987e-11, 7.81914984149e-12, 7.72685040951e-12, 6.94100592974e-12, 4.93806514776e-12, 1.18535368153e-12, 5.33933960684e-14, 3.25306256e-14, 1.03111277315e-14],
        "var": [1.38360019264e-06, 3.64857805835e-06, 1.51756228206e-06, 5.32889373517e-07, 8.39832026145e-08, 1.67071135593e-07, 3.98441599714e-08, 1.12793216545e-07, 2.04583159302e-07, 1.97054305318e-07, 8.78973516194e-09, 1.16311289489e-08, 4.97039920333e-09, 3.6972178652e-09, 4.573051271e-09, 4.03105193669e-09, 2.91186474932e-09, 3.31425620281e-09, 7.26931903561e-10, 1.03400639162e-08, 5.26631294129e-10, 1.35068803364e-10, 5.62433377649e-10, 1.72777306351e-10, 2.30231528286e-11, 1.04951967256e-11, 3.00842076945e-12, 1.58213535589e-12, 2.06521865581e-12, 1.22335529294e-12, 8.98200025641e-13, 9.61816672314e-13, 8.93235247053e-13, 6.24147923015e-13, 5.69859480784e-13, 4.48501912692e-13, 2.01122457447e-13, 1.65528110289e-14, 9.41963741301e-16, 1.26920161279e-17]
    },
    "mfcc": {
        "dmean": [30.8307533264, 14.8807640076, 11.5864896774, 9.49642467499, 9.41036605835, 8.00394630432, 7.14969205856, 6.41042232513, 6.03317499161, 6.42183446884, 5.73439693451, 5.51051712036, 5.20853757858],
        "dmean2": [39.6242904663, 19.1185359955, 15.5768461227, 13.9386835098, 13.0974960327, 11.8070726395, 10.64478302, 9.87447357178, 9.41717529297, 9.6737165451, 8.92592525482, 8.62804794312, 8.05994129181],
        "dvar": [1468.86645508, 259.192016602, 148.267547607, 77.5358200073, 78.1461257935, 52.1778297424, 36.6137466431, 30.093832016, 28.3319263458, 32.0411491394, 25.0212650299, 22.5052642822, 18.559009552],
        "dvar2": [2420.93334961, 415.152618408, 246.948410034, 158.223709106, 141.389282227, 105.318283081, 79.0976333618, 62.2523918152, 66.316116333, 69.6469497681, 57.0086746216, 49.8954048157, 43.3410415649],
        "max": [-590.186401367, 247.321075439, 111.052536011, 96.0745544434, 56.9787940979, 55.2324371338, 24.2224769592, 53.0984420776, 21.607509613, 44.6403121948, 29.3293571472, 28.3664779663, 18.1876907349],
        "mean": [-723.489074707, 182.831619263, -5.11183071136, 43.7197380066, 7.38941955566, 15.8497419357, -12.4900131226, 11.9769468307, -6.41253662109, 7.11491012573, -2.14409422874, 2.02914023399, -8.06610393524],
        "median": [-712.249023438, 185.828521729, -7.29468536377, 42.8048248291, 7.06786346436, 16.8726730347, -12.3332214355, 12.4986858368, -6.22854995728, 6.01342582703, -3.46392059326, 1.67137145996, -7.80060577393],
        "min": [-1123.73742676, 19.9377250671, -100.083328247, -40.4820785522, -36.870513916, -31.7708854675, -58.0090789795, -27.5718078613, -40.5548400879, -28.8905715942, -26.3822193146, -23.5308609009, -28.8898544312],
        "var": [5020.39794922, 971.14630127, 1042.74499512, 489.737060547, 307.864562988, 214.299377441, 204.569259644, 128.043121338, 83.9023971558, 138.528594971, 93.5561065674, 68.4063796997, 62.6729698181],
        "cov": [[5028.14550781, -804.59777832, -1099.45495605, 229.420120239, -585.24432373, 186.892608643, -452.033325195, 236.620346069, -209.925323486, 204.486404419, -130.310150146, 120.384780884, -143.645996094], [-804.59777832, 972.644958496, -191.480834961, -346.460540771, 139.187484741, -196.645675659, 170.230697632, -118.377197266, 38.5098495483, -42.2532615662, 110.495346069, -53.4887619019, 45.7337036133], [-1099.45495605, -191.480834961, 1044.35412598, 224.903549194, -22.7915859222, 202.721817017, 116.85887146, 39.6149673462, 9.59622955322, -69.2505340576, -50.9798583984, 0.645376563072, 12.0411119461], [229.420120239, -346.460540771, 224.903549194, 490.492828369, 57.7870254517, 58.7108650208, -134.880844116, 61.3095932007, 20.7072982788, -45.529045105, -79.0551452637, 16.3166923523, 1.87216150761], [-585.24432373, 139.187484741, -22.7915859222, 57.7870254517, 308.339660645, -77.2376251221, -6.36181640625, -21.4436817169, 37.4865455627, -8.56806850433, 20.007226944, -3.10276699066, 15.0175914764], [186.892608643, -196.645675659, 202.721817017, 58.7108650208, -77.2376251221, 214.630081177, 35.2851104736, 32.4404640198, -16.6728172302, 20.3928871155, -12.2691822052, 12.3080568314, -17.3867397308], [-452.033325195, 170.230697632, 116.85887146, -134.880844116, -6.36181640625, 35.2851104736, 204.884963989, -4.35563564301, -13.0712575912, 10.0764122009, 43.3595466614, -4.79402589798, 5.86396074295], [236.620346069, -118.377197266, 39.6149673462, 61.3095932007, -21.4436817169, 32.4404640198, -4.35563564301, 128.240722656, -14.8147678375, 12.2034931183, -2.80147600174, 30.0877456665, -12.4115619659], [-209.925323486, 38.5098495483, 9.59622955322, 20.7072982788, 37.4865455627, -16.6728172302, -13.0712575912, -14.8147678375, 84.0318756104, 2.24668121338, -4.25528478622, -11.2266054153, 6.03784799576], [204.486404419, -42.2532615662, -69.2505340576, -45.529045105, -8.56806850433, 20.3928871155, 10.0764122009, 12.2034931183, 2.24668121338, 138.742370605, 44.1486053467, -1.86751079559, -30.6450309753], [-130.310150146, 110.495346069, -50.9798583984, -79.0551452637, 20.007226944, -12.2691822052, 43.3595466614, -2.80147600174, -4.25528478622, 44.1486053467, 93.7004852295, 8.43409824371, -6.38214635849], [120.384780884, -53.4887619019, 0.645376563072, 16.3166923523, -3.10276699066, 12.3080568314, -4.79402589798, 30.0877456665, -11.2266054153, -1.86751079559, 8.43409824371, 68.5119400024, 15.3439731598], [-143.645996094, 45.7337036133, 12.0411119461, 1.87216150761, 15.0175914764, -17.3867397308, 5.86396074295, -12.4115619659, 6.03784799576, -30.6450309753, -6.38214635849, 15.3439731598, 62.7696876526]],
        "icov": [[0.0015179940965, -0.000763135380112, 0.00193884270266, -0.00127952476032, 0.00241785426624, -0.0019641937688, 0.00203863019124, -0.00130874570459, 0.00264108600095, -0.00205842708237, 0.00262258783914, -0.00211223470978, 0.00164834188763], [-0.000763135380112, 0.00292868516408, -0.000852169760037, 0.00162112119142, -0.00184256816283, 0.00237402133644, -0.00244838558137, 0.00129245279822, -0.0021886145696, 0.00247970828786, -0.00334486947395, 0.00250503863208, -0.0017136981478], [0.00193884270266, -0.000852169760037, 0.00405767420307, -0.00244149961509, 0.00308183114976, -0.00356647954322, 0.00116864335723, -0.00165408581961, 0.00295336404815, -0.00188751029782, 0.00350126810372, -0.00236901268363, 0.00192033662461], [-0.00127952476032, 0.00162112119142, -0.00244149961509, 0.00535676907748, -0.00337642477825, 0.00132088351529, 0.000531706667971, -0.000134184199851, -0.00288361427374, 0.00266038672999, -0.00155911617912, 0.00216550612822, -0.00181489018723], [0.00241785426624, -0.00184256816283, 0.00308183114976, -0.00337642477825, 0.0081452736631, -0.00188785616774, 0.00293662608601, -0.00164148560725, 0.00309021468274, -0.00357637065463, 0.00331434933469, -0.00384749681689, 0.00254880520515], [-0.0019641937688, 0.00237402133644, -0.00356647954322, 0.00132088351529, -0.00188785616774, 0.0105181764811, -0.00468546431512, 0.00193734781351, -0.00324428989552, 0.00175887125079, -0.00358794815838, 0.00207330356352, -0.0010948512936], [0.00203863019124, -0.00244838558137, 0.00116864335723, 0.000531706667971, 0.00293662608601, -0.00468546431512, 0.0118814241141, -0.00298144831322, 0.0048157600686, -0.0031887665391, 0.00199720985256, -0.00234281108715, 0.0012649865821], [-0.00130874570459, 0.00129245279822, -0.00165408581961, -0.000134184199851, -0.00164148560725, 0.00193734781351, -0.00298144831322, 0.0114304656163, -0.00151986174751, 0.00124606466852, -0.00240423483774, -0.00242785993032, 0.000956243311521], [0.00264108600095, -0.0021886145696, 0.00295336404815, -0.00288361427374, 0.00309021468274, -0.00324428989552, 0.0048157600686, -0.00151986174751, 0.0183782894164, -0.00541015481576, 0.00574503932148, -0.00213492568582, 0.00146659079473], [-0.00205842708237, 0.00247970828786, -0.00188751029782, 0.00266038672999, -0.00357637065463, 0.00175887125079, -0.0031887665391, 0.00124606466852, -0.00541015481576, 0.0138387652114, -0.00912717077881, 0.00407815072685, 0.00100429099984], [0.00262258783914, -0.00334486947395, 0.00350126810372, -0.00155911617912, 0.00331434933469, -0.00358794815838, 0.00199720985256, -0.00240423483774, 0.00574503932148, -0.00912717077881, 0.0222690161318, -0.00796264968812, 0.00456688273698], [-0.00211223470978, 0.00250503863208, -0.00236901268363, 0.00216550612822, -0.00384749681689, 0.00207330356352, -0.00234281108715, -0.00242785993032, -0.00213492568582, 0.00407815072685, -0.00796264968812, 0.0229399949312, -0.00925635825843], [0.00164834188763, -0.0017136981478, 0.00192033662461, -0.00181489018723, 0.00254880520515, -0.0010948512936, 0.0012649865821, 0.000956243311521, 0.00146659079473, 0.00100429099984, 0.00456688273698, -0.00925635825843, 0.022871889174]]
    }
}

}