{
"metadata": {
    "version": {
        "essentia": "2.0.1",
        "extractor": "archive-music 1.0 mod ismir14"
    },
    "audio_properties": {
        "analysis_sample_rate": 44100,
        "bitrate": 128,
        "channels": 2,
        "equal_loudness": 0,
        "length": 30.0669155121,
        "replay_gain": -12.9652671814,
        "downmix": "mix"
    },
    "tags": {
        "track": 0,
        "year": 0,
        "album": "",
        "artist": "",
        "comment": "",
        "genre": "",
        "title": ""
    }
},
"rhythm": {
    "bpm": 88.2881317139,
    "bpm_histogram_first_peak": 89,
    "bpm_histogram_first_peak_spread": 0.309523820877,
    "bpm_histogram_first_peak_weight": 0.674418628216,
    "bpm_histogram_second_peak": 94,
    "bpm_histogram_second_peak_spread": 0,
    "bpm_histogram_second_peak_weight": 0.0232558138669
},
"tonal": {
    "tuning_frequency": {
        "dmean": 0.0440294258296,
        "dmean2": 0.0862640440464,
        "dvar": 0.228136345744,
        "dvar2": 0.464555323124,
        "max": 442.03793335,
        "mean": 436.83480835,
        "median": 435.448913574,
        "min": 431.692352295,
        "var": 19.8966312408
    },
    "hpcp": {
        "dmean": [0.170809075236, 0.170361503959, 0.164831981063, 0.229673922062, 0.0893175601959, 0.150309860706, 0.202828109264, 0.247436359525, 0.159688457847, 0.129963517189, 0.259360492229, 0.0756200775504],
        "dmean2": [0.285697519779, 0.299839347601, 0.288161486387, 0.40469327569, 0.158702969551, 0.254985839128, 0.349912375212, 0.415416121483, 0.27347266674, 0.229872763157, 0.438019216061, 0.133058264852],
        "dvar": [0.0414138287306, 0.0614635571837, 0.0572313033044, 0.0754984617233, 0.0217393469065, 0.0504502318799, 0.0617790743709, 0.0686690285802, 0.0485336557031, 0.0346223711967, 0.0713536143303, 0.0198775008321],
        "dvar2": [0.0996556431055, 0.159907594323, 0.134673967957, 0.176228255033, 0.0590350478888, 0.104608185589, 0.150116071105, 0.163580924273, 0.11705327034, 0.0957467630506, 0.149025678635, 0.0521731562912],
        "max": [1, 1, 1, 1, 1, 1, 1, 1, 1, 1, 1, 1],
        "mean": [0.240034744143, 0.14704683423, 0.167897611856, 0.277871608734, 0.0792065635324, 0.259861916304, 0.276923626661, 0.331330180168, 0.190534606576, 0.115762837231, 0.618939161301, 0.0747490078211],
        "median": [0.134884417057, 0.0425010249019, 0.0564944259822, 0.118279188871, 0.0276605132967, 0.0863084867597, 0.145428225398, 0.209527269006, 0.0687036588788, 0.0438888072968, 0.665475845337, 0.0318228937685],
        "min": [0, 0.000198295092559, 0.000912151066586, 0, 0.000451564992545, 0.00218194210902, 0.000112523805001, 0, 0.000435682595707, 0, 0, 0],
        "var": [0.071206830442, 0.0563737824559, 0.0651189833879, 0.105384983122, 0.0184087641537, 0.114633627236, 0.102428115904, 0.110406294465, 0.0731958672404, 0.0331292338669, 0.128637999296, 0.0174342133105]
    }
},
"lowlevel": {
    "melbands": {
        "dmean": [4.71171078971e-05, 0.000212334576645, 0.000218641769607, 0.000106155450339, 6.71989255352e-05, 0.000118030533486, 0.000129496649606, 0.000131590699311, 0.000129989290144, 6.94858536008e-05, 5.02514521941e-05, 2.99479306705e-05, 2.3905573471e-05, 1.54208973981e-05, 2.47458356171e-05, 1.44538444147e-05, 1.5978996089e-05, 1.26065951918e-05, 9.87895964499e-06, 8.79683193489e-06, 7.06885703039e-06, 7.0742025855e-06, 8.62121669343e-06, 9.50479443418e-06, 6.95683456797e-06, 5.45714965483e-06, 4.52537960882e-06, 2.55531404036e-06, 1.38739312661e-06, 1.18917660075e-06, 8.77344234596e-07, 5.08876098593e-07, 2.44993771048e-07, 1.81456258019e-07, 1.72429849954e-07, 1.31159993089e-07, 8.03988484677e-08, 3.28234435187e-08, 6.04411942717e-09, 2.80215128878e-10],
        "dmean2": [6.98162984918e-05, 0.000333680800395, 0.000348261935869, 0.000141167649417, 0.000108714521048, 0.000191649058252, 0.000211394071812, 0.000223079434363, 0.000187175333849, 0.000101165402157, 7.35808353056e-05, 4.81563183712e-05, 3.64998777513e-05, 2.42558799073e-05, 3.83520637115e-05, 2.10279304156e-05, 2.40394947468e-05, 1.99340756808e-05, 1.57115555339e-05, 1.34790861921e-05, 1.11926619866e-05, 1.07159266918e-05, 1.24454609249e-05, 1.3628781744e-05, 1.06906709334e-05, 7.91646471043e-06, 6.91527884555e-06, 3.97699977839e-06, 2.21092432184e-06, 1.87102386917e-06, 1.34541289754e-06, 7.94977665919e-07, 3.84445627333e-07, 2.89956830102e-07, 2.76600360394e-07, 2.10433512393e-07, 1.31022773076e-07, 5.49355085866e-08, 1.00061194885e-08, 4.56354259937e-10],
        "dvar": [3.45084472109e-09, 9.34662267582e-08, 7.60768514851e-08, 2.82841376986e-08, 8.76860806187e-09, 2.09820658625e-08, 3.2516474846e-08, 5.66944251545e-08, 4.8058428348e-08, 2.47262299524e-08, 6.59728982555e-09, 1.10243574269e-08, 6.00868776957e-09, 1.48917966847e-09, 4.59491689142e-09, 1.34311106681e-09, 2.27396368402e-09, 7.1507821886e-10, 4.60146643011e-10, 6.12514872156e-10, 1.97774949195e-10, 1.87809295893e-10, 2.99581220942e-10, 4.14456552411e-10, 1.99915764498e-10, 1.07313567754e-10, 1.27221608248e-10, 5.00691224592e-11, 6.03642700062e-12, 7.36323935852e-12, 5.17877407624e-12, 1.46167388089e-12, 1.89760249072e-13, 6.61573118337e-14, 6.56046533288e-14, 2.80932842636e-14, 1.10082604111e-14, 2.92460592588e-15, 9.42050257776e-17, 1.66089866613e-19],
        "dvar2": [5.63708946189e-09, 2.03423297762e-07, 1.69822058638e-07, 4.89892357791e-08, 2.19922320355e-08, 5.09375688296e-08, 8.39593923274e-08, 1.51141236415e-07, 7.31181373226e-08, 4.03590583176e-08, 1.27440840103e-08, 2.6206613768e-08, 1.20871845866e-08, 3.05918734789e-09, 1.02889092801e-08, 2.56957299882e-09, 5.35457012063e-09, 1.66526348266e-09, 1.15068932161e-09, 1.5392438435e-09, 4.28449664636e-10, 4.20067369777e-10, 4.95167351566e-10, 8.86187512261e-10, 4.42128722522e-10, 2.27649635254e-10, 2.72891209629e-10, 9.0891870419e-11, 1.4572820381e-11, 1.55426418263e-11, 1.14420816572e-11, 3.25312086297e-12, 4.19744398744e-13, 1.37123765034e-13, 1.52265854547e-13, 6.8364727128e-14, 2.82405053661e-14, 7.72574854839e-15, 2.44505986392e-16, 4.23071476307e-19],
        "max": [0.000829630065709, 0.00322316028178, 0.00252931495197, 0.00233163964003, 0.00123101833742, 0.00125562143512, 0.00140578323044, 0.00168584717903, 0.00392600847408, 0.00261240941472, 0.00110814010259, 0.00118182180449, 0.000995529349893, 0.000516843982041, 0.000908635091037, 0.000570445670746, 0.000716066511814, 0.000335547752911, 0.000201196526177, 0.000404710270232, 0.000146790072904, 0.000126966406242, 0.000184936347068, 0.000287098926492, 0.000196385633899, 0.000123165998957, 0.000156314505148, 9.96700182441e-05, 2.48161704803e-05, 5.32344856765e-05, 3.73736329493e-05, 2.08082728932e-05, 6.61785043121e-06, 4.03006197303e-06, 3.62930950359e-06, 1.80248594006e-06, 1.18108061997e-06, 7.29306634639e-07, 9.54663121888e-08, 3.57692653274e-09],
        "mean": [7.93632716523e-05, 0.000294177792966, 0.000326863286318, 0.000169426813954, 9.24187261262e-05, 0.000168341008248, 0.000166398618603, 0.00012452476949, 0.000200488837436, 0.000101997968159, 7.74907020968e-05, 3.48300127371e-05, 2.75004913419e-05, 1.94262574951e-05, 3.1056082662e-05, 1.79407998075e-05, 1.90367463802e-05, 1.56727164722e-05, 1.10994387796e-05, 1.00549132185e-05, 9.1933816293e-06, 9.30338319449e-06, 1.4129092051e-05, 1.55456054927e-05, 9.91763226921e-06, 8.49352818477e-06, 7.04214744474e-06, 3.96301402361e-06, 2.14353053707e-06, 1.75785555712e-06, 1.4107329207e-06, 8.68234963036e-07, 4.2623508989e-07, 3.3029814972e-07, 3.01235957068e-07, 2.10781962551e-07, 1.29058165044e-07, 5.04324759731e-08, 8.83963480192e-09, 4.16872869557e-10],
        "median": [4.79403388454e-05, 0.000173676555278, 0.000230798497796, 9.51165056904e-05, 5.98536717007e-05, 0.000112525493023, 8.91641684575e-05, 4.09603162552e-05, 8.5848463641e-05, 4.16358852817e-05, 3.74995761376e-05, 9.33918636292e-06, 6.15901080891e-06, 6.2593489929e-06, 1.18666685012e-05, 5.54071903025e-06, 4.72199417345e-06, 3.75593413082e-06, 3.29841395796e-06, 2.17244405576e-06, 2.21397317546e-06, 2.09843324228e-06, 1.86864394891e-06, 1.51652216118e-06, 2.19225398723e-06, 2.35858556152e-06, 1.04600746909e-06, 1.1286526842e-06, 1.10810390197e-06, 6.11300777109e-07, 3.83688956163e-07, 3.42486202953e-07, 2.08800173596e-07, 1.95254727942e-07, 1.66772096577e-07, 1.17378363029e-07, 8.46122603093e-08, 3.17403028305e-08, 4.88871343407e-09, 2.3334131849e-10],
        "min": [1.97029947913e-10, 7.44182493406e-11, 3.66362877535e-11, 8.34672955752e-11, 1.93588561848e-10, 1.30428334799e-10, 8.42632283393e-11, 2.18495100485e-11, 5.1530411882e-11, 4.84522214017e-11, 3.28922197639e-12, 4.97259872168e-12, 4.07669176195e-11, 1.15797350875e-10, 9.25781118433e-11, 4.11126965805e-11, 3.73994030189e-11, 2.12942476152e-11, 3.43863375274e-11, 2.32571149839e-11, 1.75046886708e-11, 1.78057533995e-11, 4.54303122899e-11, 6.95064283907e-11, 3.19114248915e-11, 9.76298555888e-12, 1.40776288196e-11, 1.17752292292e-11, 1.09393848147e-11, 1.81174884123e-11, 3.22027821076e-12, 5.64063596178e-12, 6.689550823e-12, 1.66734714143e-12, 2.96530942162e-12, 6.28775764094e-12, 3.00682590805e-12, 1.14182513271e-12, 4.59118311945e-13, 6.17501655278e-14],
        "var": [1.00014352356e-08, 1.23767790683e-07, 1.05773082737e-07, 5.98836109589e-08, 1.11570477301e-08, 2.82835728171e-08, 3.86952336839e-08, 4.74718291343e-08, 1.82155105222e-07, 5.62959066031e-08, 1.52166634848e-08, 1.16360503455e-08, 8.1994810941e-09, 2.20718665567e-09, 5.52638157458e-09, 2.03196282023e-09, 2.95465607536e-09, 1.36305478016e-09, 5.02482500053e-10, 8.27729440545e-10, 3.54132362324e-10, 3.15457493461e-10, 8.20849554994e-10, 1.16275311601e-09, 4.11469192052e-10, 2.56141302613e-10, 2.90979351725e-10, 1.00941137393e-10, 1.08221790904e-11, 1.52039318635e-11, 9.78784154421e-12, 2.40751667734e-12, 4.31478908592e-13, 1.90514975757e-13, 1.83587777684e-13, 6.2670314359e-14, 1.73359217877e-14, 3.24038637313e-15, 1.25828358971e-16, 2.53430562098e-19]
    },
    "mfcc": {
        "dmean": [28.4959335327, 10.1475973129, 12.0401363373, 7.91407394409, 8.44358921051, 6.89209127426, 7.14378166199, 6.7806224823, 5.85984325409, 6.43323516846, 6.02511501312, 5.26302957535, 5.88311481476],
        "dmean2": [40.4695663452, 15.2194824219, 17.2269439697, 11.741897583, 12.6151561737, 10.1903915405, 10.2737150192, 10.5617322922, 9.13454723358, 10.1362190247, 9.3683052063, 8.04302787781, 9.06807518005],
        "dvar": [942.32409668, 103.573799133, 102.089118958, 46.1795196533, 49.4222106934, 31.4196949005, 36.8953285217, 28.9026908875, 19.7878665924, 24.2651062012, 23.5346984863, 17.4663772583, 22.809879303],
        "dvar2": [1229.10839844, 195.184173584, 183.501327515, 87.1875457764, 107.935134888, 65.3795852661, 71.5779418945, 69.4869308472, 50.2051696777, 55.8204193115, 58.4064903259, 41.2693061829, 53.7024002075],
        "max": [-588.75958252, 181.764221191, 36.5833930969, 91.4011077881, 16.7992897034, 36.8549728394, 30.9713439941, 36.1137428284, 6.04945755005, 42.8193283081, 22.5357780457, 30.776348114, 10.4303703308],
        "mean": [-697.983032227, 138.640258789, -18.3711967468, 39.9599761963, -21.1729984283, 7.12821865082, -14.0146894455, 8.97185707092, -13.2850465775, 12.9555473328, -4.45729351044, 7.14728355408, -11.732717514],
        "median": [-706.752746582, 141.720611572, -16.2935676575, 37.9281234741, -21.846206665, 7.25207138062, -14.975856781, 8.35594177246, -12.3135871887, 13.4464015961, -4.91962432861, 7.30748558044, -10.160774231],
        "min": [-1138.42004395, 1.14440917969e-05, -81.9976654053, -2.69099807739, -61.697265625, -21.9970817566, -42.3920211792, -16.9202346802, -45.1818084717, -27.7540512085, -25.093372345, -18.8784446716, -49.0097198486],
        "var": [2261.34765625, 455.997833252, 467.547607422, 219.436584473, 170.876342773, 115.186332703, 151.009170532, 87.0737686157, 76.66381073, 86.6474761963, 66.0211715698, 52.3297996521, 89.0695037842],
        "cov": [[2264.83740234, -199.426696777, -694.566833496, 175.289413452, 2.9170358181, -81.5607833862, -78.390411377, 117.989845276, -87.7462997437, -7.86798334122, -53.1233177185, 28.9054145813, -107.02935791], [-199.426696777, 456.701538086, 161.739868164, -155.20425415, -78.6357040405, 27.0675811768, -0.42193377018, -75.5749206543, 36.8254928589, 28.5630397797, 29.3749275208, 25.5274333954, 52.8668212891], [-694.566833496, 161.739868164, 468.269134521, -5.11894226074, 12.2848300934, 54.9634132385, 10.0179719925, -15.6893510818, 20.8819904327, 3.78638410568, -1.75019574165, -14.1498861313, 37.5124397278], [175.289413452, -155.20425415, -5.11894226074, 219.775222778, 105.322914124, -49.0025634766, -39.6292114258, 43.8019638062, -15.9382581711, -18.8086700439, -15.9166965485, -14.7639913559, -11.4274864197], [2.9170358181, -78.6357040405, 12.2848300934, 105.322914124, 171.140029907, -7.65449285507, -44.6404762268, 27.320230484, -8.83746147156, -10.2681360245, -20.5455093384, -11.1978092194, -0.400864452124], [-81.5607833862, 27.0675811768, 54.9634132385, -49.0025634766, -7.65449285507, 115.364089966, 74.8998184204, 4.56280612946, -1.35081231594, -18.73670578, -5.97584295273, -4.54276180267, -22.1508750916], [-78.390411377, -0.42193377018, 10.0179719925, -39.6292114258, -44.6404762268, 74.8998184204, 151.242218018, 30.766740799, -26.0416812897, -22.5943431854, -9.67351722717, 3.11956930161, -15.7660713196], [117.989845276, -75.5749206543, -15.6893510818, 43.8019638062, 27.320230484, 4.56280612946, 30.766740799, 87.2081375122, -4.01886415482, -25.1861095428, -12.4665870667, -3.28801965714, -9.99186229706], [-87.7462997437, 36.8254928589, 20.8819904327, -15.9382581711, -8.83746147156, -1.35081231594, -26.0416812897, -4.01886415482, 76.782119751, 32.6892700195, 6.18687772751, -0.376064777374, 6.62050914764], [-7.86798334122, 28.5630397797, 3.78638410568, -18.8086700439, -10.2681360245, -18.73670578, -22.5943431854, -25.1861095428, 32.6892700195, 86.7811889648, 20.9811477661, -0.400484532118, 11.6086769104], [-53.1233177185, 29.3749275208, -1.75019574165, -15.9166965485, -20.5455093384, -5.97584295273, -9.67351722717, -12.4665870667, 6.18687772751, 20.9811477661, 66.1230621338, 19.1370887756, -4.88297319412], [28.9054145813, 25.5274333954, -14.1498861313, -14.7639913559, -11.1978092194, -4.54276180267, 3.11956930161, -3.28801965714, -0.376064777374, -0.400484532118, 19.1370887756, 52.4105529785, 27.23695755], [-107.02935791, 52.8668212891, 37.5124397278, -11.4274864197, -0.400864452124, -22.1508750916, -15.7660713196, -9.99186229706, 6.62050914764, 11.6086769104, -4.88297319412, 27.23695755, 89.2069625854]],
        "icov": [[0.00283624255098, -0.00258616753854, 0.00454108044505, -0.00419542519376, 0.00365367392078, -0.00442589214072, 0.0056467554532, -0.00615155603737, 0.00556537415832, -0.00475711375475, 0.0054774293676, -0.00444058701396, 0.00357656832784], [-0.00258616753854, 0.00631160475314, -0.00534728216007, 0.00606980500743, -0.00333645194769, 0.00452450010926, -0.00539020868018, 0.00761471735314, -0.0062664267607, 0.00501493737102, -0.00589247094467, 0.00352502381429, -0.00439477711916], [0.00454108044505, -0.00534728216007, 0.010263113305, -0.00792326405644, 0.00585387088358, -0.00917958840728, 0.00927639566362, -0.00992696359754, 0.00864157639444, -0.00753559963778, 0.00821216311306, -0.00510662095621, 0.00390905328095], [-0.00419542519376, 0.00606980500743, -0.00792326405644, 0.0157950222492, -0.00983138568699, 0.0111007820815, -0.00877813156694, 0.00775708118454, -0.00825051870197, 0.00837051961571, -0.00854513794184, 0.00689610699192, -0.00429615844041], [0.00365367392078, -0.00333645194769, 0.00585387088358, -0.00983138568699, 0.015038494952, -0.0102405063808, 0.0121673131362, -0.0105395782739, 0.00940091907978, -0.00759469857439, 0.00928179174662, -0.00597081752494, 0.00375626585446], [-0.00442589214072, 0.00452450010926, -0.00917958840728, 0.0111007820815, -0.0102405063808, 0.0254903230816, -0.0182849168777, 0.0125009631738, -0.0125978356227, 0.0111198900267, -0.0086862295866, 0.00660132803023, -0.00126040459145], [0.0056467554532, -0.00539020868018, 0.00927639566362, -0.00877813156694, 0.0121673131362, -0.0182849168777, 0.0260095372796, -0.0185475181788, 0.0168661177158, -0.01172803808, 0.0132906287909, -0.0107495719567, 0.00726178986952], [-0.00615155603737, 0.00761471735314, -0.00992696359754, 0.00775708118454, -0.0105395782739, 0.0125009631738, -0.0185475181788, 0.0312000699341, -0.0167388394475, 0.0150839583948, -0.0122681939974, 0.0095967464149, -0.00777409505099], [0.00556537415832, -0.0062664267607, 0.00864157639444, -0.00825051870197, 0.00940091907978, -0.0125978356227, 0.0168661177158, -0.0167388394475, 0.0295139923692, -0.0168034695089, 0.0124076241627, -0.00936285033822, 0.00725437607616], [-0.00475711375475, 0.00501493737102, -0.00753559963778, 0.00837051961571, -0.00759469857439, 0.0111198900267, -0.01172803808, 0.0150839583948, -0.0168034695089, 0.0255337692797, -0.0149203147739, 0.0114156361669, -0.00847251992673], [0.0054774293676, -0.00589247094467, 0.00821216311306, -0.00854513794184, 0.00928179174662, -0.0086862295866, 0.0132906287909, -0.0122681939974, 0.0124076241627, -0.0149203147739, 0.0321197211742, -0.0191870350391, 0.0130126932636], [-0.00444058701396, 0.00352502381429, -0.00510662095621, 0.00689610699192, -0.00597081752494, 0.00660132803023, -0.0107495719567, 0.0095967464149, -0.00936285033822, 0.0114156361669, -0.0191870350391, 0.0365700125694, -0.0166052039713], [0.00357656832784, -0.00439477711916, 0.00390905328095, -0.00429615844041, 0.00375626585446, -0.00126040459145, 0.00726178986952, -0.00777409505099, 0.00725437607616, -0.00847251992673, 0.0130126932636, -0.0166052039713, 0.0223743207753]]
    }
}

}