{
"metadata": {
    "version": {
        "essentia": "2.0.1",
        "extractor": "archive-music 1.0 mod ismir14"
    },
    "audio_properties": {
        "analysis_sample_rate": 44100,
        "bitrate": 128,
        "channels": 2,
        "equal_loudness": 0,
        "length": 30.0669155121,
        "replay_gain": -13.4323310852,
        "downmix": "mix"
    },
    "tags": {
        "track": 0,
        "year": 0,
        "album": "",
        "artist": "",
        "comment": "",
        "genre": "",
        "title": ""
    }
},
"rhythm": {
    "bpm": 90.2956161499,
    "bpm_histogram_first_peak": 91,
    "bpm_histogram_first_peak_spread": 0.341463446617,
    "bpm_histogram_first_peak_weight": 0.62790697813,
    "bpm_histogram_second_peak": 83,
    "bpm_histogram_second_peak_spread": 0.5,
    "bpm_histogram_second_peak_weight": 0.0232558138669
},
"tonal": {
    "tuning_frequency": {
        "dmean": 0.18782132864,
        "dmean2": 0.349040329456,
        "dvar": 1.60683596134,
        "dvar2": 3.39400720596,
        "max": 456.570251465,
        "mean": 448.349914551,
        "median": 447.432556152,
        "min": 431.193908691,
        "var": 19.6052722931
    },
    "hpcp": {
        "dmean": [0.231228530407, 0.143847748637, 0.121042795479, 0.14932602644, 0.234229758382, 0.280236035585, 0.201025873423, 0.212230205536, 0.130309015512, 0.0822897702456, 0.105286575854, 0.115945853293],
        "dmean2": [0.398777246475, 0.270841032267, 0.208730325103, 0.268297255039, 0.420453846455, 0.496629863977, 0.380427390337, 0.374801367521, 0.234006851912, 0.146331608295, 0.183827459812, 0.204208984971],
        "dvar": [0.0847310498357, 0.0663468167186, 0.0352449566126, 0.0606666021049, 0.0842912569642, 0.0964046269655, 0.100153572857, 0.0774826928973, 0.0551507137716, 0.0285387076437, 0.0342171825469, 0.0366663746536],
        "dvar2": [0.184396609664, 0.192475825548, 0.0936358720064, 0.150749012828, 0.215148672462, 0.211846336722, 0.280291795731, 0.191727101803, 0.1409073174, 0.0748302266002, 0.0862184986472, 0.100643314421],
        "max": [1, 1, 1, 1, 1, 1, 1, 1, 1, 1, 1, 1],
        "mean": [0.439991623163, 0.0954036712646, 0.135833472013, 0.137700051069, 0.222954273224, 0.441448569298, 0.144688904285, 0.264528095722, 0.128276884556, 0.0757527574897, 0.0990356653929, 0.103456787765],
        "median": [0.24138879776, 0.0170656889677, 0.0474168993533, 0.0265396907926, 0.0671630203724, 0.290455937386, 0.0190866701305, 0.10472241044, 0.0317017659545, 0.0261352993548, 0.0308960620314, 0.0316482074559],
        "min": [0.00202398328111, 0.000419826712459, 0.00111915497109, 0.000226509509957, 0.00156301795505, 0.000984268845059, 0.00032509007724, 0.0012414510129, 0.00044458854245, 0.000380271929316, 0.000454085966339, 0.000757225207053],
        "var": [0.169758677483, 0.0440089441836, 0.0465395785868, 0.0678819194436, 0.0926555022597, 0.160918772221, 0.0790773332119, 0.107230328023, 0.0596470870078, 0.0227137859911, 0.034106977284, 0.0317340046167]
    }
},
"lowlevel": {
    "melbands": {
        "dmean": [0.000236560343183, 0.000514796294738, 0.000176533925696, 0.000112449713924, 7.97427856014e-05, 5.9008885728e-05, 8.01753121777e-05, 0.000105306426121, 0.000182554707862, 0.000134318281198, 5.34850805707e-05, 6.97712457622e-05, 5.8152127167e-05, 2.88219616777e-05, 5.24179049535e-05, 6.36736804154e-05, 1.39176599987e-05, 9.83463360171e-06, 4.758850082e-06, 6.09058861301e-06, 9.16039425647e-06, 6.84258202455e-06, 1.33434405143e-05, 1.16992932817e-05, 6.40706548438e-06, 6.36602362647e-06, 5.67334609514e-06, 3.66999688595e-06, 1.66517349953e-06, 1.39961866807e-06, 6.65621655571e-07, 2.80373512851e-07, 1.57050919825e-07, 1.28938637545e-07, 1.22600994246e-07, 9.42779649904e-08, 5.65839890498e-08, 3.5774604612e-08, 1.10520197438e-08, 8.23855705878e-10],
        "dmean2": [0.000403906364227, 0.00079199206084, 0.000282731140032, 0.000175071501872, 0.000129724954604, 8.82974272827e-05, 0.000123636986245, 0.000159917850397, 0.000281194603303, 0.000226040574489, 8.30725621199e-05, 0.000111462934001, 8.25484385132e-05, 4.84984084324e-05, 8.60658255988e-05, 0.000101635072497, 2.27361269935e-05, 1.51874974108e-05, 7.26182861399e-06, 9.76072169578e-06, 1.44938921949e-05, 1.07196692625e-05, 2.10709895327e-05, 1.87701753021e-05, 1.01329205791e-05, 9.69922712102e-06, 8.87479291123e-06, 5.90483341512e-06, 2.63050515059e-06, 2.19906473831e-06, 1.06970355773e-06, 4.34823874684e-07, 2.4411360755e-07, 1.93814955196e-07, 1.91268824778e-07, 1.50583701952e-07, 8.71485283938e-08, 5.61353665773e-08, 1.71380118985e-08, 1.31549970916e-09],
        "dvar": [7.10218159838e-08, 2.13488718259e-07, 3.51754145811e-08, 1.88940330048e-08, 1.64326330321e-08, 7.31296667666e-09, 1.81758323947e-08, 3.24425393217e-08, 1.09906146406e-07, 1.52178046164e-07, 5.36035500431e-08, 4.83151474384e-08, 2.01402450273e-08, 4.58605420306e-09, 1.99063094897e-08, 3.43363737443e-08, 2.61664689916e-09, 6.55075493849e-10, 4.27203689091e-11, 6.4298837088e-11, 1.75132047753e-10, 1.00008022696e-10, 4.09161787784e-10, 3.63320123986e-10, 1.00084267263e-10, 8.75384140175e-11, 8.37157149158e-11, 3.92453569642e-11, 8.88610886263e-12, 7.03959243328e-12, 1.32218444093e-12, 1.30168418362e-13, 3.78017353476e-14, 2.90063180181e-14, 2.99931418948e-14, 1.25631164407e-14, 5.38782029991e-15, 2.23363668158e-15, 2.58365880629e-16, 1.74888191293e-18],
        "dvar2": [2.01626662033e-07, 5.1449944749e-07, 7.81798306093e-08, 4.39610694514e-08, 4.07816891368e-08, 1.49683536677e-08, 3.5280525168e-08, 6.70892248422e-08, 2.36403508325e-07, 3.46929311945e-07, 8.73549197422e-08, 1.27843890141e-07, 3.56145939406e-08, 1.14251523797e-08, 5.24675094482e-08, 8.18309189299e-08, 4.91378182588e-09, 1.39641365138e-09, 9.13499900723e-11, 1.65189945056e-10, 4.22786278209e-10, 2.36830055567e-10, 9.50057255089e-10, 8.96060614597e-10, 2.48917914059e-10, 1.92776308805e-10, 1.94181490332e-10, 1.00605183906e-10, 2.26410244719e-11, 1.69817337276e-11, 3.33044095774e-12, 3.00449958966e-13, 9.14827770287e-14, 6.94548991887e-14, 7.46547734656e-14, 2.75153181083e-14, 1.29435147022e-14, 5.29532980778e-15, 6.1676984634e-16, 4.57772752489e-18],
        "max": [0.00225633662194, 0.0038501212839, 0.00208823359571, 0.00177182268817, 0.00153460970614, 0.00120749406051, 0.00249541341327, 0.00160209939349, 0.00389481522143, 0.00449082069099, 0.00529101630673, 0.00315907620825, 0.00161638925783, 0.000798040651716, 0.00159447744954, 0.00268107862212, 0.000954030721914, 0.000365758314729, 7.96414751676e-05, 5.39256034244e-05, 0.000118775249575, 8.21150970296e-05, 0.000179438909981, 0.000141832977533, 7.72094572312e-05, 8.69957875693e-05, 8.67197668413e-05, 5.1871080359e-05, 2.73555106105e-05, 2.61025652435e-05, 1.07992555058e-05, 4.36386289948e-06, 1.82295389095e-06, 1.79138442036e-06, 2.12358008866e-06, 1.1195317029e-06, 7.34831473892e-07, 4.47764961109e-07, 1.62268975146e-07, 1.56408237473e-08],
        "mean": [0.000402358622523, 0.00104791624472, 0.000342577637639, 0.000159063230967, 0.000105321581941, 8.72637829161e-05, 0.000116425275337, 0.000138014002005, 0.000229761310038, 0.00014415163605, 5.46771370864e-05, 6.96379720466e-05, 7.93426079326e-05, 3.25933360728e-05, 5.67194038013e-05, 6.17064870312e-05, 1.46339161802e-05, 1.08048661787e-05, 6.2275230448e-06, 7.51299057811e-06, 1.11408908197e-05, 8.35883565742e-06, 1.43437709994e-05, 1.12714315037e-05, 7.04475860402e-06, 7.81090420787e-06, 6.2459680521e-06, 3.78306458515e-06, 1.84297073247e-06, 1.45649596561e-06, 7.76840352046e-07, 3.96584937334e-07, 2.43051545112e-07, 2.07942960628e-07, 1.8764843901e-07, 1.60774547453e-07, 8.69374616741e-08, 5.81348160722e-08, 1.70134359934e-08, 1.20976562101e-09],
        "median": [0.000340383034199, 0.000776660279371, 0.000291128730169, 0.000107190135168, 4.84934171254e-05, 4.44008510385e-05, 4.66972705908e-05, 4.77224275528e-05, 7.548242138e-05, 2.29232973652e-05, 1.25082060549e-05, 1.8624796212e-05, 1.22183046187e-05, 1.18827110782e-05, 1.59431401698e-05, 1.188265378e-05, 3.77323954126e-06, 3.11780490847e-06, 3.0635501389e-06, 3.48277876583e-06, 3.63663366443e-06, 3.01157524518e-06, 4.53752272733e-06, 3.01536329061e-06, 2.69729184765e-06, 3.12813381242e-06, 1.90305888736e-06, 1.09801283088e-06, 7.44503324768e-07, 5.17500438946e-07, 3.43030137628e-07, 2.39839806682e-07, 1.71709970687e-07, 1.3892704942e-07, 1.2942388139e-07, 1.21784523799e-07, 5.86217296927e-08, 4.12366354396e-08, 1.10890487903e-08, 8.30576385447e-10],
        "min": [2.96666025079e-09, 4.15961376454e-10, 5.11228614997e-10, 6.95897228731e-10, 5.86524662172e-10, 3.05700770253e-10, 2.93034152499e-10, 6.60400401031e-10, 4.9630693999e-10, 8.95488294628e-10, 5.14107478811e-10, 4.84091274011e-11, 2.7282941531e-11, 3.46167317034e-10, 5.74969238887e-10, 1.71415950878e-10, 4.74951085405e-11, 2.3587912179e-10, 3.33577859779e-10, 1.42046235885e-10, 3.80905945674e-10, 2.3626750556e-10, 6.05238914542e-10, 5.30601007576e-10, 1.72178105107e-10, 1.0850238763e-10, 1.8373573496e-10, 6.67055230497e-11, 5.61960061818e-11, 3.93905776053e-11, 4.79564235545e-11, 6.58466892123e-11, 8.99921803743e-12, 1.32263288863e-11, 8.7415378755e-12, 2.02106404529e-11, 1.28896997242e-11, 9.0388486626e-12, 6.86101262609e-12, 1.96570711097e-12],
        "var": [1.12169480815e-07, 6.84389419803e-07, 8.0629263266e-08, 3.01801854619e-08, 2.51797125372e-08, 1.59233781716e-08, 4.04694944223e-08, 5.28610044626e-08, 1.62864026265e-07, 1.97561035975e-07, 7.76255930646e-08, 3.93088335215e-08, 3.99734041423e-08, 4.5252965819e-09, 1.82015540418e-08, 3.38725243409e-08, 3.25123794553e-09, 8.11038458615e-10, 6.75743558332e-11, 7.78189040984e-11, 2.51657999994e-10, 1.40263384241e-10, 4.96558683061e-10, 3.5418476485e-10, 1.00623023802e-10, 1.20061127706e-10, 9.7976148028e-11, 3.90819876461e-11, 8.17383920965e-12, 6.53594149289e-12, 1.24172493034e-12, 1.84981316289e-13, 5.39929463173e-14, 3.92080810906e-14, 3.33365672849e-14, 1.7885324298e-14, 7.35876220663e-15, 3.33932892697e-15, 3.41785682211e-16, 1.82544058055e-18]
    },
    "mfcc": {
        "dmean": [32.7410163879, 10.105260849, 13.6217327118, 9.57642364502, 7.87869548798, 7.96180391312, 6.84104776382, 6.29873418808, 5.51360034943, 5.91637897491, 6.04592752457, 5.86422395706, 5.57549524307],
        "dmean2": [41.2503852844, 15.3423118591, 20.089263916, 14.13534832, 11.7259464264, 11.5954637527, 10.0480327606, 9.43382835388, 8.74445724487, 9.54267311096, 9.56182861328, 9.36019325256, 8.96461296082],
        "dvar": [1107.35266113, 99.6755142212, 154.752838135, 62.1227226257, 41.1197662354, 43.935295105, 29.7596263885, 24.1015472412, 19.6690559387, 22.6382427216, 24.1623306274, 20.6126689911, 18.4851894379],
        "dvar2": [1753.26159668, 175.071456909, 314.196136475, 114.122581482, 83.9065856934, 83.4405593872, 55.7560997009, 55.1519470215, 48.2672615051, 54.2750968933, 58.4286384583, 50.731803894, 46.9762954712],
        "max": [-596.180541992, 188.371612549, 29.3450202942, 85.6584625244, 26.6979598999, 46.6862335205, 39.1569061279, 57.1937103271, 8.65713119507, 40.7771835327, 24.4092750549, 39.5946807861, 14.2479515076],
        "mean": [-691.826965332, 144.258590698, -20.2323493958, 41.3982315063, -8.27545833588, 9.69325637817, 1.81574571133, 17.7638015747, -9.20120334625, 11.9827604294, -1.86542522907, 13.7486743927, -3.34871435165],
        "median": [-693.425476074, 145.148284912, -18.9231452942, 40.2473068237, -8.85657501221, 10.6851673126, 1.61205291748, 18.1617565155, -8.57796478271, 11.2408103943, -2.17839050293, 14.1641979218, -3.09964370728],
        "min": [-1136.41503906, 2.07850265503, -68.1312408447, -8.36838912964, -41.1345901489, -28.36170578, -32.2411117554, -9.81839752197, -34.6848907471, -17.7068405151, -22.3862991333, -10.3172225952, -25.5587730408],
        "var": [2310.76245117, 260.491729736, 414.114105225, 243.878250122, 154.021881104, 159.789932251, 127.303276062, 87.6945648193, 53.1909675598, 74.8163909912, 65.6570358276, 56.7249298096, 47.7236785889],
        "cov": [[2314.32861328, 139.147476196, -642.316772461, 116.53302002, -285.349304199, -186.022628784, -130.097549438, -53.167388916, -75.3437576294, -17.2105102539, -91.0899200439, 17.0578460693, -85.6787490845], [139.147476196, 260.893707275, 5.42531061172, -91.3409500122, -48.1772384644, -5.53955698013, 13.5763196945, 5.41110277176, -19.5787410736, 10.735871315, 44.6352386475, 4.0847158432, 2.56070780754], [-642.316772461, 5.42531061172, 414.753173828, -50.2283630371, 137.410385132, 61.6516609192, 13.0132036209, 21.4583473206, 19.8614616394, 25.871181488, 13.1212825775, -8.71962928772, 24.1245365143], [116.53302002, -91.3409500122, -50.2283630371, 244.254608154, 39.361946106, -16.2339057922, -51.7606048584, -20.4150371552, 43.4469718933, 11.7526111603, -37.0989112854, -5.61741447449, 16.8010787964], [-285.349304199, -48.1772384644, 137.410385132, 39.361946106, 154.259567261, 26.1873607635, 8.79068756104, -7.20723247528, 18.6647777557, 30.3695411682, -9.07338905334, 4.54078912735, 5.22005414963], [-186.022628784, -5.53955698013, 61.6516609192, -16.2339057922, 26.1873607635, 160.036514282, 82.9841384888, 27.1060199738, -9.15252590179, -4.92299985886, 41.3464012146, -2.95184183121, -9.38538169861], [-130.097549438, 13.5763196945, 13.0132036209, -51.7606048584, 8.79068756104, 82.9841384888, 127.499732971, 53.0604743958, -7.42637443542, -15.136926651, 29.431137085, 17.238161087, -6.77070140839], [-53.167388916, 5.41110277176, 21.4583473206, -20.4150371552, -7.20723247528, 27.1060199738, 53.0604743958, 87.8298950195, 12.4305362701, -15.5700912476, 10.6357078552, 13.9950399399, 10.1632299423], [-75.3437576294, -19.5787410736, 19.8614616394, 43.4469718933, 18.6647777557, -9.15252590179, -7.42637443542, 12.4305362701, 53.2730522156, 27.5538311005, -0.914561986923, 1.13995492458, 10.7430620193], [-17.2105102539, 10.735871315, 25.871181488, 11.7526111603, 30.3695411682, -4.92299985886, -15.136926651, -15.5700912476, 27.5538311005, 74.9318466187, 17.3002338409, -3.52392315865, 0.0758542045951], [-91.0899200439, 44.6352386475, 13.1212825775, -37.0989112854, -9.07338905334, 41.3464012146, 29.431137085, 10.6357078552, -0.914561986923, 17.3002338409, 65.758354187, 15.3927469254, 0.30146664381], [17.0578460693, 4.0847158432, -8.71962928772, -5.61741447449, 4.54078912735, -2.95184183121, 17.238161087, 13.9950399399, 1.13995492458, -3.52392315865, 15.3927469254, 56.8124694824, 17.0274372101], [-85.6787490845, 2.56070780754, 24.1245365143, 16.8010787964, 5.22005414963, -9.38538169861, -6.77070140839, 10.1632299423, 10.7430620193, 0.0758542045951, 0.30146664381, 17.0274372101, 47.797328949]],
        "icov": [[0.00149719812907, -0.00121823779773, 0.00144219642971, -0.00110156077426, 0.00160544167738, -0.000327658868628, 0.00132481183391, -0.00131827953737, 0.00262544862926, -0.00231405952945, 0.00323582929559, -0.00241077737883, 0.00288863270544], [-0.00121823779773, 0.00620733760297, -0.00160749210045, 0.00185868772678, 0.000126304410514, 0.00160120381042, -0.00163531978615, 0.00102547125425, -0.000407828105381, 0.000648237590212, -0.005770329386, 0.00279708835296, -0.00337678962387], [0.00144219642971, -0.00160749210045, 0.00621377211064, 0.00126040913165, -0.00328119448386, -0.00226129242219, 0.00360208190978, -0.00262152170762, 0.000726482714526, -0.00135094323196, 0.00280273705721, -0.000411839719163, 4.19153620896e-05], [-0.00110156077426, 0.00185868772678, 0.00126040913165, 0.00829568784684, -0.00393200153485, -0.00229268101975, 0.00241834949702, 0.00164826284163, -0.00786931626499, 0.0030545196496, -0.000179749666131, 0.00204659509473, -0.00461905729026], [0.00160544167738, 0.000126304410514, -0.00328119448386, -0.00393200153485, 0.0151744242758, -0.000629167072475, -0.00198819465004, 0.00109011330642, 0.00407377723604, -0.00775914080441, 0.0073316427879, -0.00631711212918, 0.00491594104096], [-0.000327658868628, 0.00160120381042, -0.00226129242219, -0.00229268101975, -0.000629167072475, 0.0135892117396, -0.00859179534018, 0.000810833764262, 0.00284069636837, 0.001646571327, -0.00884942524135, 0.00493210973218, 0.000279378116829], [0.00132481183391, -0.00163531978615, 0.00360208190978, 0.00241834949702, -0.00198819465004, -0.00859179534018, 0.0200496651232, -0.00920006167144, 0.00134825264104, -7.89484329289e-05, 0.00260530691594, -0.00578837655485, 0.00486340234056], [-0.00131827953737, 0.00102547125425, -0.00262152170762, 0.00164826284163, 0.00109011330642, 0.000810833764262, -0.00920006167144, 0.0204754974693, -0.0107021462172, 0.00680041080341, -0.00269838073291, 0.000688945292495, -0.00512480782345], [0.00262544862926, -0.000407828105381, 0.000726482714526, -0.00786931626499, 0.00407377723604, 0.00284069636837, 0.00134825264104, -0.0107021462172, 0.0389826968312, -0.0174421332777, 0.00511610833928, -0.00325610279106, 0.00210052286275], [-0.00231405952945, 0.000648237590212, -0.00135094323196, 0.0030545196496, -0.00775914080441, 0.001646571327, -7.89484329289e-05, 0.00680041080341, -0.0174421332777, 0.0272573083639, -0.0137504739687, 0.00652964459732, -0.00322338752449], [0.00323582929559, -0.005770329386, 0.00280273705721, -0.000179749666131, 0.0073316427879, -0.00884942524135, 0.00260530691594, -0.00269838073291, 0.00511610833928, -0.0137504739687, 0.0357232354581, -0.0139857446775, 0.00679144216701], [-0.00241077737883, 0.00279708835296, -0.000411839719163, 0.00204659509473, -0.00631711212918, 0.00493210973218, -0.00578837655485, 0.000688945292495, -0.00325610279106, 0.00652964459732, -0.0139857446775, 0.0290120430291, -0.0138164972886], [0.00288863270544, -0.00337678962387, 4.19153620896e-05, -0.00461905729026, 0.00491594104096, 0.000279378116829, 0.00486340234056, -0.00512480782345, 0.00210052286275, -0.00322338752449, 0.00679144216701, -0.0138164972886, 0.0335918329656]]
    }
}

}