{
"metadata": {
    "version": {
        "essentia": "2.0.1",
        "extractor": "archive-music 1.0 mod ismir14"
    },
    "audio_properties": {
        "analysis_sample_rate": 44100,
        "bitrate": 128,
        "channels": 2,
        "equal_loudness": 0,
        "length": 30.0669155121,
        "replay_gain": -13.8585624695,
        "downmix": "mix"
    },
    "tags": {
        "track": 0,
        "year": 0,
        "album": "",
        "artist": "",
        "comment": "",
        "genre": "",
        "title": ""
    }
},
"rhythm": {
    "bpm": 90.2956161499,
    "bpm_histogram_first_peak": 91,
    "bpm_histogram_first_peak_spread": 0.341463446617,
    "bpm_histogram_first_peak_weight": 0.62790697813,
    "bpm_histogram_second_peak": 83,
    "bpm_histogram_second_peak_spread": 0.5,
    "bpm_histogram_second_peak_weight": 0.0232558138669
},
"tonal": {
    "tuning_frequency": {
        "dmean": 0.20841999352,
        "dmean2": 0.398409456015,
        "dvar": 0.966731488705,
        "dvar2": 1.80301964283,
        "max": 452.37008667,
        "mean": 450.024200439,
        "median": 450.805023193,
        "min": 445.627075195,
        "var": 4.43780231476
    },
    "hpcp": {
        "dmean": [0.282059907913, 0.0748162269592, 0.1550385952, 0.164388731122, 0.385329574347, 0.291102647781, 0.119345039129, 0.314373731613, 0.129730567336, 0.0897988006473, 0.12118922174, 0.143075242639],
        "dmean2": [0.503519713879, 0.123083278537, 0.258685827255, 0.298844814301, 0.681852400303, 0.523195266724, 0.204832389951, 0.522593379021, 0.222301647067, 0.15655516088, 0.2091909796, 0.249835252762],
        "dvar": [0.0985965132713, 0.00759848346934, 0.0365412458777, 0.0560000613332, 0.0949040353298, 0.0778634473681, 0.0159086007625, 0.0885142758489, 0.0282389707863, 0.0170371290296, 0.0257597211748, 0.0354199633002],
        "dvar2": [0.174052596092, 0.0180598720908, 0.0844491422176, 0.161838680506, 0.247087940574, 0.179496094584, 0.0363103635609, 0.18164254725, 0.0867429599166, 0.0483088418841, 0.0693181529641, 0.0986023768783],
        "max": [1, 0.56864130497, 1, 1, 1, 1, 0.633201181889, 1, 1, 1, 1, 1],
        "mean": [0.565103650093, 0.0807901322842, 0.185222312808, 0.149355456233, 0.40921330452, 0.382388025522, 0.132290184498, 0.424780577421, 0.118369437754, 0.0949822813272, 0.120625644922, 0.144938737154],
        "median": [0.556495547295, 0.0521901547909, 0.103842072189, 0.072786487639, 0.28941360116, 0.253045499325, 0.0742614790797, 0.252193719149, 0.0703403949738, 0.0691370815039, 0.067779533565, 0.0850098952651],
        "min": [0.00522610452026, 0.00258108042181, 0.0111040687189, 0.0043600355275, 0.0137557648122, 0.0114716524258, 0.00529816141352, 0.00651760445908, 0.00137787137646, 0.00454239686951, 0.00334941782057, 0.00514239678159],
        "var": [0.158378526568, 0.00940931402147, 0.0459724627435, 0.0498150661588, 0.121585085988, 0.12631586194, 0.0202294494957, 0.146710991859, 0.0244575981051, 0.0140519933775, 0.0236057788134, 0.0311965830624]
    }
},
"lowlevel": {
    "melbands": {
        "dmean": [6.58959543216e-05, 0.000167569305631, 4.88692276122e-05, 3.00533865811e-05, 2.79799078271e-05, 1.99339228857e-05, 2.83799545286e-05, 3.85883977287e-05, 6.84529804857e-05, 4.87285615236e-05, 1.92714142031e-05, 2.17940341827e-05, 2.80168078461e-05, 9.38245739235e-06, 1.72258733073e-05, 1.94291296793e-05, 5.0908229241e-06, 3.09240817842e-06, 1.4301375586e-06, 1.70064424765e-06, 3.22837513522e-06, 2.32018101087e-06, 4.14241230828e-06, 3.16898172059e-06, 1.81789562248e-06, 2.20065635403e-06, 1.96313044398e-06, 1.12914096917e-06, 5.00731630382e-07, 4.47878619525e-07, 2.01945681511e-07, 8.13519065446e-08, 4.55036257563e-08, 3.99295494447e-08, 3.23639355315e-08, 2.58836152511e-08, 1.74949814635e-08, 1.0928022931e-08, 3.57382723415e-09, 2.51698856202e-10],
        "dmean2": [0.000105708975752, 0.0002771569998, 8.61333392095e-05, 5.26607254869e-05, 4.96631291753e-05, 3.51352864527e-05, 4.96493667015e-05, 7.10773092578e-05, 0.000124670943478, 8.93243195605e-05, 3.7000492739e-05, 4.04603415518e-05, 5.13156192028e-05, 1.73967819137e-05, 3.0706403777e-05, 3.56015261787e-05, 9.59736917139e-06, 5.69924759475e-06, 2.60096658167e-06, 3.03332808471e-06, 5.87679460295e-06, 4.38312463302e-06, 7.84767053119e-06, 5.83176642976e-06, 3.39119014825e-06, 4.09394579037e-06, 3.64453603652e-06, 2.07983794098e-06, 9.31313422825e-07, 8.48356762617e-07, 3.81568810326e-07, 1.50588689962e-07, 8.43388221483e-08, 7.47934905121e-08, 5.91927786786e-08, 4.63764564529e-08, 3.23867404006e-08, 1.9893965586e-08, 6.46345554856e-09, 4.63989291433e-10],
        "dvar": [2.31588970223e-09, 1.7838761579e-08, 2.92334600971e-09, 6.15470951981e-10, 1.32252342411e-09, 4.42257286348e-10, 2.24520180225e-09, 2.55086773926e-09, 6.58068532999e-09, 9.95527926761e-09, 5.79837644565e-09, 1.18153509199e-09, 2.89700863298e-09, 2.06536357461e-10, 5.57674795232e-10, 1.01574093581e-09, 2.88501555978e-10, 3.83950198024e-11, 2.44239394334e-12, 1.82123890621e-12, 8.92683149623e-12, 5.77330891427e-12, 1.95807519504e-11, 7.86153347282e-12, 2.56025582679e-12, 4.76865465518e-12, 4.03375596814e-12, 1.39753280563e-12, 2.59936169811e-13, 2.22446952351e-13, 4.0251866239e-14, 5.79717226507e-15, 1.67259519748e-15, 1.10187233856e-15, 8.95695413591e-16, 6.08308463653e-16, 2.78083351803e-16, 1.30441445986e-16, 1.27284716319e-17, 7.44796848587e-20],
        "dvar2": [5.63542590371e-09, 4.74713033327e-08, 8.32890023617e-09, 1.73092129518e-09, 3.53801632436e-09, 1.1348532114e-09, 5.79090153607e-09, 7.59139417994e-09, 1.9621035463e-08, 2.6977959422e-08, 1.72974452539e-08, 3.48739037648e-09, 7.936401758e-09, 6.06161953964e-10, 1.47978873599e-09, 2.68800004477e-09, 8.58615512023e-10, 1.11888227849e-10, 6.86759156487e-12, 5.12144753689e-12, 2.2698851479e-11, 1.56810623514e-11, 5.38531025329e-11, 2.14490838285e-11, 7.0995288641e-12, 1.32319120938e-11, 1.10660777417e-11, 3.88737653179e-12, 7.25581704095e-13, 6.09126410336e-13, 1.13573260768e-13, 1.75755575729e-14, 5.22710553904e-15, 3.04539134186e-15, 2.68292688548e-15, 1.81934842015e-15, 8.80664919821e-16, 4.04678831457e-16, 3.99642022828e-17, 2.33224607685e-19],
        "max": [0.000294536119327, 0.000784538104199, 0.00041799218161, 0.000142564473208, 0.000307500828058, 0.000185928380233, 0.00045045875595, 0.000272603763733, 0.000429685489507, 0.000800980546046, 0.000701903540175, 0.000190894701518, 0.000329892180162, 8.53109595482e-05, 0.000118833639135, 0.000188042264199, 0.000154146167915, 4.38488095824e-05, 1.04152923086e-05, 6.46945591143e-06, 1.60861854965e-05, 1.29182717501e-05, 2.52586669376e-05, 1.36140060931e-05, 8.38372761791e-06, 1.11895124064e-05, 1.00130973806e-05, 7.64707510825e-06, 3.05297862724e-06, 3.07611776407e-06, 1.18508148717e-06, 5.56322731882e-07, 2.73244637583e-07, 2.17773347799e-07, 1.6663980773e-07, 1.60618199629e-07, 8.34832363239e-08, 6.73425191167e-08, 2.07951220688e-08, 2.16286411003e-09],
        "mean": [9.89027539617e-05, 0.000261821143795, 8.45339527586e-05, 4.00313765567e-05, 2.7235266316e-05, 2.16451808228e-05, 2.88299706881e-05, 3.45892331097e-05, 5.87459071539e-05, 3.56594173354e-05, 1.39568974191e-05, 1.72581167135e-05, 2.02359024115e-05, 8.20142122393e-06, 1.42412745845e-05, 1.51582689796e-05, 3.78006507162e-06, 2.6900092962e-06, 1.55945861025e-06, 1.88565445569e-06, 2.83626673081e-06, 2.12414511225e-06, 3.62571381629e-06, 2.75345178125e-06, 1.73743228515e-06, 1.97967256099e-06, 1.6082184402e-06, 9.49362743086e-07, 4.68982022994e-07, 3.74029042405e-07, 1.9861971623e-07, 1.01318200052e-07, 6.36020018874e-08, 5.4849241593e-08, 4.91475802278e-08, 4.18418544257e-08, 2.28356089593e-08, 1.52343773152e-08, 4.48203207881e-09, 3.17392029325e-10],
        "median": [9.42053811741e-05, 0.000225691022933, 7.27699589333e-05, 3.18212951242e-05, 1.71876690729e-05, 1.51364392877e-05, 1.59360861289e-05, 1.94225249288e-05, 3.2051873859e-05, 8.07354444987e-06, 5.39498705621e-06, 7.17746934242e-06, 4.10596703659e-06, 3.7230304315e-06, 5.87345266467e-06, 4.11214750784e-06, 1.56773251092e-06, 1.27181215248e-06, 1.19080266359e-06, 1.43272245623e-06, 1.75756747467e-06, 1.29814395677e-06, 2.09804943552e-06, 1.58066382028e-06, 1.13243720534e-06, 1.21474465686e-06, 8.38412063331e-07, 5.33199624897e-07, 3.10753506483e-07, 2.19780943667e-07, 1.46865261286e-07, 8.45998826549e-08, 5.28238786046e-08, 4.49389538915e-08, 4.23897041912e-08, 3.83343738974e-08, 1.87818045561e-08, 1.23845698141e-08, 3.58465457317e-09, 2.441944702e-10],
        "min": [5.51272523808e-06, 1.17105410027e-05, 1.15754401122e-05, 4.14285568695e-06, 5.37005121259e-07, 9.62412627814e-07, 1.53560142735e-06, 1.04244247723e-06, 6.83085886521e-07, 6.85740701556e-07, 2.55846316577e-07, 5.25694531461e-07, 2.13244774727e-07, 4.27095642408e-07, 6.54261782529e-07, 3.69325135807e-07, 1.03570542365e-07, 1.93457793785e-07, 1.48394164512e-07, 1.85534346997e-07, 2.16602643377e-07, 1.67369933024e-07, 1.5718917723e-07, 1.3825467704e-07, 1.59283729317e-07, 1.24381813293e-07, 8.028990095e-08, 4.79166004652e-08, 3.89184400262e-08, 3.25580806759e-08, 1.91807245642e-08, 1.35797995071e-08, 8.23686630014e-09, 7.6966752971e-09, 6.01110761167e-09, 4.20795087663e-09, 3.45595330131e-09, 2.10469064399e-09, 8.08391298346e-10, 3.94146278115e-11],
        "var": [3.73750497218e-09, 2.96965030344e-08, 3.31526051056e-09, 7.87541254432e-10, 1.13723097606e-09, 5.11125031188e-10, 1.95875071718e-09, 2.01514871456e-09, 5.96279425835e-09, 6.92810608882e-09, 3.1310796178e-09, 8.6206303207e-10, 2.00854843868e-09, 1.5335129e-10, 4.49849740791e-10, 7.75849606782e-10, 1.55905163779e-10, 2.61763423437e-11, 2.22736651172e-12, 2.16818295089e-12, 8.55517393039e-12, 5.09741858098e-12, 1.59213822681e-11, 7.48497618053e-12, 2.3411030059e-12, 3.95143379822e-12, 3.30721886509e-12, 1.15600758133e-12, 2.16544406646e-13, 1.72681774479e-13, 3.38760120758e-14, 5.88515442434e-15, 1.837353376e-15, 1.20744408988e-15, 8.09644118869e-16, 5.2955224019e-16, 2.5741820958e-16, 1.23941381323e-16, 1.16413710185e-17, 6.63070176221e-20]
    },
    "mfcc": {
        "dmean": [40.904083252, 11.6331367493, 18.903137207, 12.0899419785, 10.7974157333, 10.753323555, 10.5783090591, 7.70923614502, 4.97619533539, 6.64500522614, 7.25478792191, 5.66401720047, 6.34633016586],
        "dmean2": [76.29712677, 19.659450531, 32.483707428, 19.1984081268, 18.7285614014, 18.0363712311, 17.1316204071, 12.8380756378, 8.3052110672, 11.1261224747, 12.233376503, 9.34266090393, 10.8475408554],
        "dvar": [807.744628906, 77.9145050049, 170.631469727, 89.6256027222, 57.7518615723, 80.5627365112, 73.6326446533, 41.3725166321, 15.9530000687, 25.2377986908, 30.2373447418, 18.0298519135, 17.2015838623],
        "dvar2": [2512.22290039, 207.239685059, 548.460571289, 208.559295654, 181.843582153, 231.563186646, 198.220153809, 110.755905151, 37.7533531189, 72.7967529297, 73.0745010376, 53.4336547852, 55.8635292053],
        "max": [-687.812255859, 174.881286621, 18.2143135071, 72.5886383057, 18.4767074585, 37.2284164429, 28.5139083862, 46.196937561, 4.92611312866, 33.6189727783, 16.8807487488, 29.0734786987, 10.5926856995],
        "mean": [-749.073791504, 143.216720581, -21.9530487061, 39.9523620605, -8.25537395477, 5.8645734787, 3.44711208344, 15.5378293991, -7.11483764648, 10.4009504318, -0.0280215367675, 12.7174930573, -2.82175946236],
        "median": [-747.803222656, 144.295791626, -23.3656463623, 38.5715560913, -9.39935302734, 6.11377334595, 3.602684021, 15.16979599, -7.23208427429, 9.97658538818, -0.279563903809, 12.7077236176, -2.86419296265],
        "min": [-842.227539062, 109.224128723, -54.2217903137, 2.71032714844, -33.7645835876, -19.5638389587, -19.7168903351, -4.3111114502, -21.1062698364, -10.5282669067, -16.9357719421, -1.78239059448, -17.6193695068],
        "var": [916.980712891, 141.728408813, 262.384643555, 201.672576904, 101.66986084, 95.0639648438, 100.207267761, 66.0227584839, 30.2992324829, 56.4361114502, 48.4917945862, 35.5545806885, 32.9402313232],
        "cov": [[922.641113281, -15.1023778915, -362.374298096, 17.0641765594, -178.120880127, -85.431427002, -46.9561653137, -19.2322158813, -36.1787261963, -19.5468349457, -47.5288696289, 3.06281805038, -47.0160331726], [-15.1023778915, 142.603271484, 22.9797916412, -114.413154602, -33.2110824585, 8.39914798737, 23.8586978912, 12.450884819, -15.8766469955, -0.850018560886, 43.5430221558, 4.43462514877, -0.508417367935], [-362.374298096, 22.9797916412, 264.004302979, -25.7133216858, 93.9255065918, 27.1911506653, -13.1722831726, 6.3561167717, 8.21238613129, 25.1753520966, 0.918277323246, -9.18873786926, 13.2027873993], [17.0641765594, -114.413154602, -25.7133216858, 202.91746521, 47.6728858948, -27.4299316406, -52.4094696045, -29.3537502289, 37.8691062927, 17.5395355225, -37.1360816956, -11.7884187698, 17.988079071], [-178.120880127, -33.2110824585, 93.9255065918, 47.6728858948, 102.297454834, 9.57008171082, -11.6154184341, -18.3666114807, 17.0317268372, 32.0195388794, -9.41952037811, 0.755023002625, 2.41721129417], [-85.431427002, 8.39914798737, 27.1911506653, -27.4299316406, 9.57008171082, 95.6507797241, 60.8193855286, 15.2333498001, -9.2088470459, -7.07245635986, 32.5389251709, -6.76766777039, -14.7165908813], [-46.9561653137, 23.8586978912, -13.1722831726, -52.4094696045, -11.6154184341, 60.8193855286, 100.825836182, 42.56508255, -8.17292404175, -16.6619663239, 29.7337055206, 14.8269166946, -10.06062603], [-19.2322158813, 12.450884819, 6.3561167717, -29.3537502289, -18.3666114807, 15.2333498001, 42.56508255, 66.430305481, 5.57955551147, -21.3924293518, 8.72466659546, 9.83864021301, 6.93802499771], [-36.1787261963, -15.8766469955, 8.21238613129, 37.8691062927, 17.0317268372, -9.2088470459, -8.17292404175, 5.57955551147, 30.4862651825, 20.6354084015, -2.42658233643, 1.51862502098, 8.64074134827], [-19.5468349457, -0.850018560886, 25.1753520966, 17.5395355225, 32.0195388794, -7.07245635986, -16.6619663239, -21.3924293518, 20.6354084015, 56.7844810486, 7.92497777939, -2.64788603783, -2.33614611626], [-47.5288696289, 43.5430221558, 0.918277323246, -37.1360816956, -9.41952037811, 32.5389251709, 29.7337055206, 8.72466659546, -2.42658233643, 7.92497777939, 48.7911262512, 9.46716308594, -4.40706682205], [3.06281805038, 4.43462514877, -9.18873786926, -11.7884187698, 0.755023002625, -6.76766777039, 14.8269166946, 9.83864021301, 1.51862502098, -2.64788603783, 9.46716308594, 35.7740516663, 8.9093542099], [-47.0160331726, -0.508417367935, 13.2027873993, 17.988079071, 2.41721129417, -14.7165908813, -10.06062603, 6.93802499771, 8.64074134827, -2.33614611626, -4.40706682205, 8.9093542099, 33.1435661316]],
        "icov": [[0.00780859636143, -0.00621716631576, 0.00833272375166, -0.00559461582452, 0.00974915549159, -0.00562591850758, 0.00818338710815, -0.00917316321284, 0.0161494556814, -0.0149632059038, 0.0175022296607, -0.0111412005499, 0.0119509762153], [-0.00621716631576, 0.0244121924043, -0.00840799231082, 0.0140289850533, -0.00633696746081, 0.0120856994763, -0.00903103407472, 0.0109032308683, -0.0155649045482, 0.014210104011, -0.0304571501911, 0.0167405698448, -0.0153952147812], [0.00833272375166, -0.00840799231082, 0.0178471058607, -0.00260673626326, 0.000515715626534, -0.0100307781249, 0.0138598149642, -0.0144042456523, 0.0181568898261, -0.0167912077159, 0.0203127525747, -0.00900170858949, 0.00793121661991], [-0.00559461582452, 0.0140289850533, -0.00260673626326, 0.0203971434385, -0.0129592604935, 0.0047250026837, -0.00336040137336, 0.0118091003969, -0.0271462239325, 0.016699032858, -0.0165221057832, 0.0148859228939, -0.0161459632218], [0.00974915549159, -0.00633696746081, 0.000515715626534, -0.0129592604935, 0.0386407934129, -0.00993892643601, 0.00611916603521, -0.00532623194158, 0.0184622816741, -0.0271121170372, 0.0281488038599, -0.0230546351522, 0.0195176377892], [-0.00562591850758, 0.0120856994763, -0.0100307781249, 0.0047250026837, -0.00993892643601, 0.0355877615511, -0.0238239821047, 0.0118173267692, -0.0100419828668, 0.0180316641927, -0.0344326421618, 0.0240728072822, -0.0067031616345], [0.00818338710815, -0.00903103407472, 0.0138598149642, -0.00336040137336, 0.00611916603521, -0.0238239821047, 0.0392348542809, -0.0249058287591, 0.0195803306997, -0.0170729383826, 0.0204741787165, -0.0227756928653, 0.0164079368114], [-0.00917316321284, 0.0109032308683, -0.0144042456523, 0.0118091003969, -0.00532623194158, 0.0118173267692, -0.0249058287591, 0.0462628677487, -0.0450789891183, 0.033969476819, -0.0236714202911, 0.0147718051448, -0.0180970318615], [0.0161494556814, -0.0155649045482, 0.0181568898261, -0.0271462239325, 0.0184622816741, -0.0100419828668, 0.0195803306997, -0.0450789891183, 0.116737127304, -0.0654699876904, 0.0379468277097, -0.0257344115525, 0.0166597533971], [-0.0149632059038, 0.014210104011, -0.0167912077159, 0.016699032858, -0.0271121170372, 0.0180316641927, -0.0170729383826, 0.033969476819, -0.0654699876904, 0.071488596499, -0.0490216910839, 0.0278506986797, -0.0175895504653], [0.0175022296607, -0.0304571501911, 0.0203127525747, -0.0165221057832, 0.0281488038599, -0.0344326421618, 0.0204741787165, -0.0236714202911, 0.0379468277097, -0.0490216910839, 0.0930962711573, -0.0443876199424, 0.030026813969], [-0.0111412005499, 0.0167405698448, -0.00900170858949, 0.0148859228939, -0.0230546351522, 0.0240728072822, -0.0227756928653, 0.0147718051448, -0.0257344115525, 0.0278506986797, -0.0443876199424, 0.0626496598125, -0.0317471027374], [0.0119509762153, -0.0153952147812, 0.00793121661991, -0.0161459632218, 0.0195176377892, -0.0067031616345, 0.0164079368114, -0.0180970318615, 0.0166597533971, -0.0175895504653, 0.030026813969, -0.0317471027374, 0.0638048052788]]
    }
}

}