{
"metadata": {
    "version": {
        "essentia": "2.0.1",
        "extractor": "archive-music 1.0 mod ismir14"
    },
    "audio_properties": {
        "analysis_sample_rate": 44100,
        "bitrate": 160,
        "channels": 2,
        "equal_loudness": 0,
        "length": 30.0669155121,
        "replay_gain": -9.77944374084,
        "downmix": "mix"
    },
    "tags": {
        "track": 0,
        "year": 0,
        "album": "",
        "artist": "",
        "comment": "",
        "genre": "",
        "title": ""
    }
},
"rhythm": {
    "bpm": 172.265594482,
    "bpm_histogram_first_peak": 172,
    "bpm_histogram_first_peak_spread": 0,
    "bpm_histogram_first_peak_weight": 0.5,
    "bpm_histogram_second_peak": 178,
    "bpm_histogram_second_peak_spread": 0,
    "bpm_histogram_second_peak_weight": 0.27380952239
},
"tonal": {
    "tuning_frequency": {
        "dmean": 0.0244404561818,
        "dmean2": 0.0441963858902,
        "dvar": 0.113661013544,
        "dvar2": 0.252505779266,
        "max": 444.341888428,
        "mean": 434.21081543,
        "median": 434.193115234,
        "min": 431.193908691,
        "var": 0.465925693512
    },
    "hpcp": {
        "dmean": [0.135826587677, 0.11820024997, 0.162168651819, 0.13484852016, 0.0814160108566, 0.0743625536561, 0.0971654877067, 0.0907071530819, 0.106722183526, 0.0941458940506, 0.110158450902, 0.0849914625287],
        "dmean2": [0.255865544081, 0.220857024193, 0.298438161612, 0.251486092806, 0.15371966362, 0.137473344803, 0.185693740845, 0.169960349798, 0.200181618333, 0.171231895685, 0.199436962605, 0.158062517643],
        "dvar": [0.079407542944, 0.0670472458005, 0.0854988992214, 0.0748519226909, 0.0511501468718, 0.0421017222106, 0.067289493978, 0.0554785877466, 0.0665982440114, 0.0510891899467, 0.0553176477551, 0.0462809875607],
        "dvar2": [0.227263525128, 0.176284939051, 0.228236034513, 0.202362716198, 0.141670271754, 0.113903611898, 0.181919202209, 0.147361472249, 0.185788720846, 0.1470618397, 0.143555298448, 0.127670884132],
        "max": [1, 1, 1, 1, 1, 1, 1, 1, 1, 1, 1, 1],
        "mean": [0.122096389532, 0.134439855814, 0.152049213648, 0.294706583023, 0.0586772225797, 0.0879314988852, 0.13097217679, 0.114161275327, 0.0807261243463, 0.0914095714688, 0.243988260627, 0.073574796319],
        "median": [0.00875549484044, 0.00734186451882, 0.0189719833434, 0.0165288355201, 0.000710221822374, 0.00580629194155, 0.000446599762654, 0.00202574906871, 0.00139017635956, 0.00230222963728, 0.0267727859318, 0.00262840278447],
        "min": [0, 0, 0, 0, 0, 0, 0, 0, 0, 0, 0, 0],
        "var": [0.0730177313089, 0.0828643366694, 0.0824753567576, 0.17461925745, 0.0389578640461, 0.0555340871215, 0.0994505882263, 0.0819136872888, 0.0551431626081, 0.0544845499098, 0.141614571214, 0.0416812822223]
    }
},
"lowlevel": {
    "melbands": {
        "dmean": [8.62645447341e-06, 0.000140712523717, 0.000364140665624, 0.00130649516359, 0.00149018981028, 0.000777085195296, 0.000266102782916, 0.00020377637702, 0.000111629124149, 7.39023671485e-05, 4.75279921375e-05, 3.61370148312e-05, 5.10765385116e-05, 2.56981893472e-05, 2.40557237703e-05, 1.86916950042e-05, 3.41387058143e-05, 2.05109154194e-05, 2.2411619284e-05, 6.75154296914e-06, 9.52010668698e-06, 8.75197747519e-06, 5.57772455068e-06, 6.68481925459e-06, 1.38649311339e-05, 1.30343423734e-05, 4.93896959597e-06, 2.6192083169e-06, 7.796923569e-07, 4.93356083098e-07, 2.09641925153e-07, 3.76874531582e-08, 5.6021711714e-09, 1.41567169099e-09, 5.81671599775e-10, 2.56519361308e-10, 1.19299917167e-10, 6.45015568734e-11, 4.92407607744e-11, 2.80181208095e-11],
        "dmean2": [1.37117231134e-05, 0.000226318807108, 0.000632987939753, 0.00202550785616, 0.00231042900123, 0.00120152102318, 0.000383171573048, 0.000300861458527, 0.000150497886352, 9.38265366131e-05, 5.40331056982e-05, 4.49505787401e-05, 5.73130018893e-05, 3.12225238304e-05, 3.12373704219e-05, 2.58373529505e-05, 4.44079196313e-05, 2.9748542147e-05, 3.28279238602e-05, 9.88736337604e-06, 1.44112773341e-05, 1.27425637402e-05, 7.52563300921e-06, 9.52403934207e-06, 1.92236093426e-05, 1.73290045495e-05, 7.17199327482e-06, 3.88426451536e-06, 1.1230272321e-06, 6.96169877301e-07, 3.13753616865e-07, 5.4958434248e-08, 7.76058151075e-09, 2.08356776277e-09, 9.18726927868e-10, 4.04826311362e-10, 1.9969537135e-10, 1.18394627435e-10, 9.24537460478e-11, 5.17014556167e-11],
        "dvar": [2.53516457827e-10, 4.75516408471e-08, 5.99465352025e-07, 6.86882412992e-06, 8.66943628353e-06, 2.1565156203e-06, 2.97890551337e-07, 2.57533059767e-07, 1.84472426668e-07, 1.29246870983e-07, 3.45960380344e-08, 2.48485925169e-08, 5.0095472659e-08, 1.0862606814e-08, 2.11497148683e-08, 2.95723912025e-09, 1.1602042882e-08, 2.70309219452e-09, 2.92011281822e-09, 2.87955936873e-10, 7.10260794623e-10, 6.45849762559e-10, 3.59924784421e-10, 3.442140184e-10, 2.25518315133e-09, 2.21794715927e-09, 3.01413866088e-10, 1.19298418366e-10, 9.15405078128e-12, 9.55673387648e-12, 2.7998295956e-12, 6.51330050549e-14, 2.45582041167e-15, 5.51829094206e-17, 4.77226096622e-18, 1.18752768094e-18, 5.97231484997e-19, 4.20199220877e-19, 3.02020779791e-19, 1.39253820484e-20],
        "dvar2": [6.59785226453e-10, 1.17119952847e-07, 1.8819187062e-06, 1.7547788957e-05, 2.32055153901e-05, 5.42514726476e-06, 5.49005164885e-07, 4.72233097071e-07, 3.26441949028e-07, 2.34286176237e-07, 4.37085709848e-08, 3.92621224421e-08, 6.47554116995e-08, 1.73644814083e-08, 4.11926457389e-08, 5.27190602284e-09, 1.92055651382e-08, 5.76266145913e-09, 5.9848237477e-09, 6.83144485425e-10, 1.69931457794e-09, 1.49941337124e-09, 6.6024119505e-10, 7.00833668876e-10, 4.24713153535e-09, 4.74988093302e-09, 7.29630911245e-10, 2.85258705546e-10, 1.81084834627e-11, 2.03083921207e-11, 6.79717480218e-12, 1.59857600789e-13, 4.29369090128e-15, 1.03512389238e-16, 1.0422763577e-17, 3.04255185911e-18, 1.71163893303e-18, 1.24523231746e-18, 8.94718255207e-19, 4.14326367775e-20],
        "max": [0.000369864428649, 0.00767112337053, 0.0153189124539, 0.0995444208384, 0.0717486590147, 0.0184862781316, 0.010626562871, 0.0115142501891, 0.0124370846897, 0.010619211942, 0.00737381493673, 0.00451487582177, 0.00681858556345, 0.00332487630658, 0.00542039657012, 0.00191637384705, 0.005139245186, 0.000984709593467, 0.00183772435412, 0.000432233588072, 0.00045297856559, 0.000555076170713, 0.000437820155639, 0.000481560477056, 0.00184108724352, 0.0013713153312, 0.000459674978629, 0.000257275038166, 9.84485232038e-05, 0.000129464300699, 7.65938384575e-05, 1.01033519968e-05, 2.79076834886e-06, 2.52913736176e-07, 8.10339599866e-08, 2.59187764584e-08, 2.07235846261e-08, 1.69520806281e-08, 1.46910315024e-08, 3.10482595189e-09],
        "mean": [1.20286313177e-05, 0.000243548143771, 0.000572731776629, 0.00309782614931, 0.00345593178645, 0.00169001764152, 0.000671773217618, 0.000533713377081, 0.000282767083263, 0.000169567225385, 0.000153982604388, 8.87195783434e-05, 0.000144114848808, 6.16871402599e-05, 4.7032655857e-05, 4.04683887609e-05, 7.72605053498e-05, 4.00029421144e-05, 5.15944630024e-05, 1.51303738676e-05, 1.74601482286e-05, 1.54117005877e-05, 1.00837551145e-05, 1.36000398925e-05, 2.91521464533e-05, 3.11589647026e-05, 8.91066520126e-06, 4.32627575719e-06, 1.51085373545e-06, 8.89939371973e-07, 3.52488370936e-07, 6.22223410573e-08, 9.89312542998e-09, 2.80009126996e-09, 1.1194307703e-09, 4.79415784849e-10, 1.95293753391e-10, 7.35625449444e-11, 3.98043195626e-11, 2.20566273579e-11],
        "median": [5.84517601965e-06, 0.000114218622912, 0.000228209173656, 0.000998315750621, 0.0014522151323, 0.000790296588093, 0.000281342217932, 0.000141906231875, 5.86562709941e-05, 1.29079407998e-05, 1.03603188109e-05, 5.87633348914e-06, 8.10394885775e-06, 7.46304658605e-06, 6.08978052696e-06, 6.89893977324e-06, 1.39671928991e-05, 1.0339264918e-05, 1.32888571898e-05, 3.84004988518e-06, 4.03292187912e-06, 3.54608778252e-06, 1.59513956532e-06, 2.27215741688e-06, 4.6242166718e-06, 3.88446869692e-06, 1.36541973461e-06, 3.99184784783e-07, 1.04591315164e-07, 4.24040464964e-08, 1.32727615565e-08, 3.45863582218e-09, 1.37574651671e-09, 7.7098083473e-10, 4.5409270788e-10, 2.07391576135e-10, 9.69975488818e-11, 3.68876908186e-11, 1.32136532618e-11, 5.68614296273e-12],
        "min": [1.46415739453e-23, 1.00982100255e-23, 2.46488046425e-23, 1.21153715363e-23, 4.72605858343e-24, 2.38362566109e-24, 1.29560479812e-23, 4.25111146481e-23, 3.57871482819e-23, 4.17055298917e-23, 2.78726330376e-23, 2.43200610598e-23, 1.91322372234e-23, 1.03460369897e-23, 1.06359386392e-23, 1.39733456497e-23, 9.93864239699e-24, 2.26444400333e-23, 8.26345208854e-24, 2.08879560308e-23, 1.2765133387e-23, 7.55574051578e-24, 8.41078606209e-24, 2.31274295888e-23, 1.01106961159e-23, 2.48969834387e-23, 2.16176271246e-23, 3.40965846521e-23, 1.74830241046e-23, 3.22766162795e-23, 1.34846857619e-23, 1.13860120426e-23, 2.1654948134e-23, 2.13734005215e-23, 1.89696940116e-23, 1.19088359184e-23, 1.44699682994e-23, 1.38942307895e-23, 2.09816884836e-23, 2.48304651095e-23],
        "var": [5.32532296038e-10, 3.23311695638e-07, 1.20244089885e-06, 4.217724927e-05, 2.66722672677e-05, 4.93813877256e-06, 1.09395216441e-06, 1.20816991966e-06, 8.11651034383e-07, 3.36260569611e-07, 2.79916349655e-07, 1.32738662728e-07, 3.30702533802e-07, 5.14919378247e-08, 4.83811426477e-08, 1.23810375285e-08, 9.20295804008e-08, 7.66354713022e-09, 1.29590196352e-08, 8.73750072294e-10, 1.39781453079e-09, 1.34245170536e-09, 8.83381312544e-10, 1.24262489187e-09, 7.98399657498e-09, 9.85678028087e-09, 5.66789393197e-10, 2.0718314564e-10, 3.49537378208e-11, 2.83718725597e-11, 6.2996756249e-12, 1.29621424813e-13, 7.80190951584e-15, 1.97230377689e-16, 1.15104291547e-17, 1.88475108483e-18, 4.72886076403e-19, 2.2257713884e-19, 1.58593749107e-19, 8.34857963393e-21]
    },
    "mfcc": {
        "dmean": [16.9058170319, 8.00588512421, 11.6715669632, 8.2145280838, 7.60656690598, 6.86340332031, 6.44696092606, 6.67711353302, 6.16111373901, 6.05968379974, 6.00763273239, 5.67827510834, 5.41549921036],
        "dmean2": [19.6780376434, 11.7472400665, 15.6535158157, 11.3746728897, 11.0856752396, 10.3258800507, 10.0379695892, 9.88855361938, 9.52714443207, 9.43343544006, 9.28412151337, 8.82636547089, 8.54521846771],
        "dvar": [609.586914062, 66.2159881592, 203.848678589, 53.4923667908, 41.9148979187, 36.3980560303, 28.855463028, 33.5884666443, 24.7656707764, 24.3934688568, 25.3536376953, 21.8204593658, 19.7797756195],
        "dvar2": [798.502441406, 106.827842712, 299.405273438, 91.0357437134, 83.6221923828, 76.1962966919, 69.5615005493, 70.0099334717, 57.2793235779, 59.3366775513, 56.622127533, 52.0432548523, 46.6696281433],
        "max": [-613.963256836, 286.620513916, 111.26776123, 146.727813721, 65.1564331055, 39.851272583, 51.4688339233, 24.109872818, 20.9055366516, 34.4467544556, 21.6870613098, 27.1143817902, 28.2762870789],
        "mean": [-754.698120117, 219.336425781, -49.1408538818, 40.68151474, 6.2409734726, -25.9276065826, -5.45277357101, -32.9758338928, -24.3790588379, -7.05061388016, -11.1043119431, -14.217291832, -7.27907133102],
        "median": [-742.909912109, 221.599884033, -58.0094108582, 40.2501716614, 9.56774902344, -26.0070762634, -4.79725265503, -34.9412384033, -24.2957687378, -6.14025878906, -9.75613594055, -13.8388061523, -7.17137527466],
        "min": [-1138.42004395, 1.14440917969e-05, -138.900726318, -28.3791275024, -71.6690444946, -86.8809204102, -43.2288818359, -79.7274932861, -64.2317123413, -61.5352630615, -71.1221160889, -57.5383415222, -40.0905952454],
        "var": [5182.63720703, 751.959289551, 2108.99560547, 717.996582031, 531.677429199, 356.919830322, 146.878433228, 274.441345215, 139.148422241, 203.918365479, 154.364471436, 111.377677917, 113.265304565],
        "cov": [[5184.63818359, 68.2149276733, -2977.81787109, 955.288818359, -877.184387207, -655.016601562, 234.356750488, -308.068603516, 10.0264377594, -183.776947021, -60.0136566162, -13.6074008942, -140.18586731], [68.2149276733, 752.249633789, 313.300964355, -405.449127197, 73.7711639404, -114.72026825, -48.5539207458, 136.638977051, -48.7099876404, -27.9098205566, -31.5763187408, -28.9443778992, -26.9452972412], [-2977.81787109, 313.300964355, 2109.80981445, -609.07409668, 453.169158936, 386.229309082, -177.615585327, 212.837615967, -8.83068275452, 57.9284324646, 21.5037517548, -4.5962972641, 45.5390129089], [955.288818359, -405.449127197, -609.07409668, 718.273803711, -63.9247207642, -63.5347900391, 56.7326622009, -248.667160034, -2.95947647095, 7.29258203506, -33.0869178772, 0.273909956217, -11.3620281219], [-877.184387207, 73.7711639404, 453.169158936, -63.9247207642, 531.882751465, 195.75100708, -83.5322265625, -31.7126598358, -66.291343689, 129.655456543, 18.4402618408, -20.8398704529, 63.9131698608], [-655.016601562, -114.72026825, 386.229309082, -63.5347900391, 195.75100708, 357.057617188, -2.09236311913, -48.7367019653, 20.9934883118, 67.9351425171, 70.9223861694, 24.2530460358, 39.0175323486], [234.356750488, -48.5539207458, -177.615585327, 56.7326622009, -83.5322265625, -2.09236311913, 146.935150146, 24.2311725616, -9.64073085785, 1.67410302162, 1.54646575451, 16.6139755249, 4.04592657089], [-308.068603516, 136.638977051, 212.837615967, -248.667160034, -31.7126598358, -48.7367019653, 24.2311725616, 274.547332764, 55.5697135925, -81.3260040283, 1.42326164246, 3.08290815353, -12.8388366699], [10.0264377594, -48.7099876404, -8.83068275452, -2.95947647095, -66.291343689, 20.9934883118, -9.64073085785, 55.5697135925, 139.202148438, -11.8441419601, -19.4327869415, 17.328660965, -8.32792472839], [-183.776947021, -27.9098205566, 57.9284324646, 7.29258203506, 129.655456543, 67.9351425171, 1.67410302162, -81.3260040283, -11.8441419601, 203.99710083, 69.3733673096, -30.5157032013, 44.9055786133], [-60.0136566162, -31.5763187408, 21.5037517548, -33.0869178772, 18.4402618408, 70.9223861694, 1.54646575451, 1.42326164246, -19.4327869415, 69.3733673096, 154.424072266, 34.776386261, -0.590732634068], [-13.6074008942, -28.9443778992, -4.5962972641, 0.273909956217, -20.8398704529, 24.2530460358, 16.6139755249, 3.08290815353, 17.328660965, -30.5157032013, 34.776386261, 111.420677185, 31.6851177216], [-140.18586731, -26.9452972412, 45.5390129089, -11.3620281219, 63.9131698608, 39.0175323486, 4.04592657089, -12.8388366699, -8.32792472839, 44.9055786133, -0.590732634068, 31.6851177216, 113.309036255]],
        "icov": [[0.0888415575027, -0.12322448194, 0.12140429765, -0.114392839372, 0.107717990875, -0.0983037352562, 0.0872070938349, -0.0754813700914, 0.062181238085, -0.0475533008575, 0.0341780409217, -0.0218685977161, 0.0114822015166], [-0.12322448194, 0.173458725214, -0.168656527996, 0.160526484251, -0.150554656982, 0.138474225998, -0.122157357633, 0.106170214713, -0.0869234874845, 0.0671405345201, -0.0480505526066, 0.0309771858156, -0.0156034231186], [0.12140429765, -0.168656527996, 0.167177066207, -0.156545013189, 0.147839710116, -0.136739626527, 0.121823638678, -0.105907618999, 0.0873453170061, -0.0673179253936, 0.0492060668766, -0.0316706486046, 0.0167643167078], [-0.114392839372, 0.160526484251, -0.156545013189, 0.152209311724, -0.141538530588, 0.130749508739, -0.117231845856, 0.104191340506, -0.0850111544132, 0.0663697123528, -0.0478053316474, 0.0314196795225, -0.0159560739994], [0.107717990875, -0.150554656982, 0.147839710116, -0.141538530588, 0.137320026755, -0.125606045127, 0.113306969404, -0.099200129509, 0.0837540253997, -0.0663355663419, 0.0487414300442, -0.0315597765148, 0.0158901438117], [-0.0983037352562, 0.138474225998, -0.136739626527, 0.130749508739, -0.125606045127, 0.12168199569, -0.10738248378, 0.0961266160011, -0.0808337777853, 0.0638090372086, -0.0496036335826, 0.0318380221725, -0.0173409506679], [0.0872070938349, -0.122157357633, 0.121823638678, -0.117231845856, 0.113306969404, -0.10738248378, 0.106057196856, -0.090101853013, 0.0760743394494, -0.0617808364332, 0.0471487939358, -0.0327323302627, 0.0166697334498], [-0.0754813700914, 0.106170214713, -0.105907618999, 0.104191340506, -0.099200129509, 0.0961266160011, -0.090101853013, 0.0870820507407, -0.0708849802613, 0.0590931102633, -0.045368347317, 0.0314441025257, -0.0168457534164], [0.062181238085, -0.0869234874845, 0.0873453170061, -0.0850111544132, 0.0837540253997, -0.0808337777853, 0.0760743394494, -0.0708849802613, 0.0676031187177, -0.0505966357887, 0.0408354960382, -0.0289037656039, 0.0157914813608], [-0.0475533008575, 0.0671405345201, -0.0673179253936, 0.0663697123528, -0.0663355663419, 0.0638090372086, -0.0617808364332, 0.0590931102633, -0.0505966357887, 0.051058601588, -0.0382771156728, 0.0285970494151, -0.0169597547501], [0.0341780409217, -0.0480505526066, 0.0492060668766, -0.0478053316474, 0.0487414300442, -0.0496036335826, 0.0471487939358, -0.045368347317, 0.0408354960382, -0.0382771156728, 0.0376959405839, -0.0246958974749, 0.0143256634474], [-0.0218685977161, 0.0309771858156, -0.0316706486046, 0.0314196795225, -0.0315597765148, 0.0318380221725, -0.0327323302627, 0.0314441025257, -0.0289037656039, 0.0285970494151, -0.0246958974749, 0.0280697718263, -0.0136759877205], [0.0114822015166, -0.0156034231186, 0.0167643167078, -0.0159560739994, 0.0158901438117, -0.0173409506679, 0.0166697334498, -0.0168457534164, 0.0157914813608, -0.0169597547501, 0.0143256634474, -0.0136759877205, 0.0172682832927]]
    }
}

}