{
"metadata": {
    "version": {
        "essentia": "2.0.1",
        "extractor": "archive-music 1.0 mod ismir14"
    },
    "audio_properties": {
        "analysis_sample_rate": 44100,
        "bitrate": 160,
        "channels": 2,
        "equal_loudness": 0,
        "length": 30.0669155121,
        "replay_gain": -14.3330078125,
        "downmix": "mix"
    },
    "tags": {
        "track": 0,
        "year": 0,
        "album": "",
        "artist": "",
        "comment": "",
        "genre": "",
        "title": ""
    }
},
"rhythm": {
    "bpm": 109.27457428,
    "bpm_histogram_first_peak": 110,
    "bpm_histogram_first_peak_spread": 0.490566015244,
    "bpm_histogram_first_peak_weight": 0.509433984756,
    "bpm_histogram_second_peak": 0,
    "bpm_histogram_second_peak_spread": 0,
    "bpm_histogram_second_peak_weight": 0
},
"tonal": {
    "tuning_frequency": {
        "dmean": 0.0398843288422,
        "dmean2": 0.0722815021873,
        "dvar": 0.615843355656,
        "dvar2": 1.45339357853,
        "max": 456.306610107,
        "mean": 434.466217041,
        "median": 434.193115234,
        "min": 433.691802979,
        "var": 4.75255680084
    },
    "hpcp": {
        "dmean": [0.150142624974, 0.190181821585, 0.258690953255, 0.282023489475, 0.220412895083, 0.152563735843, 0.123281233013, 0.136858433485, 0.206515520811, 0.111743338406, 0.131888732314, 0.140467330813],
        "dmean2": [0.28562772274, 0.364994734526, 0.497281074524, 0.53874361515, 0.423395633698, 0.280967354774, 0.231168448925, 0.256076663733, 0.38760894537, 0.213644266129, 0.251513183117, 0.271055161953],
        "dvar": [0.0852994695306, 0.117631733418, 0.151451513171, 0.145853042603, 0.129891484976, 0.0842811241746, 0.0746573507786, 0.0766148418188, 0.100405015051, 0.0697490870953, 0.0790701285005, 0.0861251950264],
        "dvar2": [0.23489522934, 0.320457905531, 0.413729667664, 0.38005810976, 0.346206367016, 0.227536231279, 0.204703330994, 0.209846198559, 0.272011131048, 0.20186252892, 0.234785273671, 0.241225227714],
        "max": [1, 1, 1, 1, 1, 1, 1, 1, 1, 1, 1, 1],
        "mean": [0.116037428379, 0.128439024091, 0.185872837901, 0.244345620275, 0.147332876921, 0.131481409073, 0.0919658616185, 0.118868455291, 0.223045170307, 0.0713239237666, 0.0974038913846, 0.0900274887681],
        "median": [0.00702884048223, 0.00326500134543, 0.00557702453807, 0.0213757231832, 0.00316560873762, 0.00923576951027, 0.00222232565284, 0.0048126433976, 0.0247203707695, 0.00200321897864, 0.00459439400584, 0.00287279463373],
        "min": [0, 0, 0, 0, 0, 0, 0, 0, 0, 0, 0, 0],
        "var": [0.0693360716105, 0.0856581702828, 0.124871768057, 0.143004953861, 0.0995381772518, 0.078437410295, 0.0594553686678, 0.073221616447, 0.124829806387, 0.0451376140118, 0.0598963238299, 0.0576992928982]
    }
},
"lowlevel": {
    "melbands": {
        "dmean": [0.00175947404932, 0.00560712954029, 0.00517858285457, 0.00216760486364, 0.000920214049984, 0.000605380628258, 0.000359706347808, 0.000334746437147, 0.000429353967775, 0.000323658226989, 7.45840516174e-05, 8.6556734459e-05, 5.62649729545e-05, 4.96477186971e-05, 5.57204002689e-05, 5.6415774452e-05, 6.28836205578e-05, 5.04378003825e-05, 2.6222982342e-05, 5.20807843714e-05, 2.43307076744e-05, 1.6628553567e-05, 1.98805373657e-05, 1.17060890261e-05, 6.37199036646e-06, 4.44839997726e-06, 2.42208125201e-06, 1.71712906649e-06, 1.88096464626e-06, 1.33114383516e-06, 1.07812331862e-06, 1.03313720956e-06, 9.47504020132e-07, 6.43019575364e-07, 5.38076335488e-07, 3.6945868942e-07, 1.94496678319e-07, 5.97571911953e-08, 1.54374681927e-08, 1.60027557872e-09],
        "dmean2": [0.00289581762627, 0.00946584437042, 0.00862479954958, 0.0035770398099, 0.00151798361912, 0.0010550848674, 0.000613814161625, 0.000505717180204, 0.000621860672254, 0.000474679836771, 0.000109581531433, 0.000129105494125, 8.3354243543e-05, 7.14419074939e-05, 8.08590339147e-05, 8.33681115182e-05, 9.95095761027e-05, 7.60247348808e-05, 3.88022599509e-05, 7.81047929195e-05, 3.69760491594e-05, 2.55063132499e-05, 3.14460558002e-05, 1.89292204595e-05, 1.01805726445e-05, 7.1139506872e-06, 3.87750742448e-06, 2.86080398837e-06, 3.06909828396e-06, 2.18031209442e-06, 1.71049168785e-06, 1.70361522578e-06, 1.524546974e-06, 9.98349719339e-07, 8.68081144745e-07, 5.92021706325e-07, 3.10984887619e-07, 8.88147795308e-08, 2.38278250464e-08, 2.50342901964e-09],
        "dvar": [1.89313977899e-05, 4.45664809376e-05, 2.89867894026e-05, 8.43172801979e-06, 1.64571531514e-06, 9.91905494629e-07, 3.0917843219e-07, 4.12055840115e-07, 7.63005061799e-07, 6.6195667614e-07, 3.13929540141e-08, 6.41996535933e-08, 2.26604566222e-08, 2.18286135834e-08, 2.89234645123e-08, 2.45355042949e-08, 3.1805836187e-08, 1.59045807635e-08, 4.59905491468e-09, 5.0468411672e-08, 3.40260464249e-09, 1.63159430411e-09, 2.77539058402e-09, 8.91274498649e-10, 1.65270741537e-10, 1.39123976228e-10, 3.5003985821e-11, 2.1435379513e-11, 2.03745353922e-11, 1.35565040096e-11, 8.84605236284e-12, 9.65550035759e-12, 6.70523662635e-12, 4.36295964634e-12, 4.1792441903e-12, 2.89243563996e-12, 1.7038308698e-12, 1.01185552992e-13, 5.42808019941e-15, 1.60350721984e-16],
        "dvar2": [3.91438661609e-05, 0.000134155765409, 8.43061498017e-05, 2.13278108276e-05, 4.33358945884e-06, 3.09273923449e-06, 8.68420556799e-07, 8.63196078171e-07, 1.49582285758e-06, 1.24183952721e-06, 6.20367828219e-08, 1.21323452618e-07, 4.59172078138e-08, 4.30518660721e-08, 5.34442001765e-08, 5.50163790081e-08, 8.21691301667e-08, 3.5593991754e-08, 9.63371959983e-09, 1.22608625475e-07, 7.78360309539e-09, 3.95840871192e-09, 7.53859819014e-09, 2.49491982629e-09, 4.04995370573e-10, 3.74117681279e-10, 8.62071455887e-11, 5.71050810805e-11, 5.27535688744e-11, 3.50090824386e-11, 2.18526655105e-11, 2.51489540998e-11, 1.62070773468e-11, 9.82463329441e-12, 1.05546873325e-11, 6.80168118009e-12, 4.43900471936e-12, 1.95842094711e-13, 1.14564678951e-14, 3.53579768969e-16],
        "max": [0.0672122389078, 0.068939037621, 0.0477324575186, 0.0327263176441, 0.0129208341241, 0.0121831651777, 0.00733897602186, 0.0126127228141, 0.0218187235296, 0.0182859189808, 0.00736755598336, 0.00896057579666, 0.00477791950107, 0.00402058195323, 0.00398145848885, 0.00278211850673, 0.0033551773522, 0.00268427887931, 0.0012510989327, 0.00649038655683, 0.0012986412039, 0.00107771658804, 0.00120578450151, 0.00052926299395, 0.000186854085769, 0.000282237364445, 0.00010427023517, 9.82348792604e-05, 7.21713222447e-05, 7.7801552834e-05, 8.18574990262e-05, 6.41727529e-05, 6.24426756985e-05, 5.98549668211e-05, 8.42819135869e-05, 7.70050319261e-05, 5.71562086407e-05, 1.57629237947e-05, 3.38970016855e-06, 6.01664964961e-07],
        "mean": [0.00234648771584, 0.00927468389273, 0.00817564409226, 0.0031844524201, 0.00137385202106, 0.00103786098771, 0.000627772358712, 0.000709701213054, 0.000935614400078, 0.000735772307962, 0.000172865140485, 0.000157829650561, 0.000109319291369, 0.000105076665932, 0.000103908423625, 0.000107683656097, 0.000101477919088, 9.69018074102e-05, 5.44499998796e-05, 0.000105390325189, 4.73119762319e-05, 3.18941420119e-05, 4.23134733865e-05, 2.50801404036e-05, 1.22503688544e-05, 7.78453795647e-06, 4.39073073721e-06, 2.97717497233e-06, 3.30531065629e-06, 2.33027594732e-06, 1.89713261989e-06, 1.88546687241e-06, 1.73747230292e-06, 1.26825614188e-06, 9.96621565719e-07, 6.62849231503e-07, 3.67729825257e-07, 1.21788218621e-07, 2.84076158152e-08, 2.30085528408e-09],
        "median": [0.00111046119127, 0.00751892663538, 0.00650826469064, 0.00214502634481, 0.000793193816207, 0.000365074985893, 0.000278584921034, 0.000234241422731, 0.000227004202316, 0.000139342606417, 5.09774254169e-05, 3.97326002712e-05, 2.87266720989e-05, 2.06620861718e-05, 2.25435469474e-05, 2.10856578633e-05, 1.89246002265e-05, 1.93611140276e-05, 1.35350901473e-05, 1.21348966786e-05, 1.18731750263e-05, 1.09856255222e-05, 8.10474830359e-06, 4.97003293276e-06, 3.74452065444e-06, 2.50148195846e-06, 1.35416757985e-06, 8.37431002765e-07, 8.20498996745e-07, 4.47659544989e-07, 3.39651251124e-07, 3.27545137679e-07, 2.98917029795e-07, 2.37643448031e-07, 1.72458143766e-07, 1.25748584878e-07, 6.79501255263e-08, 2.18388453987e-08, 4.97364149865e-09, 3.69916014487e-10],
        "min": [4.39210181338e-24, 1.23907447345e-23, 8.09631297311e-24, 1.19663699108e-23, 1.20869260009e-23, 1.27826800201e-23, 2.2923076749e-23, 2.73697562986e-23, 1.98454779223e-23, 7.46274407025e-24, 2.49553875447e-23, 1.4625610556e-23, 3.89348058456e-24, 1.04325663536e-23, 2.02553100952e-23, 9.86836987869e-24, 1.78085380908e-23, 1.05473353601e-23, 1.41596067534e-23, 1.98177273734e-23, 3.80755296383e-23, 2.10780588872e-23, 3.04299307657e-23, 3.08065834489e-23, 1.37629880007e-23, 1.20284004104e-23, 1.73389323494e-23, 2.65496659678e-23, 2.37321151385e-23, 1.83966070744e-23, 2.18709208949e-23, 2.03986934533e-23, 2.35914375733e-23, 2.23441538188e-23, 1.72772765587e-23, 2.89437546856e-23, 2.17233060869e-23, 1.76941090833e-23, 1.64513328801e-23, 2.18272511329e-23],
        "var": [2.92604345304e-05, 6.44880346954e-05, 4.48988284916e-05, 1.19268133858e-05, 2.58838849732e-06, 2.4329099233e-06, 7.66761559134e-07, 1.77361437181e-06, 3.28354258272e-06, 3.48212029166e-06, 1.8780323785e-07, 2.28241489708e-07, 9.20456528775e-08, 7.01041784623e-08, 8.76509105296e-08, 7.13954619869e-08, 6.28376639611e-08, 6.32637764397e-08, 1.53160470973e-08, 1.84553840654e-07, 1.13546985148e-08, 3.17527271143e-09, 1.05547259821e-08, 3.17714343723e-09, 4.41068681578e-10, 2.19657250722e-10, 6.74867592365e-11, 3.71084794837e-11, 4.42820016766e-11, 2.66436352148e-11, 1.86879452885e-11, 2.03061647358e-11, 1.8116511763e-11, 1.23685098621e-11, 1.17821395001e-11, 8.10110485638e-12, 4.13260007812e-12, 3.68279191865e-13, 1.59908893717e-14, 2.42382104217e-16]
    },
    "mfcc": {
        "dmean": [13.3192415237, 9.602602005, 8.57884788513, 7.84985303879, 7.42167139053, 7.09251689911, 6.92990112305, 6.80705595016, 6.62189149857, 6.58149433136, 6.52302646637, 6.29143857956, 6.06243038177],
        "dmean2": [17.4724712372, 14.2566432953, 13.0131759644, 12.4088544846, 11.8282203674, 11.2397594452, 11.2354307175, 11.1647396088, 10.7228755951, 10.6961746216, 10.7073326111, 10.2880525589, 9.95208358765],
        "dvar": [411.720367432, 115.374855042, 56.8497657776, 48.7177314758, 39.3700714111, 34.7607269287, 30.5252361298, 30.7553024292, 28.6005096436, 28.8751125336, 27.2074985504, 25.3905982971, 22.2754955292],
        "dvar2": [576.632568359, 202.921356201, 112.910644531, 113.589607239, 88.3759765625, 82.4694137573, 77.9137420654, 77.3081436157, 72.8259277344, 72.9725036621, 70.6934204102, 65.8546142578, 60.86510849],
        "max": [-513.997192383, 272.428283691, 123.971710205, 119.839027405, 63.3333015442, 58.6053161621, 26.2942428589, 62.9032440186, 24.1730995178, 51.9187812805, 37.0776786804, 50.8331680298, 26.9675521851],
        "mean": [-657.120605469, 189.661300659, -8.29905509949, 45.8444824219, 3.58197402954, 16.1500072479, -15.5234947205, 13.1805953979, -8.88459777832, 7.7533531189, -4.74516391754, 2.58972144127, -10.1318645477],
        "median": [-642.54083252, 191.942504883, -9.36433410645, 44.6352310181, 3.57344055176, 16.9121856689, -14.6699924469, 13.5338115692, -8.41439819336, 7.08019447327, -5.4332408905, 2.27816390991, -10.0367527008],
        "min": [-1138.42004395, 1.14440917969e-05, -110.595443726, -44.012550354, -59.1300888062, -46.4463310242, -67.0509872437, -36.8933563232, -54.453742981, -36.6609573364, -40.3664169312, -34.1979179382, -47.8045425415],
        "var": [5719.33740234, 1312.73547363, 1164.88061523, 537.917236328, 345.253540039, 254.481613159, 247.251708984, 170.751495361, 114.352409363, 178.044342041, 125.183288574, 96.0605392456, 93.5174484253],
        "cov": [[5721.54541016, -1254.68994141, -1033.83728027, 97.1394271851, -613.75958252, 199.167953491, -488.20892334, 266.278656006, -217.198028564, 259.336730957, -131.668777466, 123.897163391, -180.296478271], [-1254.68994141, 1313.24243164, -253.305358887, -344.606018066, 160.935684204, -217.141113281, 203.709121704, -120.490287781, 63.0332527161, -48.1930541992, 137.191619873, -56.2751312256, 53.5857009888], [-1033.83728027, -253.305358887, 1165.33044434, 281.058898926, -10.9784374237, 233.285186768, 119.104454041, 46.5008087158, -2.39415454865, -72.5504837036, -67.9125518799, -2.46056556702, 4.58840847015], [97.1394271851, -344.606018066, 281.058898926, 538.12487793, 103.14050293, 51.6388587952, -127.773017883, 40.9293632507, 24.0465621948, -64.25415802, -86.3238449097, 6.69424533844, 5.0261220932], [-613.75958252, 160.935684204, -10.9784374237, 103.14050293, 345.38684082, -57.7549705505, -8.59508514404, -16.7726192474, 39.6146812439, -11.1799449921, 4.78720283508, 4.71146154404, 14.6460819244], [199.167953491, -217.141113281, 233.285186768, 51.6388587952, -57.7549705505, 254.579879761, 49.8128967285, 22.7178459167, -16.724319458, 11.6310558319, -17.0554542542, 5.78980445862, -20.39503479], [-488.20892334, 203.709121704, 119.104454041, -127.773017883, -8.59508514404, 49.8128967285, 247.347183228, 4.02072429657, -9.31629276276, 9.16608428955, 44.4064598083, -7.77270841599, 3.74105191231], [266.278656006, -120.490287781, 46.5008087158, 40.9293632507, -16.7726192474, 22.7178459167, 4.02072429657, 170.817428589, -6.06177663803, 18.0288352966, -9.52287864685, 27.6569080353, -18.7679920197], [-217.198028564, 63.0332527161, -2.39415454865, 24.0465621948, 39.6146812439, -16.724319458, -9.31629276276, -6.06177663803, 114.396560669, 10.065615654, -2.43166565895, -7.98284053802, 4.80749845505], [259.336730957, -48.1930541992, -72.5504837036, -64.25415802, -11.1799449921, 11.6310558319, 9.16608428955, 18.0288352966, 10.065615654, 178.113098145, 53.8475990295, -2.03996253014, -38.3115921021], [-131.668777466, 137.191619873, -67.9125518799, -86.3238449097, 4.78720283508, -17.0554542542, 44.4064598083, -9.52287864685, -2.43166565895, 53.8475990295, 125.231620789, 14.5440263748, -7.5107755661], [123.897163391, -56.2751312256, -2.46056556702, 6.69424533844, 4.71146154404, 5.78980445862, -7.77270841599, 27.6569080353, -7.98284053802, -2.03996253014, 14.5440263748, 96.0976257324, 22.3371543884], [-180.296478271, 53.5857009888, 4.58840847015, 5.0261220932, 14.6460819244, -20.39503479, 3.74105191231, -18.7679920197, 4.80749845505, -38.3115921021, -7.5107755661, 22.3371543884, 93.5535583496]],
        "icov": [[0.000787929922808, 3.70828092855e-05, 0.000953279668465, -0.000486003787955, 0.00119979924057, -0.000937849050388, 0.00091111427173, -0.000692602596246, 0.00109452195466, -0.000982324359939, 0.00101649656426, -0.000923895917367, 0.000752627791371], [3.70828092855e-05, 0.00170274544507, 0.000107561907498, 0.0007211403572, -0.000645485008135, 0.000965967890806, -0.00102911598515, 0.000376512325602, -0.000747457437683, 0.000976798124611, -0.00128833728377, 0.000931936898269, -0.000407050189096], [0.000953279668465, 0.000107561907498, 0.00251098466106, -0.00134370254818, 0.00154627545271, -0.00197369023226, 0.000131166278152, -0.00089244596893, 0.00122488674242, -0.000850489537697, 0.00143455096986, -0.00102059741039, 0.000815580831841], [-0.000486003787955, 0.0007211403572, -0.00134370254818, 0.00385165656917, -0.00205682567321, 0.000537768355571, 0.000915457552765, -7.10235690349e-05, -0.00134718592744, 0.00161999894772, -0.000436829286627, 0.00105006201193, -0.00065546965925], [0.00119979924057, -0.000645485008135, 0.00154627545271, -0.00205682567321, 0.00558749958873, -0.000964990467764, 0.00121007673442, -0.000784854637459, 0.00108801736496, -0.0019515188178, 0.00173642148729, -0.00213121669367, 0.00121886236593], [-0.000937849050388, 0.000965967890806, -0.00197369023226, 0.000537768355571, -0.000964990467764, 0.00716516003013, -0.0027568791993, 0.00121427210979, -0.00129155721515, 0.000934097799473, -0.00118988472968, 0.0008395735058, -7.29459497961e-05], [0.00091111427173, -0.00102911598515, 0.000131166278152, 0.000915457552765, 0.00121007673442, -0.0027568791993, 0.00779419252649, -0.00175852072425, 0.00188554951455, -0.00126383884344, 0.000136676389957, -0.000570792122744, 0.000367635395378], [-0.000692602596246, 0.000376512325602, -0.00089244596893, -7.10235690349e-05, -0.000784854637459, 0.00121427210979, -0.00175852072425, 0.00754973245785, -0.000989097170532, 0.000210581012652, -0.000154874447617, -0.00153156602755, 0.000959931057878], [0.00109452195466, -0.000747457437683, 0.00122488674242, -0.00134718592744, 0.00108801736496, -0.00129155721515, 0.00188554951455, -0.000989097170532, 0.0113012669608, -0.00288221728988, 0.00232743611559, -0.000841424043756, 0.000450770574389], [-0.000982324359939, 0.000976798124611, -0.000850489537697, 0.00161999894772, -0.0019515188178, 0.000934097799473, -0.00126383884344, 0.000210581012652, -0.00288221728988, 0.00937295891345, -0.00503019662574, 0.00202144565992, 0.00120397983119], [0.00101649656426, -0.00128833728377, 0.00143455096986, -0.000436829286627, 0.00173642148729, -0.00118988472968, 0.000136676389957, -0.000154874447617, 0.00232743611559, -0.00503019662574, 0.013492597267, -0.00438361940905, 0.0020325940568], [-0.000923895917367, 0.000931936898269, -0.00102059741039, 0.00105006201193, -0.00213121669367, 0.0008395735058, -0.000570792122744, -0.00153156602755, -0.000841424043756, 0.00202144565992, -0.00438361940905, 0.0142863439396, -0.00498036807403], [0.000752627791371, -0.000407050189096, 0.000815580831841, -0.00065546965925, 0.00121886236593, -7.29459497961e-05, 0.000367635395378, 0.000959931057878, 0.000450770574389, 0.00120397983119, 0.0020325940568, -0.00498036807403, 0.0141612431034]]
    }
}

}