{
"metadata": {
    "version": {
        "essentia": "2.0.1",
        "extractor": "archive-music 1.0 mod ismir14"
    },
    "audio_properties": {
        "analysis_sample_rate": 44100,
        "bitrate": 1444,
        "channels": 2,
        "equal_loudness": 0,
        "length": 30,
        "replay_gain": -10.2214794159,
        "downmix": "mix"
    },
    "tags": {
        "track": 0,
        "year": 0,
        "album": "",
        "artist": "",
        "comment": "",
        "genre": "",
        "title": ""
    }
},
"rhythm": {
    "bpm": 172.265563965,
    "bpm_histogram_first_peak": 172,
    "bpm_histogram_first_peak_spread": 0,
    "bpm_histogram_first_peak_weight": 0.517647087574,
    "bpm_histogram_second_peak": 178,
    "bpm_histogram_second_peak_spread": 0,
    "bpm_histogram_second_peak_weight": 0.29411765933
},
"tonal": {
    "tuning_frequency": {
        "dmean": 0.0498570762575,
        "dmean2": 0.0788205191493,
        "dvar": 0.411735653877,
        "dvar2": 0.537793695927,
        "max": 450.284484863,
        "mean": 433.394226074,
        "median": 432.441040039,
        "min": 432.441040039,
        "var": 3.35694074631
    },
    "hpcp": {
        "dmean": [0.0818631276488, 0.140889808536, 0.154861360788, 0.151648312807, 0.0328357964754, 0.0785005912185, 0.0825529098511, 0.12253780663, 0.0549546070397, 0.064098842442, 0.140380769968, 0.0613178573549],
        "dmean2": [0.143632695079, 0.254789352417, 0.283804982901, 0.271626532078, 0.0611092150211, 0.138972058892, 0.150955021381, 0.211422473192, 0.0992350354791, 0.114429265261, 0.235782399774, 0.110462747514],
        "dvar": [0.0383998155594, 0.0639212727547, 0.0768251717091, 0.0836918279529, 0.0191836543381, 0.0410683117807, 0.04909202829, 0.067272208631, 0.0298483148217, 0.0302769485861, 0.0584598705173, 0.0290616545826],
        "dvar2": [0.0974478796124, 0.159938082099, 0.202755600214, 0.165323615074, 0.0517319962382, 0.0928580313921, 0.104217432439, 0.136673480272, 0.0728196054697, 0.0733647048473, 0.116106145084, 0.0737541541457],
        "max": [1, 1, 1, 1, 1, 1, 1, 1, 1, 1, 1, 1],
        "mean": [0.0799429491162, 0.184565588832, 0.141682744026, 0.315700411797, 0.0239152126014, 0.110207572579, 0.123596131802, 0.188059777021, 0.0515761636198, 0.0654585883021, 0.333611160517, 0.0509856455028],
        "median": [0.0102247856557, 0.0342597477138, 0.0342020764947, 0.04847067222, 0.00112786097452, 0.0118786981329, 0.00148913310841, 0.0111222825944, 0.00265551451594, 0.00490681780502, 0.0957887247205, 0.00332754058763],
        "min": [1.26758586703e-05, 2.65641156147e-05, 6.63053651806e-06, 7.86946020526e-06, 3.58227111974e-06, 1.99551923288e-05, 1.06987840809e-06, 1.98232010007e-06, 3.69541589862e-06, 3.03309366245e-06, 2.10100620279e-06, 5.36724382982e-06],
        "var": [0.0405759103596, 0.0999358966947, 0.0675843060017, 0.174101397395, 0.0137965986505, 0.0699513331056, 0.0894006863236, 0.118514753878, 0.033812623471, 0.0372311361134, 0.161281779408, 0.0243607889861]
    }
},
"lowlevel": {
    "melbands": {
        "dmean": [1.73805824488e-06, 4.16938710259e-05, 5.52128149138e-05, 0.000513849197887, 0.000497467000969, 0.000264939822955, 0.000116017203254, 9.78639291134e-05, 5.89785995544e-05, 3.92301444663e-05, 3.27911511704e-05, 1.99000351131e-05, 3.42812018062e-05, 1.28721412693e-05, 1.04293230834e-05, 8.76628473634e-06, 1.79825983651e-05, 8.50776177685e-06, 1.00112974906e-05, 2.75435945696e-06, 3.95586448576e-06, 3.84496343031e-06, 2.26091810873e-06, 2.74776562037e-06, 6.93213451086e-06, 7.38566632208e-06, 2.12881673178e-06, 1.1574400105e-06, 3.94775298673e-07, 2.58053319158e-07, 9.85636603446e-08, 1.55544093161e-08, 2.84054979538e-09, 6.24819196382e-10, 2.52621729091e-10, 1.2015338724e-10, 6.06985156582e-11, 2.667622373e-11, 1.69843791809e-11, 1.25432780482e-11],
        "dmean2": [2.85587452709e-06, 6.50414440315e-05, 8.1989201135e-05, 0.00079323729733, 0.00077774800593, 0.000414210691815, 0.000181716342922, 0.000150926833157, 9.58200107561e-05, 6.19294078206e-05, 4.95462409162e-05, 3.07280097331e-05, 5.30915312993e-05, 2.00945087272e-05, 1.68873593793e-05, 1.37889137477e-05, 2.86582253466e-05, 1.35131958814e-05, 1.53092023538e-05, 4.18549007009e-06, 6.33342961009e-06, 6.38406163489e-06, 3.73694660993e-06, 4.19424623033e-06, 1.05193694253e-05, 1.11954868771e-05, 3.42602993442e-06, 1.89651950677e-06, 6.14158182088e-07, 3.99456894229e-07, 1.51299190065e-07, 2.63163180136e-08, 4.4246597497e-09, 1.0144057816e-09, 3.82193332538e-10, 1.81932788279e-10, 8.83889073044e-11, 3.50567942731e-11, 2.10960381108e-11, 1.4731058387e-11],
        "dvar": [5.37593754235e-12, 8.24853074732e-09, 1.17758851559e-08, 1.76725143319e-06, 7.59139254569e-07, 1.4095215306e-07, 5.30328279069e-08, 6.18355002757e-08, 4.85941953343e-08, 1.3995489212e-08, 1.40855584974e-08, 5.14287412656e-09, 1.49013548167e-08, 1.99345162599e-09, 2.19975904159e-09, 4.55529780563e-10, 3.33057270652e-09, 3.06316749743e-10, 4.65916361048e-10, 2.55395409682e-11, 4.74758322933e-11, 6.98536506416e-11, 3.30595655018e-11, 3.63969583639e-11, 3.43168382599e-10, 3.791279235e-10, 2.12188513288e-11, 8.25529401782e-12, 1.69823714553e-12, 1.75635840507e-12, 3.25638089627e-13, 4.37551343695e-15, 5.16931343396e-16, 7.72566178045e-18, 6.54197604326e-19, 2.07363801035e-19, 1.08384293053e-19, 5.99291190572e-20, 4.60550189756e-20, 3.75650730441e-20],
        "dvar2": [1.31111866156e-11, 1.33482025433e-08, 2.29749144154e-08, 3.70495172319e-06, 1.68114252119e-06, 3.29535197352e-07, 1.35508400945e-07, 1.52113599938e-07, 1.23669096297e-07, 3.08743857147e-08, 3.14419601466e-08, 1.09902735801e-08, 3.27470495165e-08, 3.73965169942e-09, 5.24239851529e-09, 1.03000930007e-09, 5.69621994018e-09, 7.42412742394e-10, 8.92358742455e-10, 5.55289633719e-11, 1.15406934009e-10, 1.74074657466e-10, 7.89179277483e-11, 7.12992859198e-11, 7.98228094734e-10, 7.37020555697e-10, 5.30911078989e-11, 1.99925059147e-11, 3.93878289359e-12, 4.27104141984e-12, 7.50502741551e-13, 9.50905444609e-15, 1.24971664554e-15, 1.47804833928e-17, 1.3137008485e-18, 3.86466588702e-19, 1.54457419529e-19, 6.02809874726e-20, 4.60817052439e-20, 3.759874188e-20],
        "max": [2.89395557047e-05, 0.00234516337514, 0.00164703372866, 0.0305086784065, 0.0132101271302, 0.00348990038037, 0.00217875512317, 0.00279242964461, 0.0029229267966, 0.00153165461961, 0.00157545774709, 0.000892548530828, 0.0016675083898, 0.000630305323284, 0.000672889640555, 0.000324892927893, 0.00130821589846, 0.000177469439222, 0.000434860674432, 7.71625636844e-05, 6.50096408208e-05, 0.000107667488919, 4.86024437123e-05, 9.2298774689e-05, 0.000281075539533, 0.000325060071191, 4.47649690614e-05, 2.98568975268e-05, 2.07056018553e-05, 2.5190956876e-05, 1.17625659186e-05, 1.04859157091e-06, 4.73615216379e-07, 3.87610192831e-08, 1.00781862855e-08, 7.5668333821e-09, 7.02175784184e-09, 6.13290351836e-09, 5.37711608573e-09, 4.84981033111e-09],
        "mean": [2.28376097766e-06, 7.2554073995e-05, 0.000107361265691, 0.000879433471709, 0.000837186933495, 0.000384713872336, 0.000149577550474, 0.000148483202793, 6.61081576254e-05, 4.19188763772e-05, 4.00776189053e-05, 2.13189432543e-05, 3.80571982532e-05, 1.43917022797e-05, 1.20651811812e-05, 9.57182783168e-06, 2.02076134883e-05, 9.63012189459e-06, 1.30545340653e-05, 3.67971279047e-06, 4.3188761083e-06, 3.86146029996e-06, 2.48181549978e-06, 3.34676565217e-06, 7.06872333467e-06, 8.02148952062e-06, 2.16783905671e-06, 1.08286292289e-06, 3.699229012e-07, 2.17077328557e-07, 8.65487450596e-08, 1.48604204497e-08, 2.51370391169e-09, 7.09840630719e-10, 3.0447755428e-10, 1.51142307003e-10, 8.09214154018e-11, 4.08163433607e-11, 2.573842528e-11, 1.77833095472e-11],
        "median": [1.38919813253e-06, 3.7297992094e-05, 5.0222963182e-05, 0.000261965789832, 0.000399576238124, 0.00019375832926, 5.81522726861e-05, 3.82132675441e-05, 1.14616186693e-05, 3.7573802274e-06, 2.86578506348e-06, 1.44604337038e-06, 2.3647442049e-06, 2.09336326407e-06, 1.67878260982e-06, 1.86403894986e-06, 4.07723473472e-06, 3.0294456792e-06, 4.03093099521e-06, 1.21346693049e-06, 1.35593381856e-06, 1.06258255528e-06, 4.62844070626e-07, 7.59739918976e-07, 1.56575788424e-06, 1.26755264773e-06, 3.88171088161e-07, 1.41046328395e-07, 3.57365053105e-08, 1.41825493571e-08, 4.47263825976e-09, 1.03132524742e-09, 3.86000870156e-10, 2.0948921764e-10, 1.24757398856e-10, 6.41544248281e-11, 3.62238398999e-11, 2.04366176759e-11, 1.25468307619e-11, 7.35766916143e-12],
        "min": [5.82438843821e-08, 2.2076269488e-06, 1.26547763557e-06, 4.42871197492e-07, 4.6996507308e-07, 3.01926604607e-07, 5.12584961143e-08, 5.0077691327e-08, 1.81446804248e-08, 8.87330564581e-09, 6.35938546267e-09, 7.99273358609e-09, 7.99788324457e-09, 2.84287327013e-09, 2.63146104906e-09, 4.26830615297e-09, 6.20172802002e-09, 5.39222755336e-09, 2.59921595358e-09, 2.48953524462e-10, 2.11313924692e-10, 1.6822890303e-10, 1.00296777827e-10, 8.64669447154e-11, 1.55460366802e-10, 7.6140260763e-11, 4.7260514946e-11, 3.4384960157e-11, 2.85772343289e-11, 1.74685318294e-11, 1.27368445652e-11, 1.36292895372e-11, 9.57857838185e-12, 6.30905484106e-12, 4.32703395684e-12, 4.6983280981e-12, 6.19179750874e-12, 6.04256705436e-12, 4.75166260505e-12, 3.11030953597e-12],
        "var": [7.99587739769e-12, 3.37018661867e-08, 2.52418566049e-08, 4.04597403758e-06, 1.38156428875e-06, 2.33160974972e-07, 6.05942673815e-08, 9.24557141957e-08, 5.73236427215e-08, 1.74722050161e-08, 1.91506668301e-08, 7.53747375626e-09, 2.16815205789e-08, 2.79554224214e-09, 2.44438536079e-09, 6.62029708831e-10, 6.31938235074e-09, 3.77134878882e-10, 7.70314978471e-10, 4.25017659955e-11, 6.1319713196e-11, 6.85991194405e-11, 3.75521627682e-11, 6.16207015969e-11, 3.88278409424e-10, 5.85150206067e-10, 2.45376947927e-11, 8.61518061751e-12, 1.76880407023e-12, 1.51157623744e-12, 3.08838810645e-13, 4.91869872537e-15, 4.24118343476e-16, 9.11440869342e-18, 7.22888388453e-19, 2.15182247562e-19, 1.07239992073e-19, 6.07145787476e-20, 4.6268790234e-20, 3.75853680497e-20]
    },
    "mfcc": {
        "dmean": [36.7830429077, 11.4148197174, 21.9414634705, 13.6570892334, 10.5775241852, 9.53141593933, 7.99624252319, 9.81716632843, 7.13058900833, 7.14303922653, 7.26685094833, 6.58544158936, 6.24582242966],
        "dmean2": [52.6435813904, 16.6835250854, 31.1551837921, 19.526889801, 15.257109642, 14.2171754837, 11.9877882004, 14.981669426, 10.8924789429, 10.9091300964, 11.402929306, 9.99733924866, 9.42220878601],
        "dvar": [1206.51574707, 133.29888916, 492.156494141, 130.014602661, 82.8908843994, 83.9791412354, 37.8132896423, 65.5109024048, 34.2672615051, 33.7563552856, 34.0323295593, 30.1797714233, 25.0303516388],
        "dvar2": [2442.51074219, 241.680496216, 893.622680664, 267.739257812, 153.98614502, 178.095550537, 83.8498764038, 153.374206543, 81.523727417, 83.2567138672, 79.0028762817, 65.9076080322, 59.5414848328],
        "max": [-688.430236816, 247.868804932, 100.091247559, 131.750732422, 63.8563728333, 29.6529693604, 36.6143112183, 28.0729923248, 10.9006538391, 28.657289505, 13.2363319397, 20.2325687408, 25.9769897461],
        "mean": [-807.950561523, 197.686386108, -40.1274528503, 34.3590621948, 11.7396278381, -25.7294178009, -4.93972158432, -29.8911781311, -25.4473171234, -5.12180662155, -11.3987216949, -14.2771253586, -7.01599788666],
        "median": [-801.373901367, 198.915496826, -48.075252533, 33.2632484436, 14.225479126, -26.2032432556, -4.14609909058, -31.7265777588, -25.8277664185, -4.91845703125, -10.2642726898, -14.2671966553, -6.73636245728],
        "min": [-1022.87335205, 95.7548141479, -118.561340332, -24.0149345398, -57.6093139648, -76.3162536621, -38.445602417, -70.3991546631, -60.7792434692, -48.8312530518, -47.5147438049, -47.2201957703, -39.0183830261],
        "var": [3415.4597168, 525.296447754, 1705.58557129, 577.385864258, 385.996002197, 286.782806396, 139.627471924, 254.000823975, 108.493659973, 166.918060303, 112.376571655, 90.7494049072, 89.6819763184],
        "cov": [[3420.74682617, -12.7171916962, -2201.74658203, 648.327392578, -552.293395996, -552.692504883, 291.030883789, -233.574234009, 26.0291976929, -82.7379302979, -70.1832427979, 72.0154953003, -124.992431641], [-12.7171916962, 526.109619141, 262.84552002, -359.761077881, 24.4670696259, -63.8723754883, -63.4587898254, 132.95993042, -41.2344207764, -24.1165962219, -5.30704879761, -33.3353538513, -11.4028348923], [-2201.74658203, 262.84552002, 1708.22583008, -493.089630127, 285.95602417, 360.753051758, -239.687591553, 169.788543701, -20.3186950684, 4.75684356689, 43.645149231, -59.6398162842, 47.6754989624], [648.327392578, -359.761077881, -493.089630127, 578.279663086, -16.9084796906, -62.1407814026, 63.8127555847, -234.106521606, 0.580938756466, 25.9367027283, -39.1185379028, 16.573381424, -14.5040063858], [-552.293395996, 24.4670696259, 285.95602417, -16.9084796906, 386.593536377, 150.644836426, -99.4397125244, -46.9364967346, -61.1853179932, 102.932579041, 14.0405836105, -42.6015396118, 60.9933662415], [-552.692504883, -63.8723754883, 360.753051758, -62.1407814026, 150.644836426, 287.226745605, -32.7110900879, -60.8277931213, 12.1214923859, 42.7388381958, 52.3594398499, 11.5275268555, 26.2317237854], [291.030883789, -63.4587898254, -239.687591553, 63.8127555847, -99.4397125244, -32.7110900879, 139.843612671, 13.9726686478, -5.81628799438, -2.10382270813, -9.40808868408, 20.1901378632, -5.5465297699], [-233.574234009, 132.95993042, 169.788543701, -234.106521606, -46.9364967346, -60.8277931213, 13.9726686478, 254.394012451, 37.4763832092, -87.5525970459, -6.43190765381, -11.5342121124, -12.8000631332], [26.0291976929, -41.2344207764, -20.3186950684, 0.580938756466, -61.1853179932, 12.1214923859, -5.81628799438, 37.4763832092, 108.661605835, -20.4221496582, -22.5563259125, 17.6102313995, -15.5024652481], [-82.7379302979, -24.1165962219, 4.75684356689, 25.9367027283, 102.932579041, 42.7388381958, -2.10382270813, -87.5525970459, -20.4221496582, 167.176452637, 44.6212463379, -34.3045768738, 38.7855834961], [-70.1832427979, -5.30704879761, 43.645149231, -39.1185379028, 14.0405836105, 52.3594398499, -9.40808868408, -6.43190765381, -22.5563259125, 44.6212463379, 112.55052948, 21.1691303253, -3.09184718132], [72.0154953003, -33.3353538513, -59.6398162842, 16.573381424, -42.6015396118, 11.5275268555, 20.1901378632, -11.5342121124, 17.6102313995, -34.3045768738, 21.1691303253, 90.8898849487, 17.5460243225], [-124.992431641, -11.4028348923, 47.6754989624, -14.5040063858, 60.9933662415, 26.2317237854, -5.5465297699, -12.8000631332, -15.5024652481, 38.7855834961, -3.09184718132, 17.5460243225, 89.8208007812]],
        "icov": [[0.0738003998995, -0.101150892675, 0.100894927979, -0.0932738333941, 0.0892615318298, -0.0797156989574, 0.0721830949187, -0.0583066269755, 0.0482758954167, -0.0362360700965, 0.0252898652107, -0.0142512191087, 0.00769150443375], [-0.101150892675, 0.143345892429, -0.139071568847, 0.132372811437, -0.12486679107, 0.11405710876, -0.101696133614, 0.084384649992, -0.0681680291891, 0.0527260303497, -0.0363595336676, 0.0211518071592, -0.0100581916049], [0.100894927979, -0.139071568847, 0.141001284122, -0.130352675915, 0.127001389861, -0.117835126817, 0.109039254487, -0.089942343533, 0.0754725188017, -0.058027934283, 0.0424881950021, -0.0248173717409, 0.0133389811963], [-0.0932738333941, 0.132372811437, -0.130352675915, 0.130428031087, -0.123723417521, 0.117016963661, -0.109154284, 0.0962722450495, -0.0785497203469, 0.0635993108153, -0.0455334894359, 0.029347455129, -0.0142426984385], [0.0892615318298, -0.12486679107, 0.127001389861, -0.123723417521, 0.127968922257, -0.120410859585, 0.116277217865, -0.0998643189669, 0.087469637394, -0.0717519149184, 0.0543813817203, -0.0338038057089, 0.0167447905988], [-0.0797156989574, 0.11405710876, -0.117835126817, 0.117016963661, -0.120410859585, 0.125343099236, -0.118258707225, 0.107328727841, -0.0933406874537, 0.0774270072579, -0.0624951049685, 0.0398744307458, -0.0213420465589], [0.0721830949187, -0.101696133614, 0.109039254487, -0.109154284, 0.116277217865, -0.118258707225, 0.128693506122, -0.110280610621, 0.0980895832181, -0.0840965509415, 0.0675433427095, -0.0473611094058, 0.0246650278568], [-0.0583066269755, 0.084384649992, -0.089942343533, 0.0962722450495, -0.0998643189669, 0.107328727841, -0.110280610621, 0.109666004777, -0.0927087515593, 0.0829655602574, -0.0656648650765, 0.0480277054012, -0.0253213681281], [0.0482758954167, -0.0681680291891, 0.0754725188017, -0.0785497203469, 0.087469637394, -0.0933406874537, 0.0980895832181, -0.0927087515593, 0.0934888720512, -0.0740235820413, 0.0631468072534, -0.0458489917219, 0.0257200933993], [-0.0362360700965, 0.0527260303497, -0.058027934283, 0.0635993108153, -0.0717519149184, 0.0774270072579, -0.0840965509415, 0.0829655602574, -0.0740235820413, 0.07698777318, -0.0597422420979, 0.0466830767691, -0.0271158274263], [0.0252898652107, -0.0363595336676, 0.0424881950021, -0.0455334894359, 0.0543813817203, -0.0624951049685, 0.0675433427095, -0.0656648650765, 0.0631468072534, -0.0597422420979, 0.0593738742173, -0.0402437932789, 0.0234100148082], [-0.0142512191087, 0.0211518071592, -0.0248173717409, 0.029347455129, -0.0338038057089, 0.0398744307458, -0.0473611094058, 0.0480277054012, -0.0458489917219, 0.0466830767691, -0.0402437932789, 0.044274520129, -0.022111127153], [0.00769150443375, -0.0100581916049, 0.0133389811963, -0.0142426984385, 0.0167447905988, -0.0213420465589, 0.0246650278568, -0.0253213681281, 0.0257200933993, -0.0271158274263, 0.0234100148082, -0.022111127153, 0.0252296514809]]
    }
}

}