{
"metadata": {
    "version": {
        "essentia": "2.0.1",
        "extractor": "archive-music 1.0 mod ismir14"
    },
    "audio_properties": {
        "analysis_sample_rate": 44100,
        "bitrate": 1444,
        "channels": 2,
        "equal_loudness": 0,
        "length": 30,
        "replay_gain": -14.8594207764,
        "downmix": "mix"
    },
    "tags": {
        "track": 0,
        "year": 0,
        "album": "",
        "artist": "",
        "comment": "",
        "genre": "",
        "title": ""
    }
},
"rhythm": {
    "bpm": 109.359153748,
    "bpm_histogram_first_peak": 110,
    "bpm_histogram_first_peak_spread": 0.415094316006,
    "bpm_histogram_first_peak_weight": 0.584905683994,
    "bpm_histogram_second_peak": 0,
    "bpm_histogram_second_peak_spread": 0,
    "bpm_histogram_second_peak_weight": 0
},
"tonal": {
    "tuning_frequency": {
        "dmean": 0.0447408482432,
        "dmean2": 0.0820620507002,
        "dvar": 0.0950640067458,
        "dvar2": 0.160980090499,
        "max": 446.657836914,
        "mean": 441.672149658,
        "median": 441.272583008,
        "min": 441.017791748,
        "var": 0.811895489693
    },
    "hpcp": {
        "dmean": [0.124993354082, 0.0794419646263, 0.0533857829869, 0.131240770221, 0.0704433396459, 0.105560943484, 0.0481677763164, 0.0801412910223, 0.114837445319, 0.0528741665184, 0.108262121677, 0.0763090401888],
        "dmean2": [0.225902095437, 0.146232351661, 0.096063144505, 0.225677683949, 0.13031886518, 0.18675160408, 0.0903153270483, 0.140648439527, 0.194912061095, 0.0985857695341, 0.184961393476, 0.143907487392],
        "dvar": [0.0644063055515, 0.0412070527673, 0.0231403578073, 0.0581597536802, 0.0315788127482, 0.0415767095983, 0.0218418315053, 0.0325267761946, 0.0463291481137, 0.0245196074247, 0.0442020148039, 0.0429509542882],
        "dvar2": [0.165139660239, 0.103781118989, 0.0641845539212, 0.125433161855, 0.0784395486116, 0.105615705252, 0.0622098222375, 0.0816130340099, 0.115765579045, 0.0698100328445, 0.10708463192, 0.12160256505],
        "max": [1, 1, 1, 1, 1, 1, 1, 1, 1, 1, 1, 1],
        "mean": [0.164707750082, 0.215836837888, 0.0374716073275, 0.414560884237, 0.0506455935538, 0.214292094111, 0.0299294982105, 0.0976720526814, 0.212812587619, 0.0348606929183, 0.211832463741, 0.0479350313544],
        "median": [0.022251887247, 0.00545336259529, 0.00353433936834, 0.176869615912, 0.00264093209989, 0.0375535525382, 0.00251471810043, 0.0105889542028, 0.0657618492842, 0.00230900198221, 0.056881532073, 0.00251932465471],
        "min": [9.04717808226e-07, 1.00361830846e-05, 3.66500648852e-06, 1.33806606755e-05, 3.87354066334e-06, 9.25171889321e-07, 2.1912039756e-06, 3.10640316457e-05, 2.99312409879e-06, 1.92900643015e-06, 9.11747065402e-06, 1.57256374678e-06],
        "var": [0.0932278260589, 0.146400347352, 0.0154860410839, 0.190989166498, 0.0258092656732, 0.117253229022, 0.012803892605, 0.0488193146884, 0.101576238871, 0.0148342223838, 0.103536754847, 0.0261261574924]
    }
},
"lowlevel": {
    "melbands": {
        "dmean": [0.000499587797094, 0.000873706303537, 0.000599511840846, 0.000392476154957, 0.000164546378073, 0.000149539424456, 8.5617415607e-05, 0.000118818919873, 0.00016390629753, 0.000109235857963, 2.69864758593e-05, 3.22587111441e-05, 1.95934462681e-05, 2.15441650653e-05, 2.1614414436e-05, 2.04920052056e-05, 1.89272432181e-05, 1.65440760611e-05, 9.61349360296e-06, 1.54936606123e-05, 6.8722697506e-06, 4.83415215058e-06, 5.00659189129e-06, 3.30276384375e-06, 1.92618222172e-06, 1.33020989779e-06, 8.3706032683e-07, 5.93392712744e-07, 6.39546442471e-07, 4.76731770505e-07, 4.0245615196e-07, 3.97252648554e-07, 3.61719202147e-07, 2.61966249582e-07, 2.22267416916e-07, 1.92639021179e-07, 1.5600970471e-07, 9.95819675609e-08, 8.85336319811e-08, 7.45174375538e-08],
        "dmean2": [0.000854528858326, 0.00142908538692, 0.000916076241992, 0.000638684316073, 0.000267763447482, 0.000222577160457, 0.000137261871714, 0.000182566698641, 0.00025075947633, 0.000172716769157, 4.13213092543e-05, 5.40485634701e-05, 3.05663452309e-05, 3.43561368936e-05, 3.49284127878e-05, 3.24571046804e-05, 3.10811228701e-05, 2.60053566308e-05, 1.51526937771e-05, 2.34174185607e-05, 1.07574542199e-05, 7.57341285862e-06, 7.97000484454e-06, 5.15692318004e-06, 3.02530133922e-06, 2.10092684938e-06, 1.29859915887e-06, 8.8955158617e-07, 9.66087213783e-07, 7.21442461327e-07, 6.07720210155e-07, 5.69037524656e-07, 5.26984194948e-07, 3.79775656256e-07, 3.06702816033e-07, 2.71050964784e-07, 2.22243485837e-07, 1.48131590549e-07, 1.27363051661e-07, 1.06149670387e-07],
        "dvar": [1.80109100256e-06, 1.47928972183e-06, 5.11525911406e-07, 5.37730841188e-07, 4.71006238456e-08, 7.19143216088e-08, 2.04497005996e-08, 6.14677659883e-08, 9.8653067937e-08, 7.22529023278e-08, 4.28731983249e-09, 9.64745883181e-09, 2.98057245551e-09, 2.89723911528e-09, 4.18463352858e-09, 2.22231011371e-09, 1.53021229021e-09, 1.73225112032e-09, 4.6799325526e-10, 2.88026247297e-09, 2.01901356744e-10, 8.302192267e-11, 1.15332472739e-10, 3.85654841395e-11, 1.06746000927e-11, 7.61409078148e-12, 2.35056158565e-12, 1.18835150054e-12, 1.36069454315e-12, 8.74127593226e-13, 7.19284386826e-13, 6.81251821448e-13, 6.13792328595e-13, 4.40938789387e-13, 4.50511156158e-13, 6.28053652921e-13, 5.735057069e-13, 1.76426893385e-13, 1.55975533596e-13, 1.01099643522e-13],
        "dvar2": [4.87602983412e-06, 3.78661889044e-06, 1.25698363718e-06, 1.53070413944e-06, 1.29332406118e-07, 1.55767750698e-07, 4.7939757053e-08, 1.33612260811e-07, 2.13217703049e-07, 1.62210014309e-07, 7.48453832244e-09, 2.26488250377e-08, 7.07868386129e-09, 7.04486824432e-09, 1.01465333913e-08, 5.03003150243e-09, 3.77853437428e-09, 3.539771809e-09, 1.06712128023e-09, 7.39117345105e-09, 5.01019614685e-10, 2.33728120191e-10, 2.65963306934e-10, 9.20753751021e-11, 2.47712666351e-11, 1.95407440229e-11, 5.70281192061e-12, 2.73461266652e-12, 2.99562024492e-12, 1.99564626976e-12, 1.63181631836e-12, 1.43047943282e-12, 1.20583198374e-12, 8.39793024617e-13, 8.08322484468e-13, 1.20162549615e-12, 1.21295280677e-12, 3.15320794649e-13, 3.39936222617e-13, 2.17866740274e-13],
        "max": [0.009930530563, 0.00936554372311, 0.00844348035753, 0.00649626320228, 0.00172372872476, 0.00239595305175, 0.00138026743662, 0.00264590210281, 0.00403202744201, 0.00400819024071, 0.00106902502012, 0.0014221125748, 0.000924775609747, 0.000526405579876, 0.00069863256067, 0.000509186415002, 0.000390779809095, 0.000603579450399, 0.0002340861829, 0.00110793532804, 0.000250709825195, 0.000114745715109, 0.000166292491485, 8.8690307166e-05, 3.19505816151e-05, 3.63810104318e-05, 1.91818453459e-05, 9.4945253295e-06, 1.05074423118e-05, 9.55094765231e-06, 9.25188851397e-06, 8.44153964863e-06, 1.04762739284e-05, 1.01301593531e-05, 1.49432062244e-05, 1.86707693501e-05, 1.75549921551e-05, 8.93461492524e-06, 8.61947137309e-06, 6.99313295627e-06],
        "mean": [0.000640449172352, 0.00263053434901, 0.00189952785149, 0.000718003779184, 0.000301324849715, 0.00026317127049, 0.000139664436574, 0.000172458559973, 0.000236854757532, 0.000177741385414, 3.74167029804e-05, 3.86467727367e-05, 2.604959991e-05, 2.5754012313e-05, 2.52415193245e-05, 2.71677763521e-05, 2.44861694227e-05, 2.34886465478e-05, 1.30430689751e-05, 2.69341144303e-05, 1.12543375508e-05, 7.76658635004e-06, 1.04248183561e-05, 6.20932496531e-06, 3.01612385556e-06, 1.90736227523e-06, 1.06318225335e-06, 7.25250572486e-07, 8.08052959655e-07, 5.69155020003e-07, 4.69060239539e-07, 4.62780548105e-07, 4.26748073323e-07, 3.20126645192e-07, 2.63613316065e-07, 2.13571908603e-07, 1.64719864415e-07, 1.10112090113e-07, 8.981118782e-08, 7.46219086523e-08],
        "median": [0.000356660224497, 0.00234857224859, 0.00173934956547, 0.000513027829584, 0.000209006509976, 9.58854725468e-05, 6.46503540338e-05, 5.79985098739e-05, 6.02003274253e-05, 3.63554172509e-05, 1.091818649e-05, 1.07146715891e-05, 7.43264490666e-06, 5.8627715589e-06, 6.28496309218e-06, 6.04607703281e-06, 4.88235582452e-06, 5.43464466318e-06, 3.53421728505e-06, 3.33806383424e-06, 3.29371255248e-06, 3.13997975354e-06, 2.33052242038e-06, 1.49932918703e-06, 1.08500546503e-06, 7.05163643033e-07, 3.88916333804e-07, 2.41076349994e-07, 2.42890479285e-07, 1.2526544424e-07, 1.02441994443e-07, 9.57627932507e-08, 9.37463084938e-08, 7.35232532634e-08, 5.4400377536e-08, 4.7590926755e-08, 3.62657353037e-08, 2.3224416168e-08, 1.81296258006e-08, 1.40883660293e-08],
        "min": [2.15607570908e-07, 4.03852226327e-07, 1.23340112168e-06, 1.48639253439e-06, 7.14523321221e-06, 1.52127356046e-07, 3.12599297558e-07, 6.09780457239e-08, 2.51105461757e-07, 8.30582607136e-08, 1.17768523822e-08, 1.13442641947e-08, 1.29129995585e-08, 1.28602506422e-08, 5.46157075121e-09, 4.10798861594e-09, 8.82408013325e-09, 6.46824505068e-09, 3.35500893733e-09, 5.61261970233e-09, 4.47448744723e-09, 3.86935328223e-09, 3.56964946491e-09, 1.12329645585e-09, 6.01953542567e-10, 1.07596953569e-09, 4.40134595436e-10, 2.42962677754e-10, 1.33448335715e-10, 1.07101175151e-10, 3.12781571477e-11, 2.06761430893e-11, 1.45729227297e-11, 9.9431947051e-12, 6.70202825528e-12, 4.85003400288e-12, 5.88062064322e-12, 4.33233223601e-12, 2.71766788761e-12, 2.97577283995e-12],
        "var": [1.35763912112e-06, 3.55378119821e-06, 1.45617582348e-06, 5.30573743163e-07, 8.34480502476e-08, 1.63386076224e-07, 3.79877498347e-08, 1.09955365701e-07, 2.00916090876e-07, 1.96795781449e-07, 8.41198755097e-09, 1.13756515319e-08, 4.84928364131e-09, 3.50652307191e-09, 4.59064120051e-09, 3.82160081358e-09, 2.83415357849e-09, 3.26594729039e-09, 7.23539617109e-10, 1.04937800671e-08, 5.21060916636e-10, 1.36135769324e-10, 5.43460054736e-10, 1.67298674913e-10, 2.17441880473e-11, 9.60371018821e-12, 2.84459478542e-12, 1.52517028954e-12, 1.9761388706e-12, 1.1695098015e-12, 8.74747052137e-13, 9.08572967296e-13, 8.65906250782e-13, 6.21188213715e-13, 6.39317266661e-13, 7.76115554203e-13, 6.15793006864e-13, 2.31914937558e-13, 1.62732959161e-13, 1.07422392108e-13]
    },
    "mfcc": {
        "dmean": [31.2956409454, 16.7872829437, 12.1365566254, 9.43404388428, 8.17314338684, 7.25145339966, 6.55228757858, 6.45156288147, 6.04939937592, 6.01195144653, 5.50237607956, 5.41043043137, 5.15850305557],
        "dmean2": [40.4257125854, 21.6339550018, 15.6815195084, 13.8601989746, 11.8706951141, 10.8790836334, 9.84051704407, 10.0612077713, 9.53780841827, 9.39545917511, 8.3393497467, 8.54762554169, 7.96007442474],
        "dvar": [1179.64489746, 289.971710205, 139.367843628, 74.7296676636, 59.653213501, 41.0413742065, 30.2601490021, 32.5832710266, 27.5176296234, 28.9380321503, 22.6775188446, 20.9316654205, 19.0468063354],
        "dvar2": [2277.02563477, 525.359619141, 230.106567383, 151.652816772, 109.279891968, 88.508354187, 62.5433120728, 69.9057922363, 61.6865005493, 61.5705184937, 50.5251464844, 49.5025215149, 41.8717193604],
        "max": [-576.62677002, 247.461791992, 119.133163452, 87.4273071289, 62.5329437256, 42.3880081177, 31.6951808929, 52.5873069763, 25.3060417175, 40.7450942993, 34.6744842529, 25.2620258331, 18.9118747711],
        "mean": [-714.116333008, 170.982620239, 6.70951128006, 32.6670570374, 17.6126556396, 6.77620887756, -4.57685279846, 5.25143384933, -0.7490696311, 2.45062875748, 1.59785580635, -1.01433312893, -5.68931484222],
        "median": [-704.142333984, 171.826324463, 7.18949699402, 31.1532058716, 16.7174720764, 6.97640800476, -3.78783035278, 4.75565719604, -0.233665466309, 1.52486038208, 0.540073394775, -1.5971622467, -5.18760681152],
        "min": [-956.411682129, 26.2346992493, -93.8954925537, -52.671787262, -31.6083641052, -31.1087303162, -48.5038070679, -27.9024810791, -31.3812351227, -28.748840332, -24.7876396179, -27.4580535889, -28.4330062866],
        "var": [5006.69189453, 1197.14575195, 1096.70678711, 435.426086426, 259.253570557, 169.050430298, 178.537582397, 103.630699158, 72.8745422363, 129.269699097, 82.3500671387, 64.3297042847, 58.7993850708],
        "cov": [[5014.44189453, -1397.12561035, -749.578369141, -81.674659729, -331.133575439, -63.7158851624, -215.548477173, 21.7081394196, -18.8713569641, 39.6971855164, 18.3290729523, -15.6652889252, -31.7760639191], [-1397.12561035, 1198.99890137, -356.898132324, -252.266540527, 36.4185142517, -104.412704468, 78.3162002563, -40.5055198669, -44.7111282349, 29.8048171997, 42.6667900085, 7.74341058731, -8.9407081604], [-749.578369141, -356.898132324, 1098.40454102, 229.801040649, -25.749830246, 209.860870361, 120.66809845, 41.6675643921, 17.850189209, -75.7785415649, -43.1675834656, -5.82265806198, 17.0677051544], [-81.674659729, -252.266540527, 229.801040649, 436.100128174, 108.424438477, 9.69787883759, -97.8223953247, 22.2820072174, 44.9405899048, -69.4896469116, -58.3231010437, 0.691015839577, 14.9107818604], [-331.133575439, 36.4185142517, -25.749830246, 108.424438477, 259.654907227, -29.8645935059, -44.5691413879, 15.5185346603, 11.0467882156, 17.280462265, -2.60105252266, 16.4847393036, -1.69857215881], [-63.7158851624, -104.412704468, 209.860870361, 9.69787883759, -29.8645935059, 169.31211853, 71.4544143677, -3.26371502876, 7.61435317993, -4.35407543182, 8.44928836823, -4.31680107117, -2.41375684738], [-215.548477173, 78.3162002563, 120.66809845, -97.8223953247, -44.5691413879, 71.4544143677, 178.813949585, 20.6626091003, -30.717754364, 26.4575958252, 28.7678470612, 7.13874006271, -3.71801996231], [21.7081394196, -40.5055198669, 41.6675643921, 22.2820072174, 15.5185346603, -3.26371502876, 20.6626091003, 103.791114807, 2.01646542549, -3.40020918846, 9.95636367798, 20.519826889, -5.22781276703], [-18.8713569641, -44.7111282349, 17.850189209, 44.9405899048, 11.0467882156, 7.61435317993, -30.717754364, 2.01646542549, 72.9873504639, 12.9788045883, -13.8282833099, -3.80400729179, -0.496801316738], [39.6971855164, 29.8048171997, -75.7785415649, -69.4896469116, 17.280462265, -4.35407543182, 26.4575958252, -3.40020918846, 12.9788045883, 129.469802856, 52.7392959595, -7.59857177734, -25.9573364258], [18.3290729523, 42.6667900085, -43.1675834656, -58.3231010437, -2.60105252266, 8.44928836823, 28.7678470612, 9.95636367798, -13.8282833099, 52.7392959595, 82.4775390625, 15.8340330124, -13.8017654419], [-15.6652889252, 7.74341058731, -5.82265806198, 0.691015839577, 16.4847393036, -4.31680107117, 7.13874006271, 20.519826889, -3.80400729179, -7.59857177734, 15.8340330124, 64.4292831421, 19.081867218], [-31.7760639191, -8.9407081604, 17.0677051544, 14.9107818604, -1.69857215881, -2.41375684738, -3.71801996231, -5.22781276703, -0.496801316738, -25.9573364258, -13.8017654419, 19.081867218, 58.8904075623]],
        "icov": [[0.00063599657733, 0.000939636433031, 0.000706070451997, 9.87667299341e-05, 0.000758787442464, -9.14624761208e-05, 0.000308994582156, -0.00022824521875, 0.000559008913115, -0.000133827707032, 1.10332466647e-05, -0.00012008518388, 0.000260791828623], [0.000939636433031, 0.00255173421465, 0.00127572088968, 0.000617886369582, 0.000624095904641, 0.000673395639751, -0.000549350341316, 0.000282051594695, 0.000541248940863, 0.000488063087687, -0.000429946026998, -8.05588642834e-05, 0.000549221469555], [0.000706070451997, 0.00127572088968, 0.00238250731491, -0.000717017741408, 0.000928196997847, -0.0013421260519, -0.000910687667783, -0.000497046392411, 0.000453031098004, 0.000367511674995, 0.000305631168885, 0.000129208972794, 0.000131419845275], [9.87667299341e-05, 0.000617886369582, -0.000717017741408, 0.00428154459223, -0.00151567184366, 8.69233335834e-05, 0.00181442662142, -0.000560030865017, -0.00120332813822, 0.00143789849244, 0.000529802346136, 0.000183044205187, -1.59842238645e-05], [0.000758787442464, 0.000624095904641, 0.000928196997847, -0.00151567184366, 0.00593712134287, -0.000137959141284, 0.00135341112036, -0.000937210803386, 0.00147085438948, -0.00223100045696, 0.000867671275046, -0.0017314972356, 0.000580202555284], [-9.14624761208e-05, 0.000673395639751, -0.0013421260519, 8.69233335834e-05, -0.000137959141284, 0.0100592840463, -0.00415962841362, 0.00223661726341, -0.00296538276598, 0.00193428690545, -0.0025602155365, 0.000686895102262, 0.000769082747865], [0.000308994582156, -0.000549350341316, -0.000910687667783, 0.00181442662142, 0.00135341112036, -0.00415962841362, 0.0113201765344, -0.00299920421094, 0.0045973197557, -0.00322593119927, 0.000818721367978, -0.000998575356789, -0.000662830716465], [-0.00022824521875, 0.000282051594695, -0.000497046392411, -0.000560030865017, -0.000937210803386, 0.00223661726341, -0.00299920421094, 0.0120042525232, -0.00191801274195, 0.00177447416354, -0.00176197127439, -0.00347837922163, 0.00262653920799], [0.000559008913115, 0.000541248940863, 0.000453031098004, -0.00120332813822, 0.00147085438948, -0.00296538276598, 0.0045973197557, -0.00191801274195, 0.0188897941262, -0.00610676035285, 0.005188673269, -0.00112404883839, -0.000354043877451], [-0.000133827707032, 0.000488063087687, 0.000367511674995, 0.00143789849244, -0.00223100045696, 0.00193428690545, -0.00322593119927, 0.00177447416354, -0.00610676035285, 0.014709815383, -0.00893569272012, 0.0031557190232, 0.00281554670073], [1.10332466647e-05, -0.000429946026998, 0.000305631168885, 0.000529802346136, 0.000867671275046, -0.0025602155365, 0.000818721367978, -0.00176197127439, 0.005188673269, -0.00893569272012, 0.0214410349727, -0.00670339679345, 0.00283553218469], [-0.00012008518388, -8.05588642834e-05, 0.000129208972794, 0.000183044205187, -0.0017314972356, 0.000686895102262, -0.000998575356789, -0.00347837922163, -0.00112404883839, 0.0031557190232, -0.00670339679345, 0.0214506778866, -0.00769451120868], [0.000260791828623, 0.000549221469555, 0.000131419845275, -1.59842238645e-05, 0.000580202555284, 0.000769082747865, -0.000662830716465, 0.00262653920799, -0.000354043877451, 0.00281554670073, 0.00283553218469, -0.00769451120868, 0.0218061041087]]
    }
}

}