{
"metadata": {
    "version": {
        "essentia": "2.0.1",
        "extractor": "archive-music 1.0 mod ismir14"
    },
    "audio_properties": {
        "analysis_sample_rate": 44100,
        "bitrate": 32,
        "channels": 2,
        "equal_loudness": 0,
        "length": 30.0408172607,
        "replay_gain": -8.37746620178,
        "downmix": "mix"
    },
    "tags": {
        "track": 7,
        "year": 0,
        "album": "The Cool Jazz Collection",
        "artist": "Astrud Gilberto",
        "comment": "",
        "genre": "Jazz",
        "title": "Girl From Ipanema"
    }
},
"rhythm": {
    "bpm": 130.358261108,
    "bpm_histogram_first_peak": 129,
    "bpm_histogram_first_peak_spread": 0.55172419548,
    "bpm_histogram_first_peak_weight": 0.412698417902,
    "bpm_histogram_second_peak": 123,
    "bpm_histogram_second_peak_spread": 0,
    "bpm_histogram_second_peak_weight": 0.047619048506
},
"tonal": {
    "tuning_frequency": {
        "dmean": 0.211896926165,
        "dmean2": 0.381132900715,
        "dvar": 1.48579514027,
        "dvar2": 3.10495615005,
        "max": 443.316436768,
        "mean": 441.330047607,
        "median": 442.548919678,
        "min": 431.692352295,
        "var": 8.6124830246
    },
    "hpcp": {
        "dmean": [0.0777494907379, 0.239453732967, 0.123118974268, 0.260692536831, 0.124179854989, 0.12263109535, 0.208281874657, 0.0493367686868, 0.215521067381, 0.152383491397, 0.203999042511, 0.18305157125],
        "dmean2": [0.138400107622, 0.41351544857, 0.215736061335, 0.465235888958, 0.222505748272, 0.2270822227, 0.379806578159, 0.0929586067796, 0.398699700832, 0.284139752388, 0.391281068325, 0.323486834764],
        "dvar": [0.0345356427133, 0.0922398120165, 0.0518104545772, 0.105134479702, 0.0481306277215, 0.058458045125, 0.0877764448524, 0.0233498532325, 0.0848693922162, 0.0776527822018, 0.0959750786424, 0.0833643525839],
        "dvar2": [0.0880396664143, 0.173312440515, 0.124172873795, 0.242699041963, 0.104379288852, 0.15135717392, 0.178897231817, 0.0571584515274, 0.242132037878, 0.228824540973, 0.278455495834, 0.197798386216],
        "max": [1, 1, 1, 1, 1, 1, 1, 1, 1, 1, 1, 1],
        "mean": [0.0614251792431, 0.307163715363, 0.0936022773385, 0.314266145229, 0.12391307205, 0.119597695768, 0.235915571451, 0.062630161643, 0.212378278375, 0.115018583834, 0.168311223388, 0.172629997134],
        "median": [0.00783595442772, 0.119176991284, 0.00937559176236, 0.0881684571505, 0.0281025543809, 0.0149597022682, 0.0725500360131, 0.00693155359477, 0.0487227961421, 0.0158628132194, 0.0335095115006, 0.0272515211254],
        "min": [6.32701339782e-05, 2.23370625463e-05, 2.27601358347e-05, 0.000229348908761, 5.47397830815e-05, 9.93518478936e-05, 0.000110031178338, 6.81017845636e-05, 4.20857895733e-06, 6.34393145447e-05, 3.81821155315e-05, 0.000372029317077],
        "var": [0.0279077254236, 0.138587445021, 0.0421267449856, 0.152449250221, 0.0558686107397, 0.0640301480889, 0.115108840168, 0.0412843413651, 0.104764595628, 0.0641602501273, 0.0913196727633, 0.0899242907763]
    }
},
"lowlevel": {
    "melbands": {
        "dmean": [0.00012591626728, 0.000308629503706, 0.000310786941554, 0.000160009483807, 0.000102841753687, 3.11901094392e-05, 1.59470018843e-05, 2.25408020924e-05, 9.3459884738e-06, 6.88043428454e-06, 6.99717975294e-06, 9.26869142859e-06, 1.3263955907e-06, 1.01920602447e-06, 1.56835812959e-06, 1.06810875877e-06, 8.40144593894e-07, 2.72109645039e-07, 3.06097348357e-07, 3.04905228177e-07, 1.26671139355e-07, 1.78245528559e-07, 2.1984966736e-07, 1.86796114576e-07, 6.63002239776e-08, 5.01156804944e-08, 6.60706263034e-08, 1.0772208725e-07, 8.92452618473e-08, 1.14995195588e-07, 2.14574058077e-07, 3.90309281784e-07, 4.26616196592e-07, 2.54686256085e-07, 1.15111390642e-07, 7.38289926971e-08, 5.93005715643e-08, 4.40050307304e-08, 5.43842340051e-08, 8.48436485512e-08],
        "dmean2": [0.000200283335289, 0.000479123613331, 0.000506629527081, 0.000261352979578, 0.000161066112923, 5.06594078615e-05, 2.83248245978e-05, 4.01374272769e-05, 1.66237987287e-05, 1.22915444081e-05, 1.27533767227e-05, 1.72186501004e-05, 2.33559262597e-06, 1.89110960491e-06, 2.76959940493e-06, 1.99119108402e-06, 1.59492390139e-06, 4.94197649914e-07, 5.80263360916e-07, 5.73995748709e-07, 2.27188337476e-07, 3.12074377007e-07, 3.88950098795e-07, 3.41398902037e-07, 1.13794691003e-07, 8.72107079886e-08, 1.16642176806e-07, 2.01571097591e-07, 1.61432254231e-07, 2.09950712815e-07, 3.91593800941e-07, 7.19879153621e-07, 8.05781780855e-07, 4.53341925777e-07, 2.04632556233e-07, 1.32466382752e-07, 1.07983481712e-07, 7.8696757555e-08, 1.00170737483e-07, 1.56856003741e-07],
        "dvar": [7.31059373038e-08, 9.39805175904e-08, 1.33516905976e-07, 9.14161120136e-08, 1.77452967876e-08, 2.00513539106e-09, 1.25467369827e-09, 1.54955392961e-09, 3.60142471401e-10, 2.48519149704e-10, 1.64784880186e-10, 2.27248198037e-09, 6.4044086874e-12, 4.11771745173e-12, 1.65067803176e-11, 8.06037615125e-12, 9.41851891617e-12, 2.41935134036e-13, 7.93374480695e-13, 9.10116383299e-13, 5.70797817107e-14, 8.18080683491e-14, 1.6920789585e-13, 1.52144179959e-13, 1.12952834545e-14, 1.00435500235e-14, 2.25872583983e-14, 1.44424796016e-13, 3.16561115158e-14, 8.67989219996e-14, 3.36890373454e-13, 1.20207251271e-12, 1.58960821936e-12, 7.25629951091e-13, 6.7798414452e-14, 1.82481322262e-14, 1.14590157702e-14, 7.83161072614e-15, 1.90521918039e-14, 5.21474207674e-14],
        "dvar2": [1.76195911195e-07, 2.13836301555e-07, 2.85191788407e-07, 2.23151360501e-07, 3.6044866647e-08, 3.73705288936e-09, 3.39832761931e-09, 4.35357572215e-09, 1.05679764939e-09, 7.01238844769e-10, 4.77736461502e-10, 6.59028609462e-09, 1.76719541778e-11, 1.19061253911e-11, 4.21502485692e-11, 2.33235132596e-11, 2.76049860054e-11, 6.64570124192e-13, 2.25773002724e-12, 2.5940096425e-12, 1.63667256831e-13, 2.21187881921e-13, 4.76905678577e-13, 4.39546348537e-13, 2.88027997178e-14, 2.6561670818e-14, 6.36034329588e-14, 4.23484408348e-13, 8.86313388676e-14, 2.53643135141e-13, 9.44582303e-13, 3.38053782016e-12, 4.44333068603e-12, 1.89373842129e-12, 1.79234990565e-13, 4.87083789101e-14, 3.01867228046e-14, 2.03655485759e-14, 4.96898664793e-14, 1.41929003272e-13],
        "max": [0.00186400546227, 0.00184336840175, 0.00274837180041, 0.00359279685654, 0.00105123734102, 0.000331259478116, 0.000282821594737, 0.000266365503194, 0.000104597529571, 0.000153320128447, 6.8639536039e-05, 0.000446717342129, 1.69773957168e-05, 1.51167714648e-05, 3.37798446708e-05, 2.10922644328e-05, 2.65628477791e-05, 2.86405452243e-06, 6.861773727e-06, 6.87729016136e-06, 1.56503244853e-06, 1.86461193152e-06, 2.55028521678e-06, 2.98359054796e-06, 8.29222017273e-07, 9.36359754178e-07, 1.21398932151e-06, 3.24508732774e-06, 1.06810182388e-06, 2.25094868256e-06, 3.84528902941e-06, 6.21726258032e-06, 8.66274785949e-06, 7.95780761109e-06, 1.52337759118e-06, 6.07624656368e-07, 4.33651905496e-07, 4.867554253e-07, 7.77936122631e-07, 1.38972598052e-06],
        "mean": [0.000109198896098, 0.00039122311864, 0.000502054346725, 0.000186665231013, 0.000139711453812, 3.991579797e-05, 1.57043159561e-05, 1.96562396013e-05, 7.81906510383e-06, 5.23518610862e-06, 5.03729688717e-06, 5.86898204347e-06, 1.06360880636e-06, 8.12612086065e-07, 1.22338542496e-06, 7.34369280053e-07, 5.36258539796e-07, 2.0964536418e-07, 2.03386647968e-07, 2.06348076404e-07, 1.046422895e-07, 1.63894455341e-07, 1.9057054601e-07, 1.50140081701e-07, 6.22996907396e-08, 4.50975932154e-08, 5.85571022782e-08, 8.14636109681e-08, 6.85070986606e-08, 8.27460624464e-08, 1.47684403373e-07, 2.4922655939e-07, 2.66341572797e-07, 1.72580186586e-07, 8.2334750573e-08, 5.48663336986e-08, 4.57442794755e-08, 3.56617206876e-08, 4.42228227371e-08, 6.30243306432e-08],
        "median": [3.59878868039e-05, 0.000269541109446, 0.000270142219961, 0.000112523463031, 5.88688817516e-05, 2.13977036765e-05, 5.9138915276e-06, 5.31451678398e-06, 2.30887940234e-06, 9.656336033e-07, 8.80684751792e-07, 7.71663337673e-07, 3.42444025137e-07, 3.58619303142e-07, 2.92507934319e-07, 1.33307182182e-07, 8.8530470066e-08, 6.40220676473e-08, 2.49491485249e-08, 2.76626828111e-08, 2.7175000028e-08, 5.59943131861e-08, 5.98344769287e-08, 3.15912664917e-08, 1.84677890758e-08, 1.33143149839e-08, 1.82055952536e-08, 1.78819590246e-08, 1.30034480961e-08, 1.29442518926e-08, 1.26363861597e-08, 8.7475919841e-09, 1.11339497622e-08, 9.51358991585e-09, 8.03890287671e-09, 8.22310930459e-09, 7.8986319707e-09, 7.02472169323e-09, 6.50345288733e-09, 7.38000283107e-09],
        "min": [9.94285642264e-07, 2.30777823162e-06, 4.94734240419e-06, 9.22945218917e-07, 1.35486698127e-06, 2.01929367449e-07, 1.20395640124e-07, 6.11255330796e-08, 2.51535432483e-08, 1.96170919509e-08, 1.56857211664e-08, 1.19383258834e-08, 7.65989049967e-09, 8.36622593425e-09, 2.76556133549e-09, 2.68124322744e-09, 1.79180481563e-09, 1.32049526869e-09, 8.10265798901e-10, 4.50803894214e-10, 4.28615448689e-10, 7.5831180224e-10, 8.29767643484e-10, 6.19726880924e-10, 5.18484533085e-10, 6.7365812928e-10, 8.95540586132e-10, 1.13957943082e-09, 6.90913992685e-10, 1.15929887912e-09, 1.5381745877e-09, 8.692380149e-10, 1.05103936665e-09, 1.27929689064e-09, 7.51150641687e-10, 8.13497547103e-10, 8.26136159482e-10, 7.24317661405e-10, 7.99588506517e-10, 7.61991580944e-10],
        "var": [6.53192842037e-08, 1.6307791384e-07, 3.88807904983e-07, 1.01010968478e-07, 3.8547948833e-08, 2.97072455524e-09, 1.03814379315e-09, 1.32328648039e-09, 2.73475797563e-10, 2.07002026631e-10, 1.1900806729e-10, 1.27985644305e-09, 4.91978202968e-12, 2.62505533803e-12, 1.33948139039e-11, 4.97952677356e-12, 5.10756194283e-12, 1.77991519093e-13, 4.73103164717e-13, 5.540222686e-13, 3.97420743775e-14, 6.75452735736e-14, 1.2149859569e-13, 1.02059941715e-13, 1.20401447465e-14, 8.60793759812e-15, 1.62095407626e-14, 7.86874498936e-14, 2.06829978898e-14, 5.53436487719e-14, 2.24105334442e-13, 7.38024008226e-13, 9.74476250561e-13, 5.16564818264e-13, 4.91065894274e-14, 1.34078124241e-14, 8.69051738125e-15, 6.25587194623e-15, 1.45609046332e-14, 3.57765744384e-14]
    },
    "mfcc": {
        "dmean": [46.3772506714, 33.6328811646, 21.3730201721, 16.2982730865, 11.1818361282, 13.311671257, 10.6071805954, 9.09471988678, 7.79483890533, 10.0267248154, 7.33769321442, 6.98793935776, 6.35546731949],
        "dmean2": [72.7107162476, 53.2859764099, 33.1831817627, 26.1816501617, 16.4198665619, 21.6746387482, 17.5461292267, 14.5191764832, 12.7836675644, 15.8523044586, 11.6549329758, 11.6531667709, 9.58345413208],
        "dvar": [1135.47558594, 834.70526123, 293.192230225, 150.946548462, 71.6020202637, 113.389442444, 69.8320846558, 56.1105804443, 33.4343833923, 61.1636657715, 34.0606918335, 29.7326602936, 25.2126636505],
        "dvar2": [3079.57958984, 1941.69580078, 803.022216797, 344.814147949, 155.506729126, 287.253692627, 165.025131226, 141.118545532, 95.7060699463, 146.789337158, 84.1753234863, 68.4552764893, 67.7175674438],
        "max": [-725.899597168, 212.067382812, 125.990539551, 99.8712692261, 34.5495033264, 54.5198822021, 29.5461940765, 37.1051254272, 20.0433502197, 20.67486763, 27.6891212463, 33.9723892212, 12.9859733582],
        "mean": [-850.07598877, 150.695495605, 63.2981758118, 29.1221122742, 7.14746904373, 6.71540784836, 1.60078442097, 3.14876413345, -5.57017040253, -11.5146474838, -4.22473526001, -1.48025012016, -6.44943904877],
        "median": [-844.480407715, 157.143310547, 63.7451324463, 26.5649414062, 9.00543212891, 8.96234703064, 3.92552185059, 3.34203529358, -5.84366416931, -10.8234939575, -4.50780487061, -1.99105834961, -5.54982566833],
        "min": [-993.97644043, 45.5278015137, 5.97123718262, -15.0885734558, -37.4247512817, -40.6570510864, -41.4482078552, -20.2612266541, -31.5001296997, -40.9720306396, -34.6987724304, -24.6391906738, -33.3856277466],
        "var": [3120.26928711, 1325.36022949, 639.18157959, 430.158325195, 181.034683228, 204.902770996, 176.75088501, 120.921768188, 75.5853347778, 149.430419922, 117.178970337, 91.084777832, 67.1996307373],
        "cov": [[3139.5300293, -513.732177734, -343.736114502, -81.8661651611, -132.066314697, -51.6392097473, -248.505859375, 24.7313461304, 112.666244507, 174.659210205, 135.353012085, 24.3136329651, -119.371276855], [-513.732177734, 1333.54150391, -362.632171631, -231.773223877, 138.467147827, -114.079666138, 129.277664185, 84.2282943726, -46.8436737061, -20.4813423157, -23.4246063232, -1.95350348949, -63.6795654297], [-343.736114502, -362.632171631, 643.127197266, 106.460273743, -126.195617676, 147.435745239, 19.3139972687, -63.7802009583, -8.45233345032, -110.58379364, 47.4828605652, -21.2849807739, 91.06980896], [-81.8661651611, -231.773223877, 106.460273743, 432.813598633, 118.166786194, -105.872505188, -78.9873123169, 20.3946914673, -22.5166053772, -112.078025818, -10.6000204086, -39.8251037598, 42.8086357117], [-132.066314697, 138.467147827, -126.195617676, 118.166786194, 182.152191162, -55.339176178, -24.9922428131, 14.7979860306, -3.17332315445, -17.541519165, -33.819858551, 12.0214977264, -12.4553136826], [-51.6392097473, -114.079666138, 147.435745239, -105.872505188, -55.339176178, 206.167602539, 61.0551528931, -9.68554878235, 30.3405914307, 49.3323097229, 40.1746520996, 10.1138057709, 20.1486911774], [-248.505859375, 129.277664185, 19.3139972687, -78.9873123169, -24.9922428131, 61.0551528931, 177.841934204, 23.3212680817, -10.6687450409, 22.0358943939, -0.271987915039, 32.9516944885, 6.72272634506], [24.7313461304, 84.2282943726, -63.7802009583, 20.3946914673, 14.7979860306, -9.68554878235, 23.3212680817, 121.668197632, 13.9759807587, -10.588218689, 33.1619033813, -4.95786952972, -3.2628660202], [112.666244507, -46.8436737061, -8.45233345032, -22.5166053772, -3.17332315445, 30.3405914307, -10.6687450409, 13.9759807587, 76.0519104004, 50.4832611084, 12.0995960236, -11.388343811, 0.359781980515], [174.659210205, -20.4813423157, -110.58379364, -112.078025818, -17.541519165, 49.3323097229, 22.0358943939, -10.588218689, 50.4832611084, 150.352828979, 9.67262744904, 12.4058046341, -27.5367507935], [135.353012085, -23.4246063232, 47.4828605652, -10.6000204086, -33.819858551, 40.1746520996, -0.271987915039, 33.1619033813, 12.0995960236, 9.67262744904, 117.902297974, -13.3744153976, 8.70419883728], [24.3136329651, -1.95350348949, -21.2849807739, -39.8251037598, 12.0214977264, 10.1138057709, 32.9516944885, -4.95786952972, -11.388343811, 12.4058046341, -13.3744153976, 91.6470336914, -3.3123383522], [-119.371276855, -63.6795654297, 91.06980896, 42.8086357117, -12.4553136826, 20.1486911774, 6.72272634506, -3.2628660202, 0.359781980515, -27.5367507935, 8.70419883728, -3.3123383522, 67.614440918]],
        "icov": [[0.000565506867133, 0.000157505201059, 0.000512213970069, -0.000226652919082, 0.000819949258585, -6.20546998107e-05, 0.000682294601575, 0.000106813997263, -0.000637060496956, 4.96211505379e-05, -0.000684342870954, -0.00062370399246, 0.000788317469414], [0.000157505201059, 0.00174009089824, 0.000206850541872, 0.00199473812245, -0.00215058564208, 0.00139618851244, -0.00122778024524, -0.000578684092034, 0.000395429582568, 0.000963411119301, -0.000660865567625, 0.00127765652724, 0.00019521752256], [0.000512213970069, 0.000206850541872, 0.00506166275591, -0.00226657255553, 0.00397532200441, -0.00359289208427, -7.04253689037e-05, 0.00302260112949, -0.00243628839962, 0.00424260413274, -0.00145129719749, -0.000981990946457, -0.000448047358077], [-0.000226652919082, 0.00199473812245, -0.00226657255553, 0.00786100234836, -0.00724381906912, 0.00455112708732, -0.000888147740625, -0.00236200122163, 0.00175048399251, 0.00103137991391, -0.000363335100701, 0.00356517452747, -0.0025297999382], [0.000819949258585, -0.00215058564208, 0.00397532200441, -0.00724381906912, 0.0148745682091, -0.00424724025652, 0.00285126967356, 0.00203045574017, -0.0036635780707, 0.00120708555914, 0.00101693498436, -0.0052620312199, 0.0025966768153], [-6.20546998107e-05, 0.00139618851244, -0.00359289208427, 0.00455112708732, -0.00424724025652, 0.0114551549777, -0.00290814577602, -0.00127942801919, -0.00044153779163, -0.0030679393094, -0.0019725698512, 0.00146900268737, -0.00172655691858], [0.000682294601575, -0.00122778024524, -7.04253689037e-05, -0.000888147740625, 0.00285126967356, -0.00290814577602, 0.00995533820242, -0.0025871321559, 0.00211199815385, -0.00258151046, 0.00109402346425, -0.00362480990589, -0.000398424774176], [0.000106813997263, -0.000578684092034, 0.00302260112949, -0.00236200122163, 0.00203045574017, -0.00127942801919, -0.0025871321559, 0.0129212969914, -0.0055102724582, 0.00459674559534, -0.00426844833419, -0.000750476436224, 0.00111807242502], [-0.000637060496956, 0.000395429582568, -0.00243628839962, 0.00175048399251, -0.0036635780707, -0.00044153779163, 0.00211199815385, -0.0055102724582, 0.0224217250943, -0.00929559953511, 0.00178148353007, 0.00402078684419, -0.00353574519977], [4.96211505379e-05, 0.000963411119301, 0.00424260413274, 0.00103137991391, 0.00120708555914, -0.0030679393094, -0.00258151046, 0.00459674559534, -0.00929559953511, 0.0163669660687, -0.00209965649992, -0.000763724849094, 0.00319065456279], [-0.000684342870954, -0.000660865567625, -0.00145129719749, -0.000363335100701, 0.00101693498436, -0.0019725698512, 0.00109402346425, -0.00426844833419, 0.00178148353007, -0.00209965649992, 0.0121111478657, 0.00134979432914, -0.00154298474081], [-0.00062370399246, 0.00127765652724, -0.000981990946457, 0.00356517452747, -0.0052620312199, 0.00146900268737, -0.00362480990589, -0.000750476436224, 0.00402078684419, -0.000763724849094, 0.00134979432914, 0.0149550801143, -0.00168885209132], [0.000788317469414, 0.00019521752256, -0.000448047358077, -0.0025297999382, 0.0025966768153, -0.00172655691858, -0.000398424774176, 0.00111807242502, -0.00353574519977, 0.00319065456279, -0.00154298474081, -0.00168885209132, 0.0210910625756]]
    }
}

}