{
"metadata": {
    "version": {
        "essentia": "2.0.1",
        "extractor": "archive-music 1.0 mod ismir14"
    },
    "audio_properties": {
        "analysis_sample_rate": 44100,
        "bitrate": 32,
        "channels": 2,
        "equal_loudness": 0,
        "length": 30.0408172607,
        "replay_gain": -11.7791290283,
        "downmix": "mix"
    },
    "tags": {
        "track": 6,
        "year": 0,
        "album": "Swing Classics (Jazz & Tzaz 70)",
        "artist": "Benny Carter",
        "comment": "",
        "genre": "Jazz",
        "title": "Babalu"
    }
},
"rhythm": {
    "bpm": 92.4049606323,
    "bpm_histogram_first_peak": 92,
    "bpm_histogram_first_peak_spread": 0.613636374474,
    "bpm_histogram_first_peak_weight": 0.377777785063,
    "bpm_histogram_second_peak": 99,
    "bpm_histogram_second_peak_spread": 0,
    "bpm_histogram_second_peak_weight": 0.0222222227603
},
"tonal": {
    "tuning_frequency": {
        "dmean": 0.410648107529,
        "dmean2": 0.723020195961,
        "dvar": 3.95835113525,
        "dvar2": 7.37517118454,
        "max": 455.779724121,
        "mean": 438.458251953,
        "median": 440.254241943,
        "min": 432.191345215,
        "var": 11.7087154388
    },
    "hpcp": {
        "dmean": [0.0930784121156, 0.178353339434, 0.0758561044931, 0.224714353681, 0.143916279078, 0.102008253336, 0.212181329727, 0.0751432031393, 0.182151675224, 0.0881286337972, 0.13940680027, 0.211645901203],
        "dmean2": [0.165483728051, 0.312734037638, 0.138430967927, 0.404102504253, 0.252069413662, 0.184691041708, 0.366822391748, 0.136683687568, 0.296584904194, 0.158344104886, 0.237484425306, 0.362069189548],
        "dvar": [0.0376428328454, 0.0528498739004, 0.028811506927, 0.0739726126194, 0.0560880191624, 0.0171598792076, 0.0751244202256, 0.0161694381386, 0.039269246161, 0.0225937012583, 0.0344494022429, 0.0520583726466],
        "dvar2": [0.109848402441, 0.127497702837, 0.0823397859931, 0.156908273697, 0.115831613541, 0.0492827296257, 0.128768309951, 0.0455974154174, 0.0826737061143, 0.0644573792815, 0.0815651193261, 0.119510114193],
        "max": [1, 1, 1, 1, 1, 1, 1, 0.614067733288, 1, 1, 1, 1],
        "mean": [0.0813060924411, 0.245466783643, 0.0653716921806, 0.45852175355, 0.264295011759, 0.114613689482, 0.353463470936, 0.067280843854, 0.422393888235, 0.0803973823786, 0.213466599584, 0.405401319265],
        "median": [0.0274998545647, 0.111329607666, 0.027224842459, 0.305756986141, 0.09867875278, 0.0804023742676, 0.171831652522, 0.0353576093912, 0.295820176601, 0.04081883654, 0.151497378945, 0.323308080435],
        "min": [0.00119424785953, 0.00325965578668, 0.00109305395745, 0.00172980106436, 0.00116814475041, 0.00332584697753, 0.00184954563156, 0.00351546122693, 0.011231505312, 0.00272163911723, 0.00258341897279, 0.00323639134876],
        "var": [0.0247959271073, 0.074846252799, 0.0184818282723, 0.138955593109, 0.123505540192, 0.01449308265, 0.139102816582, 0.0106427846476, 0.113701783121, 0.0151365092024, 0.0471612028778, 0.114726342261]
    }
},
"lowlevel": {
    "melbands": {
        "dmean": [1.57474573825e-06, 9.50478170125e-06, 6.87259944243e-06, 1.52149323185e-05, 1.71360097738e-05, 2.85139813059e-05, 2.18894456339e-05, 6.32158989902e-05, 3.55339761882e-05, 2.55207414739e-05, 1.49132611114e-05, 1.19299011203e-05, 1.08519188871e-05, 9.48781962506e-06, 1.90923437913e-05, 1.37595425258e-05, 8.67782546266e-06, 5.56365193916e-06, 5.41410827282e-06, 6.58172257317e-06, 1.74725551005e-06, 2.31157332564e-06, 1.1450523516e-06, 1.00267936887e-06, 1.53741791564e-06, 4.47134056003e-07, 2.91037537181e-07, 3.20668505083e-07, 3.1211001783e-07, 3.33103713501e-07, 1.66675846458e-07, 8.42686986857e-08, 5.90328035344e-08, 2.54020715573e-08, 1.0885251811e-08, 9.29823418261e-09, 2.32383956522e-09, 4.05470074183e-10, 1.45955900144e-10, 7.3329280148e-11],
        "dmean2": [2.76802256849e-06, 1.68795559148e-05, 1.24978314489e-05, 2.73892201221e-05, 3.06864094455e-05, 4.90856509714e-05, 3.3784617699e-05, 0.000103772297734, 6.0421476519e-05, 4.36799782619e-05, 2.44855582423e-05, 1.91357648873e-05, 1.81864415936e-05, 1.73270163941e-05, 3.33602547471e-05, 2.29253382713e-05, 1.38770719786e-05, 9.66897277976e-06, 9.00686154637e-06, 1.10069868242e-05, 3.02280545839e-06, 3.99298460252e-06, 1.96201040126e-06, 1.76456285317e-06, 2.6882541988e-06, 7.85969007211e-07, 5.21660524555e-07, 5.59890111163e-07, 5.36578681931e-07, 6.10174481608e-07, 3.03892420561e-07, 1.55609271246e-07, 1.0819427132e-07, 4.65519534032e-08, 1.99104253085e-08, 1.61582125457e-08, 4.20801971046e-09, 7.31838534218e-10, 2.65033828217e-10, 1.31669813941e-10],
        "dvar": [2.54633206881e-12, 1.48570544756e-10, 4.09692210712e-11, 2.4245061514e-10, 3.72959357842e-10, 1.09319442387e-09, 7.14842685046e-10, 1.22676464542e-08, 3.37406280693e-09, 1.13244902344e-09, 4.45196879362e-10, 2.86849877185e-10, 2.47850046042e-10, 2.35514802105e-10, 8.27766521994e-10, 6.00714367138e-10, 2.21393861577e-10, 8.65255506133e-11, 6.84291928676e-11, 1.45700118637e-10, 4.34256840556e-12, 1.19415892105e-11, 1.88782258055e-12, 1.86990288704e-12, 4.85176048642e-12, 7.7683275394e-13, 2.16820539387e-13, 3.11420431543e-13, 1.85682524044e-13, 2.06789067207e-13, 6.74410817448e-14, 2.25357655714e-14, 1.3431308271e-14, 2.53115488672e-15, 3.51870191784e-16, 2.38450389034e-16, 1.17733543027e-17, 4.82847915918e-19, 5.45601223457e-20, 1.16297442066e-20],
        "dvar2": [6.48607860129e-12, 4.17476775372e-10, 1.16091573854e-10, 7.55937312746e-10, 1.20707821516e-09, 3.55861273782e-09, 1.74171344014e-09, 3.00325773139e-08, 8.80574191342e-09, 3.28800342508e-09, 1.05411146478e-09, 7.16327108741e-10, 6.6909372487e-10, 7.02965852195e-10, 2.13659445691e-09, 1.02161912263e-09, 4.73513728227e-10, 2.66636102086e-10, 1.78938475148e-10, 3.92750193479e-10, 1.14580176944e-11, 3.2593042848e-11, 4.42865362438e-12, 5.59029515387e-12, 1.41146235325e-11, 2.07510289334e-12, 6.70162222157e-13, 8.60970962493e-13, 5.59029710544e-13, 5.93063196209e-13, 2.04183959779e-13, 6.67679954836e-14, 3.88877704994e-14, 7.59779575138e-15, 1.03263332435e-15, 6.5468177051e-16, 3.26068410157e-17, 1.35271947498e-18, 1.53121199723e-19, 3.1570643779e-20],
        "max": [7.78800131229e-06, 9.24806299736e-05, 4.68962753075e-05, 0.000112988105684, 0.00010938179912, 0.000158812777954, 0.000251575169386, 0.000730964937247, 0.000346913060639, 0.00020553120703, 0.000107075204141, 0.000116746443382, 9.59792887443e-05, 0.000103635888081, 0.000162547512446, 0.000146506703459, 0.0001188753522, 5.839604637e-05, 5.46969131392e-05, 0.000109541877464, 1.13091109597e-05, 2.69011106866e-05, 1.03176871562e-05, 8.02263275546e-06, 1.2343830349e-05, 6.85813802193e-06, 2.51065625889e-06, 3.5505292999e-06, 2.12614668271e-06, 2.49334902946e-06, 1.4669049051e-06, 8.42116605781e-07, 6.11159123309e-07, 2.66967305151e-07, 8.4962124447e-08, 1.06775168263e-07, 2.06592005725e-08, 3.40379968655e-09, 1.11071341014e-09, 6.00802740891e-10],
        "mean": [2.39180030803e-06, 1.39428902912e-05, 9.25293716136e-06, 2.02247538255e-05, 2.56917410297e-05, 3.67689644918e-05, 3.38604222634e-05, 8.3561950305e-05, 4.57096684841e-05, 2.73448513326e-05, 1.77893962245e-05, 1.42266708281e-05, 1.23079853438e-05, 9.25299718801e-06, 1.90295413631e-05, 1.55064408318e-05, 1.11062099677e-05, 5.45920966033e-06, 4.7464995987e-06, 6.36886943539e-06, 1.85994656476e-06, 2.61464992946e-06, 1.29776651647e-06, 1.070869871e-06, 1.4745972976e-06, 4.86113663101e-07, 2.61493397602e-07, 2.78604488813e-07, 2.89473149451e-07, 3.05922412736e-07, 1.45270490748e-07, 6.80055336488e-08, 4.43545040696e-08, 1.83183335167e-08, 8.22103274345e-09, 7.59549845242e-09, 2.15528817016e-09, 3.30268978832e-10, 1.23875465441e-10, 7.24561591281e-11],
        "median": [1.86726288121e-06, 1.1325450032e-05, 7.12623796062e-06, 1.58635830303e-05, 2.05013438972e-05, 2.51933142863e-05, 1.47045348058e-05, 2.2950804123e-05, 1.35492609843e-05, 1.0936462786e-05, 5.98419728703e-06, 3.91782759834e-06, 5.47660101802e-06, 4.70097666039e-06, 6.1608238866e-06, 3.98646989197e-06, 2.52642166743e-06, 1.87453895251e-06, 9.93618868961e-07, 1.89198931366e-06, 8.20107175059e-07, 1.1755853393e-06, 6.58578869661e-07, 5.53177869733e-07, 3.84168629353e-07, 2.01180995418e-07, 9.9389652064e-08, 5.48587664184e-08, 1.26599800865e-07, 1.12774181105e-07, 4.44904522112e-08, 1.77063572693e-08, 6.33932684124e-09, 1.98738381307e-09, 1.24624388587e-09, 1.27700794383e-09, 5.82741133126e-10, 8.85186229871e-11, 3.90391260985e-11, 3.07341548045e-11],
        "min": [2.73109691307e-07, 1.55879467911e-06, 4.67352094802e-07, 1.07189222831e-07, 6.54214957763e-08, 8.43811065465e-08, 9.34601729341e-08, 6.96050079796e-08, 1.8361603793e-08, 1.72950009869e-08, 1.15102389842e-08, 9.78458380985e-09, 1.00264392344e-08, 7.91705456749e-09, 7.05038383231e-09, 1.60640711844e-09, 2.43168130076e-09, 1.3015758471e-09, 1.61116531228e-09, 6.75039246723e-10, 4.60279980796e-10, 7.09415470812e-10, 5.43999734148e-10, 2.58520954644e-10, 2.14495463058e-10, 1.09202438758e-10, 1.22876889219e-10, 8.87710183139e-11, 7.22709045387e-11, 4.73079804497e-11, 3.87429636983e-11, 2.75592725724e-11, 2.58709650924e-11, 1.83699739448e-11, 1.59146949091e-11, 1.64240478856e-11, 1.0515058442e-11, 6.14957130357e-12, 4.29503915073e-12, 4.97941791966e-12],
        "var": [2.92690893224e-12, 1.28671642785e-10, 5.55536103231e-11, 3.02514041595e-10, 4.85908924208e-10, 1.36710676113e-09, 1.77318182359e-09, 1.85087447591e-08, 4.41619629754e-09, 1.30456967451e-09, 6.07098427086e-10, 4.12322731513e-10, 3.38230887742e-10, 1.76008055353e-10, 8.40187253104e-10, 8.64609772666e-10, 4.59343868497e-10, 8.95039042881e-11, 7.1667484447e-11, 1.77772893628e-10, 5.46743423105e-12, 1.73290617966e-11, 2.97317530838e-12, 1.95025506161e-12, 5.22610643997e-12, 8.9797971576e-13, 1.81426488416e-13, 3.3544841167e-13, 1.86622174962e-13, 2.10571252275e-13, 6.1550258976e-14, 1.73549139605e-14, 1.05836580412e-14, 1.91493418243e-15, 2.87607919658e-16, 2.44107933847e-16, 1.31434193415e-17, 3.97856141954e-19, 4.60661083657e-20, 1.1846371823e-20]
    },
    "mfcc": {
        "dmean": [57.0316581726, 18.6393604279, 23.1305751801, 9.09504795074, 12.1700820923, 8.81428623199, 7.20451831818, 6.42274475098, 5.37262678146, 5.24948310852, 4.55703687668, 5.51279449463, 4.54404115677],
        "dmean2": [94.6438598633, 31.2518615723, 38.9085578918, 14.6346750259, 21.2663612366, 14.6929950714, 11.6494255066, 10.4826869965, 8.95902347565, 8.73201751709, 7.13974618912, 9.39539718628, 7.38690853119],
        "dvar": [2476.93896484, 264.767974854, 526.253845215, 61.5676345825, 118.504089355, 58.3820571899, 35.0134429932, 21.672952652, 20.8456058502, 20.198425293, 13.4523172379, 22.3013153076, 12.1834306717],
        "dvar2": [6663.01708984, 736.442565918, 1274.55041504, 182.350646973, 320.741546631, 149.412643433, 104.685508728, 67.6415481567, 54.659324646, 52.1412506104, 28.3649616241, 55.9255867004, 29.5471973419],
        "max": [-687.896972656, 207.275512695, 60.2005348206, 56.0710105896, 20.6645507812, 37.5111999512, 11.7617683411, 5.18154144287, 17.1239891052, 11.765504837, 19.7050514221, 23.2522907257, 6.59076690674],
        "mean": [-817.78515625, 165.089584351, -40.7868003845, 12.6234884262, -14.9090881348, -3.78792953491, -8.99468994141, -9.90403938293, -2.3130300045, -6.3130698204, 1.3756929636, 4.27792024612, -5.42828941345],
        "median": [-797.939575195, 171.360748291, -51.6302604675, 9.98147201538, -12.9449424744, -5.51866149902, -9.93343353271, -11.0890197754, -2.42474365234, -7.04131317139, 1.19955825806, 3.32411193848, -5.65460205078],
        "min": [-1050.07214355, 86.8935775757, -94.854095459, -18.8345756531, -45.2844238281, -26.7757987976, -42.0681037903, -25.6789093018, -18.2627029419, -26.0837173462, -11.968252182, -17.1240310669, -15.1485061646],
        "var": [6293.1328125, 677.713195801, 1317.14038086, 256.185089111, 273.990386963, 146.8046875, 89.6027526855, 46.5407409668, 43.8873291016, 55.5739135742, 38.3310699463, 77.8547744751, 25.7885684967],
        "cov": [[6331.97949219, 181.410858154, -2790.73583984, 234.958099365, -1035.56713867, 23.379940033, -456.741424561, -67.3354415894, -50.0873184204, -120.655525208, 80.8369827271, 172.629226685, -125.090385437], [181.410858154, 681.896606445, -53.7194137573, -286.966583252, -53.6308288574, -250.619506836, 54.8174171448, -87.901550293, 54.5541915894, -105.85546875, 3.44235277176, 84.8990859985, -15.3577852249], [-2790.73583984, -53.7194137573, 1325.27087402, -102.401329041, 443.350982666, 6.85645723343, 193.511199951, 45.3179779053, 12.9731321335, 63.259098053, -43.2515869141, -73.3143615723, 56.0476112366], [234.958099365, -286.966583252, -102.401329041, 257.766479492, 39.0907173157, 109.00213623, -40.6372413635, 7.75893211365, -42.5336685181, 14.6971750259, -12.1568069458, -62.062664032, -10.5333881378], [-1035.56713867, -53.6308288574, 443.350982666, 39.0907173157, 275.68170166, 26.816822052, 68.8753890991, -1.16176915169, -30.218006134, 18.3345623016, -27.9911689758, -68.7067718506, 10.7736282349], [23.379940033, -250.619506836, 6.85645723343, 109.00213623, 26.816822052, 147.710891724, -8.40350437164, 47.5070343018, -30.6605548859, 37.9750175476, -10.1441717148, -52.1317749023, 2.13914132118], [-456.741424561, 54.8174171448, 193.511199951, -40.6372413635, 68.8753890991, -8.40350437164, 90.1558609009, 12.5176401138, 11.4959106445, -14.2905902863, -18.9438896179, -13.9382324219, 5.19797182083], [-67.3354415894, -87.901550293, 45.3179779053, 7.75893211365, -1.16176915169, 47.5070343018, 12.5176401138, 46.8280296326, 1.03712391853, 23.3476734161, -1.40429997444, -7.27479314804, 9.76373577118], [-50.0873184204, 54.5541915894, 12.9731321335, -42.5336685181, -30.218006134, -30.6605548859, 11.4959106445, 1.03712391853, 44.1582374573, -5.63825035095, 13.6142416, 24.31108284, 4.10114145279], [-120.655525208, -105.85546875, 63.259098053, 14.6971750259, 18.3345623016, 37.9750175476, -14.2905902863, 23.3476734161, -5.63825035095, 55.9169616699, 14.7039585114, -9.08274745941, 9.01142978668], [80.8369827271, 3.44235277176, -43.2515869141, -12.1568069458, -27.9911689758, -10.1441717148, -18.9438896179, -1.40429997444, 13.6142416, 14.7039585114, 38.5676803589, 26.8881931305, 2.15138626099], [172.629226685, 84.8990859985, -73.3143615723, -62.062664032, -68.7067718506, -52.1317749023, -13.9382324219, -7.27479314804, 24.31108284, -9.08274745941, 26.8881931305, 78.335357666, 3.43010163307], [-125.090385437, -15.3577852249, 56.0476112366, -10.5333881378, 10.7736282349, 2.13914132118, 5.19797182083, 9.76373577118, 4.10114145279, 9.01142978668, 2.15138626099, 3.43010163307, 25.9477577209]],
        "icov": [[0.184421434999, -0.261534780264, 0.253476083279, -0.236794739962, 0.246382638812, -0.231142610312, 0.221817612648, -0.208529099822, 0.180909097195, -0.147870048881, 0.133289918303, -0.112984552979, 0.0680669173598], [-0.261534780264, 0.379065573215, -0.35828357935, 0.342261731625, -0.350914090872, 0.334804952145, -0.316963493824, 0.298804908991, -0.256112098694, 0.216466918588, -0.190747588873, 0.161951854825, -0.0947553664446], [0.253476083279, -0.35828357935, 0.351382553577, -0.323566138744, 0.334267526865, -0.316483408213, 0.302467018366, -0.286857634783, 0.246193602681, -0.205368235707, 0.185150310397, -0.155828043818, 0.091879054904], [-0.236794739962, 0.342261731625, -0.323566138744, 0.316996246576, -0.320083707571, 0.296885937452, -0.283453553915, 0.271836161613, -0.232012107968, 0.197166055441, -0.172989085317, 0.148844912648, -0.0856027901173], [0.246382638812, -0.350914090872, 0.334267526865, -0.320083707571, 0.342956066132, -0.309461057186, 0.29242298007, -0.272896021605, 0.249345496297, -0.199549347162, 0.175229370594, -0.146457433701, 0.0900637879968], [-0.231142610312, 0.334804952145, -0.316483408213, 0.296885937452, -0.309461057186, 0.316966295242, -0.279587239027, 0.245369538665, -0.220138192177, 0.187588244677, -0.170331925154, 0.150214597583, -0.0820640549064], [0.221817612648, -0.316963493824, 0.302467018366, -0.283453553915, 0.29242298007, -0.279587239027, 0.293409883976, -0.264131873846, 0.210887983441, -0.166940316558, 0.163973256946, -0.133478417993, 0.0842875912786], [-0.208529099822, 0.298804908991, -0.286857634783, 0.271836161613, -0.272896021605, 0.245369538665, -0.264131873846, 0.291021794081, -0.209730789065, 0.152748987079, -0.142833158374, 0.122163258493, -0.0861872881651], [0.180909097195, -0.256112098694, 0.246193602681, -0.232012107968, 0.249345496297, -0.220138192177, 0.210887983441, -0.209730789065, 0.21760033071, -0.13965074718, 0.115469753742, -0.110465712845, 0.0650108978152], [-0.147870048881, 0.216466918588, -0.205368235707, 0.197166055441, -0.199549347162, 0.187588244677, -0.166940316558, 0.152748987079, -0.13965074718, 0.165588691831, -0.12912927568, 0.0988566949964, -0.0555440969765], [0.133289918303, -0.190747588873, 0.185150310397, -0.172989085317, 0.175229370594, -0.170331925154, 0.163973256946, -0.142833158374, 0.115469753742, -0.12912927568, 0.148868024349, -0.0985780060291, 0.048988416791], [-0.112984552979, 0.161951854825, -0.155828043818, 0.148844912648, -0.146457433701, 0.150214597583, -0.133478417993, 0.122163258493, -0.110465712845, 0.0988566949964, -0.0985780060291, 0.0989469140768, -0.0443952567875], [0.0680669173598, -0.0947553664446, 0.091879054904, -0.0856027901173, 0.0900637879968, -0.0820640549064, 0.0842875912786, -0.0861872881651, 0.0650108978152, -0.0555440969765, 0.048988416791, -0.0443952567875, 0.0731243938208]]
    }
}

}