{
"metadata": {
    "version": {
        "essentia": "2.0.1",
        "extractor": "archive-music 1.0 mod ismir14"
    },
    "audio_properties": {
        "analysis_sample_rate": 44100,
        "bitrate": 112,
        "channels": 2,
        "equal_loudness": 0,
        "length": 30.0669155121,
        "replay_gain": -10.173538208,
        "downmix": "mix"
    },
    "tags": {
        "track": 0,
        "year": 0,
        "album": "",
        "artist": "",
        "comment": "",
        "genre": "",
        "title": ""
    }
},
"rhythm": {
    "bpm": 172.265594482,
    "bpm_histogram_first_peak": 172,
    "bpm_histogram_first_peak_spread": 0,
    "bpm_histogram_first_peak_weight": 0.5,
    "bpm_histogram_second_peak": 178,
    "bpm_histogram_second_peak_spread": 0,
    "bpm_histogram_second_peak_weight": 0.27380952239
},
"tonal": {
    "tuning_frequency": {
        "dmean": 0.0392001010478,
        "dmean2": 0.0709432885051,
        "dvar": 0.544657707214,
        "dvar2": 1.53074944019,
        "max": 456.306610107,
        "mean": 434.365356445,
        "median": 434.193115234,
        "min": 431.443084717,
        "var": 0.835510909557
    },
    "hpcp": {
        "dmean": [0.13663162291, 0.117831028998, 0.160735324025, 0.134041115642, 0.0813561603427, 0.0756082385778, 0.0980771780014, 0.0901560038328, 0.107346326113, 0.0930034145713, 0.110251277685, 0.0834324508905],
        "dmean2": [0.256550520658, 0.221173629165, 0.295826613903, 0.250174343586, 0.15452440083, 0.139649420977, 0.186728700995, 0.168683543801, 0.201332911849, 0.168884441257, 0.199769571424, 0.155040338635],
        "dvar": [0.0791743770242, 0.0680455192924, 0.0837973505259, 0.0740767866373, 0.0509811006486, 0.0438022427261, 0.0675891786814, 0.0550762228668, 0.0669944137335, 0.050534285605, 0.0551452450454, 0.0453506521881],
        "dvar2": [0.225472211838, 0.178645297885, 0.220903292298, 0.19961245358, 0.143120586872, 0.11839659512, 0.181494772434, 0.146395891905, 0.186583995819, 0.144989728928, 0.144979372621, 0.126022949815],
        "max": [1, 1, 1, 1, 1, 1, 1, 1, 1, 1, 1, 1],
        "mean": [0.122818127275, 0.135224148631, 0.151448100805, 0.294268071651, 0.0583847090602, 0.0883694812655, 0.131974250078, 0.113393425941, 0.0811306238174, 0.0911014080048, 0.244316339493, 0.0728014409542],
        "median": [0.00848181266338, 0.00727542443201, 0.0198046620935, 0.0155583349988, 0.000742970849387, 0.00566590484232, 0.000492576276883, 0.00205645617098, 0.00141594512388, 0.00223225890659, 0.0274376217276, 0.00263215624727],
        "min": [0, 0, 0, 0, 0, 0, 0, 0, 0, 0, 0, 0],
        "var": [0.0734156742692, 0.0838051214814, 0.0819166973233, 0.174204826355, 0.0386478491127, 0.0563348010182, 0.10006916523, 0.0812864154577, 0.0555032417178, 0.0544934868813, 0.141541019082, 0.0412128716707]
    }
},
"lowlevel": {
    "melbands": {
        "dmean": [8.80811057868e-06, 0.000142743199831, 0.000369122630218, 0.00132184301037, 0.00150665629189, 0.000786155171227, 0.000269313837634, 0.000206540542422, 0.000112920548418, 7.50820181565e-05, 4.83964176965e-05, 3.66303502233e-05, 5.18746455782e-05, 2.62776793534e-05, 2.44163493335e-05, 1.89898564713e-05, 3.4436412534e-05, 2.07536031667e-05, 2.28708886425e-05, 6.84086626279e-06, 9.65053732216e-06, 8.89193051989e-06, 5.65297432331e-06, 6.83709913574e-06, 1.40542733789e-05, 1.31408323796e-05, 5.03883757119e-06, 2.69015913545e-06, 8.05767001566e-07, 5.19944705957e-07, 2.04961466466e-07, 4.00956885471e-08, 6.03766769913e-09, 1.46569867354e-09, 6.43277375811e-10, 2.66910993307e-10, 1.16053479327e-10, 6.87171014535e-11, 5.60475658939e-11, 2.88448310376e-11],
        "dmean2": [1.40679103424e-05, 0.000229586250498, 0.000641080143396, 0.0020507290028, 0.00233631161973, 0.00121402565856, 0.000387090898585, 0.000304077577312, 0.000152919514221, 9.57689844654e-05, 5.5500833696e-05, 4.59215443698e-05, 5.83701003052e-05, 3.22175001202e-05, 3.1825122278e-05, 2.63015772362e-05, 4.51683081337e-05, 3.017099516e-05, 3.36496668751e-05, 1.00760935311e-05, 1.46090169437e-05, 1.29758245748e-05, 7.69866073824e-06, 9.78075604507e-06, 1.9492365027e-05, 1.75525801751e-05, 7.30213969291e-06, 3.99109649152e-06, 1.168951826e-06, 7.10231745416e-07, 3.0687019148e-07, 5.67399922602e-08, 8.73105232557e-09, 2.2306816394e-09, 1.0191593125e-09, 4.09595191098e-10, 1.91425653107e-10, 1.265712396e-10, 1.0486123081e-10, 5.29585576781e-11],
        "dvar": [2.69371080996e-10, 4.92864877799e-08, 6.14288467204e-07, 7.03516752765e-06, 8.83395387064e-06, 2.20230413106e-06, 3.05155765545e-07, 2.6397202646e-07, 1.89339715462e-07, 1.37179625881e-07, 3.58839713499e-08, 2.47701574807e-08, 5.1124963818e-08, 1.15943690204e-08, 2.15702780082e-08, 2.99476421439e-09, 1.18010072825e-08, 2.74759970331e-09, 3.04921066174e-09, 2.91842355837e-10, 7.27280069501e-10, 6.57642884594e-10, 3.68433145104e-10, 3.58914981069e-10, 2.23729434978e-09, 2.2390715948e-09, 3.08624070744e-10, 1.28010671507e-10, 9.96701245842e-12, 1.09603394069e-11, 1.94619407395e-12, 7.42644471309e-14, 3.06783411507e-15, 4.76706635469e-17, 5.54135695616e-18, 1.54456706086e-18, 7.82102888084e-19, 7.98980681303e-19, 5.42060450995e-19, 1.60731241971e-20],
        "dvar2": [7.02222613391e-10, 1.21296011457e-07, 1.926520099e-06, 1.79066882993e-05, 2.35948864429e-05, 5.54130110686e-06, 5.62821071526e-07, 4.83688893382e-07, 3.34346623276e-07, 2.51930913464e-07, 4.63139393503e-08, 3.9140623187e-08, 6.54571650216e-08, 1.89996889333e-08, 4.20413783786e-08, 5.38653566196e-09, 1.95466345332e-08, 5.83488013461e-09, 6.24770857272e-09, 6.89985790725e-10, 1.74393310903e-09, 1.51458301456e-09, 6.80074552228e-10, 7.40019823198e-10, 4.18417345216e-09, 4.76959938212e-09, 7.43860029129e-10, 3.04265640461e-10, 2.12055911025e-11, 2.27544632442e-11, 4.29067762223e-12, 1.79870197512e-13, 6.63018427595e-15, 1.13602708927e-16, 1.30707043754e-17, 4.03099629517e-18, 2.22719289829e-18, 2.33903081903e-18, 1.58045274077e-18, 4.67027563252e-20],
        "max": [0.000394689879613, 0.00777950603515, 0.0155405029655, 0.100639656186, 0.0722597539425, 0.0186840221286, 0.0107809603214, 0.0117213279009, 0.0125901065767, 0.0111260134727, 0.00741693144664, 0.00427227746695, 0.00704225013033, 0.00341583765112, 0.00547926174477, 0.00190762348939, 0.00522375758737, 0.000979354954325, 0.00187283591367, 0.000440867792349, 0.000464818062028, 0.000561416498385, 0.000449097220553, 0.00047892157454, 0.00181529996917, 0.00137249729596, 0.000465374905616, 0.000267542607617, 0.000102871366835, 0.000152585460455, 5.56287341169e-05, 9.93740195554e-06, 2.46487638833e-06, 2.13967680907e-07, 6.34972394664e-08, 3.44784716333e-08, 2.80415459741e-08, 2.97544069383e-08, 2.44776838798e-08, 3.70852659692e-09],
        "mean": [1.22632254715e-05, 0.000247154093813, 0.000580243300647, 0.00313521036878, 0.00349601102062, 0.00170971208718, 0.000679604243487, 0.000539604050573, 0.000285651447484, 0.000171588471858, 0.000156165246153, 8.98701837286e-05, 0.00014587341866, 6.24152526143e-05, 4.75031956739e-05, 4.08936757594e-05, 7.80527261668e-05, 4.05153004976e-05, 5.23694943695e-05, 1.53607852553e-05, 1.76054873009e-05, 1.56102905748e-05, 1.02156054709e-05, 1.37890619953e-05, 2.95191020996e-05, 3.15949728247e-05, 9.05975593923e-06, 4.41110205429e-06, 1.52819768573e-06, 9.31361398671e-07, 3.62644584584e-07, 6.40544115527e-08, 1.08751443406e-08, 2.65450816883e-09, 1.22822363391e-09, 4.32758190394e-10, 1.43967296418e-10, 5.22730192465e-11, 3.83079262756e-11, 2.24355967832e-11],
        "median": [5.9600597524e-06, 0.000115513597848, 0.000231602200074, 0.00100601208396, 0.00147059489973, 0.000801342888735, 0.000284749083221, 0.000143940778798, 5.93271688558e-05, 1.318177965e-05, 1.04685532278e-05, 5.92674678046e-06, 8.22805304779e-06, 7.61324190535e-06, 6.01251440457e-06, 7.05269758328e-06, 1.4229167391e-05, 1.04927476059e-05, 1.35531990963e-05, 3.97711391997e-06, 4.15218210037e-06, 3.56696500603e-06, 1.60151171258e-06, 2.33664877669e-06, 4.72138799523e-06, 4.00614271712e-06, 1.36391497563e-06, 4.1358720182e-07, 1.13711848826e-07, 4.54344686318e-08, 1.36040050336e-08, 3.71740860317e-09, 1.49725354337e-09, 8.56110626835e-10, 5.20065823739e-10, 1.32900718208e-10, 1.5080520166e-11, 1.0119039287e-11, 6.61208067465e-12, 5.61587235048e-12],
        "min": [2.55664597123e-23, 2.01473986565e-23, 1.10489735874e-23, 8.66320577454e-24, 8.13125477805e-24, 6.42411008091e-24, 3.07442800035e-24, 4.09446064954e-24, 3.95046000775e-24, 1.5239776636e-23, 2.37131761659e-23, 9.38998884855e-24, 1.88858728073e-23, 1.52638148055e-23, 1.27498058196e-23, 3.96760905497e-23, 1.09495684359e-23, 1.70022023388e-23, 9.94088986171e-24, 1.52079350544e-23, 1.0667070246e-23, 1.21902423248e-23, 2.59764685901e-23, 1.58566579753e-23, 3.62412765724e-23, 2.70456291298e-23, 1.0670989307e-23, 3.99214767783e-23, 3.86240435584e-23, 1.96201177166e-23, 3.51420462326e-23, 4.55420507746e-23, 2.63915703538e-23, 2.09121251512e-23, 4.08374168645e-23, 1.92944159815e-23, 2.24197961133e-23, 1.93787594118e-23, 1.83597309825e-23, 1.52902826666e-23],
        "var": [5.53852463892e-10, 3.3374996633e-07, 1.23383495065e-06, 4.32364213339e-05, 2.72953693639e-05, 5.05343177792e-06, 1.11993404062e-06, 1.23445954614e-06, 8.31346596897e-07, 3.47256815303e-07, 2.88000421733e-07, 1.35406793333e-07, 3.39052064646e-07, 5.28989083648e-08, 4.91211373799e-08, 1.25212924473e-08, 9.41795192944e-08, 7.81795961302e-09, 1.3412452482e-08, 8.96789587035e-10, 1.41670108977e-09, 1.3830233625e-09, 9.01410501797e-10, 1.27803712058e-09, 8.13044920278e-09, 1.01285939635e-08, 5.82810355532e-10, 2.21089285768e-10, 3.44292962196e-11, 3.33036133393e-11, 5.83244867333e-12, 1.25790138939e-13, 9.58701197042e-15, 1.1891916416e-16, 1.17716594096e-17, 1.95253026422e-18, 6.38847717097e-19, 4.34603744064e-19, 2.98788571548e-19, 1.0144716708e-20]
    },
    "mfcc": {
        "dmean": [16.5915088654, 8.11155700684, 11.5526218414, 8.11335849762, 7.63159751892, 6.89865398407, 6.49204444885, 6.6949262619, 6.15240430832, 6.10149145126, 6.04863071442, 5.8034954071, 5.52786874771],
        "dmean2": [19.1541748047, 11.9573726654, 15.4900751114, 11.3420877457, 11.168299675, 10.489405632, 9.98899459839, 10.0673627853, 9.56422901154, 9.58244991302, 9.29110813141, 9.00478553772, 8.73600482941],
        "dvar": [561.78314209, 61.9172134399, 191.996292114, 50.3371696472, 40.4916534424, 36.2802658081, 29.1776790619, 33.2315864563, 25.0282077789, 25.1930179596, 24.8021087646, 22.2346954346, 20.0997200012],
        "dvar2": [712.542480469, 104.126533508, 284.100769043, 89.6667022705, 82.6687545776, 77.1796875, 71.7080841064, 70.5125579834, 57.72315979, 61.4476509094, 56.0477371216, 53.3287887573, 48.2138748169],
        "max": [-611.954772949, 286.859527588, 109.921691895, 146.353424072, 65.1742095947, 38.3105163574, 49.2153701782, 24.1485691071, 23.3890724182, 35.9926834106, 22.3907814026, 27.5616016388, 28.2063865662],
        "mean": [-753.186340332, 218.974624634, -49.6045455933, 41.3910446167, 5.80911493301, -25.7583255768, -5.38298559189, -33.0633964539, -24.2585353851, -7.1018743515, -11.145403862, -14.1881923676, -7.27692222595],
        "median": [-741.465637207, 221.134399414, -58.229473114, 40.8740119934, 9.23844909668, -25.676235199, -4.95176315308, -35.3909454346, -24.4670944214, -6.12275695801, -9.88592338562, -13.8517456055, -7.02365493774],
        "min": [-1138.42004395, 1.14440917969e-05, -138.305007935, -25.1541213989, -72.6875762939, -85.4742431641, -43.0299530029, -82.2644958496, -64.2349014282, -62.4901657104, -67.748664856, -59.3109703064, -41.7927513123],
        "var": [5032.74023438, 722.094970703, 2053.8894043, 693.677062988, 524.114074707, 350.245300293, 145.30947876, 269.52456665, 139.546157837, 203.31652832, 154.709503174, 112.581916809, 116.571052551],
        "cov": [[5034.68359375, 49.1441917419, -2905.42431641, 898.617004395, -868.70703125, -629.304748535, 214.919708252, -294.432800293, 8.52074241638, -179.363265991, -55.0144615173, -16.5514144897, -138.013397217], [49.1441917419, 722.373718262, 306.469390869, -398.559539795, 62.1654319763, -117.355621338, -46.1491203308, 137.732711792, -44.6658706665, -30.3819980621, -32.5146255493, -26.8952217102, -24.3173332214], [-2905.42431641, 306.469390869, 2054.68237305, -576.424072266, 448.65637207, 366.85559082, -163.218490601, 206.515533447, -4.67986774445, 57.1531486511, 18.8173904419, -0.918803095818, 45.3232955933], [898.617004395, -398.559539795, -576.424072266, 693.944885254, -51.4034576416, -51.4822387695, 51.1536750793, -241.950408936, -3.93851399422, 9.35732841492, -29.995016098, 0.698118150234, -11.9908742905], [-868.70703125, 62.1654319763, 448.65637207, -51.4034576416, 524.31640625, 195.483886719, -80.4865951538, -33.0551185608, -64.5856018066, 127.967964172, 17.6052055359, -18.9809780121, 66.1618728638], [-629.304748535, -117.355621338, 366.85559082, -51.4822387695, 195.483886719, 350.380523682, 2.36959552765, -51.2507858276, 22.9609909058, 68.9838790894, 70.1470413208, 26.146522522, 38.4011154175], [214.919708252, -46.1491203308, -163.218490601, 51.1536750793, -80.4865951538, 2.36959552765, 145.365570068, 26.0968379974, -9.53213310242, 1.39986467361, 1.30775368214, 17.0361595154, 3.63222026825], [-294.432800293, 137.732711792, 206.515533447, -241.950408936, -33.0551185608, -51.2507858276, 26.0968379974, 269.628631592, 54.7448768616, -78.9103240967, 0.186884015799, 1.5744946003, -11.1003608704], [8.52074241638, -44.6658706665, -4.67986774445, -3.93851399422, -64.5856018066, 22.9609909058, -9.53213310242, 54.7448768616, 139.600036621, -11.1757469177, -18.6118736267, 17.8911094666, -10.2515096664], [-179.363265991, -30.3819980621, 57.1531486511, 9.35732841492, 127.967964172, 68.9838790894, 1.39986467361, -78.9103240967, -11.1757469177, 203.39503479, 69.3959884644, -30.3919067383, 46.6079559326], [-55.0144615173, -32.5146255493, 18.8173904419, -29.995016098, 17.6052055359, 70.1470413208, 1.30775368214, 0.186884015799, -18.6118736267, 69.3959884644, 154.769226074, 34.1476593018, 0.181615874171], [-16.5514144897, -26.8952217102, -0.918803095818, 0.698118150234, -18.9809780121, 26.146522522, 17.0361595154, 1.5744946003, 17.8911094666, -30.3919067383, 34.1476593018, 112.625389099, 30.6691093445], [-138.013397217, -24.3173332214, 45.3232955933, -11.9908742905, 66.1618728638, 38.4011154175, 3.63222026825, -11.1003608704, -10.2515096664, 46.6079559326, 0.181615874171, 30.6691093445, 116.61605835]],
        "icov": [[0.0758953168988, -0.104999437928, 0.103757992387, -0.0977443307638, 0.0924746692181, -0.0845956727862, 0.0753004997969, -0.0651833862066, 0.0538406521082, -0.041291937232, 0.0298796351999, -0.0193859487772, 0.0106792952865], [-0.104999437928, 0.147962704301, -0.143820762634, 0.137203723192, -0.129137456417, 0.119283825159, -0.105432406068, 0.0916944593191, -0.0752338767052, 0.0583143085241, -0.0419900342822, 0.027452096343, -0.0144832860678], [0.103757992387, -0.143820762634, 0.143103271723, -0.133823737502, 0.12698571384, -0.117981903255, 0.105479322374, -0.0917656049132, 0.0758466050029, -0.0586185157299, 0.0431908927858, -0.0282072238624, 0.0156601667404], [-0.0977443307638, 0.137203723192, -0.133823737502, 0.130947485566, -0.122056744993, 0.113251633942, -0.102020218968, 0.0910061746836, -0.0743559971452, 0.0582283399999, -0.0422171913087, 0.0281910542399, -0.014954273589], [0.0924746692181, -0.129137456417, 0.12698571384, -0.122056744993, 0.119578920305, -0.109698168933, 0.0994733870029, -0.0871754288673, 0.0740700215101, -0.0588759332895, 0.043634518981, -0.02863211371, 0.0149986036122], [-0.0845956727862, 0.119283825159, -0.117981903255, 0.113251633942, -0.109698168933, 0.107516609132, -0.0950793251395, 0.0853894799948, -0.0722109377384, 0.0569793768227, -0.0449003875256, 0.0290891770273, -0.0165245067328], [0.0753004997969, -0.105432406068, 0.105479322374, -0.102020218968, 0.0994733870029, -0.0950793251395, 0.0953570380807, -0.0807974785566, 0.0685478672385, -0.0558091066778, 0.0430623628199, -0.0304755736142, 0.0161378644407], [-0.0651833862066, 0.0916944593191, -0.0917656049132, 0.0910061746836, -0.0871754288673, 0.0853894799948, -0.0807974785566, 0.0789400562644, -0.0642527267337, 0.0536757968366, -0.0415633134544, 0.0293632205576, -0.0163877829909], [0.0538406521082, -0.0752338767052, 0.0758466050029, -0.0743559971452, 0.0740700215101, -0.0722109377384, 0.0685478672385, -0.0642527267337, 0.0622124671936, -0.0461896918714, 0.0376699529588, -0.0271668024361, 0.0154276480898], [-0.041291937232, 0.0583143085241, -0.0586185157299, 0.0582283399999, -0.0588759332895, 0.0569793768227, -0.0558091066778, 0.0536757968366, -0.0461896918714, 0.0472224019468, -0.0353631936014, 0.0268232468516, -0.0163843072951], [0.0298796351999, -0.0419900342822, 0.0431908927858, -0.0422171913087, 0.043634518981, -0.0449003875256, 0.0430623628199, -0.0415633134544, 0.0376699529588, -0.0353631936014, 0.0353811047971, -0.023159917444, 0.0136917838827], [-0.0193859487772, 0.027452096343, -0.0282072238624, 0.0281910542399, -0.02863211371, 0.0290891770273, -0.0304755736142, 0.0293632205576, -0.0271668024361, 0.0268232468516, -0.023159917444, 0.026946451515, -0.0131066022441], [0.0106792952865, -0.0144832860678, 0.0156601667404, -0.014954273589, 0.0149986036122, -0.0165245067328, 0.0161378644407, -0.0163877829909, 0.0154276480898, -0.0163843072951, 0.0136917838827, -0.0131066022441, 0.0167693886906]]
    }
}

}