{
"metadata": {
    "version": {
        "essentia": "2.0.1",
        "extractor": "archive-music 1.0 mod ismir14"
    },
    "audio_properties": {
        "analysis_sample_rate": 44100,
        "bitrate": 128,
        "channels": 2,
        "equal_loudness": 0,
        "length": 30.0669155121,
        "replay_gain": -14.8304538727,
        "downmix": "mix"
    },
    "tags": {
        "track": 0,
        "year": 0,
        "album": "",
        "artist": "",
        "comment": "",
        "genre": "",
        "title": ""
    }
},
"rhythm": {
    "bpm": 109.229476929,
    "bpm_histogram_first_peak": 110,
    "bpm_histogram_first_peak_spread": 0.471698105335,
    "bpm_histogram_first_peak_weight": 0.528301894665,
    "bpm_histogram_second_peak": 0,
    "bpm_histogram_second_peak_spread": 0,
    "bpm_histogram_second_peak_weight": 0
},
"tonal": {
    "tuning_frequency": {
        "dmean": 0.024149114266,
        "dmean2": 0.0477289035916,
        "dvar": 0.214905425906,
        "dvar2": 0.758803367615,
        "max": 445.627075195,
        "mean": 434.266174316,
        "median": 434.193115234,
        "min": 432.441040039,
        "var": 0.259267747402
    },
    "hpcp": {
        "dmean": [0.150024831295, 0.19045342505, 0.254153251648, 0.285863369703, 0.216286018491, 0.154850244522, 0.120218753815, 0.140444889665, 0.208936303854, 0.114104226232, 0.129108861089, 0.144881889224],
        "dmean2": [0.285250961781, 0.364107131958, 0.491049349308, 0.54528605938, 0.415587067604, 0.286613643169, 0.225392624736, 0.263009190559, 0.391657501459, 0.217515483499, 0.246053889394, 0.280162781477],
        "dvar": [0.0829518437386, 0.116361707449, 0.149468556046, 0.147743985057, 0.12659676373, 0.0856601819396, 0.0719323158264, 0.0797768458724, 0.101830288768, 0.0712886527181, 0.0776641145349, 0.0901912227273],
        "dvar2": [0.229161903262, 0.31782656908, 0.40733063221, 0.386761635542, 0.332348704338, 0.230215579271, 0.196470558643, 0.219699144363, 0.279188603163, 0.20680129528, 0.231649488211, 0.251792758703],
        "max": [1, 1, 1, 1, 1, 1, 1, 1, 1, 1, 1, 1],
        "mean": [0.115374669433, 0.129355117679, 0.18274782598, 0.246223121881, 0.148338332772, 0.131221011281, 0.0908038020134, 0.121054448187, 0.22194005549, 0.072320997715, 0.0949124395847, 0.0921072438359],
        "median": [0.00717409467325, 0.00345673784614, 0.00581581657752, 0.0220539178699, 0.00303751160391, 0.00938713736832, 0.00241341697983, 0.00478983856738, 0.0235923547298, 0.00205843732692, 0.00467005139217, 0.00308333942667],
        "min": [0, 0, 0, 0, 0, 0, 0, 0, 0, 0, 0, 0],
        "var": [0.0675358623266, 0.0858033373952, 0.122679144144, 0.144219309092, 0.100026316941, 0.0783829689026, 0.0584485605359, 0.0752448365092, 0.123917303979, 0.0458722487092, 0.0577284097672, 0.0601677559316]
    }
},
"lowlevel": {
    "melbands": {
        "dmean": [0.00175345188472, 0.00553488265723, 0.00511843059212, 0.00214472366497, 0.000916056858841, 0.000600898521952, 0.000357375945896, 0.000332339608576, 0.00043273952906, 0.000322031031828, 7.39740862628e-05, 8.61422158778e-05, 5.66050402995e-05, 5.03967785335e-05, 5.56445884285e-05, 5.69199728488e-05, 6.24204767519e-05, 4.99773086631e-05, 2.64117934421e-05, 5.22355949215e-05, 2.43353133556e-05, 1.67245925695e-05, 2.00599588425e-05, 1.16587862067e-05, 6.57104192214e-06, 4.62503021481e-06, 2.58887189375e-06, 1.81067446192e-06, 1.9516098746e-06, 1.45335616253e-06, 1.21565244626e-06, 1.16881631129e-06, 1.06843731373e-06, 7.06576429366e-07, 6.26324379027e-07, 4.16890060251e-07, 2.23322970783e-07, 6.27754772609e-08, 1.43458276369e-08, 1.02935693302e-09],
        "dmean2": [0.00289608235471, 0.00933542475104, 0.00853108242154, 0.00353826954961, 0.00150668353308, 0.00104525196366, 0.000608244910836, 0.000503177870996, 0.000628214736935, 0.000474221655168, 0.000108774329419, 0.000127790379338, 8.48243143992e-05, 7.34397326596e-05, 8.12371799839e-05, 8.404518303e-05, 9.87320890999e-05, 7.55779255996e-05, 3.90018540202e-05, 7.74884538259e-05, 3.73848197341e-05, 2.60186880041e-05, 3.14591015922e-05, 1.89203092305e-05, 1.04626624307e-05, 7.43048303775e-06, 4.25978578278e-06, 2.98530062537e-06, 3.16877390105e-06, 2.3933898774e-06, 1.91785102288e-06, 1.89706975107e-06, 1.71918259184e-06, 1.0696226127e-06, 9.89802401818e-07, 6.41767826437e-07, 3.44877065572e-07, 9.13406807967e-08, 2.13388915427e-08, 1.50377199581e-09],
        "dvar": [1.86020170077e-05, 4.36706613982e-05, 2.83905847027e-05, 8.26908399176e-06, 1.63325989888e-06, 9.89142108665e-07, 3.05383395016e-07, 4.19906200477e-07, 7.76485080678e-07, 6.45764089313e-07, 3.03141263203e-08, 6.22021190111e-08, 2.31004317897e-08, 2.25010854393e-08, 2.734507909e-08, 2.46464573195e-08, 3.11864738478e-08, 1.56455506328e-08, 4.69300021066e-09, 4.92194480728e-08, 3.24387783301e-09, 1.72641245744e-09, 2.76866929383e-09, 8.79563477607e-10, 1.6849383e-10, 1.68064145933e-10, 3.61342067379e-11, 2.02888348483e-11, 2.21131047501e-11, 1.6381574916e-11, 1.08880517449e-11, 1.09266961798e-11, 9.77066431235e-12, 4.31168902665e-12, 6.82006231004e-12, 4.24108664854e-12, 2.8817768484e-12, 9.15427672901e-14, 4.26196994092e-15, 3.42142878652e-17],
        "dvar2": [3.87689688068e-05, 0.000131488937768, 8.22649453767e-05, 2.08945366467e-05, 4.29745978181e-06, 3.07078062178e-06, 8.56434724028e-07, 8.77183765624e-07, 1.54045596901e-06, 1.20467905163e-06, 5.80778838355e-08, 1.18311781705e-07, 4.69647680745e-08, 4.46995862546e-08, 5.08496924567e-08, 5.4865285648e-08, 8.03734963029e-08, 3.54507463385e-08, 9.9786365837e-09, 1.18684084782e-07, 7.44768957617e-09, 4.33884883577e-09, 7.59879714707e-09, 2.47562992328e-09, 4.22885532148e-10, 4.46373965568e-10, 8.9046096885e-11, 5.15994642847e-11, 5.76888294079e-11, 4.05953083649e-11, 2.46091931555e-11, 2.7171414424e-11, 2.41310686711e-11, 9.53903969703e-12, 1.56193964013e-11, 1.07846917161e-11, 6.90076207982e-12, 1.84386414557e-13, 9.59123697076e-15, 6.11631109207e-17],
        "max": [0.0662614405155, 0.0679539442062, 0.0457674488425, 0.0329673439264, 0.0127671267837, 0.0125248432159, 0.00730203883722, 0.0125694032758, 0.0217279139906, 0.0183659344912, 0.007500694599, 0.00883627962321, 0.00461541721597, 0.0039810766466, 0.00394486123696, 0.0029295226559, 0.00340451672673, 0.00266506453045, 0.00125111290254, 0.00633702706546, 0.00129613676108, 0.00109592697117, 0.00121836923063, 0.000540351436939, 0.000186995428521, 0.000353246432496, 9.38835801207e-05, 7.73113715695e-05, 8.22008441901e-05, 7.72444691393e-05, 9.7394506156e-05, 7.65842487453e-05, 8.30930803204e-05, 5.85084708291e-05, 0.000105766899651, 9.79592005024e-05, 7.56602385081e-05, 1.6194759155e-05, 3.01277236758e-06, 2.23211088723e-07],
        "mean": [0.00232580443844, 0.00916805490851, 0.00808169413358, 0.00314808916301, 0.00136281980667, 0.00102861202322, 0.000621208222583, 0.000706715567503, 0.000929907546379, 0.000726090569515, 0.000169828141225, 0.000156936439453, 0.000109360604256, 0.000104558450403, 0.000103171594674, 0.000107190084236, 0.000100010853203, 9.60766483331e-05, 5.45456787222e-05, 0.000105711587821, 4.73909822176e-05, 3.16971127177e-05, 4.22346165578e-05, 2.52813752013e-05, 1.24982252601e-05, 8.06083789939e-06, 4.57215446659e-06, 3.24735287904e-06, 3.55620181836e-06, 2.59311946138e-06, 2.1755445232e-06, 2.16006674236e-06, 2.01540797207e-06, 1.42932969993e-06, 1.1626586911e-06, 7.60467457894e-07, 4.30729272693e-07, 1.26332807326e-07, 2.65850328418e-08, 1.22117882473e-09],
        "median": [0.00109941523988, 0.00741553772241, 0.00644673034549, 0.00212787487544, 0.000780610425863, 0.000358050921932, 0.000277656916296, 0.00022613958572, 0.000217200082261, 0.000136623566505, 4.92549370392e-05, 3.92165748053e-05, 2.8302638384e-05, 1.99631358555e-05, 2.21284935833e-05, 2.02208357223e-05, 1.88772537513e-05, 1.97992467292e-05, 1.34097354021e-05, 1.22623378047e-05, 1.13500718726e-05, 1.10175597001e-05, 7.96718086349e-06, 5.12815358888e-06, 3.85791281587e-06, 2.56130783782e-06, 1.40633267165e-06, 9.07081982859e-07, 8.81606524672e-07, 5.04664797063e-07, 3.85900108313e-07, 3.7086095972e-07, 3.34711160122e-07, 2.67384535846e-07, 1.93618348021e-07, 1.41581040225e-07, 7.7877174931e-08, 2.14962891931e-08, 4.37605818249e-09, 8.11733250061e-11],
        "min": [1.02393159056e-12, 1.25074907029e-12, 1.45889891964e-13, 2.34562694788e-13, 9.69043747155e-13, 5.21263208379e-13, 8.61970217425e-13, 2.50688521591e-13, 8.1896354932e-13, 3.28054033591e-12, 7.25377874086e-13, 6.58781162217e-14, 1.38378010764e-13, 1.50974474892e-13, 3.7583513233e-13, 8.13794507042e-13, 1.76734007203e-13, 2.22319111363e-13, 4.53364457792e-14, 1.71561387059e-13, 8.79521539691e-14, 1.2850069858e-13, 2.52051743192e-13, 9.20896049846e-14, 3.81911604392e-14, 7.86811479685e-14, 5.85560571385e-13, 7.67129212259e-14, 1.70827724389e-14, 7.04098034759e-14, 4.85045624542e-14, 5.24543041923e-14, 3.12222138063e-14, 6.21656114715e-14, 5.26234058499e-14, 9.72608834291e-14, 1.36040186277e-13, 8.19319248948e-14, 1.88429204558e-14, 5.18444641872e-15],
        "var": [2.85837486445e-05, 6.32021765341e-05, 4.4086624257e-05, 1.17047538879e-05, 2.57128226622e-06, 2.41233192355e-06, 7.62242052588e-07, 1.78259995209e-06, 3.25443534166e-06, 3.39003349836e-06, 1.83796529996e-07, 2.25083809369e-07, 9.26758048081e-08, 7.05252176658e-08, 8.58017514815e-08, 7.15149610642e-08, 6.09735124613e-08, 6.20545534957e-08, 1.52992356561e-08, 1.87300756238e-07, 1.1391795951e-08, 3.11265346831e-09, 1.05044755117e-08, 3.21389270752e-09, 4.55308901692e-10, 2.47428633138e-10, 7.0659963991e-11, 4.24502759333e-11, 5.21287943367e-11, 3.41397916881e-11, 2.6027235922e-11, 2.67694269529e-11, 2.60055137147e-11, 1.41210949184e-11, 1.89447398741e-11, 1.24525372652e-11, 7.04429960544e-12, 3.36217517586e-13, 1.24859305634e-14, 5.84398007336e-17]
    },
    "mfcc": {
        "dmean": [13.0729217529, 9.29998970032, 8.56035041809, 7.95219516754, 7.42815494537, 7.17911911011, 7.10052537918, 6.819480896, 6.58768606186, 6.69784164429, 6.6363697052, 6.3305811882, 6.11093473434],
        "dmean2": [16.8964996338, 13.7770586014, 12.972202301, 12.5320062637, 11.7105512619, 11.315618515, 11.4710760117, 11.1419258118, 10.7410726547, 10.7904281616, 10.864358902, 10.2832946777, 10.0003786087],
        "dvar": [368.155029297, 104.838562012, 56.2232933044, 49.0172767639, 38.10389328, 34.6857948303, 31.9059906006, 30.6414718628, 28.9222221375, 28.2513179779, 28.6385955811, 24.7845535278, 23.6570720673],
        "dvar2": [485.659179688, 176.356048584, 113.735588074, 114.787071228, 86.3427047729, 81.7768936157, 80.6250457764, 77.8066253662, 72.5426025391, 73.4995803833, 74.3123703003, 64.2468795776, 64.9228439331],
        "max": [-507.368103027, 271.568450928, 121.504592896, 119.188690186, 64.4588470459, 61.3630828857, 25.6861038208, 60.8700561523, 21.7647743225, 54.1913452148, 39.5101890564, 47.3656234741, 27.62525177],
        "mean": [-655.966186523, 188.15737915, -8.43184375763, 47.0319480896, 2.26903820038, 17.3232517242, -16.4453392029, 13.8317747116, -9.50282764435, 8.33000087738, -5.27927541733, 2.92190289497, -10.5049333572],
        "median": [-641.222473145, 189.96005249, -9.46742248535, 46.3624343872, 2.20320129395, 18.1911087036, -15.4992904663, 14.6114788055, -9.10606384277, 7.69348144531, -6.05943870544, 2.49448013306, -10.4872741699],
        "min": [-1138.42004395, 1.14440917969e-05, -112.239929199, -38.4361877441, -52.0573425293, -37.932559967, -70.5462875366, -37.5095367432, -53.252872467, -33.0898284912, -43.9815673828, -35.886516571, -45.0798950195],
        "var": [5564.48828125, 1281.03112793, 1151.60339355, 548.08026123, 362.072113037, 268.741607666, 256.423156738, 176.379180908, 117.295700073, 181.522064209, 128.99382019, 98.4072113037, 97.2762298584],
        "cov": [[5566.63671875, -1268.5324707, -1039.08984375, 116.104248047, -643.890380859, 234.256591797, -506.721679688, 295.854187012, -239.522171021, 275.136016846, -144.31477356, 144.649414062, -189.599533081], [-1268.5324707, 1281.52575684, -247.212936401, -371.699890137, 173.066131592, -239.222412109, 219.65977478, -137.841583252, 84.1637268066, -60.3231658936, 151.784393311, -62.4613609314, 73.1656799316], [-1039.08984375, -247.212936401, 1152.04797363, 290.726470947, -13.4047374725, 232.124588013, 117.549781799, 53.1357765198, -12.1363010406, -66.8583221436, -72.9033660889, -0.33743724227, 3.94387960434], [116.104248047, -371.699890137, 290.726470947, 548.291870117, 94.5306472778, 63.0409088135, -130.264938354, 43.9639968872, 19.2963314056, -59.245891571, -88.1749725342, 6.1721405983, 4.88658285141], [-643.890380859, 173.066131592, -13.4047374725, 94.5306472778, 362.211883545, -70.8614654541, -2.71965408325, -25.3656616211, 48.3003997803, -15.280591011, 10.2361164093, 0.66483771801, 19.4866714478], [234.256591797, -239.222412109, 232.124588013, 63.0409088135, -70.8614654541, 268.845367432, 42.8933601379, 31.4791297913, -24.8790645599, 18.3218326569, -22.4275989532, 8.12830543518, -22.4431400299], [-506.721679688, 219.65977478, 117.549781799, -130.264938354, -2.71965408325, 42.8933601379, 256.522155762, -0.211323007941, -4.04802036285, 4.20913887024, 45.682762146, -6.82156896591, 6.53079128265], [295.854187012, -137.841583252, 53.1357765198, 43.9639968872, -25.3656616211, 31.4791297913, -0.211323007941, 176.447280884, -10.5020589828, 22.9892539978, -12.318520546, 29.4900875092, -21.3901748657], [-239.522171021, 84.1637268066, -12.1363010406, 19.2963314056, 48.3003997803, -24.8790645599, -4.04802036285, -10.5020589828, 117.340988159, 7.36527204514, 1.19962227345, -11.5507526398, 8.57017326355], [275.136016846, -60.3231658936, -66.8583221436, -59.245891571, -15.280591011, 18.3218326569, 4.20913887024, 22.9892539978, 7.36527204514, 181.592147827, 51.3157997131, 2.68993711472, -41.7767906189], [-144.31477356, 151.784393311, -72.9033660889, -88.1749725342, 10.2361164093, -22.4275989532, 45.682762146, -12.318520546, 1.19962227345, 51.3157997131, 129.043624878, 12.3876504898, -4.2939119339], [144.649414062, -62.4613609314, -0.33743724227, 6.1721405983, 0.66483771801, 8.12830543518, -6.82156896591, 29.4900875092, -11.5507526398, 2.68993711472, 12.3876504898, 98.4452133179, 19.5909442902], [-189.599533081, 73.1656799316, 3.94387960434, 4.88658285141, 19.4866714478, -22.4431400299, 6.53079128265, -21.3901748657, 8.57017326355, -41.7767906189, -4.2939119339, 19.5909442902, 97.3137893677]],
        "icov": [[0.000907995388843, -2.23675342568e-05, 0.00114267878234, -0.000601451203693, 0.00130539981183, -0.00100199505687, 0.000956291332841, -0.000818953209091, 0.00119440048002, -0.00104308337905, 0.00110995303839, -0.00103916646913, 0.000738304224797], [-2.23675342568e-05, 0.00197964650579, -1.0829950952e-05, 0.000927705666982, -0.000728202750906, 0.00112217746209, -0.00116286927368, 0.000464146636659, -0.000967012660112, 0.00107973534614, -0.00157002476044, 0.00112532649655, -0.00074057339225], [0.00114267878234, -1.0829950952e-05, 0.00280415266752, -0.00153610517737, 0.00172561267391, -0.00206065224484, 0.000249472359428, -0.00111488241237, 0.00150615919847, -0.00103401031811, 0.00168130476959, -0.00124879786745, 0.000864408852067], [-0.000601451203693, 0.000927705666982, -0.00153610517737, 0.00398044474423, -0.00212582643144, 0.000618279154878, 0.000744123535696, 0.00011087909661, -0.00158238736913, 0.00172773341183, -0.000707346771378, 0.00122671865392, -0.000861333159264], [0.00130539981183, -0.000728202750906, 0.00172561267391, -0.00212582643144, 0.00549840927124, -0.000887220259756, 0.00119188136887, -0.000874243502039, 0.00103135837708, -0.00187229760922, 0.00172161788214, -0.00213586073369, 0.00116120954044], [-0.00100199505687, 0.00112217746209, -0.00206065224484, 0.000618279154878, -0.000887220259756, 0.0069340323098, -0.00261262850836, 0.00115862919483, -0.00121486280113, 0.000785228505265, -0.00129183777608, 0.00111685856245, -0.000374378461856], [0.000956291332841, -0.00116286927368, 0.000249472359428, 0.000744123535696, 0.00119188136887, -0.00261262850836, 0.00745404139161, -0.00164727575611, 0.0016937184846, -0.00110533717088, 0.000269252894213, -0.000886105583049, 0.000553052173927], [-0.000818953209091, 0.000464146636659, -0.00111488241237, 0.00011087909661, -0.000874243502039, 0.00115862919483, -0.00164727575611, 0.00754231028259, -0.00109963829163, 0.000257349282037, -0.000393415190047, -0.00120989407878, 0.000739259063266], [0.00119440048002, -0.000967012660112, 0.00150615919847, -0.00158238736913, 0.00103135837708, -0.00121486280113, 0.0016937184846, -0.00109963829163, 0.0114211514592, -0.00284356065094, 0.00234004040249, -0.00064802414272, 0.000237619620748], [-0.00104308337905, 0.00107973534614, -0.00103401031811, 0.00172773341183, -0.00187229760922, 0.000785228505265, -0.00110533717088, 0.000257349282037, -0.00284356065094, 0.00918678194284, -0.00487547880039, 0.00164091435727, 0.00144667096902], [0.00110995303839, -0.00157002476044, 0.00168130476959, -0.000707346771378, 0.00172161788214, -0.00129183777608, 0.000269252894213, -0.000393415190047, 0.00234004040249, -0.00487547880039, 0.0131574301049, -0.00391830038279, 0.00163340300787], [-0.00103916646913, 0.00112532649655, -0.00124879786745, 0.00122671865392, -0.00213586073369, 0.00111685856245, -0.000886105583049, -0.00120989407878, -0.00064802414272, 0.00164091435727, -0.00391830038279, 0.0138280913234, -0.00459812255576], [0.000738304224797, -0.00074057339225, 0.000864408852067, -0.000861333159264, 0.00116120954044, -0.000374378461856, 0.000553052173927, 0.000739259063266, 0.000237619620748, 0.00144667096902, 0.00163340300787, -0.00459812255576, 0.013683911413]]
    }
}

}