{
"metadata": {
    "version": {
        "essentia": "2.0.1",
        "extractor": "archive-music 1.0 mod ismir14"
    },
    "audio_properties": {
        "analysis_sample_rate": 44100,
        "bitrate": 128,
        "channels": 2,
        "equal_loudness": 0,
        "length": 30.0669155121,
        "replay_gain": -12.9652671814,
        "downmix": "mix"
    },
    "tags": {
        "track": 0,
        "year": 0,
        "album": "",
        "artist": "",
        "comment": "",
        "genre": "",
        "title": ""
    }
},
"rhythm": {
    "bpm": 88.2881317139,
    "bpm_histogram_first_peak": 89,
    "bpm_histogram_first_peak_spread": 0.309523820877,
    "bpm_histogram_first_peak_weight": 0.674418628216,
    "bpm_histogram_second_peak": 94,
    "bpm_histogram_second_peak_spread": 0,
    "bpm_histogram_second_peak_weight": 0.0232558138669
},
"tonal": {
    "tuning_frequency": {
        "dmean": 0.0570210106671,
        "dmean2": 0.106173813343,
        "dvar": 0.898322999477,
        "dvar2": 1.99701189995,
        "max": 456.04309082,
        "mean": 434.862060547,
        "median": 433.691802979,
        "min": 432.690917969,
        "var": 23.1146831512
    },
    "hpcp": {
        "dmean": [0.182176977396, 0.161445185542, 0.169914752245, 0.175927862525, 0.140754878521, 0.152781873941, 0.237711966038, 0.2906075418, 0.258747369051, 0.203978732228, 0.269499033689, 0.242537125945],
        "dmean2": [0.336897909641, 0.302834481001, 0.315637022257, 0.321054846048, 0.262590199709, 0.282557308674, 0.435605674982, 0.535364747047, 0.474552035332, 0.381310075521, 0.485805034637, 0.457883149385],
        "dvar": [0.0778155550361, 0.0767424926162, 0.0859868898988, 0.0808442309499, 0.0672781839967, 0.0677483454347, 0.0933689698577, 0.110521152616, 0.104338653386, 0.0920549854636, 0.0927567258477, 0.105871640146],
        "dvar2": [0.21999540925, 0.215295895934, 0.231081783772, 0.217506930232, 0.18395267427, 0.187126815319, 0.250799030066, 0.303272455931, 0.27596822381, 0.247707158327, 0.243664175272, 0.303378880024],
        "max": [1, 1, 1, 1, 1, 1, 1, 1, 1, 1, 1, 1],
        "mean": [0.161049261689, 0.128489762545, 0.137269377708, 0.167514577508, 0.10855011642, 0.132527023554, 0.236633256078, 0.276314437389, 0.246201947331, 0.165022686124, 0.328399211168, 0.174170255661],
        "median": [0.0307260956615, 0.0217723213136, 0.0160935297608, 0.0240214075893, 0.0149093419313, 0.0222962405533, 0.0612394288182, 0.0833891406655, 0.0569182224572, 0.0249472167343, 0.151776269078, 0.0292242895812],
        "min": [0, 0, 0, 0, 0, 0, 0, 0, 0, 0, 0, 0],
        "var": [0.0776268392801, 0.0633341893554, 0.0750108808279, 0.0876443013549, 0.0549328774214, 0.065847992897, 0.112852700055, 0.128162249923, 0.120233170688, 0.0823637992144, 0.131587043405, 0.0872664600611]
    }
},
"lowlevel": {
    "melbands": {
        "dmean": [0.000215248874156, 0.000793497427367, 0.000977028626949, 0.00049546721857, 0.000281811488094, 0.00044053941383, 0.000545998103917, 0.000390248722397, 0.000423967896495, 0.00025609752629, 0.000131105116452, 8.06655807537e-05, 6.32711744402e-05, 4.48802675237e-05, 6.27480549156e-05, 4.1081024392e-05, 4.3461954192e-05, 3.64850639016e-05, 2.83788813249e-05, 2.39020773734e-05, 2.10284924833e-05, 2.03299441637e-05, 2.47406078415e-05, 2.56529983744e-05, 1.95044412976e-05, 1.56627720571e-05, 1.12980687845e-05, 7.5681632552e-06, 4.44846637038e-06, 3.46152637576e-06, 2.51678193308e-06, 1.58974694386e-06, 7.77887521508e-07, 6.1107317606e-07, 5.19194543358e-07, 3.92336232835e-07, 2.55751359646e-07, 1.03661385253e-07, 1.91864835131e-08, 1.00616148746e-09],
        "dmean2": [0.000370104593458, 0.00136568909511, 0.00169443001505, 0.000842131441459, 0.000473791355034, 0.000743940763641, 0.000969367742073, 0.000635941280052, 0.00071368238423, 0.000433834415162, 0.00020391306316, 0.000119272335724, 9.92064888123e-05, 7.01121243765e-05, 9.27302680793e-05, 6.53985771351e-05, 7.05697457306e-05, 5.96868849243e-05, 4.65056764369e-05, 3.97225412598e-05, 3.46204469679e-05, 3.20895924233e-05, 3.96873729187e-05, 4.09669992223e-05, 3.00400843116e-05, 2.5168645152e-05, 1.72900709003e-05, 1.18573834698e-05, 7.35096409699e-06, 5.51900348e-06, 3.98141537516e-06, 2.59623197962e-06, 1.26157306113e-06, 1.01837713373e-06, 8.37023549138e-07, 6.39773304556e-07, 4.15289775901e-07, 1.67702921772e-07, 3.15939061579e-08, 1.69597735855e-09],
        "dvar": [9.08865871452e-08, 1.20123331726e-06, 1.61083994499e-06, 5.91910406911e-07, 1.68205076534e-07, 3.27300369918e-07, 8.70196686265e-07, 9.15075020202e-07, 5.40497808288e-07, 2.44932806481e-07, 8.79195383163e-08, 4.85803433037e-08, 3.98866291107e-08, 1.65776121719e-08, 4.95892287233e-08, 1.13089511089e-08, 1.89052169475e-08, 9.33717991813e-09, 6.76211264761e-09, 6.44507425207e-09, 3.30543303839e-09, 3.11204639836e-09, 3.47702600045e-09, 3.94813071125e-09, 2.33472752242e-09, 1.07233255608e-09, 9.33186639074e-10, 4.64901034336e-10, 9.07346767165e-11, 6.33757213375e-11, 3.70882005662e-11, 1.28996266793e-11, 2.502269442e-12, 1.10688747664e-12, 1.01506726202e-12, 4.68133290379e-13, 2.15490833185e-13, 5.21526893123e-14, 3.15171155267e-15, 4.39799854858e-18],
        "dvar2": [2.64022702368e-07, 3.11731946567e-06, 4.54248402093e-06, 1.70595274085e-06, 4.46441418944e-07, 8.67096730417e-07, 2.47203843173e-06, 2.25967914957e-06, 1.55257043843e-06, 6.76561171531e-07, 2.24449777875e-07, 8.51152606174e-08, 8.89622313593e-08, 3.84191949365e-08, 1.12476179481e-07, 2.73080598134e-08, 4.50296155918e-08, 2.35960371242e-08, 1.79992376559e-08, 1.73291887506e-08, 8.91263507441e-09, 8.42648884003e-09, 9.06721986382e-09, 9.80506076331e-09, 5.47889467128e-09, 2.59085619625e-09, 1.81526205179e-09, 9.65800550645e-10, 2.3172806729e-10, 1.38262859495e-10, 8.25423410178e-11, 3.09241625362e-11, 6.13634533811e-12, 3.00309343365e-12, 2.83378463924e-12, 1.25636838173e-12, 5.73181476241e-13, 1.37748658508e-13, 9.00915000018e-15, 1.25647221306e-17],
        "max": [0.00387479295023, 0.0143544655293, 0.0153763070703, 0.0123828481883, 0.00576311862096, 0.00623366981745, 0.0103124352172, 0.0109818521887, 0.0167474113405, 0.0121250450611, 0.00693247374147, 0.00568118598312, 0.00585916545242, 0.00360147235915, 0.00844984035939, 0.00277275172994, 0.00368718360551, 0.00178305630106, 0.00105924985837, 0.00171537441202, 0.000863542663865, 0.00145598291419, 0.00121559854597, 0.00128280383069, 0.000880735111423, 0.000775126100052, 0.000739807321224, 0.000663831015117, 0.000154606968863, 0.000268491421593, 0.000182754418347, 0.000101332261693, 3.64324259863e-05, 2.06297063414e-05, 1.72636246134e-05, 1.01790337794e-05, 8.49174648465e-06, 4.96415759699e-06, 1.26327097405e-06, 4.30751043723e-08],
        "mean": [0.00025834995904, 0.00107542681508, 0.00127362343483, 0.000725830206648, 0.000378301658202, 0.0006539504393, 0.000655634270515, 0.000505222706124, 0.000769613368902, 0.000442187971203, 0.000283418106847, 0.000157658723765, 0.000110291701276, 7.85720403655e-05, 0.00012040213187, 7.40153700463e-05, 7.55749351811e-05, 6.28646230325e-05, 4.39656905655e-05, 3.90160130337e-05, 3.63416074833e-05, 3.71818605345e-05, 5.6420420151e-05, 6.2405008066e-05, 4.01001998398e-05, 3.40498154401e-05, 2.78823699773e-05, 1.59951978276e-05, 8.52102857607e-06, 7.02432407707e-06, 5.64771244171e-06, 3.47545187651e-06, 1.7125762497e-06, 1.31919853175e-06, 1.19736409943e-06, 8.36939364035e-07, 5.15393651312e-07, 1.99951585955e-07, 3.4697627882e-08, 1.67683966712e-09],
        "median": [0.000125868871692, 0.000559569394682, 0.000702277349774, 0.000374874973204, 0.000212869301322, 0.000376215553842, 0.000290106341708, 0.000161608797498, 0.000274479971267, 0.000152430438902, 0.000123301215353, 4.98549998156e-05, 2.25913227041e-05, 2.23486022151e-05, 3.99290984205e-05, 1.96666114789e-05, 1.72182353708e-05, 1.3297321857e-05, 1.14584236144e-05, 7.54748043619e-06, 7.63980824559e-06, 7.48190632294e-06, 6.56257816445e-06, 5.63581988899e-06, 8.19062734081e-06, 8.7826338131e-06, 3.42714452017e-06, 3.7289141801e-06, 3.93963591705e-06, 2.36762616623e-06, 1.40028498663e-06, 1.25378835492e-06, 7.89591865669e-07, 7.27370263576e-07, 6.27662132047e-07, 4.37611731741e-07, 3.03165876403e-07, 1.13002691648e-07, 1.74163847788e-08, 8.52834081133e-10],
        "min": [2.75715311409e-23, 9.86362093604e-24, 1.67939556816e-23, 4.65365456297e-24, 7.33408322319e-24, 1.2009817214e-23, 2.30783545519e-23, 1.86903252329e-23, 3.94022295978e-24, 8.75146432148e-24, 4.0104647125e-23, 4.5086726571e-23, 7.50249082696e-24, 1.14958980001e-23, 1.63483108013e-23, 1.98828778178e-23, 9.22928604924e-24, 1.64967712682e-23, 1.71285699672e-23, 1.20698163968e-23, 1.20999256398e-23, 3.33235388303e-23, 2.3790476646e-23, 2.54505050478e-23, 1.48986463593e-23, 1.42269407649e-23, 2.36930539019e-23, 1.9781772671e-23, 2.4855484622e-23, 2.10516683345e-23, 2.02588173708e-23, 1.2680453902e-23, 2.01950663656e-23, 2.43024805056e-23, 1.6779020967e-23, 1.07894785815e-23, 1.297412394e-23, 1.39709412016e-23, 2.50998342874e-23, 2.49024628666e-23],
        "var": [1.52859499281e-07, 2.14191823034e-06, 2.53224698099e-06, 1.13873250029e-06, 2.52573812531e-07, 5.93461720655e-07, 9.81156972557e-07, 1.11128645131e-06, 2.67935297416e-06, 1.05114088456e-06, 2.4551920319e-07, 2.05258743335e-07, 1.49619935996e-07, 4.33072173678e-08, 1.12435053268e-07, 3.81116755932e-08, 5.5353744699e-08, 2.58432670819e-08, 1.03195869627e-08, 1.42521887625e-08, 7.01470836972e-09, 6.5296834606e-09, 1.50588981285e-08, 2.07288639587e-08, 7.88863374623e-09, 4.70176342304e-09, 5.09694464412e-09, 2.03357597428e-09, 2.1587921728e-10, 2.87909057706e-10, 1.75974526617e-10, 4.60178631312e-11, 8.46373925806e-12, 3.59037734439e-12, 3.32235606214e-12, 1.20799876178e-12, 3.95925019115e-13, 7.478672087e-14, 3.30021760415e-15, 6.06159317727e-18]
    },
    "mfcc": {
        "dmean": [12.9627952576, 9.90307331085, 10.091460228, 8.10782527924, 8.31882572174, 7.67373228073, 7.69285392761, 7.46403408051, 7.29195165634, 7.12877941132, 6.90127372742, 6.79131412506, 6.79865789413],
        "dmean2": [17.5910243988, 16.1572418213, 15.9463911057, 13.3218317032, 13.4865522385, 12.9659223557, 12.6365442276, 12.3486967087, 12.0135259628, 11.7155675888, 11.5053339005, 11.4833202362, 11.3638000488],
        "dvar": [276.974182129, 71.7107467651, 74.072769165, 41.9254951477, 43.8349189758, 36.3268470764, 35.9986572266, 33.9490966797, 30.3540821075, 29.4655799866, 28.8001174927, 27.6924972534, 28.3859195709],
        "dvar2": [470.971618652, 177.596343994, 188.763534546, 109.929450989, 114.878395081, 96.590133667, 96.9940719604, 91.0189208984, 83.7923812866, 80.2367858887, 77.4497833252, 78.162109375, 78.147644043],
        "max": [-508.315002441, 207.776794434, 45.1381187439, 100.47996521, 29.071811676, 47.4351844788, 38.4740791321, 57.7165756226, 12.939289093, 50.9316940308, 29.8537864685, 43.2974014282, 15.7208976746],
        "mean": [-630.702697754, 138.819122314, -20.6071033478, 39.9608039856, -25.2055740356, 7.84319591522, -16.4137058258, 10.5095777512, -15.7925462723, 13.6868534088, -7.28431892395, 7.47283029556, -14.3701887131],
        "median": [-637.590576172, 141.548065186, -17.8681869507, 38.2308883667, -26.2616043091, 8.49850845337, -17.3980484009, 10.0564556122, -15.3366641998, 14.3162269592, -7.8978843689, 7.48904800415, -13.4659557343],
        "min": [-1138.42004395, 1.14440917969e-05, -103.453475952, -12.1266365051, -82.3562316895, -34.583366394, -54.9223403931, -34.5689811707, -55.2813110352, -33.5703430176, -36.8852844238, -25.1015319824, -57.7983856201],
        "var": [2338.68847656, 538.18359375, 545.663757324, 261.165466309, 237.531860352, 161.168365479, 187.710754395, 121.670097351, 108.721496582, 122.743377686, 97.5535202026, 85.4822921753, 119.137817383],
        "cov": [[2339.59155273, -295.614318848, -690.487182617, 150.995193481, 32.1299438477, -102.638008118, -50.0043029785, 119.176445007, -46.6650657654, -16.115278244, -23.8208217621, 9.75122070312, -85.1565093994], [-295.614318848, 538.391418457, 204.38168335, -153.517959595, -89.5001068115, 45.5677185059, -7.61380004883, -73.0187072754, 30.3458194733, 33.5490570068, 19.6073684692, 32.4964523315, 46.8349990845], [-690.487182617, 204.38168335, 545.874450684, 25.7872276306, 17.2071933746, 67.4080581665, 8.49312400818, -11.7849225998, 9.61047840118, 8.45883464813, -10.3376398087, -9.26784610748, 27.1727428436], [150.995193481, -153.517959595, 25.7872276306, 261.266326904, 138.143249512, -44.6815414429, -28.0648097992, 41.5189933777, -9.31890869141, -24.2358264923, -10.7822036743, -18.3156394958, -4.74902534485], [32.1299438477, -89.5001068115, 17.2071933746, 138.143249512, 237.623580933, 8.42740917206, -33.30260849, 34.2206039429, -10.3499069214, -17.8736629486, -18.9720687866, -13.5291614532, 2.65872430801], [-102.638008118, 45.5677185059, 67.4080581665, -44.6815414429, 8.42740917206, 161.23059082, 92.0590515137, 9.18235969543, 1.64748752117, -15.9476032257, -6.97547292709, 0.18682615459, -19.5175743103], [-50.0043029785, -7.61380004883, 8.49312400818, -28.0648097992, -33.30260849, 92.0590515137, 187.783233643, 51.6616668701, -24.7596321106, -20.5048446655, -9.17862510681, 6.92596817017, -19.0873565674], [119.176445007, -73.0187072754, -11.7849225998, 41.5189933777, 34.2206039429, 9.18235969543, 51.6616668701, 121.717071533, 14.1072587967, -21.3063468933, -3.901242733, -4.25562524796, -7.32591247559], [-46.6650657654, 30.3458194733, 9.61047840118, -9.31890869141, -10.3499069214, 1.64748752117, -24.7596321106, 14.1072587967, 108.763473511, 47.6210708618, 9.95793533325, 2.77162981033, 5.72591495514], [-16.115278244, 33.5490570068, 8.45883464813, -24.2358264923, -17.8736629486, -15.9476032257, -20.5048446655, -21.3063468933, 47.6210708618, 122.790771484, 37.3109207153, 6.28166007996, 17.6313858032], [-23.8208217621, 19.6073684692, -10.3376398087, -10.7822036743, -18.9720687866, -6.97547292709, -9.17862510681, -3.901242733, 9.95793533325, 37.3109207153, 97.5911865234, 32.4141960144, -2.43203544617], [9.75122070312, 32.4964523315, -9.26784610748, -18.3156394958, -13.5291614532, 0.18682615459, 6.92596817017, -4.25562524796, 2.77162981033, 6.28166007996, 32.4141960144, 85.515296936, 42.4799575806], [-85.1565093994, 46.8349990845, 27.1727428436, -4.74902534485, 2.65872430801, -19.5175743103, -19.0873565674, -7.32591247559, 5.72591495514, 17.6313858032, -2.43203544617, 42.4799575806, 119.183822632]],
        "icov": [[0.00100521743298, -0.00041070629959, 0.00144824711606, -0.00112409633584, 0.000672274094541, -0.000719768519048, 0.0011524783913, -0.00159322633408, 0.00119433400687, -0.00103328516707, 0.00108682271093, -0.00093320623273, 0.000908686954062], [-0.00041070629959, 0.00324137695134, -0.00175807473715, 0.00208980450407, -0.000234377817833, 0.000270471093245, -0.000544778478798, 0.001944973832, -0.00135985179804, 0.000802231370471, -0.000918618170545, 5.09464334755e-05, -0.00109152321238], [0.00144824711606, -0.00175807473715, 0.00460281129926, -0.00281892786734, 0.00123865588102, -0.00241163861938, 0.00205680658109, -0.00258690840565, 0.00204676715657, -0.00185376079753, 0.00178811501246, -0.000685795093887, 0.000768560392316], [-0.00112409633584, 0.00208980450407, -0.00281892786734, 0.00868818443269, -0.0045393994078, 0.00368483411148, -0.00212541082874, 0.00162127171643, -0.00212555611506, 0.00245639891364, -0.00207035825588, 0.00161027326249, -0.00104899588041], [0.000672274094541, -0.000234377817833, 0.00123865588102, -0.0045393994078, 0.00780873512849, -0.00378919113427, 0.00386338075623, -0.00321558769792, 0.00250904378481, -0.00166418543085, 0.00200049299747, -0.000879166589584, 0.000215341933654], [-0.000719768519048, 0.000270471093245, -0.00241163861938, 0.00368483411148, -0.00378919113427, 0.0122653692961, -0.00742141157389, 0.00363652221859, -0.00376766058616, 0.00293922726996, -0.00148737593554, 0.000821279536467, 0.000627312401775], [0.0011524783913, -0.000544778478798, 0.00205680658109, -0.00212541082874, 0.00386338075623, -0.00742141157389, 0.0124432798475, -0.00742430612445, 0.00562000228092, -0.00316120171919, 0.00318472413346, -0.00310005666688, 0.00208640121855], [-0.00159322633408, 0.001944973832, -0.00258690840565, 0.00162127171643, -0.00321558769792, 0.00363652221859, -0.00742430612445, 0.0154374390841, -0.00676393974572, 0.00508227571845, -0.00351708102971, 0.00266962335445, -0.00227129948325], [0.00119433400687, -0.00135985179804, 0.00204676715657, -0.00212555611506, 0.00250904378481, -0.00376766058616, 0.00562000228092, -0.00676393974572, 0.0150593528524, -0.00732815125957, 0.00310127297416, -0.00230523012578, 0.00189322046936], [-0.00103328516707, 0.000802231370471, -0.00185376079753, 0.00245639891364, -0.00166418543085, 0.00293922726996, -0.00316120171919, 0.00508227571845, -0.00732815125957, 0.0139990923926, -0.00647062715143, 0.00372108910233, -0.00338563742116], [0.00108682271093, -0.000918618170545, 0.00178811501246, -0.00207035825588, 0.00200049299747, -0.00148737593554, 0.00318472413346, -0.00351708102971, 0.00310127297416, -0.00647062715143, 0.0160999316722, -0.00820781849325, 0.00471522565931], [-0.00093320623273, 5.09464334755e-05, -0.000685795093887, 0.00161027326249, -0.000879166589584, 0.000821279536467, -0.00310005666688, 0.00266962335445, -0.00230523012578, 0.00372108910233, -0.00820781849325, 0.0192343313247, -0.00810734089464], [0.000908686954062, -0.00109152321238, 0.000768560392316, -0.00104899588041, 0.000215341933654, 0.000627312401775, 0.00208640121855, -0.00227129948325, 0.00189322046936, -0.00338563742116, 0.00471522565931, -0.00810734089464, 0.0129397781566]]
    }
}

}