{
"metadata": {
    "version": {
        "essentia": "2.0.1",
        "extractor": "archive-music 1.0 mod ismir14"
    },
    "audio_properties": {
        "analysis_sample_rate": 44100,
        "bitrate": 128,
        "channels": 2,
        "equal_loudness": 0,
        "length": 30.0669155121,
        "replay_gain": -13.4323310852,
        "downmix": "mix"
    },
    "tags": {
        "track": 0,
        "year": 0,
        "album": "",
        "artist": "",
        "comment": "",
        "genre": "",
        "title": ""
    }
},
"rhythm": {
    "bpm": 90.2956161499,
    "bpm_histogram_first_peak": 91,
    "bpm_histogram_first_peak_spread": 0.341463446617,
    "bpm_histogram_first_peak_weight": 0.62790697813,
    "bpm_histogram_second_peak": 83,
    "bpm_histogram_second_peak_spread": 0.5,
    "bpm_histogram_second_peak_weight": 0.0232558138669
},
"tonal": {
    "tuning_frequency": {
        "dmean": 0.127242222428,
        "dmean2": 0.240479558706,
        "dvar": 1.89332342148,
        "dvar2": 4.3044719696,
        "max": 456.04309082,
        "mean": 444.125091553,
        "median": 443.316436768,
        "min": 431.443084717,
        "var": 52.1528129578
    },
    "hpcp": {
        "dmean": [0.207423046231, 0.16613817215, 0.190633028746, 0.156374022365, 0.147596806288, 0.181938439608, 0.193321436644, 0.222374811769, 0.253912240267, 0.180572018027, 0.185669481754, 0.190762072802],
        "dmean2": [0.37967941165, 0.31391581893, 0.35497251153, 0.291992992163, 0.272886365652, 0.334057211876, 0.360435634851, 0.412985235453, 0.469790160656, 0.345974177122, 0.347852498293, 0.362052857876],
        "dvar": [0.0917532891035, 0.0927128866315, 0.0976160913706, 0.0786481052637, 0.0678839385509, 0.0880384221673, 0.101608380675, 0.107837758958, 0.11747700721, 0.102686360478, 0.0946019440889, 0.098928399384],
        "dvar2": [0.251608937979, 0.250864028931, 0.278647840023, 0.226168781519, 0.187587887049, 0.238289564848, 0.271452724934, 0.285835206509, 0.306925356388, 0.292822957039, 0.277384638786, 0.287794709206],
        "max": [1, 1, 1, 1, 1, 1, 1, 1, 1, 1, 1, 1],
        "mean": [0.18985798955, 0.134384140372, 0.160964310169, 0.132269188762, 0.121800564229, 0.171349331737, 0.166249349713, 0.205562710762, 0.261960476637, 0.122222431004, 0.138028129935, 0.137051358819],
        "median": [0.0390924736857, 0.0141860255972, 0.020955843851, 0.0151961119846, 0.0181395355612, 0.0216514393687, 0.0151078514755, 0.0335582345724, 0.0484169088304, 0.010233303532, 0.0166815035045, 0.0161938462406],
        "min": [0, 0, 0, 0, 0, 0, 0, 0, 0, 0, 0, 0],
        "var": [0.0947939455509, 0.079447619617, 0.088419213891, 0.071927241981, 0.0586156882346, 0.0935097262263, 0.0982529297471, 0.109230868518, 0.138565421104, 0.0733547210693, 0.0748273134232, 0.0768341049552]
    }
},
"lowlevel": {
    "melbands": {
        "dmean": [0.00074982480146, 0.00247827172279, 0.00121386745013, 0.000471885869047, 0.000332685245667, 0.000253889331361, 0.000279869040241, 0.000313029187964, 0.000454498396721, 0.000311420182697, 0.000142207398312, 0.000158709168318, 0.000139925730764, 9.61735131568e-05, 0.000137863054988, 0.000135588110425, 3.24662760249e-05, 2.49679487752e-05, 1.45891008287e-05, 1.75480727194e-05, 2.73788609775e-05, 2.03751205845e-05, 3.51597518602e-05, 2.49116346822e-05, 1.45540143421e-05, 1.71779702214e-05, 1.32343466248e-05, 8.05094532552e-06, 3.88593844036e-06, 3.21269362757e-06, 1.73109026491e-06, 8.37299921841e-07, 4.89369142542e-07, 3.90800977357e-07, 3.56071950591e-07, 3.14062418738e-07, 1.62761907063e-07, 1.08237401264e-07, 3.01818694481e-08, 2.73924083416e-09],
        "dmean2": [0.00123232544865, 0.00449936417863, 0.00212796474807, 0.000801685091574, 0.000571368436795, 0.000433241191786, 0.000464899319923, 0.000489713798743, 0.000667956192046, 0.000426513201091, 0.000210471116588, 0.00022095006716, 0.00018440693384, 0.000152279200847, 0.000203550211154, 0.000195103915757, 4.69730402983e-05, 3.74211158487e-05, 2.33512491832e-05, 2.80396543531e-05, 4.44011275249e-05, 3.32316813001e-05, 5.60646767553e-05, 3.72557406081e-05, 2.18173663598e-05, 2.71611716016e-05, 1.96082764887e-05, 1.19278647617e-05, 5.96081008553e-06, 4.8263464123e-06, 2.6761740628e-06, 1.33523406021e-06, 7.9542627418e-07, 6.27988470114e-07, 5.70820816392e-07, 5.09092274115e-07, 2.60248526729e-07, 1.76737643187e-07, 4.76177675068e-08, 4.57861437653e-09],
        "dvar": [6.50522054002e-07, 8.19272918307e-06, 1.80928304871e-06, 4.5777025548e-07, 5.29199382981e-07, 1.90492798424e-07, 2.26141480653e-07, 3.66749674185e-07, 8.34110096548e-07, 1.01879584236e-06, 2.92942843316e-07, 2.19069761442e-07, 1.34123112616e-07, 9.29647256953e-08, 1.36457302347e-07, 1.69007719819e-07, 8.85548967489e-09, 4.2074708162e-09, 6.2187582861e-10, 8.83631057214e-10, 3.26132254536e-09, 2.04847316887e-09, 6.07453065626e-09, 2.87107804198e-09, 8.50625903048e-10, 1.11234910172e-09, 8.12845624143e-10, 2.91818430531e-10, 6.40379069217e-11, 5.31829164041e-11, 1.3637139161e-11, 2.4416933319e-12, 5.89805873412e-13, 3.30101451815e-13, 3.50246687122e-13, 2.09504234707e-13, 6.51395034917e-14, 3.23327519272e-14, 2.83242777716e-15, 2.82552754237e-17],
        "dvar2": [1.82293547368e-06, 2.72183933703e-05, 5.26069607076e-06, 1.18643606584e-06, 1.486610131e-06, 5.2825464536e-07, 5.95356937083e-07, 8.50812284625e-07, 1.64793891599e-06, 1.78739026069e-06, 4.95799838518e-07, 3.41652111047e-07, 2.18856712308e-07, 2.19610711838e-07, 2.40353102754e-07, 2.90449236218e-07, 1.15637304177e-08, 8.66811511457e-09, 1.44634182409e-09, 2.16805196018e-09, 8.01810440265e-09, 5.3923865373e-09, 1.59821844647e-08, 5.84453330177e-09, 1.84419157723e-09, 2.8107862704e-09, 1.67655200833e-09, 5.64187863095e-10, 1.24949689484e-10, 1.0339151757e-10, 3.06082034718e-11, 5.99680721747e-12, 1.47870279389e-12, 7.78637787927e-13, 8.12698161805e-13, 5.01172833702e-13, 1.52238004104e-13, 8.3532918809e-14, 6.09559044272e-15, 7.29148129437e-17],
        "max": [0.00836683809757, 0.0246424227953, 0.0127069326118, 0.00886823702604, 0.0113105839118, 0.00622065132484, 0.0101472148672, 0.0104099959135, 0.0179230012, 0.0196318905801, 0.0253720842302, 0.0169980600476, 0.0147651359439, 0.00780737306923, 0.00879568234086, 0.0123438602313, 0.00452103884891, 0.00168717687484, 0.000418516050559, 0.000361643993529, 0.000906037574168, 0.000702606514096, 0.00116964895278, 0.000857296166942, 0.000587104819715, 0.000533228449058, 0.000528924923856, 0.000306492409436, 0.000160553216119, 0.000147645056131, 7.16184222256e-05, 3.95416900574e-05, 1.13344831334e-05, 9.62531612458e-06, 1.11029848995e-05, 6.71830321153e-06, 5.68986752114e-06, 3.47377954313e-06, 1.05254298433e-06, 1.16686045715e-07],
        "mean": [0.00127959053498, 0.00344245391898, 0.00180678919423, 0.000676661322359, 0.000439215829829, 0.000380050565582, 0.000440289877588, 0.000592682918068, 0.000895956240129, 0.000603687367402, 0.000235080486163, 0.000268889853032, 0.000312632706482, 0.000144974634168, 0.000230052930419, 0.000246008305112, 6.09810667811e-05, 4.24270037911e-05, 2.55851755355e-05, 3.00216925098e-05, 4.42773671239e-05, 3.41394661518e-05, 5.69927760807e-05, 4.50968327641e-05, 2.79563209915e-05, 3.08851595037e-05, 2.50072043855e-05, 1.50916512212e-05, 7.38672952139e-06, 5.79240895604e-06, 3.10932227876e-06, 1.61281764122e-06, 9.68250219557e-07, 8.37330901504e-07, 7.49317734972e-07, 6.42563179554e-07, 3.4944613958e-07, 2.31947936413e-07, 6.82350176362e-08, 4.84862416883e-09],
        "median": [0.000931278802454, 0.00240668328479, 0.00126250251196, 0.0003989636607, 0.000192245759536, 0.000178462840267, 0.000165858640685, 0.000182262796443, 0.000243166126893, 9.04126645764e-05, 4.91878890898e-05, 6.17246987531e-05, 4.65410412289e-05, 4.39719988208e-05, 5.52693236386e-05, 4.16900147684e-05, 1.38208870339e-05, 1.1117053873e-05, 1.06475772554e-05, 1.20103923109e-05, 1.30125708893e-05, 1.05016151792e-05, 1.44858922795e-05, 9.69912980509e-06, 9.07072990231e-06, 1.14457197924e-05, 6.37848916085e-06, 3.55146949005e-06, 2.60252909356e-06, 1.76750370429e-06, 1.24186544781e-06, 8.62622812292e-07, 6.05108311902e-07, 5.14482735525e-07, 4.87498880375e-07, 4.43442502274e-07, 2.14504055407e-07, 1.48276825485e-07, 4.07911571187e-08, 2.83140777491e-09],
        "min": [5.63198029387e-23, 8.01409978284e-23, 4.19003375145e-23, 2.07550834554e-23, 2.64513107902e-23, 4.23877809787e-23, 1.48962182455e-23, 4.73759504308e-23, 6.3012871201e-23, 5.24577671387e-23, 5.10612593e-23, 1.45907381708e-23, 1.46734896798e-23, 2.07807750773e-23, 1.8899729938e-23, 2.74172709686e-23, 3.81897219875e-23, 1.81863614436e-23, 1.27267971136e-23, 8.5015452981e-24, 3.13510994219e-23, 3.60462543794e-23, 2.38015128101e-23, 1.77936175756e-23, 1.34676842317e-23, 3.4609023963e-24, 1.12839500075e-23, 2.05444749486e-23, 1.48212748818e-23, 1.67540503639e-23, 2.31891279779e-23, 2.22400352234e-23, 1.54482015758e-23, 1.39678614887e-23, 1.74557784267e-23, 2.27113417489e-23, 2.48292960176e-23, 2.10588154143e-23, 2.74049615831e-23, 1.41197361456e-23],
        "var": [1.4533823105e-06, 1.04772225313e-05, 2.91597257274e-06, 6.9829820859e-07, 5.88149646319e-07, 3.34651673484e-07, 5.97117036705e-07, 1.04225318864e-06, 2.73862747235e-06, 3.6324111079e-06, 1.20315030472e-06, 6.62174500121e-07, 6.958878771e-07, 1.31016108185e-07, 3.49850608927e-07, 6.14789200881e-07, 5.79815626622e-08, 1.4352568023e-08, 1.5622831917e-09, 1.70845138037e-09, 5.82765613544e-09, 3.34623173615e-09, 1.13826823522e-08, 7.28583726683e-09, 2.09781925165e-09, 2.47609599491e-09, 2.14220086114e-09, 7.91833876246e-10, 1.63927219021e-10, 1.3453591019e-10, 2.76147351513e-11, 4.82598379661e-12, 1.21538456382e-12, 8.39480286501e-13, 7.30948125378e-13, 4.28105847213e-13, 1.54515357215e-13, 7.11716384612e-14, 7.2868592738e-15, 4.40188861356e-17]
    },
    "mfcc": {
        "dmean": [13.8904895782, 9.43308925629, 9.90795516968, 8.34265041351, 8.11987304688, 7.86143445969, 7.53980922699, 7.21673345566, 6.89961004257, 6.81453990936, 6.81985998154, 6.73832416534, 6.36548614502],
        "dmean2": [17.4562606812, 15.033082962, 15.4020748138, 13.3227024078, 13.2964258194, 12.8066368103, 12.5506238937, 11.9746465683, 11.3983926773, 11.3085260391, 11.1963396072, 11.1573133469, 10.4444990158],
        "dvar": [288.199890137, 57.2541313171, 69.4609603882, 45.0578422546, 38.1868171692, 37.900604248, 33.3124198914, 30.7598247528, 27.432094574, 28.2126064301, 28.134683609, 28.1027240753, 23.6373386383],
        "dvar2": [329.644012451, 138.666503906, 151.717346191, 110.441604614, 100.537322998, 96.9965515137, 93.9533920288, 85.9878540039, 74.8609237671, 75.4730682373, 77.4317398071, 73.9550476074, 61.9803504944],
        "max": [-512.448059082, 201.785644531, 46.8979072571, 96.3074493408, 35.5117645264, 55.7853851318, 46.9868049622, 61.0602111816, 17.2376861572, 47.9377593994, 28.9672355652, 46.4386901855, 24.6362037659],
        "mean": [-623.179260254, 144.914718628, -19.846824646, 41.4871559143, -9.84847450256, 10.0651874542, 0.343366652727, 18.0205059052, -10.8899354935, 11.7679843903, -3.78734564781, 13.1670866013, -5.04090309143],
        "median": [-626.114868164, 145.401123047, -17.5958786011, 41.0590515137, -10.1721572876, 11.0047721863, -0.0583877563477, 18.4460830688, -10.64295578, 11.4449157715, -3.62831497192, 13.1929206848, -4.92831039429],
        "min": [-1138.42004395, 1.14440917969e-05, -85.4007568359, -18.7461395264, -56.3080215454, -38.0773086548, -39.7861289978, -23.0775680542, -46.7119140625, -30.5220413208, -33.3897781372, -22.7232589722, -30.6014080048],
        "var": [2439.67138672, 316.093902588, 508.383728027, 310.117645264, 221.150527954, 222.962493896, 165.035522461, 127.470779419, 85.7232513428, 104.196037292, 92.5242767334, 88.1731414795, 74.1716308594],
        "cov": [[2440.61328125, 82.287727356, -685.007507324, 50.5318717957, -318.881622314, -230.183517456, -133.859664917, -72.3007583618, -49.4523086548, -15.635017395, -73.6846923828, 5.22859859467, -78.67162323], [82.287727356, 316.215942383, 9.54542732239, -91.3704910278, -61.4360046387, 1.0988830328, 15.3564157486, 6.35308408737, -17.994134903, 17.2071399689, 45.3397941589, -1.14101541042, -2.72084975243], [-685.007507324, 9.54542732239, 508.58001709, -21.4978847504, 167.144821167, 74.5013122559, 17.9114704132, 16.9766674042, 21.6165809631, 18.9554233551, 6.21689796448, -13.430229187, 23.2139949799], [50.5318717957, -91.3704910278, -21.4978847504, 310.237365723, 66.7406845093, -6.94261598587, -57.9004631042, -20.8369350433, 48.7392311096, 13.884601593, -43.3137588501, -5.56015825272, 23.3307743073], [-318.881622314, -61.4360046387, 167.144821167, 66.7406845093, 221.235900879, 42.7904777527, 15.4465465546, -13.5073375702, 20.7882499695, 24.7889823914, -13.5376148224, 1.42480993271, 6.09064245224], [-230.183517456, 1.0988830328, 74.5013122559, -6.94261598587, 42.7904777527, 223.048568726, 102.690917969, 37.6955871582, -18.9509143829, -9.47398757935, 37.2683830261, -5.88599729538, -17.8574905396], [-133.859664917, 15.3564157486, 17.9114704132, -57.9004631042, 15.4465465546, 102.690917969, 165.099243164, 68.3405227661, -10.399892807, -20.8535194397, 23.0777835846, 13.7749004364, -12.6561565399], [-72.3007583618, 6.35308408737, 16.9766674042, -20.8369350433, -13.5073375702, 37.6955871582, 68.3405227661, 127.519989014, 23.1532764435, -17.0183429718, 8.7550163269, 12.2538537979, 6.47588968277], [-49.4523086548, -17.994134903, 21.6165809631, 48.7392311096, 20.7882499695, -18.9509143829, -10.399892807, 23.1532764435, 85.7563552856, 38.4228744507, -3.86607789993, 0.157943323255, 7.92104530334], [-15.635017395, 17.2071399689, 18.9554233551, 13.884601593, 24.7889823914, -9.47398757935, -20.8535194397, -17.0183429718, 38.4228744507, 104.23626709, 28.8731632233, -2.83574604988, -1.63649344444], [-73.6846923828, 45.3397941589, 6.21689796448, -43.3137588501, -13.5376148224, 37.2683830261, 23.0777835846, 8.7550163269, -3.86607789993, 28.8731632233, 92.560005188, 29.9305686951, -5.04737138748], [5.22859859467, -1.14101541042, -13.430229187, -5.56015825272, 1.42480993271, -5.88599729538, 13.7749004364, 12.2538537979, 0.157943323255, -2.83574604988, 29.9305686951, 88.2071838379, 25.5165901184], [-78.67162323, -2.72084975243, 23.2139949799, 23.3307743073, 6.09064245224, -17.8574905396, -12.6561565399, 6.47588968277, 7.92104530334, -1.63649344444, -5.04737138748, 25.5165901184, 74.2002639771]],
        "icov": [[0.00083165144315, -0.000297428312479, 0.000817862513941, -0.000227800934226, 0.000528445409145, 0.000274918973446, 0.000299082283163, -4.35325891885e-05, 0.000464795972221, -0.000424052705057, 0.000936814642046, -0.000587018264923, 0.000970838766079], [-0.000297428312479, 0.00396427325904, -0.000680195109453, 0.000667875690851, 0.000902312924154, 0.000238207619986, -0.000471027247841, 1.35790851346e-05, 0.000494116509799, -0.000626661174465, -0.0017784005031, 0.000881597457919, -0.000756159657612], [0.000817862513941, -0.000680195109453, 0.00391044188291, 0.000743461307138, -0.00210318248719, -0.000660697522108, 0.00124693161342, -0.00060261937324, -0.000321253697621, -3.79552438972e-05, 0.000635807577055, 0.0003581167839, -0.000382500846172], [-0.000227800934226, 0.000667875690851, 0.000743461307138, 0.00492348521948, -0.0016884378856, -0.00150086870417, 0.00194726383779, 0.000300949206576, -0.00272797257639, 0.00040847811033, 0.00123857182916, 7.46784644434e-05, -0.00155566795729], [0.000528445409145, 0.000902312924154, -0.00210318248719, -0.0016884378856, 0.00825896766037, -0.000331896852003, -0.00163311185315, 0.00171207287349, 0.000245694129262, -0.00225657597184, 0.00228661647998, -0.00180908443872, 0.00129815179389], [0.000274918973446, 0.000238207619986, -0.000660697522108, -0.00150086870417, -0.000331896852003, 0.00801541563123, -0.00448384415358, -0.000401745550334, 0.00226332736202, 0.000290706433589, -0.00321337371133, 0.0018620272167, 0.00111127027776], [0.000299082283163, -0.000471027247841, 0.00124693161342, 0.00194726383779, -0.00163311185315, -0.00448384415358, 0.0121782254428, -0.00492223165929, 0.00035691561061, 0.000894796685316, 0.00071177771315, -0.00185747246724, 0.00152800348587], [-4.35325891885e-05, 1.35790851346e-05, -0.00060261937324, 0.000300949206576, 0.00171207287349, -0.000401745550334, -0.00492223165929, 0.012433978729, -0.00567059218884, 0.00284387427382, -0.000448259146651, -0.000446904450655, -0.00132246792782], [0.000464795972221, 0.000494116509799, -0.000321253697621, -0.00272797257639, 0.000245694129262, 0.00226332736202, 0.00035691561061, -0.00567059218884, 0.0192626472563, -0.00793051999062, 0.00191147089936, -0.000478251138702, 0.000612758973148], [-0.000424052705057, -0.000626661174465, -3.79552438972e-05, 0.00040847811033, -0.00225657597184, 0.000290706433589, 0.000894796685316, 0.00284387427382, -0.00793051999062, 0.015677375719, -0.00686272140592, 0.002575494349, -0.000589677598327], [0.000936814642046, -0.0017784005031, 0.000635807577055, 0.00123857182916, 0.00228661647998, -0.00321337371133, 0.00071177771315, -0.000448259146651, 0.00191147089936, -0.00686272140592, 0.0194205194712, -0.00795515719801, 0.00324050616473], [-0.000587018264923, 0.000881597457919, 0.0003581167839, 7.46784644434e-05, -0.00180908443872, 0.0018620272167, -0.00185747246724, -0.000446904450655, -0.000478251138702, 0.002575494349, -0.00795515719801, 0.0166282076389, -0.00655830698088], [0.000970838766079, -0.000756159657612, -0.000382500846172, -0.00155566795729, 0.00129815179389, 0.00111127027776, 0.00152800348587, -0.00132246792782, 0.000612758973148, -0.000589677598327, 0.00324050616473, -0.00655830698088, 0.018021741882]]
    }
}

}