{
"metadata": {
    "version": {
        "essentia": "2.0.1",
        "extractor": "archive-music 1.0 mod ismir14"
    },
    "audio_properties": {
        "analysis_sample_rate": 44100,
        "bitrate": 32,
        "channels": 2,
        "equal_loudness": 0,
        "length": 30.0408172607,
        "replay_gain": -10.0465621948,
        "downmix": "mix"
    },
    "tags": {
        "track": 0,
        "year": 0,
        "album": "",
        "artist": "",
        "comment": "",
        "genre": "",
        "title": ""
    }
},
"rhythm": {
    "bpm": 172.265594482,
    "bpm_histogram_first_peak": 172,
    "bpm_histogram_first_peak_spread": 0,
    "bpm_histogram_first_peak_weight": 0.529411792755,
    "bpm_histogram_second_peak": 178,
    "bpm_histogram_second_peak_spread": 0,
    "bpm_histogram_second_peak_weight": 0.282352954149
},
"tonal": {
    "tuning_frequency": {
        "dmean": 0.0124102933332,
        "dmean2": 0.0218502059579,
        "dvar": 0.0154346507043,
        "dvar2": 0.0293216165155,
        "max": 435.700531006,
        "mean": 434.235778809,
        "median": 434.193115234,
        "min": 434.193115234,
        "var": 0.0600890405476
    },
    "hpcp": {
        "dmean": [0.120241992176, 0.202889785171, 0.186554059386, 0.278490960598, 0.0469637364149, 0.147782087326, 0.158531069756, 0.280487686396, 0.0951708480716, 0.103955976665, 0.26208153367, 0.0857091620564],
        "dmean2": [0.214978069067, 0.377476364374, 0.322009801865, 0.490640252829, 0.0860602408648, 0.261392265558, 0.278973013163, 0.497767955065, 0.170779287815, 0.181043639779, 0.478116303682, 0.15422154963],
        "dvar": [0.0474589429796, 0.0726176574826, 0.0560339987278, 0.111230947077, 0.0147981317714, 0.0743791460991, 0.0828145518899, 0.119032494724, 0.0415851175785, 0.0408703796566, 0.0960443541408, 0.0225951503962],
        "dvar2": [0.122069112957, 0.155222043395, 0.147267878056, 0.253837555647, 0.0431989990175, 0.167731299996, 0.18491384387, 0.31388220191, 0.117517128587, 0.108010217547, 0.192903608084, 0.0660129487514],
        "max": [1, 1, 1, 1, 0.804182171822, 1, 1, 1, 1, 1, 1, 1],
        "mean": [0.09997433424, 0.239367589355, 0.171084791422, 0.396872103214, 0.0360503830016, 0.150544121861, 0.183241680264, 0.235188961029, 0.0683045759797, 0.0815606042743, 0.383116841316, 0.0693687051535],
        "median": [0.0292533822358, 0.105261333287, 0.0728904157877, 0.175902351737, 0.00676269084215, 0.0306738559157, 0.0111269308254, 0.0461438447237, 0.011660524644, 0.0171076413244, 0.189621567726, 0.0228369887918],
        "min": [0.000774746236857, 0.00313145713881, 0.000961915298831, 0.000129623149405, 6.39222780592e-05, 0.000663152139168, 7.31783511583e-05, 0.000277708895737, 0.000255735707469, 0.000116036251711, 0.000222410162678, 0.000351478083758],
        "var": [0.0393694527447, 0.102214932442, 0.0578677095473, 0.171278625727, 0.00987458694726, 0.0850932821631, 0.114558205009, 0.119817115366, 0.0299622118473, 0.0324767976999, 0.153751343489, 0.0166873559356]
    }
},
"lowlevel": {
    "melbands": {
        "dmean": [3.19523508097e-07, 1.40606452987e-05, 1.79988237505e-05, 0.000198466455913, 0.000154648761963, 7.96740641817e-05, 3.80439887522e-05, 3.2908796129e-05, 2.09150093724e-05, 1.56316436914e-05, 1.37998522405e-05, 8.98626512935e-06, 1.37575671033e-05, 5.18844763064e-06, 4.3926042963e-06, 3.1903098261e-06, 6.97374252923e-06, 2.82907240035e-06, 3.78223103326e-06, 8.68588358571e-07, 1.11393285351e-06, 9.60665033745e-07, 6.8967574407e-07, 1.08842391455e-06, 2.52307381743e-06, 3.01396062241e-06, 6.45469810934e-07, 3.64906270534e-07, 1.56661357664e-07, 1.10740636217e-07, 4.32875779666e-08, 6.63681776203e-09, 1.33042632466e-09, 2.9206020935e-10, 7.55753515325e-11, 3.69892831642e-11, 2.00059066535e-11, 7.12813055109e-12, 2.60323988928e-12, 1.79561855836e-12],
        "dmean2": [5.1019469538e-07, 2.44253424171e-05, 2.95094960165e-05, 0.000339312973665, 0.000263737747446, 0.000137419978273, 6.55593830743e-05, 5.6074342865e-05, 3.89113411075e-05, 2.94836427202e-05, 2.62638932327e-05, 1.72127911355e-05, 2.64532955043e-05, 9.79780452326e-06, 8.24376365927e-06, 5.97232610744e-06, 1.2930480807e-05, 4.99687075717e-06, 6.89863099979e-06, 1.5275657006e-06, 1.92866332327e-06, 1.71414399119e-06, 1.24694008719e-06, 1.91373737835e-06, 4.56911175206e-06, 5.68760242459e-06, 1.15259490485e-06, 6.6118752784e-07, 2.95664762007e-07, 2.10773052345e-07, 8.55374935327e-08, 1.2719739928e-08, 2.60104759953e-09, 5.64271684933e-10, 1.40755962441e-10, 6.88463383525e-11, 3.46740275381e-11, 1.1360413478e-11, 3.29082898085e-12, 1.94690184113e-12],
        "dvar": [1.3334010274e-13, 1.54528012608e-09, 5.49611023359e-10, 2.77128151538e-07, 2.85430772351e-08, 6.28988017226e-09, 1.93298466122e-09, 2.48704301598e-09, 3.0328133338e-09, 1.18079979128e-09, 1.20534315862e-09, 6.66531163596e-10, 1.77437975424e-09, 1.50273779531e-10, 1.70863642679e-10, 4.22433130143e-11, 6.40630659632e-10, 1.99377198778e-11, 5.63722089841e-11, 1.56076920051e-12, 2.3671370853e-12, 1.66780185582e-12, 1.9004129867e-12, 2.71338377114e-12, 3.48990315813e-11, 5.90310439419e-11, 8.40339191462e-13, 4.58480801067e-13, 1.37816407592e-13, 1.25934554668e-13, 3.35786459131e-14, 5.07347218538e-16, 5.18460859906e-17, 1.06216670135e-18, 2.00595337512e-20, 9.6009472372e-21, 2.23312027422e-21, 2.79569502776e-22, 2.57906549282e-22, 2.06403499476e-22],
        "dvar2": [3.17477218559e-13, 3.17179438269e-09, 1.33647337641e-09, 7.3486586416e-07, 7.83910465429e-08, 1.78874444146e-08, 5.21585308277e-09, 5.6527817982e-09, 8.63562998887e-09, 3.58880458684e-09, 3.69064445671e-09, 1.99945326962e-09, 5.24819920855e-09, 4.42441416837e-10, 5.12362763327e-10, 1.18529103199e-10, 1.91620519452e-09, 5.61240394437e-11, 1.62732008424e-10, 4.48069272657e-12, 6.51824991552e-12, 4.77509091296e-12, 5.52736849346e-12, 7.75177318169e-12, 1.02950932501e-10, 1.76018435938e-10, 2.20374283058e-12, 1.29918818759e-12, 3.89163202531e-13, 3.56935211639e-13, 1.00624410605e-13, 1.48777197312e-15, 1.54462426867e-16, 3.33569101972e-18, 5.66974536509e-20, 2.83181631481e-20, 6.31886299155e-21, 3.45910079576e-22, 2.80046403903e-22, 1.99833474582e-22],
        "max": [2.49818799603e-06, 0.000394107599277, 0.00019123769016, 0.00521174632013, 0.00114058225881, 0.000475992506836, 0.000220242363866, 0.000379088276532, 0.000369788263924, 0.000206199256354, 0.000191766244825, 0.000153518631123, 0.000315544166369, 8.1704594777e-05, 9.10946037038e-05, 5.81976346439e-05, 0.000231130630709, 3.23188214679e-05, 7.0559210144e-05, 1.14496933747e-05, 9.70346718532e-06, 6.9270977292e-06, 8.75897239894e-06, 8.74362103787e-06, 3.98063348257e-05, 6.13251249888e-05, 4.42964437752e-06, 3.81679592465e-06, 2.63046786131e-06, 2.95414588436e-06, 1.66568997884e-06, 2.02220419965e-07, 6.51806786323e-08, 7.11864212022e-09, 9.40437727692e-10, 8.70688965371e-10, 4.14184492259e-10, 1.78533965389e-10, 1.71265862603e-10, 1.66469574236e-10],
        "mean": [4.63775421622e-07, 1.90342670976e-05, 2.61265322479e-05, 0.000222855320317, 0.000205916585401, 9.77823438006e-05, 3.78191289201e-05, 3.71832247765e-05, 1.6383937691e-05, 1.1095775335e-05, 1.03052580016e-05, 5.77466153118e-06, 9.80007098406e-06, 3.57663179784e-06, 3.22489700011e-06, 2.45699811785e-06, 5.29255612491e-06, 2.51365531767e-06, 3.52172764906e-06, 9.59734279604e-07, 1.11421536531e-06, 9.57084694164e-07, 6.47019476219e-07, 8.86230395736e-07, 1.9561703084e-06, 2.18449008571e-06, 5.58274393825e-07, 2.82245764538e-07, 1.04445788907e-07, 6.7840453255e-08, 2.68910049783e-08, 4.32969571307e-09, 7.94307175589e-10, 2.13328119059e-10, 8.23381848813e-11, 3.74431978478e-11, 1.86055736789e-11, 6.9793355123e-12, 2.42746621415e-12, 1.7862763135e-12],
        "median": [3.56312853e-07, 1.07594341898e-05, 1.54877398018e-05, 8.4942781541e-05, 0.000130781976623, 7.00060045347e-05, 1.99980040634e-05, 1.4599874703e-05, 3.41326722264e-06, 1.44501575505e-06, 1.1515951428e-06, 5.9301555666e-07, 9.6620919976e-07, 8.37732784476e-07, 5.86264320646e-07, 8.01729470368e-07, 1.65276753705e-06, 1.22747871956e-06, 1.76098353677e-06, 5.03185674461e-07, 5.44042336514e-07, 5.46559988379e-07, 2.24638597501e-07, 2.83183510419e-07, 5.73953911953e-07, 6.35763626633e-07, 2.38491736582e-07, 7.68632091308e-08, 1.84506880885e-08, 7.69234098641e-09, 3.33805449948e-09, 5.5887244832e-10, 1.24159474368e-10, 7.33052021862e-11, 4.54529261451e-11, 1.9331565862e-11, 7.36169025045e-12, 2.46046564199e-12, 2.34307582017e-13, 4.49283520814e-14],
        "min": [3.16630384134e-08, 1.11369342903e-06, 6.81790083945e-07, 1.6465992303e-06, 2.5432136681e-06, 2.78067773252e-07, 2.8570011068e-07, 2.58182410562e-07, 1.47260621475e-07, 3.50610562805e-08, 2.88426171835e-08, 1.41710829737e-08, 3.55678331232e-08, 9.47212352997e-09, 8.3238775872e-09, 2.31959074171e-08, 2.15631743572e-08, 3.17196509059e-08, 2.96564053315e-08, 4.29882129893e-09, 3.71601993621e-09, 1.292241536e-09, 3.52057077935e-10, 5.52078938121e-10, 6.49597098334e-10, 4.28258123408e-10, 2.31287267116e-10, 1.3199559501e-10, 1.06021809387e-10, 9.07073999246e-11, 3.9320713352e-11, 2.20636425796e-11, 6.92962267429e-12, 1.6502944844e-12, 6.51088937539e-13, 3.03573382794e-13, 1.36105370545e-14, 1.39363728416e-14, 1.06161527662e-14, 1.08135766644e-14],
        "var": [1.49425814062e-13, 1.75162595539e-09, 9.19608833527e-10, 2.20569603471e-07, 4.82111630618e-08, 9.00901486744e-09, 2.14927831088e-09, 3.67450403438e-09, 2.26782947976e-09, 7.62068574911e-10, 8.51743897634e-10, 4.13135442523e-10, 1.10292497357e-09, 9.23635126715e-11, 1.09638229051e-10, 3.0290828873e-11, 3.51305179391e-10, 1.63797499869e-11, 4.30736106505e-11, 1.8744207575e-12, 2.29195048357e-12, 1.59358073612e-12, 1.4982002184e-12, 2.31850454634e-12, 2.09702099435e-11, 3.50676744587e-11, 7.77243558143e-13, 3.18939292294e-13, 8.53575633027e-14, 7.71098408649e-14, 1.96214284377e-14, 3.1739356855e-16, 2.68630344998e-17, 5.659743976e-19, 1.72009122609e-20, 5.88496071603e-21, 1.54415324195e-21, 3.55110419164e-22, 2.68092800918e-22, 2.15423650611e-22]
    },
    "mfcc": {
        "dmean": [36.4842376709, 14.3733587265, 24.1639328003, 16.5579109192, 12.8516244888, 9.47098731995, 8.79702949524, 11.3838272095, 7.31181335449, 7.35104084015, 8.18095302582, 7.95375108719, 7.19329214096],
        "dmean2": [63.8056564331, 21.6826248169, 40.5972633362, 25.665058136, 21.1519107819, 16.0583896637, 14.69739151, 19.3607330322, 12.1658506393, 12.1905164719, 13.7065629959, 12.310341835, 11.855009079],
        "dvar": [948.39050293, 159.966598511, 428.330047607, 238.432983398, 102.510826111, 73.8524169922, 52.0925636292, 82.1675491333, 30.5803108215, 38.1407852173, 37.1441078186, 32.4574241638, 30.1551532745],
        "dvar2": [2729.43896484, 382.239532471, 1096.73486328, 578.626281738, 305.121826172, 186.727355957, 129.512878418, 188.162017822, 80.4432830811, 81.4609527588, 91.8509902954, 100.909370422, 72.8003692627],
        "max": [-757.503356934, 216.434509277, 71.7926940918, 111.805953979, 42.6544380188, 4.81049346924, 26.6365585327, 22.0516757965, -5.24687957764, 25.7592639923, 6.32502365112, 4.20838928223, 11.8491287231],
        "mean": [-842.865905762, 179.219848633, -36.6156349182, 29.7933139801, 10.1575279236, -28.6969356537, -5.7315454483, -28.8958244324, -27.5027523041, -4.59975481033, -12.247379303, -15.309636116, -6.79880571365],
        "median": [-840.028503418, 179.363311768, -39.0066642761, 29.0515937805, 12.5523071289, -28.1255302429, -6.11129760742, -32.0643997192, -27.9186630249, -3.9471206665, -12.1675014496, -15.4572906494, -5.6075668335],
        "min": [-979.909545898, 113.42792511, -102.288284302, -19.0247612, -37.5785179138, -68.7955322266, -30.7732467651, -56.2521743774, -56.3009414673, -36.6933517456, -37.9203987122, -40.7480583191, -28.3085899353],
        "var": [1526.16491699, 312.529632568, 872.944396973, 407.894836426, 269.861755371, 162.071762085, 92.9310150146, 223.467407227, 70.5958862305, 147.853271484, 75.509513855, 65.055770874, 71.6655807495],
        "cov": [[1535.58569336, -32.7550582886, -1044.92260742, 266.810150146, -284.622833252, -225.074417114, 234.506973267, -49.0298843384, 35.9818687439, -90.2927017212, -35.4686965942, 76.6932296753, -119.784408569], [-32.7550582886, 314.458831787, 173.205932617, -263.129638672, -32.3598861694, -52.7886543274, -9.63802242279, 162.73348999, -12.5780544281, -48.250617981, -7.16460800171, -19.5392608643, 2.04367518425], [-1044.92260742, 173.205932617, 878.332946777, -232.458374023, 137.172729492, 139.172683716, -173.343475342, 92.8256988525, -15.1517801285, 0.923317790031, 15.1286172867, -57.3884773254, 51.8842658997], [266.810150146, -263.129638672, -232.458374023, 410.412719727, 73.8402862549, 22.3697528839, 17.4831466675, -210.180297852, -9.23781394958, 37.3708152771, -18.9462471008, 14.7460727692, -24.7493000031], [-284.622833252, -32.3598861694, 137.172729492, 73.8402862549, 271.527557373, 113.762512207, -75.9342041016, -106.221374512, -52.3849945068, 99.1882629395, 5.3349275589, -28.6486339569, 60.2494506836], [-225.074417114, -52.7886543274, 139.172683716, 22.3697528839, 113.762512207, 163.07220459, -30.8845005035, -95.9892959595, 0.182958438993, 54.1331977844, 25.6915359497, 6.73396587372, 21.6670150757], [234.506973267, -9.63802242279, -173.343475342, 17.4831466675, -75.9342041016, -30.8845005035, 93.5046691895, 21.782043457, -4.73673820496, -12.8003196716, -1.35728299618, 18.6774635315, -16.4382915497], [-49.0298843384, 162.73348999, 92.8256988525, -210.180297852, -106.221374512, -95.9892959595, 21.782043457, 224.846832275, 24.9972915649, -101.010940552, -12.9805030823, -2.52296447754, -7.56635856628], [35.9818687439, -12.5780544281, -15.1517801285, -9.23781394958, -52.3849945068, 0.182958438993, -4.73673820496, 24.9972915649, 71.0316696167, -17.0440711975, -17.6886634827, 15.9536962509, -9.77246189117], [-90.2927017212, -48.250617981, 0.923317790031, 37.3708152771, 99.1882629395, 54.1331977844, -12.8003196716, -101.010940552, -17.0440711975, 148.765945435, 38.5191078186, -31.2853069305, 36.973739624], [-35.4686965942, -7.16460800171, 15.1286172867, -18.9462471008, 5.3349275589, 25.6915359497, -1.35728299618, -12.9805030823, -17.6886634827, 38.5191078186, 75.9756240845, 12.0255880356, -3.06871747971], [76.6932296753, -19.5392608643, -57.3884773254, 14.7460727692, -28.6486339569, 6.73396587372, 18.6774635315, -2.52296447754, 15.9536962509, -31.2853069305, 12.0255880356, 65.4573516846, 5.08605575562], [-119.784408569, 2.04367518425, 51.8842658997, -24.7493000031, 60.2494506836, 21.6670150757, -16.4382915497, -7.56635856628, -9.77246189117, 36.973739624, -3.06871747971, 5.08605575562, 72.1079559326]],
        "icov": [[127.254264832, -176.615280151, 167.184906006, -151.699890137, 132.630050659, -111.2239151, 88.262550354, -66.5242538452, 47.2660331726, -30.4925479889, 18.1610774994, -9.00688934326, 3.22712421417], [-176.615280151, 245.134140015, -232.041549683, 210.560012817, -184.09588623, 154.39302063, -122.528717041, 92.3567352295, -65.6255722046, 42.344783783, -25.2226467133, 12.5135955811, -4.48141765594], [167.184906006, -232.041549683, 219.665649414, -199.334228516, 174.298599243, -146.195663452, 116.046577454, -87.4864273071, 62.179901123, -40.133895874, 23.9177112579, -11.8758850098, 4.25778007507], [-151.699890137, 210.560012817, -199.334228516, 180.91355896, -158.207305908, 132.722595215, -105.378799438, 79.47215271, -56.4998130798, 36.4917678833, -21.7576713562, 10.8199424744, -3.87908530235], [132.630050659, -184.09588623, 174.298599243, -158.207305908, 138.390563965, -116.12537384, 92.2414627075, -69.5852661133, 49.5055923462, -31.9992275238, 19.1006202698, -9.51665878296, 3.41470265388], [-111.2239151, 154.39302063, -146.195663452, 132.722595215, -116.12537384, 97.4934005737, -77.4771499634, 58.486831665, -41.6347351074, 26.9410610199, -16.1037139893, 8.04356384277, -2.89355540276], [88.262550354, -122.528717041, 116.046577454, -105.378799438, 92.2414627075, -77.4771499634, 61.6471290588, -46.5622253418, 33.1855316162, -21.5125198364, 12.8831787109, -6.46864128113, 2.33329176903], [-66.5242538452, 92.3567352295, -87.4864273071, 79.47215271, -69.5852661133, 58.486831665, -46.5622253418, 35.2200737, -25.1186084747, 16.3170623779, -9.78819942474, 4.93598461151, -1.78702926636], [47.2660331726, -65.6255722046, 62.179901123, -56.4998130798, 49.5055923462, -41.6347351074, 33.1855316162, -25.1186084747, 17.9628696442, -11.6818885803, 7.03185749054, -3.56655192375, 1.29552185535], [-30.4925479889, 42.344783783, -40.133895874, 36.4917678833, -31.9992275238, 26.9410610199, -21.5125198364, 16.3170623779, -11.6818885803, 7.64633989334, -4.61641836166, 2.36731934547, -0.868886351585], [18.1610774994, -25.2226467133, 23.9177112579, -21.7576713562, 19.1006202698, -16.1037139893, 12.8831787109, -9.78819942474, 7.03185749054, -4.61641836166, 2.8161444664, -1.45295119286, 0.537963211536], [-9.00688934326, 12.5135955811, -11.8758850098, 10.8199424744, -9.51665878296, 8.04356384277, -6.46864128113, 4.93598461151, -3.56655192375, 2.36731934547, -1.45295119286, 0.788038432598, -0.294599086046], [3.22712421417, -4.48141765594, 4.25778007507, -3.87908530235, 3.41470265388, -2.89355540276, 2.33329176903, -1.78702926636, 1.29552185535, -0.868886351585, 0.537963211536, -0.294599086046, 0.132186487317]]
    }
}

}