{
"metadata": {
    "version": {
        "essentia": "2.0.1",
        "extractor": "archive-music 1.0 mod ismir14"
    },
    "audio_properties": {
        "analysis_sample_rate": 44100,
        "bitrate": 32,
        "channels": 2,
        "equal_loudness": 0,
        "length": 30.0408172607,
        "replay_gain": -14.8179531097,
        "downmix": "mix"
    },
    "tags": {
        "track": 0,
        "year": 0,
        "album": "",
        "artist": "",
        "comment": "",
        "genre": "",
        "title": ""
    }
},
"rhythm": {
    "bpm": 109.314041138,
    "bpm_histogram_first_peak": 110,
    "bpm_histogram_first_peak_spread": 0.396226406097,
    "bpm_histogram_first_peak_weight": 0.603773593903,
    "bpm_histogram_second_peak": 0,
    "bpm_histogram_second_peak_spread": 0,
    "bpm_histogram_second_peak_weight": 0
},
"tonal": {
    "tuning_frequency": {
        "dmean": 0.168828517199,
        "dmean2": 0.309543401003,
        "dvar": 0.596923410892,
        "dvar2": 1.34086585045,
        "max": 446.142181396,
        "mean": 442.509429932,
        "median": 443.060424805,
        "min": 439.745910645,
        "var": 1.60512411594
    },
    "hpcp": {
        "dmean": [0.113636277616, 0.0913738682866, 0.0369625017047, 0.154489934444, 0.0382433161139, 0.143147945404, 0.0361245572567, 0.0999982878566, 0.126311793923, 0.0328058339655, 0.172026783228, 0.0676307529211],
        "dmean2": [0.21655100584, 0.162023082376, 0.0674246177077, 0.261334180832, 0.0661768019199, 0.234616339207, 0.0655908733606, 0.166234984994, 0.221546858549, 0.0620105825365, 0.292787641287, 0.128247737885],
        "dvar": [0.0427741929889, 0.05435468629, 0.00241815554909, 0.0690556019545, 0.0102157332003, 0.0458596944809, 0.00701870024204, 0.0309243202209, 0.029799759388, 0.00544320931658, 0.0690502300858, 0.0205804109573],
        "dvar2": [0.104538686574, 0.104727871716, 0.00614523049444, 0.16288010776, 0.0274501498789, 0.102746739984, 0.0193790700287, 0.0793771073222, 0.06000636518, 0.0158763825893, 0.142600953579, 0.0573166497052],
        "max": [1, 1, 0.24855171144, 1, 1, 1, 0.742078602314, 1, 1, 0.629547953606, 1, 0.910764336586],
        "mean": [0.16344293952, 0.248090341687, 0.02963078022, 0.463331401348, 0.0315399244428, 0.253404170275, 0.0288901571184, 0.102290652692, 0.225208818913, 0.024813529104, 0.22489823401, 0.0449957549572],
        "median": [0.0405870229006, 0.0190599225461, 0.0106471208856, 0.298302143812, 0.0101784141734, 0.0710070878267, 0.0105824340135, 0.0237216763198, 0.110154636204, 0.0103965979069, 0.084959462285, 0.0103817703202],
        "min": [0.000111331370135, 0.000198568232008, 0.000129278734676, 0.00104075006675, 0.00023165573657, 0.000479502603412, 0.000138018818689, 0.000867532391567, 0.000702509249095, 0.000218622764805, 0.000577246013563, 0.000476964662084],
        "var": [0.0777983441949, 0.16488365829, 0.0020609612111, 0.194319397211, 0.00781028717756, 0.123638011515, 0.00452066259459, 0.0362843610346, 0.0879983231425, 0.00306761846878, 0.101340323687, 0.0127648049966]
    }
},
"lowlevel": {
    "melbands": {
        "dmean": [0.00014343575458, 0.000271553202765, 0.000170610946952, 0.000109224623884, 4.4417251047e-05, 5.87181930314e-05, 2.5876746804e-05, 3.88237094739e-05, 5.8288074797e-05, 4.36236769019e-05, 1.01248369901e-05, 1.10531818791e-05, 7.81568360253e-06, 7.68023619457e-06, 6.46791022518e-06, 6.86105431669e-06, 6.3427501118e-06, 7.01664021108e-06, 3.79834523301e-06, 5.31318983121e-06, 2.3687941848e-06, 1.61183072578e-06, 1.82396524906e-06, 1.11939596081e-06, 6.52789594824e-07, 4.64175286652e-07, 3.02403549313e-07, 2.30532791079e-07, 2.52564660741e-07, 1.84934364711e-07, 1.58042652743e-07, 1.66862349715e-07, 1.59562233648e-07, 1.19168532819e-07, 1.02717343964e-07, 8.86436311021e-08, 7.4845729614e-08, 5.14662552575e-08, 4.02905158126e-08, 3.32676819426e-08],
        "dmean2": [0.000265625567408, 0.000456044304883, 0.000280238018604, 0.000186630597454, 7.05846687197e-05, 0.000102751939266, 4.38905262854e-05, 6.50508300168e-05, 9.69958346104e-05, 7.10599269951e-05, 1.83788761206e-05, 2.039683568e-05, 1.41802274811e-05, 1.39580743053e-05, 1.12673860713e-05, 1.218153011e-05, 1.12662992251e-05, 1.2367693671e-05, 6.67649874231e-06, 7.71967097535e-06, 4.00219641961e-06, 2.85272244582e-06, 2.74753756457e-06, 1.7550494249e-06, 1.13780276934e-06, 8.41417659103e-07, 5.57364387532e-07, 4.2466089667e-07, 4.58659656033e-07, 3.37509419523e-07, 2.89478862214e-07, 3.08936932925e-07, 2.95206660894e-07, 2.22661142857e-07, 1.9171825727e-07, 1.70441396108e-07, 1.44927213341e-07, 9.92860123006e-08, 7.73206423332e-08, 6.3804705519e-08],
        "dvar": [4.42889600549e-08, 8.42750509378e-08, 3.63247920632e-08, 1.18219993794e-08, 1.54861223844e-09, 7.70994201815e-09, 1.09129461023e-09, 4.33668168043e-09, 1.09338103016e-08, 7.4625665647e-09, 6.23291418478e-10, 1.06830744251e-09, 3.95432964151e-10, 1.79801812328e-10, 1.59966706548e-10, 1.92312013536e-10, 1.42708386774e-10, 2.27082283533e-10, 4.6493770639e-11, 2.11870437861e-10, 1.50622743444e-11, 5.15752544838e-12, 1.07519288611e-11, 3.17537294202e-12, 7.55512243478e-13, 3.24468804689e-13, 1.05092109602e-13, 7.46430437533e-14, 9.37448293363e-14, 5.21804550523e-14, 4.14554458469e-14, 5.7257746721e-14, 6.09835058428e-14, 4.85517252487e-14, 7.17672313721e-14, 8.44458644721e-14, 7.23640507867e-14, 3.30450253207e-14, 1.68767384508e-14, 1.61573482865e-14],
        "dvar2": [1.19772451512e-07, 2.14600845538e-07, 8.57105817431e-08, 3.20327266934e-08, 3.74090713962e-09, 2.06018242466e-08, 2.26741092568e-09, 1.09959046313e-08, 3.25617719454e-08, 1.81481816242e-08, 1.85537663011e-09, 3.12325276752e-09, 1.12687692511e-09, 5.14768949689e-10, 4.5409245808e-10, 5.06395092525e-10, 3.69935415634e-10, 6.18451123646e-10, 1.26295238156e-10, 2.97259189486e-10, 3.27840705971e-11, 1.57224771397e-11, 1.90040691517e-11, 5.57896090436e-12, 1.85457400305e-12, 8.71320810641e-13, 2.83234725821e-13, 1.8808727091e-13, 2.32124378313e-13, 1.27473010446e-13, 1.075430096e-13, 1.53859902791e-13, 1.67990892464e-13, 1.38948070714e-13, 2.11653096308e-13, 2.50376488205e-13, 2.14598467035e-13, 9.77040104095e-14, 4.99399580392e-14, 4.77706422867e-14],
        "max": [0.000950297515374, 0.00186544226017, 0.0017844135873, 0.000659693672787, 0.0002667386143, 0.000463604781544, 0.000170737577719, 0.000424727448262, 0.000787113676779, 0.000675518473145, 0.000180270246346, 0.000285766640445, 0.000159010320203, 8.51160511957e-05, 9.67298183241e-05, 9.40502868616e-05, 8.38695486891e-05, 0.000126682120026, 4.08976666222e-05, 0.000195678221644, 4.27271806984e-05, 1.28493084048e-05, 2.76477239822e-05, 1.61627358466e-05, 5.59026466362e-06, 3.92998026655e-06, 1.4240326891e-06, 1.28826468426e-06, 1.87643900063e-06, 9.17553734325e-07, 8.95658388345e-07, 1.34785511818e-06, 1.6325506067e-06, 1.73137186721e-06, 2.38480561165e-06, 2.64343179879e-06, 2.45268097387e-06, 1.65896494764e-06, 1.17905528896e-06, 1.18006960292e-06],
        "mean": [0.000152665292262, 0.000662938749883, 0.000476624554722, 0.000177736073965, 7.4552539445e-05, 6.85646227794e-05, 3.4596909245e-05, 4.23976816819e-05, 6.05106397416e-05, 4.33880632045e-05, 9.12948416953e-06, 9.88717783912e-06, 6.38803521724e-06, 6.36923505226e-06, 5.95861183683e-06, 6.55508392811e-06, 6.1864016061e-06, 6.20708442511e-06, 3.46323872691e-06, 6.52070229989e-06, 2.81749498754e-06, 1.96701353161e-06, 2.62352364189e-06, 1.53941903136e-06, 7.78309981797e-07, 4.88145872168e-07, 2.79691164451e-07, 1.95301652184e-07, 2.16532683339e-07, 1.53475923526e-07, 1.25548183405e-07, 1.27632333147e-07, 1.19197039794e-07, 8.88872193627e-08, 7.6676563765e-08, 6.2156445324e-08, 5.04064274764e-08, 3.43379475964e-08, 2.71643774141e-08, 2.30289032288e-08],
        "median": [0.000105309882201, 0.000662801263388, 0.00045370918815, 0.000148786362843, 5.76849633944e-05, 2.63363835984e-05, 2.00134600163e-05, 1.97303270397e-05, 2.33060309256e-05, 1.10544697236e-05, 4.09649783251e-06, 4.270089903e-06, 2.40506210503e-06, 1.897103175e-06, 2.18607669922e-06, 2.06966637961e-06, 2.02388469006e-06, 1.65184667367e-06, 1.11385429591e-06, 1.00508725609e-06, 1.11079009457e-06, 1.01636442196e-06, 7.46196917589e-07, 5.24132190094e-07, 3.80206444106e-07, 2.51232421533e-07, 1.50695939283e-07, 9.26445906657e-08, 9.81669430189e-08, 5.16889713253e-08, 4.65622100876e-08, 4.04291888856e-08, 3.94432895234e-08, 3.01713853901e-08, 2.6998947078e-08, 1.96971097211e-08, 1.45467931034e-08, 9.68112257027e-09, 8.25610602107e-09, 6.97869806388e-09],
        "min": [1.26389238631e-06, 1.39011797273e-06, 2.40747226599e-06, 7.21672131476e-06, 5.171777957e-06, 8.05217496236e-07, 7.07759454599e-07, 2.04673042958e-08, 3.34742367158e-07, 8.45195913257e-08, 2.35997941189e-08, 1.58371395997e-08, 2.95314830367e-08, 1.56177861754e-08, 1.19273053656e-08, 4.42199832307e-09, 8.17059131464e-09, 7.76434383454e-09, 5.79664494182e-09, 8.6621092521e-09, 5.3817803547e-09, 4.04368538653e-09, 4.55991511217e-09, 3.32499006106e-09, 2.37516828427e-09, 1.88051418881e-09, 5.86820703141e-10, 2.91741686365e-10, 2.39882114172e-10, 1.68472541473e-10, 6.07074945869e-11, 3.07926531495e-11, 1.21877551454e-11, 4.71477154193e-12, 2.80642002692e-12, 6.45801988275e-13, 2.6412457494e-14, 2.34040404109e-14, 1.66280156961e-14, 1.40914010468e-14],
        "var": [3.24004680863e-08, 1.76810445396e-07, 6.91056598612e-08, 1.58336721512e-08, 3.30363980616e-09, 8.77067041216e-09, 1.52404056042e-09, 4.53163107039e-09, 9.84648007574e-09, 9.44053013541e-09, 4.10504130688e-10, 6.45569986357e-10, 2.5582558294e-10, 1.42536163428e-10, 1.28960855883e-10, 1.5891164773e-10, 1.38191041943e-10, 1.75810754843e-10, 3.84714517188e-11, 4.98923513614e-10, 2.43719697202e-11, 6.67845466429e-12, 2.82689722325e-11, 8.45738062916e-12, 1.08026304915e-12, 3.81091208937e-13, 1.03993650171e-13, 6.35280131452e-14, 8.60367888587e-14, 4.70526090692e-14, 3.25190348011e-14, 4.12882957533e-14, 4.15205657399e-14, 3.06391434305e-14, 4.07649310358e-14, 4.54805023666e-14, 3.84624583159e-14, 1.77515405262e-14, 9.14492175833e-15, 8.74766076497e-15]
    },
    "mfcc": {
        "dmean": [44.6957855225, 24.4535064697, 19.3602275848, 11.175538063, 10.0535154343, 8.20844936371, 8.09146118164, 6.886302948, 6.2679400444, 6.83537244797, 5.65217113495, 5.71651220322, 5.14106559753],
        "dmean2": [72.3653564453, 40.4811096191, 30.6770401001, 18.064666748, 15.7073888779, 13.3167867661, 12.0821533203, 11.1806468964, 10.5974216461, 10.7399091721, 9.12909507751, 9.02541732788, 8.10505485535],
        "dvar": [1372.23730469, 393.363372803, 249.552932739, 94.0337753296, 79.3730773926, 43.2353210449, 44.4699821472, 30.3035030365, 25.1020946503, 38.2393760681, 24.687538147, 19.2531909943, 18.9305400848],
        "dvar2": [3539.40209961, 1071.3605957, 703.420715332, 209.138442993, 190.76159668, 102.5207901, 112.41771698, 77.9784927368, 77.7413406372, 66.2400283813, 63.8860206604, 52.0113677979, 44.6386604309],
        "max": [-667.584350586, 226.777557373, 98.6369934082, 72.3017044067, 44.3876724243, 34.8439445496, 24.2551651001, 26.836315155, 17.5681495667, 29.7208023071, 20.4926071167, 20.1249046326, 8.69263076782],
        "mean": [-767.91003418, 161.746780396, 8.86707115173, 29.851650238, 14.942949295, 7.18522500992, -4.98953580856, 4.33090257645, -0.168612465262, 2.57499909401, 2.44824886322, -1.02463400364, -5.72480773926],
        "median": [-761.270874023, 166.76550293, 9.44536590576, 26.9340591431, 15.0851554871, 7.31411552429, -3.52872467041, 3.88506698608, 0.180835723877, 2.4243927002, 1.30568313599, -1.41932106018, -5.59820556641],
        "min": [-965.079040527, 52.4394683838, -81.9180908203, -14.334980011, -18.2834281921, -26.1770439148, -38.6604919434, -20.1755371094, -21.1366100311, -19.7564239502, -10.9537849426, -15.9339370728, -22.3617687225],
        "var": [3253.23803711, 761.385803223, 817.03527832, 325.87689209, 173.444717407, 123.038909912, 140.462158203, 68.8096389771, 42.1563339233, 89.0537414551, 53.5523796082, 41.4866142273, 36.0477371216],
        "cov": [[3273.31982422, -827.417541504, -567.693115234, 30.5494728088, -121.289100647, -30.5178852081, -139.130508423, 17.8034629822, -26.7781333923, -11.2258462906, -17.3919734955, -15.5483455658, -42.1124992371], [-827.417541504, 766.085754395, -283.281555176, -248.218887329, -15.4332094193, -77.1940841675, 48.4366874695, -41.45753479, -17.0910949707, 41.4245529175, 54.2667999268, 16.4498710632, -1.6468886137], [-567.693115234, -283.281555176, 822.078674316, 175.256256104, -57.2443695068, 164.776794434, 108.566467285, 61.6327095032, 4.05165290833, -49.9660568237, -39.0108222961, -0.406622767448, 17.037065506], [30.5494728088, -248.218887329, 175.256256104, 327.88848877, 93.6372680664, 7.97550821304, -94.1507492065, 27.6761608124, 31.0218677521, -47.6712875366, -43.464263916, -0.0612478852272, 14.2892389297], [-121.289100647, -15.4332094193, -57.2443695068, 93.6372680664, 174.515365601, -17.0242996216, -57.3113555908, 1.86644411087, 9.63981437683, 15.1983509064, 12.253991127, 10.2013149261, 3.8739669323], [-30.5178852081, -77.1940841675, 164.776794434, 7.97550821304, -17.0242996216, 123.798408508, 66.9755096436, 11.5275316238, -3.15062856674, 4.91181087494, 10.6031475067, 8.30067539215, -6.27952861786], [-139.130508423, 48.4366874695, 108.566467285, -94.1507492065, -57.3113555908, 66.9755096436, 141.329208374, 20.9780597687, -18.7845573425, 17.7842922211, 25.9212760925, 14.9384241104, -1.58678030968], [17.8034629822, -41.45753479, 61.6327095032, 27.6761608124, 1.86644411087, 11.5275316238, 20.9780597687, 69.2343902588, 7.23117685318, -8.72275924683, 9.6782541275, 20.874256134, 1.12669432163], [-26.7781333923, -17.0910949707, 4.05165290833, 31.0218677521, 9.63981437683, -3.15062856674, -18.7845573425, 7.23117685318, 42.416557312, 13.9983844757, -9.57170009613, -2.43169498444, 1.95734417439], [-11.2258462906, 41.4245529175, -49.9660568237, -47.6712875366, 15.1983509064, 4.91181087494, 17.7842922211, -8.72275924683, 13.9983844757, 89.6034545898, 40.5693283081, -8.20613861084, -22.8963394165], [-17.3919734955, 54.2667999268, -39.0108222961, -43.464263916, 12.253991127, 10.6031475067, 25.9212760925, 9.6782541275, -9.57170009613, 40.5693283081, 53.8829498291, 15.7599134445, -13.718755722], [-15.5483455658, 16.4498710632, -0.406622767448, -0.0612478852272, 10.2013149261, 8.30067539215, 14.9384241104, 20.874256134, -2.43169498444, -8.20613861084, 15.7599134445, 41.7427062988, 12.6480579376], [-42.1124992371, -1.6468886137, 17.037065506, 14.2892389297, 3.8739669323, -6.27952861786, -1.58678030968, 1.12669432163, 1.95734417439, -22.8963394165, -13.718755722, 12.6480579376, 36.2702560425]],
        "icov": [[0.00107480515726, 0.00163334258832, 0.00149364955723, 7.0093060458e-06, 0.0015236272011, -0.000722303986549, 0.000718527589925, -0.000902582309209, 0.00148761773016, -0.000591230578721, 0.000303685112158, -0.000472832267405, 0.000215652471525], [0.00163334258832, 0.00458494154736, 0.00240323040634, 0.0012598807225, 0.00179179012775, 0.000452449166914, 5.56045188205e-06, 6.53881943435e-05, 0.000824974093121, 0.000302451662719, -0.00149317423347, -0.00117199716624, 0.000354906456778], [0.00149364955723, 0.00240323040634, 0.00460868841037, -0.00172899919562, 0.00290437508374, -0.00315140979365, -0.000931226764806, -0.00244252989069, 0.00256646913476, -0.000885574962012, 0.00152726483066, 0.00078048708383, -0.000853016448673], [7.0093060458e-06, 0.0012598807225, -0.00172899919562, 0.0080413594842, -0.00339258555323, -0.000374735856894, 0.00450877798721, -0.00147499563172, -0.00284483795986, 0.00237277429551, 0.000940101395827, -0.000674607406836, 0.000492243620101], [0.0015236272011, 0.00179179012775, 0.00290437508374, -0.00339258555323, 0.0111954640597, -0.002027354436, 0.00372648541816, -0.00166130333673, 0.00413365988061, -0.00421605166048, -0.00157003977802, -0.00228202901781, -0.00219203415327], [-0.000722303986549, 0.000452449166914, -0.00315140979365, -0.000374735856894, -0.002027354436, 0.0165131650865, -0.0080307116732, 0.005318751093, -0.00477129267529, 0.00294196582399, -0.00423416914418, -0.00260509806685, 0.00479034380987], [0.000718527589925, 5.56045188205e-06, -0.000931226764806, 0.00450877798721, 0.00372648541816, -0.0080307116732, 0.0195970237255, -0.00671148393303, 0.00785447191447, -0.00580908497795, 0.00125984824263, -0.0026845454704, -0.0039052311331], [-0.000902582309209, 6.53881943435e-05, -0.00244252989069, -0.00147499563172, -0.00166130333673, 0.005318751093, -0.00671148393303, 0.0245507881045, -0.0111872432753, 0.00818547978997, -0.0094789871946, -0.00811847206205, 0.00574216479436], [0.00148761773016, 0.000824974093121, 0.00256646913476, -0.00284483795986, 0.00413365988061, -0.00477129267529, 0.00785447191447, -0.0111872432753, 0.0426780544221, -0.0215522944927, 0.0216869525611, -0.00555297592655, -0.0046657435596], [-0.000591230578721, 0.000302451662719, -0.000885574962012, 0.00237277429551, -0.00421605166048, 0.00294196582399, -0.00580908497795, 0.00818547978997, -0.0215522944927, 0.0330541133881, -0.0280778910965, 0.0119608305395, 0.006497817114], [0.000303685112158, -0.00149317423347, 0.00152726483066, 0.000940101395827, -0.00157003977802, -0.00423416914418, 0.00125984824263, -0.0094789871946, 0.0216869525611, -0.0280778910965, 0.0588267408311, -0.023415774107, 0.0105020785704], [-0.000472832267405, -0.00117199716624, 0.00078048708383, -0.000674607406836, -0.00228202901781, -0.00260509806685, -0.0026845454704, -0.00811847206205, -0.00555297592655, 0.0119608305395, -0.023415774107, 0.0466862730682, -0.0180624183267], [0.000215652471525, 0.000354906456778, -0.000853016448673, 0.000492243620101, -0.00219203415327, 0.00479034380987, -0.0039052311331, 0.00574216479436, -0.0046657435596, 0.006497817114, 0.0105020785704, -0.0180624183267, 0.0433829426765]]
    }
}

}