{
"metadata": {
    "version": {
        "essentia": "2.0.1",
        "extractor": "archive-music 1.0 mod ismir14"
    },
    "audio_properties": {
        "analysis_sample_rate": 44100,
        "bitrate": 64,
        "channels": 2,
        "equal_loudness": 0,
        "length": 30.0669155121,
        "replay_gain": -13.4510478973,
        "downmix": "mix"
    },
    "tags": {
        "track": 0,
        "year": 0,
        "album": "",
        "artist": "",
        "comment": "",
        "genre": "",
        "title": ""
    }
},
"rhythm": {
    "bpm": 90.2969741821,
    "bpm_histogram_first_peak": 91,
    "bpm_histogram_first_peak_spread": 0.365853667259,
    "bpm_histogram_first_peak_weight": 0.604651153088,
    "bpm_histogram_second_peak": 83,
    "bpm_histogram_second_peak_spread": 0.5,
    "bpm_histogram_second_peak_weight": 0.0232558138669
},
"tonal": {
    "tuning_frequency": {
        "dmean": 0.28470903635,
        "dmean2": 0.55032479763,
        "dvar": 2.62835907936,
        "dvar2": 5.06719207764,
        "max": 452.37008667,
        "mean": 448.785430908,
        "median": 450.544708252,
        "min": 436.960693359,
        "var": 14.5357704163
    },
    "hpcp": {
        "dmean": [0.280595809221, 0.0749171152711, 0.156862542033, 0.165831878781, 0.378028005362, 0.293655782938, 0.11680932343, 0.310863643885, 0.12897656858, 0.0926566794515, 0.123399674892, 0.141089245677],
        "dmean2": [0.496051579714, 0.122113823891, 0.261019676924, 0.301840901375, 0.668198645115, 0.530982494354, 0.198246434331, 0.516887426376, 0.220602691174, 0.160088524222, 0.214449107647, 0.248252093792],
        "dvar": [0.0968906506896, 0.0082082208246, 0.0378756672144, 0.056257031858, 0.0912060886621, 0.0787136554718, 0.0157271530479, 0.0859754011035, 0.0287286471575, 0.0180218648165, 0.0265953838825, 0.034610491246],
        "dvar2": [0.172852829099, 0.0194995570928, 0.0896677970886, 0.162792727351, 0.240161687136, 0.183118849993, 0.0384299755096, 0.173617497087, 0.0878500342369, 0.051624417305, 0.0714676007628, 0.0953986123204],
        "max": [1, 0.576139092445, 1, 1, 1, 1, 0.7204657197, 1, 1, 1, 1, 1],
        "mean": [0.564511358738, 0.0824646428227, 0.185406908393, 0.150587975979, 0.408837676048, 0.382549345493, 0.130149573088, 0.428399384022, 0.118251167238, 0.0966833010316, 0.120695956051, 0.144811406732],
        "median": [0.577417373657, 0.0577183328569, 0.0977382212877, 0.0721626132727, 0.304812341928, 0.245551526546, 0.0733416751027, 0.288019061089, 0.0713441222906, 0.0679791793227, 0.0697197169065, 0.0866857245564],
        "min": [0.00557600427419, 0.00268098339438, 0.00974333565682, 0.00764543190598, 0.0122917657718, 0.0128312585875, 0.00473656738177, 0.00719911651686, 0.00159169407561, 0.00384841463529, 0.00321564986371, 0.00566014833748],
        "var": [0.157567456365, 0.0100800367072, 0.0465922094882, 0.0504601672292, 0.117648132145, 0.125658750534, 0.0192566849291, 0.14517404139, 0.0246288683265, 0.0146507062018, 0.0240239091218, 0.030538123101]
    }
},
"lowlevel": {
    "melbands": {
        "dmean": [6.55003677821e-05, 0.000167775491718, 4.86053213535e-05, 2.99038747471e-05, 2.77984636341e-05, 1.97673889488e-05, 2.80811455013e-05, 3.81070458388e-05, 6.84328188072e-05, 4.84868542117e-05, 1.8968794393e-05, 2.16009957512e-05, 2.81099710264e-05, 9.43032046052e-06, 1.71208321262e-05, 1.9135644834e-05, 5.20002367921e-06, 3.19754758493e-06, 1.39599649174e-06, 1.66654763234e-06, 3.15939587381e-06, 2.25951612265e-06, 4.18572290073e-06, 3.24510301652e-06, 1.82416022199e-06, 2.17068486563e-06, 1.96761766347e-06, 1.1345390476e-06, 4.93608581564e-07, 4.38501132294e-07, 2.08954887171e-07, 8.64578524329e-08, 4.74575294618e-08, 4.09116722722e-08, 3.4944314109e-08, 2.73585154531e-08, 1.79312458215e-08, 1.13769900167e-08, 3.5499438944e-09, 2.43742442896e-10],
        "dmean2": [0.000104358543467, 0.000277618149994, 8.59408610268e-05, 5.23288108525e-05, 4.92708641104e-05, 3.47756722476e-05, 4.92103281431e-05, 7.01717435732e-05, 0.000124513113406, 8.89988077688e-05, 3.64749248547e-05, 4.00420103688e-05, 5.16155450896e-05, 1.75355653482e-05, 3.06684996758e-05, 3.50021255144e-05, 9.8152213468e-06, 5.91354273638e-06, 2.54587871495e-06, 2.97625547319e-06, 5.74638306716e-06, 4.25819280281e-06, 7.9152341641e-06, 5.97625603405e-06, 3.37213759849e-06, 4.04800812248e-06, 3.65927417079e-06, 2.09564905163e-06, 9.12932193842e-07, 8.25226834422e-07, 3.92539050154e-07, 1.62018736205e-07, 8.81720296775e-08, 7.56914175781e-08, 6.4578465242e-08, 4.89825211503e-08, 3.30367271317e-08, 2.05991703695e-08, 6.43110897869e-09, 4.47091197397e-10],
        "dvar": [2.27200391834e-09, 1.78570651599e-08, 2.80761902616e-09, 5.96044547052e-10, 1.28322241721e-09, 4.37279851218e-10, 2.27912666517e-09, 2.43808906397e-09, 6.72127020707e-09, 9.73642233504e-09, 5.45648681793e-09, 1.16714393705e-09, 2.9759179565e-09, 2.06913569611e-10, 5.52972723167e-10, 9.77544933889e-10, 3.28761434742e-10, 4.4071548494e-11, 2.40911045453e-12, 1.71383968215e-12, 8.65065657996e-12, 5.22586487972e-12, 2.04801921949e-11, 8.42129317669e-12, 2.6031011114e-12, 4.78610553967e-12, 4.00435327258e-12, 1.30339337413e-12, 2.29627867285e-13, 2.11954301224e-13, 4.12275092808e-14, 7.53840180112e-15, 1.7884528934e-15, 1.19521706341e-15, 1.0062530126e-15, 5.97313076025e-16, 2.9300378423e-16, 1.42888581911e-16, 1.33454755769e-17, 7.46165703254e-20],
        "dvar2": [5.67208546798e-09, 4.76638213343e-08, 7.97244226192e-09, 1.69400515837e-09, 3.41696448913e-09, 1.11224318644e-09, 5.89342707968e-09, 7.24522619677e-09, 2.00294891783e-08, 2.63338826301e-08, 1.62881175214e-08, 3.45713613292e-09, 8.16932388403e-09, 6.09167938315e-10, 1.46474532503e-09, 2.5932205272e-09, 9.81729586513e-10, 1.28613716899e-10, 6.75971128031e-12, 4.65974698063e-12, 2.18104145855e-11, 1.41430868753e-11, 5.65607352621e-11, 2.30094172882e-11, 7.39536210048e-12, 1.31142510046e-11, 1.10050900684e-11, 3.59511942785e-12, 6.420567745e-13, 5.86270832229e-13, 1.17290508903e-13, 2.26353190477e-14, 5.54048231854e-15, 3.31782572505e-15, 2.90841404407e-15, 1.80275589175e-15, 9.25484185917e-16, 4.42872261733e-16, 4.12485325327e-17, 2.27333582459e-19],
        "max": [0.000294050580123, 0.000791708240286, 0.000403454469051, 0.000148942344822, 0.000306419562548, 0.000181829920621, 0.000455307221273, 0.000264575151959, 0.000432293309132, 0.00078552152263, 0.000680672004819, 0.000188710342627, 0.000340262515238, 8.60259096953e-05, 0.000117004827189, 0.000186002565897, 0.00016533100279, 4.77618232253e-05, 1.15284519779e-05, 6.57410600979e-06, 1.71965002664e-05, 1.10868768388e-05, 2.58191976172e-05, 1.50930372911e-05, 8.56780479808e-06, 1.16858864203e-05, 9.77694253379e-06, 6.77975549479e-06, 2.6619604796e-06, 2.91177002509e-06, 1.25465862766e-06, 6.83439964178e-07, 2.62623899516e-07, 2.1887235846e-07, 1.83198736181e-07, 1.42667843761e-07, 9.59884118856e-08, 6.88025849627e-08, 2.2431585478e-08, 2.25129470621e-09],
        "mean": [9.80368058663e-05, 0.000260637549218, 8.4035738837e-05, 3.96440300392e-05, 2.69299380307e-05, 2.1445172024e-05, 2.84128382191e-05, 3.42489838658e-05, 5.86402056797e-05, 3.55139854946e-05, 1.38124469231e-05, 1.71471019712e-05, 2.03483268706e-05, 8.23200207378e-06, 1.41605214594e-05, 1.49364632307e-05, 3.84888153349e-06, 2.75242905445e-06, 1.54943597863e-06, 1.87617069969e-06, 2.81999200524e-06, 2.09894278669e-06, 3.66363883586e-06, 2.7873190902e-06, 1.74306160261e-06, 1.98432189791e-06, 1.6166251271e-06, 9.56502503868e-07, 4.68778694085e-07, 3.73150697897e-07, 2.07609247127e-07, 1.08058223702e-07, 6.74216238394e-08, 5.78007828267e-08, 5.24806047508e-08, 4.34836060492e-08, 2.37548665183e-08, 1.58698991726e-08, 4.51512160993e-09, 2.83890577712e-10],
        "median": [9.23299885471e-05, 0.000220304893446, 7.11339816917e-05, 3.1555773603e-05, 1.68320129887e-05, 1.45468438859e-05, 1.55555153469e-05, 1.92761090148e-05, 3.12617157761e-05, 8.04659157438e-06, 5.44804288438e-06, 7.19402851246e-06, 4.05664513892e-06, 3.85316661777e-06, 5.53844893147e-06, 4.11566861658e-06, 1.63606284787e-06, 1.30159924083e-06, 1.16199089462e-06, 1.42319015595e-06, 1.74446142864e-06, 1.33918877054e-06, 2.13632688428e-06, 1.61279331223e-06, 1.2087310779e-06, 1.25820713492e-06, 8.66841332936e-07, 5.82446034514e-07, 3.09985125568e-07, 2.19080774855e-07, 1.57174895321e-07, 8.8530853759e-08, 5.6150607719e-08, 4.8305214051e-08, 4.58790800906e-08, 3.88899188408e-08, 1.89563742481e-08, 1.29555983719e-08, 3.43335737618e-09, 2.15887002719e-10],
        "min": [5.78063372814e-06, 1.21592493088e-05, 1.16852097563e-05, 4.44719626103e-06, 5.07037555053e-07, 8.89204670784e-07, 1.61438185842e-06, 1.09566053652e-06, 6.70428221383e-07, 6.31515320038e-07, 2.18194799118e-07, 5.35272590696e-07, 2.15530050696e-07, 4.51062021511e-07, 6.23303719749e-07, 3.93121837305e-07, 1.12261645313e-07, 2.19519421307e-07, 1.633941622e-07, 2.28050055284e-07, 2.53506442505e-07, 1.7018571441e-07, 1.44325056795e-07, 1.4244386648e-07, 1.57766422149e-07, 1.37523315402e-07, 7.9753782245e-08, 5.07390538473e-08, 4.26267483533e-08, 3.82279239375e-08, 2.14076774085e-08, 1.29891732925e-08, 9.53567802497e-09, 8.10454103828e-09, 5.87868198565e-09, 1.9895354253e-09, 2.82333223467e-09, 1.54559598453e-09, 8.01661848016e-10, 2.51082817732e-11],
        "var": [3.67609520602e-09, 2.97753892653e-08, 3.18913406794e-09, 7.68387020678e-10, 1.11718201357e-09, 5.08801945021e-10, 1.95801019842e-09, 1.95309968198e-09, 6.05565420031e-09, 6.7798966441e-09, 2.95277491347e-09, 8.46133829668e-10, 2.051480541e-09, 1.52744941695e-10, 4.42733516515e-10, 7.46793571427e-10, 1.76464440282e-10, 2.9164309856e-11, 2.15429605578e-12, 2.11064434159e-12, 8.37721211844e-12, 4.71399525317e-12, 1.65110425332e-11, 7.94337512433e-12, 2.38610325075e-12, 3.95095501454e-12, 3.28568010473e-12, 1.11155008808e-12, 2.00083683346e-13, 1.66111604181e-13, 3.59897421381e-14, 7.08862772964e-15, 1.93709616422e-15, 1.30841274654e-15, 9.13010566977e-16, 5.48878832128e-16, 2.65579980832e-16, 1.3529896818e-16, 1.21558012589e-17, 6.29097028358e-20]
    },
    "mfcc": {
        "dmean": [40.6487884521, 11.4981098175, 18.6970901489, 12.0100851059, 10.8342752457, 10.6225748062, 10.4484043121, 7.57267999649, 5.00739526749, 6.46841859818, 7.30913496017, 5.71375846863, 6.36800956726],
        "dmean2": [75.772064209, 19.3674678802, 32.1754302979, 19.1297473907, 18.9292964935, 17.7299537659, 16.8546962738, 12.584862709, 8.43307876587, 10.9403572083, 12.3239984512, 9.46514511108, 10.9662733078],
        "dvar": [802.334777832, 74.4905014038, 168.291107178, 89.2109527588, 59.8678436279, 77.313583374, 71.7893676758, 42.0212516785, 16.3183479309, 24.8343544006, 29.7257518768, 17.8708362579, 18.0626716614],
        "dvar2": [2490.25390625, 205.597213745, 533.278137207, 207.845352173, 186.970046997, 224.215881348, 193.298446655, 112.410324097, 37.7177085876, 67.4025726318, 72.1849746704, 53.389995575, 57.1163520813],
        "max": [-686.571350098, 173.56741333, 18.875377655, 72.5757522583, 17.7314872742, 37.3053855896, 28.4891738892, 45.8275260925, 4.50384140015, 33.0671691895, 17.2822685242, 29.3503379822, 10.3695030212],
        "mean": [-748.332458496, 142.308197021, -21.8590869904, 39.8784599304, -8.54114723206, 6.40617370605, 3.1762714386, 15.8171434402, -7.20676708221, 10.4707365036, -0.0250580552965, 12.6168727875, -2.87193822861],
        "median": [-747.304260254, 144.288024902, -22.5129737854, 38.3310852051, -9.73858642578, 6.9091835022, 2.9267578125, 15.600812912, -7.02120018005, 10.3683414459, -0.499588012695, 12.8947715759, -2.68320465088],
        "min": [-843.781921387, 108.408554077, -54.1712837219, 3.17263793945, -34.4550895691, -18.8242301941, -20.1567897797, -1.83767700195, -20.6977043152, -9.70783996582, -16.8999671936, -1.6658782959, -17.5977191925],
        "var": [911.73248291, 136.729431152, 258.730163574, 197.857406616, 101.730155945, 92.7216415405, 98.536567688, 63.7881507874, 30.2214450836, 54.5639915466, 48.137172699, 34.9695091248, 33.1748504639],
        "cov": [[917.360412598, -10.6582965851, -354.716278076, 11.6418905258, -179.792251587, -87.04347229, -46.4666633606, -15.5495300293, -41.6665267944, -20.2543087006, -46.4616470337, 3.91611385345, -50.2531051636], [-10.6582965851, 137.573440552, 21.5610237122, -111.03339386, -32.7030334473, 7.21695232391, 23.1879177094, 11.3833503723, -15.6368246078, 1.29633080959, 41.4321212769, 5.23184108734, -1.82777762413], [-354.716278076, 21.5610237122, 260.327270508, -24.6252326965, 94.4902114868, 29.647485733, -13.8009185791, 5.50148105621, 9.81505489349, 25.8043403625, 0.142126336694, -9.57593727112, 14.0763931274], [11.6418905258, -111.03339386, -24.6252326965, 199.07875061, 46.4621009827, -26.4907169342, -52.6069755554, -27.8943481445, 37.0942192078, 13.7974147797, -34.8041992188, -12.215306282, 19.3995323181], [-179.792251587, -32.7030334473, 94.4902114868, 46.4621009827, 102.358123779, 10.4065217972, -10.8247337341, -16.9885807037, 18.5814743042, 30.2713947296, -8.30765342712, 0.372172683477, 3.85505652428], [-87.04347229, 7.21695232391, 29.647485733, -26.4907169342, 10.4065217972, 93.2939910889, 59.5889167786, 15.7616558075, -9.1565694809, -6.43406867981, 32.1898193359, -6.48075485229, -14.9749860764], [-46.4666633606, 23.1879177094, -13.8009185791, -52.6069755554, -10.8247337341, 59.5889167786, 99.144821167, 42.3601646423, -8.40001869202, -15.8506345749, 29.3376140594, 14.2775354385, -10.2966413498], [-15.5495300293, 11.3833503723, 5.50148105621, -27.8943481445, -16.9885807037, 15.7616558075, 42.3601646423, 64.1819076538, 5.69269323349, -18.3528499603, 8.58091640472, 10.3327083588, 5.75810718536], [-41.6665267944, -15.6368246078, 9.81505489349, 37.0942192078, 18.5814743042, -9.1565694809, -8.40001869202, 5.69269323349, 30.4079990387, 19.7557868958, -1.78223085403, 1.64978408813, 9.80180740356], [-20.2543087006, 1.29633080959, 25.8043403625, 13.7974147797, 30.2713947296, -6.43406867981, -15.8506345749, -18.3528499603, 19.7557868958, 54.900806427, 9.05603885651, -2.43618440628, -1.46447730064], [-46.4616470337, 41.4321212769, 0.142126336694, -34.8041992188, -8.30765342712, 32.1898193359, 29.3376140594, 8.58091640472, -1.78223085403, 9.05603885651, 48.4343185425, 10.017124176, -5.00748300552], [3.91611385345, 5.23184108734, -9.57593727112, -12.215306282, 0.372172683477, -6.48075485229, 14.2775354385, 10.3327083588, 1.64978408813, -2.43618440628, 10.017124176, 35.1853675842, 8.92535209656], [-50.2531051636, -1.82777762413, 14.0763931274, 19.3995323181, 3.85505652428, -14.9749860764, -10.2966413498, 5.75810718536, 9.80180740356, -1.46447730064, -5.00748300552, 8.92535209656, 33.3796310425]],
        "icov": [[0.00760069303215, -0.0058730035089, 0.00825886894017, -0.00513360230252, 0.00848715752363, -0.00527875544503, 0.0079508498311, -0.00858385115862, 0.0147802131251, -0.0137727418914, 0.0167955495417, -0.0106533635408, 0.0116307483986], [-0.0058730035089, 0.0246012862772, -0.00853943172842, 0.0134636145085, -0.00453003356233, 0.0122203128412, -0.0085366833955, 0.00968910381198, -0.0128688309342, 0.0124922674149, -0.0300254877657, 0.0159473903477, -0.0144590474665], [0.00825886894017, -0.00853943172842, 0.0186166968197, -0.00197900319472, -0.0012158312602, -0.0109812160954, 0.014901695773, -0.0145108820871, 0.0173513107002, -0.0159950107336, 0.0205467473716, -0.00865691993386, 0.00717960530892], [-0.00513360230252, 0.0134636145085, -0.00197900319472, 0.0198283344507, -0.0114740235731, 0.00354035571218, -0.00163690152112, 0.00989343971014, -0.02422898449, 0.0147716933861, -0.0153591847047, 0.0138394292444, -0.0152206132188], [0.00848715752363, -0.00453003356233, -0.0012158312602, -0.0114740235731, 0.0363336242735, -0.00774909649044, 0.00313547533005, -0.0015776255168, 0.0116863567382, -0.0225367285311, 0.0243603698909, -0.0208366531879, 0.0180827714503], [-0.00527875544503, 0.0122203128412, -0.0109812160954, 0.00354035571218, -0.00774909649044, 0.03715409711, -0.0241735074669, 0.0103613790125, -0.00651499535888, 0.0161255821586, -0.0347814932466, 0.023352721706, -0.00522715365514], [0.0079508498311, -0.0085366833955, 0.014901695773, -0.00163690152112, 0.00313547533005, -0.0241735074669, 0.0402685105801, -0.0246276836842, 0.017364917323, -0.0146158952266, 0.0194247346371, -0.0207172427326, 0.0143459979445], [-0.00858385115862, 0.00968910381198, -0.0145108820871, 0.00989343971014, -0.0015776255168, 0.0103613790125, -0.0246276836842, 0.044894002378, -0.0411525033414, 0.0292036700994, -0.0204751994461, 0.0113933151588, -0.0152862071991], [0.0147802131251, -0.0128688309342, 0.0173513107002, -0.02422898449, 0.0116863567382, -0.00651499535888, 0.017364917323, -0.0411525033414, 0.110627762973, -0.0578271783888, 0.0312172472477, -0.0207530651242, 0.0117039727047], [-0.0137727418914, 0.0124922674149, -0.0159950107336, 0.0147716933861, -0.0225367285311, 0.0161255821586, -0.0146158952266, 0.0292036700994, -0.0578271783888, 0.0654805526137, -0.045256100595, 0.0250043459237, -0.0152212502435], [0.0167955495417, -0.0300254877657, 0.0205467473716, -0.0153591847047, 0.0243603698909, -0.0347814932466, 0.0194247346371, -0.0204751994461, 0.0312172472477, -0.045256100595, 0.0922622531652, -0.0440174005926, 0.029468299821], [-0.0106533635408, 0.0159473903477, -0.00865691993386, 0.0138394292444, -0.0208366531879, 0.023352721706, -0.0207172427326, 0.0113933151588, -0.0207530651242, 0.0250043459237, -0.0440174005926, 0.0623984783888, -0.0311277937144], [0.0116307483986, -0.0144590474665, 0.00717960530892, -0.0152206132188, 0.0180827714503, -0.00522715365514, 0.0143459979445, -0.0152862071991, 0.0117039727047, -0.0152212502435, 0.029468299821, -0.0311277937144, 0.0637631043792]]
    }
}

}