{
"metadata": {
    "version": {
        "essentia": "2.0.1",
        "extractor": "archive-music 1.0 mod ismir14"
    },
    "audio_properties": {
        "analysis_sample_rate": 44100,
        "bitrate": 128,
        "channels": 2,
        "equal_loudness": 0,
        "length": 30.0669155121,
        "replay_gain": -9.77210235596,
        "downmix": "mix"
    },
    "tags": {
        "track": 0,
        "year": 0,
        "album": "",
        "artist": "",
        "comment": "",
        "genre": "",
        "title": ""
    }
},
"rhythm": {
    "bpm": 172.265594482,
    "bpm_histogram_first_peak": 172,
    "bpm_histogram_first_peak_spread": 0,
    "bpm_histogram_first_peak_weight": 0.5,
    "bpm_histogram_second_peak": 178,
    "bpm_histogram_second_peak_spread": 0,
    "bpm_histogram_second_peak_weight": 0.27380952239
},
"tonal": {
    "tuning_frequency": {
        "dmean": 0.0615518577397,
        "dmean2": 0.116429485381,
        "dvar": 1.00088250637,
        "dvar2": 2.05087089539,
        "max": 456.570251465,
        "mean": 434.321411133,
        "median": 434.193115234,
        "min": 431.443084717,
        "var": 4.12787675858
    },
    "hpcp": {
        "dmean": [0.136168763041, 0.117936737835, 0.162142649293, 0.13502804935, 0.0810807943344, 0.0742497220635, 0.0988475680351, 0.0902388393879, 0.106501445174, 0.0940872430801, 0.110146395862, 0.0844913572073],
        "dmean2": [0.256185382605, 0.22050075233, 0.298176229, 0.251769840717, 0.15348367393, 0.137257605791, 0.187932401896, 0.168889611959, 0.199615851045, 0.171195477247, 0.198991984129, 0.157659083605],
        "dvar": [0.0793763622642, 0.0668036192656, 0.0855436697602, 0.0748478770256, 0.0508568957448, 0.0420441776514, 0.0685247033834, 0.0551641285419, 0.0663321763277, 0.051007039845, 0.0552783869207, 0.0461710318923],
        "dvar2": [0.226924628019, 0.175482854247, 0.228043138981, 0.202255472541, 0.141356542706, 0.11374733597, 0.184472858906, 0.146441936493, 0.185237810016, 0.146820694208, 0.143461316824, 0.127682462335],
        "max": [1, 1, 1, 1, 1, 1, 1, 1, 1, 1, 1, 1],
        "mean": [0.122375786304, 0.134377583861, 0.152111545205, 0.294761747122, 0.0583312511444, 0.0878804326057, 0.132187351584, 0.113890044391, 0.0806602761149, 0.0913614034653, 0.244209483266, 0.0734307765961],
        "median": [0.00864663068205, 0.00723805883899, 0.0192414242774, 0.0161902774125, 0.000706926221028, 0.00585318217054, 0.000446512218332, 0.00201192451641, 0.00140983285382, 0.00235229032114, 0.0269028563052, 0.00264107109979],
        "min": [0, 0, 0, 0, 0, 0, 0, 0, 0, 0, 0, 0],
        "var": [0.0731505453587, 0.0826714113355, 0.0825516358018, 0.174565464258, 0.0386927872896, 0.0555189996958, 0.100331902504, 0.0817720666528, 0.0549387596548, 0.0543657764792, 0.141711696982, 0.0416615866125]
    }
},
"lowlevel": {
    "melbands": {
        "dmean": [8.65806669026e-06, 0.000140994234243, 0.000364662526408, 0.00130843289662, 0.00149235280696, 0.000778200977948, 0.000266607879894, 0.000204115523957, 0.000111860084871, 7.40743489587e-05, 4.75515262224e-05, 3.61886013707e-05, 5.11315520271e-05, 2.57337669609e-05, 2.40636927629e-05, 1.87267069123e-05, 3.42296771123e-05, 2.0567817046e-05, 2.24401173909e-05, 6.7667156145e-06, 9.54677670961e-06, 8.77606998984e-06, 5.58963392905e-06, 6.68603433951e-06, 1.3886103261e-05, 1.30723101393e-05, 4.94733922096e-06, 2.62771663984e-06, 7.81387200277e-07, 4.95021708957e-07, 2.1068618139e-07, 3.82558695833e-08, 5.61971313928e-09, 1.43460932023e-09, 5.83185111314e-10, 2.58469579073e-10, 1.10502988704e-10, 6.42804767748e-11, 5.46933331957e-11, 2.9141845187e-11],
        "dmean2": [1.37746646942e-05, 0.000226776261115, 0.000633852672763, 0.00202849158086, 0.00231358432211, 0.00120342883747, 0.000383944745408, 0.000301496882457, 0.00015087761858, 9.40208046813e-05, 5.40120418009e-05, 4.50574370916e-05, 5.73803008592e-05, 3.12273659802e-05, 3.12084666803e-05, 2.58900599874e-05, 4.4503249228e-05, 2.98425402434e-05, 3.28961323248e-05, 9.91835804598e-06, 1.44458335853e-05, 1.277701449e-05, 7.56025519877e-06, 9.52100253926e-06, 1.92446750589e-05, 1.73921162059e-05, 7.18442379366e-06, 3.88876651414e-06, 1.12429017918e-06, 6.96826987223e-07, 3.14854673888e-07, 5.53590382424e-08, 7.70079999768e-09, 2.10032835568e-09, 9.12896813698e-10, 4.02349958906e-10, 1.83168591406e-10, 1.17497275798e-10, 1.02783920264e-10, 5.37714907323e-11],
        "dvar": [2.58396998243e-10, 4.77313726321e-08, 6.00873477197e-07, 6.88673844706e-06, 8.69363157108e-06, 2.16246871787e-06, 2.99115100688e-07, 2.58725179947e-07, 1.84926221891e-07, 1.29884952571e-07, 3.4541979943e-08, 2.49615883519e-08, 5.02046120232e-08, 1.09015276806e-08, 2.11266257821e-08, 2.96776403452e-09, 1.1632573127e-08, 2.72560018999e-09, 2.93352608871e-09, 2.9089330944e-10, 7.13228975879e-10, 6.49596598734e-10, 3.62275570653e-10, 3.44282907738e-10, 2.26059704289e-09, 2.24526486292e-09, 3.00800606645e-10, 1.19224213835e-10, 9.13103100075e-12, 9.6220384091e-12, 2.83971587564e-12, 6.63787601274e-14, 2.41161291512e-15, 5.83281578207e-17, 4.58090265767e-18, 9.43756210256e-19, 3.42669469068e-19, 4.13341376611e-19, 4.6888288413e-19, 2.00589618333e-20],
        "dvar2": [6.74009958956e-10, 1.17655680754e-07, 1.88594219708e-06, 1.75835248228e-05, 2.32657766901e-05, 5.4390884543e-06, 5.51467053356e-07, 4.74697742447e-07, 3.27475618178e-07, 2.3559090323e-07, 4.35586962055e-08, 3.9470233304e-08, 6.48630731348e-08, 1.74399108488e-08, 4.10783833615e-08, 5.28793364651e-09, 1.92311713221e-08, 5.82301140639e-09, 6.01453287175e-09, 6.90067614162e-10, 1.70744374195e-09, 1.50923762376e-09, 6.65291544077e-10, 7.00180691204e-10, 4.25538804194e-09, 4.82477169328e-09, 7.25347171215e-10, 2.84743423284e-10, 1.8031012447e-11, 2.04353652056e-11, 6.87625390655e-12, 1.62223018222e-13, 4.08694498193e-15, 1.12175723109e-16, 1.00150785131e-17, 2.2794750557e-18, 9.56609873192e-19, 1.22469910972e-18, 1.38258617517e-18, 5.90970529091e-20],
        "max": [0.000375457835617, 0.00768094044179, 0.0153471697122, 0.0998257994652, 0.0718816369772, 0.0185368806124, 0.0106524880975, 0.0115434331819, 0.0124370772392, 0.0106464270502, 0.00735434750095, 0.00451069325209, 0.00682466849685, 0.00332243111916, 0.00542214978486, 0.00191454170272, 0.0051590166986, 0.000986275728792, 0.00183744437527, 0.000433910783613, 0.000453049811767, 0.000555335136596, 0.000438841758296, 0.000479087175336, 0.00184447376523, 0.00137183780316, 0.000458906491986, 0.000257093633991, 9.78457101155e-05, 0.000130526794237, 7.73736173869e-05, 1.02027770481e-05, 2.81237498712e-06, 2.63300734105e-07, 8.12838436559e-08, 2.41090276631e-08, 1.7424131471e-08, 1.72152407885e-08, 2.0554574931e-08, 3.85408283066e-09],
        "mean": [1.20579734357e-05, 0.000243908900302, 0.000573675031774, 0.00310292863287, 0.0034615311306, 0.00169258215465, 0.000672999536619, 0.000534685561433, 0.000283183035208, 0.000169859325979, 0.000154207533342, 8.88840149855e-05, 0.000144301986438, 6.17615587544e-05, 4.71177881991e-05, 4.05361715821e-05, 7.74275904405e-05, 4.00845710828e-05, 5.16823674843e-05, 1.51646299855e-05, 1.75069835677e-05, 1.54475146701e-05, 1.01084060589e-05, 1.36192056743e-05, 2.9204549719e-05, 3.12223710353e-05, 8.93081505637e-06, 4.33471586803e-06, 1.51265066961e-06, 8.90562205313e-07, 3.53977185341e-07, 6.27893825822e-08, 1.00124273317e-08, 2.84815349083e-09, 1.13918574574e-09, 4.90024687494e-10, 1.96586025236e-10, 7.37981897814e-11, 4.26398187592e-11, 2.2639449343e-11],
        "median": [5.86633586863e-06, 0.000114247130114, 0.000228361299378, 0.000999488634989, 0.00145890470594, 0.000791825936176, 0.000281533517409, 0.000142232252983, 5.85103116464e-05, 1.28851961563e-05, 1.04038208519e-05, 5.89946330365e-06, 8.10807341622e-06, 7.43202963349e-06, 6.1095493038e-06, 6.92511594025e-06, 1.39915546242e-05, 1.03128813862e-05, 1.33810272018e-05, 3.84434270018e-06, 4.07263405577e-06, 3.5604562072e-06, 1.58476245815e-06, 2.27653049478e-06, 4.63875358037e-06, 3.90666627936e-06, 1.36224741709e-06, 4.03569231366e-07, 1.04360154296e-07, 4.29297450921e-08, 1.32063675551e-08, 3.5027347689e-09, 1.41726697045e-09, 8.03785593639e-10, 4.67928695791e-10, 2.17881906961e-10, 1.00884398058e-10, 3.83177933827e-11, 1.29403007407e-11, 5.67402635293e-12],
        "min": [3.87922728796e-23, 2.77412403652e-23, 2.0816291173e-23, 1.2524133225e-23, 1.45142738833e-23, 2.36430290765e-23, 2.88085691699e-23, 9.83575915773e-24, 2.80478611327e-23, 2.02326051006e-23, 7.65749489509e-24, 3.23954281981e-23, 9.18535754087e-24, 1.50879713989e-23, 4.01695766884e-23, 1.26869990809e-23, 3.43072641564e-23, 2.96143085431e-23, 1.06105956938e-23, 2.02773027484e-24, 3.89728841615e-24, 1.04555095841e-23, 1.90358163327e-23, 6.40448022392e-23, 2.56140532684e-23, 3.44239934822e-23, 9.07457938168e-24, 1.88144004316e-23, 4.08435258033e-23, 2.03173161401e-23, 1.63244335594e-23, 1.31045171256e-23, 1.26387223712e-23, 1.71511108787e-23, 2.25882857586e-23, 2.19967315875e-23, 1.95088930621e-23, 2.01568318552e-23, 1.20970021213e-23, 1.85109808616e-23],
        "var": [5.36021171893e-10, 3.24210503777e-07, 1.2061752841e-06, 4.23150268034e-05, 2.67571285804e-05, 4.95279391544e-06, 1.09781558422e-06, 1.21272023534e-06, 8.13370604646e-07, 3.37553217378e-07, 2.80519174112e-07, 1.33324618901e-07, 3.31473046344e-07, 5.15782794253e-08, 4.85185580601e-08, 1.24190009387e-08, 9.25039174149e-08, 7.69829622271e-09, 1.29926176484e-08, 8.80242323475e-10, 1.40590106223e-09, 1.34912692129e-09, 8.88631723761e-10, 1.24308763283e-09, 8.01629429503e-09, 9.90105952781e-09, 5.68808722345e-10, 2.07606584701e-10, 3.49526692311e-11, 2.84613062285e-11, 6.38153982782e-12, 1.32550003959e-13, 7.94158524885e-15, 2.03004720404e-16, 1.14705780744e-17, 1.85381163479e-18, 3.47203168457e-19, 2.18824789088e-19, 2.4961956007e-19, 1.18317208711e-20]
    },
    "mfcc": {
        "dmean": [16.8977546692, 8.00922584534, 11.6725931168, 8.22230434418, 7.58957767487, 6.84438896179, 6.45833683014, 6.67329788208, 6.15669870377, 6.06244277954, 6.01375627518, 5.67392730713, 5.39792251587],
        "dmean2": [19.6138381958, 11.7190027237, 15.6543312073, 11.3904380798, 11.0493545532, 10.2997217178, 10.0454750061, 9.89743328094, 9.51062011719, 9.43499279022, 9.26937961578, 8.82413673401, 8.51779651642],
        "dvar": [599.40838623, 64.2439575195, 202.861068726, 53.2799339294, 41.7294616699, 36.254863739, 28.7228183746, 33.2209815979, 24.6238536835, 24.4574699402, 25.3017177582, 21.8426990509, 19.6476421356],
        "dvar2": [778.000793457, 103.954696655, 297.623779297, 91.2432632446, 83.0991668701, 75.8420791626, 69.5132369995, 69.2323532104, 57.099357605, 59.548286438, 56.8452835083, 51.9331665039, 46.1558074951],
        "max": [-613.703308105, 286.617340088, 111.200012207, 146.723449707, 65.0959320068, 39.8814849854, 51.326499939, 23.9972324371, 20.5062522888, 34.2727050781, 21.7954521179, 27.0456104279, 28.567073822],
        "mean": [-754.511474609, 219.287582397, -49.1479187012, 40.7285957336, 6.17339897156, -25.8616733551, -5.50715017319, -32.9447212219, -24.3790397644, -7.07423448563, -11.0613470078, -14.2558498383, -7.25293445587],
        "median": [-742.738647461, 221.380706787, -58.0142631531, 40.2840156555, 9.61274719238, -25.8812217712, -4.89573287964, -34.8311157227, -24.4061813354, -6.06462860107, -9.78147697449, -13.8748474121, -7.15088272095],
        "min": [-1138.42004395, 1.14440917969e-05, -138.987487793, -28.126625061, -72.2433319092, -86.2101135254, -43.2278594971, -78.9397888184, -63.9810562134, -61.5205230713, -70.8885192871, -57.5864219666, -40.0324668884],
        "var": [5169.65722656, 747.075012207, 2104.83081055, 717.342224121, 531.850524902, 355.89465332, 146.664749146, 273.347137451, 138.69708252, 204.173995972, 154.50869751, 111.20085144, 112.648841858],
        "cov": [[5171.65332031, 56.6680793762, -2973.00683594, 954.549804688, -878.468811035, -650.32232666, 230.998718262, -304.374023438, 9.98223495483, -185.508850098, -60.4200057983, -13.9817705154, -137.343612671], [56.6680793762, 747.363464355, 316.368286133, -405.763793945, 74.55418396, -113.956130981, -48.53074646, 137.455062866, -47.6945571899, -28.8510169983, -32.2098236084, -27.9890499115, -26.9159984589], [-2973.00683594, 316.368286133, 2105.64355469, -607.587341309, 454.037017822, 383.351257324, -175.539428711, 210.997955322, -8.15221309662, 57.9828071594, 20.9448604584, -3.8643219471, 43.9392318726], [954.549804688, -405.763793945, -607.587341309, 717.619140625, -63.7250366211, -62.5995292664, 55.7580108643, -247.643264771, -3.63212013245, 7.08633804321, -33.3418312073, -0.0318104848266, -10.5273447037], [-878.468811035, 74.55418396, 454.037017822, -63.7250366211, 532.055908203, 195.229553223, -82.865524292, -32.2827911377, -65.8606796265, 129.67527771, 18.1495037079, -20.4230632782, 63.2199325562], [-650.32232666, -113.956130981, 383.351257324, -62.5995292664, 195.229553223, 356.032073975, -1.60812354088, -49.178440094, 21.0591659546, 67.7580871582, 70.6182937622, 24.2806434631, 38.7049674988], [230.998718262, -48.53074646, -175.539428711, 55.7580108643, -82.865524292, -1.60812354088, 146.721374512, 24.5989246368, -9.80216789246, 1.82912838459, 1.67898917198, 16.591917038, 4.49497842789], [-304.374023438, 137.455062866, 210.997955322, -247.643264771, -32.2827911377, -49.178440094, 24.5989246368, 273.452667236, 55.8983879089, -81.1387252808, 1.53000426292, 3.20476937294, -13.4850034714], [9.98223495483, -47.6945571899, -8.15221309662, -3.63212013245, -65.8606796265, 21.0591659546, -9.80216789246, 55.8983879089, 138.750640869, -11.7742109299, -19.6709117889, 17.1468982697, -8.04143619537], [-185.508850098, -28.8510169983, 57.9828071594, 7.08633804321, 129.67527771, 67.7580871582, 1.82912838459, -81.1387252808, -11.7742109299, 204.252822876, 69.3239517212, -30.5079517365, 44.9085769653], [-60.4200057983, -32.2098236084, 20.9448604584, -33.3418312073, 18.1495037079, 70.6182937622, 1.67898917198, 1.53000426292, -19.6709117889, 69.3239517212, 154.568359375, 34.8810768127, -0.455719947815], [-13.9817705154, -27.9890499115, -3.8643219471, -0.0318104848266, -20.4230632782, 24.2806434631, 16.591917038, 3.20476937294, 17.1468982697, -30.5079517365, 34.8810768127, 111.243789673, 31.9190692902], [-137.343612671, -26.9159984589, 43.9392318726, -10.5273447037, 63.2199325562, 38.7049674988, 4.49497842789, -13.4850034714, -8.04143619537, 44.9085769653, -0.455719947815, 31.9190692902, 112.692337036]],
        "icov": [[0.0813140049577, -0.112608388066, 0.110886707902, -0.104194641113, 0.0978636667132, -0.0888869687915, 0.0783735588193, -0.0676128044724, 0.0555662699044, -0.0421560779214, 0.0300655122846, -0.0190678294748, 0.00993447564542], [-0.112608388066, 0.158513471484, -0.153823271394, 0.146153599024, -0.136664539576, 0.125198155642, -0.109693661332, 0.0950627923012, -0.0775925591588, 0.0595330558717, -0.0422275215387, 0.0270092133433, -0.0134147312492], [0.110886707902, -0.153823271394, 0.152483016253, -0.142295524478, 0.134074017406, -0.123590938747, 0.109495148063, -0.094935387373, 0.0781326666474, -0.0597977675498, 0.0434824675322, -0.0277845486999, 0.0146127808839], [-0.104194641113, 0.146153599024, -0.142295524478, 0.138398498297, -0.128206789494, 0.118015982211, -0.105294272304, 0.0935695022345, -0.0761011317372, 0.0590951368213, -0.0422535762191, 0.0276496242732, -0.0138644818217], [0.0978636667132, -0.136664539576, 0.134074017406, -0.128206789494, 0.12446705997, -0.113348767161, 0.101834610105, -0.0890093743801, 0.0752290934324, -0.0593757517636, 0.0434604920447, -0.0279932655394, 0.013903176412], [-0.0888869687915, 0.125198155642, -0.123590938747, 0.118015982211, -0.113348767161, 0.110008247197, -0.0964781045914, 0.0864591598511, -0.0727722123265, 0.0572195388377, -0.0446061640978, 0.0284776892513, -0.0154569810256], [0.0783735588193, -0.109693661332, 0.109495148063, -0.105294272304, 0.101834610105, -0.0964781045914, 0.0958997234702, -0.0811187848449, 0.0686028674245, -0.0556616559625, 0.0425375923514, -0.0296430867165, 0.0149092497304], [-0.0676128044724, 0.0950627923012, -0.094935387373, 0.0935695022345, -0.0890093743801, 0.0864591598511, -0.0811187848449, 0.0791655927896, -0.0643234997988, 0.0536989122629, -0.0413246452808, 0.0287410765886, -0.015290514566], [0.0555662699044, -0.0775925591588, 0.0781326666474, -0.0761011317372, 0.0752290934324, -0.0727722123265, 0.0686028674245, -0.0643234997988, 0.062200114131, -0.0461615808308, 0.037545569241, -0.0267178528011, 0.0145263131708], [-0.0421560779214, 0.0595330558717, -0.0597977675498, 0.0590951368213, -0.0593757517636, 0.0572195388377, -0.0556616559625, 0.0536989122629, -0.0461615808308, 0.047408092767, -0.0355578288436, 0.026827018708, -0.0159482732415], [0.0300655122846, -0.0422275215387, 0.0434824675322, -0.0422535762191, 0.0434604920447, -0.0446061640978, 0.0425375923514, -0.0413246452808, 0.037545569241, -0.0355578288436, 0.0356881394982, -0.0234110336751, 0.0135771613568], [-0.0190678294748, 0.0270092133433, -0.0277845486999, 0.0276496242732, -0.0279932655394, 0.0284776892513, -0.0296430867165, 0.0287410765886, -0.0267178528011, 0.026827018708, -0.0234110336751, 0.0272864084691, -0.0132473222911], [0.00993447564542, -0.0134147312492, 0.0146127808839, -0.0138644818217, 0.013903176412, -0.0154569810256, 0.0149092497304, -0.015290514566, 0.0145263131708, -0.0159482732415, 0.0135771613568, -0.0132473222911, 0.0170684754848]]
    }
}

}