{
"metadata": {
    "version": {
        "essentia": "2.0.1",
        "extractor": "archive-music 1.0 mod ismir14"
    },
    "audio_properties": {
        "analysis_sample_rate": 44100,
        "bitrate": 128,
        "channels": 2,
        "equal_loudness": 0,
        "length": 30.0669155121,
        "replay_gain": -14.3525009155,
        "downmix": "mix"
    },
    "tags": {
        "track": 0,
        "year": 0,
        "album": "",
        "artist": "",
        "comment": "",
        "genre": "",
        "title": ""
    }
},
"rhythm": {
    "bpm": 109.27457428,
    "bpm_histogram_first_peak": 110,
    "bpm_histogram_first_peak_spread": 0.490566015244,
    "bpm_histogram_first_peak_weight": 0.509433984756,
    "bpm_histogram_second_peak": 0,
    "bpm_histogram_second_peak_spread": 0,
    "bpm_histogram_second_peak_weight": 0
},
"tonal": {
    "tuning_frequency": {
        "dmean": 0.0541401393712,
        "dmean2": 0.104756884277,
        "dvar": 0.648649096489,
        "dvar2": 1.63200676441,
        "max": 454.202880859,
        "mean": 434.612945557,
        "median": 434.193115234,
        "min": 433.441375732,
        "var": 4.25902605057
    },
    "hpcp": {
        "dmean": [0.153063818812, 0.187297955155, 0.259867250919, 0.282682776451, 0.222155034542, 0.152601122856, 0.122600786388, 0.135204985738, 0.204890444875, 0.11176122725, 0.132932350039, 0.142203494906],
        "dmean2": [0.290742188692, 0.359200924635, 0.499926269054, 0.538945496082, 0.427053630352, 0.281157195568, 0.229781031609, 0.252208530903, 0.384019613266, 0.213953047991, 0.253872722387, 0.274674892426],
        "dvar": [0.086457811296, 0.115392208099, 0.152260124683, 0.14603357017, 0.131006240845, 0.0837108194828, 0.0744959786534, 0.0745418146253, 0.0993269011378, 0.0698478594422, 0.0799546316266, 0.0870646685362],
        "dvar2": [0.237672924995, 0.315678596497, 0.415260821581, 0.379921317101, 0.346599519253, 0.226001992822, 0.204596534371, 0.203958153725, 0.26908993721, 0.202430859208, 0.237949386239, 0.244353830814],
        "max": [1, 1, 1, 1, 1, 1, 1, 1, 1, 1, 1, 1],
        "mean": [0.11803367734, 0.126327991486, 0.185842707753, 0.244763106108, 0.148877948523, 0.131540969014, 0.0912241339684, 0.117642179132, 0.221828535199, 0.071484208107, 0.0982435941696, 0.0902067348361],
        "median": [0.00708334846422, 0.00318034924567, 0.005944525823, 0.0209339633584, 0.00314813363366, 0.00929612759501, 0.00226799515076, 0.00473682116717, 0.0243211593479, 0.00193395512179, 0.00459572998807, 0.00284324446693],
        "min": [0, 0, 0, 0, 0, 0, 0, 0, 0, 0, 0, 0],
        "var": [0.0705700144172, 0.0838488265872, 0.124935559928, 0.143463641405, 0.100799299777, 0.0780232325196, 0.0590719431639, 0.0719223096967, 0.123899668455, 0.0453625172377, 0.0609007701278, 0.0581050515175]
    }
},
"lowlevel": {
    "melbands": {
        "dmean": [0.0017536621308, 0.00557683687657, 0.00515332911164, 0.0021591084078, 0.00091781449737, 0.00060332386056, 0.000357931479812, 0.000333452277118, 0.000426909071393, 0.00032185157761, 7.43243799661e-05, 8.6196254415e-05, 5.60495500395e-05, 4.93672305311e-05, 5.5564167269e-05, 5.58769279451e-05, 6.23395535513e-05, 5.02670663991e-05, 2.61188906734e-05, 5.18393389939e-05, 2.41571160586e-05, 1.6675072402e-05, 1.97845984076e-05, 1.16122228064e-05, 6.36795857645e-06, 4.43462931798e-06, 2.45580258706e-06, 1.69181089404e-06, 1.85313967904e-06, 1.31811202664e-06, 1.08421431833e-06, 1.04076218577e-06, 9.33501667078e-07, 6.42147369945e-07, 5.31721639163e-07, 3.70424913854e-07, 1.98254369366e-07, 6.14020123635e-08, 1.56404631468e-08, 1.71624969791e-09],
        "dmean2": [0.0028882920742, 0.00942089408636, 0.00858037173748, 0.00356262992136, 0.00151529500727, 0.00105118681677, 0.000611792842392, 0.000503432413097, 0.000618808611762, 0.000471257750178, 0.000109259075543, 0.000128706422402, 8.29540076666e-05, 7.08647785359e-05, 8.07280594017e-05, 8.25764072943e-05, 9.86532759271e-05, 7.56133667892e-05, 3.84115119232e-05, 7.77634631959e-05, 3.6778365029e-05, 2.55144623225e-05, 3.10691066261e-05, 1.87379955605e-05, 1.01613859442e-05, 7.08496418156e-06, 3.96250288759e-06, 2.81714278572e-06, 3.01908494293e-06, 2.16353623728e-06, 1.71867668541e-06, 1.73553871718e-06, 1.49697211782e-06, 9.98657696982e-07, 8.66222649165e-07, 5.9247270201e-07, 3.1690157698e-07, 9.20838587604e-08, 2.42245032922e-08, 2.680967226e-09],
        "dvar": [1.89113507076e-05, 4.40328331024e-05, 2.87023813144e-05, 8.38302003103e-06, 1.64264054092e-06, 9.88555711956e-07, 3.07514767428e-07, 4.08587851553e-07, 7.57130010243e-07, 6.53908841741e-07, 3.1369268072e-08, 6.31374490467e-08, 2.26971899053e-08, 2.14815099042e-08, 2.86823134132e-08, 2.41641266996e-08, 3.15262482786e-08, 1.57621933283e-08, 4.54342918843e-09, 5.00677792559e-08, 3.3222060658e-09, 1.61267144083e-09, 2.70937516866e-09, 8.75402250688e-10, 1.64400812408e-10, 1.40239625468e-10, 3.64617537552e-11, 2.09791767292e-11, 1.95764203459e-11, 1.35017630756e-11, 8.75882092549e-12, 1.02066254754e-11, 6.5373648335e-12, 4.28280154396e-12, 4.09085222294e-12, 3.03651288142e-12, 1.87618562179e-12, 1.10517667338e-13, 5.70538099864e-15, 1.91603392236e-16],
        "dvar2": [3.91354915337e-05, 0.000132534856675, 8.35691389511e-05, 2.12464710785e-05, 4.33289369539e-06, 3.08424046125e-06, 8.64161165737e-07, 8.55313032844e-07, 1.48374294895e-06, 1.22721291973e-06, 6.22534841455e-08, 1.19345216376e-07, 4.60254945267e-08, 4.24011794564e-08, 5.28977182057e-08, 5.4284399198e-08, 8.12189426824e-08, 3.53112206142e-08, 9.47626421777e-09, 1.21306840128e-07, 7.57078488789e-09, 3.91551013834e-09, 7.3546324586e-09, 2.44167597252e-09, 4.02656158416e-10, 3.78160308623e-10, 9.06414596158e-11, 5.53415750726e-11, 5.00442950968e-11, 3.5170467233e-11, 2.14085121159e-11, 2.67061858739e-11, 1.5602491521e-11, 9.65062144781e-12, 1.02698015023e-11, 7.36823449476e-12, 5.04558244144e-12, 2.24707229278e-13, 1.1927320805e-14, 3.99516403872e-16],
        "max": [0.0670419186354, 0.0684708356857, 0.0475025326014, 0.032741740346, 0.013040587306, 0.0123420841992, 0.00734179653227, 0.012574528344, 0.0216549709439, 0.0182534512132, 0.00738123897463, 0.00890716537833, 0.00475906860083, 0.00395056931302, 0.00399886071682, 0.00283121713437, 0.00337209366262, 0.00269248988479, 0.00123800022993, 0.00650692405179, 0.00130380620249, 0.00106628926005, 0.00120295234956, 0.00052207353292, 0.00018832461501, 0.000290624389891, 0.000111165325507, 0.000100485282019, 7.12511973688e-05, 7.63793577789e-05, 8.05531381047e-05, 7.04475460225e-05, 6.02188665653e-05, 5.99327249802e-05, 8.29204072943e-05, 7.75504740886e-05, 5.73821380385e-05, 1.62412034115e-05, 3.63940125681e-06, 6.50054573725e-07],
        "mean": [0.0023368045222, 0.00923186354339, 0.00813570152968, 0.00316971121356, 0.00136926979758, 0.0010334730614, 0.000625615764875, 0.000706821621861, 0.000931763555855, 0.000732653134037, 0.00017223865143, 0.00015690845612, 0.000108784690383, 0.000104766790173, 0.000103499958641, 0.000107175052108, 0.000100891440525, 9.62587873801e-05, 5.41963127034e-05, 0.000104623701191, 4.69716360385e-05, 3.18213024002e-05, 4.20295691583e-05, 2.49304048339e-05, 1.21944422062e-05, 7.76252454671e-06, 4.39272980657e-06, 2.97637006952e-06, 3.30314924213e-06, 2.31683497987e-06, 1.90438720438e-06, 1.88708168025e-06, 1.73563034878e-06, 1.26944075873e-06, 9.94441279545e-07, 6.66394555537e-07, 3.71689850454e-07, 1.23241719052e-07, 2.92259603185e-08, 2.41210518226e-09],
        "median": [0.00110009068158, 0.00749435462058, 0.00646977685392, 0.00213651871309, 0.000791209808085, 0.000363732280675, 0.000276633363683, 0.000233783590375, 0.000225849551498, 0.000140183328767, 5.03853807459e-05, 3.95967945224e-05, 2.86339054583e-05, 2.0554587536e-05, 2.20468955376e-05, 2.07743596548e-05, 1.85929729923e-05, 1.9063028958e-05, 1.32502327688e-05, 1.18550524348e-05, 1.17898907774e-05, 1.09311959022e-05, 8.16031570139e-06, 4.97775772601e-06, 3.68340874957e-06, 2.51468736678e-06, 1.35564016546e-06, 8.49978505357e-07, 8.34238051084e-07, 4.49381417411e-07, 3.35069586299e-07, 3.20339211157e-07, 2.94958425684e-07, 2.3342032307e-07, 1.74518433482e-07, 1.29946045035e-07, 6.92128594437e-08, 2.22411848938e-08, 5.34924948781e-09, 3.49946432943e-10],
        "min": [5.88037074148e-24, 5.0177542604e-23, 2.08473928031e-23, 2.24642302815e-24, 1.09507375278e-23, 2.03247724534e-23, 9.67255014733e-24, 4.97496983701e-24, 2.1748077897e-23, 4.9410754027e-23, 1.5100697303e-23, 9.79865745164e-24, 1.53333418503e-23, 3.46036297321e-23, 1.61087368998e-23, 2.87815775052e-23, 2.90397464359e-23, 3.83987259512e-23, 3.69925466777e-23, 1.51796512355e-23, 7.58015181649e-24, 2.06763693365e-23, 4.24271577597e-23, 3.02487735919e-23, 1.40860123419e-23, 1.18415784265e-23, 6.69866759695e-24, 2.17709879955e-23, 3.03117562466e-23, 1.96812544368e-23, 2.49892028563e-23, 2.87324504035e-23, 2.82160115678e-23, 2.51088714779e-23, 9.91821011069e-24, 1.21718744875e-23, 9.65993783918e-24, 2.20169832247e-23, 1.9278141781e-23, 2.24353303622e-23],
        "var": [2.91217565973e-05, 6.37817065581e-05, 4.44605393568e-05, 1.18365423987e-05, 2.57826377492e-06, 2.41407929025e-06, 7.61470687394e-07, 1.75559728177e-06, 3.2556338283e-06, 3.44476848113e-06, 1.8605048524e-07, 2.25053710778e-07, 9.13413984449e-08, 6.9584032758e-08, 8.71155023674e-08, 7.04853917455e-08, 6.2044499316e-08, 6.24608773592e-08, 1.52004915321e-08, 1.81618631245e-07, 1.11323421592e-08, 3.15484416369e-09, 1.03258122053e-08, 3.12310399764e-09, 4.39503267113e-10, 2.19273238455e-10, 6.82789241813e-11, 3.67666314061e-11, 4.4052119591e-11, 2.60104212474e-11, 1.88570027648e-11, 2.05596303871e-11, 1.79867717942e-11, 1.23220956008e-11, 1.13918006972e-11, 7.97688911452e-12, 4.13507899796e-12, 3.62078992006e-13, 1.76207976026e-14, 2.91902826687e-16]
    },
    "mfcc": {
        "dmean": [13.2712516785, 9.55769443512, 8.56363391876, 7.85110616684, 7.40934991837, 7.12501525879, 6.95494556427, 6.81155347824, 6.59006071091, 6.61600971222, 6.53556108475, 6.35315799713, 6.06721258163],
        "dmean2": [17.3115634918, 14.1347017288, 12.9690227509, 12.4318227768, 11.764919281, 11.3083658218, 11.2932939529, 11.118888855, 10.6437129974, 10.7503023148, 10.7229270935, 10.3861646652, 9.96823978424],
        "dvar": [398.697479248, 110.965682983, 56.3984031677, 48.7386474609, 38.64686203, 34.9417610168, 30.7754020691, 30.5701732635, 28.6293716431, 28.7674808502, 27.4544277191, 25.4805736542, 22.2038917542],
        "dvar2": [551.360107422, 192.752487183, 112.772872925, 113.504058838, 86.9167098999, 83.1524124146, 80.145652771, 77.375579834, 72.9384765625, 73.2001876831, 71.527053833, 66.8807067871, 60.2296791077],
        "max": [-514.479492188, 273.421386719, 123.048416138, 119.555778503, 65.3370513916, 58.2027549744, 26.601234436, 62.96326828, 22.6668891907, 51.6728858948, 37.2396965027, 51.585483551, 27.5109710693],
        "mean": [-657.03137207, 189.302017212, -8.10786724091, 45.7412223816, 3.66621208191, 16.106760025, -15.5184669495, 13.1917676926, -8.88756465912, 7.74953174591, -4.77741861343, 2.64221072197, -10.1835317612],
        "median": [-642.449951172, 191.41015625, -9.01673698425, 44.5747680664, 3.6572265625, 16.7471218109, -14.6230506897, 13.4645690918, -8.46673583984, 7.00913238525, -5.62879180908, 2.27808380127, -9.96750640869],
        "min": [-1138.42004395, 1.14440917969e-05, -112.369018555, -45.7996826172, -58.2832794189, -44.2239341736, -66.8047485352, -35.6856384277, -55.0202713013, -35.7580795288, -40.7549324036, -34.0315208435, -48.1669807434],
        "var": [5690.64160156, 1307.21777344, 1162.86950684, 537.329711914, 343.739837646, 253.145095825, 246.825836182, 170.184020996, 114.200683594, 177.783004761, 124.947654724, 96.7082901001, 93.5863342285],
        "cov": [[5692.83886719, -1255.29125977, -1024.49401855, 87.2566757202, -616.868896484, 188.851318359, -487.362030029, 260.675628662, -215.118270874, 258.209625244, -129.678512573, 126.74407196, -177.948181152], [-1255.29125977, 1307.72253418, -252.391143799, -343.447967529, 157.401641846, -217.637359619, 200.313339233, -120.009178162, 62.274723053, -46.7597351074, 136.489013672, -55.5688514709, 54.441734314], [-1024.49401855, -252.391143799, 1163.31848145, 280.284729004, -9.15906238556, 231.383666992, 119.554924011, 46.3855247498, -0.484847158194, -73.5329284668, -67.7374191284, -2.48409104347, 4.63508892059], [87.2566757202, -343.447967529, 280.284729004, 537.53717041, 104.854515076, 50.1470756531, -127.311393738, 39.2375488281, 24.5439167023, -64.3511276245, -85.6848297119, 5.66486692429, 5.59143543243], [-616.868896484, 157.401641846, -9.15906238556, 104.854515076, 343.872558594, -56.8745727539, -9.24418735504, -15.4748945236, 39.0279846191, -10.751083374, 4.81220149994, 4.56746912003, 15.0650815964], [188.851318359, -217.637359619, 231.383666992, 50.1470756531, -56.8745727539, 253.242828369, 51.3777732849, 21.8352489471, -16.9335479736, 11.0082607269, -16.3542785645, 5.65963506699, -20.1425628662], [-487.362030029, 200.313339233, 119.554924011, -127.311393738, -9.24418735504, 51.3777732849, 246.921142578, 4.53248548508, -9.45505142212, 9.76630210876, 44.233669281, -6.96945810318, 3.59370970726], [260.675628662, -120.009178162, 46.3855247498, 39.2375488281, -15.4748945236, 21.8352489471, 4.53248548508, 170.249725342, -5.7185997963, 17.6325531006, -10.0729084015, 28.0126228333, -19.084815979], [-215.118270874, 62.274723053, -0.484847158194, 24.5439167023, 39.0279846191, -16.9335479736, -9.45505142212, -5.7185997963, 114.244773865, 10.3858318329, -2.83285331726, -7.6741733551, 5.2342300415], [258.209625244, -46.7597351074, -73.5329284668, -64.3511276245, -10.751083374, 11.0082607269, 9.76630210876, 17.6325531006, 10.3858318329, 177.851654053, 54.4403038025, -2.02552342415, -38.3565254211], [-129.678512573, 136.489013672, -67.7374191284, -85.6848297119, 4.81220149994, -16.3542785645, 44.233669281, -10.0729084015, -2.83285331726, 54.4403038025, 124.995895386, 14.7015199661, -7.28718852997], [126.74407196, -55.5688514709, -2.48409104347, 5.66486692429, 4.56746912003, 5.65963506699, -6.96945810318, 28.0126228333, -7.6741733551, -2.02552342415, 14.7015199661, 96.7456283569, 22.0899944305], [-177.948181152, 54.441734314, 4.63508892059, 5.59143543243, 15.0650815964, -20.1425628662, 3.59370970726, -19.084815979, 5.2342300415, -38.3565254211, -7.28718852997, 22.0899944305, 93.622467041]],
        "icov": [[0.000779232359491, 4.73439431516e-05, 0.000918339530472, -0.000465048709884, 0.00120554107707, -0.000889500661287, 0.000921790546272, -0.000672344584018, 0.00106319808401, -0.00098824815359, 0.000998749048449, -0.0009374988731, 0.000712683657184], [4.73439431516e-05, 0.00171791447792, 0.000115147726319, 0.000728829123545, -0.000627245404758, 0.000996744958684, -0.00102209788747, 0.000382316473406, -0.000747217505705, 0.00097552331863, -0.00129126396496, 0.000921146594919, -0.000402075937018], [0.000918339530472, 0.000115147726319, 0.00244030519389, -0.00130374764558, 0.00151726079639, -0.00188315776177, 0.000117728435725, -0.000856947386637, 0.00113228976261, -0.000817722000647, 0.00138523231726, -0.00101314927451, 0.000755620072596], [-0.000465048709884, 0.000728829123545, -0.00130374764558, 0.0038342892658, -0.0020477368962, 0.000504080730025, 0.000921487342566, -5.89926676184e-05, -0.00131013826467, 0.00159815163352, -0.000430187996244, 0.00106099166442, -0.000637444783933], [0.00120554107707, -0.000627245404758, 0.00151726079639, -0.0020477368962, 0.00563533697277, -0.000928595603909, 0.00125198834576, -0.000805397517979, 0.00108470267151, -0.00198442232795, 0.0017163855955, -0.00214830692858, 0.00115131179336], [-0.000889500661287, 0.000996744958684, -0.00188315776177, 0.000504080730025, -0.000928595603909, 0.00712653947994, -0.00278021092527, 0.0011897465447, -0.00118682160974, 0.000927522021811, -0.00117029505782, 0.000849916192237, -2.05096566788e-05], [0.000921790546272, -0.00102209788747, 0.000117728435725, 0.000921487342566, 0.00125198834576, -0.00278021092527, 0.00784821249545, -0.00176082691178, 0.0018818982644, -0.00132332998328, 0.000151731641381, -0.000646604748908, 0.000342728017131], [-0.000672344584018, 0.000382316473406, -0.000856947386637, -5.89926676184e-05, -0.000805397517979, 0.0011897465447, -0.00176082691178, 0.00755695113912, -0.000954947667196, 0.000210204249015, -6.96003917255e-05, -0.00156343122944, 0.0010423179483], [0.00106319808401, -0.000747217505705, 0.00113228976261, -0.00131013826467, 0.00108470267151, -0.00118682160974, 0.0018818982644, -0.000954947667196, 0.0112590519711, -0.00292813614942, 0.00234972219914, -0.000889899209142, 0.000344486383256], [-0.00098824815359, 0.00097552331863, -0.000817722000647, 0.00159815163352, -0.00198442232795, 0.000927522021811, -0.00132332998328, 0.000210204249015, -0.00292813614942, 0.00946063175797, -0.00511265732348, 0.00207792012952, 0.00126336130779], [0.000998749048449, -0.00129126396496, 0.00138523231726, -0.000430187996244, 0.0017163855955, -0.00117029505782, 0.000151731641381, -6.96003917255e-05, 0.00234972219914, -0.00511265732348, 0.0135315675288, -0.00438627181575, 0.0019205021672], [-0.0009374988731, 0.000921146594919, -0.00101314927451, 0.00106099166442, -0.00214830692858, 0.000849916192237, -0.000646604748908, -0.00156343122944, -0.000889899209142, 0.00207792012952, -0.00438627181575, 0.0142196854576, -0.00489154271781], [0.000712683657184, -0.000402075937018, 0.000755620072596, -0.000637444783933, 0.00115131179336, -2.05096566788e-05, 0.000342728017131, 0.0010423179483, 0.000344486383256, 0.00126336130779, 0.0019205021672, -0.00489154271781, 0.0140818720683]]
    }
}

}