{
"metadata": {
    "version": {
        "essentia": "2.0.1",
        "extractor": "archive-music 1.0 mod ismir14"
    },
    "audio_properties": {
        "analysis_sample_rate": 44100,
        "bitrate": 32,
        "channels": 2,
        "equal_loudness": 0,
        "length": 30.0408172607,
        "replay_gain": -10.0465621948,
        "downmix": "mix"
    },
    "tags": {
        "track": 0,
        "year": 0,
        "album": "",
        "artist": "",
        "comment": "",
        "genre": "",
        "title": ""
    }
},
"rhythm": {
    "bpm": 172.265594482,
    "bpm_histogram_first_peak": 172,
    "bpm_histogram_first_peak_spread": 0,
    "bpm_histogram_first_peak_weight": 0.529411792755,
    "bpm_histogram_second_peak": 178,
    "bpm_histogram_second_peak_spread": 0,
    "bpm_histogram_second_peak_weight": 0.282352954149
},
"tonal": {
    "tuning_frequency": {
        "dmean": 0.0802383869886,
        "dmean2": 0.159633681178,
        "dvar": 1.43836379051,
        "dvar2": 2.86595463753,
        "max": 455.779724121,
        "mean": 450.099700928,
        "median": 454.990661621,
        "min": 431.443084717,
        "var": 85.8655395508
    },
    "hpcp": {
        "dmean": [0.132352143526, 0.158360973001, 0.142021641135, 0.103026732802, 0.0723910480738, 0.0986834913492, 0.0973766893148, 0.107866644859, 0.0913841053843, 0.12063960731, 0.0902170240879, 0.117657460272],
        "dmean2": [0.247973456979, 0.293255865574, 0.26158246398, 0.195478528738, 0.134940996766, 0.18737372756, 0.183597147465, 0.202830776572, 0.167996153235, 0.217562139034, 0.168471366167, 0.217790096998],
        "dvar": [0.076866529882, 0.0841878950596, 0.0759205967188, 0.0615801997483, 0.0422131642699, 0.0653284713626, 0.0593592599034, 0.0666930153966, 0.0507710389793, 0.0604802668095, 0.0457109026611, 0.0680192410946],
        "dvar2": [0.208209365606, 0.227548971772, 0.205511525273, 0.169303506613, 0.119861990213, 0.179942294955, 0.159528583288, 0.189174905419, 0.142297416925, 0.160412937403, 0.126674324274, 0.189160868526],
        "max": [1, 1, 1, 1, 1, 1, 1, 1, 1, 1, 1, 1],
        "mean": [0.144977495074, 0.14604999125, 0.298352450132, 0.0773850530386, 0.0775040313601, 0.135219752789, 0.120956107974, 0.0843905881047, 0.0847612917423, 0.239998936653, 0.074780292809, 0.113402791321],
        "median": [0.0095597282052, 0.0173423159868, 0.0239981282502, 0.00126441114116, 0.00520527176559, 0.00054106360767, 0.00279877730645, 0.00156702497043, 0.00191232492216, 0.0238536391407, 0.0030941364821, 0.00845512095839],
        "min": [0, 0, 0, 0, 0, 0, 0, 0, 0, 0, 0, 0],
        "var": [0.0894933119416, 0.07827591151, 0.174075499177, 0.0501949563622, 0.0472699180245, 0.100806504488, 0.0849279090762, 0.0573434308171, 0.0515985488892, 0.139651909471, 0.0394772365689, 0.0676000937819]
    }
},
"lowlevel": {
    "melbands": {
        "dmean": [8.91406398296e-06, 0.000146874808706, 0.00038143247366, 0.00134903308935, 0.0015323238913, 0.000819152919576, 0.000272473582299, 0.000214783867705, 0.000116700641229, 7.88413817645e-05, 5.00934947922e-05, 3.85301391361e-05, 5.29044191353e-05, 2.70859782177e-05, 2.55433624261e-05, 2.03203999263e-05, 3.66595340893e-05, 2.14521096495e-05, 2.36026244238e-05, 7.09330970494e-06, 1.04781120172e-05, 9.21108494367e-06, 5.75148851567e-06, 6.78304922985e-06, 1.45535832416e-05, 1.38835830512e-05, 5.11365897182e-06, 2.88718865704e-06, 8.14781571989e-07, 5.5360993656e-07, 2.25061583592e-07, 3.82692952883e-08, 6.80577283418e-09, 1.70249170317e-09, 8.29579682726e-10, 4.27088225896e-10, 2.69984617995e-10, 1.64958269266e-10, 1.11038414574e-10, 9.01619334748e-11],
        "dmean2": [1.4311646737e-05, 0.000235818646615, 0.000663384154905, 0.00210030027665, 0.00238441117108, 0.00126852747053, 0.000393457623431, 0.000321354193147, 0.000157418297022, 9.73822825472e-05, 5.86368623772e-05, 4.84762422275e-05, 6.10792412772e-05, 3.24082684529e-05, 3.25743312715e-05, 2.85145906673e-05, 4.87551187689e-05, 3.05355461023e-05, 3.46516171703e-05, 1.03719803519e-05, 1.62880496646e-05, 1.33287430799e-05, 7.86843702372e-06, 9.4758652267e-06, 1.97566769202e-05, 1.79621983989e-05, 7.35157436793e-06, 4.31804028267e-06, 1.18405114335e-06, 8.20234561161e-07, 3.39071448252e-07, 5.66020332826e-08, 9.92811610701e-09, 2.5382267399e-09, 1.32525168617e-09, 6.92331303398e-10, 4.68722061164e-10, 3.0645980198e-10, 2.15335152487e-10, 1.73700359651e-10],
        "dvar": [2.61195204354e-10, 5.32683195331e-08, 7.06754633484e-07, 7.93264734966e-06, 9.27737164602e-06, 2.2847927994e-06, 3.09127131004e-07, 2.90057045049e-07, 1.9831129805e-07, 1.51303936491e-07, 4.31441975479e-08, 3.12184162965e-08, 5.28340500239e-08, 1.19369634177e-08, 2.14722764014e-08, 3.46487571967e-09, 1.3185752934e-08, 2.88212365085e-09, 3.42571437884e-09, 2.72067451901e-10, 9.49500922331e-10, 6.91996904223e-10, 3.51820905742e-10, 3.48740009093e-10, 2.26641128087e-09, 2.08854600281e-09, 2.98721991587e-10, 1.29040556018e-10, 9.51039594299e-12, 1.37703390357e-11, 2.19865727187e-12, 5.01634459882e-14, 4.23306832973e-15, 7.69477882685e-17, 1.89557734877e-17, 8.36825869368e-18, 8.02932143768e-18, 6.82059011911e-18, 4.59451019234e-18, 2.8602073377e-18],
        "dvar2": [6.68723743047e-10, 1.3356169859e-07, 2.23961433221e-06, 2.06812001124e-05, 2.43698577833e-05, 5.79011793889e-06, 5.38768176739e-07, 5.47518425265e-07, 3.4533093185e-07, 2.83669493228e-07, 6.64833024189e-08, 5.3372747999e-08, 6.60948415998e-08, 1.88356992226e-08, 4.09387439504e-08, 6.35310692942e-09, 2.31903705128e-08, 5.95313176532e-09, 7.28437843378e-09, 5.94513271945e-10, 2.34056307669e-09, 1.58011570495e-09, 6.01553862278e-10, 6.81992740059e-10, 4.06354194737e-09, 4.17388390517e-09, 7.07561675917e-10, 3.19142323679e-10, 1.90328273975e-11, 2.89617687471e-11, 5.22236594247e-12, 1.15720624814e-13, 9.68185424953e-15, 1.54438723179e-16, 5.09163415995e-17, 2.40924823736e-17, 2.39048563039e-17, 2.04229834448e-17, 1.37381398681e-17, 8.49410181617e-18],
        "max": [0.000323381886119, 0.00796469952911, 0.0164732895792, 0.106559440494, 0.0808641463518, 0.0186629723758, 0.0100641213357, 0.0120603255928, 0.0132753588259, 0.0111008472741, 0.00818659365177, 0.00503411469981, 0.00700101815164, 0.00383363175206, 0.00538591016084, 0.00206123152748, 0.00528301252052, 0.000985548947938, 0.00195750501007, 0.000415722897742, 0.000524219183717, 0.00054049026221, 0.000429944426287, 0.000489290687256, 0.00186523422599, 0.00151594367344, 0.000468233629363, 0.000225911760936, 0.000109821106889, 0.000153971312102, 6.24362364761e-05, 8.60919953993e-06, 3.39744519806e-06, 2.73294062936e-07, 1.11090329824e-07, 9.30672001687e-08, 9.15053917083e-08, 8.36183957631e-08, 6.57957031081e-08, 4.72791832351e-08],
        "mean": [1.20555832837e-05, 0.000254720536759, 0.000599562423304, 0.00321881962009, 0.00358702079393, 0.00175632862374, 0.000700081698596, 0.000557844643481, 0.000295151083264, 0.00017730295076, 0.000160852083354, 9.33145274757e-05, 0.000150704800035, 6.43949897494e-05, 4.91796272399e-05, 4.26281876571e-05, 8.09361081338e-05, 4.1929033614e-05, 5.39101856702e-05, 1.5859346604e-05, 1.84493292181e-05, 1.61884745467e-05, 1.0569807273e-05, 1.41701166285e-05, 3.06347574224e-05, 3.26015870087e-05, 9.30505211727e-06, 4.52009453511e-06, 1.57876536377e-06, 9.56433268584e-07, 3.69502203057e-07, 6.45288764645e-08, 1.0432494868e-08, 3.13734949131e-09, 1.39548861355e-09, 6.58110343998e-10, 3.40695693879e-10, 1.47013623497e-10, 6.86155368634e-11, 5.33945353209e-11],
        "median": [5.69484291191e-06, 0.000117574694741, 0.000235815823544, 0.00106637971476, 0.00149312871508, 0.000839692249428, 0.000285161455395, 0.000146159043652, 6.14346354268e-05, 1.3519271306e-05, 1.09521552076e-05, 6.12038229519e-06, 8.37408060761e-06, 7.72761086409e-06, 6.34918387732e-06, 7.38297831049e-06, 1.45854037328e-05, 1.07070245576e-05, 1.37367187563e-05, 4.03544163419e-06, 4.44676607003e-06, 3.52753136212e-06, 1.64284438142e-06, 2.43013028012e-06, 4.88585374114e-06, 4.12722511101e-06, 1.41996031289e-06, 4.50092130677e-07, 1.10548555199e-07, 4.32161719743e-08, 1.41286502497e-08, 3.89968635162e-09, 1.29229660306e-09, 9.01196894887e-10, 5.77506431565e-10, 2.14303352841e-10, 6.38835512268e-11, 3.02440537892e-11, 8.80533927022e-12, 5.12932448252e-12],
        "min": [2.36522959421e-13, 1.33715347822e-12, 1.29094152902e-12, 3.01395991498e-11, 3.97984700751e-11, 1.8915738767e-11, 7.03532978402e-12, 1.24620782443e-11, 8.17076614701e-12, 3.21880976734e-12, 5.38953907545e-12, 6.05027182868e-12, 4.24101248911e-12, 1.82798984283e-11, 6.06890579458e-11, 4.79008846477e-11, 5.84304132856e-11, 1.46194584216e-10, 6.29881979908e-11, 7.80450079563e-11, 1.85837786132e-11, 2.90321933161e-12, 1.39842876862e-11, 8.52600628987e-12, 2.08992840395e-11, 4.72798224183e-11, 6.94024308509e-12, 8.03085462714e-12, 1.29754984968e-12, 4.15088292514e-13, 2.47470338492e-13, 1.50281249576e-13, 1.73883084038e-13, 2.22197260591e-13, 1.0527493997e-13, 9.63740738147e-14, 6.9016210661e-14, 7.67664333793e-14, 8.19311524007e-14, 6.77165029779e-14],
        "var": [5.04173203186e-10, 3.51378446339e-07, 1.35211917041e-06, 4.58756258013e-05, 2.87225175271e-05, 5.26220264874e-06, 1.17940487598e-06, 1.31947638238e-06, 8.80381207935e-07, 3.74770678491e-07, 3.08295966533e-07, 1.50442019731e-07, 3.60354306395e-07, 5.62572957108e-08, 5.11605335873e-08, 1.36510625026e-08, 9.86463390973e-08, 8.41449221411e-09, 1.41587266356e-08, 9.34646471329e-10, 1.6307559747e-09, 1.46978018645e-09, 9.33998767216e-10, 1.3054198833e-09, 8.69267324788e-09, 1.06226050178e-08, 6.03143368583e-10, 2.212104111e-10, 3.71123097531e-11, 3.58747545559e-11, 6.44198236421e-12, 1.24697303806e-13, 9.74006997696e-15, 2.24773559793e-16, 2.15365852706e-17, 6.84252529459e-18, 4.57885579925e-18, 3.4472632087e-18, 2.32211869782e-18, 1.47352899665e-18]
    },
    "mfcc": {
        "dmean": [16.9710865021, 8.12155246735, 11.629860878, 8.27411270142, 7.78658342361, 6.83737754822, 6.5555639267, 6.8213891983, 6.24506807327, 6.12988996506, 6.0546412468, 5.82487773895, 5.58614873886],
        "dmean2": [19.9739971161, 11.9803829193, 15.6127214432, 11.4832630157, 11.3091611862, 10.3535737991, 10.1818265915, 10.2109565735, 9.73773002625, 9.58270740509, 9.3314743042, 8.98929214478, 8.77848339081],
        "dvar": [614.211914062, 63.8511810303, 201.758621216, 53.0463790894, 42.876865387, 36.2561988831, 29.0245189667, 34.5395622253, 27.1554374695, 25.6140804291, 25.0394420624, 21.9658641815, 20.7645225525],
        "dvar2": [803.832458496, 107.719291687, 293.372741699, 94.2815093994, 88.3401870728, 76.9735794067, 70.3137893677, 74.1861038208, 62.8553276062, 61.0050926208, 56.4789924622, 52.9002532959, 49.584602356],
        "max": [-609.311462402, 287.228973389, 110.577331543, 149.597076416, 65.4929962158, 43.6101837158, 46.7897262573, 27.1862354279, 21.0555458069, 35.9579772949, 20.6787986755, 21.90117836, 27.822769165],
        "mean": [-752.121704102, 219.595977783, -49.6914978027, 41.0462188721, 5.88642168045, -25.9306201935, -5.58855819702, -33.0424995422, -24.5142974854, -6.89635705948, -11.4133481979, -14.2797956467, -7.4525809288],
        "median": [-740.358459473, 221.383575439, -58.4667472839, 40.368976593, 8.80291748047, -25.7116508484, -5.1374168396, -35.0055541992, -24.4319610596, -5.99126434326, -10.2056407928, -14.1401290894, -7.2806968689],
        "min": [-1138.42004395, 1.14440917969e-05, -137.476791382, -33.2137527466, -72.8323974609, -86.1469116211, -44.9305267334, -78.0199127197, -64.8463973999, -65.5535964966, -67.4413528442, -53.4302787781, -41.817653656],
        "var": [5076.36523438, 721.278869629, 2101.09057617, 704.954467773, 527.982421875, 354.271697998, 147.495391846, 272.705535889, 141.696975708, 202.809631348, 153.1484375, 114.444389343, 117.77142334],
        "cov": [[5078.32666016, -11.7799730301, -2959.86401367, 922.179016113, -863.195007324, -641.96270752, 227.988220215, -283.776184082, -7.54767656326, -170.02494812, -69.2839889526, 6.54134225845, -140.674057007], [-11.7799730301, 721.557556152, 327.026367188, -408.729034424, 73.5183029175, -107.472999573, -47.3466873169, 141.153274536, -39.4796066284, -33.7919616699, -27.8966712952, -26.6810092926, -23.8438911438], [-2959.86401367, 327.026367188, 2101.90234375, -595.961364746, 445.615325928, 383.751342773, -172.831832886, 204.116867065, 7.3674659729, 50.5590133667, 28.7553825378, -14.3439731598, 45.4749221802], [922.179016113, -408.729034424, -595.961364746, 705.226867676, -52.9012870789, -62.3098487854, 54.3695487976, -238.685470581, -7.79509449005, 10.9764404297, -35.3062705994, 2.77740859985, -13.5100164413], [-863.195007324, 73.5183029175, 445.615325928, -52.9012870789, 528.186462402, 196.062149048, -84.3493118286, -33.0928764343, -61.8665275574, 123.460983276, 21.9782657623, -26.3141689301, 65.0266036987], [-641.96270752, -107.472999573, 383.751342773, -62.3098487854, 196.062149048, 354.408599854, -3.02151823044, -51.3007202148, 21.2255764008, 67.9378662109, 69.6588973999, 21.8595943451, 37.5481109619], [227.988220215, -47.3466873169, -172.831832886, 54.3695487976, -84.3493118286, -3.02151823044, 147.552383423, 25.5104122162, -11.5766944885, -0.0192006267607, -0.485810697079, 17.5937252045, 3.41589188576], [-283.776184082, 141.153274536, 204.116867065, -238.685470581, -33.0928764343, -51.3007202148, 25.5104122162, 272.810913086, 57.7928771973, -82.7273101807, 0.922173082829, 0.759488284588, -10.9629325867], [-7.54767656326, -39.4796066284, 7.3674659729, -7.79509449005, -61.8665275574, 21.2255764008, -11.5766944885, 57.7928771973, 141.751724243, -11.7163381577, -19.8696365356, 18.7313518524, -9.58965778351], [-170.02494812, -33.7919616699, 50.5590133667, 10.9764404297, 123.460983276, 67.9378662109, -0.0192006267607, -82.7273101807, -11.7163381577, 202.887985229, 69.4472961426, -31.3089370728, 45.3879852295], [-69.2839889526, -27.8966712952, 28.7553825378, -35.3062705994, 21.9782657623, 69.6588973999, -0.485810697079, 0.922173082829, -19.8696365356, 69.4472961426, 153.207611084, 33.8294487, -0.917767047882], [6.54134225845, -26.6810092926, -14.3439731598, 2.77740859985, -26.3141689301, 21.8595943451, 17.5937252045, 0.759488284588, 18.7313518524, -31.3089370728, 33.8294487, 114.488616943, 29.5848693848], [-140.674057007, -23.8438911438, 45.4749221802, -13.5100164413, 65.0266036987, 37.5481109619, 3.41589188576, -10.9629325867, -9.58965778351, 45.3879852295, -0.917767047882, 29.5848693848, 117.816932678]],
        "icov": [[0.0270392373204, -0.0367427393794, 0.0370539985597, -0.0345785953104, 0.0333542190492, -0.030466934666, 0.0274531971663, -0.0237693600357, 0.0199074223638, -0.0152090741321, 0.0109442165121, -0.00693459017202, 0.00418078526855], [-0.0367427393794, 0.0526940599084, -0.0506010577083, 0.0489735379815, -0.0465230569243, 0.0435522757471, -0.0384230315685, 0.0336198322475, -0.0276409741491, 0.0217239744961, -0.0153334857896, 0.00987206399441, -0.0052374987863], [0.0370539985597, -0.0506010577083, 0.0519147217274, -0.0474064685404, 0.0460026822984, -0.0436485297978, 0.039611864835, -0.0345968753099, 0.0288713891059, -0.0223824195564, 0.0167386438698, -0.0106659363955, 0.00646198075265], [-0.0345785953104, 0.0489735379815, -0.0474064685404, 0.0489649027586, -0.0451572947204, 0.0425555966794, -0.039225820452, 0.0363479368389, -0.0294534116983, 0.0235127359629, -0.016760699451, 0.0112970657647, -0.0060051092878], [0.0333542190492, -0.0465230569243, 0.0460026822984, -0.0451572947204, 0.0470857806504, -0.042892627418, 0.040008161217, -0.0353596769273, 0.0311663579196, -0.025458637625, 0.0189406517893, -0.0120572950691, 0.00622682273388], [-0.030466934666, 0.0435522757471, -0.0436485297978, 0.0425555966794, -0.042892627418, 0.0456043258309, -0.0397246032953, 0.0370037667453, -0.0319809503853, 0.0256129372865, -0.021538823843, 0.0133764678612, -0.00809862837195], [0.0274531971663, -0.0384230315685, 0.039611864835, -0.039225820452, 0.040008161217, -0.0397246032953, 0.0456782691181, -0.0372070074081, 0.0323107913136, -0.0272327717394, 0.021730305627, -0.0158976521343, 0.00829025544226], [-0.0237693600357, 0.0336198322475, -0.0345968753099, 0.0363479368389, -0.0353596769273, 0.0370037667453, -0.0372070074081, 0.0405136533082, -0.032262083143, 0.0285092573613, -0.0226632431149, 0.0164324399084, -0.00939527805895], [0.0199074223638, -0.0276409741491, 0.0288713891059, -0.0294534116983, 0.0311663579196, -0.0319809503853, 0.0323107913136, -0.032262083143, 0.0352043658495, -0.0248503629118, 0.0215647928417, -0.0160724371672, 0.00934901367873], [-0.0152090741321, 0.0217239744961, -0.0223824195564, 0.0235127359629, -0.025458637625, 0.0256129372865, -0.0272327717394, 0.0285092573613, -0.0248503629118, 0.0301477033645, -0.0224136654288, 0.0176762156188, -0.0113470135257], [0.0109442165121, -0.0153334857896, 0.0167386438698, -0.016760699451, 0.0189406517893, -0.021538823843, 0.021730305627, -0.0226632431149, 0.0215647928417, -0.0224136654288, 0.0255513675511, -0.0161856897175, 0.00990651547909], [-0.00693459017202, 0.00987206399441, -0.0106659363955, 0.0112970657647, -0.0120572950691, 0.0133764678612, -0.0158976521343, 0.0164324399084, -0.0160724371672, 0.0176762156188, -0.0161856897175, 0.021707130596, -0.0101828342304], [0.00418078526855, -0.0052374987863, 0.00646198075265, -0.0060051092878, 0.00622682273388, -0.00809862837195, 0.00829025544226, -0.00939527805895, 0.00934901367873, -0.0113470135257, 0.00990651547909, -0.0101828342304, 0.015032988973]]
    }
}

}