{
"metadata": {
    "version": {
        "essentia": "2.0.1",
        "extractor": "archive-music 1.0 mod ismir14"
    },
    "audio_properties": {
        "analysis_sample_rate": 44100,
        "bitrate": 32,
        "channels": 2,
        "equal_loudness": 0,
        "length": 30.0408172607,
        "replay_gain": -14.8179531097,
        "downmix": "mix"
    },
    "tags": {
        "track": 0,
        "year": 0,
        "album": "",
        "artist": "",
        "comment": "",
        "genre": "",
        "title": ""
    }
},
"rhythm": {
    "bpm": 109.314041138,
    "bpm_histogram_first_peak": 110,
    "bpm_histogram_first_peak_spread": 0.396226406097,
    "bpm_histogram_first_peak_weight": 0.603773593903,
    "bpm_histogram_second_peak": 0,
    "bpm_histogram_second_peak_spread": 0,
    "bpm_histogram_second_peak_weight": 0
},
"tonal": {
    "tuning_frequency": {
        "dmean": 0.0638588815928,
        "dmean2": 0.118828102946,
        "dvar": 0.957088112831,
        "dvar2": 1.93390440941,
        "max": 456.04309082,
        "mean": 434.651367188,
        "median": 434.193115234,
        "min": 432.690917969,
        "var": 6.28620815277
    },
    "hpcp": {
        "dmean": [0.156880229712, 0.196220204234, 0.251745164394, 0.29118296504, 0.218955203891, 0.151689261198, 0.124621428549, 0.135555386543, 0.20752337575, 0.113847337663, 0.126246005297, 0.126114055514],
        "dmean2": [0.297920405865, 0.376880466938, 0.483931452036, 0.555342614651, 0.420878946781, 0.281167894602, 0.232533633709, 0.253000915051, 0.384324401617, 0.216479033232, 0.238060355186, 0.241160139441],
        "dvar": [0.0889255553484, 0.119911558926, 0.147822111845, 0.151812493801, 0.130832329392, 0.0812565386295, 0.0737758204341, 0.0770284757018, 0.100699968636, 0.0702129229903, 0.0740653201938, 0.0758274123073],
        "dvar2": [0.238735929132, 0.331900894642, 0.387723922729, 0.406192481518, 0.347017526627, 0.218909963965, 0.202363744378, 0.211209222674, 0.260618776083, 0.207455292344, 0.211338981986, 0.215130671859],
        "max": [1, 1, 1, 1, 1, 1, 1, 1, 1, 1, 1, 1],
        "mean": [0.117323853076, 0.130925580859, 0.183164551854, 0.249313801527, 0.14453548193, 0.12553268671, 0.0924640148878, 0.123269706964, 0.232814252377, 0.0739527791739, 0.098517857492, 0.08116196841],
        "median": [0.00787072628736, 0.00350697245449, 0.00573605950922, 0.0205477178097, 0.00298792612739, 0.00938639882952, 0.00223192339763, 0.00481685483828, 0.0277147889137, 0.00206656591035, 0.00434686616063, 0.00306818122044],
        "min": [0, 0, 0, 0, 0, 0, 0, 0, 0, 0, 0, 0],
        "var": [0.0694191604853, 0.0879511684179, 0.122454993427, 0.147326678038, 0.0986193343997, 0.0718502774835, 0.059020537883, 0.0772024095058, 0.129874274135, 0.0469682626426, 0.0605041347444, 0.0499099306762]
    }
},
"lowlevel": {
    "melbands": {
        "dmean": [0.00180423585698, 0.00530141126364, 0.00517010269687, 0.0021670514252, 0.000936778378673, 0.000594384677242, 0.000350881164195, 0.000338915444445, 0.000420204130933, 0.000322317529935, 7.29307867005e-05, 8.78203936736e-05, 5.47267009097e-05, 5.10612590006e-05, 5.7669421949e-05, 5.89878000028e-05, 6.53219030937e-05, 5.07223776367e-05, 2.65297621809e-05, 5.27314514329e-05, 2.54421174759e-05, 1.78302088898e-05, 2.01924976864e-05, 1.19592359624e-05, 6.91419654686e-06, 4.81078222947e-06, 2.72107263299e-06, 1.86105580724e-06, 1.99107580556e-06, 1.40758334055e-06, 1.21106984352e-06, 1.14385545658e-06, 1.06363620489e-06, 7.07291860635e-07, 6.0881149011e-07, 5.3970359204e-07, 4.24672663257e-07, 2.76042783298e-07, 2.23292857982e-07, 1.84133554626e-07],
        "dmean2": [0.00291240331717, 0.00900700688362, 0.00867123436183, 0.00357856461778, 0.00155978277326, 0.00102444516961, 0.000594155339058, 0.000514924991876, 0.000612834701315, 0.00046510991524, 0.000106425002741, 0.00013021560153, 8.15997263999e-05, 7.49017199269e-05, 8.35323808133e-05, 8.79947692738e-05, 0.000104453167296, 7.80508271419e-05, 3.92464571632e-05, 8.14220475149e-05, 4.04954553233e-05, 2.80298609141e-05, 3.24037573591e-05, 1.91061553778e-05, 1.10442733785e-05, 7.77415698394e-06, 4.43703083874e-06, 3.0519804568e-06, 3.29434828927e-06, 2.30179261962e-06, 1.98450970856e-06, 1.8535675963e-06, 1.7402632011e-06, 1.07599089461e-06, 9.29220448143e-07, 8.34284549001e-07, 6.50125741686e-07, 4.36035946905e-07, 3.2068308542e-07, 2.81421563386e-07],
        "dvar": [2.11843744182e-05, 4.17131741415e-05, 2.8002068575e-05, 8.44705937197e-06, 1.72583236235e-06, 9.33962496674e-07, 2.94730995165e-07, 4.15921704189e-07, 7.24339031422e-07, 6.69604105497e-07, 2.41761650699e-08, 6.63349197794e-08, 2.0023897207e-08, 2.54062939575e-08, 2.8818471165e-08, 2.89086496963e-08, 4.22413606316e-08, 1.76689134435e-08, 4.48006076681e-09, 5.31491508582e-08, 3.69554409296e-09, 1.60763569124e-09, 2.71397970764e-09, 8.17148460008e-10, 1.94524049646e-10, 1.59304000547e-10, 4.78610380494e-11, 2.57263533393e-11, 2.14336083604e-11, 1.27894283705e-11, 1.1157023222e-11, 9.87616412262e-12, 8.16189130171e-12, 4.8120834574e-12, 3.75947927303e-12, 5.244429023e-12, 5.60505244648e-12, 1.97464852629e-12, 1.01528225931e-12, 9.01598891032e-13],
        "dvar2": [4.50516927231e-05, 0.000123712874483, 8.16086831037e-05, 2.22065664275e-05, 4.6323962124e-06, 2.77105255009e-06, 8.06125854069e-07, 8.82612710029e-07, 1.40524207382e-06, 1.2777294387e-06, 4.55018032142e-08, 1.34338051794e-07, 3.85351661691e-08, 5.29264170268e-08, 5.15310389915e-08, 6.88487773459e-08, 1.15288763425e-07, 4.00605522088e-08, 8.94794283113e-09, 1.32254314167e-07, 8.88273010702e-09, 3.88043686073e-09, 7.34142080461e-09, 2.20521956251e-09, 5.0154352893e-10, 4.31542968027e-10, 1.27259078275e-10, 6.67649199815e-11, 5.66312448325e-11, 3.28388496951e-11, 2.86611047395e-11, 2.29266067936e-11, 2.00262965933e-11, 1.01560287957e-11, 7.28305697001e-12, 1.15211468837e-11, 1.31156257729e-11, 4.38414148735e-12, 1.68896288014e-12, 1.76050818888e-12],
        "max": [0.0778638273478, 0.059970933944, 0.0518132448196, 0.0375516414642, 0.0134637709707, 0.0135658159852, 0.00777330296114, 0.0123982252553, 0.0195437464863, 0.0193666405976, 0.00635170377791, 0.00923256017268, 0.00489071011543, 0.00447872187942, 0.00402481527999, 0.00331157422625, 0.00394349219278, 0.00265085021965, 0.00129304744769, 0.00650483416393, 0.00133174890652, 0.000959561089985, 0.0012157834135, 0.000493378262036, 0.000241151195951, 0.000267861614702, 0.000152516193339, 0.000115756527521, 6.73810282024e-05, 5.219328159e-05, 7.95462256065e-05, 7.57763846195e-05, 5.0009413826e-05, 7.10752283339e-05, 8.4358449385e-05, 0.000106484149001, 0.000108735992399, 6.09191592957e-05, 6.03593398409e-05, 4.75974920846e-05],
        "mean": [0.00236173672602, 0.00917776487768, 0.00811116397381, 0.00316907186061, 0.00136517989449, 0.00103510473855, 0.000622177205514, 0.000709706102498, 0.000927503511775, 0.000729336810764, 0.000171034727828, 0.000157592628966, 0.000109249594971, 0.000104992293927, 0.000104163314973, 0.000108006657683, 0.000101060642919, 9.61309269769e-05, 5.46444971405e-05, 0.000104575919977, 4.64974909846e-05, 3.16470432153e-05, 4.24744939664e-05, 2.50970806519e-05, 1.24414682432e-05, 7.93718572822e-06, 4.6322243179e-06, 3.23927088175e-06, 3.44927889273e-06, 2.4879650482e-06, 2.08575397664e-06, 2.08623760045e-06, 1.94043877855e-06, 1.44622879361e-06, 1.21676418985e-06, 9.6154133189e-07, 7.80151992785e-07, 5.3918319054e-07, 4.34757396306e-07, 3.5935681808e-07],
        "median": [0.00108939094935, 0.0075007379055, 0.00645486870781, 0.00219567818567, 0.000787518220022, 0.000369888730347, 0.000286109279841, 0.000227242475376, 0.00022525487293, 0.000145610028994, 5.10005302203e-05, 4.06740400649e-05, 2.85251280729e-05, 2.04139341804e-05, 2.19056255446e-05, 2.02256560442e-05, 1.9276583771e-05, 1.90732953342e-05, 1.28070105347e-05, 1.18804700833e-05, 1.13349897219e-05, 1.09448483272e-05, 7.99440022092e-06, 5.0292310334e-06, 3.78555319003e-06, 2.44400825977e-06, 1.41657949371e-06, 8.5613680767e-07, 8.64541618739e-07, 4.8801371122e-07, 3.83173926366e-07, 3.59823587814e-07, 3.30374120949e-07, 2.75974713304e-07, 2.18606146518e-07, 1.88163554071e-07, 1.4157463113e-07, 8.94869458534e-08, 7.20941599752e-08, 5.70587523896e-08],
        "min": [7.06067093681e-10, 6.20839268883e-10, 5.20870346854e-10, 3.53888141014e-10, 1.74839323575e-10, 4.69883507104e-11, 4.63572721876e-11, 5.6068361759e-11, 1.68610975876e-11, 1.49522599163e-11, 1.18397763815e-10, 1.60537055871e-10, 6.71417851872e-11, 3.45708531246e-11, 1.07381999126e-10, 8.69398997239e-11, 2.60344273917e-10, 2.88202711696e-10, 5.19293996692e-10, 7.26869536782e-11, 3.2912134823e-11, 2.03439071145e-11, 4.44324924076e-11, 9.03477223591e-11, 1.33942398839e-10, 6.55793613857e-11, 2.91944558806e-11, 7.54897880317e-11, 1.83751590332e-11, 4.04551392386e-11, 1.28045716391e-11, 6.69025555441e-12, 4.03679650471e-12, 2.20799056122e-11, 5.70477562759e-12, 2.50747599767e-12, 1.31560303558e-13, 1.16774577746e-13, 9.80632472469e-14, 6.03110497741e-14],
        "var": [3.14572098432e-05, 6.13679512753e-05, 4.35104302596e-05, 1.16791961773e-05, 2.61216405306e-06, 2.39945734393e-06, 7.43635382605e-07, 1.75498939825e-06, 3.20211756843e-06, 3.40426640832e-06, 1.66500484511e-07, 2.28530112167e-07, 9.00154688566e-08, 7.21347817034e-08, 8.97409009326e-08, 7.45846691075e-08, 6.79978171547e-08, 6.49747207149e-08, 1.56121355843e-08, 1.82910966373e-07, 1.10555564703e-08, 3.13097214821e-09, 1.05212523138e-08, 3.08057490628e-09, 4.59209115178e-10, 2.39136627167e-10, 7.86052334334e-11, 4.62001305268e-11, 4.73786114508e-11, 2.79815250831e-11, 2.2811551259e-11, 2.49058516866e-11, 2.18386784351e-11, 1.50642918278e-11, 1.64084544563e-11, 1.5759130112e-11, 1.55177745653e-11, 7.09119785461e-12, 4.20973325643e-12, 3.35414378563e-12]
    },
    "mfcc": {
        "dmean": [13.7988767624, 9.97503089905, 8.81739997864, 8.15305137634, 7.41582393646, 7.13568353653, 7.07439899445, 7.06580018997, 6.87024784088, 6.73097372055, 6.53482866287, 6.48432350159, 6.30783224106],
        "dmean2": [17.931810379, 14.3966636658, 13.2791070938, 12.9262247086, 11.8571224213, 11.441447258, 11.5350055695, 11.4550857544, 11.1123561859, 10.8786640167, 10.6997032166, 10.6994056702, 10.3140325546],
        "dvar": [441.55355835, 127.044052124, 60.2735099792, 48.7312812805, 36.4920082092, 33.6628684998, 30.2964706421, 30.6580257416, 28.111536026, 28.1706104279, 27.7411518097, 25.7405490875, 22.0866451263],
        "dvar2": [583.874755859, 208.705764771, 123.180854797, 113.519378662, 85.9128189087, 81.3636779785, 80.5961380005, 79.0301361084, 74.9906234741, 72.1425094604, 73.8134231567, 67.2580108643, 61.497844696],
        "max": [-494.61114502, 269.016143799, 142.954391479, 100.528884888, 75.1175918579, 45.8336791992, 36.8961334229, 55.4006271362, 29.3210830688, 43.0761795044, 47.9939193726, 36.1583137512, 29.0515155792],
        "mean": [-645.194213867, 173.35295105, 7.01941299438, 32.5007171631, 15.415017128, 5.17484903336, -5.73157215118, 4.83610105515, -1.53312301636, 1.61829721928, 0.568556964397, -1.8523015976, -6.3943066597],
        "median": [-629.948059082, 172.80670166, 7.10202026367, 31.65832901, 15.6583442688, 6.12960624695, -4.7343006134, 4.51847648621, -1.17568016052, 0.700389862061, -0.0911159515381, -2.33297538757, -6.29168319702],
        "min": [-1138.42004395, 1.14440917969e-05, -101.352966309, -60.1361732483, -44.0382766724, -51.333568573, -55.2404441833, -38.2900390625, -45.1437301636, -38.2673950195, -34.1359100342, -31.2777423859, -44.0049591064],
        "var": [6039.69482422, 1647.6809082, 1275.60998535, 508.714233398, 315.468536377, 213.383422852, 219.71496582, 145.892730713, 104.174514771, 165.161758423, 117.294113159, 93.4447402954, 90.1240310669],
        "cov": [[6042.02880859, -1815.42077637, -656.435974121, -222.895187378, -336.744567871, -65.9792709351, -242.994659424, 37.1608314514, -5.87271738052, 68.9730758667, 37.840877533, -31.5098342896, -37.1326332092], [-1815.42077637, 1648.31762695, -487.465606689, -225.51739502, 36.1194648743, -109.441390991, 89.162612915, -22.7535419464, -41.9418258667, 38.1193504333, 54.7649803162, 24.6241321564, -15.4634218216], [-656.435974121, -487.465606689, 1276.10290527, 264.966247559, -3.56673312187, 225.662872314, 134.789840698, 43.3327331543, 15.8424940109, -86.1494522095, -59.0922279358, -19.6797218323, 15.4144821167], [-222.895187378, -225.51739502, 264.966247559, 508.910797119, 135.568511963, 12.6094408035, -98.6044845581, 5.27892541885, 44.2198181152, -88.2930145264, -71.2451477051, -6.70003223419, 20.3782291412], [-336.744567871, 36.1194648743, -3.56673312187, 135.568511963, 315.590454102, -22.6600437164, -42.413848877, 16.9535198212, 20.4558773041, 7.51974201202, -11.8199462891, 17.6628360748, -0.0127789760008], [-65.9792709351, -109.441390991, 225.662872314, 12.6094408035, -22.6600437164, 213.465881348, 82.1920318604, -10.3647117615, 2.27020311356, -11.9648962021, 1.55686545372, -8.54342651367, -8.99858856201], [-242.994659424, 89.162612915, 134.789840698, -98.6044845581, -42.413848877, 82.1920318604, 219.799865723, 33.6290168762, -30.9954090118, 29.6882762909, 27.6174869537, 4.7535200119, -9.81205844879], [37.1608314514, -22.7535419464, 43.3327331543, 5.27892541885, 16.9535198212, -10.3647117615, 33.6290168762, 145.94909668, 12.6553440094, -0.591950714588, 8.17956256866, 15.565955162, -6.58585834503], [-5.87271738052, -41.9418258667, 15.8424940109, 44.2198181152, 20.4558773041, 2.27020311356, -30.9954090118, 12.6553440094, 104.214767456, 21.3793506622, -14.4409971237, -2.78739643097, -1.97943198681], [68.9730758667, 38.1193504333, -86.1494522095, -88.2930145264, 7.51974201202, -11.9648962021, 29.6882762909, -0.591950714588, 21.3793506622, 165.225570679, 66.5682144165, -11.788315773, -29.9485874176], [37.840877533, 54.7649803162, -59.0922279358, -71.2451477051, -11.8199462891, 1.55686545372, 27.6174869537, 8.17956256866, -14.4409971237, 66.5682144165, 117.339439392, 21.0845165253, -16.9059619904], [-31.5098342896, 24.6241321564, -19.6797218323, -6.70003223419, 17.6628360748, -8.54342651367, 4.7535200119, 15.565955162, -2.78739643097, -11.788315773, 21.0845165253, 93.4808502197, 25.7945480347], [-37.1326332092, -15.4634218216, 15.4144821167, 20.3782291412, -0.0127789760008, -8.99858856201, -9.81205844879, -6.58585834503, -1.97943198681, -29.9485874176, -16.9059619904, 25.7945480347, 90.1588592529]],
        "icov": [[0.000419293064624, 0.00057988835033, 0.000389819178963, 0.000156258174684, 0.000346551445546, -5.60655353183e-05, 0.000228341988986, -0.000241672809352, 0.000172583924723, -6.38404453639e-05, -3.8459435018e-05, 5.45624152437e-06, 0.000145642261487], [0.00057988835033, 0.00157695589587, 0.000808920129202, 0.000371443165932, 0.000242404930759, 0.000288032635581, -0.000339335558238, -7.01146855135e-05, 0.000168953512912, 0.000214148298255, -0.000238931141212, -1.24383177535e-05, 0.000307373760734], [0.000389819178963, 0.000808920129202, 0.0016700491542, -0.000502462498844, 0.00040396724944, -0.000880098494235, -0.000721142801922, -0.000425488426117, 4.95148997288e-05, 0.000261630717432, 0.000102990663436, 0.000201500573894, -2.03587442229e-05], [0.000156258174684, 0.000371443165932, -0.000502462498844, 0.00332625559531, -0.00111354573164, 3.07392183458e-05, 0.00130035297479, -0.000106463157863, -0.000748110061977, 0.00116686359979, 0.000309765775455, 0.000325161236105, -6.49629728287e-05], [0.000346551445546, 0.000242404930759, 0.00040396724944, -0.00111354573164, 0.00420209206641, -6.32067458355e-05, 0.000645668129437, -0.000703550991602, 0.000278297055047, -0.00116224854719, 0.000560483545996, -0.00103245931678, 0.000400617311243], [-5.60655353183e-05, 0.000288032635581, -0.000880098494235, 3.07392183458e-05, -6.32067458355e-05, 0.00698705157265, -0.00269406125881, 0.00160743051674, -0.00125153001864, 0.00120815227274, -0.000903521897271, 0.000340506026987, 0.000798410794232], [0.000228341988986, -0.000339335558238, -0.000721142801922, 0.00130035297479, 0.000645668129437, -0.00269406125881, 0.00800147838891, -0.00223766290583, 0.00242908950895, -0.00185924523976, 0.000323365587974, -0.000515240768436, -5.24407114426e-05], [-0.000241672809352, -7.01146855135e-05, -0.000425488426117, -0.000106463157863, -0.000703550991602, 0.00160743051674, -0.00223766290583, 0.00811524316669, -0.00181869033258, 0.00106647505891, -0.000782522431109, -0.00113339384552, 0.000986713566817], [0.000172583924723, 0.000168953512912, 4.95148997288e-05, -0.000748110061977, 0.000278297055047, -0.00125153001864, 0.00242908950895, -0.00181869033258, 0.0120390700176, -0.00376600702293, 0.00279623526148, -0.000770832411945, 2.55276372627e-05], [-6.38404453639e-05, 0.000214148298255, 0.000261630717432, 0.00116686359979, -0.00116224854719, 0.00120815227274, -0.00185924523976, 0.00106647505891, -0.00376600702293, 0.0104406327009, -0.00563710834831, 0.00241503096186, 0.00133541063406], [-3.8459435018e-05, -0.000238931141212, 0.000102990663436, 0.000309765775455, 0.000560483545996, -0.000903521897271, 0.000323365587974, -0.000782522431109, 0.00279623526148, -0.00563710834831, 0.013443602249, -0.00408824160695, 0.00162287021521], [5.45624152437e-06, -1.24383177535e-05, 0.000201500573894, 0.000325161236105, -0.00103245931678, 0.000340506026987, -0.000515240768436, -0.00113339384552, -0.000770832411945, 0.00241503096186, -0.00408824160695, 0.0135351112112, -0.00406657531857], [0.000145642261487, 0.000307373760734, -2.03587442229e-05, -6.49629728287e-05, 0.000400617311243, 0.000798410794232, -5.24407114426e-05, 0.000986713566817, 2.55276372627e-05, 0.00133541063406, 0.00162287021521, -0.00406657531857, 0.0132804270834]]
    }
}

}