{
"metadata": {
    "version": {
        "essentia": "2.0.1",
        "extractor": "archive-music 1.0 mod ismir14"
    },
    "audio_properties": {
        "analysis_sample_rate": 44100,
        "bitrate": 32,
        "channels": 2,
        "equal_loudness": 0,
        "length": 30.0408172607,
        "replay_gain": -13.1388397217,
        "downmix": "mix"
    },
    "tags": {
        "track": 0,
        "year": 0,
        "album": "",
        "artist": "",
        "comment": "",
        "genre": "",
        "title": ""
    }
},
"rhythm": {
    "bpm": 86.560585022,
    "bpm_histogram_first_peak": 86,
    "bpm_histogram_first_peak_spread": 0.595238089561,
    "bpm_histogram_first_peak_weight": 0.404761910439,
    "bpm_histogram_second_peak": 0,
    "bpm_histogram_second_peak_spread": 0,
    "bpm_histogram_second_peak_weight": 0
},
"tonal": {
    "tuning_frequency": {
        "dmean": 0.135725930333,
        "dmean2": 0.267224222422,
        "dvar": 2.00401616096,
        "dvar2": 4.20700979233,
        "max": 456.570251465,
        "mean": 445.811065674,
        "median": 442.03793335,
        "min": 432.191345215,
        "var": 48.6368331909
    },
    "hpcp": {
        "dmean": [0.143173798919, 0.174402952194, 0.16729618609, 0.173852220178, 0.116038136184, 0.155685469508, 0.235126599669, 0.247280806303, 0.250590801239, 0.211634024978, 0.246402844787, 0.210032135248],
        "dmean2": [0.259442210197, 0.325227171183, 0.310594499111, 0.319315612316, 0.217344611883, 0.282641232014, 0.431057065725, 0.448753535748, 0.465964794159, 0.396962791681, 0.437281429768, 0.394256263971],
        "dvar": [0.0589357279241, 0.0844189152122, 0.0841751247644, 0.0809621065855, 0.0545277893543, 0.0651960745454, 0.0885746181011, 0.0952195376158, 0.105137623847, 0.0936965867877, 0.0830359384418, 0.0947512760758],
        "dvar2": [0.159490734339, 0.233312487602, 0.230201199651, 0.220476731658, 0.156141266227, 0.172155454755, 0.238659635186, 0.249538525939, 0.282086104155, 0.25865572691, 0.212631672621, 0.264217466116],
        "max": [1, 1, 1, 1, 1, 1, 1, 1, 1, 1, 1, 1],
        "mean": [0.139972269535, 0.138087108731, 0.134933188558, 0.181475877762, 0.0818691328168, 0.18095818162, 0.256708651781, 0.252323210239, 0.212668567896, 0.162533059716, 0.37307703495, 0.154820919037],
        "median": [0.0342065654695, 0.0145866153762, 0.0200844369829, 0.0279545802623, 0.0127510065213, 0.0358057878911, 0.0740065872669, 0.0731739550829, 0.047340169549, 0.0282650906593, 0.202278852463, 0.0257039461285],
        "min": [0, 0, 0, 0, 0, 0, 0, 0, 0, 0, 0, 0],
        "var": [0.0629079118371, 0.0721904709935, 0.0708908140659, 0.0963070169091, 0.0372134149075, 0.0911650136113, 0.118614755571, 0.116692274809, 0.103275306523, 0.0801651254296, 0.142485767603, 0.0767402425408]
    }
},
"lowlevel": {
    "melbands": {
        "dmean": [0.000204834650503, 0.00078345061047, 0.000924182822928, 0.000470095663331, 0.000273953861324, 0.000429571780842, 0.000532926700544, 0.000380423211027, 0.000406990235206, 0.000247482792474, 0.000123602512758, 7.86396340118e-05, 6.10548449913e-05, 4.26877159043e-05, 6.14415039308e-05, 4.05820610467e-05, 4.11881119362e-05, 3.55341944669e-05, 2.79367814073e-05, 2.38370939769e-05, 2.16840544454e-05, 2.02941992029e-05, 2.58937106992e-05, 2.91232317977e-05, 2.00749254873e-05, 1.6360078007e-05, 1.12089592221e-05, 7.63946900406e-06, 4.60897172161e-06, 3.56083546649e-06, 2.6638149393e-06, 1.63249831076e-06, 8.777017797e-07, 7.07612173301e-07, 6.60994203372e-07, 5.97234475208e-07, 5.34847401923e-07, 4.28233391858e-07, 2.06821979987e-07, 1.13273074476e-07],
        "dmean2": [0.000352939940058, 0.00133767037187, 0.00159623345826, 0.000805007643066, 0.000463647564175, 0.000726475729607, 0.000949520675931, 0.000609741255175, 0.000679617805872, 0.000417297065724, 0.000189113779925, 0.000115041824756, 9.48452870944e-05, 6.71087327646e-05, 9.30614696699e-05, 6.44998435746e-05, 6.55698604533e-05, 5.88178772887e-05, 4.58577960671e-05, 4.0250542952e-05, 3.58537181455e-05, 3.23130261677e-05, 4.17103619839e-05, 4.68576145067e-05, 3.15105753543e-05, 2.67632949544e-05, 1.66130666912e-05, 1.20189151858e-05, 7.58681926527e-06, 5.71403370486e-06, 4.23673327532e-06, 2.61136483459e-06, 1.42178657825e-06, 1.16597823308e-06, 1.07803464289e-06, 9.68859467321e-07, 8.59775411755e-07, 7.03172645444e-07, 3.31539041554e-07, 1.80487177204e-07],
        "dvar": [8.01146953222e-08, 1.13786200018e-06, 1.41938346587e-06, 5.00241696955e-07, 1.74924537077e-07, 2.99195733078e-07, 8.10823962638e-07, 8.5576272113e-07, 5.08939308475e-07, 2.29747385561e-07, 6.43347490836e-08, 4.71038887895e-08, 3.88159371312e-08, 1.36948221652e-08, 6.51264286944e-08, 1.10484306148e-08, 1.66629021692e-08, 9.05593111611e-09, 6.34157215629e-09, 7.55612372672e-09, 3.0981190946e-09, 2.22309992637e-09, 3.49647399922e-09, 5.8510267742e-09, 2.4645663288e-09, 1.16160514541e-09, 9.03847885425e-10, 4.79129846909e-10, 9.36346417069e-11, 6.29041332911e-11, 3.87004109315e-11, 1.17470009414e-11, 3.08829697926e-12, 1.42805179574e-12, 1.71946419776e-12, 1.13257851448e-12, 8.86611693351e-13, 1.24446926288e-12, 2.26028085679e-13, 5.28048911292e-14],
        "dvar2": [2.27525305263e-07, 3.02108742289e-06, 3.91901494368e-06, 1.43398733599e-06, 4.7243560175e-07, 7.99272584118e-07, 2.30735440709e-06, 2.07356129067e-06, 1.44085367992e-06, 6.45138868549e-07, 1.56686681407e-07, 8.90771687523e-08, 8.6764096352e-08, 3.17074047018e-08, 1.67593924516e-07, 2.66610022948e-08, 3.95937718167e-08, 2.36718342705e-08, 1.6885568499e-08, 2.13475530586e-08, 8.3699074338e-09, 5.68606406404e-09, 8.98015173334e-09, 1.5084657079e-08, 5.83629589102e-09, 2.88010948424e-09, 1.72776060126e-09, 1.00010566495e-09, 2.37368624756e-10, 1.44384754153e-10, 9.03957741993e-11, 2.46578868435e-11, 7.40819731948e-12, 3.87181215908e-12, 4.64740615783e-12, 3.06073807792e-12, 2.22487262988e-12, 3.33347086913e-12, 6.13163220285e-13, 1.33738723221e-13],
        "max": [0.00417513027787, 0.0151379304007, 0.0129303252324, 0.00984439067543, 0.00599996931851, 0.0060944147408, 0.00959693826735, 0.0122804678977, 0.015940848738, 0.0117754619569, 0.00514827296138, 0.0057658450678, 0.00594309763983, 0.00292078917846, 0.00967679265887, 0.00303213344887, 0.00391702633351, 0.00166430743411, 0.00132092146669, 0.00201276084408, 0.000858976971358, 0.000854135316331, 0.00114317203406, 0.0021657878533, 0.000877494749147, 0.000651356298476, 0.000715758709703, 0.000569717027247, 0.000164338285686, 0.000258893007413, 0.000179306458449, 0.000113958725706, 3.39543184964e-05, 2.13820840145e-05, 2.37707936321e-05, 1.86399920494e-05, 1.99011210498e-05, 2.89375457214e-05, 8.94097138371e-06, 4.05081755162e-06],
        "mean": [0.000248938129516, 0.00103947892785, 0.0012234224705, 0.000695926952176, 0.000365516345482, 0.000632807321381, 0.00063314056024, 0.000488012679853, 0.000734563800506, 0.000419664778747, 0.00026849200367, 0.000151116037159, 0.000105263010482, 7.58965252317e-05, 0.000117203817354, 7.20611496945e-05, 7.31562031433e-05, 6.0741611378e-05, 4.30036707257e-05, 3.77464602934e-05, 3.62726095773e-05, 3.6842397094e-05, 5.62793829886e-05, 6.21906292508e-05, 3.98336269427e-05, 3.34462638421e-05, 2.74423855444e-05, 1.56741043611e-05, 8.60767340782e-06, 7.13042345524e-06, 5.72573071622e-06, 3.59039131581e-06, 1.83405097687e-06, 1.46599620621e-06, 1.43200304592e-06, 1.19579465263e-06, 1.07874802779e-06, 7.89461921613e-07, 4.12442346942e-07, 2.21042100179e-07],
        "median": [0.000120518823678, 0.000533547834493, 0.000684767612256, 0.000368230044842, 0.000193976462469, 0.000360011938028, 0.000276397739071, 0.000156056528795, 0.000261578534264, 0.000150676249177, 0.000117293231597, 4.75179986097e-05, 2.14334813791e-05, 2.16676653508e-05, 3.8882575609e-05, 1.91097806237e-05, 1.68281767401e-05, 1.27296425489e-05, 1.11814970296e-05, 7.63273510529e-06, 7.49841638026e-06, 7.50417893869e-06, 6.71802081342e-06, 5.99850955041e-06, 8.19412525743e-06, 8.58900330059e-06, 3.39768917001e-06, 3.86302144761e-06, 3.96561699745e-06, 2.44868010668e-06, 1.52424604494e-06, 1.32041327561e-06, 8.52880248203e-07, 7.83645873526e-07, 7.28146687834e-07, 6.24175072517e-07, 6.34958212231e-07, 4.22954656187e-07, 2.20388429284e-07, 1.26956877011e-07],
        "min": [1.89337030754e-13, 2.51530220263e-12, 7.7877938473e-12, 1.47900303116e-11, 1.60823524636e-11, 9.01303597728e-12, 2.64709781872e-12, 7.79961338571e-12, 1.7692378812e-11, 3.5763170203e-11, 4.04178843172e-11, 2.26977915629e-11, 1.66380832722e-11, 1.64979349626e-11, 6.58417209642e-11, 9.34688298981e-11, 3.80915715636e-11, 4.91504857647e-11, 1.07443019759e-10, 9.75349315202e-11, 2.51089305597e-11, 1.88644221771e-11, 9.26611305047e-12, 1.02351703501e-11, 1.77612594771e-11, 6.46077028682e-12, 8.89020367739e-12, 9.01524254554e-12, 1.14014180042e-11, 5.83051185457e-13, 2.89435771357e-12, 1.69806460559e-11, 1.10618307049e-12, 3.7318238777e-13, 9.53079737527e-13, 3.04845883779e-12, 7.98434872363e-14, 2.01595229225e-12, 1.17225164038e-12, 2.65815506813e-14],
        "var": [1.42048861562e-07, 2.00839713216e-06, 2.30279442803e-06, 1.01764953797e-06, 2.47109966267e-07, 5.60077523915e-07, 9.1596831453e-07, 1.06259949462e-06, 2.4462183319e-06, 9.19792455534e-07, 2.103586354e-07, 1.88804960999e-07, 1.35398948942e-07, 3.92598131782e-08, 1.13330685281e-07, 3.67208805585e-08, 5.09985795816e-08, 2.40172930432e-08, 9.90008786061e-09, 1.27886234935e-08, 6.95442992082e-09, 6.10028338954e-09, 1.50198360416e-08, 2.2316518411e-08, 7.9728339486e-09, 4.62177318639e-09, 5.00634822487e-09, 1.85267157171e-09, 2.28505270261e-10, 2.85226703367e-10, 1.74744413384e-10, 4.70517236284e-11, 9.57780989935e-12, 4.43421514784e-12, 4.80162134012e-12, 2.45136051215e-12, 1.71988410926e-12, 1.46294120481e-12, 3.41127760805e-13, 9.52338319424e-14]
    },
    "mfcc": {
        "dmean": [13.0434913635, 9.95588493347, 10.0351419449, 8.08400917053, 8.39056396484, 7.75028848648, 7.95336723328, 7.5951795578, 7.16995429993, 7.17583417892, 7.01738929749, 6.82936668396, 6.98591375351],
        "dmean2": [17.5792140961, 15.908613205, 15.7614450455, 13.2209043503, 13.6930961609, 13.0051851273, 12.9523191452, 12.503118515, 11.7054100037, 11.7212715149, 11.5967617035, 11.4098005295, 11.6724214554],
        "dvar": [280.157012939, 63.63671875, 72.5171737671, 40.7543334961, 45.4526939392, 37.8933448792, 35.4995880127, 35.1082992554, 30.7795314789, 30.0057754517, 28.4078826904, 26.6915035248, 28.7881717682],
        "dvar2": [427.299102783, 152.890869141, 185.614578247, 106.318832397, 118.234855652, 102.617126465, 97.5083084106, 96.1209335327, 83.4011077881, 83.4857711792, 77.4560470581, 75.2310638428, 78.5758514404],
        "max": [-492.417175293, 184.871520996, 65.1538391113, 83.2317352295, 42.3407516479, 31.9727172852, 46.9087905884, 48.0405769348, 25.1174240112, 42.0060653687, 38.1364822388, 32.2828788757, 22.7175674438],
        "mean": [-617.820007324, 119.06262207, -2.77398252487, 23.5621204376, -9.92151927948, -5.67818021774, -4.36831045151, -0.156165868044, -6.3911652565, 5.43529987335, -0.250080913305, 1.44039785862, -9.19526863098],
        "median": [-625.032348633, 121.389099121, -0.30200958252, 22.2781238556, -11.0882472992, -5.04886054993, -5.30983543396, -0.603382110596, -6.15019226074, 6.11942672729, -0.752155303955, 1.58373832703, -8.19855499268],
        "min": [-1138.42004395, 1.14440917969e-05, -81.6081390381, -30.5472812653, -66.3129119873, -47.1820526123, -46.7571411133, -39.5108261108, -43.7109146118, -42.4876327515, -37.6775283813, -32.6176185608, -66.119430542],
        "var": [2205.51611328, 530.29510498, 544.437744141, 258.393310547, 235.535247803, 160.923324585, 190.745529175, 118.643829346, 107.146354675, 123.034584045, 98.2948379517, 87.2445526123, 117.711097717],
        "cov": [[2206.36816406, -383.413452148, -654.888977051, 105.313728333, 69.2323074341, -127.301292419, -19.7723636627, 91.5493392944, -21.4760303497, -45.1405639648, -4.37103128433, -11.4763660431, -57.4943809509], [-383.413452148, 530.5, 203.739715576, -151.664413452, -92.4791564941, 51.4655570984, -10.6635627747, -67.3200302124, 22.9929294586, 38.1390190125, 13.5584716797, 35.7416267395, 40.0038909912], [-654.888977051, 203.739715576, 544.648071289, 26.8115844727, 21.0366134644, 64.9325561523, 11.5349664688, -7.72647428513, 12.7908859253, 8.68836307526, -9.07360553741, -12.6373434067, 26.603219986], [105.313728333, -151.664413452, 26.8115844727, 258.493133545, 137.417480469, -42.0346298218, -27.4938907623, 40.0057678223, -8.75606441498, -23.0730648041, -9.7795715332, -18.3090286255, -5.40936326981], [69.2323074341, -92.4791564941, 21.0366134644, 137.417480469, 235.626251221, 10.3535366058, -26.335067749, 34.8246498108, -8.64635181427, -19.6799602509, -18.0408973694, -15.6785869598, 2.32996344566], [-127.301292419, 51.4655570984, 64.9325561523, -42.0346298218, 10.3535366058, 160.98550415, 90.5471115112, 9.22521781921, 0.905916631222, -15.8148031235, -7.78887224197, -0.173614695668, -21.4885959625], [-19.7723636627, -10.6635627747, 11.5349664688, -27.4938907623, -26.335067749, 90.5471115112, 190.819229126, 54.0897789001, -20.0676822662, -20.6228656769, -9.29856300354, 3.35571956635, -18.2154312134], [91.5493392944, -67.3200302124, -7.72647428513, 40.0057678223, 34.8246498108, 9.22521781921, 54.0897789001, 118.689674377, 17.4709587097, -21.0256919861, -3.86932444572, -5.65018987656, -5.73387002945], [-21.4760303497, 22.9929294586, 12.7908859253, -8.75606441498, -8.64635181427, 0.905916631222, -20.0676822662, 17.4709587097, 107.18775177, 47.7085914612, 9.14445114136, 0.853668093681, 4.74115371704], [-45.1405639648, 38.1390190125, 8.68836307526, -23.0730648041, -19.6799602509, -15.8148031235, -20.6228656769, -21.0256919861, 47.7085914612, 123.082122803, 37.5534172058, 7.45476484299, 15.5207948685], [-4.37103128433, 13.5584716797, -9.07360553741, -9.7795715332, -18.0408973694, -7.78887224197, -9.29856300354, -3.86932444572, 9.14445114136, 37.5534172058, 98.332824707, 31.3057689667, -1.16288733482], [-11.4763660431, 35.7416267395, -12.6373434067, -18.3090286255, -15.6785869598, -0.173614695668, 3.35571956635, -5.65018987656, 0.853668093681, 7.45476484299, 31.3057689667, 87.2782669067, 40.2602958679], [-57.4943809509, 40.0038909912, 26.603219986, -5.40936326981, 2.32996344566, -21.4885959625, -18.2154312134, -5.73387002945, 4.74115371704, 15.5207948685, -1.16288733482, 40.2602958679, 117.756584167]],
        "icov": [[0.00077462720219, 4.47405946034e-05, 0.000885435612872, -0.000205048680073, -0.000103037877125, 0.000233714497881, 2.56992243521e-05, -0.000431563938037, 5.08467637701e-05, 5.91511306993e-05, 4.07927000197e-05, 2.65234284598e-05, 0.000162696684129], [4.47405946034e-05, 0.0031054248102, -0.00112335511949, 0.00150433578528, 0.000289953692118, -0.000469428312499, 0.000405879924074, 0.000877814483829, -0.000347367749782, -0.00017111573834, 7.64698779676e-05, -0.00086199620273, -0.000364097213605], [0.000885435612872, -0.00112335511949, 0.00352330133319, -0.00133858714253, -2.6873052775e-05, -0.000810296623968, 0.000105513514427, -0.000605199602433, 3.94022426917e-05, -2.11601964111e-05, -2.37901585933e-05, 0.00102072313894, -0.000552022422198], [-0.000205048680073, 0.00150433578528, -0.00133858714253, 0.00731428246945, -0.00352271599695, 0.00223962846212, -0.000134260393679, -0.000480750371935, -0.000134532267111, 0.000646294909529, -0.000315341691021, -8.57035993249e-05, 0.000407880230341], [-0.000103037877125, 0.000289953692118, -2.6873052775e-05, -0.00352271599695, 0.00720729259774, -0.00293471477926, 0.00243932637386, -0.00184212229215, 0.0012064196635, -0.000567683426198, 0.000857760664076, 0.000278161023743, -0.000755449407734], [0.000233714497881, -0.000469428312499, -0.000810296623968, 0.00223962846212, -0.00293471477926, 0.0112219732255, -0.00580510450527, 0.00207134778611, -0.002172277309, 0.00174865452573, -0.000173561362317, -0.000514102226589, 0.00189933285583], [2.56992243521e-05, 0.000405879924074, 0.000105513514427, -0.000134260393679, 0.00243932637386, -0.00580510450527, 0.0101945754141, -0.0053960592486, 0.00344652100466, -0.00143300229684, 0.00125526229385, -0.00107375893276, 0.000480900023831], [-0.000431563938037, 0.000877814483829, -0.000605199602433, -0.000480750371935, -0.00184212229215, 0.00207134778611, -0.0053960592486, 0.0134802702814, -0.00492930179462, 0.00327878375538, -0.00143272778951, 0.00073370966129, -0.000656846619677], [5.08467637701e-05, -0.000347367749782, 3.94022426917e-05, -0.000134532267111, 0.0012064196635, -0.002172277309, 0.00344652100466, -0.00492930179462, 0.0134636731818, -0.00591123849154, 0.00136166752782, -0.00040820686263, 0.000390645378502], [5.91511306993e-05, -0.00017111573834, -2.11601964111e-05, 0.000646294909529, -0.000567683426198, 0.00174865452573, -0.00143300229684, 0.00327878375538, -0.00591123849154, 0.012626525946, -0.00476938579232, 0.00186290882993, -0.00172044604551], [4.07927000197e-05, 7.64698779676e-05, -2.37901585933e-05, -0.000315341691021, 0.000857760664076, -0.000173561362317, 0.00125526229385, -0.00143272778951, 0.00136166752782, -0.00476938579232, 0.0139728300273, -0.0060038305819, 0.00282505550422], [2.65234284598e-05, -0.00086199620273, 0.00102072313894, -8.57035993249e-05, 0.000278161023743, -0.000514102226589, -0.00107375893276, 0.00073370966129, -0.00040820686263, 0.00186290882993, -0.0060038305819, 0.016961093992, -0.00624573417008], [0.000162696684129, -0.000364097213605, -0.000552022422198, 0.000407880230341, -0.000755449407734, 0.00189933285583, 0.000480900023831, -0.000656846619677, 0.000390645378502, -0.00172044604551, 0.00282505550422, -0.00624573417008, 0.0116169303656]]
    }
}

}