{
"metadata": {
    "version": {
        "essentia": "2.0.1",
        "extractor": "archive-music 1.0 mod ismir14"
    },
    "audio_properties": {
        "analysis_sample_rate": 44100,
        "bitrate": 32,
        "channels": 2,
        "equal_loudness": 0,
        "length": 30.0408172607,
        "replay_gain": -13.3254871368,
        "downmix": "mix"
    },
    "tags": {
        "track": 0,
        "year": 0,
        "album": "",
        "artist": "",
        "comment": "",
        "genre": "",
        "title": ""
    }
},
"rhythm": {
    "bpm": 90.2956161499,
    "bpm_histogram_first_peak": 91,
    "bpm_histogram_first_peak_spread": 0.341463446617,
    "bpm_histogram_first_peak_weight": 0.62790697813,
    "bpm_histogram_second_peak": 85,
    "bpm_histogram_second_peak_spread": 0,
    "bpm_histogram_second_peak_weight": 0.0465116277337
},
"tonal": {
    "tuning_frequency": {
        "dmean": 0.128009542823,
        "dmean2": 0.250944912434,
        "dvar": 1.52367293835,
        "dvar2": 3.30068278313,
        "max": 454.465301514,
        "mean": 442.510620117,
        "median": 443.316436768,
        "min": 431.193908691,
        "var": 37.0590629578
    },
    "hpcp": {
        "dmean": [0.210808798671, 0.170519262552, 0.180244132876, 0.147549629211, 0.151575177908, 0.190671741962, 0.18584677577, 0.239450991154, 0.243373066187, 0.177240073681, 0.179840952158, 0.179907619953],
        "dmean2": [0.389250308275, 0.322243303061, 0.336367696524, 0.276914149523, 0.279179215431, 0.34924030304, 0.348205655813, 0.444646716118, 0.450451433659, 0.336379349232, 0.335036993027, 0.336658239365],
        "dvar": [0.0968039929867, 0.0935622081161, 0.0923045799136, 0.0754388198256, 0.0730719566345, 0.0883853435516, 0.10040281713, 0.113479107618, 0.116051353514, 0.101841688156, 0.0934807956219, 0.0905214101076],
        "dvar2": [0.270347326994, 0.253076583147, 0.261228322983, 0.21710459888, 0.196603268385, 0.239386469126, 0.269237995148, 0.30206656456, 0.291711896658, 0.291795998812, 0.26434263587, 0.259610086679],
        "max": [1, 1, 1, 1, 1, 1, 1, 1, 1, 1, 1, 1],
        "mean": [0.195186823606, 0.135924190283, 0.159111261368, 0.127029702067, 0.128053471446, 0.17631791532, 0.150885313749, 0.230551823974, 0.238771080971, 0.122795328498, 0.138528287411, 0.130298510194],
        "median": [0.0388004481792, 0.0130081837997, 0.0226130224764, 0.014129942283, 0.0201910827309, 0.0259395465255, 0.0123756071553, 0.0419348850846, 0.0381963178515, 0.00996746867895, 0.0159582067281, 0.0181894861162],
        "min": [0, 0, 0, 0, 0, 0, 0, 0, 0, 0, 0, 0],
        "var": [0.0987882837653, 0.0808706730604, 0.0858210921288, 0.0708247125149, 0.0635962486267, 0.0932689756155, 0.0921471342444, 0.121335171163, 0.129779294133, 0.0747338086367, 0.0770213231444, 0.070108897984]
    }
},
"lowlevel": {
    "melbands": {
        "dmean": [0.000775001593865, 0.00255816197023, 0.00123463571072, 0.000490992504638, 0.000343938183505, 0.000256895495113, 0.000282098248135, 0.00032879828359, 0.000468559388537, 0.000314934819471, 0.000143520068377, 0.000160859897733, 0.000141213327879, 0.00010145426495, 0.000142905017128, 0.000141893789987, 3.49578840542e-05, 2.67043833446e-05, 1.63695403899e-05, 2.00492959266e-05, 3.00616902678e-05, 2.22521157411e-05, 3.58263132512e-05, 2.76673599728e-05, 1.65767396538e-05, 1.90475548152e-05, 1.51337471834e-05, 8.90233786777e-06, 4.36499158241e-06, 3.69558506463e-06, 1.9762892407e-06, 1.01350701698e-06, 6.30535680557e-07, 5.2402572237e-07, 5.09073345256e-07, 5.15471697327e-07, 3.9657405182e-07, 5.47077092961e-07, 4.74086277791e-07, 4.21380519811e-07],
        "dmean2": [0.00126618065406, 0.00462079001591, 0.00215805927292, 0.000847867690027, 0.000596590165514, 0.000436415954027, 0.000474313215818, 0.00051111006178, 0.000678974669427, 0.000434115994722, 0.00021027866751, 0.000224420015002, 0.000192091203644, 0.000162305426784, 0.000213539358811, 0.000212542930967, 5.14598141308e-05, 4.07911502407e-05, 2.62849880528e-05, 3.22749001498e-05, 4.83192343381e-05, 3.61913625966e-05, 5.74702135054e-05, 4.20940414187e-05, 2.50541834248e-05, 3.00806805171e-05, 2.26764059335e-05, 1.33743205879e-05, 6.71376346872e-06, 5.69295434616e-06, 3.02465673485e-06, 1.61079674399e-06, 1.01704540612e-06, 8.34095772007e-07, 7.9736008729e-07, 8.05643992408e-07, 6.14687394318e-07, 8.66063658123e-07, 7.31548993826e-07, 6.71910697747e-07],
        "dvar": [6.64716253596e-07, 8.36321305542e-06, 1.97270423996e-06, 5.01076669934e-07, 4.77522632991e-07, 1.7787925799e-07, 2.42573435116e-07, 3.91604999095e-07, 8.52766049775e-07, 1.03134243545e-06, 2.79128954617e-07, 2.18932683538e-07, 1.26988979332e-07, 9.60077457535e-08, 1.42993386021e-07, 1.88953407587e-07, 1.17313687653e-08, 4.86812101741e-09, 7.43768435729e-10, 1.13264664314e-09, 3.79653597449e-09, 2.41934072776e-09, 5.85295989453e-09, 3.56253737621e-09, 9.7413543898e-10, 1.25941412854e-09, 1.10198861147e-09, 3.55272172792e-10, 8.0573402117e-11, 7.88546172803e-11, 1.65739765662e-11, 2.93792767891e-12, 1.16710157164e-12, 6.08843487779e-13, 6.51302145896e-13, 5.15520677362e-13, 3.97725038667e-13, 6.99599124292e-13, 6.41281298897e-13, 5.47741648045e-13],
        "dvar2": [1.84732300568e-06, 2.77479557553e-05, 5.73147690375e-06, 1.37472454753e-06, 1.34220806558e-06, 4.78911999835e-07, 6.26399753401e-07, 9.40912286751e-07, 1.66533470747e-06, 1.77614140284e-06, 4.61192371404e-07, 3.26019488739e-07, 1.93362154732e-07, 2.18734001578e-07, 2.57973482576e-07, 3.46328278056e-07, 1.77428418624e-08, 1.07030118102e-08, 1.74179959345e-09, 2.72712363802e-09, 9.38925381888e-09, 6.40863584422e-09, 1.51885330979e-08, 7.99913379979e-09, 2.15672990578e-09, 3.08969982932e-09, 2.3214081768e-09, 7.10164871354e-10, 1.59343094275e-10, 1.57041449289e-10, 3.61987453901e-11, 7.18765802085e-12, 2.99901466508e-12, 1.42212337826e-12, 1.45452280862e-12, 1.24449062167e-12, 9.55840007838e-13, 1.70888411928e-12, 1.28938548206e-12, 1.34074815052e-12],
        "max": [0.00995478220284, 0.0244639068842, 0.014976805076, 0.00990268960595, 0.00903423596174, 0.00565427681431, 0.0102672241628, 0.00940031558275, 0.0182186029851, 0.0201576407999, 0.026153549552, 0.0164646729827, 0.0134045407176, 0.00740673532709, 0.00879826396704, 0.012653642334, 0.00541023304686, 0.00187049189117, 0.000445690471679, 0.000423761899583, 0.000978477299213, 0.000850969459862, 0.00113055587281, 0.000777415581979, 0.000542855297681, 0.000510712096002, 0.000576705788262, 0.000384903338272, 0.000214083469473, 0.00023813705775, 9.94131114567e-05, 4.12786903325e-05, 1.75238055817e-05, 1.56158403115e-05, 1.77387628355e-05, 9.39335313888e-06, 1.22644878502e-05, 1.81907234946e-05, 2.11971400859e-05, 1.73666030605e-05],
        "mean": [0.00131372734904, 0.00351319951005, 0.00183623412158, 0.000688748201355, 0.000446366495453, 0.000386081868783, 0.000451165571576, 0.000605977489613, 0.000919243204407, 0.000620921724476, 0.000239203203819, 0.000276048667729, 0.000321170227835, 0.000149895102368, 0.000235848187003, 0.000253142847214, 6.37671182631e-05, 4.41122683696e-05, 2.76129594567e-05, 3.30005532305e-05, 4.76370223623e-05, 3.6248115066e-05, 5.89075607422e-05, 4.69783735753e-05, 2.96647176583e-05, 3.31542905769e-05, 2.69356423814e-05, 1.60022445925e-05, 8.18189892016e-06, 6.45102363706e-06, 3.54587200491e-06, 1.87531134088e-06, 1.16284479645e-06, 1.02047499695e-06, 9.73093278844e-07, 9.6901840152e-07, 7.51018831124e-07, 1.09786265057e-06, 1.01442117284e-06, 8.31234331145e-07],
        "median": [0.000940233527217, 0.00242258957587, 0.00127221038565, 0.000400543096475, 0.000198098423425, 0.000180758710485, 0.000171964013134, 0.000197419998585, 0.000248893367825, 9.4015020295e-05, 5.21250403835e-05, 6.29287169431e-05, 4.81619135826e-05, 4.55600347777e-05, 5.63229004911e-05, 4.31125736213e-05, 1.48950894072e-05, 1.18177867989e-05, 1.14721069622e-05, 1.29335958263e-05, 1.45919366332e-05, 1.14083713925e-05, 1.5840452761e-05, 1.0720516002e-05, 9.53657036007e-06, 1.2233106645e-05, 6.78334208715e-06, 3.98150723413e-06, 2.97114456771e-06, 2.0802256131e-06, 1.47640639625e-06, 1.01976638689e-06, 6.93586457601e-07, 6.02412228545e-07, 6.13312352016e-07, 6.42050054012e-07, 4.28101714078e-07, 6.63011746838e-07, 5.93462573306e-07, 5.06341791606e-07],
        "min": [2.02055913667e-10, 3.93472116e-10, 5.48256329225e-10, 5.81930725829e-10, 1.0116392446e-10, 1.11923206814e-10, 1.10070744186e-10, 5.19636209062e-11, 1.42112216092e-11, 8.44357223029e-12, 2.21184268817e-11, 1.54855087087e-11, 1.6393870636e-11, 1.12858528079e-10, 3.01427743876e-10, 4.80999719221e-11, 1.36136255047e-10, 3.12447533124e-11, 2.77650090419e-11, 5.35629075815e-11, 5.59090967966e-11, 1.07131366278e-10, 1.79801992739e-10, 2.12922679488e-10, 8.0607459596e-10, 1.25924681793e-09, 1.03445883803e-10, 1.14667962625e-10, 3.13493189741e-11, 3.02819991305e-11, 2.1647399151e-11, 1.19373521484e-11, 1.48685438961e-11, 1.45473659161e-11, 7.79273954393e-12, 1.64489353128e-12, 1.05428625899e-11, 2.88887425266e-12, 3.5392971106e-12, 1.58137684805e-12],
        "var": [1.52936422637e-06, 1.10351620606e-05, 3.11918392981e-06, 7.12831592864e-07, 5.59728903227e-07, 3.33370735461e-07, 6.3507025061e-07, 1.08192614334e-06, 2.90216644316e-06, 3.78850450033e-06, 1.1994726492e-06, 6.94482992003e-07, 7.21276364857e-07, 1.39156696832e-07, 3.62807611509e-07, 6.44154056317e-07, 6.40697379595e-08, 1.50639003493e-08, 1.76644299188e-09, 2.16388507113e-09, 6.61824239856e-09, 3.76043596262e-09, 1.11549329773e-08, 7.84399922793e-09, 2.29799335116e-09, 2.91518120754e-09, 2.57633248069e-09, 8.74649186411e-10, 2.00812186324e-10, 1.71516509329e-10, 3.47175864446e-11, 6.2400336634e-12, 2.12360554488e-12, 1.51889059056e-12, 1.34927746059e-12, 1.09959806018e-12, 9.23339312994e-13, 1.84306411279e-12, 1.81706635415e-12, 1.27088433093e-12]
    },
    "mfcc": {
        "dmean": [13.7715129852, 9.80864429474, 10.3531665802, 8.90986251831, 8.60203075409, 8.30689239502, 8.05896377563, 7.6065659523, 7.33467102051, 7.52583360672, 7.32875680923, 7.27131891251, 6.79116487503],
        "dmean2": [17.0008201599, 15.2419939041, 15.944937706, 14.0482473373, 13.8132505417, 13.2887744904, 13.2734451294, 12.5458583832, 12.1333761215, 12.2630710602, 11.9449281693, 11.9750270844, 11.0782728195],
        "dvar": [286.13659668, 60.0231246948, 80.1460418701, 47.8507499695, 43.5858879089, 39.8620262146, 38.9439964294, 34.2127609253, 32.3501739502, 31.3444766998, 32.8717956543, 32.8618431091, 26.9404277802],
        "dvar2": [300.371734619, 143.543823242, 164.561920166, 115.37940979, 116.266540527, 104.238502502, 103.490516663, 92.6522598267, 85.0687866211, 88.6759796143, 89.2696075439, 86.6140289307, 71.428062439],
        "max": [-499.394470215, 192.96522522, 69.7302474976, 80.725112915, 55.2381591797, 42.1120071411, 66.9068145752, 45.8988800049, 33.1507720947, 37.9717025757, 44.9788360596, 42.5810165405, 31.9848155975],
        "mean": [-606.636230469, 125.330123901, -2.57913351059, 25.1502532959, 5.6419968605, -4.21817588806, 13.4694862366, 5.8602309227, 0.0967729240656, 2.56188368797, 4.06741809845, 6.34682703018, 0.729375362396],
        "median": [-609.350158691, 125.472236633, 0.0210361480713, 24.6656169891, 5.97007369995, -3.02961730957, 13.1170558929, 5.81046867371, 0.398418426514, 2.11943435669, 4.22793960571, 6.16126251221, 0.987752914429],
        "min": [-1137.22009277, -0.791187286377, -85.1343383789, -37.2956314087, -55.9129524231, -53.9752960205, -33.7222671509, -32.8359603882, -40.9786529541, -49.2426452637, -29.0437507629, -28.1079616547, -33.1484489441],
        "var": [2221.76318359, 339.286987305, 592.039367676, 346.45526123, 271.955932617, 241.025802612, 194.890563965, 142.258392334, 95.5897140503, 117.463752747, 103.097915649, 97.7677001953, 82.3825302124],
        "cov": [[2222.62182617, 64.8520431519, -668.707641602, 43.2939949036, -314.458648682, -219.900253296, -155.484573364, -72.6640701294, -51.9657974243, -11.8807106018, -68.5264053345, -0.120421513915, -66.3229598999], [64.8520431519, 339.41809082, -53.4464302063, -66.8975296021, -89.6072769165, -3.15141654015, 9.90448570251, -0.820488035679, -16.4226131439, 17.1585865021, 49.070690155, -0.903756141663, -4.4936299324], [-668.707641602, -53.4464302063, 592.268188477, -70.9251861572, 223.874328613, 45.3902587891, 47.7207183838, 2.39552903175, 30.7357273102, 12.4255504608, 6.46571445465, -10.6142778397, 21.4948368073], [43.2939949036, -66.8975296021, -70.9251861572, 346.589141846, 23.8202323914, 21.1347293854, -86.05128479, -4.73720741272, 36.2322998047, 21.1659317017, -41.0862503052, -8.51374340057, 20.4660758972], [-314.458648682, -89.6072769165, 223.874328613, 23.8202323914, 272.061035156, 10.0302238464, 48.9082298279, -32.9353561401, 33.4158477783, 18.6644058228, -13.6030340195, 8.02701854706, 3.43438529968], [-219.900253296, -3.15141654015, 45.3902587891, 21.1347293854, 10.0302238464, 241.118942261, 75.9566726685, 54.9504928589, -24.966178894, -6.40075445175, 37.6652679443, -10.8450536728, -12.2042560577], [-155.484573364, 9.90448570251, 47.7207183838, -86.05128479, 48.9082298279, 75.9566726685, 194.965866089, 50.7978172302, 3.12972331047, -31.2416534424, 26.6130180359, 14.5825471878, -10.1473903656], [-72.6640701294, -0.820488035679, 2.39552903175, -4.73720741272, -32.9353561401, 54.9504928589, 50.7978172302, 142.313354492, 14.3438539505, -11.1241111755, 5.67070245743, 9.56974983215, 6.82740068436], [-51.9657974243, -16.4226131439, 30.7357273102, 36.2322998047, 33.4158477783, -24.966178894, 3.12972331047, 14.3438539505, 95.6266479492, 29.3524227142, 3.86124968529, -3.84657883644, 10.8241968155], [-11.8807106018, 17.1585865021, 12.4255504608, 21.1659317017, 18.6644058228, -6.40075445175, -31.2416534424, -11.1241111755, 29.3524227142, 117.509140015, 15.7196569443, 5.15789699554, -9.16334724426], [-68.5264053345, 49.070690155, 6.46571445465, -41.0862503052, -13.6030340195, 37.6652679443, 26.6130180359, 5.67070245743, 3.86124968529, 15.7196569443, 103.137748718, 21.1655426025, 3.25531339645], [-0.120421513915, -0.903756141663, -10.6142778397, -8.51374340057, 8.02701854706, -10.8450536728, 14.5825471878, 9.56974983215, -3.84657883644, 5.15789699554, 21.1655426025, 97.805480957, 17.5088291168], [-66.3229598999, -4.4936299324, 21.4948368073, 20.4660758972, 3.43438529968, -12.2042560577, -10.1473903656, 6.82740068436, 10.8241968155, -9.16334724426, 3.25531339645, 17.5088291168, 82.4143676758]],
        "icov": [[0.000797077838797, 1.63139757205e-05, 0.000706637103576, 3.21214574797e-05, 0.00032042543171, 0.000468904559966, 0.00015280531079, 0.00019528986013, 9.69207976595e-05, 9.17815759749e-06, 0.000308560353005, -8.92208190635e-05, 0.000503838702571], [1.63139757205e-05, 0.00361728481948, -7.07746585249e-05, 0.000285544520011, 0.00128332467284, 0.000365978630725, -0.000564785616007, 0.000312872667564, 0.000511728867423, -0.000844535126816, -0.00140265573282, 0.000431710795965, -0.000134255562443], [0.000706637103576, -7.07746585249e-05, 0.00349023379385, 0.00111479475163, -0.00234559597448, -0.000278552499367, 0.000930372683797, -0.000410455802921, -0.000346865970641, 7.39283204894e-05, 0.000204551179195, 0.000565308670048, -0.000491682323627], [3.21214574797e-05, 0.000285544520011, 0.00111479475163, 0.00443579023704, -0.00123489438556, -0.00179303903133, 0.00252774776891, -0.000142712087836, -0.00203945464455, 3.19928622048e-05, 0.00157306715846, -0.000195498054381, -0.000991071108729], [0.00032042543171, 0.00128332467284, -0.00234559597448, -0.00123489438556, 0.00761189451441, 0.000463808042696, -0.00278696441092, 0.00276634679176, -0.00105914694723, -0.00112919707317, 0.00107795698568, -0.00110665871762, 0.000631507253274], [0.000468904559966, 0.000365978630725, -0.000278552499367, -0.00179303903133, 0.000463808042696, 0.00687156431377, -0.00254432228394, -0.00189848348964, 0.00336070777848, -0.000691503752023, -0.00264107529074, 0.00166981422808, 0.000988761079498], [0.00015280531079, -0.000564785616007, 0.000930372683797, 0.00252774776891, -0.00278696441092, -0.00254432228394, 0.00914828851819, -0.00233255815692, -0.00190459925216, 0.00273927906528, -0.000489873695187, -0.00118462368846, 0.00110653741285], [0.00019528986013, 0.000312872667564, -0.000410455802921, -0.000142712087836, 0.00276634679176, -0.00189848348964, -0.00233255815692, 0.00968830473721, -0.00263363285922, 0.000282175809843, 0.00144227419514, -0.00142427522223, -0.000546616502106], [9.69207976595e-05, 0.000511728867423, -0.000346865970641, -0.00203945464455, -0.00105914694723, 0.00336070777848, -0.00190459925216, -0.00263363285922, 0.0146589893848, -0.00366216828115, -0.00211304286495, 0.00228755339049, -0.00150669843424], [9.17815759749e-06, -0.000844535126816, 7.39283204894e-05, 3.19928622048e-05, -0.00112919707317, -0.000691503752023, 0.00273927906528, 0.000282175809843, -0.00366216828115, 0.0108624482527, -0.00154580222443, -0.00119245669339, 0.00219580251724], [0.000308560353005, -0.00140265573282, 0.000204551179195, 0.00157306715846, 0.00107795698568, -0.00264107529074, -0.000489873695187, 0.00144227419514, -0.00211304286495, -0.00154580222443, 0.013300194405, -0.0030651348643, -0.000656489864923], [-8.92208190635e-05, 0.000431710795965, 0.000565308670048, -0.000195498054381, -0.00110665871762, 0.00166981422808, -0.00118462368846, -0.00142427522223, 0.00228755339049, -0.00119245669339, -0.0030651348643, 0.0121785402298, -0.00278090615757], [0.000503838702571, -0.000134255562443, -0.000491682323627, -0.000991071108729, 0.000631507253274, 0.000988761079498, 0.00110653741285, -0.000546616502106, -0.00150669843424, 0.00219580251724, -0.000656489864923, -0.00278090615757, 0.0142666948959]]
    }
}

}