{
"metadata": {
    "version": {
        "essentia": "2.0.1",
        "extractor": "archive-music 1.0 mod ismir14"
    },
    "audio_properties": {
        "analysis_sample_rate": 44100,
        "bitrate": 1444,
        "channels": 2,
        "equal_loudness": 0,
        "length": 30,
        "replay_gain": -14.8594207764,
        "downmix": "mix"
    },
    "tags": {
        "track": 0,
        "year": 0,
        "album": "",
        "artist": "",
        "comment": "",
        "genre": "",
        "title": ""
    }
},
"rhythm": {
    "bpm": 109.359153748,
    "bpm_histogram_first_peak": 110,
    "bpm_histogram_first_peak_spread": 0.415094316006,
    "bpm_histogram_first_peak_weight": 0.584905683994,
    "bpm_histogram_second_peak": 0,
    "bpm_histogram_second_peak_spread": 0,
    "bpm_histogram_second_peak_weight": 0
},
"tonal": {
    "tuning_frequency": {
        "dmean": 0.175124183297,
        "dmean2": 0.317509800196,
        "dvar": 0.729661464691,
        "dvar2": 2.16102004051,
        "max": 446.399932861,
        "mean": 441.016876221,
        "median": 440.763122559,
        "min": 440,
        "var": 0.903172016144
    },
    "hpcp": {
        "dmean": [0.111058600247, 0.0879699587822, 0.031226599589, 0.148858487606, 0.0471257939935, 0.145245298743, 0.0355527028441, 0.0915785804391, 0.1196237728, 0.0475340411067, 0.169364735484, 0.0662297829986],
        "dmean2": [0.199071496725, 0.152666404843, 0.0565829016268, 0.257597059011, 0.0892202854156, 0.253735482693, 0.0636433586478, 0.151790171862, 0.201470553875, 0.0922066494823, 0.27670186758, 0.123698204756],
        "dvar": [0.0387334525585, 0.0508620403707, 0.00175170274451, 0.0676034241915, 0.0223687402904, 0.0557584278286, 0.0057000736706, 0.0250970702618, 0.0295115280896, 0.0202916413546, 0.0586370415986, 0.0147567456588],
        "dvar2": [0.0855928733945, 0.0964481011033, 0.00480522448197, 0.159441366792, 0.0682543665171, 0.135545372963, 0.0152690708637, 0.0557565875351, 0.0631769821048, 0.0598664842546, 0.128225386143, 0.0417030006647],
        "max": [1, 1, 0.201325699687, 1, 1, 1, 0.623684167862, 1, 1, 0.992239177227, 1, 0.528621256351],
        "mean": [0.16924546659, 0.243453130126, 0.0250221882015, 0.464967310429, 0.0344295836985, 0.25198328495, 0.0294295754284, 0.103388883173, 0.223336085677, 0.0332170054317, 0.21695061028, 0.0441942326725],
        "median": [0.0379527248442, 0.0169795379043, 0.0107853366062, 0.292015761137, 0.0106849176809, 0.0623691268265, 0.0101466458291, 0.0245793778449, 0.115427985787, 0.0102892555296, 0.0750844925642, 0.00972616299987],
        "min": [9.79603646556e-05, 0.000239025393967, 0.000214701649384, 0.000747093523387, 0.0002453677007, 0.000253875012277, 0.000381553312764, 0.000701828626916, 0.000556985498406, 0.000202152179554, 0.000739036942832, 0.000403275917051],
        "var": [0.0795328021049, 0.161791041493, 0.0014164847089, 0.19339749217, 0.0127018159255, 0.127186492085, 0.00423944974318, 0.0365716293454, 0.0902568101883, 0.0109122656286, 0.094038233161, 0.00930397305638]
    }
},
"lowlevel": {
    "melbands": {
        "dmean": [0.000142909397255, 0.000270408956567, 0.000173978041857, 0.00010633894999, 4.53923494206e-05, 5.904459249e-05, 2.69905267487e-05, 3.6203986383e-05, 5.52465535293e-05, 4.12287554354e-05, 1.06446095742e-05, 1.06379629869e-05, 7.57751649871e-06, 6.97153154761e-06, 6.39864583718e-06, 7.16064459994e-06, 6.59607576381e-06, 6.64974459141e-06, 3.61716479347e-06, 5.50092681806e-06, 2.40424469666e-06, 1.54780332196e-06, 1.84373857337e-06, 1.04376886156e-06, 6.08830873716e-07, 4.56590669273e-07, 2.80478474224e-07, 2.10270385992e-07, 2.31401415363e-07, 1.65253922546e-07, 1.43951481846e-07, 1.41383182495e-07, 1.31263462322e-07, 9.98430920163e-08, 8.23712653641e-08, 6.98158686419e-08, 5.78664760553e-08, 3.64103094341e-08, 2.89575812218e-08, 2.35739250343e-08],
        "dmean2": [0.000264170317678, 0.000450028892374, 0.000280780077446, 0.000177582565811, 7.2855851613e-05, 0.000102721547591, 4.535640619e-05, 6.26353212283e-05, 9.40552272368e-05, 7.04418416717e-05, 1.95665816136e-05, 1.94373951672e-05, 1.36149037644e-05, 1.24330772451e-05, 1.07493870019e-05, 1.24365515148e-05, 1.16350720418e-05, 1.1769629964e-05, 6.41274573354e-06, 7.52182540964e-06, 3.88104217564e-06, 2.67828659162e-06, 2.67228506345e-06, 1.5724624518e-06, 1.05055369204e-06, 8.14295333385e-07, 5.13570114435e-07, 3.81256285209e-07, 4.15284830524e-07, 2.9774844279e-07, 2.61448064975e-07, 2.6028229172e-07, 2.41119096245e-07, 1.84915251111e-07, 1.51199657239e-07, 1.31658680402e-07, 1.10378522322e-07, 6.87152237333e-08, 5.47044720633e-08, 4.4600167115e-08],
        "dvar": [4.39806484565e-08, 8.16764753608e-08, 3.7946389142e-08, 1.05206350298e-08, 1.60876545419e-09, 8.41179659261e-09, 1.16754994561e-09, 4.00667632405e-09, 9.27189525157e-09, 7.69155583669e-09, 7.71742392214e-10, 8.22754198104e-10, 3.21948134818e-10, 1.3521907205e-10, 1.46152021041e-10, 1.86688706161e-10, 1.38637212821e-10, 2.31454341804e-10, 4.25435485452e-11, 2.57389248803e-10, 1.77769014786e-11, 4.21758027808e-12, 9.77882705366e-12, 3.10089649271e-12, 6.27440590803e-13, 3.26926013388e-13, 1.00432533926e-13, 6.3400416102e-14, 9.23273908498e-14, 3.97475394341e-14, 3.29634831529e-14, 3.91836831536e-14, 3.7420716211e-14, 2.7117570071e-14, 3.27376201235e-14, 4.35662180702e-14, 3.9361031524e-14, 1.11635173152e-14, 5.55004913216e-15, 4.51926932766e-15],
        "dvar2": [1.18444148711e-07, 2.22985690357e-07, 9.98194309432e-08, 2.7357728527e-08, 3.89982801607e-09, 2.37768684741e-08, 2.56835908097e-09, 9.9867030201e-09, 2.68153836913e-08, 1.85920132623e-08, 2.296479229e-09, 2.39419617465e-09, 9.09138819782e-10, 3.57956525532e-10, 3.95388999319e-10, 4.97891228246e-10, 3.48808232298e-10, 6.49038156553e-10, 1.14543194374e-10, 4.01392613592e-10, 4.08622441439e-11, 1.2815205494e-11, 1.65638197602e-11, 5.53032316122e-12, 1.55338957843e-12, 8.83325422356e-13, 2.79817103732e-13, 1.66388468758e-13, 2.43074494994e-13, 9.90452430358e-14, 8.63196910868e-14, 1.04818240134e-13, 1.01284499993e-13, 7.44747416948e-14, 9.30138602316e-14, 1.26591730262e-13, 1.15000443521e-13, 3.1841581238e-14, 1.58110354778e-14, 1.29720182079e-14],
        "max": [0.00100584060419, 0.0019181430107, 0.00174136273563, 0.000557087711059, 0.000264531583525, 0.000492540653795, 0.000194995183847, 0.000376978627173, 0.000687077641487, 0.000661207712255, 0.000217901091673, 0.000252903293585, 0.000143499390106, 6.95654380252e-05, 7.61965857237e-05, 9.86813611235e-05, 7.44908466004e-05, 0.000131589069497, 4.19585885538e-05, 0.000229898083489, 5.02236325701e-05, 1.30153230202e-05, 2.86216654786e-05, 1.72359104909e-05, 5.06054448124e-06, 3.65595337826e-06, 1.48421202084e-06, 1.24203666019e-06, 2.00439808395e-06, 8.39479866954e-07, 8.27588792163e-07, 9.58073314905e-07, 1.21955565646e-06, 1.1880748616e-06, 1.61173022661e-06, 1.92910306396e-06, 1.83500833373e-06, 9.85664541986e-07, 6.81409972003e-07, 6.29504768312e-07],
        "mean": [0.000151128770085, 0.00065738207195, 0.00047196666128, 0.000176225032192, 7.30285028112e-05, 6.6146341851e-05, 3.45447806467e-05, 4.08021151088e-05, 5.8776109654e-05, 4.30074396718e-05, 9.2623204182e-06, 9.68988115346e-06, 6.37241100776e-06, 6.23330106464e-06, 6.14904320173e-06, 6.60138584863e-06, 6.17777777734e-06, 5.96368499828e-06, 3.34094079335e-06, 6.55699932395e-06, 2.8226595532e-06, 1.92835454982e-06, 2.57181613961e-06, 1.49589470766e-06, 7.43275279547e-07, 4.78628464862e-07, 2.65338087502e-07, 1.81774481689e-07, 2.03103354579e-07, 1.38592980647e-07, 1.12709827249e-07, 1.11790193102e-07, 1.02537924818e-07, 7.64855414559e-08, 6.428746957e-08, 5.13776399202e-08, 4.06355731286e-08, 2.62063331036e-08, 2.0813706314e-08, 1.7527082008e-08],
        "median": [0.00010039818153, 0.000632752955426, 0.000463089556433, 0.000151652639033, 5.76085330977e-05, 2.42817568505e-05, 2.06227105082e-05, 1.78696955118e-05, 2.04473726626e-05, 1.10952878458e-05, 3.84440363632e-06, 3.80722167392e-06, 2.28244971368e-06, 1.9254559902e-06, 2.03898912332e-06, 2.26529596148e-06, 2.07527227758e-06, 1.77618676389e-06, 1.15129512324e-06, 1.15197872219e-06, 1.0264999446e-06, 9.86448981166e-07, 7.16428587566e-07, 5.15126203027e-07, 3.72702203322e-07, 2.31248378668e-07, 1.34610644409e-07, 8.50844585898e-08, 8.16391221292e-08, 4.9741480268e-08, 4.25171968743e-08, 3.77104427685e-08, 3.62868490811e-08, 2.6748935511e-08, 1.8706835192e-08, 1.81396551113e-08, 1.28487638307e-08, 8.30695245924e-09, 6.8733312375e-09, 6.09000450069e-09],
        "min": [7.5989959214e-07, 7.94194193077e-07, 1.57117335675e-06, 2.16550529331e-06, 2.20949846153e-06, 4.67354624334e-07, 4.57694653733e-07, 2.75440399378e-08, 6.92975561378e-07, 2.4032411261e-07, 2.09548947083e-08, 1.43476031056e-08, 3.34555743109e-08, 1.1628391583e-08, 1.40513902736e-08, 1.03213393388e-08, 1.76624972426e-08, 1.59416924106e-08, 1.23110410755e-08, 7.92245824499e-09, 4.52327508782e-09, 3.19479220856e-09, 3.96725230445e-09, 4.81574069511e-09, 1.95428984107e-09, 1.67011371399e-09, 5.67332347767e-10, 2.47399545295e-10, 2.53308873877e-10, 1.71927597159e-10, 5.50642656472e-11, 2.30150343228e-11, 7.78653704014e-12, 3.27481531476e-12, 2.02722951273e-12, 1.4249294019e-12, 1.73127658043e-12, 1.1766352866e-12, 8.50367356826e-13, 7.55748924813e-13],
        "var": [3.17978390285e-08, 1.72473917814e-07, 6.85928256416e-08, 1.52923362862e-08, 3.23631410559e-09, 8.62473648056e-09, 1.57978807813e-09, 4.15784207064e-09, 8.63111271343e-09, 9.37880528795e-09, 4.8788839635e-10, 5.26713395121e-10, 2.1985173404e-10, 1.24617746677e-10, 1.32869854008e-10, 1.55689433567e-10, 1.38382291737e-10, 1.67847694077e-10, 3.5328216047e-11, 5.58346258117e-10, 2.72427774783e-11, 6.15644948215e-12, 2.74901820058e-11, 8.31830784809e-12, 9.27963109999e-13, 3.82714774585e-13, 9.64768290756e-14, 5.4233137756e-14, 7.76073676894e-14, 3.70009741162e-14, 2.64334503586e-14, 2.87205460423e-14, 2.66629048077e-14, 1.84796398832e-14, 2.0576183647e-14, 2.46860654341e-14, 2.17151956274e-14, 6.61012441818e-15, 3.32565908575e-15, 2.67404765086e-15]
    },
    "mfcc": {
        "dmean": [43.7119598389, 23.3709125519, 18.258649826, 11.6777334213, 9.94751644135, 8.79264259338, 8.02140903473, 6.72772455215, 5.82157468796, 7.13470172882, 5.59302186966, 5.59266090393, 5.26022815704],
        "dmean2": [68.3888092041, 38.9045333862, 29.9281291962, 18.385471344, 15.5299005508, 14.1734352112, 12.3080816269, 10.4887781143, 9.75221729279, 11.3417692184, 8.93687820435, 8.93717670441, 8.3903837204],
        "dvar": [1369.3314209, 351.402679443, 242.702011108, 101.899436951, 73.6303100586, 42.6912956238, 47.7319831848, 26.5942554474, 24.1315631866, 39.6022720337, 22.387430191, 22.1908226013, 20.1096305847],
        "dvar2": [3721.69726562, 904.27947998, 564.825317383, 247.318222046, 176.830230713, 104.533447266, 113.592910767, 73.0884399414, 71.8473968506, 70.856552124, 56.9518432617, 57.4790687561, 45.5716629028],
        "max": [-675.067443848, 226.078369141, 80.9651947021, 69.4117279053, 46.7250823975, 36.1710853577, 25.3296661377, 28.1262607574, 17.9686737061, 32.1300048828, 19.4632263184, 21.8708820343, 11.5420742035],
        "mean": [-770.141357422, 163.398468018, 7.51601743698, 30.083574295, 15.2848262787, 7.16192150116, -4.80697631836, 4.18448734283, -0.136738449335, 2.7317044735, 2.34841752052, -1.00948286057, -5.65854883194],
        "median": [-761.86730957, 167.00630188, 8.02889251709, 27.6471595764, 14.1536598206, 6.92497634888, -3.8251991272, 4.04344177246, -0.501434326172, 2.53119659424, 0.969049453735, -1.06186294556, -5.13031196594],
        "min": [-979.87487793, 66.0274963379, -81.0362701416, -19.3681030273, -18.3561820984, -28.2222862244, -37.2917289734, -22.2343063354, -20.1371231079, -21.2303733826, -12.0374717712, -16.1962394714, -20.9400978088],
        "var": [3282.58251953, 698.834838867, 804.71282959, 333.859313965, 170.865432739, 127.483665466, 139.742553711, 68.2248687744, 42.2821235657, 91.3541183472, 51.5437774658, 42.857711792, 37.615436554],
        "cov": [[3302.84521484, -723.071899414, -599.392150879, 19.2333011627, -141.240264893, -21.6830539703, -135.733306885, 29.4840774536, -37.1375732422, -11.1730670929, -16.2961425781, -15.1466217041, -33.3876152039], [-723.071899414, 703.148620605, -261.804870605, -236.021682739, -15.0517597198, -80.8781738281, 60.5150032043, -42.3799057007, -16.7589683533, 43.646232605, 46.4675788879, 13.8105287552, -1.61639308929], [-599.392150879, -261.804870605, 809.680175781, 171.375488281, -44.1963920593, 168.169921875, 100.688339233, 58.1169471741, 4.4185333252, -53.2166748047, -29.4359207153, 1.22469234467, 15.1210918427], [19.2333011627, -236.021682739, 171.375488281, 335.920166016, 98.0674819946, 13.5092954636, -93.0328140259, 30.4857578278, 33.2875785828, -48.213394165, -40.8184204102, 3.92334103584, 11.7999134064], [-141.240264893, -15.0517597198, -44.1963920593, 98.0674819946, 171.920150757, -18.4089393616, -54.3680000305, 4.57595157623, 8.88167667389, 12.6840848923, 7.9002532959, 9.88178253174, 3.26290512085], [-21.6830539703, -80.8781738281, 168.169921875, 13.5092954636, -18.4089393616, 128.270599365, 65.4952850342, 9.99599742889, -1.82716655731, 4.10917472839, 12.8453779221, 7.89834690094, -4.27362012863], [-135.733306885, 60.5150032043, 100.688339233, -93.0328140259, -54.3680000305, 65.4952850342, 140.605163574, 15.9555501938, -18.4272499084, 19.1823329926, 25.6537322998, 15.7840490341, 1.31042122841], [29.4840774536, -42.3799057007, 58.1169471741, 30.4857578278, 4.57595157623, 9.99599742889, 15.9555501938, 68.6460113525, 4.91185188293, -8.15542984009, 10.5191164017, 20.6914958954, -0.158640265465], [-37.1375732422, -16.7589683533, 4.4185333252, 33.2875785828, 8.88167667389, -1.82716655731, -18.4272499084, 4.91185188293, 42.5431213379, 12.4656963348, -10.2909584045, -2.18400263786, 1.74329447746], [-11.1730670929, 43.646232605, -53.2166748047, -48.213394165, 12.6840848923, 4.10917472839, 19.1823329926, -8.15542984009, 12.4656963348, 91.9180374146, 39.3423919678, -7.81832695007, -22.4303665161], [-16.2961425781, 46.4675788879, -29.4359207153, -40.8184204102, 7.9002532959, 12.8453779221, 25.6537322998, 10.5191164017, -10.2909584045, 39.3423919678, 51.8619499207, 14.6015605927, -12.5934104919], [-15.1466217041, 13.8105287552, 1.22469234467, 3.92334103584, 9.88178253174, 7.89834690094, 15.7840490341, 20.6914958954, -2.18400263786, -7.81832695007, 14.6015605927, 43.1222648621, 13.8556318283], [-33.3876152039, -1.61639308929, 15.1210918427, 11.7999134064, 3.26290512085, -4.27362012863, 1.31042122841, -0.158640265465, 1.74329447746, -22.4303665161, -12.5934104919, 13.8556318283, 37.8476333618]],
        "icov": [[0.000935922027566, 0.00130062573589, 0.00136482610833, -0.000162318756338, 0.00136871333234, -0.000765267643146, 0.000474798318464, -0.00099145330023, 0.00163155270275, -0.000631836184766, 0.000578508770559, -0.000204478419619, -2.07600842259e-05], [0.00130062573589, 0.00416625477374, 0.0020757203456, 0.000911175040528, 0.00124743557535, 0.000888378766831, -0.00102606439032, 0.000291832111543, 0.000733802327886, 0.000278085732134, -0.00114005967043, -0.000857361243106, 0.000306960486341], [0.00136482610833, 0.0020757203456, 0.00441872840747, -0.00169454596471, 0.00255420268513, -0.00314109167084, -0.00112086348236, -0.00261873053387, 0.00262854271568, -0.000462730153231, 0.00150925212074, 0.00131678557955, -0.000866670219693], [-0.000162318756338, 0.000911175040528, -0.00169454596471, 0.00749826151878, -0.00356152025051, -0.000540984445252, 0.00381547352299, -0.00116597069427, -0.00325385015458, 0.00192694936413, 0.00157809711527, -0.00148040952627, 0.000702877703588], [0.00136871333234, 0.00124743557535, 0.00255420268513, -0.00356152025051, 0.0108805298805, -0.00162225251552, 0.00325238867663, -0.00184112554416, 0.00461568916216, -0.00421007908881, -0.000369293207768, -0.00192727008834, -0.00201594177634], [-0.000765267643146, 0.000888378766831, -0.00314109167084, -0.000540984445252, -0.00162225251552, 0.0165205411613, -0.00803294871002, 0.00558647280559, -0.00545958895236, 0.0033864271827, -0.00661390181631, -0.0014107535826, 0.00366749893874], [0.000474798318464, -0.00102606439032, -0.00112086348236, 0.00381547352299, 0.00325238867663, -0.00803294871002, 0.0186732374132, -0.00555625138804, 0.00737004214898, -0.00617127213627, 0.00313696172088, -0.0038613777142, -0.00376346241683], [-0.00099145330023, 0.000291832111543, -0.00261873053387, -0.00116597069427, -0.00184112554416, 0.00558647280559, -0.00555625138804, 0.0239465236664, -0.00913306046277, 0.00698734261096, -0.00951766781509, -0.0082323346287, 0.00603848136961], [0.00163155270275, 0.000733802327886, 0.00262854271568, -0.00325385015458, 0.00461568916216, -0.00545958895236, 0.00737004214898, -0.00913306046277, 0.0408367477357, -0.0187004376203, 0.0201048254967, -0.00449741724879, -0.00450057908893], [-0.000631836184766, 0.000278085732134, -0.000462730153231, 0.00192694936413, -0.00421007908881, 0.0033864271827, -0.00617127213627, 0.00698734261096, -0.0187004376203, 0.0292703341693, -0.0247215349227, 0.00939740147442, 0.00656916340813], [0.000578508770559, -0.00114005967043, 0.00150925212074, 0.00157809711527, -0.000369293207768, -0.00661390181631, 0.00313696172088, -0.00951766781509, 0.0201048254967, -0.0247215349227, 0.0549954473972, -0.0197001863271, 0.00843712966889], [-0.000204478419619, -0.000857361243106, 0.00131678557955, -0.00148040952627, -0.00192727008834, -0.0014107535826, -0.0038613777142, -0.0082323346287, -0.00449741724879, 0.00939740147442, -0.0197001863271, 0.0430733598769, -0.0167227257043], [-2.07600842259e-05, 0.000306960486341, -0.000866670219693, 0.000702877703588, -0.00201594177634, 0.00366749893874, -0.00376346241683, 0.00603848136961, -0.00450057908893, 0.00656916340813, 0.00843712966889, -0.0167227257043, 0.0403170734644]]
    }
}

}