{
"metadata": {
    "version": {
        "essentia": "2.0.1",
        "extractor": "archive-music 1.0 mod ismir14"
    },
    "audio_properties": {
        "analysis_sample_rate": 44100,
        "bitrate": 32,
        "channels": 2,
        "equal_loudness": 0,
        "length": 30.0408172607,
        "replay_gain": -13.0211219788,
        "downmix": "mix"
    },
    "tags": {
        "track": 0,
        "year": 0,
        "album": "",
        "artist": "",
        "comment": "",
        "genre": "",
        "title": ""
    }
},
"rhythm": {
    "bpm": 86.9152679443,
    "bpm_histogram_first_peak": 88,
    "bpm_histogram_first_peak_spread": 0.444444477558,
    "bpm_histogram_first_peak_weight": 0.476190507412,
    "bpm_histogram_second_peak": 82,
    "bpm_histogram_second_peak_spread": 0,
    "bpm_histogram_second_peak_weight": 0.142857149243
},
"tonal": {
    "tuning_frequency": {
        "dmean": 0.0893697738647,
        "dmean2": 0.170293137431,
        "dvar": 1.1074821949,
        "dvar2": 2.33244347572,
        "max": 454.727905273,
        "mean": 445.200500488,
        "median": 446.657836914,
        "min": 431.443084717,
        "var": 46.8189544678
    },
    "hpcp": {
        "dmean": [0.148224875331, 0.171274617314, 0.17908474803, 0.17140814662, 0.120613366365, 0.211083322763, 0.296300292015, 0.263526707888, 0.216851830482, 0.260484784842, 0.28600242734, 0.197399884462],
        "dmean2": [0.270232886076, 0.320675134659, 0.329884529114, 0.316964447498, 0.223721683025, 0.387194335461, 0.550705432892, 0.485913068056, 0.404140770435, 0.481506645679, 0.529246747494, 0.368597209454],
        "dvar": [0.0593872852623, 0.0901656150818, 0.0834560990334, 0.0806032940745, 0.0554871670902, 0.085048802197, 0.115115866065, 0.104537054896, 0.0979935005307, 0.104909211397, 0.108662575483, 0.0858028829098],
        "dvar2": [0.163684651256, 0.236645102501, 0.22818864882, 0.223202034831, 0.152591630816, 0.230588912964, 0.330774694681, 0.283080875874, 0.267467319965, 0.293232440948, 0.315574735403, 0.239151909947],
        "max": [1, 1, 1, 1, 1, 1, 1, 1, 1, 1, 1, 1],
        "mean": [0.130776762962, 0.142354384065, 0.150462314487, 0.147666186094, 0.0896709263325, 0.217374935746, 0.279201775789, 0.2535366714, 0.181281447411, 0.218111693859, 0.272490084171, 0.154510989785],
        "median": [0.032869502902, 0.0130911497399, 0.0231700371951, 0.0220883153379, 0.0155912823975, 0.051069047302, 0.0868211612105, 0.066835179925, 0.0304675344378, 0.055407885462, 0.0949579104781, 0.0270336531103],
        "min": [0, 0, 0, 0, 0, 0, 0, 0, 0, 0, 0, 0],
        "var": [0.0553837530315, 0.081947915256, 0.0770396590233, 0.0774860158563, 0.0412740260363, 0.105106696486, 0.129126906395, 0.121894128621, 0.0909019783139, 0.103161305189, 0.119322359562, 0.0758969113231]
    }
},
"lowlevel": {
    "melbands": {
        "dmean": [0.000208681944059, 0.000797971442807, 0.000945720938034, 0.000481415714603, 0.00028179117362, 0.000442830350948, 0.0005467144656, 0.000385804247344, 0.00041227490874, 0.000253928097663, 0.000125117134303, 7.98127512098e-05, 6.22780935373e-05, 4.38921779278e-05, 6.24572567176e-05, 4.06744511565e-05, 4.22861921834e-05, 3.58654688171e-05, 2.88053124677e-05, 2.40163972194e-05, 2.14224237425e-05, 2.03832496481e-05, 2.51232831943e-05, 2.6064879421e-05, 1.9145436454e-05, 1.57235990628e-05, 1.09721167973e-05, 7.53695758249e-06, 4.35050969827e-06, 3.37265259986e-06, 2.499737775e-06, 1.57308875259e-06, 8.14034478935e-07, 6.38787525986e-07, 5.94596940573e-07, 5.29684427875e-07, 5.18970523444e-07, 3.82117093523e-07, 2.0723686589e-07, 1.09691001171e-07],
        "dmean2": [0.00035747763468, 0.0013686476741, 0.00163670419715, 0.000826866889838, 0.000477424735436, 0.000747158075683, 0.000972991110757, 0.000620239763521, 0.000687179272063, 0.00042612417019, 0.000191507046111, 0.000116275623441, 9.55102514126e-05, 6.85882332618e-05, 9.4234070275e-05, 6.40151047264e-05, 6.77980060573e-05, 5.86531205045e-05, 4.73016989417e-05, 4.02165715059e-05, 3.51294293068e-05, 3.27758498315e-05, 4.08238993259e-05, 4.06704093621e-05, 2.95037207252e-05, 2.50800458161e-05, 1.65505607583e-05, 1.17000372484e-05, 7.03945352143e-06, 5.23784729012e-06, 3.85703424399e-06, 2.57193937614e-06, 1.3397263956e-06, 1.05164792785e-06, 9.65812773757e-07, 8.65280924245e-07, 8.43427812924e-07, 6.22575726084e-07, 3.35182079425e-07, 1.76886103986e-07],
        "dvar": [8.02318069759e-08, 1.18907985325e-06, 1.47064156408e-06, 5.26277347035e-07, 1.86879333341e-07, 3.19532915682e-07, 8.54155246088e-07, 8.90671856268e-07, 5.16064289968e-07, 2.41466125317e-07, 6.64754367108e-08, 4.95601781836e-08, 4.05786408919e-08, 1.57786246291e-08, 7.05938987267e-08, 1.09318287755e-08, 1.86252258061e-08, 9.43944833409e-09, 6.71813449316e-09, 7.7451867142e-09, 3.38284800172e-09, 2.98111313413e-09, 3.94264754178e-09, 4.0970054016e-09, 2.30026442338e-09, 1.01709363154e-09, 8.65743643441e-10, 4.93722007722e-10, 7.60589785598e-11, 5.21912651985e-11, 3.51564367895e-11, 1.11520133406e-11, 2.57309624996e-12, 1.07056605334e-12, 1.30699097378e-12, 9.3555404309e-13, 8.65238328034e-13, 9.31083660692e-13, 2.86107644737e-13, 5.09604802747e-14],
        "dvar2": [2.29803490015e-07, 3.13669625029e-06, 4.05349555876e-06, 1.50874768678e-06, 5.07206607381e-07, 8.55160067204e-07, 2.42839223574e-06, 2.15761929212e-06, 1.46054071593e-06, 6.78926312503e-07, 1.5977141743e-07, 9.08513371201e-08, 8.88794957632e-08, 3.62587861957e-08, 1.84183605256e-07, 2.67992028569e-08, 4.52337189927e-08, 2.46020466221e-08, 1.7930098295e-08, 2.12988418014e-08, 9.07100172753e-09, 8.04814259681e-09, 1.08089199813e-08, 1.03832569209e-08, 5.30037880253e-09, 2.48440334971e-09, 1.63450097901e-09, 1.0432524844e-09, 1.90787829979e-10, 1.06918703058e-10, 7.55008486286e-11, 2.37398260772e-11, 6.47161404327e-12, 2.83714870174e-12, 3.6192188569e-12, 2.53995414111e-12, 2.25384966766e-12, 2.50443329269e-12, 8.10134674189e-13, 1.27085381064e-13],
        "max": [0.0039276224561, 0.015142545104, 0.0133737083524, 0.010024163872, 0.00662083318457, 0.00620645470917, 0.0102393468842, 0.0121001861989, 0.0168719962239, 0.0121747711673, 0.00502462359145, 0.00577503349632, 0.00604761345312, 0.00357647333294, 0.00996125210077, 0.00290850992315, 0.00408892845735, 0.0015564187197, 0.00129569775891, 0.00201505585574, 0.00106673396658, 0.00133388594259, 0.00121185043827, 0.00123989814892, 0.00084287073696, 0.000661510333885, 0.00066801707726, 0.000696551229339, 0.000142466844409, 0.000263150170213, 0.000204976182431, 0.000109242100734, 3.36538250849e-05, 2.16464359255e-05, 2.0263280021e-05, 1.96039891307e-05, 1.81260111276e-05, 2.4075512556e-05, 1.00180959635e-05, 6.65645211484e-06],
        "mean": [0.000254811893683, 0.00106490717735, 0.00125679222401, 0.000715323258191, 0.000375702569727, 0.000651128590107, 0.000650953792501, 0.000501624657772, 0.0007593355258, 0.000436362694018, 0.000276513688732, 0.000155138608534, 0.000108954598545, 7.77684472268e-05, 0.00011904539133, 7.28871600586e-05, 7.48787351768e-05, 6.19636994088e-05, 4.37967537437e-05, 3.87136751669e-05, 3.62662176485e-05, 3.69939516531e-05, 5.57350031158e-05, 6.18924968876e-05, 3.95202696382e-05, 3.37847523042e-05, 2.77111175819e-05, 1.5835301383e-05, 8.4537323346e-06, 6.94005757396e-06, 5.59790896659e-06, 3.48250978277e-06, 1.74601291292e-06, 1.37693575653e-06, 1.33100104449e-06, 1.10705150291e-06, 1.02954879821e-06, 7.38419828394e-07, 4.06639969697e-07, 2.24508482916e-07],
        "median": [0.00012597591558, 0.000548269657884, 0.000702999415807, 0.000381845689844, 0.00019947400142, 0.000370769266738, 0.000284965761239, 0.000159247036208, 0.000268428033451, 0.000151179148816, 0.000119235890452, 4.87413381052e-05, 2.16098123929e-05, 2.19326338993e-05, 3.97141739086e-05, 1.96299679374e-05, 1.7225247575e-05, 1.33091853058e-05, 1.14099220809e-05, 7.65931235946e-06, 7.57276484364e-06, 7.44147246223e-06, 6.4511700657e-06, 5.64904485145e-06, 8.13223505247e-06, 8.70059102454e-06, 3.31199566972e-06, 3.76783259526e-06, 3.89116348742e-06, 2.39995051743e-06, 1.43070622016e-06, 1.27979944864e-06, 8.08725872048e-07, 7.44216436033e-07, 6.91103707595e-07, 5.99429995418e-07, 6.09389871897e-07, 4.04597983561e-07, 2.14728686387e-07, 1.3177353253e-07],
        "min": [4.66165531198e-14, 2.98220996509e-12, 1.06735974226e-11, 2.07627769144e-11, 2.38810186903e-11, 2.16974216372e-11, 1.92091117318e-11, 1.45791764078e-11, 5.63091110198e-12, 2.06018427144e-12, 4.17129785574e-12, 2.26414893778e-12, 3.27448398257e-12, 2.99425957119e-12, 3.09369847448e-12, 1.06000729028e-11, 1.44189226531e-11, 1.37640237749e-11, 1.00249131912e-11, 2.63926532539e-12, 3.11427771592e-12, 4.71273671129e-12, 1.43813671909e-12, 3.95375919504e-12, 3.28010838976e-12, 1.10097538725e-11, 7.77240251326e-12, 5.20684710625e-12, 3.81497307703e-12, 8.72248974437e-12, 7.5325544413e-12, 1.27516061946e-11, 1.57638453072e-12, 5.58944112782e-13, 3.4011385288e-12, 3.31579035062e-12, 5.18965905948e-14, 1.74354974902e-12, 7.19939624409e-13, 7.50928792347e-14],
        "var": [1.45274739793e-07, 2.09060476664e-06, 2.40652047978e-06, 1.06934294308e-06, 2.60254211071e-07, 5.93571996887e-07, 9.70922542365e-07, 1.11496672162e-06, 2.59454827756e-06, 1.01857938262e-06, 2.21678689627e-07, 2.0063767181e-07, 1.47609924284e-07, 4.27675210801e-08, 1.1846632475e-07, 3.63123042746e-08, 5.33855697427e-08, 2.48555114268e-08, 1.02997361751e-08, 1.44575107441e-08, 7.05349645358e-09, 6.46730402565e-09, 1.47049661336e-08, 2.04911483337e-08, 7.68631647219e-09, 4.61031168797e-09, 5.01756369786e-09, 2.01317340576e-09, 2.03617886441e-10, 2.74138545198e-10, 1.74223496741e-10, 4.56502752266e-11, 8.68430587858e-12, 3.75191414395e-12, 3.91042406789e-12, 2.00936728194e-12, 1.59322414203e-12, 1.1800712317e-12, 3.61813796155e-13, 9.47140721972e-14]
    },
    "mfcc": {
        "dmean": [13.1453971863, 9.91293907166, 9.96425914764, 8.08368206024, 8.35767936707, 7.73839664459, 7.84620332718, 7.49138593674, 7.08600330353, 7.12718772888, 6.97503709793, 6.7353682518, 6.89964437485],
        "dmean2": [17.8578147888, 16.0129718781, 15.6583490372, 13.1986122131, 13.6584186554, 13.0265960693, 12.8997802734, 12.306892395, 11.5567703247, 11.6910333633, 11.5486307144, 11.3144521713, 11.5528326035],
        "dvar": [299.029602051, 65.9315795898, 70.797088623, 39.9753684998, 45.4401702881, 37.1193771362, 35.851272583, 34.095199585, 29.7045593262, 29.6972026825, 27.7540054321, 26.7684383392, 28.6960849762],
        "dvar2": [487.199707031, 160.239349365, 180.694229126, 105.582695007, 119.029182434, 100.104476929, 97.6934051514, 93.7368621826, 80.5212631226, 81.7504501343, 76.6084899902, 74.9976272583, 78.1002120972],
        "max": [-495.99621582, 183.666168213, 69.2548446655, 82.2820205688, 42.0594902039, 31.2840499878, 48.7580032349, 45.1057472229, 23.7632389069, 41.4970703125, 34.4829025269, 32.942691803, 23.3808994293],
        "mean": [-617.754943848, 120.43057251, -2.90379047394, 23.3709220886, -9.73217105865, -6.00729894638, -3.92712402344, -0.509879827499, -6.10402393341, 5.32006311417, 0.00265973899513, 1.15889155865, -8.95295333862],
        "median": [-625.323059082, 123.147033691, -0.4381275177, 21.8064594269, -11.0750923157, -5.24289894104, -4.96273231506, -0.847673416138, -5.84507751465, 6.06031990051, -0.594429016113, 1.27027320862, -7.95133972168],
        "min": [-1138.42004395, 1.14440917969e-05, -82.4557342529, -29.2550029755, -66.8183288574, -50.8454742432, -41.3258323669, -38.9786872864, -44.0734367371, -43.2750549316, -31.773065567, -32.4576950073, -50.2244186401],
        "var": [2224.43530273, 533.09161377, 531.968017578, 255.22013855, 237.174423218, 161.033813477, 192.237045288, 117.610374451, 107.219055176, 122.65537262, 96.579788208, 86.3132400513, 117.204734802],
        "cov": [[2225.29492188, -382.779998779, -653.616821289, 102.3436203, 85.7577133179, -136.798873901, -11.9700365067, 80.7040328979, -18.6008987427, -52.1002883911, 5.13860750198, -23.6512985229, -52.7994232178], [-382.779998779, 533.297607422, 205.30027771, -153.157302856, -93.7597579956, 52.3188018799, -13.6217212677, -66.9161071777, 23.784406662, 38.4138717651, 13.9711332321, 37.3696632385, 40.2160301208], [-653.616821289, 205.30027771, 532.173522949, 30.5970153809, 12.9778633118, 72.9413528442, 6.29414892197, -4.19776391983, 6.89438343048, 12.7834367752, -17.0602664948, -7.65210771561, 21.7063617706], [102.3436203, -153.157302856, 30.5970153809, 255.318756104, 136.603866577, -43.7804908752, -26.7541275024, 40.1008033752, -9.31749820709, -23.6738204956, -8.89375495911, -19.5334911346, -4.25945091248], [85.7577133179, -93.7597579956, 12.9778633118, 136.603866577, 237.266052246, 10.2121238708, -31.5417137146, 36.2488594055, -10.6605014801, -18.8002262115, -19.485458374, -14.050538063, 0.892697453499], [-136.798873901, 52.3188018799, 72.9413528442, -43.7804908752, 10.2121238708, 161.096038818, 91.8139266968, 7.46247196198, 2.27272367477, -16.5143127441, -7.74068880081, -0.886172950268, -20.7740936279], [-11.9700365067, -13.6217212677, 6.29414892197, -26.7541275024, -31.5417137146, 91.8139266968, 192.311325073, 53.7393188477, -22.6242008209, -20.9473209381, -10.7018003464, 3.90918636322, -19.8606586456], [80.7040328979, -66.9161071777, -4.19776391983, 40.1008033752, 36.2488594055, 7.46247196198, 53.7393188477, 117.655815125, 16.2082138062, -22.8797779083, -1.30847406387, -6.23520421982, -4.83923864365], [-18.6008987427, 23.784406662, 6.89438343048, -9.31749820709, -10.6605014801, 2.27272367477, -22.6242008209, 16.2082138062, 107.260482788, 47.8284187317, 7.89538764954, 2.20956087112, 3.5709297657], [-52.1002883911, 38.4138717651, 12.7834367752, -23.6738204956, -18.8002262115, -16.5143127441, -20.9473209381, -22.8797779083, 47.8284187317, 122.702766418, 37.7570495605, 6.38313484192, 16.4552555084], [5.13860750198, 13.9711332321, -17.0602664948, -8.89375495911, -19.485458374, -7.74068880081, -10.7018003464, -1.30847406387, 7.89538764954, 37.7570495605, 96.6171112061, 32.6347885132, -3.92636656761], [-23.6512985229, 37.3696632385, -7.65210771561, -19.5334911346, -14.050538063, -0.886172950268, 3.90918636322, -6.23520421982, 2.20956087112, 6.38313484192, 32.6347885132, 86.3465881348, 41.8811912537], [-52.7994232178, 40.2160301208, 21.7063617706, -4.25945091248, 0.892697453499, -20.7740936279, -19.8606586456, -4.83923864365, 3.5709297657, 16.4552555084, -3.92636656761, 41.8811912537, 117.250022888]],
        "icov": [[0.000770285842009, 2.06776385312e-05, 0.000912258401513, -0.000216551314224, -0.000141414813697, 0.000243162372499, -2.76503669738e-05, -0.000345873384504, 3.31856790581e-05, 8.49229327287e-05, 1.21377988762e-05, 0.000112149915367, 0.000135645401315], [2.06776385312e-05, 0.00315131363459, -0.00124678795692, 0.00170355220325, 0.000126381273731, -0.000226725358516, 0.000222196249524, 0.00106931407936, -0.000565248774365, 0.000116182687634, -0.000279967556708, -0.000633851566818, -0.000520285451785], [0.000912258401513, -0.00124678795692, 0.00379539490677, -0.0017307549715, 0.000352691480657, -0.00142629642505, 0.000662728736643, -0.00111570826266, 0.000645837048069, -0.000637335237116, 0.000656761578284, 0.000557254767045, -0.000223531271331], [-0.000216551314224, 0.00170355220325, -0.0017307549715, 0.00784053932875, -0.00395551649854, 0.00306491553783, -0.000980299199, 0.000285401416477, -0.000907128269318, 0.00147114694118, -0.001224720967, 0.000719054078218, -0.00013439480972], [-0.000141414813697, 0.000126381273731, 0.000352691480657, -0.00395551649854, 0.00775110861287, -0.00391038507223, 0.00358474371023, -0.00288027781062, 0.00220339093357, -0.00158140657004, 0.00198363699019, -0.000751807645429, -8.9730041509e-05], [0.000243162372499, -0.000226725358516, -0.00142629642505, 0.00306491553783, -0.00391038507223, 0.012621851638, -0.00724589917809, 0.00349653023295, -0.00359746045433, 0.00314641254954, -0.00162739236839, 0.000750809325837, 0.00109099037945], [-2.76503669738e-05, 0.000222196249524, 0.000662728736643, -0.000980299199, 0.00358474371023, -0.00724589917809, 0.0115899285302, -0.00671067042276, 0.00486699631438, -0.00289804697968, 0.00295007880777, -0.00245281727985, 0.00136156613007], [-0.000345873384504, 0.00106931407936, -0.00111570826266, 0.000285401416477, -0.00288027781062, 0.00349653023295, -0.00671067042276, 0.0147287305444, -0.00609824387357, 0.00481926742941, -0.00333027984016, 0.00216135149822, -0.00156714371406], [3.31856790581e-05, -0.000565248774365, 0.000645837048069, -0.000907128269318, 0.00220339093357, -0.00359746045433, 0.00486699631438, -0.00609824387357, 0.0145530290902, -0.00718355365098, 0.003017477924, -0.00184578099288, 0.00130014610477], [8.49229327287e-05, 0.000116182687634, -0.000637335237116, 0.00147114694118, -0.00158140657004, 0.00314641254954, -0.00289804697968, 0.00481926742941, -0.00718355365098, 0.0140793900937, -0.00651210499927, 0.00344581948593, -0.00275871925987], [1.21377988762e-05, -0.000279967556708, 0.000656761578284, -0.001224720967, 0.00198363699019, -0.00162739236839, 0.00295007880777, -0.00333027984016, 0.003017477924, -0.00651210499927, 0.0160613618791, -0.00784440431744, 0.00415609776974], [0.000112149915367, -0.000633851566818, 0.000557254767045, 0.000719054078218, -0.000751807645429, 0.000750809325837, -0.00245281727985, 0.00216135149822, -0.00184578099288, 0.00344581948593, -0.00784440431744, 0.0185560975224, -0.0073148785159], [0.000135645401315, -0.000520285451785, -0.000223531271331, -0.00013439480972, -8.9730041509e-05, 0.00109099037945, 0.00136156613007, -0.00156714371406, 0.00130014610477, -0.00275871925987, 0.00415609776974, -0.0073148785159, 0.0122643439099]]
    }
}

}