{
"metadata": {
    "version": {
        "essentia": "2.0.1",
        "extractor": "archive-music 1.0 mod ismir14"
    },
    "audio_properties": {
        "analysis_sample_rate": 44100,
        "bitrate": 32,
        "channels": 2,
        "equal_loudness": 0,
        "length": 30.0408172607,
        "replay_gain": -13.3073253632,
        "downmix": "mix"
    },
    "tags": {
        "track": 0,
        "year": 0,
        "album": "",
        "artist": "",
        "comment": "",
        "genre": "",
        "title": ""
    }
},
"rhythm": {
    "bpm": 90.2983322144,
    "bpm_histogram_first_peak": 91,
    "bpm_histogram_first_peak_spread": 0.390243828297,
    "bpm_histogram_first_peak_weight": 0.58139538765,
    "bpm_histogram_second_peak": 85,
    "bpm_histogram_second_peak_spread": 0,
    "bpm_histogram_second_peak_weight": 0.0465116277337
},
"tonal": {
    "tuning_frequency": {
        "dmean": 0.115943185985,
        "dmean2": 0.224477261305,
        "dvar": 1.35370755196,
        "dvar2": 2.82131576538,
        "max": 454.990661621,
        "mean": 443.479095459,
        "median": 443.828887939,
        "min": 431.692352295,
        "var": 18.8032608032
    },
    "hpcp": {
        "dmean": [0.18880237639, 0.165291547775, 0.166900590062, 0.120315209031, 0.171951785684, 0.18184094131, 0.202101692557, 0.239327639341, 0.191886484623, 0.1730902493, 0.183009207249, 0.191748589277],
        "dmean2": [0.347077816725, 0.314890146255, 0.309353739023, 0.225505769253, 0.313788175583, 0.334659874439, 0.380355268717, 0.440645128489, 0.359111070633, 0.324390023947, 0.34407839179, 0.358614325523],
        "dvar": [0.0881860926747, 0.0936142131686, 0.0845838263631, 0.060310523957, 0.0785803720355, 0.0869986712933, 0.10968542099, 0.102642893791, 0.0965493768454, 0.0893475860357, 0.0936183109879, 0.0882012993097],
        "dvar2": [0.237966775894, 0.264198541641, 0.238881856203, 0.170731961727, 0.206300497055, 0.229330167174, 0.290391504765, 0.268913865089, 0.265836298466, 0.252555847168, 0.267644733191, 0.24836973846],
        "max": [1, 1, 1, 1, 1, 1, 1, 1, 1, 1, 1, 1],
        "mean": [0.182711809874, 0.115956567228, 0.156331330538, 0.109937235713, 0.175502389669, 0.206466346979, 0.154986962676, 0.275769561529, 0.145692244172, 0.129214599729, 0.133235275745, 0.1555339396],
        "median": [0.0314029939473, 0.00819163117558, 0.0271569266915, 0.0105425165966, 0.020295355469, 0.0293361973017, 0.00950871035457, 0.0743776485324, 0.0183248817921, 0.0154588567093, 0.0143807567656, 0.0275474861264],
        "min": [0, 0, 0, 0, 0, 3.2961677789e-05, 0, 0, 0, 0, 0, 0],
        "var": [0.0970366671681, 0.0706898495555, 0.0814389362931, 0.0624495334923, 0.0944548547268, 0.114203706384, 0.0960624292493, 0.135515242815, 0.0796402394772, 0.069886945188, 0.074323348701, 0.0781031325459]
    }
},
"lowlevel": {
    "melbands": {
        "dmean": [0.000779911468271, 0.00258364714682, 0.00124260736629, 0.000496189808473, 0.00034376126132, 0.000258466170635, 0.000285109505057, 0.000330948358169, 0.000467219069833, 0.000312870979542, 0.00014500245743, 0.000159596704179, 0.000144398349221, 0.00010176115029, 0.000141009484651, 0.00014081208792, 3.44752152159e-05, 2.67052728304e-05, 1.55315392476e-05, 1.92707193492e-05, 2.94321416732e-05, 2.16355783778e-05, 3.58607940143e-05, 2.71235367109e-05, 1.5892297597e-05, 1.80515417014e-05, 1.42531316669e-05, 8.80416064319e-06, 4.14233591073e-06, 3.57456428901e-06, 1.98126576834e-06, 9.404951129e-07, 5.97730490881e-07, 4.81642700834e-07, 4.6061188641e-07, 4.82411621761e-07, 3.74156570615e-07, 5.34527544005e-07, 4.43594331045e-07, 3.78277206892e-07],
        "dmean2": [0.00128113210667, 0.00467655668035, 0.00217873346992, 0.000851264281664, 0.00059639045503, 0.000440887291916, 0.000479431386339, 0.000519608554896, 0.00068179279333, 0.00042691026465, 0.000212057377212, 0.000221295136726, 0.000194606836885, 0.000162426149473, 0.000209558522329, 0.000205281365197, 5.03379487782e-05, 4.02871119149e-05, 2.46616600634e-05, 3.05679423036e-05, 4.70000668429e-05, 3.47731074726e-05, 5.76339116378e-05, 4.05244318245e-05, 2.37395015574e-05, 2.8688718885e-05, 2.11280712392e-05, 1.29632353492e-05, 6.29804389973e-06, 5.27210931978e-06, 3.08534504256e-06, 1.47861680944e-06, 9.64442847362e-07, 7.62825550282e-07, 7.20489936157e-07, 7.7051356584e-07, 5.89272644902e-07, 8.67973085406e-07, 6.93905917615e-07, 6.07713388945e-07],
        "dvar": [6.86878991019e-07, 8.73605404195e-06, 2.00683666662e-06, 5.1019935654e-07, 4.85850591758e-07, 1.82294357387e-07, 2.46600677656e-07, 4.12998161892e-07, 8.60612033193e-07, 1.02880051145e-06, 3.28414444084e-07, 2.22248146997e-07, 1.40554490713e-07, 9.93652307102e-08, 1.35343071861e-07, 1.80077250889e-07, 1.1777608222e-08, 5.39265432309e-09, 7.16442349891e-10, 1.0758929303e-09, 3.5037721613e-09, 2.07187467183e-09, 5.84599524345e-09, 3.5587823799e-09, 9.73381819591e-10, 1.16130038919e-09, 8.60066851072e-10, 3.44848427591e-10, 7.79505765491e-11, 6.95537447082e-11, 1.76171108951e-11, 2.61916660235e-12, 9.02720010288e-13, 5.39565408412e-13, 5.30062701631e-13, 4.38537118945e-13, 3.42244705883e-13, 7.34503278511e-13, 5.53285715854e-13, 4.37469559276e-13],
        "dvar2": [1.93948289962e-06, 2.90251155093e-05, 5.8035229813e-06, 1.39314863645e-06, 1.365632329e-06, 4.91239859457e-07, 6.42442842036e-07, 9.99893472908e-07, 1.68985764049e-06, 1.75228342414e-06, 5.51081427602e-07, 3.30619883471e-07, 2.12529670307e-07, 2.3005330263e-07, 2.40544721919e-07, 3.14188127959e-07, 1.77737895513e-08, 1.17230269936e-08, 1.68337743744e-09, 2.63225685693e-09, 8.57623394523e-09, 5.27336574407e-09, 1.54374930617e-08, 8.21525603101e-09, 2.18316564826e-09, 2.86269652428e-09, 1.69218605794e-09, 6.58911814e-10, 1.51883228217e-10, 1.24852683747e-10, 4.06454488122e-11, 6.38798606026e-12, 2.24721391669e-12, 1.25405707953e-12, 1.16764388956e-12, 1.04403291568e-12, 7.92591524097e-13, 1.90966860381e-12, 1.22288203869e-12, 1.05731688595e-12],
        "max": [0.00846315175295, 0.0245890431106, 0.0146283814684, 0.0105958227068, 0.00924152787775, 0.00559557462111, 0.0104042263702, 0.00999674014747, 0.0179635938257, 0.0203114654869, 0.0276410337538, 0.0167235378176, 0.0147729953751, 0.00779595132917, 0.0091136675328, 0.0122997062281, 0.00546539202332, 0.00217750156298, 0.000437382230302, 0.000402527715778, 0.00098095391877, 0.000696435861755, 0.00113290222362, 0.00104983244091, 0.000513753911946, 0.000489991158247, 0.000511546677444, 0.000395693961764, 0.000218933186261, 0.000232113074162, 9.10742091946e-05, 3.42720704793e-05, 1.31904416776e-05, 1.59595547302e-05, 1.43274273796e-05, 8.80033712747e-06, 1.35208701977e-05, 1.34120809889e-05, 1.38163941301e-05, 1.55511806952e-05],
        "mean": [0.00132040656172, 0.00353430071846, 0.00184627354611, 0.000693353707902, 0.000448758015409, 0.000388346379623, 0.000453339715023, 0.000609583745245, 0.00092101219343, 0.000618857389782, 0.000240303372266, 0.000274416524917, 0.000323371379636, 0.000150130290422, 0.000235393730691, 0.00025412029936, 6.34206880932e-05, 4.40296207671e-05, 2.71180579148e-05, 3.21802326653e-05, 4.63681099063e-05, 3.58223842341e-05, 5.87622816965e-05, 4.70170743938e-05, 2.94003821182e-05, 3.22703745042e-05, 2.61650639004e-05, 1.60216350196e-05, 8.01329861133e-06, 6.3768839027e-06, 3.48209960066e-06, 1.80443942099e-06, 1.14761701298e-06, 1.01465946045e-06, 9.64827904681e-07, 9.87152475318e-07, 8.19168917587e-07, 1.10832024802e-06, 1.01754426396e-06, 8.53554695368e-07],
        "median": [0.000955079915002, 0.00244400510564, 0.00128273619339, 0.000402002682677, 0.000198840149096, 0.000181730982149, 0.000170529092429, 0.000197678222321, 0.000246228766628, 9.33855117182e-05, 5.00649184687e-05, 6.18996855337e-05, 4.8546193284e-05, 4.49608232884e-05, 5.61616980121e-05, 4.30967920693e-05, 1.43968954944e-05, 1.157780207e-05, 1.13338510346e-05, 1.2899487956e-05, 1.40576448757e-05, 1.11389417725e-05, 1.54791414388e-05, 1.0381663742e-05, 9.9293065432e-06, 1.24553589558e-05, 6.85133181832e-06, 3.98521797251e-06, 2.890156793e-06, 1.96523660634e-06, 1.3794399365e-06, 9.87873477243e-07, 7.05277841462e-07, 6.31130319562e-07, 6.37569030459e-07, 6.82516315464e-07, 5.0624208825e-07, 7.00540965681e-07, 6.39587085516e-07, 5.57195619422e-07],
        "min": [1.20333994505e-12, 1.76754921463e-12, 4.05171209084e-12, 7.05843846913e-12, 2.00933332473e-11, 3.89162486958e-11, 2.97435721885e-11, 3.69106516185e-11, 3.18422371803e-11, 2.67070428273e-11, 2.59322684854e-11, 2.92574645067e-11, 1.37158765248e-11, 7.15795044764e-12, 2.66713300751e-11, 1.4047439427e-11, 4.75913336517e-11, 2.24582939051e-11, 9.02864033536e-11, 4.0908477994e-11, 4.85170671e-12, 2.28757516402e-11, 5.55372241251e-11, 2.3236751065e-11, 5.65718374923e-11, 1.20731438735e-10, 1.06502124828e-11, 1.15169254342e-11, 2.78918832475e-11, 3.38177229275e-11, 1.80040427011e-11, 2.29294326581e-11, 5.65694192878e-11, 2.61037285537e-11, 4.89114261246e-12, 5.30358688824e-13, 2.00755427907e-12, 6.66474297625e-12, 7.34823313309e-12, 3.33525611643e-12],
        "var": [1.54617441694e-06, 1.12731368063e-05, 3.14853718919e-06, 7.32461387543e-07, 5.69045255361e-07, 3.40794002796e-07, 6.37063521935e-07, 1.10692997168e-06, 2.90128377856e-06, 3.74287537852e-06, 1.30037358304e-06, 6.89262662945e-07, 7.4858098742e-07, 1.41564569844e-07, 3.56084285613e-07, 6.48575678497e-07, 6.20571043441e-08, 1.55936650259e-08, 1.70210090467e-09, 2.03688443889e-09, 6.18111162254e-09, 3.58744967066e-09, 1.1350433482e-08, 7.96680676984e-09, 2.29515917383e-09, 2.65516919562e-09, 2.32631758301e-09, 9.01115626561e-10, 1.97918195721e-10, 1.75594733198e-10, 3.46422959763e-11, 5.63579174648e-12, 1.78009321693e-12, 1.25601850968e-12, 1.1646457453e-12, 9.79624584577e-13, 8.46932224872e-13, 1.65858917312e-12, 1.47445434768e-12, 9.96589746491e-13]
    },
    "mfcc": {
        "dmean": [13.8854942322, 9.37830638885, 9.72084903717, 8.4907207489, 8.13365840912, 7.88630580902, 7.63091611862, 7.22041273117, 7.03100013733, 6.88249540329, 7.03153371811, 6.95693016052, 6.45275974274],
        "dmean2": [17.316204071, 14.9753580093, 15.0171232224, 13.6465511322, 13.3775424957, 12.95632267, 12.6699151993, 11.9496860504, 11.6666564941, 11.2517805099, 11.5839014053, 11.4872245789, 10.5923347473],
        "dvar": [312.035064697, 56.8706092834, 66.4910049438, 45.6793022156, 39.6583938599, 37.8157958984, 33.6220932007, 30.3265018463, 29.4931602478, 27.631029129, 30.1523265839, 28.8509941101, 24.0120792389],
        "dvar2": [357.250762939, 136.054824829, 139.456939697, 113.450942993, 104.180618286, 95.9551696777, 90.9756774902, 84.1208343506, 81.7906570435, 77.4440231323, 84.496131897, 78.7194595337, 64.7075576782],
        "max": [-495.115600586, 184.398010254, 66.5513153076, 77.1667785645, 53.5801315308, 42.2705612183, 56.5060768127, 47.3902702332, 27.0963096619, 40.9169425964, 38.3804397583, 39.8753089905, 30.385887146],
        "mean": [-605.197875977, 123.068183899, -0.158712461591, 23.4126358032, 6.82772684097, -4.78122711182, 13.6816997528, 5.89406728745, -0.163230210543, 2.4736123085, 4.30817937851, 6.05299043655, 1.10584914684],
        "median": [-607.574768066, 123.397628784, 1.43280792236, 23.0998325348, 6.45482063293, -3.80019760132, 13.3485870361, 6.04115867615, 0.182222366333, 2.26193237305, 4.51062011719, 6.1429901123, 1.28140068054],
        "min": [-1138.42004395, -5.33602905273, -64.8278961182, -35.7060012817, -38.9601669312, -57.4412460327, -27.5294551849, -33.3303604126, -32.5163574219, -41.2085342407, -31.9376811981, -27.8398303986, -27.180721283],
        "var": [2328.62524414, 298.606292725, 504.4659729, 312.216705322, 222.771194458, 221.426681519, 169.888839722, 124.344810486, 84.8037185669, 103.257629395, 93.9745025635, 87.9565048218, 74.0596923828],
        "cov": [[2329.52514648, 41.6664009094, -659.999450684, 18.6971168518, -292.673431396, -251.310958862, -131.428527832, -86.7698440552, -35.3822212219, -23.2884216309, -61.3466300964, 0.359535098076, -72.2192230225], [41.6664009094, 298.721679688, 13.6375579834, -90.5376205444, -58.1210021973, -3.63062763214, 14.9927597046, 1.33028519154, -15.6788644791, 15.1235570908, 47.7680702209, -3.15053534508, -2.67137002945], [-659.999450684, 13.6375579834, 504.660888672, -16.1544628143, 169.651794434, 71.6841659546, 19.8913593292, 17.2968711853, 19.9261398315, 18.4212169647, 6.15610599518, -13.4593191147, 23.8638629913], [18.6971168518, -90.5376205444, -16.1544628143, 312.337341309, 71.4505615234, -6.52154302597, -59.9923400879, -19.5082569122, 48.0840263367, 15.9834375381, -42.7901000977, -4.37361383438, 22.5659828186], [-292.673431396, -58.1210021973, 169.651794434, 71.4505615234, 222.857269287, 43.5648994446, 16.8579616547, -12.8634128571, 19.9363288879, 23.8854904175, -13.9805049896, 0.530337572098, 6.26443099976], [-251.310958862, -3.63062763214, 71.6841659546, -6.52154302597, 43.5648994446, 221.512237549, 102.339744568, 37.8971328735, -16.4860248566, -9.03081035614, 36.4081192017, -5.89830446243, -15.6032276154], [-131.428527832, 14.9927597046, 19.8913593292, -59.9923400879, 16.8579616547, 102.339744568, 169.954483032, 69.1424255371, -9.74047756195, -22.4319229126, 22.630531311, 12.7108230591, -10.8397836685], [-86.7698440552, 1.33028519154, 17.2968711853, -19.5082569122, -12.8634128571, 37.8971328735, 69.1424255371, 124.392860413, 24.2263069153, -18.302734375, 8.16783618927, 9.48030281067, 7.42546892166], [-35.3822212219, -15.6788644791, 19.9261398315, 48.0840263367, 19.9363288879, -16.4860248566, -9.74047756195, 24.2263069153, 84.8364868164, 37.2710266113, -3.52985644341, 1.26192247868, 7.37897109985], [-23.2884216309, 15.1235570908, 18.4212169647, 15.9834375381, 23.8854904175, -9.03081035614, -22.4319229126, -18.302734375, 37.2710266113, 103.297523499, 29.1837501526, -4.37728643417, -2.38779330254], [-61.3466300964, 47.7680702209, 6.15610599518, -42.7901000977, -13.9805049896, 36.4081192017, 22.630531311, 8.16783618927, -3.52985644341, 29.1837501526, 94.0108108521, 30.5502357483, -5.22755908966], [0.359535098076, -3.15053534508, -13.4593191147, -4.37361383438, 0.530337572098, -5.89830446243, 12.7108230591, 9.48030281067, 1.26192247868, -4.37728643417, 30.5502357483, 87.9904937744, 26.8621273041], [-72.2192230225, -2.67137002945, 23.8638629913, 22.5659828186, 6.26443099976, -15.6032276154, -10.8397836685, 7.42546892166, 7.37897109985, -2.38779330254, -5.22755908966, 26.8621273041, 74.0883102417]],
        "icov": [[0.000809390214272, -0.000183484211448, 0.000815552368294, -9.64405699051e-05, 0.000346868968336, 0.000453148328234, 0.000135680762469, 0.000158883398399, 0.000152587919729, -0.000108179119707, 0.000540507142432, -0.000324429769535, 0.000756154186092], [-0.000183484211448, 0.00419737165794, -0.000630794267636, 0.000633300864138, 0.00100855366327, 0.000428111903602, -0.00056967837736, 0.000274279562291, 0.000334265030688, -0.000419265445089, -0.0020692080725, 0.0010689496994, -0.000703551922925], [0.000815552368294, -0.000630794267636, 0.00396575685591, 0.000823969603516, -0.00236026616767, -0.000373501941795, 0.00104461796582, -0.000455404690001, -0.000491745013278, 0.000228466538829, 0.000222184273298, 0.000631519651506, -0.000593669246882], [-9.64405699051e-05, 0.000633300864138, 0.000823969603516, 0.00483235251158, -0.00170641986188, -0.00132231216412, 0.00199865549803, 0.000197250788915, -0.00247607682832, 0.000241736255703, 0.00127510994207, 1.17841600513e-05, -0.00132987182587], [0.000346868968336, 0.00100855366327, -0.00236026616767, -0.00170641986188, 0.0081557771191, -0.000282415712718, -0.00189279706683, 0.00193260877859, -4.64400764031e-05, -0.00189884728752, 0.00181992037687, -0.00145547371358, 0.00103431276511], [0.000453148328234, 0.000428111903602, -0.000373501941795, -0.00132231216412, -0.000282415712718, 0.00799804273993, -0.00429845973849, -0.000205935968552, 0.0018450927455, 0.000449046608992, -0.00320967799053, 0.00187517469749, 0.0010045953095], [0.000135680762469, -0.00056967837736, 0.00104461796582, 0.00199865549803, -0.00189279706683, -0.00429845973849, 0.0117636546493, -0.00510173616931, 0.000515624997206, 0.00093568477314, 0.000584917375818, -0.00175173825119, 0.00130891019944], [0.000158883398399, 0.000274279562291, -0.000455404690001, 0.000197250788915, 0.00193260877859, -0.000205935968552, -0.00510173616931, 0.0131016802043, -0.00601468468085, 0.00317362393253, -0.000823249167297, 0.000222609043703, -0.00145241932478], [0.000152587919729, 0.000334265030688, -0.000491745013278, -0.00247607682832, -4.64400764031e-05, 0.0018450927455, 0.000515624997206, -0.00601468468085, 0.0190584417433, -0.00779761327431, 0.00199963292107, -0.000996705028228, 0.000497112749144], [-0.000108179119707, -0.000419265445089, 0.000228466538829, 0.000241736255703, -0.00189884728752, 0.000449046608992, 0.00093568477314, 0.00317362393253, -0.00779761327431, 0.0157722067088, -0.00692890398204, 0.00305309426039, -0.000504745170474], [0.000540507142432, -0.0020692080725, 0.000222184273298, 0.00127510994207, 0.00181992037687, -0.00320967799053, 0.000584917375818, -0.000823249167297, 0.00199963292107, -0.00692890398204, 0.0191215164959, -0.00819929689169, 0.00323008839041], [-0.000324429769535, 0.0010689496994, 0.000631519651506, 1.17841600513e-05, -0.00145547371358, 0.00187517469749, -0.00175173825119, 0.000222609043703, -0.000996705028228, 0.00305309426039, -0.00819929689169, 0.0169448945671, -0.00676988437772], [0.000756154186092, -0.000703551922925, -0.000593669246882, -0.00132987182587, 0.00103431276511, 0.0010045953095, 0.00130891019944, -0.00145241932478, 0.000497112749144, -0.000504745170474, 0.00323008839041, -0.00676988437772, 0.0178832635283]]
    }
}

}