{
"metadata": {
    "version": {
        "essentia": "2.0.1",
        "extractor": "archive-music 1.0 mod ismir14"
    },
    "audio_properties": {
        "analysis_sample_rate": 44100,
        "bitrate": 32,
        "channels": 2,
        "equal_loudness": 0,
        "length": 30.0408172607,
        "replay_gain": -8.86828994751,
        "downmix": "mix"
    },
    "tags": {
        "track": 7,
        "year": 0,
        "album": "The Cool Jazz Collection",
        "artist": "Astrud Gilberto",
        "comment": "",
        "genre": "Jazz",
        "title": "Girl From Ipanema"
    }
},
"rhythm": {
    "bpm": 130.229049683,
    "bpm_histogram_first_peak": 129,
    "bpm_histogram_first_peak_spread": 0.542372882366,
    "bpm_histogram_first_peak_weight": 0.428571432829,
    "bpm_histogram_second_peak": 123,
    "bpm_histogram_second_peak_spread": 0,
    "bpm_histogram_second_peak_weight": 0.0317460335791
},
"tonal": {
    "tuning_frequency": {
        "dmean": 0.20567509532,
        "dmean2": 0.370161175728,
        "dvar": 1.45363092422,
        "dvar2": 3.11502861977,
        "max": 443.316436768,
        "mean": 441.360992432,
        "median": 442.548919678,
        "min": 431.941772461,
        "var": 8.32442951202
    },
    "hpcp": {
        "dmean": [0.0788067951798, 0.240368455648, 0.121799536049, 0.257450670004, 0.125467732549, 0.125294595957, 0.207033038139, 0.0422013439238, 0.21742375195, 0.151531353593, 0.20255190134, 0.182122424245],
        "dmean2": [0.140046238899, 0.415739357471, 0.212475344539, 0.455475717783, 0.22264957428, 0.230123668909, 0.377860039473, 0.078197337687, 0.405059337616, 0.283327907324, 0.388575345278, 0.32238855958],
        "dvar": [0.0348691046238, 0.0929678604007, 0.0509581565857, 0.102342702448, 0.0483338348567, 0.0597631148994, 0.086978957057, 0.0146463830024, 0.087504580617, 0.0772679075599, 0.0955667570233, 0.0849684998393],
        "dvar2": [0.0896560028195, 0.174038290977, 0.121582187712, 0.23924934864, 0.105783589184, 0.155033409595, 0.17581731081, 0.0324081853032, 0.246583506465, 0.227830916643, 0.277953892946, 0.202372431755],
        "max": [1, 1, 1, 1, 1, 1, 1, 1, 1, 1, 1, 1],
        "mean": [0.0616257190704, 0.308288574219, 0.0929345935583, 0.313383460045, 0.124831788242, 0.121568225324, 0.234931901097, 0.0594002306461, 0.216413646936, 0.114971198142, 0.168066814542, 0.172063827515],
        "median": [0.00811466667801, 0.114350214601, 0.0111172487959, 0.0949924960732, 0.0282712634653, 0.0146685102955, 0.0703934207559, 0.00662947027013, 0.0492162033916, 0.0164522156119, 0.0365997925401, 0.0274250656366],
        "min": [7.57761808927e-05, 4.26825645263e-05, 3.49719157384e-05, 0.000285781075945, 6.17944315309e-05, 0.000312219810439, 6.01600440859e-05, 6.08893715253e-05, 1.07103041955e-05, 6.73076647217e-05, 6.9925779826e-05, 0.000370355992345],
        "var": [0.0279364474118, 0.139253482223, 0.0419893190265, 0.150983452797, 0.0560207590461, 0.0650950670242, 0.114693179727, 0.0364619977772, 0.107960447669, 0.0642724335194, 0.0908509865403, 0.0912160947919]
    }
},
"lowlevel": {
    "melbands": {
        "dmean": [0.000125793769257, 0.000305049237795, 0.000307508744299, 0.00015892891679, 0.000102679601696, 3.10830473609e-05, 1.61440912052e-05, 2.25353178394e-05, 9.40401787375e-06, 6.91353216098e-06, 6.93803713148e-06, 8.99928818399e-06, 1.30196633563e-06, 9.95372033685e-07, 1.54302222199e-06, 1.04141906832e-06, 8.11654558674e-07, 2.59559300275e-07, 2.97191007803e-07, 2.97234691971e-07, 1.18556002349e-07, 1.73505313228e-07, 2.13918383452e-07, 1.78296815534e-07, 6.58461445369e-08, 4.7939881398e-08, 6.78036471413e-08, 1.12538046437e-07, 8.97008405332e-08, 1.21736434266e-07, 2.20100318415e-07, 3.89525411038e-07, 4.47411849791e-07, 2.5787744562e-07, 1.18048156139e-07, 7.58080318519e-08, 5.95288085492e-08, 4.38915570555e-08, 5.35146078562e-08, 8.89606894816e-08],
        "dmean2": [0.000200024805963, 0.000474438624224, 0.000500263238791, 0.00025999348145, 0.000160690760822, 5.04244017066e-05, 2.86892682198e-05, 4.01381184929e-05, 1.67794878507e-05, 1.23293830256e-05, 1.26317236209e-05, 1.6682115529e-05, 2.2927658847e-06, 1.83993893188e-06, 2.72150055025e-06, 1.93758114619e-06, 1.53583357587e-06, 4.70948776865e-07, 5.64074014164e-07, 5.61137312616e-07, 2.13323730236e-07, 3.01863337882e-07, 3.7462169189e-07, 3.25770798781e-07, 1.14451019328e-07, 8.32154256614e-08, 1.19519256714e-07, 2.10636486031e-07, 1.62705291018e-07, 2.21417082003e-07, 4.02164545221e-07, 7.15648184269e-07, 8.47083640565e-07, 4.60868051277e-07, 2.10731187167e-07, 1.36101505177e-07, 1.08200168825e-07, 7.86029588085e-08, 9.66204112274e-08, 1.6566649208e-07],
        "dvar": [7.3441029258e-08, 9.2374548899e-08, 1.30325005898e-07, 8.8703352219e-08, 1.75054157836e-08, 1.96751992476e-09, 1.30544108856e-09, 1.56434232235e-09, 3.65609015285e-10, 2.52779880361e-10, 1.66355262898e-10, 2.09339701129e-09, 6.10709746662e-12, 4.03612039623e-12, 1.54901438898e-11, 7.45304165606e-12, 8.6298997462e-12, 2.07223534122e-13, 7.56309457336e-13, 8.61169588331e-13, 5.28906040872e-14, 8.32615701103e-14, 1.4750379466e-13, 1.34171306335e-13, 1.23997093856e-14, 7.97834309062e-15, 2.83007531255e-14, 1.8319123074e-13, 3.53880031561e-14, 1.03177259488e-13, 3.53523688188e-13, 1.14885856904e-12, 1.82637433822e-12, 7.48799676778e-13, 7.11447502473e-14, 1.899661289e-14, 1.14213761672e-14, 8.06028759904e-15, 1.82091145005e-14, 6.07741057457e-14],
        "dvar2": [1.77471989105e-07, 2.08685534631e-07, 2.78616397509e-07, 2.16525336327e-07, 3.55192533164e-08, 3.64420094101e-09, 3.53658946572e-09, 4.36756719679e-09, 1.07392961191e-09, 7.12580106033e-10, 4.81426953858e-10, 6.0602229901e-09, 1.6849690046e-11, 1.16831136779e-11, 4.01262599536e-11, 2.15908645129e-11, 2.52782864085e-11, 5.69364921963e-13, 2.14898151357e-12, 2.4632956265e-12, 1.51630403654e-13, 2.27356368866e-13, 4.14533262317e-13, 3.86411226367e-13, 3.14017475217e-14, 2.09381750355e-14, 8.0761772595e-14, 5.39496995255e-13, 9.95686687396e-14, 2.9826122583e-13, 9.89546877599e-13, 3.21616583192e-12, 5.1433410482e-12, 1.96487054058e-12, 1.87076455672e-13, 5.05457424505e-14, 3.00182411751e-14, 2.08643171506e-14, 4.74303620468e-14, 1.66779472719e-13],
        "max": [0.00189548055641, 0.00182426231913, 0.00270606251433, 0.00354023440741, 0.00103271892294, 0.000332764349878, 0.000287919450784, 0.000266901915893, 0.000103346508695, 0.00015527769574, 7.18703595339e-05, 0.000429010397056, 1.62431406352e-05, 1.50024816321e-05, 3.22809501085e-05, 2.00319900614e-05, 2.54203569057e-05, 2.59928697233e-06, 6.65834568281e-06, 6.50972015137e-06, 1.56324279033e-06, 1.91357048607e-06, 2.37888934862e-06, 2.81163897853e-06, 9.05460353806e-07, 8.07466733477e-07, 1.41621990224e-06, 3.74743467546e-06, 1.10950554699e-06, 2.52084714703e-06, 4.00761700803e-06, 5.92667402088e-06, 9.53798826231e-06, 8.04379669717e-06, 1.56214389335e-06, 6.21920605681e-07, 4.37425967448e-07, 5.28826774371e-07, 7.95069354353e-07, 1.44402793012e-06],
        "mean": [0.000108812462713, 0.000388166110497, 0.000497358792927, 0.000185239070561, 0.000139019190101, 3.9790826122e-05, 1.57759277499e-05, 1.9733372028e-05, 7.86804321251e-06, 5.27739530298e-06, 5.02498232891e-06, 5.72340741201e-06, 1.04573166482e-06, 7.96026824901e-07, 1.19514845665e-06, 7.17273337614e-07, 5.1913355037e-07, 2.00721288479e-07, 1.97070761487e-07, 1.9948480201e-07, 9.99421629899e-08, 1.58869227107e-07, 1.8580242056e-07, 1.44088772913e-07, 6.19732958285e-08, 4.369913853e-08, 5.90479061202e-08, 8.36842701801e-08, 6.92716000117e-08, 8.66372218411e-08, 1.50746842564e-07, 2.5030993811e-07, 2.75394597793e-07, 1.73405013015e-07, 8.50565058386e-08, 5.64271900316e-08, 4.63551401708e-08, 3.60396512633e-08, 4.33900098074e-08, 6.54095444474e-08],
        "median": [3.48806861439e-05, 0.000262132409262, 0.000271700933808, 0.000114444890642, 6.06693938607e-05, 2.10355647141e-05, 5.76286674914e-06, 5.23636663274e-06, 2.33451532949e-06, 9.3839304327e-07, 8.690640243e-07, 7.55759344884e-07, 3.34462583851e-07, 3.43274251691e-07, 2.94654313393e-07, 1.32748908754e-07, 8.17959460164e-08, 6.25730294246e-08, 2.25878640236e-08, 2.4315903957e-08, 2.91399686603e-08, 5.67291102982e-08, 5.8717120055e-08, 2.93763076087e-08, 1.8441108196e-08, 1.46536329737e-08, 1.81564114854e-08, 1.71967631246e-08, 1.43407152819e-08, 1.31983943774e-08, 1.26772485842e-08, 8.84716477856e-09, 1.11099147659e-08, 9.61273549649e-09, 8.62440519001e-09, 8.29120416768e-09, 8.49170422867e-09, 6.63684440738e-09, 6.02829031138e-09, 7.28573024134e-09],
        "min": [1.02282353964e-06, 2.2904234811e-06, 4.67566451334e-06, 9.93618414213e-07, 1.30680859911e-06, 2.2301634317e-07, 1.17542654721e-07, 5.98900626869e-08, 2.27170140477e-08, 1.88141004998e-08, 1.49942103178e-08, 1.1245262499e-08, 7.36020622227e-09, 7.8760411526e-09, 2.83693402103e-09, 2.53987164633e-09, 1.72641789753e-09, 1.22924692647e-09, 7.33064109415e-10, 3.82804732357e-10, 3.13551656861e-10, 7.80776776566e-10, 8.82371564703e-10, 7.89499632337e-10, 5.40582634212e-10, 6.82005951713e-10, 9.6209706868e-10, 1.15380349719e-09, 6.94343194052e-10, 1.13572917737e-09, 1.45643008764e-09, 9.78836234289e-10, 9.84070602783e-10, 1.30352295624e-09, 7.35284944042e-10, 8.44225911401e-10, 7.89130538692e-10, 6.46003861515e-10, 7.12639391942e-10, 7.50907225289e-10],
        "var": [6.54156693258e-08, 1.60328823995e-07, 3.79951302421e-07, 9.81758105922e-08, 3.83462328557e-08, 2.93964896869e-09, 1.06935105215e-09, 1.33843214289e-09, 2.77683570582e-10, 2.11920009319e-10, 1.19765808382e-10, 1.18449594577e-09, 4.70118128454e-12, 2.55996287536e-12, 1.2368567108e-11, 4.61782521943e-12, 4.69613497395e-12, 1.53949051315e-13, 4.50617760337e-13, 5.21463948411e-13, 3.65566138558e-14, 6.74177239642e-14, 1.10726667635e-13, 9.16851365879e-14, 1.28956802105e-14, 7.31536786171e-15, 1.91164680521e-14, 9.84779749066e-14, 2.24947742589e-14, 6.45747425801e-14, 2.35388802634e-13, 7.14484786439e-13, 1.09532847202e-12, 5.27002324158e-13, 5.16766771248e-14, 1.40905895892e-14, 8.79503447068e-15, 6.51971678007e-15, 1.42983735474e-14, 4.08134761881e-14]
    },
    "mfcc": {
        "dmean": [46.2401580811, 33.6507148743, 21.482837677, 16.4066543579, 11.1169395447, 13.4473752975, 10.4614048004, 9.11913490295, 7.73864126205, 10.1478481293, 7.43889045715, 7.10762023926, 6.44284772873],
        "dmean2": [72.3519363403, 53.1387023926, 33.3163261414, 26.3225212097, 16.3307628632, 21.852186203, 17.1079177856, 14.4696178436, 12.7608346939, 15.9326934814, 11.5724916458, 12.0231790543, 9.74850845337],
        "dvar": [1121.56884766, 837.843261719, 295.654418945, 156.269943237, 72.873588562, 114.291374207, 68.2959518433, 60.012966156, 34.0587882996, 59.952999115, 32.9797935486, 31.9711875916, 26.747549057],
        "dvar2": [3053.23681641, 1955.87072754, 811.682861328, 349.044219971, 160.588104248, 295.903137207, 165.58946228, 154.957229614, 97.0949478149, 146.531158447, 83.5894317627, 70.3734054565, 73.1145248413],
        "max": [-728.036621094, 211.109771729, 126.706832886, 101.279853821, 33.714679718, 55.9695587158, 30.0573005676, 36.9532394409, 19.2668228149, 20.9218921661, 27.3977165222, 34.7470588684, 13.42137146],
        "mean": [-850.809448242, 150.652877808, 64.0203552246, 29.1186885834, 6.57500505447, 6.84106588364, 1.5417112112, 3.34926629066, -5.78790807724, -11.3836259842, -4.32235002518, -1.23257446289, -6.54698419571],
        "median": [-844.259887695, 157.107055664, 64.6217803955, 26.5631637573, 8.00885772705, 8.57312774658, 3.79795837402, 3.78647613525, -5.82309150696, -10.6698455811, -4.28811454773, -1.84997177124, -6.06153869629],
        "min": [-995.336914062, 44.9157981873, 5.22926330566, -15.2388954163, -37.8221588135, -40.8983268738, -41.2706069946, -22.4328804016, -30.219461441, -41.3220367432, -35.4524002075, -25.0425567627, -32.6998443604],
        "var": [3123.89916992, 1336.59106445, 645.186584473, 442.361816406, 179.529434204, 205.93397522, 175.704071045, 124.009918213, 74.0870132446, 151.955291748, 121.42225647, 94.2007446289, 69.3269271851],
        "cov": [[3143.18237305, -515.930297852, -347.088256836, -71.9270782471, -131.694656372, -53.0612411499, -256.396209717, 26.0469532013, 114.1197052, 169.354171753, 143.27935791, 23.2997360229, -122.108604431], [-515.930297852, 1344.8416748, -368.420166016, -238.225112915, 139.827545166, -109.229408264, 126.428855896, 85.4518203735, -46.5377044678, -15.949877739, -27.4687461853, 0.337701112032, -60.9219169617], [-347.088256836, -368.420166016, 649.169250488, 102.200210571, -128.947540283, 147.289474487, 22.9449234009, -63.4337501526, -10.7084474564, -113.117118835, 48.3875579834, -21.2901725769, 90.1659622192], [-71.9270782471, -238.225112915, 102.200210571, 445.092437744, 117.216491699, -108.687515259, -78.6079101562, 19.5971126556, -22.3630924225, -113.301589966, -11.1102275848, -39.2978515625, 43.8134689331], [-131.694656372, 139.827545166, -128.947540283, 117.216491699, 180.637649536, -54.5023269653, -26.0244293213, 14.3194732666, -2.41673445702, -15.4956159592, -36.3560447693, 10.9059867859, -11.2704706192], [-53.0612411499, -109.229408264, 147.289474487, -108.687515259, -54.5023269653, 207.205169678, 60.8541412354, -8.89072418213, 29.1997375488, 50.2488136292, 40.0339698792, 9.16521453857, 19.8128166199], [-256.396209717, 126.428855896, 22.9449234009, -78.6079101562, -26.0244293213, 60.8541412354, 176.788665771, 23.7903213501, -12.2898426056, 21.5632724762, -1.18104016781, 32.5150909424, 8.80630588531], [26.0469532013, 85.4518203735, -63.4337501526, 19.5971126556, 14.3194732666, -8.89072418213, 23.7903213501, 124.775413513, 13.3448410034, -10.7154769897, 34.713634491, -4.16918849945, -3.54990410805], [114.1197052, -46.5377044678, -10.7084474564, -22.3630924225, -2.41673445702, 29.1997375488, -12.2898426056, 13.3448410034, 74.544342041, 51.4774971008, 12.4768152237, -12.0748062134, -0.552083432674], [169.354171753, -15.949877739, -113.117118835, -113.301589966, -15.4956159592, 50.2488136292, 21.5632724762, -10.7154769897, 51.4774971008, 152.893295288, 6.83414697647, 12.4474515915, -28.3070716858], [143.27935791, -27.4687461853, 48.3875579834, -11.1102275848, -36.3560447693, 40.0339698792, -1.18104016781, 34.713634491, 12.4768152237, 6.83414697647, 122.171775818, -14.4041585922, 9.09606266022], [23.2997360229, 0.337701112032, -21.2901725769, -39.2978515625, 10.9059867859, 9.16521453857, 32.5150909424, -4.16918849945, -12.0748062134, 12.4474515915, -14.4041585922, 94.7822341919, -4.88891506195], [-122.108604431, -60.9219169617, 90.1659622192, 43.8134689331, -11.2704706192, 19.8128166199, 8.80630588531, -3.54990410805, -0.552083432674, -28.3070716858, 9.09606266022, -4.88891506195, 69.7548675537]],
        "icov": [[0.000568869407289, 0.000157508155098, 0.000521135923918, -0.000217728040298, 0.000816147250589, -8.18090629764e-05, 0.000701116281562, 9.77176969172e-05, -0.000616808072664, 4.85440468765e-05, -0.000672302441671, -0.000585328729358, 0.000729546416551], [0.000157508155098, 0.00167676550336, 0.000263091991656, 0.00183425284922, -0.00201805355027, 0.00124793546274, -0.00113920914009, -0.000559898326173, 0.000412086257711, 0.000895786797628, -0.000583046639804, 0.00110935582779, 0.000203349831281], [0.000521135923918, 0.000263091991656, 0.0049343095161, -0.00203040614724, 0.00382602331229, -0.00351147144102, -8.37913030409e-05, 0.00279065524228, -0.00238318671472, 0.00420096050948, -0.0012607073877, -0.000879442086443, -0.000403951184126], [-0.000217728040298, 0.00183425284922, -0.00203040614724, 0.0072200675495, -0.00666962657124, 0.00420196307823, -0.000745704339352, -0.00213028001599, 0.00159456487745, 0.000984569196589, -0.000325863918988, 0.0030128704384, -0.00230917986482], [0.000816147250589, -0.00201805355027, 0.00382602331229, -0.00666962657124, 0.0145100494847, -0.00403616530821, 0.00280837574974, 0.00175835704431, -0.00351246679202, 0.00118808436673, 0.0012314489577, -0.00457227230072, 0.00210892851464], [-8.18090629764e-05, 0.00124793546274, -0.00351147144102, 0.00420196307823, -0.00403616530821, 0.0111623648554, -0.00274163112044, -0.00122561480384, -0.00031302231946, -0.00326360343024, -0.00189996673726, 0.00125387706794, -0.00168373109773], [0.000701116281562, -0.00113920914009, -8.37913030409e-05, -0.000745704339352, 0.00280837574974, -0.00274163112044, 0.0100239170715, -0.00262111634947, 0.00236714445055, -0.00263664498925, 0.00103216595016, -0.00334374886006, -0.00077751534991], [9.77176969172e-05, -0.000559898326173, 0.00279065524228, -0.00213028001599, 0.00175835704431, -0.00122561480384, -0.00262111634947, 0.0124268392101, -0.00532779935747, 0.00440263096243, -0.00405018031597, -0.000725415244233, 0.00123016745783], [-0.000616808072664, 0.000412086257711, -0.00238318671472, 0.00159456487745, -0.00351246679202, -0.00031302231946, 0.00236714445055, -0.00532779935747, 0.0231007281691, -0.00958464667201, 0.00138229178265, 0.00390534801409, -0.00330268149264], [4.85440468765e-05, 0.000895786797628, 0.00420096050948, 0.000984569196589, 0.00118808436673, -0.00326360343024, -0.00263664498925, 0.00440263096243, -0.00958464667201, 0.0162369608879, -0.00154309393838, -0.000811548437923, 0.00315213692375], [-0.000672302441671, -0.000583046639804, -0.0012607073877, -0.000325863918988, 0.0012314489577, -0.00189996673726, 0.00103216595016, -0.00405018031597, 0.00138229178265, -0.00154309393838, 0.0116758458316, 0.00133492646273, -0.0014938589884], [-0.000585328729358, 0.00110935582779, -0.000879442086443, 0.0030128704384, -0.00457227230072, 0.00125387706794, -0.00334374886006, -0.000725415244233, 0.00390534801409, -0.000811548437923, 0.00133492646273, 0.0140169020742, -0.00101116031874], [0.000729546416551, 0.000203349831281, -0.000403951184126, -0.00230917986482, 0.00210892851464, -0.00168373109773, -0.00077751534991, 0.00123016745783, -0.00330268149264, 0.00315213692375, -0.0014938589884, -0.00101116031874, 0.0201198775321]]
    }
}

}