{
"metadata": {
    "version": {
        "essentia": "2.0.1",
        "extractor": "archive-music 1.0 mod ismir14"
    },
    "audio_properties": {
        "analysis_sample_rate": 44100,
        "bitrate": 32,
        "channels": 2,
        "equal_loudness": 0,
        "length": 30.0408172607,
        "replay_gain": -12.2473373413,
        "downmix": "mix"
    },
    "tags": {
        "track": 6,
        "year": 0,
        "album": "Swing Classics (Jazz & Tzaz 70)",
        "artist": "Benny Carter",
        "comment": "",
        "genre": "Jazz",
        "title": "Babalu"
    }
},
"rhythm": {
    "bpm": 92.4404830933,
    "bpm_histogram_first_peak": 92,
    "bpm_histogram_first_peak_spread": 0.590909123421,
    "bpm_histogram_first_peak_weight": 0.40000000596,
    "bpm_histogram_second_peak": 99,
    "bpm_histogram_second_peak_spread": 0,
    "bpm_histogram_second_peak_weight": 0.0222222227603
},
"tonal": {
    "tuning_frequency": {
        "dmean": 0.357529819012,
        "dmean2": 0.616123735905,
        "dvar": 3.4538705349,
        "dvar2": 5.85906505585,
        "max": 455.779724121,
        "mean": 438.406738281,
        "median": 440.254241943,
        "min": 432.191345215,
        "var": 11.5096168518
    },
    "hpcp": {
        "dmean": [0.091350235045, 0.176921084523, 0.0761518031359, 0.225041091442, 0.142882332206, 0.10127915442, 0.212106302381, 0.0745660588145, 0.18149779737, 0.0913044586778, 0.141182184219, 0.209891915321],
        "dmean2": [0.162182599306, 0.309789299965, 0.138649329543, 0.403942942619, 0.250614792109, 0.183919146657, 0.368830710649, 0.134977951646, 0.296728014946, 0.164631873369, 0.238835513592, 0.359568446875],
        "dvar": [0.0369336716831, 0.0524626560509, 0.0287551619112, 0.0741934031248, 0.0556686967611, 0.0172703564167, 0.0759125575423, 0.0158183388412, 0.0397118106484, 0.0234501045197, 0.0357508733869, 0.0507546886802],
        "dvar2": [0.108183525503, 0.126847267151, 0.0826956555247, 0.156706720591, 0.114846363664, 0.0494423545897, 0.129237666726, 0.0447223670781, 0.0838415697217, 0.0669466629624, 0.0850545093417, 0.116016507149],
        "max": [1, 1, 1, 1, 1, 1, 1, 0.624939203262, 1, 1, 1, 1],
        "mean": [0.0806442946196, 0.24542760849, 0.0654721185565, 0.45657145977, 0.26448187232, 0.114839486778, 0.353576123714, 0.0677250772715, 0.422925829887, 0.0822116956115, 0.214492827654, 0.40472599864],
        "median": [0.0273984279484, 0.118857637048, 0.0278458185494, 0.312246769667, 0.094948105514, 0.0775238126516, 0.170199617743, 0.0366853773594, 0.292988359928, 0.0414653345942, 0.149104401469, 0.32771217823],
        "min": [0.00147773814388, 0.00360976206139, 0.00122694531456, 0.00112872989848, 0.00124694267288, 0.00375231401995, 0.00389640289359, 0.00330683030188, 0.0139037864283, 0.00298851728439, 0.0025277803652, 0.00370055157691],
        "var": [0.0242573078722, 0.0740776881576, 0.0182348974049, 0.138405546546, 0.122765339911, 0.0145049225539, 0.139545872808, 0.0104813324288, 0.113564565778, 0.0156419370323, 0.0485038012266, 0.113609559834]
    }
},
"lowlevel": {
    "melbands": {
        "dmean": [1.60410559147e-06, 9.61545538303e-06, 6.92742969477e-06, 1.51562389874e-05, 1.70586627064e-05, 2.82320197584e-05, 2.17048691411e-05, 6.26991895842e-05, 3.53754585376e-05, 2.53141352005e-05, 1.48772769535e-05, 1.19797732623e-05, 1.10073488031e-05, 9.55901305133e-06, 1.90088267118e-05, 1.37284878292e-05, 8.67405560712e-06, 5.53756626687e-06, 5.43115538676e-06, 6.59057013763e-06, 1.75291779669e-06, 2.31470312428e-06, 1.15806938084e-06, 1.00343163467e-06, 1.53793371283e-06, 4.52280005447e-07, 2.88576728735e-07, 3.29119643538e-07, 3.2189066701e-07, 3.34384338885e-07, 1.65706865118e-07, 8.59182094359e-08, 5.90956972246e-08, 2.58508450202e-08, 1.13309983618e-08, 9.24797927127e-09, 2.20354023917e-09, 3.56994794837e-10, 1.46054335293e-10, 7.47257741796e-11],
        "dmean2": [2.81141319647e-06, 1.70767325471e-05, 1.26260165416e-05, 2.74661051662e-05, 3.05389803543e-05, 4.85469063278e-05, 3.35827826348e-05, 0.000102841579064, 6.03227417741e-05, 4.32653723692e-05, 2.44280527113e-05, 1.9206203433e-05, 1.84554901352e-05, 1.74519900611e-05, 3.31851006194e-05, 2.2902551791e-05, 1.38244768095e-05, 9.62585545494e-06, 9.05936030904e-06, 1.10523724288e-05, 3.02493867821e-06, 3.99975942855e-06, 1.98014913622e-06, 1.77554011316e-06, 2.69710199063e-06, 7.94126663095e-07, 5.17234695963e-07, 5.70387101106e-07, 5.5408213484e-07, 6.1069874846e-07, 3.02301970123e-07, 1.59553223966e-07, 1.08507734353e-07, 4.76540087391e-08, 2.09780850469e-08, 1.63057585212e-08, 4.01763244895e-09, 6.44336861644e-10, 2.68846556128e-10, 1.34867922386e-10],
        "dvar": [2.64681137251e-12, 1.49779091907e-10, 4.19391257833e-11, 2.45832382229e-10, 3.62060159631e-10, 1.04733177686e-09, 7.04163005683e-10, 1.20572165585e-08, 3.33657501628e-09, 1.12384601625e-09, 4.41859993039e-10, 2.8948049513e-10, 2.65995420135e-10, 2.41644093624e-10, 8.25246815328e-10, 5.97965676974e-10, 2.22052209953e-10, 8.58566689965e-11, 6.84803463935e-11, 1.4414738847e-10, 4.28039461514e-12, 1.18519161499e-11, 1.92613763481e-12, 1.86367739817e-12, 4.89740106108e-12, 8.16080167852e-13, 2.05447516096e-13, 3.27611825472e-13, 1.98961561202e-13, 2.07720925421e-13, 6.51589852495e-14, 2.35095163416e-14, 1.38594952843e-14, 2.74781363265e-15, 3.97798541645e-16, 2.4092968094e-16, 1.07408112138e-17, 4.08582606547e-19, 5.45200299353e-20, 1.15365070575e-20],
        "dvar2": [6.82428592802e-12, 4.22766127661e-10, 1.1797353372e-10, 7.58214324659e-10, 1.17258225352e-09, 3.40276140598e-09, 1.71638292468e-09, 2.9509660493e-08, 8.71694183502e-09, 3.26157190145e-09, 1.05089204006e-09, 7.22594761804e-10, 7.22032489353e-10, 7.222049625e-10, 2.13172390851e-09, 1.01739772163e-09, 4.74917216664e-10, 2.64732680222e-10, 1.7984916334e-10, 3.89419219093e-10, 1.13126435303e-11, 3.22471493952e-11, 4.59346666606e-12, 5.55661246182e-12, 1.42871860176e-11, 2.19560264067e-12, 6.38260061123e-13, 9.05737290724e-13, 5.98930952576e-13, 5.92049629808e-13, 1.95669679461e-13, 6.93485186268e-14, 4.0078048302e-14, 8.22983225486e-15, 1.17258497833e-15, 6.514714627e-16, 2.98201357065e-17, 1.14064784011e-18, 1.53265581514e-19, 3.16383304175e-20],
        "max": [8.10155052022e-06, 9.27209039219e-05, 4.67973368359e-05, 0.000114559901704, 0.000109239801532, 0.000152433174662, 0.000245650153374, 0.000722070573829, 0.000342008395819, 0.000206769080251, 0.000106951578346, 0.000116444352898, 9.63166094152e-05, 0.00010345303599, 0.000160740717547, 0.000145131882164, 0.000119473668747, 5.7162847952e-05, 5.43718488188e-05, 0.000108771237137, 1.10988430606e-05, 2.61651639448e-05, 1.02845151559e-05, 8.25451024866e-06, 1.28600304379e-05, 7.07962180968e-06, 2.46444028562e-06, 3.82323469239e-06, 2.22574340114e-06, 2.50760899689e-06, 1.39495807616e-06, 8.39189624458e-07, 6.3633086711e-07, 2.75794462823e-07, 9.61666017929e-08, 1.0432214026e-07, 1.83126989128e-08, 2.92128810031e-09, 1.12536546748e-09, 5.50527512466e-10],
        "mean": [2.40907820626e-06, 1.39706944537e-05, 9.31797785597e-06, 2.01981147256e-05, 2.56489402091e-05, 3.6539757275e-05, 3.3712862205e-05, 8.31332436064e-05, 4.54859473393e-05, 2.71745648206e-05, 1.77411584446e-05, 1.42104654515e-05, 1.23813579194e-05, 9.27335622691e-06, 1.89724742086e-05, 1.54610370373e-05, 1.11122699309e-05, 5.44178465134e-06, 4.75853357784e-06, 6.34832258584e-06, 1.8640049575e-06, 2.61930199486e-06, 1.3028829926e-06, 1.0723382502e-06, 1.47119305893e-06, 4.8904007599e-07, 2.58750873172e-07, 2.83179275584e-07, 2.93799388373e-07, 3.079080102e-07, 1.45314928091e-07, 6.92106283395e-08, 4.46139800658e-08, 1.85551769505e-08, 8.42678993251e-09, 7.54500550926e-09, 2.05648786888e-09, 2.87787876863e-10, 1.19045107105e-10, 6.91500745553e-11],
        "median": [1.83753274996e-06, 1.12257966975e-05, 7.19987610864e-06, 1.60007039085e-05, 2.04890729947e-05, 2.52249319601e-05, 1.47759055835e-05, 2.24178766075e-05, 1.34593910843e-05, 1.0703090993e-05, 5.95967003392e-06, 3.94481276089e-06, 5.38976837561e-06, 4.58776594314e-06, 6.37703578832e-06, 3.91458343074e-06, 2.41925977207e-06, 1.89528611827e-06, 9.88573447103e-07, 1.92328252524e-06, 8.46234513574e-07, 1.17497711472e-06, 6.4819198542e-07, 5.77990647344e-07, 4.00982514748e-07, 1.93619897004e-07, 9.7827417278e-08, 5.84065986686e-08, 1.27485932921e-07, 1.0764235725e-07, 4.41636061055e-08, 1.78473342771e-08, 6.17788131763e-09, 2.12754169837e-09, 1.27956356621e-09, 1.29244226432e-09, 5.47150658115e-10, 6.17498482902e-11, 3.96537941372e-11, 2.89648981883e-11],
        "min": [2.72086253972e-07, 1.61434365964e-06, 4.62703269477e-07, 1.01480125636e-07, 6.4912306641e-08, 8.63003748464e-08, 9.3528505829e-08, 6.9095648314e-08, 1.86904340893e-08, 1.60466182564e-08, 1.10019362509e-08, 9.53187218045e-09, 9.58303303378e-09, 7.76173880723e-09, 7.15795556161e-09, 1.58381185944e-09, 2.24610707811e-09, 1.28772004171e-09, 1.76655334805e-09, 6.98650581832e-10, 4.76998662791e-10, 6.92189472407e-10, 5.75098357825e-10, 2.47979331514e-10, 2.28470173336e-10, 1.27712854181e-10, 1.17109641429e-10, 8.82094952637e-11, 6.96079791029e-11, 5.11617970211e-11, 4.33606449357e-11, 2.96085725382e-11, 2.71432858828e-11, 1.8360249085e-11, 1.6113183704e-11, 1.57899231884e-11, 9.35086903742e-12, 3.39599398949e-12, 1.94058653288e-14, 6.86050693387e-15],
        "var": [3.01980467542e-12, 1.30221680661e-10, 5.6362015749e-11, 3.00938135522e-10, 4.80511186396e-10, 1.33575128736e-09, 1.74089509475e-09, 1.82952444305e-08, 4.36923297542e-09, 1.29324706499e-09, 6.00643035309e-10, 4.12993972354e-10, 3.51670276233e-10, 1.79456713378e-10, 8.36466618193e-10, 8.58726811881e-10, 4.6216891425e-10, 8.935439888e-11, 7.13766476479e-11, 1.75966893834e-10, 5.46381776628e-12, 1.72990111819e-11, 2.98549726607e-12, 1.93233081446e-12, 5.20577114402e-12, 9.23743286724e-13, 1.73009664321e-13, 3.48529798772e-13, 1.96990264812e-13, 2.13135295545e-13, 6.05864100209e-14, 1.78603791777e-14, 1.08002062493e-14, 2.04949404819e-15, 3.15208038258e-16, 2.46977760881e-16, 1.17856644046e-17, 3.28890992358e-19, 4.47216167529e-20, 1.15360482308e-20]
    },
    "mfcc": {
        "dmean": [57.0269203186, 18.535490036, 23.293844223, 9.13025951385, 12.1381788254, 8.86402130127, 7.1012005806, 6.49936103821, 5.336997509, 5.31565523148, 4.75117778778, 5.57402610779, 4.63218021393],
        "dmean2": [94.7225036621, 31.0533046722, 39.2901229858, 14.7647504807, 21.1334266663, 14.6971063614, 11.4756374359, 10.6820049286, 8.87976646423, 8.88154792786, 7.48254537582, 9.47342395782, 7.5175614357],
        "dvar": [2474.30883789, 263.220977783, 528.38458252, 63.5093994141, 118.324028015, 58.7264251709, 35.6139945984, 22.4402294159, 20.9756374359, 19.9297332764, 14.0613803864, 21.8180046082, 11.9821147919],
        "dvar2": [6638.81738281, 732.328369141, 1276.47290039, 186.307098389, 318.990661621, 150.99118042, 106.478614807, 69.135017395, 56.1539344788, 51.6279067993, 30.5680599213, 55.2969055176, 29.5577297211],
        "max": [-688.441955566, 206.910766602, 60.4895973206, 55.6066246033, 20.2059631348, 38.9422073364, 13.1370124817, 5.30463409424, 16.4696083069, 11.1533527374, 20.0399284363, 23.2819805145, 6.8695602417],
        "mean": [-817.75567627, 165.004135132, -40.8520736694, 12.9563455582, -15.056974411, -3.79325938225, -8.85385417938, -9.95255374908, -2.22791790962, -6.40641307831, 1.42625963688, 4.22498416901, -5.3922867775],
        "median": [-797.042907715, 171.28237915, -51.5737876892, 10.6156425476, -13.2741127014, -5.6418762207, -9.90655517578, -11.2398605347, -2.16484069824, -6.89807128906, 1.24097824097, 3.99234771729, -5.59300231934],
        "min": [-1050.14306641, 86.9566345215, -94.8723907471, -17.9466972351, -45.549079895, -27.0101585388, -41.6673164368, -26.4128112793, -18.0330047607, -25.6636581421, -12.7581691742, -17.0621185303, -15.2097244263],
        "var": [6287.08691406, 676.126098633, 1325.62390137, 256.714294434, 269.177856445, 148.891372681, 90.5179824829, 47.1503829956, 43.3082542419, 55.2518577576, 40.0196456909, 76.7759399414, 26.0821533203],
        "cov": [[6325.89599609, 198.210617065, -2798.50097656, 225.175918579, -1024.9876709, 34.03099823, -461.649871826, -68.3519592285, -43.2156639099, -126.942741394, 84.5349502563, 166.604400635, -122.660736084], [198.210617065, 680.299743652, -62.0172653198, -286.64666748, -55.7424354553, -251.16368103, 55.1501960754, -88.1413803101, 55.3562469482, -105.909133911, 4.65909147263, 85.9203414917, -16.1077346802], [-2798.50097656, -62.0172653198, 1333.8067627, -96.6343612671, 440.260040283, 2.41150164604, 196.871322632, 45.7759857178, 9.7188205719, 66.5007553101, -45.0812263489, -72.3639144897, 55.9094276428], [225.175918579, -286.64666748, -96.6343612671, 258.298950195, 40.7379455566, 109.415740967, -40.9132423401, 7.68582630157, -42.4627151489, 14.9217586517, -12.8949775696, -61.7868270874, -9.98456287384], [-1024.9876709, -55.7424354553, 440.260040283, 40.7379455566, 270.839447021, 25.0238132477, 69.5289382935, -1.30290853977, -30.4250583649, 18.0810623169, -29.3889102936, -66.293182373, 10.4607982635], [34.03099823, -251.16368103, 2.41150164604, 109.415740967, 25.0238132477, 149.810455322, -10.1964216232, 48.0381584167, -31.4794311523, 38.0834922791, -10.2210626602, -52.1934661865, 2.65033769608], [-461.649871826, 55.1501960754, 196.871322632, -40.9132423401, 69.5289382935, -10.1964216232, 91.0767288208, 12.3643760681, 10.906129837, -13.4649353027, -19.8629493713, -13.088555336, 4.64297056198], [-68.3519592285, -88.1413803101, 45.7759857178, 7.68582630157, -1.30290853977, 48.0381584167, 12.3643760681, 47.4414329529, 0.774441540241, 23.4995937347, -1.71530282497, -8.36094760895, 10.3291273117], [-43.2156639099, 55.3562469482, 9.7188205719, -42.4627151489, -30.4250583649, -31.4794311523, 10.906129837, 0.774441540241, 43.575592041, -5.81217050552, 14.5883340836, 24.8903465271, 3.4521458149], [-126.942741394, -105.909133911, 66.5007553101, 14.9217586517, 18.0810623169, 38.0834922791, -13.4649353027, 23.4995937347, -5.81217050552, 55.592918396, 14.4036664963, -10.3193035126, 9.16199970245], [84.5349502563, 4.65909147263, -45.0812263489, -12.8949775696, -29.3889102936, -10.2210626602, -19.8629493713, -1.71530282497, 14.5883340836, 14.4036664963, 40.2666816711, 26.7388801575, 2.48907065392], [166.604400635, 85.9203414917, -72.3639144897, -61.7868270874, -66.293182373, -52.1934661865, -13.088555336, -8.36094760895, 24.8903465271, -10.3193035126, 26.7388801575, 77.2498703003, 3.25560355186], [-122.660736084, -16.1077346802, 55.9094276428, -9.98456287384, 10.4607982635, 2.65033769608, 4.64297056198, 10.3291273117, 3.4521458149, 9.16199970245, 2.48907065392, 3.25560355186, 26.2431545258]],
        "icov": [[0.211054176092, -0.300495058298, 0.288659989834, -0.273340523243, 0.282754987478, -0.26142936945, 0.252227276564, -0.236229345202, 0.205409646034, -0.168450281024, 0.148615151644, -0.129446476698, 0.0788589566946], [-0.300495058298, 0.435975760221, -0.409823536873, 0.395567268133, -0.403949916363, 0.379119277, -0.361574649811, 0.33943772316, -0.291871845722, 0.246714964509, -0.213540136814, 0.186204180121, -0.110801376402], [0.288659989834, -0.409823536873, 0.397772401571, -0.372045576572, 0.382450908422, -0.356245964766, 0.342450886965, -0.323289811611, 0.278620928526, -0.232723385096, 0.205049276352, -0.177451625466, 0.106024637818], [-0.273340523243, 0.395567268133, -0.372045576572, 0.366757512093, -0.369802385569, 0.338747739792, -0.325407087803, 0.310150980949, -0.265708208084, 0.225271373987, -0.194213926792, 0.171496853232, -0.100497573614], [0.282754987478, -0.403949916363, 0.382450908422, -0.369802385569, 0.392530560493, -0.351024031639, 0.334003597498, -0.310674250126, 0.282582819462, -0.227213427424, 0.19661539793, -0.169266790152, 0.104848369956], [-0.26142936945, 0.379119277, -0.356245964766, 0.338747739792, -0.351024031639, 0.350397467613, -0.313879221678, 0.27684867382, -0.247435793281, 0.211234182119, -0.187682390213, 0.168561950326, -0.094589419663], [0.252227276564, -0.361574649811, 0.342450886965, -0.325407087803, 0.334003597498, -0.313879221678, 0.327913492918, -0.295275181532, 0.238685697317, -0.191177710891, 0.182081460953, -0.152712374926, 0.0973926112056], [-0.236229345202, 0.33943772316, -0.323289811611, 0.310150980949, -0.310674250126, 0.27684867382, -0.295275181532, 0.319097042084, -0.235871449113, 0.174520730972, -0.158668890595, 0.140510991216, -0.0988033041358], [0.205409646034, -0.291871845722, 0.278620928526, -0.265708208084, 0.282582819462, -0.247435793281, 0.238685697317, -0.235871449113, 0.241319686174, -0.157966583967, 0.12874878943, -0.12628865242, 0.0760795772076], [-0.168450281024, 0.246714964509, -0.232723385096, 0.225271373987, -0.227213427424, 0.211234182119, -0.191177710891, 0.174520730972, -0.157966583967, 0.181338593364, -0.140258342028, 0.111623823643, -0.0631006807089], [0.148615151644, -0.213540136814, 0.205049276352, -0.194213926792, 0.19661539793, -0.187682390213, 0.182081460953, -0.158668890595, 0.12874878943, -0.140258342028, 0.154928848147, -0.106800206006, 0.0542276836932], [-0.129446476698, 0.186204180121, -0.177451625466, 0.171496853232, -0.169266790152, 0.168561950326, -0.152712374926, 0.140510991216, -0.12628865242, 0.111623823643, -0.106800206006, 0.108639158309, -0.0509889870882], [0.0788589566946, -0.110801376402, 0.106024637818, -0.100497573614, 0.104848369956, -0.094589419663, 0.0973926112056, -0.0988033041358, 0.0760795772076, -0.0631006807089, 0.0542276836932, -0.0509889870882, 0.0771899595857]]
    }
}

}