{
"metadata": {
    "version": {
        "essentia": "2.0.1",
        "extractor": "archive-music 1.0 mod ismir14"
    },
    "audio_properties": {
        "analysis_sample_rate": 44100,
        "bitrate": 32,
        "channels": 2,
        "equal_loudness": 0,
        "length": 30.0408172607,
        "replay_gain": -13.5079994202,
        "downmix": "mix"
    },
    "tags": {
        "track": 0,
        "year": 0,
        "album": "",
        "artist": "",
        "comment": "",
        "genre": "",
        "title": ""
    }
},
"rhythm": {
    "bpm": 178.205886841,
    "bpm_histogram_first_peak": 178,
    "bpm_histogram_first_peak_spread": 0,
    "bpm_histogram_first_peak_weight": 0.453488379717,
    "bpm_histogram_second_peak": 172,
    "bpm_histogram_second_peak_spread": 0,
    "bpm_histogram_second_peak_weight": 0.430232554674
},
"tonal": {
    "tuning_frequency": {
        "dmean": 0.259577810764,
        "dmean2": 0.399441182613,
        "dvar": 3.19401073456,
        "dvar2": 3.97037935257,
        "max": 454.990661621,
        "mean": 439.92010498,
        "median": 441.527557373,
        "min": 431.941772461,
        "var": 18.7579555511
    },
    "hpcp": {
        "dmean": [0.226375550032, 0.152154430747, 0.228955730796, 0.249731794, 0.116993434727, 0.212480261922, 0.260822206736, 0.276310235262, 0.177920788527, 0.11240029335, 0.242365479469, 0.0813411474228],
        "dmean2": [0.387488007545, 0.269240915775, 0.423286825418, 0.443222939968, 0.207843869925, 0.34316894412, 0.451515257359, 0.485472768545, 0.30141928792, 0.193673431873, 0.448961615562, 0.145516455173],
        "dvar": [0.0432756654918, 0.0310391001403, 0.0584263168275, 0.060680128634, 0.028293415904, 0.0596703700721, 0.0664983317256, 0.0477216020226, 0.0393344461918, 0.0183714535087, 0.0681595727801, 0.0144223310053],
        "dvar2": [0.117175146937, 0.080163128674, 0.166689127684, 0.178515091538, 0.079437918961, 0.140741154552, 0.149319633842, 0.123487859964, 0.0979876443744, 0.0454078949988, 0.173833087087, 0.0423169359565],
        "max": [1, 1, 1, 1, 1, 1, 1, 1, 1, 0.973272502422, 1, 1],
        "mean": [0.306381255388, 0.179049655795, 0.23498390615, 0.308933973312, 0.132647946477, 0.325057715178, 0.350585639477, 0.402931958437, 0.248742833734, 0.137725159526, 0.788574695587, 0.100077964365],
        "median": [0.249131649733, 0.114601753652, 0.132546156645, 0.213640704751, 0.0759125202894, 0.142386436462, 0.24852566421, 0.350166738033, 0.143657401204, 0.0812207609415, 1, 0.0740144401789],
        "min": [0.0163767840713, 0.00615083798766, 0.00873809959739, 0.00835959427059, 0.00648946966976, 0.0201962497085, 0.00804942566901, 0.0134920356795, 0.00606464594603, 0.00420099310577, 0.14947502315, 0.00521412305534],
        "var": [0.0642945095897, 0.0376258231699, 0.0610797144473, 0.0729085206985, 0.0256756190211, 0.111025884748, 0.0965505465865, 0.0871749594808, 0.0671053156257, 0.0247842147946, 0.0766490474343, 0.0107313031331]
    }
},
"lowlevel": {
    "melbands": {
        "dmean": [1.4840545191e-05, 6.30468057352e-05, 5.82519096497e-05, 3.85620223824e-05, 1.58480615937e-05, 2.86945232801e-05, 2.93765879178e-05, 3.60167396138e-05, 4.20304131694e-05, 2.32135080296e-05, 1.61867374118e-05, 1.05893350337e-05, 9.28066947381e-06, 5.15312240168e-06, 8.37171501189e-06, 4.9507748372e-06, 6.43756266072e-06, 3.89278693547e-06, 2.56569455814e-06, 2.37785729951e-06, 2.33704076891e-06, 2.31454851018e-06, 3.68091878045e-06, 3.88978332921e-06, 2.48009223469e-06, 1.54520466822e-06, 1.63623462868e-06, 1.03811350982e-06, 4.60263834157e-07, 4.07988153484e-07, 3.6218014543e-07, 1.81189548698e-07, 7.02287579202e-08, 4.69104826095e-08, 4.51433486148e-08, 3.6101770462e-08, 3.03155829329e-08, 2.59539785219e-08, 1.58194168876e-08, 7.55771356609e-09],
        "dmean2": [2.62317698798e-05, 0.000118496231153, 0.000104610458948, 7.00328600942e-05, 2.86864305963e-05, 5.19352215633e-05, 5.22721529705e-05, 6.58212884446e-05, 6.98532167007e-05, 4.11656801589e-05, 2.76996943285e-05, 1.91427661775e-05, 1.68319602381e-05, 8.96050642041e-06, 1.53827713802e-05, 8.81201685843e-06, 1.18467878565e-05, 6.8515505518e-06, 4.64916365672e-06, 3.89553360947e-06, 4.13534053223e-06, 4.09930134992e-06, 6.68120674163e-06, 6.62327238388e-06, 4.23387427873e-06, 2.63098741016e-06, 2.78388461084e-06, 1.77877245733e-06, 7.958026913e-07, 7.36162576231e-07, 6.16727788838e-07, 3.15547993068e-07, 1.25062257439e-07, 8.21225611958e-08, 7.82416904599e-08, 6.16179391955e-08, 5.54897923166e-08, 4.53066384409e-08, 2.79307368345e-08, 1.38745361866e-08],
        "dvar": [4.66072458405e-10, 4.82769069166e-09, 2.86739409994e-09, 3.14669401646e-09, 2.07598355173e-10, 5.97740024144e-10, 7.16320613936e-10, 1.48653489518e-09, 6.64395338745e-09, 3.7182261714e-09, 5.19820519962e-10, 6.25995200121e-10, 5.21831189371e-10, 1.11855427698e-10, 3.24171911537e-10, 7.38278674306e-11, 2.21973925352e-10, 5.25023254039e-11, 1.50904479884e-11, 2.65325920956e-11, 1.21164640821e-11, 1.012330237e-11, 3.87696749704e-11, 4.44310803427e-11, 1.75424622745e-11, 7.70786559579e-12, 1.10424299912e-11, 5.23409744366e-12, 4.55127255328e-13, 6.26085283877e-13, 5.1404746345e-13, 1.20786898278e-13, 1.22824952723e-14, 4.93984447938e-15, 5.58363144742e-15, 1.76970307796e-15, 1.32632304645e-15, 5.99145578867e-16, 2.74297696864e-16, 9.97609663415e-17],
        "dvar2": [1.21517973461e-09, 1.58333790523e-08, 8.31325142059e-09, 8.71843841566e-09, 5.64001401138e-10, 1.92893812034e-09, 1.95887039922e-09, 3.93649468577e-09, 1.40663889425e-08, 1.02809325497e-08, 1.29654242897e-09, 1.72333514126e-09, 1.44196243834e-09, 3.21338372578e-10, 9.53166212625e-10, 2.10438458326e-10, 6.30521357348e-10, 1.31994012942e-10, 4.01631401747e-11, 6.33194191524e-11, 3.0315087246e-11, 2.85069745587e-11, 1.11354446497e-10, 1.18149878769e-10, 4.13381759379e-11, 2.06692805232e-11, 2.79252697355e-11, 1.36800492809e-11, 1.12208007642e-12, 1.54378029457e-12, 1.45924114806e-12, 3.36085488866e-13, 2.68058822752e-14, 1.05341701413e-14, 1.08110076135e-14, 3.47657007552e-15, 3.24559922564e-15, 1.51319122011e-15, 7.19827074483e-16, 2.55475565985e-16],
        "max": [0.000168338257936, 0.000417105242377, 0.000270608026767, 0.000337770849001, 8.70530348038e-05, 0.000148094273754, 0.000152991298819, 0.00015079138393, 0.000869151612278, 0.000508565688506, 0.000154483059305, 0.00013976667833, 0.000143572076922, 7.53449930926e-05, 0.000122478813864, 4.67491190648e-05, 9.19502635952e-05, 7.05557977199e-05, 2.51451692748e-05, 5.06226679136e-05, 2.25269832299e-05, 2.14110405068e-05, 3.15184915962e-05, 4.8514430091e-05, 3.31776464009e-05, 1.96402925212e-05, 2.52975041803e-05, 1.39693238452e-05, 5.02023522131e-06, 5.67858796785e-06, 4.78223228129e-06, 2.37814811044e-06, 6.94295920312e-07, 5.05726575284e-07, 6.241661481e-07, 3.40384531228e-07, 3.18193315252e-07, 2.00265645844e-07, 1.47638587578e-07, 9.81254828503e-08],
        "mean": [1.88202047866e-05, 7.31405889383e-05, 7.88027173257e-05, 4.13117995777e-05, 2.22616472456e-05, 4.07772240578e-05, 4.0307881136e-05, 3.05476314679e-05, 4.82762879983e-05, 2.45096671279e-05, 1.89198435692e-05, 8.88631711859e-06, 7.02563102095e-06, 4.77519233755e-06, 7.64942433307e-06, 4.225201792e-06, 4.86163844471e-06, 3.90498553315e-06, 2.64258665084e-06, 2.26717838814e-06, 2.17264300773e-06, 2.22024482355e-06, 3.47032937498e-06, 3.76225898435e-06, 2.44513284997e-06, 2.0369327558e-06, 1.68869189565e-06, 9.86390546132e-07, 5.26653764155e-07, 4.32673601836e-07, 3.51513648411e-07, 2.16116646357e-07, 1.03231030835e-07, 8.2241776056e-08, 8.00661723588e-08, 6.58978791535e-08, 6.07424794907e-08, 4.32957882879e-08, 2.34085320017e-08, 1.24125802969e-08],
        "median": [1.31539036374e-05, 5.67499009776e-05, 6.55350668239e-05, 2.72002835118e-05, 1.78222235263e-05, 3.67569882656e-05, 3.09698116325e-05, 1.57423837663e-05, 2.9852395528e-05, 1.373230225e-05, 1.20578843052e-05, 2.77950243799e-06, 1.96505266103e-06, 1.9557971882e-06, 3.90065906686e-06, 1.84954478755e-06, 1.80254380666e-06, 1.37878214446e-06, 1.23540155528e-06, 9.47609635205e-07, 9.14752035897e-07, 8.52348762237e-07, 9.66517518464e-07, 7.56125075441e-07, 8.41789812966e-07, 6.95096900927e-07, 3.51512056795e-07, 3.34578743377e-07, 3.25421098069e-07, 1.95605593944e-07, 1.14328869927e-07, 8.96019614061e-08, 5.62629445255e-08, 5.18677438777e-08, 5.08954478562e-08, 4.50239134864e-08, 4.54188118226e-08, 3.08930516724e-08, 1.59580650916e-08, 9.11646402812e-09],
        "min": [1.85778242212e-06, 5.98139604335e-06, 4.16162265537e-06, 3.64962397725e-06, 1.11845577067e-06, 6.88081854605e-07, 9.08714355319e-07, 5.60293187846e-07, 1.06801330446e-07, 1.01180333445e-07, 1.03046282618e-07, 2.54969183544e-08, 6.16457285219e-08, 1.54713617917e-07, 4.26718784752e-08, 3.3214693218e-08, 3.77470001922e-08, 1.54309844902e-08, 1.52887729143e-08, 2.1791759508e-08, 3.24251772099e-08, 3.64454990631e-08, 3.33017595722e-08, 2.04511181323e-08, 3.20580788582e-08, 3.68055736999e-08, 1.03792254791e-08, 7.3115042909e-09, 4.35366338536e-08, 1.93406002325e-08, 8.39248492923e-09, 7.01898494881e-09, 6.99086655231e-09, 3.679734073e-09, 2.9419986447e-09, 5.08363307006e-09, 4.3030246033e-09, 4.70211469761e-09, 2.88892110234e-09, 9.88358839216e-10],
        "var": [4.19414031283e-10, 3.77428799325e-09, 2.62642441129e-09, 2.25492846617e-09, 2.87941309685e-10, 7.65717544926e-10, 1.01398800467e-09, 1.16052278898e-09, 7.18372072939e-09, 2.38530306618e-09, 5.50045120562e-10, 4.4925102527e-10, 3.56324914019e-10, 7.56895310317e-11, 2.01918051723e-10, 5.41007620647e-11, 1.3789520914e-10, 6.58345253313e-11, 1.45341533947e-11, 2.45718896619e-11, 1.25275848722e-11, 1.05568453285e-11, 3.82467356397e-11, 5.20251376701e-11, 1.86150435344e-11, 1.05044462712e-11, 1.20919741234e-11, 4.26196231085e-12, 4.69264601136e-13, 5.84089037987e-13, 4.51750290821e-13, 1.07851112752e-13, 1.61063585971e-14, 7.77833150672e-15, 9.3003844914e-15, 3.96680225221e-15, 2.13866988863e-15, 1.14763287002e-15, 4.61469267137e-16, 1.22550420875e-16]
    },
    "mfcc": {
        "dmean": [32.0239334106, 11.5590009689, 17.3426322937, 9.13349246979, 10.4964294434, 9.68936824799, 10.5582170486, 7.26979589462, 6.14290904999, 6.82556819916, 6.24784469604, 6.52936172485, 6.6855597496],
        "dmean2": [56.3843154907, 19.2654647827, 27.3708839417, 15.1998586655, 18.5478687286, 16.5112342834, 17.9751319885, 12.732711792, 10.362080574, 11.0134115219, 10.2439165115, 10.8594636917, 10.9123439789],
        "dvar": [755.698730469, 102.581588745, 146.480072021, 88.3624191284, 70.9660949707, 61.6137924194, 87.7109375, 29.2495174408, 32.1977615356, 31.2456359863, 26.7743320465, 25.1324443817, 27.2139968872],
        "dvar2": [1644.32275391, 215.341522217, 426.057220459, 201.28968811, 182.450042725, 164.507492065, 231.237701416, 94.8870010376, 84.5849761963, 88.6144332886, 67.2101287842, 70.0690917969, 69.6231231689],
        "max": [-657.023864746, 152.205749512, 29.9299125671, 70.6143493652, 25.1394844055, 21.3519287109, 30.1471252441, 21.3937168121, 9.18983840942, 28.7544288635, 26.1281242371, 20.5921020508, 9.77822685242],
        "mean": [-750.389953613, 124.76309967, -5.93580818176, 25.4798126221, -7.02340221405, -5.90851449966, -4.1514673233, -0.0595952831209, -5.17372083664, 6.39374399185, 0.669648826122, 3.19318795204, -7.38479089737],
        "median": [-755.586547852, 129.212524414, -4.8696975708, 23.6682624817, -9.65730667114, -5.30965042114, -5.62675476074, -0.950489044189, -4.54490089417, 7.4008846283, 0.883113861084, 3.40885925293, -6.41141700745],
        "min": [-929.732543945, 71.6568450928, -58.1271438599, -11.0415039062, -35.2939224243, -34.4774932861, -21.9183349609, -16.7761306763, -31.1527366638, -27.4314460754, -16.6687793732, -11.5782756805, -34.0057067871],
        "var": [1340.09216309, 330.34866333, 350.446136475, 164.295059204, 124.135948181, 91.1093902588, 123.364852905, 54.8857536316, 56.4456672668, 64.7469482422, 44.2256011963, 39.5283851624, 59.7599258423],
        "cov": [[1348.36425781, -363.324798584, -534.691040039, 81.0495605469, 26.0057926178, -99.090637207, 5.24601697922, 42.9949798584, -39.3410568237, -44.8297042847, 45.9789352417, -14.301697731, -79.2689361572], [-363.324798584, 332.3878479, 164.968429565, -145.876678467, -81.5846481323, 53.8383865356, 0.986789762974, -54.6005783081, 29.1707172394, 37.3889961243, 9.26661777496, 34.4828529358, 34.6475334167], [-534.691040039, 164.968429565, 352.609405518, 4.51151132584, 1.83555090427, 39.1516189575, -18.7377357483, -10.0748682022, 24.076467514, 10.5572900772, -14.9199914932, 1.64808034897, 39.101184845], [81.0495605469, -145.876678467, 4.51151132584, 165.30921936, 87.8952178955, -53.0065460205, -35.3679733276, 22.477891922, -10.0595293045, -13.8554458618, -7.16901826859, -22.3075637817, -5.71263837814], [26.0057926178, -81.5846481323, 1.83555090427, 87.8952178955, 124.90222168, -27.7656517029, -42.3247299194, 19.8540363312, -6.58965826035, -7.33174419403, -15.3159770966, -15.8230447769, -0.411136209965], [-99.090637207, 53.8383865356, 39.1516189575, -53.0065460205, -27.7656517029, 91.6717987061, 65.1511306763, 3.17024207115, -0.581579864025, -19.4103832245, -6.48413848877, -1.45625531673, -19.5046539307], [5.24601697922, 0.986789762974, -18.7377357483, -35.3679733276, -42.3247299194, 65.1511306763, 124.126365662, 25.9950027466, -30.9613838196, -30.8232898712, -13.3484039307, 1.23722279072, -17.8452339172], [42.9949798584, -54.6005783081, -10.0748682022, 22.477891922, 19.8540363312, 3.17024207115, 25.9950027466, 55.2245559692, -4.60307216644, -28.125497818, -6.92680311203, -5.40436077118, -6.50893831253], [-39.3410568237, 29.1707172394, 24.076467514, -10.0595293045, -6.58965826035, -0.581579864025, -30.9613838196, -4.60307216644, 56.7940979004, 24.4663257599, -1.41029155254, -4.25304508209, -0.0561958551407], [-44.8297042847, 37.3889961243, 10.5572900772, -13.8554458618, -7.33174419403, -19.4103832245, -30.8232898712, -28.125497818, 24.4663257599, 65.1466140747, 9.63077735901, -5.09318733215, 12.1506614685], [45.9789352417, 9.26661777496, -14.9199914932, -7.16901826859, -15.3159770966, -6.48413848877, -13.3484039307, -6.92680311203, -1.41029155254, 9.63077735901, 44.4986000061, 13.5377931595, -8.33417606354], [-14.301697731, 34.4828529358, 1.64808034897, -22.3075637817, -15.8230447769, -1.45625531673, 1.23722279072, -5.40436077118, -4.25304508209, -5.09318733215, 13.5377931595, 39.7723884583, 19.4944515228], [-79.2689361572, 34.6475334167, 39.101184845, -5.71263837814, -0.411136209965, -19.5046539307, -17.8452339172, -6.50893831253, -0.0561958551407, 12.1506614685, -8.33417606354, 19.4944515228, 60.1288146973]],
        "icov": [[0.00229686824605, 0.000598407292273, 0.00296036712825, -0.000348171539372, 0.000116885516036, 0.00124031724408, -0.000442378717707, 0.000174213098944, -0.000922937702853, 0.00163357332349, -0.00207601278089, 0.000881059328094, 0.000111348228529], [0.000598407292273, 0.0102608548477, -0.00382105377503, 0.0078651336953, -0.000726811937056, 0.000927247630898, -0.00121431890875, 0.00575933419168, -0.0023381409701, -8.87035494088e-05, -0.00160814949777, -0.00297870929353, -0.000574159610551], [0.00296036712825, -0.00382105377503, 0.00991436466575, -0.00594520149752, 0.00166037818417, -0.00384930265136, 0.00257217674516, -0.00298813916743, -0.00038674287498, 0.00146021496039, -0.00133032188751, 0.00277605070733, -0.00308479717933], [-0.000348171539372, 0.0078651336953, -0.00594520149752, 0.0204827859998, -0.00951795652509, 0.011247982271, -0.00575072458014, 0.00632376084104, -0.00382816861384, 0.00529700610787, -0.00486294738948, 0.00425277417526, 0.000255615392234], [0.000116885516036, -0.000726811937056, 0.00166037818417, -0.00951795652509, 0.0191853027791, -0.00893728528172, 0.0131404707208, -0.0104383500293, 0.00917166471481, -0.00621472485363, 0.00984733458608, -0.00359273166396, 0.00238504144363], [0.00124031724408, 0.000927247630898, -0.00384930265136, 0.011247982271, -0.00893728528172, 0.0356674008071, -0.0218920130283, 0.0122315902263, -0.0131626678631, 0.013638317585, -0.00804035738111, 0.00688030850142, 0.00489482935518], [-0.000442378717707, -0.00121431890875, 0.00257217674516, -0.00575072458014, 0.0131404707208, -0.0218920130283, 0.0312688536942, -0.0182856861502, 0.0193203426898, -0.0104292323813, 0.0148420752957, -0.00826590042561, 0.00504930550233], [0.000174213098944, 0.00575933419168, -0.00298813916743, 0.00632376084104, -0.0104383500293, 0.0122315902263, -0.0182856861502, 0.0391394719481, -0.0160283595324, 0.0186275616288, -0.0105960704386, 0.00798163656145, -0.0056743430905], [-0.000922937702853, -0.0023381409701, -0.00038674287498, -0.00382816861384, 0.00917166471481, -0.0131626678631, 0.0193203426898, -0.0160283595324, 0.0354164168239, -0.0180502310395, 0.0138532295823, -0.007061956916, 0.00770057365298], [0.00163357332349, -8.87035494088e-05, 0.00146021496039, 0.00529700610787, -0.00621472485363, 0.013638317585, -0.0104292323813, 0.0186275616288, -0.0180502310395, 0.0364740565419, -0.0165984928608, 0.0179715361446, -0.0104535641149], [-0.00207601278089, -0.00160814949777, -0.00133032188751, -0.00486294738948, 0.00984733458608, -0.00804035738111, 0.0148420752957, -0.0105960704386, 0.0138532295823, -0.0165984928608, 0.042989205569, -0.0235558822751, 0.0162726826966], [0.000881059328094, -0.00297870929353, 0.00277605070733, 0.00425277417526, -0.00359273166396, 0.00688030850142, -0.00826590042561, 0.00798163656145, -0.007061956916, 0.0179715361446, -0.0235558822751, 0.0504086092114, -0.0211514346302], [0.000111348228529, -0.000574159610551, -0.00308479717933, 0.000255615392234, 0.00238504144363, 0.00489482935518, 0.00504930550233, -0.0056743430905, 0.00770057365298, -0.0104535641149, 0.0162726826966, -0.0211514346302, 0.0328599400818]]
    }
}

}