{
"metadata": {
    "version": {
        "essentia": "2.0.1",
        "extractor": "archive-music 1.0 mod ismir14"
    },
    "audio_properties": {
        "analysis_sample_rate": 44100,
        "bitrate": 32,
        "channels": 2,
        "equal_loudness": 0,
        "length": 30.0408172607,
        "replay_gain": -13.7074718475,
        "downmix": "mix"
    },
    "tags": {
        "track": 0,
        "year": 0,
        "album": "",
        "artist": "",
        "comment": "",
        "genre": "",
        "title": ""
    }
},
"rhythm": {
    "bpm": 90.2956161499,
    "bpm_histogram_first_peak": 91,
    "bpm_histogram_first_peak_spread": 0.341463446617,
    "bpm_histogram_first_peak_weight": 0.62790697813,
    "bpm_histogram_second_peak": 85,
    "bpm_histogram_second_peak_spread": 0,
    "bpm_histogram_second_peak_weight": 0.0465116277337
},
"tonal": {
    "tuning_frequency": {
        "dmean": 0.108078382909,
        "dmean2": 0.20293033123,
        "dvar": 0.229991227388,
        "dvar2": 0.410993397236,
        "max": 454.465301514,
        "mean": 452.152984619,
        "median": 451.586883545,
        "min": 450.024475098,
        "var": 2.39963150024
    },
    "hpcp": {
        "dmean": [0.281223207712, 0.0788664594293, 0.151063516736, 0.167330488563, 0.418135851622, 0.294530600309, 0.122271500528, 0.315781474113, 0.132148712873, 0.098023019731, 0.120517671108, 0.146954998374],
        "dmean2": [0.489576160908, 0.133007228374, 0.251892566681, 0.310544133186, 0.757976651192, 0.532520353794, 0.211305871606, 0.524220466614, 0.2317507267, 0.172915250063, 0.210796996951, 0.263264447451],
        "dvar": [0.0946416333318, 0.0111805098131, 0.0300111174583, 0.0570732466877, 0.0922206491232, 0.0833323374391, 0.0149800544605, 0.0884528532624, 0.0283007156104, 0.0176295265555, 0.0255072209984, 0.0304314494133],
        "dvar2": [0.16581299901, 0.0273295361549, 0.0739333406091, 0.16145683825, 0.240581914783, 0.199696481228, 0.0373733006418, 0.195345208049, 0.0839382186532, 0.0505810976028, 0.0711796954274, 0.0847760513425],
        "max": [1, 0.681280136108, 1, 1, 1, 1, 0.6371768713, 1, 1, 1, 1, 1],
        "mean": [0.559079766273, 0.0850033462048, 0.184932008386, 0.150619924068, 0.422022819519, 0.38358810544, 0.131023645401, 0.428846865892, 0.121102139354, 0.0999644473195, 0.118036739528, 0.147725850344],
        "median": [0.51454859972, 0.0493847802281, 0.107221275568, 0.0731470808387, 0.277570277452, 0.259015768766, 0.0770024880767, 0.303411632776, 0.0663396567106, 0.0661076307297, 0.0699464827776, 0.0874628350139],
        "min": [0.0075444933027, 0.0024441073183, 0.00970565807074, 0.00679461099207, 0.0121973762289, 0.00924304779619, 0.00474402913824, 0.00659785140306, 0.00159670133144, 0.00430783489719, 0.00320789590478, 0.00427833851427],
        "var": [0.157033994794, 0.0119635593146, 0.0411168038845, 0.049650080502, 0.12432538718, 0.132216453552, 0.0195282939821, 0.143331989646, 0.0243224930018, 0.0143847772852, 0.0215791687369, 0.0286480747163]
    }
},
"lowlevel": {
    "melbands": {
        "dmean": [6.88943036948e-05, 0.000175591849256, 5.01723807247e-05, 3.14224489557e-05, 2.84026773443e-05, 2.10190428334e-05, 2.76462415059e-05, 4.27884333476e-05, 7.35540525056e-05, 5.51259945496e-05, 2.24872565013e-05, 2.58104500972e-05, 3.10875693685e-05, 1.03721240521e-05, 1.77162437467e-05, 2.17737087951e-05, 5.60535272598e-06, 3.69816348211e-06, 1.54582960477e-06, 1.80237009317e-06, 3.34040282723e-06, 2.40839221988e-06, 4.48585205959e-06, 3.56485406883e-06, 1.89531010619e-06, 2.28574663197e-06, 2.00885028789e-06, 1.22332528463e-06, 5.17953594681e-07, 4.58663976133e-07, 2.09759789982e-07, 8.32520754557e-08, 4.50792327911e-08, 4.02690787382e-08, 3.76766884358e-08, 3.45526025569e-08, 3.23710658279e-08, 4.50800214935e-08, 4.38544773829e-08, 3.2313714371e-08],
        "dmean2": [0.000108396263386, 0.000280939828372, 8.95273988135e-05, 5.52126257389e-05, 5.14536695846e-05, 3.82694925065e-05, 4.72346036986e-05, 8.08840850368e-05, 0.000136035014293, 0.000102573969343, 4.37280396e-05, 4.87021825393e-05, 5.65823174838e-05, 1.95312495634e-05, 3.21378429362e-05, 3.95707829739e-05, 1.0558638678e-05, 6.86222392687e-06, 2.79805362879e-06, 3.1694057725e-06, 6.06455250818e-06, 4.43273074779e-06, 8.48043418955e-06, 6.59168063066e-06, 3.47485570273e-06, 4.24876725447e-06, 3.71162195734e-06, 2.23128381549e-06, 9.6128428595e-07, 8.68088193329e-07, 3.86797665897e-07, 1.51431024165e-07, 8.48549959187e-08, 7.38311882742e-08, 6.81074254771e-08, 6.2149211999e-08, 5.99142495616e-08, 8.20691070658e-08, 8.05527449188e-08, 5.9064213076e-08],
        "dvar": [2.23349783113e-09, 1.67263589645e-08, 2.73133049511e-09, 6.12227157859e-10, 1.37450661963e-09, 4.3768019764e-10, 1.93695015582e-09, 3.55187323997e-09, 7.57199547508e-09, 1.56947130847e-08, 1.00082777621e-08, 2.00369010273e-09, 3.40411365762e-09, 2.31772961934e-10, 5.97283777992e-10, 1.29794075487e-09, 4.0708383886e-10, 6.28929755497e-11, 2.96543540591e-12, 1.86399962306e-12, 9.97892740662e-12, 5.62484303926e-12, 2.28828848231e-11, 9.67180502354e-12, 2.79080578092e-12, 4.95348120161e-12, 4.10010653901e-12, 1.51298743499e-12, 2.69059270306e-13, 2.39233735903e-13, 3.55947842273e-14, 6.71338196961e-15, 1.82685800251e-15, 1.18674038119e-15, 9.48596856311e-16, 1.10737413519e-15, 1.08273299384e-15, 2.48568107591e-15, 2.1444007018e-15, 1.37789570623e-15],
        "dvar2": [5.62741009347e-09, 4.87533036164e-08, 7.48109840742e-09, 1.65324953727e-09, 3.56121820921e-09, 9.74488489902e-10, 4.91308504991e-09, 1.04221911101e-08, 2.19953761871e-08, 4.44951062661e-08, 3.01086373611e-08, 5.93811133598e-09, 9.5477812323e-09, 6.73640920823e-10, 1.56295310028e-09, 3.60947050027e-09, 1.21913179552e-09, 1.83330781112e-10, 8.62142909147e-12, 5.41089525616e-12, 2.59284330117e-11, 1.62274534088e-11, 6.37162822503e-11, 2.57638060192e-11, 8.07530431413e-12, 1.34940851895e-11, 1.13619027381e-11, 4.28959428742e-12, 7.57623185108e-13, 6.69571603024e-13, 1.08158728013e-13, 2.14699321554e-14, 5.42622307967e-15, 3.38923886108e-15, 2.75043159973e-15, 3.28726774093e-15, 3.41058620893e-15, 7.71903835338e-15, 6.63672125272e-15, 4.19762762418e-15],
        "max": [0.000270712800557, 0.000835840997752, 0.000428789790021, 0.000187517231097, 0.000312207383104, 0.00016374400002, 0.000436617207015, 0.000301055959426, 0.000500541704241, 0.000965733721387, 0.000910315837245, 0.000273988873232, 0.000341877457686, 8.20239220047e-05, 0.000132566143293, 0.000168709637364, 0.00018291080778, 5.22851551068e-05, 1.39824514918e-05, 6.58890212435e-06, 1.73263961187e-05, 1.14230315376e-05, 2.38148531935e-05, 1.67707166838e-05, 9.16841599974e-06, 1.31774668262e-05, 1.16804430945e-05, 8.13606948213e-06, 2.9711247862e-06, 3.25224959852e-06, 1.16759713364e-06, 6.85089787567e-07, 2.50729129903e-07, 2.47594556413e-07, 1.84600082775e-07, 1.94300497469e-07, 1.68366526054e-07, 2.89715899271e-07, 2.95059749078e-07, 2.84371338921e-07],
        "mean": [0.000102340913145, 0.00027095558471, 8.72722303029e-05, 4.13534871768e-05, 2.77934705082e-05, 2.25371222768e-05, 2.91976284643e-05, 3.65107116522e-05, 6.12273361185e-05, 3.86204919778e-05, 1.55333000293e-05, 1.89441816474e-05, 2.16147782339e-05, 8.66090522322e-06, 1.48422423081e-05, 1.59834671649e-05, 4.07033303418e-06, 2.93550147035e-06, 1.62632557021e-06, 1.96276641873e-06, 2.93387984129e-06, 2.1690250378e-06, 3.79187872568e-06, 2.96983330372e-06, 1.81860377779e-06, 2.03377612706e-06, 1.64579057582e-06, 9.9839462564e-07, 4.80528683511e-07, 3.79389859972e-07, 2.01827944579e-07, 1.03082868463e-07, 6.30744381169e-08, 5.56981767375e-08, 5.31624984035e-08, 5.43131726261e-08, 4.37337845938e-08, 6.0639848698e-08, 5.55676322733e-08, 4.57091715589e-08],
        "median": [9.33597693802e-05, 0.000235689280089, 7.61764094932e-05, 3.20954131894e-05, 1.69473441929e-05, 1.55939014803e-05, 1.66800728039e-05, 1.91818016901e-05, 3.0249279007e-05, 9.48684646573e-06, 5.65051641388e-06, 6.86259045324e-06, 4.1320067794e-06, 3.90836567021e-06, 6.06546109339e-06, 4.81326560475e-06, 1.52832421918e-06, 1.18562763873e-06, 1.09326401798e-06, 1.57669285272e-06, 1.69290854046e-06, 1.28980309455e-06, 2.23349820772e-06, 1.62906724199e-06, 1.3868576616e-06, 1.24624614273e-06, 8.68413906119e-07, 5.13492864229e-07, 3.29757540385e-07, 2.15110958379e-07, 1.3902580065e-07, 8.25277268746e-08, 5.30266142107e-08, 4.47223733602e-08, 4.50931025853e-08, 4.80461359587e-08, 3.61259822057e-08, 4.53878286066e-08, 4.38873435371e-08, 3.66887853431e-08],
        "min": [4.60311866846e-06, 1.2208388398e-05, 5.69197572986e-06, 5.35635126653e-06, 1.95947018256e-06, 1.58015961915e-06, 1.57919328103e-06, 1.75647642209e-06, 1.42697592764e-06, 6.2074127527e-07, 5.22295579231e-07, 4.13269702904e-07, 3.33182896384e-07, 5.82238101288e-07, 2.83172397531e-07, 2.39186931594e-07, 1.07664739346e-07, 2.07969748089e-07, 1.46320402905e-07, 2.16885709392e-07, 2.21203379169e-07, 1.5221887395e-07, 1.79780400344e-07, 2.02895279244e-07, 2.14846366475e-07, 2.74655917565e-07, 8.54436024156e-08, 4.77982524671e-08, 4.69872638575e-08, 3.58534784084e-08, 1.94368148243e-08, 1.45704897037e-08, 1.10299804845e-08, 1.18380043546e-08, 9.97823779159e-09, 7.93564236545e-09, 7.24901561e-09, 9.56001411367e-09, 5.30066968096e-09, 5.4167843544e-09],
        "var": [4.00083743912e-09, 3.18648538666e-08, 3.41036909823e-09, 8.600142265e-10, 1.19223408923e-09, 5.58427193376e-10, 1.80268044936e-09, 2.5874957732e-09, 6.74608369167e-09, 9.70896163466e-09, 5.17117326737e-09, 1.32577315792e-09, 2.32958741186e-09, 1.71281072658e-10, 4.75541661604e-10, 9.28823629121e-10, 2.1478151202e-10, 3.92075850952e-11, 2.62829970461e-12, 2.34314282387e-12, 9.32233196888e-12, 5.09937925219e-12, 1.80523304638e-11, 9.32865677067e-12, 2.5886495638e-12, 4.1589327468e-12, 3.37356119602e-12, 1.28093163246e-12, 2.25444771358e-13, 1.83126842683e-13, 3.27079265365e-14, 6.71069179297e-15, 1.87580380136e-15, 1.31525169055e-15, 1.00681819534e-15, 9.47445950294e-16, 9.5074556714e-16, 2.20910025468e-15, 1.84708790214e-15, 1.17958824674e-15]
    },
    "mfcc": {
        "dmean": [43.2120742798, 11.4941120148, 19.963552475, 12.8184547424, 11.2923879623, 11.5582284927, 9.96153926849, 8.07498073578, 5.15778923035, 6.37456274033, 6.85709953308, 6.10622882843, 5.95550727844],
        "dmean2": [79.5894470215, 18.9738578796, 33.8787956238, 20.6210861206, 19.9123744965, 19.5706043243, 15.9065294266, 13.5007858276, 8.44418621063, 10.8151025772, 11.1228523254, 10.2665700912, 10.1299781799],
        "dvar": [820.632995605, 71.1602172852, 173.562774658, 109.952705383, 70.1591720581, 86.1458892822, 69.0396728516, 48.8597717285, 14.9753837585, 26.4542560577, 26.9623088837, 19.0889797211, 15.7877216339],
        "dvar2": [2724.8605957, 202.15461731, 601.328186035, 298.648498535, 215.620483398, 250.679656982, 190.309875488, 139.923873901, 40.9839897156, 69.4780273438, 74.8137741089, 57.883808136, 45.1579322815],
        "max": [-668.507019043, 153.996307373, 31.4689025879, 59.7148208618, 32.560256958, 21.2165718079, 42.6093406677, 37.4084243774, 13.3866615295, 23.6532344818, 20.947473526, 25.1892089844, 14.5772476196],
        "mean": [-736.252319336, 127.476097107, -6.6149892807, 25.0774612427, 5.694003582, -6.55229854584, 14.6781225204, 5.9193315506, 0.962375581264, 3.50107431412, 5.66112041473, 8.20316982269, 0.932800590992],
        "median": [-735.620666504, 128.893096924, -8.6224937439, 23.7966480255, 4.37223434448, -6.27963638306, 14.7931289673, 5.9345035553, 1.40751075745, 3.14500999451, 5.38745498657, 8.49048233032, 0.828113555908],
        "min": [-823.887084961, 96.6501464844, -40.7341575623, -10.9401073456, -22.3657913208, -31.9208278656, -8.15630340576, -15.8181819916, -14.963394165, -15.9622268677, -8.81673431396, -7.36944770813, -15.2740306854],
        "var": [986.898132324, 137.360321045, 280.827575684, 212.974243164, 112.199203491, 102.652511597, 95.3686523438, 69.4049453735, 29.9493770599, 53.9427909851, 44.1822090149, 36.9716300964, 30.2694320679],
        "cov": [[992.99005127, -13.3254394531, -377.142944336, -3.4858007431, -176.972457886, -106.633956909, -34.8258056641, -35.079914093, -29.7544975281, -24.2891273499, -33.5136756897, -7.96317911148, -43.1463165283], [-13.3254394531, 138.208221436, 11.6033668518, -108.442962646, -39.2358055115, 10.255191803, 21.4275360107, 11.8518428802, -17.9056816101, 0.579549312592, 42.291595459, 4.82647609711, -3.36421489716], [-377.142944336, 11.6033668518, 282.561065674, -32.2244224548, 108.557548523, 23.677778244, -7.35166883469, 0.918192446232, 13.7909994125, 21.9473552704, 2.6939125061, -13.0662298203, 16.8124580383], [-3.4858007431, -108.442962646, -32.2244224548, 214.288894653, 38.6705284119, -13.4537410736, -53.3897094727, -23.7308769226, 36.3975105286, 17.6219539642, -39.6399383545, -5.20115613937, 19.1631832123], [-176.972457886, -39.2358055115, 108.557548523, 38.6705284119, 112.891792297, 6.06774759293, -4.38070821762, -20.8823013306, 19.1956195831, 27.2916240692, -7.85376596451, -1.03834116459, 4.41082668304], [-106.633956909, 10.255191803, 23.677778244, -13.4537410736, 6.06774759293, 103.286170959, 54.7652282715, 24.118719101, -9.75894737244, -3.3527598381, 31.2647686005, -1.87846541405, -15.5286340714], [-34.8258056641, 21.4275360107, -7.35166883469, -53.3897094727, -4.38070821762, 54.7652282715, 95.9573440552, 42.4892654419, -7.72415733337, -13.6927642822, 25.5423908234, 15.0542898178, -13.5616817474], [-35.079914093, 11.8518428802, 0.918192446232, -23.7308769226, -20.8823013306, 24.118719101, 42.4892654419, 69.833366394, 3.163844347, -18.3217926025, 10.4977684021, 11.9062767029, 5.74205207825], [-29.7544975281, -17.9056816101, 13.7909994125, 36.3975105286, 19.1956195831, -9.75894737244, -7.72415733337, 3.163844347, 30.1342506409, 21.6463775635, -5.33431243896, 1.75495290756, 6.1644411087], [-24.2891273499, 0.579549312592, 21.9473552704, 17.6219539642, 27.2916240692, -3.3527598381, -13.6927642822, -18.3217926025, 21.6463775635, 54.2757720947, 12.0996208191, -3.04058074951, -2.40232658386], [-33.5136756897, 42.291595459, 2.6939125061, -39.6399383545, -7.85376596451, 31.2647686005, 25.5423908234, 10.4977684021, -5.33431243896, 12.0996208191, 44.4549407959, 11.7598400116, -8.74344921112], [-7.96317911148, 4.82647609711, -13.0662298203, -5.20115613937, -1.03834116459, -1.87846541405, 15.0542898178, 11.9062767029, 1.75495290756, -3.04058074951, 11.7598400116, 37.199848175, 10.2585086823], [-43.1463165283, -3.36421489716, 16.8124580383, 19.1631832123, 4.41082668304, -15.5286340714, -13.5616817474, 5.74205207825, 6.1644411087, -2.40232658386, -8.74344921112, 10.2585086823, 30.456281662]],
        "icov": [[0.00286217033863, 0.000409717642469, 0.00279835914262, 0.00044991550385, 0.00186870235484, 0.0021238939371, -3.42723797075e-05, 0.000219858775381, 0.00170955772046, -0.00176411389839, 0.0021314478945, -6.64596300339e-05, 0.00317682675086], [0.000409717642469, 0.0172513723373, -0.000855180842336, 0.00616624532267, 0.00500952033326, 0.00244110100903, -0.000326897163177, 0.00216357572936, -0.000542993657291, -3.71369133063e-05, -0.014180323109, 0.00438338937238, -0.0063964407891], [0.00279835914262, -0.000855180842336, 0.0118899829686, 0.00480813067406, -0.00848601385951, -0.00171933381353, 0.00452533457428, -0.00254053715616, -0.00154410442337, -0.000454891851405, 0.00227191322483, 0.00448684487492, -0.0034549459815], [0.00044991550385, 0.00616624532267, 0.00480813067406, 0.0135996090248, -0.00341444672085, -0.00602032570168, 0.00676588015631, 0.00167427526321, -0.0120645742863, 0.00148730666842, 0.00212066737004, 0.00116237509064, -0.00699407141656], [0.00186870235484, 0.00500952033326, -0.00848601385951, -0.00341444672085, 0.0257963575423, 0.00278725172393, -0.00755576835945, 0.00857023149729, -0.000564140209462, -0.00710183987394, 0.00337683758698, -0.0055708354339, 0.00513827614486], [0.0021238939371, 0.00244110100903, -0.00171933381353, -0.00602032570168, 0.00278725172393, 0.0243455972522, -0.0117341373116, -0.00189933250658, 0.0106207840145, -9.56019648584e-05, -0.0150451622903, 0.00794741418213, 0.00600468972698], [-3.42723797075e-05, -0.000326897163177, 0.00452533457428, 0.00676588015631, -0.00755576835945, -0.0117341373116, 0.0278980322182, -0.0112501010299, -0.00438662618399, 0.00354717182927, 0.0015753256157, -0.00787803437561, 0.00708858435974], [0.000219858775381, 0.00216357572936, -0.00254053715616, 0.00167427526321, 0.00857023149729, -0.00189933250658, -0.0112501010299, 0.0302888359874, -0.0193452276289, 0.0120712732896, -0.00546026648954, 0.00015734268527, -0.00878298748285], [0.00170955772046, -0.000542993657291, -0.00154410442337, -0.0120645742863, -0.000564140209462, 0.0106207840145, -0.00438662618399, -0.0193452276289, 0.0835757553577, -0.0377991646528, 0.0131790600717, -0.00553729757667, 0.0037472457625], [-0.00176411389839, -3.71369133063e-05, -0.000454891851405, 0.00148730666842, -0.00710183987394, -9.56019648584e-05, 0.00354717182927, 0.0120712732896, -0.0377991646528, 0.0471422672272, -0.0260175429285, 0.00855462439358, -0.00188599480316], [0.0021314478945, -0.014180323109, 0.00227191322483, 0.00212066737004, 0.00337683758698, -0.0150451622903, 0.0015753256157, -0.00546026648954, 0.0131790600717, -0.0260175429285, 0.0694555640221, -0.0253340676427, 0.0161885097623], [-6.64596300339e-05, 0.00438338937238, 0.00448684487492, 0.00116237509064, -0.0055708354339, 0.00794741418213, -0.00787803437561, 0.00015734268527, -0.00553729757667, 0.00855462439358, -0.0253340676427, 0.0466462559998, -0.0226860176772], [0.00317682675086, -0.0063964407891, -0.0034549459815, -0.00699407141656, 0.00513827614486, 0.00600468972698, 0.00708858435974, -0.00878298748285, 0.0037472457625, -0.00188599480316, 0.0161885097623, -0.0226860176772, 0.0614470243454]]
    }
}

}