{
"metadata": {
    "version": {
        "essentia": "2.0.1",
        "extractor": "archive-music 1.0 mod ismir14"
    },
    "audio_properties": {
        "analysis_sample_rate": 44100,
        "bitrate": 32,
        "channels": 2,
        "equal_loudness": 0,
        "length": 30.0408172607,
        "replay_gain": -9.60221099854,
        "downmix": "mix"
    },
    "tags": {
        "track": 0,
        "year": 0,
        "album": "",
        "artist": "",
        "comment": "",
        "genre": "",
        "title": ""
    }
},
"rhythm": {
    "bpm": 172.265594482,
    "bpm_histogram_first_peak": 172,
    "bpm_histogram_first_peak_spread": 0,
    "bpm_histogram_first_peak_weight": 0.529411792755,
    "bpm_histogram_second_peak": 178,
    "bpm_histogram_second_peak_spread": 0,
    "bpm_histogram_second_peak_weight": 0.258823543787
},
"tonal": {
    "tuning_frequency": {
        "dmean": 0.0894791930914,
        "dmean2": 0.17292252183,
        "dvar": 1.56284880638,
        "dvar2": 3.28922963142,
        "max": 455.779724121,
        "mean": 434.450622559,
        "median": 432.940917969,
        "min": 431.692352295,
        "var": 23.8681793213
    },
    "hpcp": {
        "dmean": [0.12432025373, 0.12238791585, 0.163996741176, 0.134608596563, 0.082758769393, 0.0734991580248, 0.0948522090912, 0.0927475988865, 0.108393743634, 0.0962285250425, 0.112562410533, 0.084131680429],
        "dmean2": [0.232159584761, 0.228071480989, 0.304127037525, 0.248426705599, 0.156616613269, 0.137779131532, 0.178585737944, 0.17536495626, 0.206263691187, 0.175883933902, 0.202757298946, 0.15679988265],
        "dvar": [0.0737943127751, 0.0710345432162, 0.0863764956594, 0.0747405141592, 0.0496593825519, 0.0416904762387, 0.0621999613941, 0.0590263567865, 0.0702761188149, 0.0521626882255, 0.0566664859653, 0.0438847951591],
        "dvar2": [0.202831149101, 0.190443411469, 0.235747456551, 0.2007830441, 0.141083136201, 0.114190869033, 0.169680580497, 0.156999871135, 0.202847495675, 0.146204203367, 0.14869761467, 0.122494570911],
        "max": [1, 1, 1, 1, 1, 1, 1, 1, 1, 1, 1, 1],
        "mean": [0.119226567447, 0.137662321329, 0.149326890707, 0.297204911709, 0.0602836757898, 0.0853675529361, 0.127502590418, 0.119769625366, 0.0825653150678, 0.0914572775364, 0.242288663983, 0.0695732235909],
        "median": [0.00787744298577, 0.00752105703577, 0.0188588891178, 0.0193128231913, 0.000839084445033, 0.00576644716784, 0.000438639777713, 0.00243033561856, 0.00149750686251, 0.00213184161112, 0.0273763276637, 0.00259995437227],
        "min": [0, 0, 0, 0, 0, 0, 0, 0, 0, 0, 0, 0],
        "var": [0.0726355314255, 0.0855542123318, 0.0807769447565, 0.175487011671, 0.0384543314576, 0.0535825714469, 0.0952497571707, 0.0859955325723, 0.058215867728, 0.0546884648502, 0.140304177999, 0.0378149822354]
    }
},
"lowlevel": {
    "melbands": {
        "dmean": [9.05008892005e-06, 0.000147852682858, 0.000383063743357, 0.0013449084945, 0.00153222039808, 0.000823900976684, 0.000274052843451, 0.000215247244341, 0.000116573130072, 7.83784853411e-05, 5.05917450937e-05, 3.90536479244e-05, 5.29731514689e-05, 2.7255178793e-05, 2.53831749433e-05, 2.01200564334e-05, 3.63555882359e-05, 2.1551601094e-05, 2.42122132477e-05, 7.19896297596e-06, 1.03542206489e-05, 9.25837775867e-06, 5.73332044951e-06, 6.90431761541e-06, 1.4366331925e-05, 1.39238854899e-05, 5.19823197465e-06, 2.95835639008e-06, 8.45773797664e-07, 5.53206120912e-07, 2.32572261893e-07, 4.01877926492e-08, 7.15270553897e-09, 1.89544735463e-09, 7.64709406909e-10, 4.20693008207e-10, 2.47789677665e-10, 1.30852675917e-10, 9.91414658702e-11, 5.62467225573e-11],
        "dmean2": [1.4332335013e-05, 0.000237177984673, 0.000665381259751, 0.00209116237238, 0.00237760646269, 0.00127695593983, 0.000396355957491, 0.000322463660268, 0.000156666137627, 9.61352488957e-05, 5.98229562456e-05, 4.94843952765e-05, 6.01389547228e-05, 3.27607194777e-05, 3.25151158904e-05, 2.84216584987e-05, 4.84460069856e-05, 3.08450289594e-05, 3.52238821506e-05, 1.05411045297e-05, 1.59580340551e-05, 1.35414629767e-05, 7.92283117335e-06, 9.95612663246e-06, 1.97855315491e-05, 1.82915246114e-05, 7.52119058234e-06, 4.50439983979e-06, 1.23508300476e-06, 8.18616229026e-07, 3.51975955937e-07, 5.93850835173e-08, 1.1707741443e-08, 2.77466960519e-09, 1.18302589946e-09, 6.96016910773e-10, 4.27076984888e-10, 2.38570219135e-10, 1.84237694545e-10, 1.0373573528e-10],
        "dvar": [2.5107121937e-10, 5.45648006778e-08, 7.19142121852e-07, 7.90032299847e-06, 9.15286273084e-06, 2.35018364947e-06, 3.12201990482e-07, 2.92732266871e-07, 1.96004620534e-07, 1.43425111787e-07, 4.4079609296e-08, 3.16031396608e-08, 5.30285788614e-08, 1.22173196004e-08, 2.19792752887e-08, 3.21499271649e-09, 1.33903439448e-08, 2.97593660825e-09, 3.49234818842e-09, 3.14725190353e-10, 9.38462307865e-10, 7.17685577634e-10, 3.50910106528e-10, 3.39950706474e-10, 2.26221752442e-09, 2.23478013872e-09, 3.10581144136e-10, 1.33072941555e-10, 1.04238501511e-11, 1.32689310928e-11, 2.53054413361e-12, 5.35929502545e-14, 3.62673588806e-15, 1.28727342468e-16, 1.28086030993e-17, 1.12163366685e-17, 1.10217548371e-17, 4.38726133063e-18, 3.88521357042e-18, 8.39268771531e-19],
        "dvar2": [6.40977659838e-10, 1.36431225428e-07, 2.28377439271e-06, 2.0581892386e-05, 2.39959408646e-05, 6.01794818067e-06, 5.47742843082e-07, 5.5576322211e-07, 3.34305667593e-07, 2.64680465989e-07, 6.80661997876e-08, 5.35664170798e-08, 6.66746799993e-08, 1.95152800586e-08, 4.26274056053e-08, 6.07099437389e-09, 2.33588313137e-08, 6.17382811541e-09, 7.17519332838e-09, 7.10720093888e-10, 2.34574915048e-09, 1.67279823327e-09, 6.01764749142e-10, 6.84592382783e-10, 4.16534495784e-09, 4.63905003301e-09, 7.33613447768e-10, 3.30580562924e-10, 2.21489025037e-11, 2.86963595247e-11, 6.42963633724e-12, 1.23848644556e-13, 9.79283420034e-15, 2.74760918007e-16, 3.36280914349e-17, 3.26018746233e-17, 3.27974995295e-17, 1.31371029904e-17, 1.16176483057e-17, 2.50719601718e-18],
        "max": [0.000295708421618, 0.00795524846762, 0.016407135874, 0.105374589562, 0.0801661387086, 0.0182395931333, 0.00993595272303, 0.0122669273987, 0.0133741684258, 0.0105186402798, 0.00822998583317, 0.00500142108649, 0.00719845388085, 0.00383339030668, 0.0054280650802, 0.00186428613961, 0.00522624980658, 0.00104410760105, 0.00200079916976, 0.000507052463945, 0.000549020420294, 0.000558346684556, 0.00043741040281, 0.00047276893747, 0.00184894457925, 0.00143075012602, 0.000487720652018, 0.000223675189773, 0.00010769956134, 0.000151966829435, 6.31672228337e-05, 9.23237075767e-06, 2.72413035418e-06, 3.57278707952e-07, 1.01809852993e-07, 1.16374337722e-07, 1.19216466032e-07, 7.55805231734e-08, 7.12861094598e-08, 3.31673177811e-08],
        "mean": [1.21686771308e-05, 0.000255550286965, 0.000599375460297, 0.00321713951416, 0.00359157030471, 0.00175988103729, 0.000699720112607, 0.000556178099941, 0.000295392383123, 0.000177246620297, 0.000161313102581, 9.34587005759e-05, 0.000150982523337, 6.44586325507e-05, 4.91886239615e-05, 4.22341690864e-05, 8.07457981864e-05, 4.19163552579e-05, 5.42888265045e-05, 1.59241790243e-05, 1.83413412742e-05, 1.61678653967e-05, 1.05077688204e-05, 1.4030814782e-05, 3.02321313939e-05, 3.25256951328e-05, 9.36773267313e-06, 4.59768034489e-06, 1.58909620041e-06, 9.52006985244e-07, 3.7825523691e-07, 6.86964938268e-08, 1.04448565352e-08, 3.35464545032e-09, 1.36420230668e-09, 6.80047018697e-10, 3.62717272884e-10, 1.69384992144e-10, 1.03251525385e-10, 5.54739240655e-11],
        "median": [5.78325852985e-06, 0.000118789292173, 0.000234111153986, 0.00106218911242, 0.00150743266568, 0.000840488821268, 0.000289864459774, 0.000144998222822, 6.08367081441e-05, 1.358073132e-05, 1.05857789094e-05, 6.10080951446e-06, 8.60363434185e-06, 7.77514924266e-06, 6.25866550763e-06, 7.29223575036e-06, 1.46402253449e-05, 1.0798632502e-05, 1.34610454552e-05, 4.01078159484e-06, 4.33017794421e-06, 3.63132471648e-06, 1.65192011536e-06, 2.51304186349e-06, 4.78240963275e-06, 4.15091517425e-06, 1.40319571074e-06, 4.32890516322e-07, 1.18550595118e-07, 4.65908982505e-08, 1.44872922547e-08, 3.96767330102e-09, 1.400653038e-09, 8.71142324943e-10, 5.61816870803e-10, 2.85793444466e-10, 1.66536590074e-10, 9.27308160814e-11, 5.28890369e-11, 2.99468679021e-11],
        "min": [1.08552097866e-10, 5.0026201931e-11, 1.03538705387e-11, 7.56412293912e-12, 2.6531780245e-12, 5.51695017795e-12, 6.98483024891e-12, 2.46759318707e-12, 2.40658144454e-12, 1.24796776645e-12, 4.14861070844e-12, 1.83719584684e-11, 3.89336063389e-11, 4.22168203174e-11, 1.76689531062e-11, 7.69682841767e-12, 8.30112714678e-12, 1.3591265266e-11, 1.06000078506e-11, 2.39087764344e-12, 5.69159140391e-13, 3.0817503497e-12, 3.82609352187e-12, 3.40119946096e-12, 2.81110356347e-12, 1.87823563126e-12, 8.50133223367e-13, 3.75362718338e-12, 4.23268755115e-12, 1.10494799074e-11, 4.97855229264e-12, 8.54378113396e-12, 1.99716697173e-12, 1.37802627382e-12, 1.51868253216e-12, 2.43071757383e-14, 1.70089840107e-14, 2.15204542825e-14, 1.97161504381e-14, 1.96992250257e-14],
        "var": [5.14472353608e-10, 3.54031755023e-07, 1.35856942052e-06, 4.59255934402e-05, 2.87227449007e-05, 5.3158778428e-06, 1.18268644655e-06, 1.32064189984e-06, 8.87788075943e-07, 3.69350544815e-07, 3.09732797632e-07, 1.51113027869e-07, 3.60138329825e-07, 5.62847972674e-08, 5.22436955919e-08, 1.29762458556e-08, 9.96477709236e-08, 8.44440606329e-09, 1.4750133559e-08, 9.80017511587e-10, 1.59780122466e-09, 1.46172851601e-09, 9.33362054312e-10, 1.24227039766e-09, 8.37141289622e-09, 1.05186703792e-08, 6.18613937853e-10, 2.27875565639e-10, 3.66499018634e-11, 3.44725845092e-11, 6.4864433269e-12, 1.40550114949e-13, 8.5692968021e-15, 3.33547836813e-16, 1.78584770461e-17, 8.25494322156e-18, 6.05541579245e-18, 2.22434801736e-18, 1.96632887761e-18, 4.26174618526e-19]
    },
    "mfcc": {
        "dmean": [17.0088863373, 8.1551361084, 11.581114769, 8.27595329285, 7.81228351593, 6.94172859192, 6.59639453888, 6.75147676468, 6.23079919815, 6.15716123581, 6.04864358902, 5.81905794144, 5.54827928543],
        "dmean2": [20.0852813721, 12.0371284485, 15.544752121, 11.5125322342, 11.3532810211, 10.5136451721, 10.2894735336, 10.1576147079, 9.68418502808, 9.56522846222, 9.26686954498, 9.06973266602, 8.74223709106],
        "dvar": [608.217590332, 64.6922302246, 199.028686523, 53.0779571533, 42.9608459473, 36.3402862549, 29.7237300873, 33.5845375061, 26.0519886017, 24.9813938141, 24.6266021729, 22.4241790771, 20.8065567017],
        "dvar2": [790.41003418, 108.023902893, 289.777862549, 95.4912414551, 87.9431686401, 76.7664489746, 71.6858825684, 69.5646514893, 59.2545967102, 60.8082885742, 56.8266105652, 53.2772407532, 49.9716300964],
        "max": [-605.547302246, 287.691955566, 111.270263672, 150.075561523, 66.1479644775, 45.2955169678, 45.6007766724, 25.295129776, 21.7966880798, 35.7282714844, 19.9610557556, 21.0664615631, 26.7855300903],
        "mean": [-751.91809082, 219.401260376, -49.7714271545, 41.2838554382, 5.76200675964, -25.6858139038, -5.63855838776, -33.0965499878, -24.3412055969, -7.14043855667, -11.3279895782, -14.2048168182, -7.47615909576],
        "median": [-740.454589844, 221.100860596, -58.6884727478, 41.0195808411, 8.78788757324, -25.6983909607, -5.34734725952, -35.1277389526, -24.5123062134, -6.27202606201, -9.98824119568, -13.9163970947, -7.23473739624],
        "min": [-1138.42004395, 1.14440917969e-05, -137.949279785, -28.3698196411, -75.3260955811, -87.6975860596, -43.8537597656, -77.3141479492, -64.828086853, -70.5720596313, -66.5321731567, -54.5317192078, -42.707118988],
        "var": [5081.10986328, 718.739074707, 2085.65039062, 705.767700195, 532.918029785, 351.349945068, 147.724731445, 270.604858398, 140.975952148, 201.029510498, 153.048965454, 113.23361969, 116.972686768],
        "cov": [[5083.07324219, -14.5650510788, -2951.33349609, 923.704223633, -879.97644043, -632.261230469, 222.417282104, -290.032958984, 1.33090150356, -173.596130371, -66.748550415, -1.64360368252, -139.762817383], [-14.5650510788, 719.016784668, 329.135162354, -411.17199707, 73.3933410645, -109.321716309, -45.928237915, 139.710174561, -42.9721565247, -34.8442497253, -27.6722793579, -25.6579341888, -26.6328754425], [-2951.33349609, 329.135162354, 2086.45629883, -594.494018555, 454.057952881, 374.237701416, -169.828521729, 204.835739136, 0.268370300531, 53.1276931763, 26.8763427734, -8.90279197693, 46.1770019531], [923.704223633, -411.17199707, -594.494018555, 706.040405273, -55.405506134, -58.1309661865, 53.2755508423, -241.263595581, -5.38333559036, 11.8137683868, -34.2277183533, 1.36397743225, -10.9775733948], [-879.97644043, 73.3933410645, 454.057952881, -55.405506134, 533.123962402, 197.968948364, -81.9196166992, -32.4616699219, -64.7470092773, 124.84853363, 22.7577857971, -24.0455112457, 64.759475708], [-632.261230469, -109.321716309, 374.237701416, -58.1309661865, 197.968948364, 351.485717773, -1.60936141014, -50.9179344177, 19.6107139587, 70.5708465576, 69.2182159424, 23.1174297333, 40.5542030334], [222.417282104, -45.928237915, -169.828521729, 53.2755508423, -81.9196166992, -1.60936141014, 147.781799316, 25.0364437103, -11.1472654343, 1.07747340202, -0.528786301613, 18.0888824463, 3.97398686409], [-290.032958984, 139.710174561, 204.835739136, -241.263595581, -32.4616699219, -50.9179344177, 25.0364437103, 270.709442139, 56.3884162903, -80.655670166, 0.754407525063, 1.4671163559, -11.1551923752], [1.33090150356, -42.9721565247, 0.268370300531, -5.38333559036, -64.7470092773, 19.6107139587, -11.1472654343, 56.3884162903, 141.030426025, -11.2103538513, -19.7799739838, 17.9503936768, -9.83095741272], [-173.596130371, -34.8442497253, 53.1276931763, 11.8137683868, 124.84853363, 70.5708465576, 1.07747340202, -80.655670166, -11.2103538513, 201.107192993, 71.1046829224, -29.0875244141, 45.0243988037], [-66.748550415, -27.6722793579, 26.8763427734, -34.2277183533, 22.7577857971, 69.2182159424, -0.528786301613, 0.754407525063, -19.7799739838, 71.1046829224, 153.108108521, 34.4651145935, 0.458374410868], [-1.64360368252, -25.6579341888, -8.90279197693, 1.36397743225, -24.0455112457, 23.1174297333, 18.0888824463, 1.4671163559, 17.9503936768, -29.0875244141, 34.4651145935, 113.277374268, 30.710149765], [-139.762817383, -26.6328754425, 46.1770019531, -10.9775733948, 64.759475708, 40.5542030334, 3.97398686409, -11.1551923752, -9.83095741272, 45.0243988037, 0.458374410868, 30.710149765, 117.017883301]],
        "icov": [[0.0472868047655, -0.0653041377664, 0.0648630186915, -0.0611320734024, 0.0583099015057, -0.053429633379, 0.0480373576283, -0.0414812713861, 0.0344021171331, -0.026606798172, 0.0191394146532, -0.012181670405, 0.00719525385648], [-0.0653041377664, 0.0929932370782, -0.0898313000798, 0.0864459127188, -0.0817186683416, 0.0759631916881, -0.0674797445536, 0.0586620122194, -0.0480805449188, 0.0378317199647, -0.0269303582609, 0.0172899197787, -0.0095197847113], [0.0648630186915, -0.0898313000798, 0.0901193320751, -0.0838751643896, 0.0802591815591, -0.0751691833138, 0.0678873956203, -0.0589352436364, 0.0488074198365, -0.0380821153522, 0.0280499570072, -0.017950868234, 0.0106591973454], [-0.0611320734024, 0.0864459127188, -0.0838751643896, 0.0838146209717, -0.0778502225876, 0.0726419091225, -0.0661932602525, 0.0596321448684, -0.0484728850424, 0.0384977161884, -0.02757326141, 0.0182342156768, -0.0100997108966], [0.0583099015057, -0.0817186683416, 0.0802591815591, -0.0778502225876, 0.0778004750609, -0.0711238011718, 0.0652708858252, -0.0571222379804, 0.0490469783545, -0.0395799465477, 0.0291334819049, -0.0186156220734, 0.0101219629869], [-0.053429633379, 0.0759631916881, -0.0751691833138, 0.0726419091225, -0.0711238011718, 0.0715593993664, -0.0629425346851, 0.056966457516, -0.0483470521867, 0.0385207720101, -0.03087333031, 0.0193979851902, -0.011772248894], [0.0480373576283, -0.0674797445536, 0.0678873956203, -0.0661932602525, 0.0652708858252, -0.0629425346851, 0.0664643868804, -0.0551199354231, 0.0470325313509, -0.0389583222568, 0.0302546434104, -0.0214761737734, 0.0116560934111], [-0.0414812713861, 0.0586620122194, -0.0589352436364, 0.0596321448684, -0.0571222379804, 0.056966457516, -0.0551199354231, 0.0559768266976, -0.0449111051857, 0.038529060781, -0.0299459751695, 0.0211135800928, -0.012285460718], [0.0344021171331, -0.0480805449188, 0.0488074198365, -0.0484728850424, 0.0490469783545, -0.0483470521867, 0.0470325313509, -0.0449111051857, 0.0456956885755, -0.0331939086318, 0.0276408791542, -0.0200028661638, 0.0118240816519], [-0.026606798172, 0.0378317199647, -0.0380821153522, 0.0384977161884, -0.0395799465477, 0.0385207720101, -0.0389583222568, 0.038529060781, -0.0331939086318, 0.0369357913733, -0.0274324081838, 0.0208973884583, -0.0133556956425], [0.0191394146532, -0.0269303582609, 0.0280499570072, -0.02757326141, 0.0291334819049, -0.03087333031, 0.0302546434104, -0.0299459751695, 0.0276408791542, -0.0274324081838, 0.0292798802257, -0.0186766330153, 0.0114332092926], [-0.012181670405, 0.0172899197787, -0.017950868234, 0.0182342156768, -0.0186156220734, 0.0193979851902, -0.0214761737734, 0.0211135800928, -0.0200028661638, 0.0208973884583, -0.0186766330153, 0.0234657898545, -0.0113047352061], [0.00719525385648, -0.0095197847113, 0.0106591973454, -0.0100997108966, 0.0101219629869, -0.011772248894, 0.0116560934111, -0.012285460718, 0.0118240816519, -0.0133556956425, 0.0114332092926, -0.0113047352061, 0.0157844815403]]
    }
}

}