{
"metadata": {
    "version": {
        "essentia": "2.0.1",
        "extractor": "archive-music 1.0 mod ismir14"
    },
    "audio_properties": {
        "analysis_sample_rate": 44100,
        "bitrate": 32,
        "channels": 2,
        "equal_loudness": 0,
        "length": 30.0408172607,
        "replay_gain": -14.4096908569,
        "downmix": "mix"
    },
    "tags": {
        "track": 0,
        "year": 0,
        "album": "",
        "artist": "",
        "comment": "",
        "genre": "",
        "title": ""
    }
},
"rhythm": {
    "bpm": 109.315917969,
    "bpm_histogram_first_peak": 110,
    "bpm_histogram_first_peak_spread": 0.433962225914,
    "bpm_histogram_first_peak_weight": 0.566037714481,
    "bpm_histogram_second_peak": 0,
    "bpm_histogram_second_peak_spread": 0,
    "bpm_histogram_second_peak_weight": 0
},
"tonal": {
    "tuning_frequency": {
        "dmean": 0.0395122915506,
        "dmean2": 0.0746363922954,
        "dvar": 0.445593297482,
        "dvar2": 0.838565766811,
        "max": 455.516601562,
        "mean": 434.725280762,
        "median": 434.193115234,
        "min": 431.941772461,
        "var": 6.1703338623
    },
    "hpcp": {
        "dmean": [0.15280239284, 0.197778686881, 0.246079146862, 0.284163981676, 0.215314015746, 0.155752673745, 0.121998652816, 0.137112557888, 0.203771933913, 0.113624349236, 0.12354272604, 0.129114687443],
        "dmean2": [0.290210992098, 0.382048428059, 0.473679751158, 0.542438209057, 0.414360702038, 0.288394898176, 0.228837862611, 0.256728857756, 0.376584678888, 0.216280028224, 0.231916189194, 0.246696993709],
        "dvar": [0.084830224514, 0.123599223793, 0.143174156547, 0.148562297225, 0.129013463855, 0.0839309841394, 0.0710495710373, 0.0783459842205, 0.0976890772581, 0.0705623775721, 0.0708556100726, 0.0785287767649],
        "dvar2": [0.230184689164, 0.340268105268, 0.371256172657, 0.385193794966, 0.33661416173, 0.225697860122, 0.198628902435, 0.21694907546, 0.254523962736, 0.207558006048, 0.202437758446, 0.221388176084],
        "max": [1, 1, 1, 1, 1, 1, 1, 1, 1, 1, 1, 1],
        "mean": [0.11411626637, 0.132298737764, 0.180607005954, 0.248844429851, 0.142515391111, 0.12658970058, 0.0904190838337, 0.121702730656, 0.226734340191, 0.0740629434586, 0.09792188555, 0.0832879170775],
        "median": [0.00851703993976, 0.0035423792433, 0.00579481292516, 0.0224894545972, 0.00345575041138, 0.00993983075023, 0.0024335263297, 0.00483520608395, 0.0252256430686, 0.00198807287961, 0.00439966050908, 0.00306618725881],
        "min": [0, 0, 0, 0, 0, 0, 0, 0, 0, 0, 0, 0],
        "var": [0.0666014105082, 0.0906426534057, 0.120038881898, 0.14698164165, 0.0970173850656, 0.0727992430329, 0.0570253171027, 0.0763527899981, 0.127087786794, 0.0471582263708, 0.059426382184, 0.0518444925547]
    }
},
"lowlevel": {
    "melbands": {
        "dmean": [0.00176830089185, 0.00528287189081, 0.00511478818953, 0.0021469402127, 0.000908897432964, 0.000594082463067, 0.000349519366864, 0.000332916446496, 0.000411269749748, 0.000323483196553, 7.35323992558e-05, 8.6953441496e-05, 5.4835989431e-05, 5.02538969158e-05, 5.75246485823e-05, 5.73955185246e-05, 6.25552565907e-05, 5.03293158545e-05, 2.64479458565e-05, 5.26237345184e-05, 2.50265493378e-05, 1.79841190402e-05, 1.99008536583e-05, 1.20265458463e-05, 7.25147265257e-06, 4.74880971524e-06, 2.74813987744e-06, 1.88587443972e-06, 2.06359459298e-06, 1.45210935898e-06, 1.24932921608e-06, 1.12753161829e-06, 1.08162168999e-06, 7.81324388299e-07, 6.55448047837e-07, 5.43465205283e-07, 4.86726719373e-07, 2.90978420026e-07, 2.23268642685e-07, 1.52898479655e-07],
        "dmean2": [0.00286783953197, 0.00896519143134, 0.00858687143773, 0.00353769958019, 0.00151240825653, 0.00102301605511, 0.000592352182139, 0.000509102945216, 0.000604796805419, 0.000469937716844, 0.000109621279989, 0.000129669322632, 8.10396159068e-05, 7.43398632039e-05, 8.35837345221e-05, 8.4975406935e-05, 0.000100086923339, 7.82645074651e-05, 3.98925803893e-05, 8.07479809737e-05, 3.91641915485e-05, 2.79242667602e-05, 3.14566859743e-05, 1.94697386178e-05, 1.1551791431e-05, 7.5541292972e-06, 4.44733768745e-06, 3.0625162708e-06, 3.35441791322e-06, 2.32264642364e-06, 2.03946137844e-06, 1.81658265319e-06, 1.71581029917e-06, 1.1695193507e-06, 1.01936393548e-06, 8.13092015051e-07, 7.66475579894e-07, 4.41834743015e-07, 3.45102392885e-07, 2.41444325866e-07],
        "dvar": [1.93609557755e-05, 4.08944906667e-05, 2.79840878648e-05, 8.08307413536e-06, 1.64190475971e-06, 9.40537915994e-07, 2.94773712994e-07, 4.25736772058e-07, 6.9391415991e-07, 6.43257351385e-07, 2.56951899757e-08, 6.43339461703e-08, 2.01521199727e-08, 2.36848283208e-08, 2.86414998385e-08, 2.70744067166e-08, 3.67422892111e-08, 1.6378093548e-08, 4.17960688281e-09, 4.97720087367e-08, 3.23365068056e-09, 1.52397450215e-09, 2.53377052672e-09, 8.24780854725e-10, 2.07873704361e-10, 1.4129064585e-10, 4.19165951948e-11, 2.10382267163e-11, 2.25000972714e-11, 1.46259063888e-11, 1.25056093953e-11, 8.42398893697e-12, 9.1183102735e-12, 5.48427449287e-12, 4.75150474522e-12, 5.99973586438e-12, 1.06560238064e-11, 2.38429393416e-12, 1.10606239879e-12, 9.89145180694e-13],
        "dvar2": [4.10885040765e-05, 0.000121924560517, 8.13148726593e-05, 2.11805254366e-05, 4.38258894064e-06, 2.82571090793e-06, 7.94612276422e-07, 9.2362029136e-07, 1.32482432491e-06, 1.23903760141e-06, 4.8624325899e-08, 1.21269934539e-07, 3.71744732774e-08, 5.0507733107e-08, 5.15561886516e-08, 6.48624833843e-08, 9.86160202388e-08, 3.72893715905e-08, 8.41259861772e-09, 1.21482699456e-07, 7.63493801514e-09, 3.65197849739e-09, 6.80956802057e-09, 2.30564678461e-09, 5.34198407731e-10, 3.6502750822e-10, 1.00581619422e-10, 5.1963145592e-11, 5.59724974702e-11, 3.54072396402e-11, 3.1347098528e-11, 1.9252772987e-11, 2.27582449414e-11, 1.25704845838e-11, 9.37578140126e-12, 1.12163065294e-11, 2.74384803073e-11, 5.85345921039e-12, 2.36377323964e-12, 2.66006422618e-12],
        "max": [0.071977391839, 0.0587069168687, 0.0514796674252, 0.0371270738542, 0.0136619359255, 0.0134848859161, 0.00868851691484, 0.0126320645213, 0.0191855207086, 0.0182554591447, 0.00681259203702, 0.00981066375971, 0.00481232907623, 0.00417326949537, 0.00439786957577, 0.00331261754036, 0.00329187675379, 0.00268081040122, 0.00123623362742, 0.00595876481384, 0.00127229094505, 0.000979397329502, 0.00109044834971, 0.000484591437271, 0.00021571709658, 0.000230598612688, 0.000122859710245, 9.43610793911e-05, 9.61144105531e-05, 9.28413210204e-05, 0.000102386293293, 7.39912356948e-05, 6.01914034633e-05, 7.15386195225e-05, 9.03551190277e-05, 0.000118554453366, 0.000132268221932, 6.00144521741e-05, 4.39076284238e-05, 4.49483959528e-05],
        "mean": [0.00232526194304, 0.00909849815071, 0.00804467312992, 0.00312629202381, 0.00133791286498, 0.0010157773504, 0.00061440753052, 0.000699173833709, 0.000914156320505, 0.000717523042113, 0.000170992643689, 0.000155865840497, 0.000108110391011, 0.000103314800072, 0.00010288721387, 0.000106589417555, 0.000100763791124, 9.49168388615e-05, 5.41967892786e-05, 0.000103493839561, 4.69553197036e-05, 3.22264459101e-05, 4.24350255344e-05, 2.52936279139e-05, 1.27283919937e-05, 8.10017627373e-06, 4.70398708785e-06, 3.31363139594e-06, 3.55352085535e-06, 2.56170051216e-06, 2.1600387754e-06, 2.13774160329e-06, 1.99186615646e-06, 1.48168612668e-06, 1.27554653773e-06, 9.75666011982e-07, 7.72618875544e-07, 4.4916791353e-07, 3.04265626028e-07, 2.21392397748e-07],
        "median": [0.00108376436401, 0.00747520243749, 0.00636773370206, 0.0021422309801, 0.000772616884205, 0.000360338017344, 0.000281965069007, 0.000223912269576, 0.0002241525508, 0.000138223796966, 4.96728316648e-05, 3.82047110179e-05, 2.8497488529e-05, 2.1027164621e-05, 2.23082934099e-05, 2.0531764676e-05, 1.93318446691e-05, 1.93918876903e-05, 1.29766849568e-05, 1.25539954752e-05, 1.18888838188e-05, 1.12304251161e-05, 8.16745796328e-06, 5.44470049135e-06, 3.98409929403e-06, 2.61807736024e-06, 1.48946071477e-06, 9.26854056615e-07, 9.35900914101e-07, 5.17194450822e-07, 3.87540893598e-07, 3.71074747818e-07, 3.35241480798e-07, 2.73308415899e-07, 1.94858628788e-07, 1.48232260244e-07, 8.94338185731e-08, 3.25750555419e-08, 1.61499045248e-08, 8.02565391922e-09],
        "min": [4.76346795342e-10, 3.5010133681e-10, 2.58004506648e-10, 1.65434610455e-10, 1.7004371522e-10, 4.39260849916e-10, 8.34862956545e-10, 5.44969902538e-10, 3.54642315514e-10, 1.55234464172e-10, 1.12527084872e-10, 4.40966485549e-10, 8.30731483603e-10, 4.57408916299e-10, 1.1048274795e-10, 8.01640004378e-11, 6.39955276271e-12, 2.57026518125e-12, 6.18614603987e-11, 2.91277446607e-10, 4.12015394025e-10, 2.02654171222e-10, 4.47118349289e-11, 3.15741009727e-11, 1.35035246873e-10, 5.10046518909e-11, 3.9114503303e-11, 1.11927628624e-11, 4.56407264413e-12, 1.47504079263e-12, 6.40268383017e-13, 1.16486383256e-13, 1.54019239853e-13, 1.19318346436e-13, 6.62260841327e-14, 9.08882683199e-14, 5.97848458022e-14, 8.57822317411e-14, 5.15793089934e-14, 6.15414498333e-14],
        "var": [2.92422173516e-05, 6.02479667577e-05, 4.31217158621e-05, 1.13273999887e-05, 2.50317384598e-06, 2.33625610235e-06, 7.47005742596e-07, 1.72224963535e-06, 3.11302437694e-06, 3.24496454596e-06, 1.78511953663e-07, 2.35813217841e-07, 8.97774299347e-08, 6.79165097495e-08, 8.82005579683e-08, 7.04392419948e-08, 6.50552536285e-08, 6.10499810705e-08, 1.47061038902e-08, 1.74831555455e-07, 1.06368984731e-08, 3.18469073335e-09, 1.02113331124e-08, 3.14450532279e-09, 4.68177885349e-10, 2.36314967594e-10, 7.9788446683e-11, 4.47979361939e-11, 5.14081416325e-11, 3.08235000024e-11, 2.52901571213e-11, 2.48498253225e-11, 2.32399117311e-11, 1.55720800837e-11, 1.89591346095e-11, 1.86120893003e-11, 2.23409624134e-11, 6.77824072912e-12, 2.48973606488e-12, 1.68362708757e-12]
    },
    "mfcc": {
        "dmean": [14.3751392365, 11.3960475922, 9.985414505, 9.12620258331, 8.60786533356, 8.34089851379, 7.89992713928, 7.89552307129, 7.46315765381, 7.48359680176, 7.24042701721, 6.97906589508, 6.88989973068],
        "dmean2": [18.5076580048, 15.8888149261, 14.8587865829, 14.0243091583, 13.4241867065, 13.025894165, 12.6734771729, 12.496632576, 11.922700882, 11.7956724167, 11.6645622253, 11.1755638123, 10.9992427826],
        "dvar": [433.626983643, 136.55015564, 73.7058410645, 57.9719543457, 48.0541687012, 44.0209083557, 38.6280593872, 39.0409927368, 33.0108947754, 33.1187744141, 34.7433586121, 30.3799686432, 28.3184928894],
        "dvar2": [560.096191406, 224.671508789, 147.529754639, 129.698547363, 108.02041626, 102.836685181, 98.7026977539, 99.1252822876, 81.5826721191, 81.9578933716, 89.1808700562, 74.9231491089, 74.6560516357],
        "max": [-496.08303833, 285.68347168, 141.33013916, 107.437034607, 72.7203826904, 61.9044418335, 64.9268035889, 63.1749649048, 38.404964447, 60.0086479187, 50.3201293945, 41.7972984314, 32.4557647705],
        "mean": [-651.667175293, 182.126708984, -2.23258686066, 40.0463409424, 9.94902324677, 9.60918903351, -9.23261260986, 7.60375833511, -3.87076759338, 3.65407395363, -0.945552945137, -0.849107503891, -6.92238807678],
        "median": [-639.770751953, 183.358428955, -1.80264282227, 39.2069702148, 9.56300544739, 11.0749454498, -7.59349441528, 7.59574508667, -3.61638069153, 2.48769378662, -1.76100349426, -0.933200836182, -6.94937133789],
        "min": [-1137.65905762, -0.728242874146, -126.174468994, -66.1302642822, -60.9850921631, -56.2438812256, -66.9263687134, -47.8464813232, -47.5658950806, -37.6176300049, -35.6628341675, -39.9258995056, -43.0569076538],
        "var": [5859.19824219, 1779.16650391, 1407.52001953, 610.892211914, 417.704467773, 324.87600708, 296.409759521, 203.133468628, 132.756607056, 207.852935791, 136.236068726, 110.242782593, 116.373542786],
        "cov": [[5861.46191406, -1721.1159668, -685.596862793, -101.530570984, -443.22744751, 65.1218948364, -316.748535156, 130.910446167, -79.6539916992, 138.94569397, -6.59593725204, 23.9988899231, -73.3511810303], [-1721.1159668, 1779.85388184, -621.731628418, -209.197418213, 29.5001602173, -160.74420166, 131.63734436, -82.3207931519, -2.91783547401, 5.97982788086, 66.9283294678, 4.19516658783, -0.499225825071], [-685.596862793, -621.731628418, 1408.06384277, 194.894622803, 63.0777854919, 218.083648682, 131.707763672, 63.6894798279, -0.221839144826, -68.0296554565, -50.5365562439, -17.5088996887, 14.1328573227], [-101.530570984, -209.197418213, 194.894622803, 611.128234863, 19.058134079, 122.388969421, -190.174331665, 54.8175888062, 26.635931015, -91.2127456665, -70.9588851929, -13.7551879883, 22.9155693054], [-443.22744751, 29.5001602173, 63.0777854919, 19.058134079, 417.865875244, -115.658554077, 37.0748443604, -29.2508640289, 28.257232666, 14.2520046234, -8.51864910126, 15.7536764145, 4.20142221451], [65.1218948364, -160.74420166, 218.083648682, 122.388969421, -115.658554077, 325.001556396, -8.38894176483, 50.1241798401, -14.2533102036, -16.2967910767, 1.58030807972, -15.8256387711, -9.64470672607], [-316.748535156, 131.63734436, 131.707763672, -190.174331665, 37.0748443604, -8.38894176483, 296.524291992, -30.762008667, 4.78751707077, 13.4460096359, 39.7921791077, -1.48996329308, -4.00786304474], [130.910446167, -82.3207931519, 63.6894798279, 54.8175888062, -29.2508640289, 50.1241798401, -30.762008667, 203.211959839, -23.1636695862, 28.7544403076, -9.84445858002, 27.1451568604, -18.9703559875], [-79.6539916992, -2.91783547401, -0.221839144826, 26.635931015, 28.257232666, -14.2533102036, 4.78751707077, -23.1636695862, 132.807891846, -10.3328723907, 5.9021024704, -16.5658340454, 9.44806957245], [138.94569397, 5.97982788086, -68.0296554565, -91.2127456665, 14.2520046234, -16.2967910767, 13.4460096359, 28.7544403076, -10.3328723907, 207.933242798, 34.7106895447, 14.391207695, -55.253742218], [-6.59593725204, 66.9283294678, -50.5365562439, -70.9588851929, -8.51864910126, 1.58030807972, 39.7921791077, -9.84445858002, 5.9021024704, 34.7106895447, 136.288711548, -0.418054223061, 5.50513219833], [23.9988899231, 4.19516658783, -17.5088996887, -13.7551879883, 15.7536764145, -15.8256387711, -1.48996329308, 27.1451568604, -16.5658340454, 14.391207695, -0.418054223061, 110.285377502, 2.78404211998], [-73.3511810303, -0.499225825071, 14.1328573227, 22.9155693054, 4.20142221451, -9.64470672607, -4.00786304474, -18.9703559875, 9.44806957245, -55.253742218, 5.50513219833, 2.78404211998, 116.418502808]],
        "icov": [[0.00041326272185, 0.000542330380995, 0.000403805752285, 0.000114946808026, 0.000315707700793, 7.52880760047e-06, 5.08753182658e-05, -0.00011491409532, 0.000133841735078, -7.21788528608e-05, -3.25877663272e-05, -2.0794919692e-05, 0.000120236749353], [0.000542330380995, 0.00144995690789, 0.000889150309376, 0.000108603482659, 0.000374795374228, 0.000126343031297, -0.000418942217948, -7.66645607655e-05, 0.000269349839073, 5.73814468225e-05, -0.000195348926354, -1.35693508128e-05, 0.000203565898119], [0.000403805752285, 0.000889150309376, 0.0015184734948, -0.000213899431401, 3.81316531275e-05, -0.000519695749972, -0.000866155663971, -0.000307707319735, 0.000231255326071, 0.000136159593239, 0.00022827507928, 9.39327073866e-05, 2.44266684604e-05], [0.000114946808026, 0.000108603482659, -0.000213899431401, 0.00277758506127, -0.0003998275497, -0.000878487539012, 0.00182446383405, -0.000462844182039, -0.000574739475269, 0.00080727232853, 0.000562775880098, 0.000166432277183, -0.000119643977087], [0.000315707700793, 0.000374795374228, 3.81316531275e-05, -0.0003998275497, 0.00317552615888, 0.00127376976889, -0.000426493439591, 0.000228079166845, -0.000309566356009, -0.000482587376609, 9.32077527978e-05, -0.000444949342636, 9.03165127966e-05], [7.52880760047e-06, 0.000126343031297, -0.000519695749972, -0.000878487539012, 0.00127376976889, 0.00439298339188, -0.000380515150027, -0.000515460385941, 0.000354630959919, 7.04440162735e-06, -0.000643595354632, 0.000410006759921, 0.000457360933069], [5.08753182658e-05, -0.000418942217948, -0.000866155663971, 0.00182446383405, -0.000426493439591, -0.000380515150027, 0.00534465536475, 0.000316623481922, -0.000392440124415, 0.000267346884357, -0.000781775044743, -6.13213705947e-06, 0.000191591869225], [-0.00011491409532, -7.66645607655e-05, -0.000307707319735, -0.000462844182039, 0.000228079166845, -0.000515460385941, 0.000316623481922, 0.00583710195497, 0.00063329457771, -0.000871192489285, 0.000195241053007, -0.00142139254604, 0.000526731193531], [0.000133841735078, 0.000269349839073, 0.000231255326071, -0.000574739475269, -0.000309566356009, 0.000354630959919, -0.000392440124415, 0.00063329457771, 0.00814729277045, 4.46245794592e-05, -0.000549583695829, 0.00108404096682, -0.000339181424351], [-7.21788528608e-05, 5.73814468225e-05, 0.000136159593239, 0.00080727232853, -0.000482587376609, 7.04440162735e-06, 0.000267346884357, -0.000871192489285, 4.46245794592e-05, 0.0064149228856, -0.00148188730236, -0.000482545379782, 0.0027871793136], [-3.25877663272e-05, -0.000195348926354, 0.00022827507928, 0.000562775880098, 9.32077527978e-05, -0.000643595354632, -0.000781775044743, 0.000195241053007, -0.000549583695829, -0.00148188730236, 0.00851819477975, 0.000131997730932, -0.00127632042859], [-2.0794919692e-05, -1.35693508128e-05, 9.39327073866e-05, 0.000166432277183, -0.000444949342636, 0.000410006759921, -6.13213705947e-06, -0.00142139254604, 0.00108404096682, -0.000482545379782, 0.000131997730932, 0.00982669182122, -0.000797362416051], [0.000120236749353, 0.000203565898119, 2.44266684604e-05, -0.000119643977087, 9.03165127966e-05, 0.000457360933069, 0.000191591869225, 0.000526731193531, -0.000339181424351, 0.0027871793136, -0.00127632042859, -0.000797362416051, 0.0102437529713]]
    }
}

}