{
"metadata": {
    "version": {
        "essentia": "2.0.1",
        "extractor": "archive-music 1.0 mod ismir14"
    },
    "audio_properties": {
        "analysis_sample_rate": 44100,
        "bitrate": 128,
        "channels": 2,
        "equal_loudness": 0,
        "length": 30.0669155121,
        "replay_gain": -8.88716506958,
        "downmix": "mix"
    },
    "tags": {
        "track": 7,
        "year": 0,
        "album": "The Cool Jazz Collection",
        "artist": "Astrud Gilberto",
        "comment": "",
        "genre": "Jazz",
        "title": "Girl From Ipanema"
    }
},
"rhythm": {
    "bpm": 130.002792358,
    "bpm_histogram_first_peak": 129,
    "bpm_histogram_first_peak_spread": 0.490909099579,
    "bpm_histogram_first_peak_weight": 0.444444447756,
    "bpm_histogram_second_peak": 136,
    "bpm_histogram_second_peak_spread": 0.199999988079,
    "bpm_histogram_second_peak_weight": 0.0634920671582
},
"tonal": {
    "tuning_frequency": {
        "dmean": 0.208403974771,
        "dmean2": 0.323187410831,
        "dvar": 3.49848914146,
        "dvar2": 9.04895210266,
        "max": 454.727905273,
        "mean": 436.585662842,
        "median": 436.456176758,
        "min": 436.456176758,
        "var": 2.07898330688
    },
    "hpcp": {
        "dmean": [0.0579980090261, 0.242118060589, 0.0796298757195, 0.251125276089, 0.152616307139, 0.0726637765765, 0.216262131929, 0.0444972291589, 0.195236578584, 0.122003473341, 0.175656914711, 0.184202000499],
        "dmean2": [0.11085267365, 0.422237366438, 0.143814757466, 0.465221136808, 0.270971983671, 0.133552059531, 0.364082634449, 0.0830159112811, 0.355550199747, 0.227678999305, 0.320054978132, 0.324061542749],
        "dvar": [0.0223720464855, 0.0988001078367, 0.032709620893, 0.114479497075, 0.0607453398407, 0.0267766900361, 0.0828909948468, 0.0136230923235, 0.0743474513292, 0.0556678846478, 0.0793763548136, 0.0767245963216],
        "dvar2": [0.0625885650516, 0.218440935016, 0.0887429043651, 0.24513027072, 0.126601070166, 0.0660001412034, 0.18095061183, 0.0271400362253, 0.190097466111, 0.158445909619, 0.21899458766, 0.17794521153],
        "max": [1, 1, 1, 1, 1, 1, 1, 1, 1, 1, 1, 1],
        "mean": [0.0416144728661, 0.314631164074, 0.0491961836815, 0.322903603315, 0.15257807076, 0.0752250179648, 0.279129087925, 0.0555025525391, 0.202481836081, 0.0857960432768, 0.134317278862, 0.174078062177],
        "median": [0.00522942934185, 0.0990173965693, 0.00648861145601, 0.0602965019643, 0.0314677841961, 0.00928257871419, 0.0818368941545, 0.00707028014585, 0.0389760844409, 0.0108302421868, 0.0290078502148, 0.0233820490539],
        "min": [5.58077845199e-05, 5.17547414347e-05, 3.13809614454e-05, 0.000256533036008, 3.77427058993e-05, 0.000172854182892, 3.34125070367e-05, 7.69113394199e-05, 1.9958595658e-05, 7.87042299635e-05, 3.85121165891e-05, 0.000451728963526],
        "var": [0.0161883998662, 0.147850170732, 0.0191914122552, 0.168598636985, 0.0710552707314, 0.0391413345933, 0.133304104209, 0.0303933750838, 0.100700087845, 0.0418969467282, 0.0689259544015, 0.0885421782732]
    }
},
"lowlevel": {
    "melbands": {
        "dmean": [0.000128497835249, 0.000320167106111, 0.00032243487658, 0.000158133523655, 0.000106211708044, 3.41786726494e-05, 1.92801308003e-05, 2.59718071902e-05, 1.025180336e-05, 7.99789904704e-06, 7.46304658605e-06, 8.28885094961e-06, 1.38245491144e-06, 1.03150398445e-06, 1.64718539963e-06, 1.15855527838e-06, 8.96301685316e-07, 2.82852596456e-07, 3.34737279672e-07, 2.90421070304e-07, 1.15087686936e-07, 1.79071591333e-07, 2.21177700155e-07, 1.93485334421e-07, 6.93069068802e-08, 5.20109253443e-08, 8.07334146202e-08, 1.29219785094e-07, 1.01244502559e-07, 1.49846513864e-07, 2.65060293714e-07, 4.54993937637e-07, 4.50173075706e-07, 2.41883185481e-07, 1.25747931179e-07, 6.60492034399e-08, 3.75507092087e-08, 1.37244509091e-08, 3.99246502525e-09, 4.03754363276e-10],
        "dmean2": [0.000210006372072, 0.000511505990289, 0.000514088140335, 0.00024996479624, 0.000168650862179, 5.72983371967e-05, 3.46176202584e-05, 4.86084099975e-05, 1.8692597223e-05, 1.49180868902e-05, 1.36603066494e-05, 1.46860284076e-05, 2.51563210441e-06, 1.9274391434e-06, 3.05679873236e-06, 2.18264926843e-06, 1.72321733771e-06, 5.23422272636e-07, 6.30166766769e-07, 5.29009412276e-07, 2.01838275871e-07, 3.31977872747e-07, 3.98352852926e-07, 3.61498024404e-07, 1.19448174019e-07, 9.10733390924e-08, 1.49873287114e-07, 2.4520795705e-07, 1.83899132367e-07, 2.87493691076e-07, 5.13573297667e-07, 8.74385705174e-07, 8.5541256567e-07, 4.66039182356e-07, 2.35523884839e-07, 1.25710101884e-07, 7.0725867829e-08, 2.6053106339e-08, 7.57117923911e-09, 7.55025708621e-10],
        "dvar": [6.71765150173e-08, 1.0935330863e-07, 1.24042898619e-07, 7.15414927299e-08, 1.72612537597e-08, 2.3531461224e-09, 1.93942839566e-09, 2.51610332569e-09, 4.70923355866e-10, 4.61944149599e-10, 2.04459962849e-10, 1.44858436357e-09, 8.25101098556e-12, 3.53263273668e-12, 2.37475438619e-11, 9.1768077512e-12, 9.60415601214e-12, 3.03929217947e-13, 1.07298740205e-12, 7.88437620313e-13, 4.52360452699e-14, 1.00764923207e-13, 1.39146750762e-13, 1.68662935181e-13, 1.67662785782e-14, 9.02218160207e-15, 4.43540739076e-14, 2.12382113849e-13, 4.42426687463e-14, 1.57834682823e-13, 5.35829247725e-13, 1.64871404289e-12, 1.46339331712e-12, 4.42243247231e-13, 8.57938191518e-14, 1.68999539298e-14, 5.07997252797e-15, 8.32782782587e-16, 9.96168185393e-17, 1.01772218364e-18],
        "dvar2": [1.51251995817e-07, 2.55147341477e-07, 2.62942847939e-07, 1.65017695508e-07, 3.45417880965e-08, 4.81473838576e-09, 5.62672086701e-09, 7.78027864357e-09, 1.43641787353e-09, 1.48484669005e-09, 6.02636329727e-10, 4.00684818658e-09, 2.30479905994e-11, 1.01494724083e-11, 6.67981364666e-11, 2.7024160687e-11, 2.81279461528e-11, 8.50863867211e-13, 3.07209921564e-12, 2.14912918191e-12, 1.26453602906e-13, 2.81025148898e-13, 3.91756505708e-13, 4.72651702933e-13, 4.45984395248e-14, 2.41607677875e-14, 1.27382276277e-13, 6.25225999445e-13, 1.25732689776e-13, 4.69869423318e-13, 1.55504840775e-12, 4.72349503261e-12, 4.113796543e-12, 1.03746839678e-12, 2.34088898439e-13, 4.68749930364e-14, 1.41543466062e-14, 2.32106869294e-15, 2.75082790527e-16, 2.7919165471e-18],
        "max": [0.00179862091318, 0.00218579894863, 0.00276737543754, 0.00324478629045, 0.000934306066483, 0.00030212738784, 0.000299475039355, 0.000329962669639, 0.000138639021316, 0.000182088682777, 6.63335449644e-05, 0.000371629197616, 1.82857856998e-05, 1.15250632007e-05, 4.3392097723e-05, 2.05137912417e-05, 2.58521067735e-05, 3.74202159037e-06, 8.26834730105e-06, 5.56894292458e-06, 1.18534478588e-06, 2.22651192416e-06, 2.50285279435e-06, 2.57424267147e-06, 9.68706672211e-07, 7.94944014615e-07, 1.51116466895e-06, 3.92190167986e-06, 1.23757524761e-06, 2.52601284956e-06, 4.73931822853e-06, 6.88450472808e-06, 6.39148538539e-06, 4.71508883493e-06, 1.6113356196e-06, 5.72701878809e-07, 3.66447466149e-07, 1.88418795233e-07, 6.28702210292e-08, 5.54612578085e-09],
        "mean": [0.000111671390187, 0.000386921892641, 0.000493940839078, 0.000185808981769, 0.000138413553941, 4.03615267714e-05, 1.64084540302e-05, 2.01330094569e-05, 7.9082137745e-06, 5.41969302503e-06, 5.08347102368e-06, 5.61428487345e-06, 1.0994197055e-06, 8.00758414243e-07, 1.19470666959e-06, 7.49016692225e-07, 5.51260313841e-07, 2.10197612205e-07, 2.13945469341e-07, 2.07228112004e-07, 1.02149535053e-07, 1.59632989494e-07, 1.87399606943e-07, 1.54133189767e-07, 6.3673390116e-08, 4.51341612973e-08, 6.30573850913e-08, 8.81637234329e-08, 7.21827717598e-08, 9.41989029002e-08, 1.59745042083e-07, 2.65098520913e-07, 2.73684889862e-07, 1.6932712299e-07, 8.28700450484e-08, 4.53467414729e-08, 2.60308681277e-08, 9.81170522607e-09, 3.00112223961e-09, 2.93054941425e-10],
        "median": [3.05491848849e-05, 0.000272260600468, 0.000250575132668, 0.000107152642158, 5.11717516929e-05, 1.85590306501e-05, 5.50170852875e-06, 5.66623930354e-06, 2.17231627175e-06, 9.97239226308e-07, 8.32321916278e-07, 6.94101970566e-07, 3.45557509718e-07, 3.74578576157e-07, 3.09497693252e-07, 1.20269675108e-07, 8.98578207398e-08, 6.10595378703e-08, 2.54774477071e-08, 2.41799984479e-08, 3.14201180629e-08, 5.58918245019e-08, 4.95359699926e-08, 3.09252996544e-08, 1.74739032133e-08, 1.41161136114e-08, 1.60415307704e-08, 1.89568023501e-08, 1.25357875191e-08, 1.56918815719e-08, 1.22852306106e-08, 8.52406856211e-09, 1.07804787319e-08, 9.48430578518e-09, 8.0769320121e-09, 6.06962879957e-09, 3.96816268733e-09, 1.61900803874e-09, 4.13374973141e-10, 3.27497994002e-11],
        "min": [6.01315093718e-07, 2.57608667198e-06, 1.16357125535e-06, 1.42583178331e-06, 9.78223397397e-07, 1.90873436168e-07, 1.07152928308e-07, 5.15618943098e-08, 1.46789904676e-08, 2.1190423638e-08, 1.14376703664e-08, 1.23258496743e-08, 6.41479136476e-09, 9.72241753772e-09, 7.39484029566e-09, 3.05436698156e-09, 1.1652963039e-09, 7.28535287653e-10, 8.04112276764e-10, 1.43416467591e-09, 8.4987183957e-10, 6.12283668211e-10, 6.44707787156e-10, 6.50178189066e-10, 6.04802985471e-10, 5.87133952568e-10, 1.05531294814e-09, 1.06133235533e-09, 6.61977805905e-10, 1.72448866298e-09, 1.40115585801e-09, 1.16310672205e-09, 1.39178757408e-09, 1.12110876138e-09, 7.35934202467e-10, 6.43162689773e-10, 5.89486848224e-10, 2.0868215489e-10, 6.45451331271e-11, 2.1014225516e-12],
        "var": [6.55596394949e-08, 1.71845158548e-07, 3.8149872239e-07, 9.55000487579e-08, 3.77476006008e-08, 3.1520286381e-09, 1.40247358171e-09, 1.71473091282e-09, 3.19824250417e-10, 2.8560923071e-10, 1.37161448865e-10, 9.24031517968e-10, 5.80412801154e-12, 2.2948299077e-12, 1.55788732609e-11, 5.4315163478e-12, 5.22694691349e-12, 2.06378303661e-13, 6.31438911575e-13, 5.23966449655e-13, 3.35585678441e-14, 7.21559720611e-14, 1.04972162961e-13, 1.13938643676e-13, 1.55187176315e-14, 7.94502589668e-15, 2.75480660961e-14, 1.13616269713e-13, 2.74295085885e-14, 9.06207075525e-14, 3.13756345124e-13, 9.4429759151e-13, 9.00896599074e-13, 3.61044148137e-13, 5.62532401845e-14, 1.09162319754e-14, 3.40474062281e-15, 5.58496520668e-16, 6.79089408696e-17, 7.09212042699e-19]
    },
    "mfcc": {
        "dmean": [44.2350463867, 32.3551902771, 20.7460975647, 16.6767406464, 12.5198440552, 15.4343852997, 10.9435920715, 8.96211147308, 7.80064249039, 10.7824459076, 7.65830183029, 7.27231693268, 6.63221645355],
        "dmean2": [69.5615692139, 52.4034156799, 33.5291290283, 26.8103351593, 18.4918518066, 25.0859184265, 17.6792678833, 14.475487709, 13.0589075089, 16.7354621887, 12.2441310883, 12.0886936188, 10.3319711685],
        "dvar": [1139.92272949, 786.040893555, 301.105010986, 165.276794434, 101.534156799, 158.591720581, 80.2881851196, 47.9987678528, 33.8569526672, 71.6535110474, 31.5695838928, 33.0222625732, 26.3951015472],
        "dvar2": [2865.53637695, 1954.84448242, 871.507202148, 399.853302002, 236.676849365, 414.034545898, 205.130767822, 113.417266846, 85.8409042358, 186.023834229, 91.0736312866, 74.3813781738, 67.5874328613],
        "max": [-733.894104004, 217.273834229, 107.576446533, 107.344940186, 30.6540412903, 71.3137817383, 22.7492790222, 40.8404083252, 14.7084083557, 26.9175701141, 23.5153160095, 38.9003295898, 12.6752700806],
        "mean": [-860.153869629, 162.443435669, 51.7965888977, 39.3693695068, -2.68051719666, 15.2032194138, -5.66876173019, 9.0298204422, -10.5574502945, -7.72350311279, -7.14632940292, 0.725478768349, -7.87530088425],
        "median": [-855.216918945, 169.454193115, 51.6057319641, 37.1593894958, 0.192832946777, 16.2402515411, -2.51050949097, 8.7889957428, -10.8082923889, -6.8296661377, -6.94780540466, -0.272350311279, -7.28651046753],
        "min": [-1020.93444824, 48.8465881348, -13.0274658203, -6.35139083862, -52.660774231, -32.7419090271, -50.6173324585, -14.5432510376, -37.5143356323, -41.1936950684, -40.3422546387, -24.4241256714, -34.8101081848],
        "var": [2950.28491211, 1159.31225586, 613.631286621, 454.539398193, 228.00479126, 255.744445801, 203.591873169, 112.314155579, 73.2543640137, 169.07723999, 109.995819092, 97.3756256104, 68.0145492554],
        "cov": [[2968.49658203, -218.616409302, -517.643493652, 76.2778549194, -264.079559326, 102.69165802, -364.954376221, 173.36366272, -9.33970737457, 291.647766113, 45.6155014038, 101.122528076, -197.733428955], [-218.616409302, 1166.46850586, -264.859313965, -307.722869873, 210.626342773, -208.514053345, 173.441055298, 2.52300691605, 28.5976676941, -95.1336593628, 51.2761306763, -64.1036148071, -16.4449920654], [-517.643493652, -264.859313965, 617.419128418, 115.46156311, -125.535072327, 167.405410767, 23.8836841583, -38.6105537415, -25.0746307373, -91.3282852173, 24.8240261078, -9.00759220123, 70.497428894], [76.2778549194, -307.722869873, 115.46156311, 457.345184326, 77.2823562622, -76.6712341309, -100.176872253, 29.1200351715, -29.5157871246, -88.0391082764, -14.8794803619, -21.599193573, 32.5139884949], [-264.079559326, 210.626342773, -125.535072327, 77.2823562622, 229.412231445, -103.21207428, 19.5964832306, -3.80957365036, 15.9093742371, -51.6811714172, -23.194644928, -8.58546924591, 8.43087482452], [102.69165802, -208.514053345, 167.405410767, -76.6712341309, -103.21207428, 257.323120117, 22.8472576141, -0.942735016346, 22.3120422363, 83.2875518799, 33.6106643677, 28.1612205505, 8.14918231964], [-364.954376221, 173.441055298, 23.8836841583, -100.176872253, 19.5964832306, 22.8472576141, 204.848617554, 5.18579244614, 4.12623262405, -12.7376441956, 11.3997526169, 8.92285346985, 22.711397171], [173.36366272, 2.52300691605, -38.6105537415, 29.1200351715, -3.80957365036, -0.942735016346, 5.18579244614, 113.007453918, 20.6730041504, -3.54683995247, 42.2160644531, -1.38183164597, -0.602810263634], [-9.33970737457, 28.5976676941, -25.0746307373, -29.5157871246, 15.9093742371, 22.3120422363, 4.12623262405, 20.6730041504, 73.7065582275, 46.0522232056, 6.02094650269, -13.8146018982, 3.70884680748], [291.647766113, -95.1336593628, -91.3282852173, -88.0391082764, -51.6811714172, 83.2875518799, -12.7376441956, -3.54683995247, 46.0522232056, 170.120925903, 5.37886619568, 22.0895671844, -32.5612716675], [45.6155014038, 51.2761306763, 24.8240261078, -14.8794803619, -23.194644928, 33.6106643677, 11.3997526169, 42.2160644531, 6.02094650269, 5.37886619568, 110.674804688, -8.34318065643, 7.36030387878], [101.122528076, -64.1036148071, -9.00759220123, -21.599193573, -8.58546924591, 28.1612205505, 8.92285346985, -1.38183164597, -13.8146018982, 22.0895671844, -8.34318065643, 97.9767150879, -6.94062852859], [-197.733428955, -16.4449920654, 70.497428894, 32.5139884949, 8.43087482452, 8.14918231964, 22.711397171, -0.602810263634, 3.70884680748, -32.5612716675, 7.36030387878, -6.94062852859, 68.434387207]],
        "icov": [[0.00219585304148, -0.0022037581075, 0.00252410955727, -0.00339110870846, 0.00468480959535, -0.00324562727474, 0.00343952630647, -0.00251539982855, 0.00173012434971, -0.00200392189436, 0.00136239710264, -0.00227225013077, 0.00204753619619], [-0.0022037581075, 0.00479463627562, -0.00255469349213, 0.00570175610483, -0.00681216688827, 0.00501269008964, -0.00446337927133, 0.00272694532759, -0.00241492921486, 0.00333366310224, -0.00320282625034, 0.00339531130157, -0.00113912753295], [0.00252410955727, -0.00255469349213, 0.00703858304769, -0.00556065933779, 0.00796500593424, -0.00681963842362, 0.00315228430554, -0.000239943576162, 4.76956074635e-06, 0.00169948430266, 0.000952361442614, -0.00269808643498, 0.00128524296451], [-0.00339110870846, 0.00570175610483, -0.00556065933779, 0.0112212030217, -0.0112864281982, 0.00771921221167, -0.0039684176445, 0.00151165528223, -0.000837625761051, 0.00329025601968, -0.00285021867603, 0.0049958252348, -0.00380541407503], [0.00468480959535, -0.00681216688827, 0.00796500593424, -0.0112864281982, 0.0198156218976, -0.00795045122504, 0.00631592748687, -0.0025581207592, -0.00108162441757, -0.00130525568966, 0.00416935607791, -0.00687639648095, 0.00373510201462], [-0.00324562727474, 0.00501269008964, -0.00681963842362, 0.00771921221167, -0.00795045122504, 0.0143066691235, -0.00590135483071, 0.00276623503305, -0.00290470058098, -0.00115240877494, -0.00424171797931, 0.00273325480521, -0.00321437208913], [0.00343952630647, -0.00446337927133, 0.00315228430554, -0.0039684176445, 0.00631592748687, -0.00590135483071, 0.012321582064, -0.00550832878798, 0.00416411785409, -0.0036951629445, 0.00294994586147, -0.0042947595939, 0.000553927966394], [-0.00251539982855, 0.00272694532759, -0.000239943576162, 0.00151165528223, -0.0025581207592, 0.00276623503305, -0.00550832878798, 0.0167990624905, -0.00893407035619, 0.00668561318889, -0.00690825562924, 0.00101227557752, -0.000611031951848], [0.00173012434971, -0.00241492921486, 4.76956074635e-06, -0.000837625761051, -0.00108162441757, -0.00290470058098, 0.00416411785409, -0.00893407035619, 0.0253624338657, -0.0114772515371, 0.00353074097075, 0.00293058855459, -0.00308772758581], [-0.00200392189436, 0.00333366310224, 0.00169948430266, 0.00329025601968, -0.00130525568966, -0.00115240877494, -0.0036951629445, 0.00668561318889, -0.0114772515371, 0.017507115379, -0.00313907070085, 0.000128932078951, 0.0025829107035], [0.00136239710264, -0.00320282625034, 0.000952361442614, -0.00285021867603, 0.00416935607791, -0.00424171797931, 0.00294994586147, -0.00690825562924, 0.00353074097075, -0.00313907070085, 0.0138261448592, -0.000492819293868, -0.000730405095965], [-0.00227225013077, 0.00339531130157, -0.00269808643498, 0.0049958252348, -0.00687639648095, 0.00273325480521, -0.0042947595939, 0.00101227557752, 0.00293058855459, 0.000128932078951, -0.000492819293868, 0.0148494206369, -0.00192620744929], [0.00204753619619, -0.00113912753295, 0.00128524296451, -0.00380541407503, 0.00373510201462, -0.00321437208913, 0.000553927966394, -0.000611031951848, -0.00308772758581, 0.0025829107035, -0.000730405095965, -0.00192620744929, 0.0217518340796]]
    }
}

}