{
"metadata": {
    "version": {
        "essentia": "2.0.1",
        "extractor": "archive-music 1.0 mod ismir14"
    },
    "audio_properties": {
        "analysis_sample_rate": 44100,
        "bitrate": 128,
        "channels": 2,
        "equal_loudness": 0,
        "length": 30.0669155121,
        "replay_gain": -12.1478862762,
        "downmix": "mix"
    },
    "tags": {
        "track": 6,
        "year": 0,
        "album": "Swing Classics (Jazz & Tzaz 70)",
        "artist": "Benny Carter",
        "comment": "",
        "genre": "Jazz",
        "title": "Babalu"
    }
},
"rhythm": {
    "bpm": 92.6367721558,
    "bpm_histogram_first_peak": 94,
    "bpm_histogram_first_peak_spread": 0.555555582047,
    "bpm_histogram_first_peak_weight": 0.355555564165,
    "bpm_histogram_second_peak": 89,
    "bpm_histogram_second_peak_spread": 0,
    "bpm_histogram_second_peak_weight": 0.177777782083
},
"tonal": {
    "tuning_frequency": {
        "dmean": 0.387184977531,
        "dmean2": 0.699065387249,
        "dvar": 2.77355289459,
        "dvar2": 6.64519929886,
        "max": 455.779724121,
        "mean": 436.297973633,
        "median": 434.695007324,
        "min": 432.940917969,
        "var": 9.11484241486
    },
    "hpcp": {
        "dmean": [0.109431169927, 0.166127711535, 0.0817239806056, 0.228493884206, 0.15770791471, 0.110690802336, 0.219189912081, 0.105829931796, 0.19495549798, 0.112681090832, 0.140390366316, 0.213269531727],
        "dmean2": [0.192097425461, 0.288660079241, 0.14997279644, 0.413195312023, 0.285027176142, 0.206375092268, 0.37430357933, 0.189097240567, 0.324648946524, 0.20604737103, 0.233164817095, 0.365052372217],
        "dvar": [0.0393046922982, 0.0514219067991, 0.0284442864358, 0.0804447829723, 0.0565183386207, 0.0262043830007, 0.0735360011458, 0.0356897078454, 0.0477858074009, 0.026668516919, 0.0343452394009, 0.0502660609782],
        "dvar2": [0.112733416259, 0.130425587296, 0.0813086032867, 0.166940614581, 0.111990138888, 0.0761645436287, 0.139904513955, 0.0989715829492, 0.108147315681, 0.0754296034575, 0.0843225419521, 0.120499767363],
        "max": [1, 1, 1, 1, 1, 1, 1, 1, 1, 1, 1, 1],
        "mean": [0.0928460806608, 0.226709753275, 0.070171482861, 0.456782758236, 0.280773073435, 0.110267333686, 0.356026291847, 0.0945373475552, 0.416626065969, 0.0941191762686, 0.208779931068, 0.388981133699],
        "median": [0.0336368605494, 0.122019246221, 0.0265599284321, 0.313381910324, 0.122732102871, 0.0718915387988, 0.196343481541, 0.0382078774273, 0.286278247833, 0.0425396598876, 0.144463300705, 0.263148099184],
        "min": [0.00175288657192, 0.00317383930087, 0.000647821987513, 0.00168055621907, 0.00127259886358, 0.00419885152951, 0.00276361801662, 0.00202853232622, 0.010440947488, 0.00253503373824, 0.00306412018836, 0.00240969052538],
        "var": [0.0278518442065, 0.065975509584, 0.0189522989094, 0.14370059967, 0.12078537792, 0.0183868650347, 0.13261193037, 0.0294479094446, 0.118867956102, 0.0195422377437, 0.0443947724998, 0.102464720607]
    }
},
"lowlevel": {
    "melbands": {
        "dmean": [1.83011820809e-06, 1.01484765764e-05, 7.25330892237e-06, 1.61341340572e-05, 1.60449380928e-05, 2.64699447143e-05, 2.10636444535e-05, 6.05970271863e-05, 3.32941526722e-05, 2.26639258472e-05, 1.51590038513e-05, 1.21589418995e-05, 9.35277421377e-06, 8.74044053489e-06, 1.79071375896e-05, 1.47182163346e-05, 7.91977981862e-06, 5.1420552154e-06, 4.74735270473e-06, 6.26936980552e-06, 1.70168584646e-06, 2.18613649849e-06, 1.05237631942e-06, 9.47108730998e-07, 1.36364394621e-06, 4.26883303817e-07, 2.69178372037e-07, 2.90895627586e-07, 2.84523821392e-07, 3.21008570836e-07, 1.48876864614e-07, 7.61755885037e-08, 5.2035808551e-08, 2.13755360079e-08, 8.92889762127e-09, 6.81119605161e-09, 1.26622301533e-09, 1.10585485213e-10, 1.10219359681e-11, 4.40394980683e-13],
        "dmean2": [3.24044503941e-06, 1.77162182808e-05, 1.30870485009e-05, 2.92179556709e-05, 2.79767136817e-05, 4.46920967079e-05, 3.26332410623e-05, 9.64632854448e-05, 5.29717835889e-05, 3.82621328754e-05, 2.36886644416e-05, 1.82887033588e-05, 1.46241172843e-05, 1.53555447469e-05, 3.01599611703e-05, 2.29673987633e-05, 1.2273446373e-05, 8.7232911028e-06, 7.67112669564e-06, 1.05398294181e-05, 2.85076293949e-06, 3.72838007934e-06, 1.75834554739e-06, 1.65030553489e-06, 2.33632317759e-06, 7.03125010659e-07, 4.64986328552e-07, 5.07679715156e-07, 4.75619543749e-07, 5.63316973512e-07, 2.56508286611e-07, 1.34494499093e-07, 9.11096762479e-08, 3.85614242759e-08, 1.58879096546e-08, 1.19721867975e-08, 2.21449836246e-09, 2.01952843337e-10, 1.99728272116e-11, 7.89567684237e-13],
        "dvar": [3.58305594396e-12, 1.43789688489e-10, 4.49610487729e-11, 2.66982186359e-10, 2.70780814438e-10, 9.59288759539e-10, 7.12230607824e-10, 1.09268265547e-08, 2.95152791097e-09, 9.44946787484e-10, 4.80560202742e-10, 3.34981709038e-10, 1.55056495421e-10, 2.25495844219e-10, 6.95158708375e-10, 6.78357703343e-10, 1.95597080199e-10, 7.66321311962e-11, 5.44267964031e-11, 1.35083555453e-10, 4.11271320819e-12, 9.7719983147e-12, 1.77167904913e-12, 1.53389616547e-12, 4.00851313948e-12, 6.78595200865e-13, 1.81854165515e-13, 2.67237702236e-13, 1.43947570877e-13, 1.89038536344e-13, 5.01839882313e-14, 1.75387031694e-14, 9.24215690551e-15, 1.92684410094e-15, 2.32867250771e-16, 1.38557040707e-16, 3.34859110817e-18, 3.94814663465e-20, 3.91487610159e-22, 5.54745822606e-25],
        "dvar2": [9.75710658102e-12, 4.10442374532e-10, 1.2525121218e-10, 8.06529842912e-10, 8.47364234335e-10, 2.98289859479e-09, 1.63699165334e-09, 2.58109942308e-08, 7.46440775856e-09, 2.67980526658e-09, 1.16011100726e-09, 8.23059065347e-10, 3.64151403476e-10, 6.56532606058e-10, 1.67798575035e-09, 1.3443625102e-09, 4.09765193998e-10, 2.34158609169e-10, 1.25070842572e-10, 3.49998752203e-10, 1.05945616863e-11, 2.45169301527e-11, 3.94089014893e-12, 4.29961405021e-12, 1.13137927846e-11, 1.80760734072e-12, 5.61899214224e-13, 6.95133891854e-13, 4.08452134962e-13, 5.41341439991e-13, 1.47732330926e-13, 5.11341355814e-14, 2.53953284725e-14, 5.56306336988e-15, 6.47246832936e-16, 3.62880111321e-16, 9.22343440688e-18, 9.80722588713e-20, 1.10131192282e-21, 1.53490391962e-24],
        "max": [1.07460491563e-05, 8.76011690707e-05, 4.48902574135e-05, 0.000116644972877, 9.68502863543e-05, 0.000177517751581, 0.000270625547273, 0.000737668771762, 0.000351872702595, 0.000191690487554, 0.000125976817799, 0.000135284135467, 8.16476458567e-05, 0.000110028857307, 0.000157413262059, 0.000178547226824, 0.000114729249617, 6.81532765157e-05, 6.13278680248e-05, 0.000101518897281, 1.33944759e-05, 2.51616620517e-05, 1.05681992864e-05, 7.11554730515e-06, 1.26763197841e-05, 6.7394312282e-06, 2.45054980041e-06, 3.802487754e-06, 2.00205886358e-06, 2.50276048064e-06, 1.29397801629e-06, 9.25441895561e-07, 5.59917111786e-07, 2.95081719059e-07, 8.13806337874e-08, 8.20557133352e-08, 1.22919523449e-08, 1.26972177217e-09, 1.20387602665e-10, 4.3620788405e-12],
        "mean": [2.4861849397e-06, 1.43307215694e-05, 9.36704054766e-06, 2.08833971556e-05, 2.62033008767e-05, 3.67667053069e-05, 3.44101281371e-05, 8.4883729869e-05, 4.65520606667e-05, 2.73271289188e-05, 1.83066058526e-05, 1.48671260831e-05, 1.21374187074e-05, 9.2961890914e-06, 1.93319574464e-05, 1.56464411702e-05, 1.11777408165e-05, 5.43954729437e-06, 4.62878961116e-06, 6.54387804389e-06, 1.87277396435e-06, 2.6263073778e-06, 1.28856777337e-06, 1.06405821043e-06, 1.44809746416e-06, 4.84972360937e-07, 2.57094484368e-07, 2.75067691291e-07, 2.8854771017e-07, 3.09179000624e-07, 1.43772581396e-07, 6.69741879733e-08, 4.26646877827e-08, 1.72897802742e-08, 7.43298356198e-09, 5.98139582308e-09, 1.27412091988e-09, 9.87350340376e-11, 1.02217219064e-11, 3.93559669446e-13],
        "median": [1.81257360055e-06, 1.13927617349e-05, 7.09651749276e-06, 1.69293671206e-05, 2.11736605706e-05, 2.63587116933e-05, 1.8615859517e-05, 2.80492240563e-05, 1.47599557749e-05, 1.28770334413e-05, 6.48351033306e-06, 4.20217065766e-06, 5.04088757225e-06, 5.37607957085e-06, 6.78379137753e-06, 3.85765633837e-06, 2.25164558287e-06, 1.9217152385e-06, 9.86035615824e-07, 1.67753864844e-06, 9.0853097845e-07, 1.13751070785e-06, 7.3117462307e-07, 5.97481346176e-07, 3.79104420745e-07, 1.95204250986e-07, 1.00730225938e-07, 5.18693070717e-08, 1.34746784397e-07, 1.20560201822e-07, 5.06337762829e-08, 1.79123542665e-08, 6.15141182436e-09, 2.01754968288e-09, 1.15164489056e-09, 9.5750951612e-10, 3.16786263888e-10, 2.34396980991e-11, 3.39530335271e-12, 1.84221412539e-13],
        "min": [3.71304537339e-07, 1.5011976302e-06, 9.69772372628e-07, 1.74672280195e-07, 7.75513768758e-08, 1.35823682967e-07, 1.4305355478e-07, 1.60610710509e-07, 5.38209619094e-08, 2.78545240207e-08, 1.70279488287e-08, 1.41704905587e-08, 1.59663500199e-08, 9.34086052951e-09, 1.14105676019e-08, 5.60915314196e-09, 7.90709631104e-09, 3.87120158152e-09, 5.63171420609e-09, 2.06963246541e-09, 1.25418386787e-09, 2.25192264836e-09, 1.26613919349e-09, 8.24377122122e-10, 5.35476718522e-10, 2.6489724303e-10, 2.32315305881e-10, 1.27362759228e-10, 1.38625694257e-10, 7.51876477745e-11, 6.21893300745e-11, 4.52133053219e-11, 3.77880400582e-11, 2.56466913678e-11, 1.91734388783e-11, 1.26555892502e-11, 5.56681003377e-12, 1.6192628835e-12, 6.18798157788e-14, 4.14685689284e-15],
        "var": [3.74043894816e-12, 1.36222436109e-10, 5.96403273989e-11, 3.21828952377e-10, 4.59418975085e-10, 1.29601862575e-09, 1.82655102154e-09, 1.83483219729e-08, 4.32344515744e-09, 1.20230558842e-09, 6.58585186386e-10, 4.74974781728e-10, 2.86175860786e-10, 1.74577241552e-10, 8.08315137046e-10, 9.19239961927e-10, 4.50629089599e-10, 8.38851973994e-11, 6.60158039345e-11, 1.82483195221e-10, 5.50289111154e-12, 1.66586588274e-11, 2.96202190379e-12, 1.78935360452e-12, 4.66476683669e-12, 8.33503025714e-13, 1.6250669972e-13, 3.0867398481e-13, 1.68111997847e-13, 2.09411264371e-13, 5.42877442761e-14, 1.50959584053e-14, 8.57997449943e-15, 1.60752993812e-15, 2.17206035093e-16, 1.49734844821e-16, 4.42145780434e-18, 3.81822854904e-20, 3.30044559538e-22, 4.20070995828e-25]
    },
    "mfcc": {
        "dmean": [51.5563468933, 17.6227149963, 21.7163105011, 9.92019939423, 11.8143625259, 8.96217727661, 6.66934633255, 6.24458503723, 5.45428705215, 4.94567775726, 4.72192621231, 5.74906635284, 4.68157863617],
        "dmean2": [83.367477417, 29.4549045563, 36.1906013489, 15.9683332443, 20.3133468628, 14.7212114334, 10.9378490448, 10.2233324051, 9.29817962646, 8.47033500671, 7.12801218033, 10.0309705734, 7.72425603867],
        "dvar": [2314.80541992, 241.261001587, 515.702514648, 69.7631530762, 124.102210999, 60.4385375977, 37.3791885376, 21.1126880646, 22.5692577362, 18.1848011017, 15.6215791702, 24.2054367065, 11.7259082794],
        "dvar2": [6014.41650391, 648.675170898, 1191.66943359, 205.897949219, 339.794921875, 157.095947266, 102.567367554, 64.0217056274, 60.70470047, 39.619594574, 37.6964187622, 63.4623794556, 27.1734695435],
        "max": [-693.067077637, 208.487121582, 53.6033058167, 57.7218780518, 21.0186920166, 40.2521820068, 14.1084632874, 5.17978668213, 20.4934883118, 10.5924930573, 21.1562385559, 21.8256816864, 6.45086669922],
        "mean": [-816.279052734, 166.332168579, -42.1221199036, 13.1272583008, -15.4195365906, -3.64691376686, -8.96092605591, -10.5424823761, -1.81131827831, -7.05375385284, 1.85617983341, 3.77748942375, -4.97307300568],
        "median": [-795.805053711, 170.229278564, -52.2255363464, 10.4028968811, -15.0534324646, -6.14958190918, -9.94953918457, -11.2276763916, -1.49039459229, -7.33193206787, 1.90175247192, 3.42937469482, -5.02801513672],
        "min": [-1021.0335083, 84.966293335, -93.181137085, -19.039806366, -45.7546043396, -27.1166343689, -40.5141716003, -25.7425613403, -17.1944961548, -25.8503723145, -12.6282176971, -16.6770706177, -14.6701011658],
        "var": [5916.44921875, 642.969299316, 1303.44470215, 266.77041626, 276.27734375, 156.893722534, 86.2681503296, 45.7140007019, 44.9794006348, 54.3941307068, 42.9094467163, 77.3755950928, 25.2225131989],
        "cov": [[5952.97070312, 155.402435303, -2692.12475586, 291.568725586, -1015.6217041, 35.2800674438, -407.913635254, -44.2257041931, 7.81377506256, -133.506011963, 142.039642334, 132.140701294, -77.8596878052], [155.402435303, 646.938232422, -27.677728653, -290.10748291, -55.2702293396, -255.980209351, 56.0941238403, -76.3748168945, 51.5842208862, -95.0878753662, -1.85808444023, 94.9964828491, -18.6879997253], [-2692.12475586, -27.677728653, 1311.49060059, -132.488037109, 444.494934082, -7.77957105637, 175.853973389, 32.9505310059, -8.93640708923, 68.4409942627, -70.4571685791, -57.4919586182, 34.9417877197], [291.568725586, -290.10748291, -132.488037109, 268.417144775, 30.6859207153, 115.819290161, -46.7070426941, 7.68897390366, -40.1112632751, 13.0188455582, -5.22914934158, -63.4307670593, -10.3165073395], [-1015.6217041, -55.2702293396, 444.494934082, 30.6859207153, 277.982757568, 22.7532997131, 64.9523086548, -4.19483423233, -39.6344451904, 19.4006690979, -39.5591773987, -61.0119972229, 1.69470572472], [35.2800674438, -255.980209351, -7.77957105637, 115.819290161, 22.7532997131, 157.862197876, -9.60242843628, 48.0054130554, -29.248456955, 36.1897621155, -7.07618331909, -58.6330833435, 4.51797056198], [-407.913635254, 56.0941238403, 175.853973389, -46.7070426941, 64.9523086548, -9.60242843628, 86.8006668091, 12.8313789368, 6.61630058289, -13.0505924225, -23.944568634, -7.81453609467, 1.44005918503], [-44.2257041931, -76.3748168945, 32.9505310059, 7.68897390366, -4.19483423233, 48.0054130554, 12.8313789368, 45.9961853027, 1.65377676487, 21.2250347137, 0.0800811722875, -8.85864925385, 9.8205947876], [7.81377506256, 51.5842208862, -8.93640708923, -40.1112632751, -39.6344451904, -29.248456955, 6.61630058289, 1.65377676487, 45.2570533752, -5.05623674393, 14.694237709, 27.7537708282, 2.15339565277], [-133.506011963, -95.0878753662, 68.4409942627, 13.0188455582, 19.4006690979, 36.1897621155, -13.0505924225, 21.2250347137, -5.05623674393, 54.7298965454, 15.1355571747, -12.0467777252, 10.2907981873], [142.039642334, -1.85808444023, -70.4571685791, -5.22914934158, -39.5591773987, -7.07618331909, -23.944568634, 0.0800811722875, 14.694237709, 15.1355571747, 43.1743202209, 27.3300628662, 2.34152078629], [132.140701294, 94.9964828491, -57.4919586182, -63.4307670593, -61.0119972229, -58.6330833435, -7.81453609467, -8.85864925385, 27.7537708282, -12.0467777252, 27.3300628662, 77.8532180786, 5.3670129776], [-77.8596878052, -18.6879997253, 34.9417877197, -10.3165073395, 1.69470572472, 4.51797056198, 1.44005918503, 9.8205947876, 2.15339565277, 10.2907981873, 2.34152078629, 5.3670129776, 25.3782062531]],
        "icov": [[0.481047511101, -0.686050713062, 0.656852662563, -0.626822471619, 0.611955225468, -0.571580290794, 0.565247833729, -0.489638477564, 0.391485571861, -0.346867948771, 0.315872013569, -0.270384550095, 0.165219664574], [-0.686050713062, 0.987041771412, -0.935721158981, 0.900219261646, -0.873744130135, 0.823440730572, -0.808455646038, 0.699475228786, -0.557585120201, 0.501247823238, -0.452416747808, 0.387568861246, -0.232870340347], [0.656852662563, -0.935721158981, 0.899898886681, -0.853954195976, 0.831199705601, -0.779340386391, 0.77005392313, -0.668965637684, 0.532157540321, -0.476400136948, 0.433953374624, -0.369943827391, 0.224632829428], [-0.626822471619, 0.900219261646, -0.853954195976, 0.829224407673, -0.801076889038, 0.745513737202, -0.734665453434, 0.640298008919, -0.509813129902, 0.45872092247, -0.41370049119, 0.355844914913, -0.212473511696], [0.611955225468, -0.873744130135, 0.831199705601, -0.801076889038, 0.792184889317, -0.727376997471, 0.714439511299, -0.616968870163, 0.50568652153, -0.44273146987, 0.399787694216, -0.340506762266, 0.210519880056], [-0.571580290794, 0.823440730572, -0.779340386391, 0.745513737202, -0.727376997471, 0.706834077835, -0.67330121994, 0.565587699413, -0.459683537483, 0.415784060955, -0.379045069218, 0.330972880125, -0.193678051233], [0.565247833729, -0.808455646038, 0.77005392313, -0.734665453434, 0.714439511299, -0.67330121994, 0.690468668938, -0.588794291019, 0.454273492098, -0.397646695375, 0.37626299262, -0.31676068902, 0.195736646652], [-0.489638477564, 0.699475228786, -0.668965637684, 0.640298008919, -0.616968870163, 0.565587699413, -0.588794291019, 0.550683617592, -0.403083205223, 0.338987082243, -0.316857159138, 0.270780056715, -0.176233306527], [0.391485571861, -0.557585120201, 0.532157540321, -0.509813129902, 0.50568652153, -0.459683537483, 0.454273492098, -0.403083205223, 0.356613725424, -0.277635812759, 0.244534239173, -0.221937030554, 0.135497093201], [-0.346867948771, 0.501247823238, -0.476400136948, 0.45872092247, -0.44273146987, 0.415784060955, -0.397646695375, 0.338987082243, -0.277635812759, 0.297531962395, -0.251069247723, 0.205528706312, -0.123130582273], [0.315872013569, -0.452416747808, 0.433953374624, -0.41370049119, 0.399787694216, -0.379045069218, 0.37626299262, -0.316857159138, 0.244534239173, -0.251069247723, 0.258617430925, -0.195597350597, 0.110886380076], [-0.270384550095, 0.387568861246, -0.369943827391, 0.355844914913, -0.340506762266, 0.330972880125, -0.31676068902, 0.270780056715, -0.221937030554, 0.205528706312, -0.195597350597, 0.1833884269, -0.0983646586537], [0.165219664574, -0.232870340347, 0.224632829428, -0.212473511696, 0.210519880056, -0.193678051233, 0.195736646652, -0.176233306527, 0.135497093201, -0.123130582273, 0.110886380076, -0.0983646586537, 0.105670742691]]
    }
}

}