{
"metadata": {
    "version": {
        "essentia": "2.0.1",
        "extractor": "archive-music 1.0 mod ismir14"
    },
    "audio_properties": {
        "analysis_sample_rate": 44100,
        "bitrate": 64,
        "channels": 2,
        "equal_loudness": 0,
        "length": 30.0669155121,
        "replay_gain": -13.0022926331,
        "downmix": "mix"
    },
    "tags": {
        "track": 0,
        "year": 0,
        "album": "",
        "artist": "",
        "comment": "",
        "genre": "",
        "title": ""
    }
},
"rhythm": {
    "bpm": 88.3269577026,
    "bpm_histogram_first_peak": 89,
    "bpm_histogram_first_peak_spread": 0.333333313465,
    "bpm_histogram_first_peak_weight": 0.651162803173,
    "bpm_histogram_second_peak": 94,
    "bpm_histogram_second_peak_spread": 0,
    "bpm_histogram_second_peak_weight": 0.0232558138669
},
"tonal": {
    "tuning_frequency": {
        "dmean": 0.111603029072,
        "dmean2": 0.219021588564,
        "dvar": 1.37376320362,
        "dvar2": 2.99649000168,
        "max": 453.678466797,
        "mean": 449.849761963,
        "median": 452.892974854,
        "min": 431.941772461,
        "var": 42.0834541321
    },
    "hpcp": {
        "dmean": [0.156254380941, 0.155449450016, 0.171563133597, 0.161954581738, 0.129635319114, 0.162769749761, 0.246578335762, 0.238615557551, 0.235315665603, 0.21302190423, 0.246518209577, 0.206686720252],
        "dmean2": [0.28366586566, 0.288166999817, 0.321713060141, 0.298689961433, 0.244561716914, 0.298967599869, 0.453243404627, 0.435749948025, 0.432230710983, 0.398212224245, 0.439003735781, 0.388866692781],
        "dvar": [0.0654032081366, 0.0736412107944, 0.0870637893677, 0.0755055397749, 0.0642117261887, 0.0683451294899, 0.0948845744133, 0.0951057896018, 0.0974771305919, 0.0953416600823, 0.0817085728049, 0.0933230817318],
        "dvar2": [0.179244428873, 0.204309463501, 0.24452920258, 0.205525025725, 0.181075543165, 0.186165317893, 0.253745436668, 0.239863738418, 0.263092905283, 0.267318487167, 0.208870440722, 0.264260083437],
        "max": [1, 1, 1, 1, 1, 1, 1, 1, 1, 1, 1, 1],
        "mean": [0.148977100849, 0.127490028739, 0.133563935757, 0.174587592483, 0.0907229855657, 0.18434253335, 0.258214354515, 0.247183188796, 0.207310661674, 0.161249145865, 0.371345698833, 0.149163633585],
        "median": [0.0349446423352, 0.0145888337865, 0.0205908454955, 0.0259011555463, 0.0128813814372, 0.0371981337667, 0.0754263103008, 0.0669953674078, 0.0474163927138, 0.0257137250155, 0.20405203104, 0.0246547106653],
        "min": [0, 0, 0, 0, 0, 0, 0, 0, 0, 0, 0, 0],
        "var": [0.0688010752201, 0.0644624680281, 0.0701743289828, 0.0936241075397, 0.0448540300131, 0.0925118029118, 0.121160581708, 0.116690412164, 0.100292883813, 0.0805983915925, 0.140521332622, 0.074899315834]
    }
},
"lowlevel": {
    "melbands": {
        "dmean": [0.00021380315593, 0.00078560761176, 0.000966838968452, 0.000491504382808, 0.000279429514194, 0.000437856506323, 0.000541793822777, 0.000387950974982, 0.00042230024701, 0.00025476195151, 0.000131031207275, 8.07184187579e-05, 6.28505295026e-05, 4.46370140708e-05, 6.26205001026e-05, 4.0953484131e-05, 4.35749607277e-05, 3.64092775271e-05, 2.81091306533e-05, 2.37560834648e-05, 2.09316967812e-05, 2.03227591555e-05, 2.5021196052e-05, 2.59498574451e-05, 1.93848136405e-05, 1.56646619871e-05, 1.16553337648e-05, 7.57358930059e-06, 4.48024093203e-06, 3.53997825187e-06, 2.54405676969e-06, 1.66546271885e-06, 8.18912837985e-07, 6.45257557608e-07, 5.50901177121e-07, 4.08342344826e-07, 2.61078923813e-07, 1.09664242132e-07, 2.00804066708e-08, 9.01225316596e-10],
        "dmean2": [0.000367408065358, 0.00135214335751, 0.00167471216992, 0.000835213635582, 0.00046960558393, 0.000737892463803, 0.000961839105003, 0.000633628747892, 0.000710476248059, 0.000430760759627, 0.000204672076507, 0.000120093347505, 9.93854264379e-05, 6.99342490407e-05, 9.30905298446e-05, 6.56242773402e-05, 7.07158033038e-05, 5.93109434703e-05, 4.59036418761e-05, 3.95785937144e-05, 3.44479194609e-05, 3.24973188981e-05, 3.99972159357e-05, 4.18983872805e-05, 3.0404460631e-05, 2.53428952419e-05, 1.78660757228e-05, 1.17934596346e-05, 7.3771661846e-06, 5.61327306059e-06, 4.01731813326e-06, 2.71990734291e-06, 1.34120591611e-06, 1.07163316443e-06, 8.93356798315e-07, 6.67960250667e-07, 4.23520418735e-07, 1.7625785631e-07, 3.21504316503e-08, 1.38837119579e-09],
        "dvar": [9.00972594309e-08, 1.17396439236e-06, 1.54843917244e-06, 5.75468277475e-07, 1.63176039791e-07, 3.21344373333e-07, 8.54163374697e-07, 8.93332980922e-07, 5.31409227733e-07, 2.38027894284e-07, 8.71464322927e-08, 5.00003807247e-08, 3.95768786632e-08, 1.67222289349e-08, 4.8598828073e-08, 1.12347953163e-08, 1.947049455e-08, 9.19215992212e-09, 6.60943122455e-09, 6.24051210707e-09, 3.3211751127e-09, 3.2868605615e-09, 3.60489593731e-09, 3.97875821179e-09, 2.31837926634e-09, 1.05278186169e-09, 9.68071289797e-10, 4.53738435713e-10, 8.87069723232e-11, 6.73835501286e-11, 3.55811630159e-11, 1.34757474277e-11, 2.54936891909e-12, 1.19894350524e-12, 1.02850388796e-12, 4.93034974826e-13, 2.16781250611e-13, 5.5001596539e-14, 2.95684759975e-15, 2.80679649235e-18],
        "dvar2": [2.62585047039e-07, 3.03521937894e-06, 4.35815672972e-06, 1.65038818523e-06, 4.32315346188e-07, 8.56438532537e-07, 2.42336386691e-06, 2.19795560952e-06, 1.52251641339e-06, 6.58149076571e-07, 2.21928615929e-07, 8.76717791698e-08, 8.92403164698e-08, 3.89401968448e-08, 1.11227251409e-07, 2.66690260986e-08, 4.63708005327e-08, 2.32991617111e-08, 1.75901444521e-08, 1.66811915392e-08, 8.88458373538e-09, 8.96631480174e-09, 9.43391587072e-09, 9.94678295285e-09, 5.38754596491e-09, 2.55599164056e-09, 1.89057680622e-09, 9.23124299224e-10, 2.20617746294e-10, 1.49825554741e-10, 8.00825517011e-11, 3.23253784851e-11, 6.37982895679e-12, 3.31855116303e-12, 2.82577693883e-12, 1.30142088512e-12, 5.75396663909e-13, 1.44366425281e-13, 8.29166227188e-15, 6.97738758089e-18],
        "max": [0.00376917468384, 0.0143196750432, 0.0152785032988, 0.012412596494, 0.00554620428011, 0.0060778898187, 0.0101066175848, 0.0107786674052, 0.0168537031859, 0.0116193015128, 0.00691816722974, 0.00569358887151, 0.00567343086004, 0.00375026580878, 0.00826676469296, 0.00272558024153, 0.00389124755748, 0.00177172955591, 0.00108822702896, 0.00168869062327, 0.00091326306574, 0.00154350080993, 0.00129043450579, 0.00125489686616, 0.00094124727184, 0.000694020825904, 0.000747344107367, 0.00067607924575, 0.00016158609651, 0.000282735010842, 0.000177410867764, 0.000109397144115, 3.41657687386e-05, 2.27340788115e-05, 1.83320753422e-05, 9.97225288302e-06, 7.73515148467e-06, 5.1369565881e-06, 1.35263189804e-06, 2.42857574051e-08],
        "mean": [0.000256059662206, 0.00106551870704, 0.00126015336718, 0.000718878873158, 0.000375804695068, 0.000648109882604, 0.000650528178085, 0.000502182927448, 0.000764593074564, 0.000438639166532, 0.000280584965367, 0.000156851659995, 0.000109945976874, 7.86355376476e-05, 0.000120013777632, 7.39823226468e-05, 7.56960071158e-05, 6.21455619694e-05, 4.36363370682e-05, 3.88780899812e-05, 3.60676458513e-05, 3.7112939026e-05, 5.64728470636e-05, 6.20380451437e-05, 3.98527336074e-05, 3.38451827702e-05, 2.78393636108e-05, 1.60208091984e-05, 8.63089917402e-06, 7.15746000424e-06, 5.74977184442e-06, 3.55852716893e-06, 1.78086941105e-06, 1.38399491334e-06, 1.2657002344e-06, 8.88876684257e-07, 5.50890661088e-07, 2.21367727704e-07, 3.82548464017e-08, 1.41707401369e-09],
        "median": [0.00012562572374, 0.00055425229948, 0.00069947965676, 0.000371537054889, 0.000207965771551, 0.000370196037693, 0.000285716319922, 0.000160083523951, 0.00027191353729, 0.000148924227688, 0.000121992037748, 4.93852567161e-05, 2.25124349527e-05, 2.26488809858e-05, 3.94296839659e-05, 1.93121049961e-05, 1.72711024788e-05, 1.34294350573e-05, 1.14594877232e-05, 7.69084181229e-06, 7.7554022937e-06, 7.70037058828e-06, 6.77307298247e-06, 5.76086858928e-06, 8.19669094199e-06, 8.87747864908e-06, 3.54748021891e-06, 3.77866467716e-06, 4.01551369578e-06, 2.41723728323e-06, 1.44701027693e-06, 1.33437856675e-06, 8.45675685923e-07, 7.62390868658e-07, 6.76835213653e-07, 4.6551218702e-07, 3.21931821645e-07, 1.20461223219e-07, 1.94400211484e-08, 6.12089268159e-10],
        "min": [3.22988684409e-12, 6.18673840456e-13, 6.83845341465e-14, 1.65269978692e-13, 1.66579234131e-13, 5.90853537971e-13, 5.99402255261e-13, 1.0764549381e-13, 4.50686546188e-14, 5.59839099653e-15, 1.91625407152e-15, 3.33753613939e-14, 5.57459182711e-14, 2.90136329946e-14, 3.83602316036e-14, 1.47519149674e-13, 6.18830616091e-14, 1.14953999011e-13, 4.40595063417e-14, 6.31020504404e-14, 1.86937156022e-14, 4.25283587643e-14, 7.01151308779e-14, 9.41393637306e-14, 1.42833282094e-13, 1.02640559084e-13, 1.17125330702e-13, 8.70321745445e-14, 4.79308839797e-14, 2.45937879708e-14, 3.61276052206e-14, 5.19901843473e-14, 2.94603344541e-14, 4.05073245996e-14, 3.25319740764e-14, 1.23973376934e-14, 4.47587523685e-14, 3.45383206898e-14, 3.18517761266e-14, 1.36348833225e-14],
        "var": [1.49490574586e-07, 2.09638005799e-06, 2.46395029535e-06, 1.11450265194e-06, 2.47944882403e-07, 5.83449434544e-07, 9.66287643678e-07, 1.09518748559e-06, 2.65152766588e-06, 1.01943260233e-06, 2.39598477947e-07, 2.06424516591e-07, 1.46630412701e-07, 4.43855725507e-08, 1.11863535324e-07, 3.85949761039e-08, 5.61260584675e-08, 2.5008327853e-08, 1.00731725183e-08, 1.40986378128e-08, 6.83951872915e-09, 6.52996412498e-09, 1.51532830728e-08, 2.02323686693e-08, 7.82554820944e-09, 4.56530502291e-09, 5.09977216012e-09, 2.01870098415e-09, 2.23355237083e-10, 2.96099839092e-10, 1.75724379492e-10, 4.74850540833e-11, 8.54142624684e-12, 3.82796268641e-12, 3.48605823028e-12, 1.3330588803e-12, 4.35151291086e-13, 8.67741954138e-14, 3.68303350938e-15, 5.56125809451e-18]
    },
    "mfcc": {
        "dmean": [12.7797040939, 9.68967723846, 9.99234390259, 8.04572963715, 8.29554271698, 7.73126077652, 7.68891525269, 7.4180560112, 7.27864170074, 7.20585632324, 6.89106082916, 6.81266832352, 6.80032444],
        "dmean2": [17.131729126, 15.6740236282, 15.8652248383, 13.2760210037, 13.4289255142, 12.9944171906, 12.6050710678, 12.218328476, 11.9656496048, 11.8589420319, 11.5165872574, 11.5122108459, 11.3223724365],
        "dvar": [235.990112305, 62.0653953552, 74.280090332, 41.797580719, 42.8454742432, 36.1409072876, 35.8888473511, 32.9862976074, 30.5374507904, 29.8028392792, 28.8673229218, 28.6122436523, 27.5531196594],
        "dvar2": [381.546844482, 152.97454834, 189.719787598, 108.479988098, 113.396644592, 97.3346633911, 96.7696456909, 87.6380996704, 85.1045532227, 81.2470016479, 77.5666656494, 80.7585601807, 76.5307922363],
        "max": [-509.370635986, 198.066345215, 45.3023262024, 103.814407349, 26.4948310852, 47.1864356995, 38.1844482422, 55.6967849731, 11.7469062805, 52.4091110229, 29.6054611206, 42.8059654236, 19.3349609375],
        "mean": [-629.866149902, 137.736831665, -20.1593666077, 39.7699546814, -25.2211151123, 8.10249996185, -16.7507648468, 10.8427391052, -16.0600891113, 13.9368543625, -7.55785131454, 7.69376420975, -14.5861444473],
        "median": [-636.902282715, 140.125366211, -17.2715835571, 38.1329536438, -26.2695808411, 8.42817115784, -17.5287742615, 10.3849716187, -15.6399421692, 14.5558776855, -8.02985572815, 7.81232070923, -13.858795166],
        "min": [-1138.42004395, 1.14440917969e-05, -103.042495728, -12.5098419189, -83.0538406372, -32.9458427429, -58.4425964355, -26.7758789062, -54.0545158386, -33.5721206665, -40.7688293457, -22.9279212952, -57.5837554932],
        "var": [2237.81420898, 513.028869629, 541.6171875, 261.625579834, 234.83883667, 160.60748291, 185.084854126, 121.717643738, 109.44859314, 122.296531677, 97.3725891113, 85.9345550537, 117.989555359],
        "cov": [[2238.67822266, -322.06918335, -696.532653809, 138.949798584, 24.4095535278, -95.2738876343, -57.5698852539, 119.977798462, -58.0048027039, -12.0050106049, -29.4708137512, 19.6245346069, -97.2509841919], [-322.06918335, 513.226989746, 209.150268555, -157.769485474, -82.9275512695, 40.485786438, -4.15791702271, -74.2587738037, 33.0623207092, 30.4123210907, 25.0726318359, 28.117307663, 50.7195892334], [-696.532653809, 209.150268555, 541.826293945, 22.9200687408, 19.7244529724, 62.0046920776, 12.6442327499, -17.1944408417, 16.7546272278, 5.51896572113, -5.54763460159, -13.0604400635, 31.1191806793], [138.949798584, -157.769485474, 22.9200687408, 261.726593018, 138.356079102, -41.1175575256, -28.1404953003, 43.0038414001, -11.953622818, -23.185344696, -13.5438013077, -16.0085659027, -7.44224500656], [24.4095535278, -82.9275512695, 19.7244529724, 138.356079102, 234.929519653, 10.9889802933, -33.9871139526, 33.1012268066, -8.92930698395, -17.597776413, -19.2052021027, -12.9033575058, 2.04312252998], [-95.2738876343, 40.485786438, 62.0046920776, -41.1175575256, 10.9889802933, 160.669494629, 92.6719284058, 10.0966014862, 0.821188688278, -16.833404541, -6.97347450256, 0.315718322992, -18.9882717133], [-57.5698852539, -4.15791702271, 12.6442327499, -28.1404953003, -33.9871139526, 92.6719284058, 185.156311035, 51.1670265198, -23.1033992767, -20.2485599518, -8.47523498535, 5.71133136749, -16.165681839], [119.977798462, -74.2587738037, -17.1944408417, 43.0038414001, 33.1012268066, 10.0966014862, 51.1670265198, 121.764633179, 12.8287467957, -20.3717956543, -5.2350897789, -3.36459875107, -8.67022228241], [-58.0048027039, 33.0623207092, 16.7546272278, -11.953622818, -8.92930698395, 0.821188688278, -23.1033992767, 12.8287467957, 109.490852356, 47.6958389282, 11.0834083557, 2.49189352989, 5.48612642288], [-12.0050106049, 30.4123210907, 5.51896572113, -23.185344696, -17.597776413, -16.833404541, -20.2485599518, -20.3717956543, 47.6958389282, 122.34375, 37.1552391052, 6.95360326767, 16.5325012207], [-29.4708137512, 25.0726318359, -5.54763460159, -13.5438013077, -19.2052021027, -6.97347450256, -8.47523498535, -5.2350897789, 11.0834083557, 37.1552391052, 97.4101867676, 32.9257316589, -2.04444003105], [19.6245346069, 28.117307663, -13.0604400635, -16.0085659027, -12.9033575058, 0.315718322992, 5.71133136749, -3.36459875107, 2.49189352989, 6.95360326767, 32.9257316589, 85.9677352905, 41.9782142639], [-97.2509841919, 50.7195892334, 31.1191806793, -7.44224500656, 2.04312252998, -18.9882717133, -16.165681839, -8.67022228241, 5.48612642288, 16.5325012207, -2.04444003105, 41.9782142639, 118.035110474]],
        "icov": [[0.00106255896389, -0.000396955874749, 0.00144310563337, -0.000989249907434, 0.000601698528044, -0.000596432655584, 0.00108713738155, -0.00148849992547, 0.00108287727926, -0.000923832296394, 0.0010248881299, -0.00093674461823, 0.000966344668996], [-0.000396955874749, 0.00354541861452, -0.00182711158413, 0.00226842984557, -0.000304514891468, 0.000259073392954, -0.000519539986271, 0.00191514904145, -0.00129679928068, 0.000788818579167, -0.00101486698259, 9.18978112168e-05, -0.00120979105122], [0.00144310563337, -0.00182711158413, 0.00454497337341, -0.00258023315109, 0.000998691888526, -0.00197829911485, 0.00159916956909, -0.00204482185654, 0.00143423688132, -0.00133482308593, 0.00134816183709, -0.000290692638373, 0.000593479664531], [-0.000989249907434, 0.00226842984557, -0.00258023315109, 0.00848811492324, -0.00436643930152, 0.00320918182842, -0.00157754635438, 0.000928684603423, -0.00131645426154, 0.00174872973002, -0.00140486704186, 0.000903428182937, -0.000659730110783], [0.000601698528044, -0.000304514891468, 0.000998691888526, -0.00436643930152, 0.0077408272773, -0.00357900932431, 0.00360184255987, -0.00275641889311, 0.0018762050895, -0.00112420739606, 0.00147485383786, -0.000344664411386, -0.00011254799756], [-0.000596432655584, 0.000259073392954, -0.00197829911485, 0.00320918182842, -0.00357900932431, 0.0118542732671, -0.007024849765, 0.00300506176427, -0.00290968059562, 0.00221623876132, -0.000691237451974, -5.48627576791e-05, 0.00118111574557], [0.00108713738155, -0.000519539986271, 0.00159916956909, -0.00157754635438, 0.00360184255987, -0.007024849765, 0.0120900142938, -0.00683823507279, 0.00478900922462, -0.00238598254509, 0.00237368792295, -0.00222177733667, 0.00150182843208], [-0.00148849992547, 0.00191514904145, -0.00204482185654, 0.000928684603423, -0.00275641889311, 0.00300506176427, -0.00683823507279, 0.0147423651069, -0.00589737575501, 0.00424331892282, -0.00270304037258, 0.00193924107589, -0.00183091708459], [0.00108287727926, -0.00129679928068, 0.00143423688132, -0.00131645426154, 0.0018762050895, -0.00290968059562, 0.00478900922462, -0.00589737575501, 0.0141935609281, -0.00655868370086, 0.00229826942086, -0.00164693279658, 0.00159490690567], [-0.000923832296394, 0.000788818579167, -0.00133482308593, 0.00174872973002, -0.00112420739606, 0.00221623876132, -0.00238598254509, 0.00424331892282, -0.00655868370086, 0.0132724847645, -0.00575443962589, 0.00300943129696, -0.00300114857964], [0.0010248881299, -0.00101486698259, 0.00134816183709, -0.00140486704186, 0.00147485383786, -0.000691237451974, 0.00237368792295, -0.00270304037258, 0.00229826942086, -0.00575443962589, 0.0157069247216, -0.00785763654858, 0.00459203729406], [-0.00093674461823, 9.18978112168e-05, -0.000290692638373, 0.000903428182937, -0.000344664411386, -5.48627576791e-05, -0.00222177733667, 0.00193924107589, -0.00164693279658, 0.00300943129696, -0.00785763654858, 0.0188447237015, -0.0080254226923], [0.000966344668996, -0.00120979105122, 0.000593479664531, -0.000659730110783, -0.00011254799756, 0.00118111574557, 0.00150182843208, -0.00183091708459, 0.00159490690567, -0.00300114857964, 0.00459203729406, -0.0080254226923, 0.0131331114098]]
    }
}

}