{
"metadata": {
    "version": {
        "essentia": "2.0.1",
        "extractor": "archive-music 1.0 mod ismir14"
    },
    "audio_properties": {
        "analysis_sample_rate": 44100,
        "bitrate": 64,
        "channels": 2,
        "equal_loudness": 0,
        "length": 30.0669155121,
        "replay_gain": -13.4510478973,
        "downmix": "mix"
    },
    "tags": {
        "track": 0,
        "year": 0,
        "album": "",
        "artist": "",
        "comment": "",
        "genre": "",
        "title": ""
    }
},
"rhythm": {
    "bpm": 90.2969741821,
    "bpm_histogram_first_peak": 91,
    "bpm_histogram_first_peak_spread": 0.365853667259,
    "bpm_histogram_first_peak_weight": 0.604651153088,
    "bpm_histogram_second_peak": 83,
    "bpm_histogram_second_peak_spread": 0.5,
    "bpm_histogram_second_peak_weight": 0.0232558138669
},
"tonal": {
    "tuning_frequency": {
        "dmean": 0.126771777868,
        "dmean2": 0.233530312777,
        "dvar": 1.72952210903,
        "dvar2": 3.41958117485,
        "max": 456.04309082,
        "mean": 439.651153564,
        "median": 431.692352295,
        "min": 431.193908691,
        "var": 78.3184585571
    },
    "hpcp": {
        "dmean": [0.207680344582, 0.171333029866, 0.185382604599, 0.174759104848, 0.142978072166, 0.180176779628, 0.201203033328, 0.217995136976, 0.25792875886, 0.179800361395, 0.18187443912, 0.196873903275],
        "dmean2": [0.381749153137, 0.321136772633, 0.347698420286, 0.323294490576, 0.265083521605, 0.327319800854, 0.375909030437, 0.404039263725, 0.477963358164, 0.340898036957, 0.340599924326, 0.37360945344],
        "dvar": [0.0899685919285, 0.0901512801647, 0.101256921887, 0.0877225920558, 0.0682995319366, 0.0862504243851, 0.103331565857, 0.10834364593, 0.119559586048, 0.100465543568, 0.0919264182448, 0.101901575923],
        "dvar2": [0.249532699585, 0.244458928704, 0.287261754274, 0.24992325902, 0.18882599473, 0.23359028995, 0.279202997684, 0.286560803652, 0.315824836493, 0.285366624594, 0.268236488104, 0.294359892607],
        "max": [1, 1, 1, 1, 1, 1, 1, 1, 1, 1, 1, 1],
        "mean": [0.183995783329, 0.144380748272, 0.147745266557, 0.144361495972, 0.113448396325, 0.165012553334, 0.180466488004, 0.190009266138, 0.27440482378, 0.12271732837, 0.135998234153, 0.137605309486],
        "median": [0.0340657159686, 0.0190728195012, 0.0170306377113, 0.0189300216734, 0.016768116504, 0.0213541537523, 0.0189109873027, 0.0246062539518, 0.056062284857, 0.0110205113888, 0.0173032395542, 0.0154266217723],
        "min": [0, 0, 0, 0, 0, 0, 0, 0, 0, 0, 0, 0],
        "var": [0.0909454301, 0.0823108404875, 0.0850231721997, 0.0776924490929, 0.055551327765, 0.088102184236, 0.104829259217, 0.104931987822, 0.143378794193, 0.073071911931, 0.0728231966496, 0.0783769637346]
    }
},
"lowlevel": {
    "melbands": {
        "dmean": [0.000750067527406, 0.00247164373286, 0.00120889069512, 0.000470838218462, 0.000330216542352, 0.000251605320955, 0.000278736959444, 0.00031075332663, 0.000459270260762, 0.000314599921694, 0.000142123564729, 0.00015799610992, 0.000142052638694, 9.63455458987e-05, 0.000137181355967, 0.00013531667355, 3.34239994118e-05, 2.58535601461e-05, 1.48674116645e-05, 1.8346525394e-05, 2.76964856312e-05, 2.00334870897e-05, 3.56758973794e-05, 2.54228270933e-05, 1.47029168147e-05, 1.72327381733e-05, 1.37271081257e-05, 8.28681186249e-06, 4.08387404605e-06, 3.36287416758e-06, 1.80323161203e-06, 8.87373062142e-07, 5.42897396372e-07, 4.31630809317e-07, 3.89717513372e-07, 3.32426083105e-07, 1.74900392835e-07, 1.1872145933e-07, 3.24433528931e-08, 2.86768409019e-09],
        "dmean2": [0.00123378809076, 0.00448859855533, 0.00211948412471, 0.00079917605035, 0.000563266163226, 0.000428583502071, 0.000463230157038, 0.000485961296363, 0.000674408045597, 0.000430059677456, 0.000211414400837, 0.00022056272428, 0.000185779266758, 0.000152702748892, 0.000202489900403, 0.000194356500288, 4.77252651763e-05, 3.86207175325e-05, 2.39949094976e-05, 2.93898901873e-05, 4.48532045993e-05, 3.23637323163e-05, 5.73410434299e-05, 3.80802121072e-05, 2.20672463911e-05, 2.72764409601e-05, 2.06696913665e-05, 1.21715147543e-05, 6.27240251561e-06, 5.04029594595e-06, 2.78094512396e-06, 1.40510087476e-06, 8.68405891197e-07, 6.82502900418e-07, 6.20944888396e-07, 5.32170645329e-07, 2.74680331813e-07, 1.87896304737e-07, 5.09472712906e-08, 4.52321113897e-09],
        "dvar": [6.56534552945e-07, 8.20526474854e-06, 1.79695700808e-06, 4.38011653614e-07, 5.06942910761e-07, 1.90784263054e-07, 2.31792483874e-07, 3.5030853951e-07, 8.66151026457e-07, 1.05282538243e-06, 2.96118400911e-07, 2.10582669524e-07, 1.32781082129e-07, 9.2324370371e-08, 1.36809831019e-07, 1.67998024381e-07, 9.18820308726e-09, 4.2641810083e-09, 6.68402777571e-10, 9.59346824203e-10, 3.29325011705e-09, 1.72036773716e-09, 6.08823391701e-09, 2.98059399384e-09, 8.86681394974e-10, 1.10960307609e-09, 9.20773568502e-10, 3.01557223636e-10, 6.76475889194e-11, 5.5419311501e-11, 1.44347233819e-11, 2.43015503554e-12, 6.11256867605e-13, 3.79029056405e-13, 3.82815957753e-13, 2.3083558719e-13, 6.35823181215e-14, 3.43651803791e-14, 2.65376947034e-15, 2.43775453563e-17],
        "dvar2": [1.84497571354e-06, 2.72342604148e-05, 5.21950596521e-06, 1.14417559871e-06, 1.42507803957e-06, 5.2762766245e-07, 6.1410383978e-07, 8.09401342394e-07, 1.73870103026e-06, 1.85682119991e-06, 5.02766567934e-07, 3.2737605693e-07, 2.12247911691e-07, 2.18464748514e-07, 2.42064515987e-07, 2.90080066634e-07, 1.19415144439e-08, 8.41039948796e-09, 1.559218199e-09, 2.3986945763e-09, 8.02061528304e-09, 4.43743752854e-09, 1.58688475693e-08, 6.12249007048e-09, 1.93106419744e-09, 2.81374168409e-09, 2.00473837531e-09, 5.67253521933e-10, 1.38784428394e-10, 1.09633038758e-10, 3.22209411929e-11, 5.76769144597e-12, 1.5058480721e-12, 8.84348150265e-13, 8.91391615469e-13, 5.76667186225e-13, 1.49183020538e-13, 8.50047639158e-14, 5.79486621787e-15, 5.87765492697e-17],
        "max": [0.00836280547082, 0.0253009870648, 0.0130587629974, 0.00878596305847, 0.0111703556031, 0.00629677716643, 0.00990924518555, 0.0094149671495, 0.0179798584431, 0.0201071724296, 0.0250065531582, 0.0165499411523, 0.0144922090694, 0.00765788462013, 0.00900422688574, 0.0121386786923, 0.00490012764931, 0.00187178677879, 0.000406339764595, 0.000346051732777, 0.000895774399396, 0.000574345351197, 0.00109255185816, 0.000862469489221, 0.000570118078031, 0.000485179421958, 0.00055049743969, 0.00030635818257, 0.000175274239155, 0.000161365591339, 7.49536775402e-05, 3.57627432095e-05, 1.23700829135e-05, 1.2207702639e-05, 1.13324149424e-05, 7.50436947783e-06, 5.34547643838e-06, 3.20147069033e-06, 1.11330132313e-06, 1.0784944493e-07],
        "mean": [0.00127479189541, 0.00343183777295, 0.00180192606058, 0.000673134753015, 0.000436850474216, 0.000378875207389, 0.000437192677055, 0.00059135328047, 0.000897776451893, 0.000603800348472, 0.000233264334383, 0.000267087278189, 0.00031335814856, 0.000144958132296, 0.00022942488431, 0.000244511116762, 6.23835076112e-05, 4.32075430581e-05, 2.59105909208e-05, 3.05448593281e-05, 4.47657948826e-05, 3.44792315445e-05, 5.78209728701e-05, 4.56423404103e-05, 2.85222140519e-05, 3.15068464261e-05, 2.56245912169e-05, 1.54565150297e-05, 7.63746174925e-06, 6.01113470111e-06, 3.38061727234e-06, 1.77989272743e-06, 1.10258724817e-06, 9.40811730743e-07, 8.48439356105e-07, 7.06288346919e-07, 3.8827730009e-07, 2.56609808957e-07, 7.33077669679e-08, 4.69247218859e-09],
        "median": [0.00092224101536, 0.00236484501511, 0.00126510823611, 0.000401251076255, 0.000191907311091, 0.000177453592187, 0.000167470483575, 0.000183780532097, 0.00024333242618, 8.97890349734e-05, 5.01246213389e-05, 6.09042945143e-05, 4.69178557978e-05, 4.52951535408e-05, 5.63326248084e-05, 4.10032807849e-05, 1.40182182804e-05, 1.14227868835e-05, 1.08381900645e-05, 1.24472926473e-05, 1.34531965159e-05, 1.07336809378e-05, 1.4876071873e-05, 1.02958192656e-05, 9.5960112958e-06, 1.17614099509e-05, 6.72989790473e-06, 3.79097537007e-06, 2.78816605714e-06, 1.90908895092e-06, 1.41192742831e-06, 9.71484382717e-07, 6.9375420253e-07, 5.97668702085e-07, 5.50232471141e-07, 4.87071702082e-07, 2.44247928549e-07, 1.63205058357e-07, 4.49831780713e-08, 2.62332688905e-09],
        "min": [4.20494856383e-13, 2.76311552848e-13, 3.43149581016e-14, 6.01668102276e-14, 1.25043896136e-13, 3.09941281624e-13, 2.06900008194e-13, 4.80163428278e-14, 1.08747324432e-14, 3.92793572191e-15, 3.09189861756e-14, 1.15999569705e-14, 4.44980695086e-14, 2.02553343429e-14, 3.71366755706e-14, 3.81700659307e-14, 3.20677491993e-14, 9.11420055096e-14, 7.47927178632e-14, 3.07847578809e-13, 5.48110039615e-14, 1.94303513573e-14, 2.52018729236e-14, 1.68978302488e-13, 2.61440798481e-13, 5.7022949188e-14, 2.48287745615e-13, 4.7031318049e-14, 8.56402961242e-14, 2.51204832218e-14, 1.21424841143e-14, 3.88286069421e-14, 3.43649499861e-14, 2.61991441047e-14, 1.78865304729e-14, 1.76215633204e-14, 1.82018926976e-14, 1.15283233941e-14, 1.57087833545e-14, 3.45786779981e-15],
        "var": [1.4470339238e-06, 1.04729833765e-05, 2.8894994557e-06, 6.79067170495e-07, 5.71766122448e-07, 3.40454846537e-07, 5.88702846471e-07, 1.02336525742e-06, 2.78972470369e-06, 3.66002450392e-06, 1.15772729714e-06, 6.43860403216e-07, 6.9970047889e-07, 1.29742758759e-07, 3.46485563796e-07, 6.07087372373e-07, 6.41360387021e-08, 1.54612020964e-08, 1.59365476371e-09, 1.79671555411e-09, 5.90493520747e-09, 3.21431992134e-09, 1.17331335758e-08, 7.53415196897e-09, 2.17241979961e-09, 2.52059662031e-09, 2.25593010938e-09, 8.20259971057e-10, 1.66381006195e-10, 1.38574970943e-10, 3.11680611875e-11, 5.61707928434e-12, 1.48133707991e-12, 1.01421529595e-12, 8.399093053e-13, 4.79015373374e-13, 1.75963979715e-13, 8.37998290551e-14, 7.66403372785e-15, 4.69855859461e-17]
    },
    "mfcc": {
        "dmean": [13.4234027863, 9.09798336029, 9.85550308228, 8.38760375977, 8.02151203156, 7.80331373215, 7.57598638535, 7.22310781479, 7.00218915939, 6.73801279068, 6.85016679764, 6.71019029617, 6.42128133774],
        "dmean2": [16.5498085022, 14.3746986389, 15.2449321747, 13.4409170151, 13.0029554367, 12.6960220337, 12.6123733521, 12.0297670364, 11.4369592667, 11.1654396057, 11.2606983185, 11.033911705, 10.5339803696],
        "dvar": [256.160705566, 51.2186126709, 68.8624343872, 43.1882820129, 37.1697502136, 37.7151298523, 33.8624954224, 30.6014003754, 28.4477367401, 27.1501274109, 29.5168952942, 27.8254337311, 23.4119911194],
        "dvar2": [265.312896729, 126.994903564, 150.199371338, 105.115257263, 97.7223434448, 97.1838531494, 93.5236129761, 82.6440353394, 78.0051803589, 72.9898910522, 79.170249939, 73.0095825195, 62.2015991211],
        "max": [-510.632904053, 199.973754883, 51.3858108521, 97.0656814575, 36.9965400696, 57.1269454956, 46.4528388977, 59.6013755798, 21.9221878052, 51.4213485718, 27.9249916077, 46.7892417908, 23.2147941589],
        "mean": [-620.981872559, 142.823898315, -19.4217510223, 41.7227745056, -10.5178604126, 11.0093765259, -0.422354340553, 18.5417499542, -11.1741132736, 12.0939922333, -4.0325756073, 13.2985134125, -5.32205677032],
        "median": [-623.476806641, 143.418960571, -17.4976654053, 41.2912101746, -10.7698955536, 11.9967575073, -0.854572296143, 18.8657722473, -10.8305892944, 11.8464717865, -3.83961486816, 13.2407913208, -5.26182556152],
        "min": [-1138.42004395, 1.14440917969e-05, -84.7641906738, -18.5016059875, -55.7542724609, -38.1174354553, -39.0255813599, -21.5121917725, -48.3675994873, -28.5991744995, -33.5975646973, -21.9332733154, -33.741065979],
        "var": [2346.75561523, 301.719055176, 510.750915527, 306.687896729, 220.566864014, 217.75743103, 167.979431152, 125.471725464, 89.2230834961, 100.795394897, 94.0245285034, 88.8377456665, 75.4651184082],
        "cov": [[2347.66186523, 105.144088745, -684.955810547, 52.5384521484, -322.736694336, -225.49307251, -144.802154541, -57.8133087158, -67.469367981, -12.7890539169, -82.7097702026, 21.1588039398, -84.7206420898], [105.144088745, 301.835540771, 6.42846441269, -89.3296127319, -62.2299041748, -1.24842834473, 11.779838562, 3.17624807358, -16.7400951385, 15.0923929214, 44.1062011719, -0.359073132277, -2.75163841248], [-684.955810547, 6.42846441269, 510.948120117, -24.6343727112, 170.993865967, 70.7255859375, 24.2567195892, 12.0476922989, 27.7907848358, 16.8503055573, 10.4173402786, -19.3712749481, 28.4043731689], [52.5384521484, -89.3296127319, -24.6343727112, 306.806335449, 65.4368515015, -4.63120174408, -60.3368797302, -19.0827331543, 43.9902229309, 13.1670560837, -41.5118217468, -4.62458992004, 22.5399246216], [-322.736694336, -62.2299041748, 170.993865967, 65.4368515015, 220.652023315, 43.5193710327, 18.778793335, -12.9960699081, 24.9107322693, 23.2102870941, -10.3239860535, -1.46196246147, 8.28237533569], [-225.49307251, -1.24842834473, 70.7255859375, -4.63120174408, 43.5193710327, 217.841506958, 101.63722229, 35.4160232544, -20.3373317719, -8.52995872498, 34.1920089722, -5.17961978912, -17.658498764], [-144.802154541, 11.779838562, 24.2567195892, -60.3368797302, 18.778793335, 101.63722229, 168.044296265, 66.8897476196, -7.71233654022, -21.3062038422, 23.9739437103, 12.1944580078, -10.6238021851], [-57.8133087158, 3.17624807358, 12.0476922989, -19.0827331543, -12.9960699081, 35.4160232544, 66.8897476196, 125.520172119, 21.9711990356, -14.9251117706, 6.07342290878, 12.2231445312, 5.83682250977], [-67.469367981, -16.7400951385, 27.7907848358, 43.9902229309, 24.9107322693, -20.3373317719, -7.71233654022, 21.9711990356, 89.2575378418, 37.7942695618, -0.644539833069, -2.24005031586, 10.4710502625], [-12.7890539169, 15.0923929214, 16.8503055573, 13.1670560837, 23.2102870941, -8.52995872498, -21.3062038422, -14.9251117706, 37.7942695618, 100.834312439, 28.8569583893, -2.1508936882, -2.6781744957], [-82.7097702026, 44.1062011719, 10.4173402786, -41.5118217468, -10.3239860535, 34.1920089722, 23.9739437103, 6.07342290878, -0.644539833069, 28.8569583893, 94.0608291626, 29.0955562592, -3.06568861008], [21.1588039398, -0.359073132277, -19.3712749481, -4.62458992004, -1.46196246147, -5.17961978912, 12.1944580078, 12.2231445312, -2.24005031586, -2.1508936882, 29.0955562592, 88.8720474243, 24.8645019531], [-84.7206420898, -2.75163841248, 28.4043731689, 22.5399246216, 8.28237533569, -17.658498764, -10.6238021851, 5.83682250977, 10.4710502625, -2.6781744957, -3.06568861008, 24.8645019531, 75.4942550659]],
        "icov": [[0.000917338009458, -0.000405069586122, 0.000867233087774, -0.000264158501523, 0.000526850286406, 0.000376053940272, 0.000270848249784, -6.2291539507e-05, 0.000516428786796, -0.000446508056484, 0.00101641740184, -0.000655951502267, 0.00101020012517], [-0.000405069586122, 0.00422051222995, -0.000755120418034, 0.000757758680265, 0.000929191650357, 0.000104013211967, -0.000347254012013, 5.60742228117e-05, 0.000398051983211, -0.000531812896952, -0.00190785597079, 0.000901394116227, -0.000822116853669], [0.000867233087774, -0.000755120418034, 0.00399556383491, 0.00076536310371, -0.0022083458025, -0.000521922367625, 0.00110551412217, -0.00050601986004, -0.00032632186776, 5.21574620507e-05, 0.00050496601034, 0.000543050118722, -0.000582477136049], [-0.000264158501523, 0.000757758680265, 0.00076536310371, 0.00498065911233, -0.0017503030831, -0.0016259085387, 0.0021885712631, 0.000135265829158, -0.0024388267193, 0.000363514147466, 0.00116373109631, 5.02506336488e-05, -0.00155272928532], [0.000526850286406, 0.000929191650357, -0.0022083458025, -0.0017503030831, 0.00838779006153, -0.000265788432444, -0.00180530792568, 0.00186720583588, -0.000192539635464, -0.00204319693148, 0.0020225381013, -0.00162425346207, 0.00116908247583], [0.000376053940272, 0.000104013211967, -0.000521922367625, -0.0016259085387, -0.000265788432444, 0.00810891762376, -0.00435850257054, -0.000639987410977, 0.00291566248052, -0.000257172010606, -0.00246016983874, 0.00131321675144, 0.00152368377894], [0.000270848249784, -0.000347254012013, 0.00110551412217, 0.0021885712631, -0.00180530792568, -0.00435850257054, 0.0118551142514, -0.00453302683309, -0.000518183165696, 0.00176564930007, -0.000260954722762, -0.00113988015801, 0.000918598729186], [-6.2291539507e-05, 5.60742228117e-05, -0.00050601986004, 0.000135265829158, 0.00186720583588, -0.000639987410977, -0.00453302683309, 0.0119721647352, -0.00471710041165, 0.00194229464978, 0.000569059106056, -0.00118160923012, -0.000700487755239], [0.000516428786796, 0.000398051983211, -0.00032632186776, -0.0024388267193, -0.000192539635464, 0.00291566248052, -0.000518183165696, -0.00471710041165, 0.0178541205823, -0.0069941598922, 0.000585374189541, 0.00080336589599, -0.000525438226759], [-0.000446508056484, -0.000531812896952, 5.21574620507e-05, 0.000363514147466, -0.00204319693148, -0.000257172010606, 0.00176564930007, 0.00194229464978, -0.0069941598922, 0.015359736979, -0.00594416912645, 0.00161885656416, 0.000354102026904], [0.00101641740184, -0.00190785597079, 0.00050496601034, 0.00116373109631, 0.0020225381013, -0.00246016983874, -0.000260954722762, 0.000569059106056, 0.000585374189541, -0.00594416912645, 0.0180776454508, -0.00694656325504, 0.00238553597592], [-0.000655951502267, 0.000901394116227, 0.000543050118722, 5.02506336488e-05, -0.00162425346207, 0.00131321675144, -0.00113988015801, -0.00118160923012, 0.00080336589599, 0.00161885656416, -0.00694656325504, 0.0159397833049, -0.00609222752973], [0.00101020012517, -0.000822116853669, -0.000582477136049, -0.00155272928532, 0.00116908247583, 0.00152368377894, 0.000918598729186, -0.000700487755239, -0.000525438226759, 0.000354102026904, 0.00238553597592, -0.00609222752973, 0.0176328718662]]
    }
}

}