{
"metadata": {
    "version": {
        "essentia": "2.0.1",
        "extractor": "archive-music 1.0 mod ismir14"
    },
    "audio_properties": {
        "analysis_sample_rate": 44100,
        "bitrate": 32,
        "channels": 2,
        "equal_loudness": 0,
        "length": 30.0408172607,
        "replay_gain": -13.6177768707,
        "downmix": "mix"
    },
    "tags": {
        "track": 0,
        "year": 0,
        "album": "",
        "artist": "",
        "comment": "",
        "genre": "",
        "title": ""
    }
},
"rhythm": {
    "bpm": 86.5640029907,
    "bpm_histogram_first_peak": 86,
    "bpm_histogram_first_peak_spread": 0.619047641754,
    "bpm_histogram_first_peak_weight": 0.380952388048,
    "bpm_histogram_second_peak": 0,
    "bpm_histogram_second_peak_spread": 0,
    "bpm_histogram_second_peak_weight": 0
},
"tonal": {
    "tuning_frequency": {
        "dmean": 0.343526571989,
        "dmean2": 0.635975539684,
        "dvar": 3.5470495224,
        "dvar2": 6.47763156891,
        "max": 455.516601562,
        "mean": 446.651702881,
        "median": 441.272583008,
        "min": 435.197479248,
        "var": 46.3898773193
    },
    "hpcp": {
        "dmean": [0.224902004004, 0.153857529163, 0.236682638526, 0.251724660397, 0.116547740996, 0.214983671904, 0.263170838356, 0.268197834492, 0.182507485151, 0.111898504198, 0.246327251196, 0.0820476338267],
        "dmean2": [0.382534712553, 0.271775275469, 0.438168346882, 0.44367402792, 0.207654133439, 0.34498462081, 0.461391508579, 0.471479147673, 0.30673456192, 0.193320274353, 0.457257151604, 0.146532252431],
        "dvar": [0.0441740825772, 0.0308050587773, 0.0605580247939, 0.0623455829918, 0.0279548466206, 0.0603777579963, 0.0675503835082, 0.047355979681, 0.0405867956579, 0.0177476201206, 0.0695927292109, 0.0144288409501],
        "dvar2": [0.124867007136, 0.0816934332252, 0.171608299017, 0.187596693635, 0.0807599872351, 0.140266403556, 0.146283701062, 0.117385849357, 0.101876027882, 0.0443775169551, 0.17539434135, 0.0424866341054],
        "max": [1, 1, 1, 1, 1, 1, 1, 1, 1, 0.916545510292, 1, 1],
        "mean": [0.299272090197, 0.179464638233, 0.235983088613, 0.309334725142, 0.131967335939, 0.322082281113, 0.353397250175, 0.39705067873, 0.252343147993, 0.134586170316, 0.78825968504, 0.0996185392141],
        "median": [0.238941445947, 0.115305118263, 0.12654940784, 0.206692814827, 0.0766185298562, 0.138935148716, 0.238331213593, 0.346007347107, 0.133882209659, 0.079509191215, 1, 0.077212408185],
        "min": [0.0163426660001, 0.0058692228049, 0.0087063619867, 0.00687316153198, 0.00811923947185, 0.0264623891562, 0.00753409788013, 0.0123940855265, 0.00884149037302, 0.00495737185702, 0.149272292852, 0.00701407017186],
        "var": [0.0625456348062, 0.0375012308359, 0.0624046251178, 0.0752463489771, 0.0244528502226, 0.111044049263, 0.0989713743329, 0.0857674479485, 0.0708751603961, 0.0233005732298, 0.0781605392694, 0.0106517085806]
    }
},
"lowlevel": {
    "melbands": {
        "dmean": [1.4688623196e-05, 6.14117598161e-05, 5.65541595279e-05, 3.73885668523e-05, 1.55417365022e-05, 2.82544588117e-05, 2.90082571155e-05, 3.55462070729e-05, 4.23158526246e-05, 2.38214470301e-05, 1.60393319675e-05, 1.05629078462e-05, 9.37473760132e-06, 5.08889479534e-06, 8.10848359833e-06, 4.81996539747e-06, 6.25326720183e-06, 3.78481558982e-06, 2.56817997979e-06, 2.29218903769e-06, 2.22408084483e-06, 2.2248402729e-06, 3.57129124495e-06, 3.86340570913e-06, 2.47262255471e-06, 1.57930503519e-06, 1.64846846928e-06, 1.02860428797e-06, 4.66225486662e-07, 4.11463616956e-07, 3.55730037427e-07, 1.84461086405e-07, 7.53676445697e-08, 5.45267013763e-08, 5.41566649304e-08, 4.25204156329e-08, 3.49555939749e-08, 2.96415247902e-08, 1.73421010885e-08, 8.3214164448e-09],
        "dmean2": [2.59456082858e-05, 0.000115404494863, 0.000101710444142, 6.79036384099e-05, 2.81280063064e-05, 5.11352955073e-05, 5.19075765624e-05, 6.49594367133e-05, 7.02291872585e-05, 4.24506069976e-05, 2.73153436865e-05, 1.91648705368e-05, 1.70878283825e-05, 8.84127348399e-06, 1.49799334395e-05, 8.6042264229e-06, 1.14727645268e-05, 6.59438410366e-06, 4.68041116619e-06, 3.80520100407e-06, 3.89015622204e-06, 3.89970909964e-06, 6.49589264867e-06, 6.52789731248e-06, 4.22429320679e-06, 2.6721784252e-06, 2.81810048364e-06, 1.78868458534e-06, 8.08564948329e-07, 7.42655572594e-07, 5.99355928443e-07, 3.1399810041e-07, 1.32393793706e-07, 9.58292432074e-08, 9.4746042123e-08, 7.21531492331e-08, 6.37561825556e-08, 5.2642665338e-08, 3.08633438806e-08, 1.51380685764e-08],
        "dvar": [4.51594595052e-10, 4.54402515615e-09, 2.73691513897e-09, 2.93460211687e-09, 2.02240307834e-10, 5.83030734802e-10, 7.09428460421e-10, 1.46989154182e-09, 6.64004629058e-09, 4.1918806204e-09, 4.98144803185e-10, 6.29962693122e-10, 5.50888223927e-10, 1.06011387169e-10, 2.93315233213e-10, 7.22559789779e-11, 2.13210601951e-10, 4.91885213116e-11, 1.54824868204e-11, 2.51518944561e-11, 1.09949384666e-11, 9.42227545986e-12, 3.68752840763e-11, 4.34525956883e-11, 1.74341027726e-11, 8.18713846718e-12, 1.08078858363e-11, 4.98311244698e-12, 4.70755108072e-13, 5.9720577008e-13, 4.65906827007e-13, 1.22781925144e-13, 1.4174445851e-14, 7.71667343739e-15, 8.13553546498e-15, 2.31443917782e-15, 1.79410472074e-15, 7.98096042243e-16, 3.1182692096e-16, 1.04143316287e-16],
        "dvar2": [1.18013865347e-09, 1.49407117789e-08, 7.81297160302e-09, 8.11514055954e-09, 5.57881241203e-10, 1.88237669896e-09, 1.91856264209e-09, 3.8716345685e-09, 1.40174627461e-08, 1.16748237744e-08, 1.24524068834e-09, 1.73804881598e-09, 1.52503321083e-09, 3.06143194129e-10, 8.64474991591e-10, 2.06316699836e-10, 6.04934435877e-10, 1.20911253232e-10, 4.12794277926e-11, 6.08201822239e-11, 2.68775453283e-11, 2.64371302627e-11, 1.05626417335e-10, 1.1559563029e-10, 3.99490961145e-11, 2.21136355755e-11, 2.68681448617e-11, 1.26607188275e-11, 1.16294994468e-12, 1.47293603096e-12, 1.33402024236e-12, 3.42074919822e-13, 3.19650176554e-14, 1.78052830726e-14, 1.64412974473e-14, 4.60487344192e-15, 4.45324734459e-15, 1.91287589237e-15, 7.83671600547e-16, 2.54208616454e-16],
        "max": [0.000164527868037, 0.000405557395425, 0.000261065230006, 0.000319051265251, 8.54596437421e-05, 0.000140549513162, 0.000155364934471, 0.000148811217514, 0.000857277133036, 0.000545876391698, 0.000150488616782, 0.000129038468003, 0.000153178552864, 7.1986563853e-05, 0.000109073953354, 4.68342987006e-05, 8.98805010365e-05, 6.92608300596e-05, 2.4564400519e-05, 4.92176768603e-05, 2.19734974962e-05, 2.11712158489e-05, 3.11542207783e-05, 4.98172266816e-05, 3.48170979123e-05, 2.1180640033e-05, 2.28375702136e-05, 1.30563239509e-05, 5.12846327183e-06, 5.38967697139e-06, 4.50840934718e-06, 2.48117589763e-06, 7.84596466019e-07, 6.55380006265e-07, 7.97026530108e-07, 4.02304323188e-07, 3.86988347145e-07, 2.31173245879e-07, 1.52373544893e-07, 9.62270831906e-08],
        "mean": [1.84443470062e-05, 7.15361456969e-05, 7.74246364017e-05, 4.03924932471e-05, 2.18271834456e-05, 4.01402066927e-05, 3.95941569877e-05, 3.0169114325e-05, 4.84359952679e-05, 2.47185726039e-05, 1.87492641999e-05, 8.76682770468e-06, 7.01979161022e-06, 4.65335415356e-06, 7.36439551474e-06, 4.07598736274e-06, 4.67263544124e-06, 3.75195691049e-06, 2.55415784522e-06, 2.18762716031e-06, 2.08792084777e-06, 2.15630325329e-06, 3.37169308295e-06, 3.71863256987e-06, 2.48184505836e-06, 2.03815534405e-06, 1.72569309598e-06, 1.00481747722e-06, 5.31233240508e-07, 4.36522412883e-07, 3.49426954926e-07, 2.24013120942e-07, 1.12096941507e-07, 9.11459352437e-08, 9.0897074756e-08, 7.41111563229e-08, 6.67940298626e-08, 4.83711524168e-08, 2.61514099265e-08, 1.39026017365e-08],
        "median": [1.27282464746e-05, 5.4771964642e-05, 6.49190405966e-05, 2.65771050181e-05, 1.77929759957e-05, 3.55387091986e-05, 3.05049197777e-05, 1.55325724336e-05, 2.85124351649e-05, 1.35544814839e-05, 1.19348333101e-05, 2.75834395325e-06, 1.96832525035e-06, 1.87951934549e-06, 3.70244060832e-06, 1.78174639132e-06, 1.61611535532e-06, 1.31713159135e-06, 1.1572241192e-06, 9.10374410523e-07, 9.02049634988e-07, 7.98056362328e-07, 9.22498657019e-07, 6.75501610203e-07, 8.88782665243e-07, 7.06444780008e-07, 3.71373261032e-07, 3.31376071472e-07, 3.16540592848e-07, 1.89776400816e-07, 1.16513625414e-07, 9.58181018973e-08, 6.08622698905e-08, 5.4290950402e-08, 5.60180843934e-08, 4.99130052845e-08, 5.02808781278e-08, 3.50493749579e-08, 1.74553775878e-08, 9.98119276119e-09],
        "min": [1.85701662758e-06, 6.13908150626e-06, 3.64141646969e-06, 3.43364058608e-06, 1.09705160867e-06, 7.07237461484e-07, 8.51047104788e-07, 5.42000634596e-07, 9.956225e-08, 9.98336417979e-08, 1.03781168548e-07, 2.34443238156e-08, 5.7087930827e-08, 1.43959752563e-07, 3.87784950817e-08, 3.30019176431e-08, 3.69553951884e-08, 1.55022021886e-08, 1.4082644384e-08, 2.08452846095e-08, 3.24012887631e-08, 3.62651420005e-08, 3.52549740512e-08, 2.04175822915e-08, 3.21578390583e-08, 4.86780820097e-08, 1.05881854395e-08, 8.35418756395e-09, 4.20292352032e-08, 1.93510949487e-08, 9.41622602113e-09, 7.00159308309e-09, 6.56288401402e-09, 3.31073857218e-09, 2.80142975484e-09, 4.36791136593e-09, 4.28132462815e-09, 5.37566258174e-09, 2.88239965229e-09, 9.34627930604e-10],
        "var": [4.06824601784e-10, 3.56245144495e-09, 2.50423570769e-09, 2.11188666555e-09, 2.77549233596e-10, 7.32569893636e-10, 9.90516557664e-10, 1.14398213125e-09, 7.21602289033e-09, 2.6318793811e-09, 5.29268684435e-10, 4.46681525101e-10, 3.7169040068e-10, 7.19661413795e-11, 1.83617648863e-10, 5.20473629473e-11, 1.32618013793e-10, 6.36906083429e-11, 1.43945185632e-11, 2.26382124852e-11, 1.16546321205e-11, 9.97821443527e-12, 3.61323158893e-11, 5.13020077808e-11, 1.92437385471e-11, 1.08956975386e-11, 1.21865989522e-11, 4.25202364637e-12, 4.87798603593e-13, 5.5920735707e-13, 4.12554105461e-13, 1.10384235931e-13, 1.86506372005e-14, 1.09353173218e-14, 1.30047373966e-14, 5.17311015327e-15, 2.77758789954e-15, 1.49890166841e-15, 5.59483578749e-16, 1.46509158069e-16]
    },
    "mfcc": {
        "dmean": [32.3876037598, 11.6983890533, 17.229932785, 9.08787059784, 10.4589767456, 9.48685073853, 10.5608434677, 7.25879716873, 6.0715637207, 6.83589315414, 6.20287752151, 6.58523225784, 6.60272836685],
        "dmean2": [56.959274292, 19.4344234467, 27.0153484344, 15.1826810837, 18.516620636, 16.3316574097, 18.0189800262, 12.5356769562, 10.2884836197, 10.9148111343, 10.2205467224, 10.9347553253, 10.7720813751],
        "dvar": [762.22467041, 102.241188049, 143.106506348, 90.463470459, 70.4918823242, 63.3453788757, 89.8916625977, 28.8500881195, 34.6360549927, 30.9604587555, 26.6317424774, 24.8710975647, 25.2155017853],
        "dvar2": [1662.18249512, 216.840911865, 426.574859619, 205.46635437, 183.866989136, 162.502319336, 239.498901367, 95.7884521484, 90.9880371094, 87.3200302124, 66.4795379639, 69.0767059326, 63.997718811],
        "max": [-656.019165039, 150.409332275, 31.5546531677, 70.2210159302, 24.851852417, 21.4672260284, 29.22133255, 21.5718383789, 9.68009185791, 30.4821243286, 26.0594215393, 20.6026039124, 8.10791969299],
        "mean": [-749.971740723, 122.652320862, -4.21687459946, 25.0643138885, -7.16962623596, -6.14088630676, -4.29814291, 0.202812567353, -5.14953804016, 6.37659072876, 0.695893645287, 3.09256124496, -7.27984142303],
        "median": [-754.420959473, 126.50769043, -2.95774459839, 22.8853340149, -9.55355262756, -5.85642242432, -6.15331268311, -0.589046478271, -4.35682296753, 6.94397926331, 0.656509399414, 3.5741558075, -6.27905273438],
        "min": [-930.537597656, 67.7975616455, -55.8184127808, -10.6997184753, -34.7777862549, -34.3926086426, -22.5755023956, -16.1572685242, -30.9458217621, -27.0750389099, -16.2318611145, -12.3818683624, -33.5811424255],
        "var": [1360.09350586, 334.452850342, 348.101501465, 167.224746704, 121.402580261, 90.0855636597, 123.665130615, 56.1582527161, 58.4179267883, 65.4745407104, 43.2251930237, 40.2484436035, 57.4622421265],
        "cov": [[1368.48913574, -373.106658936, -535.326538086, 80.6671524048, 23.5956497192, -98.5347137451, 6.5980796814, 48.2007904053, -48.9796295166, -38.1302680969, 42.9188117981, -17.214099884, -72.9552841187], [-373.106658936, 336.51739502, 168.162918091, -148.598068237, -80.5464553833, 53.8339958191, -0.382480144501, -56.0744171143, 33.5515289307, 35.2371444702, 11.4505205154, 33.9906311035, 32.1307106018], [-535.326538086, 168.162918091, 350.250274658, 3.89763879776, 1.17988979816, 38.3675498962, -19.3378353119, -12.2897729874, 28.5292301178, 9.259141922, -13.7495746613, 2.57719922066, 37.1226806641], [80.6671524048, -148.598068237, 3.89763879776, 168.257003784, 87.1629867554, -53.6029968262, -35.1076126099, 22.5875339508, -12.7727184296, -13.9796380997, -7.44631385803, -21.6569061279, -3.88370776176], [23.5956497192, -80.5464553833, 1.17988979816, 87.1629867554, 122.151985168, -24.3429222107, -41.3730049133, 19.0809211731, -7.6381111145, -7.6175994873, -14.9836711884, -16.5845355988, -0.0905858501792], [-98.5347137451, 53.8339958191, 38.3675498962, -53.6029968262, -24.3429222107, 90.6416473389, 63.7942810059, 3.2491838932, 0.557199418545, -19.4724960327, -6.95168495178, -0.296862930059, -18.7464637756], [6.5980796814, -0.382480144501, -19.3378353119, -35.1076126099, -41.3730049133, 63.7942810059, 124.428497314, 27.0091171265, -32.090007782, -31.1831321716, -14.7484006882, 2.06963992119, -16.5687065125], [48.2007904053, -56.0744171143, -12.2897729874, 22.5875339508, 19.0809211731, 3.2491838932, 27.0091171265, 56.5049057007, -5.9066324234, -28.2380981445, -8.05567264557, -5.09414482117, -6.37871313095], [-48.9796295166, 33.5515289307, 28.5292301178, -12.7727184296, -7.6381111145, 0.557199418545, -32.090007782, -5.9066324234, 58.7785301208, 25.5343418121, -1.01730024815, -4.51369905472, 0.14239770174], [-38.1302680969, 35.2371444702, 9.259141922, -13.9796380997, -7.6175994873, -19.4724960327, -31.1831321716, -28.2380981445, 25.5343418121, 65.8787002563, 11.1902141571, -6.21641731262, 10.4234161377], [42.9188117981, 11.4505205154, -13.7495746613, -7.44631385803, -14.9836711884, -6.95168495178, -14.7484006882, -8.05567264557, -1.01730024815, 11.1902141571, 43.4920158386, 13.6237220764, -7.51985740662], [-17.214099884, 33.9906311035, 2.57719922066, -21.6569061279, -16.5845355988, -0.296862930059, 2.06963992119, -5.09414482117, -4.51369905472, -6.21641731262, 13.6237220764, 40.4968910217, 19.9933776855], [-72.9552841187, 32.1307106018, 37.1226806641, -3.88370776176, -0.0905858501792, -18.7464637756, -16.5687065125, -6.37871313095, 0.14239770174, 10.4234161377, -7.51985740662, 19.9933776855, 57.816947937]],
        "icov": [[0.00221529905684, 0.000679054937791, 0.00287146982737, -0.000285561982309, 0.0002506589517, 0.000992095679976, -0.000253077538218, -0.000122293480672, -0.000650057045277, 0.00130127649754, -0.00203312234953, 0.000976744573563, -4.40542535216e-05], [0.000679054937791, 0.0104292295873, -0.00389028922655, 0.00825606752187, -0.000991700100712, 0.00142270897049, -0.00147680472583, 0.00595006672665, -0.0025069466792, 0.000520938658156, -0.00230343313888, -0.00243352516554, -0.000739401148167], [0.00287146982737, -0.00389028922655, 0.00995432771742, -0.00611488521099, 0.00206968188286, -0.00420627556741, 0.00277362181805, -0.00323845027015, -0.000300901097944, 0.00108323281165, -0.0011272940319, 0.00300026289187, -0.00331859197468], [-0.000285561982309, 0.00825606752187, -0.00611488521099, 0.0207865163684, -0.0100334184244, 0.011955069378, -0.00616677151993, 0.00644885888323, -0.00385920493864, 0.00563765363768, -0.00537919113412, 0.00371094350703, 0.000189051730558], [0.0002506589517, -0.000991700100712, 0.00206968188286, -0.0100334184244, 0.0200273822993, -0.0103876600042, 0.0140669746324, -0.0103282853961, 0.00958876963705, -0.0061666383408, 0.00992292258888, -0.00248551229015, 0.00165780785028], [0.000992095679976, 0.00142270897049, -0.00420627556741, 0.011955069378, -0.0103876600042, 0.0361683554947, -0.0225229803473, 0.0122137516737, -0.0136721460149, 0.0133885545656, -0.00833081640303, 0.00532169407234, 0.00526507478207], [-0.000253077538218, -0.00147680472583, 0.00277362181805, -0.00616677151993, 0.0140669746324, -0.0225229803473, 0.0319577902555, -0.0180064830929, 0.019847618416, -0.0104665290564, 0.0155482944101, -0.00757999904454, 0.00467862468213], [-0.000122293480672, 0.00595006672665, -0.00323845027015, 0.00644885888323, -0.0103282853961, 0.0122137516737, -0.0180064830929, 0.0376986600459, -0.01533823926, 0.0176799241453, -0.00999589171261, 0.006885740906, -0.00483630690724], [-0.000650057045277, -0.0025069466792, -0.000300901097944, -0.00385920493864, 0.00958876963705, -0.0136721460149, 0.019847618416, -0.01533823926, 0.0353539846838, -0.0178371630609, 0.0142961032689, -0.00656625861302, 0.00734315207228], [0.00130127649754, 0.000520938658156, 0.00108323281165, 0.00563765363768, -0.0061666383408, 0.0133885545656, -0.0104665290564, 0.0176799241453, -0.0178371630609, 0.0358291976154, -0.0174879934639, 0.0180239919573, -0.0106045594439], [-0.00203312234953, -0.00230343313888, -0.0011272940319, -0.00537919113412, 0.00992292258888, -0.00833081640303, 0.0155482944101, -0.00999589171261, 0.0142961032689, -0.0174879934639, 0.0453968681395, -0.0246918797493, 0.017304988578], [0.000976744573563, -0.00243352516554, 0.00300026289187, 0.00371094350703, -0.00248551229015, 0.00532169407234, -0.00757999904454, 0.006885740906, -0.00656625861302, 0.0180239919573, -0.0246918797493, 0.0508177094162, -0.0228009354323], [-4.40542535216e-05, -0.000739401148167, -0.00331859197468, 0.000189051730558, 0.00165780785028, 0.00526507478207, 0.00467862468213, -0.00483630690724, 0.00734315207228, -0.0106045594439, 0.017304988578, -0.0228009354323, 0.034340839833]]
    }
}

}