{
"metadata": {
    "version": {
        "essentia": "2.0.1",
        "extractor": "archive-music 1.0 mod ismir14"
    },
    "audio_properties": {
        "analysis_sample_rate": 44100,
        "bitrate": 32,
        "channels": 2,
        "equal_loudness": 0,
        "length": 30.0408172607,
        "replay_gain": -13.87408638,
        "downmix": "mix"
    },
    "tags": {
        "track": 0,
        "year": 0,
        "album": "",
        "artist": "",
        "comment": "",
        "genre": "",
        "title": ""
    }
},
"rhythm": {
    "bpm": 90.2968444824,
    "bpm_histogram_first_peak": 91,
    "bpm_histogram_first_peak_spread": 0.324999988079,
    "bpm_histogram_first_peak_weight": 0.62790697813,
    "bpm_histogram_second_peak": 85,
    "bpm_histogram_second_peak_spread": 0,
    "bpm_histogram_second_peak_weight": 0.0697674453259
},
"tonal": {
    "tuning_frequency": {
        "dmean": 0.123744823039,
        "dmean2": 0.234457835555,
        "dvar": 0.302274882793,
        "dvar2": 0.549977004528,
        "max": 452.37008667,
        "mean": 450.813354492,
        "median": 450.544708252,
        "min": 448.985931396,
        "var": 1.96223425865
    },
    "hpcp": {
        "dmean": [0.281010597944, 0.0926338434219, 0.150043278933, 0.1744761765, 0.426445156336, 0.304814219475, 0.140691384673, 0.319497227669, 0.127735391259, 0.103295490146, 0.115120850503, 0.16051954031],
        "dmean2": [0.483190268278, 0.157017081976, 0.24420042336, 0.325525403023, 0.764650404453, 0.545567035675, 0.239439561963, 0.527990698814, 0.221086278558, 0.184853956103, 0.20197661221, 0.28436589241],
        "dvar": [0.0923267900944, 0.0180096179247, 0.0269885566086, 0.0602870173752, 0.090520568192, 0.0895345583558, 0.0235166139901, 0.0886281505227, 0.0254147090018, 0.0185201186687, 0.0257812812924, 0.0333257056773],
        "dvar2": [0.157454431057, 0.0417090058327, 0.0654647275805, 0.169713869691, 0.237197354436, 0.2353489995, 0.0573675073683, 0.194191336632, 0.0763869658113, 0.0524369291961, 0.0715070813894, 0.0934907048941],
        "max": [1, 0.952720463276, 1, 1, 1, 1, 0.839762210846, 1, 1, 1, 1, 0.994951546192],
        "mean": [0.537294328213, 0.09815659374, 0.182573705912, 0.155687406659, 0.463903456926, 0.346837580204, 0.150839060545, 0.43353331089, 0.115878753364, 0.102889865637, 0.113734126091, 0.159453228116],
        "median": [0.481961101294, 0.0507111363113, 0.112240411341, 0.0701128095388, 0.33244857192, 0.19884160161, 0.0840578898787, 0.286080569029, 0.0692200884223, 0.0661383643746, 0.0652774497867, 0.0986694693565],
        "min": [0.00865491200238, 0.00231411820278, 0.00977859180421, 0.00349091249518, 0.0120274079964, 0.00546878017485, 0.0055810934864, 0.00887924153358, 0.00163463829085, 0.00693059805781, 0.00458107655868, 0.00445650611073],
        "var": [0.158215925097, 0.0194299481809, 0.0391416884959, 0.0513348206878, 0.128989979625, 0.128784373403, 0.0296833422035, 0.147447988391, 0.0215211194009, 0.0152033353224, 0.0205410532653, 0.0316753052175]
    }
},
"lowlevel": {
    "melbands": {
        "dmean": [6.73502800055e-05, 0.000170659419382, 4.93033257953e-05, 3.05451649183e-05, 2.76159444184e-05, 2.04799780477e-05, 2.68815510935e-05, 4.14851601818e-05, 7.20585376257e-05, 5.35689432581e-05, 2.21221107495e-05, 2.51251312875e-05, 3.0126710044e-05, 1.02591566247e-05, 1.73936205101e-05, 2.13570383494e-05, 5.46133651369e-06, 3.46121396433e-06, 1.48013509715e-06, 1.74749368398e-06, 3.2438447306e-06, 2.36179334934e-06, 4.3763316171e-06, 3.55280599251e-06, 1.89543834495e-06, 2.19866410589e-06, 1.91787103176e-06, 1.17592696824e-06, 4.88208854676e-07, 4.55888510942e-07, 2.0748426266e-07, 8.34464728428e-08, 4.92958598386e-08, 4.46418617628e-08, 4.22689936386e-08, 3.88689294084e-08, 3.84064442471e-08, 5.18186169529e-08, 4.83737672141e-08, 3.67894692488e-08],
        "dmean2": [0.000106202322058, 0.000274572696071, 8.77328420756e-05, 5.36152692803e-05, 4.9858012062e-05, 3.73691837012e-05, 4.58711729152e-05, 7.82413699199e-05, 0.000133233974339, 9.96809467324e-05, 4.30062391388e-05, 4.73690015497e-05, 5.48044299649e-05, 1.93597807083e-05, 3.14295757562e-05, 3.89166307286e-05, 1.02651429188e-05, 6.4320479396e-06, 2.67314749181e-06, 3.09778488372e-06, 5.88263628742e-06, 4.34274215877e-06, 8.27549956739e-06, 6.61895637677e-06, 3.48339767697e-06, 4.09637414123e-06, 3.54469830199e-06, 2.13241582969e-06, 9.033693118e-07, 8.5950199491e-07, 3.83927215353e-07, 1.50534830823e-07, 9.25426704157e-08, 8.27836430517e-08, 7.6168127805e-08, 7.01030415939e-08, 7.08463332444e-08, 9.53247720759e-08, 8.8688487665e-08, 6.76007303468e-08],
        "dvar": [2.08857309225e-09, 1.5829877853e-08, 2.79182432728e-09, 5.74370828677e-10, 1.31540756065e-09, 4.083382521e-10, 1.76346159897e-09, 3.25684057501e-09, 7.44431183364e-09, 1.49667194194e-08, 9.68174163063e-09, 1.9042314392e-09, 3.19340109911e-09, 2.3591864573e-10, 5.79399361822e-10, 1.29736554833e-09, 3.77238046356e-10, 5.41518427322e-11, 2.49596914317e-12, 1.7692308122e-12, 9.35364286025e-12, 5.4917455132e-12, 2.14142314992e-11, 9.58335407558e-12, 2.80460051884e-12, 4.65843899913e-12, 3.89913795695e-12, 1.30790224571e-12, 2.3013183156e-13, 2.31802288952e-13, 3.21035651405e-14, 5.32670348463e-15, 2.05205547582e-15, 1.33634026984e-15, 1.15452009491e-15, 1.44988418939e-15, 1.55506630556e-15, 3.2521717778e-15, 2.50592198698e-15, 2.04801364635e-15],
        "dvar2": [5.23511323181e-09, 4.54359003754e-08, 7.85756082422e-09, 1.54623613913e-09, 3.42345463089e-09, 9.07646735548e-10, 4.43911796211e-09, 9.54161816225e-09, 2.16255067187e-08, 4.24256256792e-08, 2.91297119759e-08, 5.66973668015e-09, 8.95679796997e-09, 6.86281698137e-10, 1.52509671558e-09, 3.60769036867e-09, 1.12908926653e-09, 1.58238311343e-10, 7.1604814092e-12, 4.97533741636e-12, 2.43445402726e-11, 1.57029216019e-11, 5.89279805507e-11, 2.5223630476e-11, 8.14058456061e-12, 1.27609268638e-11, 1.08821215927e-11, 3.70762968938e-12, 6.4311441372e-13, 6.53663050337e-13, 9.73629407349e-14, 1.75637872031e-14, 6.04301680175e-15, 3.72996548741e-15, 3.41322365777e-15, 4.30661196537e-15, 4.92314353076e-15, 9.89869637809e-15, 7.78057868513e-15, 6.23347808917e-15],
        "max": [0.000263697525952, 0.000816106214188, 0.000433812849224, 0.000181286639418, 0.00030627034721, 0.000149316794705, 0.000415433605667, 0.000287219503662, 0.000485204305733, 0.000954086543061, 0.000895590172149, 0.000257814972429, 0.00033805242856, 8.52416415e-05, 0.000134608781082, 0.000179637427209, 0.000175519729964, 4.98091321788e-05, 1.20690956464e-05, 5.88566263104e-06, 1.71026422322e-05, 1.04425098471e-05, 2.14481897274e-05, 1.66107565747e-05, 8.78118316905e-06, 1.17221206892e-05, 1.19157657537e-05, 7.14407042324e-06, 2.79384539681e-06, 3.11986309498e-06, 1.07809444216e-06, 5.37351922958e-07, 2.73686282526e-07, 2.32720196891e-07, 1.8623303788e-07, 2.20689059915e-07, 2.10145728374e-07, 3.47097397935e-07, 3.25685675762e-07, 3.6793039726e-07],
        "mean": [9.97308452497e-05, 0.000262574292719, 8.46950497362e-05, 4.02146979468e-05, 2.69711381407e-05, 2.1938696591e-05, 2.85152782453e-05, 3.55475276592e-05, 5.99656996201e-05, 3.76941134164e-05, 1.51872500282e-05, 1.83982829185e-05, 2.09341105801e-05, 8.46236980578e-06, 1.44317491504e-05, 1.56244950631e-05, 3.93693107981e-06, 2.75662137028e-06, 1.54337931235e-06, 1.89184663668e-06, 2.83900317299e-06, 2.13612952393e-06, 3.6683104554e-06, 2.9378486488e-06, 1.8189915636e-06, 1.95661323232e-06, 1.58157820351e-06, 9.77578338279e-07, 4.67460097298e-07, 3.83408519156e-07, 2.02468200428e-07, 1.05307634612e-07, 6.88695465101e-08, 6.11494286318e-08, 5.93174078745e-08, 5.90874336126e-08, 4.95520318111e-08, 6.84143870444e-08, 6.20701428033e-08, 5.17723499627e-08],
        "median": [9.20430757105e-05, 0.0002320453641, 7.26511425455e-05, 3.14270037052e-05, 1.64510020113e-05, 1.51462454596e-05, 1.64261873579e-05, 1.82736166607e-05, 2.93260363833e-05, 9.08810943656e-06, 5.3705780374e-06, 6.7502805905e-06, 4.06923027185e-06, 3.78462709705e-06, 5.59124873689e-06, 4.56128100268e-06, 1.39648614095e-06, 1.18028185625e-06, 1.00743557141e-06, 1.45044054989e-06, 1.71985118413e-06, 1.32264619879e-06, 2.04365801437e-06, 1.68384792687e-06, 1.37588767757e-06, 1.19899345918e-06, 8.1476179048e-07, 5.16179056831e-07, 3.32593913299e-07, 2.25462727599e-07, 1.47551290297e-07, 8.90194300496e-08, 5.71617171374e-08, 4.7882853238e-08, 5.02731367646e-08, 5.12026332444e-08, 3.88614580515e-08, 5.29979367059e-08, 5.06714883386e-08, 4.2861341143e-08],
        "min": [4.74441822007e-06, 1.19319429359e-05, 5.31009391125e-06, 5.22678874404e-06, 1.91273534256e-06, 1.40116321745e-06, 1.41513146446e-06, 1.65455628576e-06, 1.35154800773e-06, 6.22069649125e-07, 5.07426022978e-07, 3.91916586295e-07, 3.17690762586e-07, 5.81968834013e-07, 2.71571593657e-07, 2.25641173301e-07, 9.80305330245e-08, 1.72079168692e-07, 1.53559213345e-07, 2.16559016053e-07, 1.93699534634e-07, 1.50447320379e-07, 1.72449887259e-07, 1.99453836558e-07, 2.06719562357e-07, 2.6416589094e-07, 8.35672651078e-08, 5.37855058269e-08, 4.99354122496e-08, 3.53936719932e-08, 1.99539105239e-08, 1.47876502155e-08, 1.17875833539e-08, 1.39471101335e-08, 1.09282192184e-08, 8.75116334953e-09, 9.50691170232e-09, 1.15553957514e-08, 4.99460384162e-09, 6.03064886917e-09],
        "var": [3.78771991549e-09, 3.00008657916e-08, 3.33162142319e-09, 8.05736977139e-10, 1.13561204884e-09, 5.23532606156e-10, 1.67873226431e-09, 2.39667374835e-09, 6.5599996546e-09, 9.26623577868e-09, 5.00359398359e-09, 1.25384624905e-09, 2.18897100446e-09, 1.70663538857e-10, 4.6000725451e-10, 9.18916387427e-10, 1.99418870306e-10, 3.39695563345e-11, 2.35584967333e-12, 2.21896199332e-12, 8.72620118525e-12, 4.91912456949e-12, 1.69616889978e-11, 9.15969123466e-12, 2.60368961634e-12, 3.86375610326e-12, 3.13098223563e-12, 1.14857233967e-12, 1.97620850348e-13, 1.79598835261e-13, 3.05281041874e-14, 5.87076036995e-15, 2.11927092832e-15, 1.5088007307e-15, 1.23576188362e-15, 1.22508217458e-15, 1.39573972582e-15, 2.89500763009e-15, 2.21309655613e-15, 1.65929910955e-15]
    },
    "mfcc": {
        "dmean": [43.2558670044, 11.3500919342, 20.0051136017, 12.6573934555, 11.1375398636, 11.5603942871, 10.0940189362, 8.13474273682, 5.23236703873, 6.23955488205, 6.85062599182, 5.97365808487, 6.09241390228],
        "dmean2": [79.6508789062, 18.7565879822, 33.832157135, 20.4327201843, 19.6712207794, 19.5687999725, 16.2928905487, 13.6131458282, 8.64591693878, 10.5829429626, 11.0997238159, 10.0712022781, 10.380355835],
        "dvar": [814.795227051, 73.8926010132, 174.805130005, 108.418357849, 67.6703262329, 83.5608291626, 70.6167068481, 49.4326400757, 15.6297912598, 25.7318000793, 26.877286911, 19.6448669434, 16.5959510803],
        "dvar2": [2706.16699219, 208.78314209, 610.399719238, 289.431427002, 206.496139526, 242.642074585, 190.977539062, 141.734161377, 44.1169281006, 66.1288070679, 74.8613739014, 57.024055481, 47.8466453552],
        "max": [-668.577148438, 152.147583008, 33.6875610352, 58.5793914795, 32.5072059631, 22.1116085052, 43.1128234863, 36.6991004944, 14.0223999023, 23.4905967712, 21.2882556915, 25.446472168, 14.7446403503],
        "mean": [-736.171081543, 125.196525574, -4.8854470253, 24.5294818878, 5.69663572311, -6.68473577499, 14.5182132721, 6.23390865326, 0.931010961533, 3.34995150566, 5.75220918655, 8.19695091248, 1.11722958088],
        "median": [-735.498168945, 126.384597778, -6.42421531677, 23.0709686279, 4.29552459717, -6.7335395813, 14.1035232544, 6.07208442688, 1.33261108398, 2.79322052002, 5.13288879395, 8.91464805603, 1.09759521484],
        "min": [-824.550048828, 95.5501251221, -39.6350479126, -12.2828083038, -21.4700527191, -31.9601421356, -8.8972454071, -15.9435443878, -15.0420246124, -15.4119625092, -10.1972541809, -8.83933258057, -15.5391941071],
        "var": [988.744262695, 136.294723511, 284.200714111, 210.557388306, 108.422225952, 101.843101501, 97.5268859863, 69.2244567871, 30.4203414917, 53.0001678467, 43.9218902588, 36.5944786072, 31.4587306976],
        "cov": [[994.847595215, -11.2668848038, -374.767852783, -13.8165988922, -170.468429565, -107.805397034, -37.3449363708, -31.5997085571, -32.9639587402, -23.14727211, -30.5679016113, -7.56348991394, -46.3185844421], [-11.2668848038, 137.136047363, 7.74700784683, -105.000579834, -41.2775650024, 11.727273941, 21.6805953979, 11.4600610733, -17.9157161713, 0.808926522732, 42.334728241, 4.47299098969, -1.89177775383], [-374.767852783, 7.74700784683, 285.95501709, -27.5066013336, 104.852622986, 23.6397323608, -6.70478582382, 0.478316128254, 16.3762931824, 21.9834785461, -0.147829264402, -11.9982194901, 18.2564964294], [-13.8165988922, -105.000579834, -27.5066013336, 211.857131958, 41.0761375427, -13.9578523636, -55.5559577942, -23.7632007599, 36.8088684082, 16.6121425629, -38.6163749695, -5.82615470886, 17.8631153107], [-170.468429565, -41.2775650024, 104.852622986, 41.0761375427, 109.091491699, 6.53064203262, -3.95531702042, -21.8532962799, 18.8708305359, 26.7495994568, -8.87744998932, 0.425154417753, 4.50856399536], [-107.805397034, 11.727273941, 23.6397323608, -13.9578523636, 6.53064203262, 102.471763611, 55.2393188477, 23.6392917633, -10.0804653168, -4.1114397049, 31.2277946472, -1.39844954014, -14.6557664871], [-37.3449363708, 21.6805953979, -6.70478582382, -55.5559577942, -3.95531702042, 55.2393188477, 98.1288986206, 42.1769790649, -8.93607521057, -14.4785232544, 25.937915802, 14.0127391815, -13.5521326065], [-31.5997085571, 11.4600610733, 0.478316128254, -23.7632007599, -21.8532962799, 23.6392917633, 42.1769790649, 69.651763916, 3.43399643898, -17.6926136017, 9.78668308258, 11.6215696335, 5.3562669754], [-32.9639587402, -17.9157161713, 16.3762931824, 36.8088684082, 18.8708305359, -10.0804653168, -8.93607521057, 3.43399643898, 30.6081218719, 21.4750823975, -5.10041093826, 1.04030525684, 6.80908584595], [-23.14727211, 0.808926522732, 21.9834785461, 16.6121425629, 26.7495994568, -4.1114397049, -14.4785232544, -17.6926136017, 21.4750823975, 53.3273277283, 12.1623239517, -3.40871620178, -2.39894008636], [-30.5679016113, 42.334728241, -0.147829264402, -38.6163749695, -8.87744998932, 31.2277946472, 25.937915802, 9.78668308258, -5.10041093826, 12.1623239517, 44.1930122375, 11.6791906357, -8.17575073242], [-7.56348991394, 4.47299098969, -11.9982194901, -5.82615470886, 0.425154417753, -1.39844954014, 14.0127391815, 11.6215696335, 1.04030525684, -3.40871620178, 11.6791906357, 36.8203697205, 10.5462245941], [-46.3185844421, -1.89177775383, 18.2564964294, 17.8631153107, 4.50856399536, -14.6557664871, -13.5521326065, 5.3562669754, 6.80908584595, -2.39894008636, -8.17575073242, 10.5462245941, 31.6529197693]],
        "icov": [[0.00281063630246, 0.000474133092212, 0.00270098261535, 0.000585364701692, 0.00190592196304, 0.00195519835688, 0.000149294850416, 0.00017711998953, 0.0016399245942, -0.00185284565669, 0.0022756755352, -0.000410500972066, 0.00315214507282], [0.000474133092212, 0.0173405427486, -0.000765521603171, 0.00588274095207, 0.00511953234673, 0.00228874571621, 2.23872157221e-05, 0.00189571653027, 0.000405429571401, -0.000201889983146, -0.0144489221275, 0.00449693575501, -0.00646174512804], [0.00270098261535, -0.000765521603171, 0.0113779809326, 0.00491522578523, -0.00842068251222, -0.00167291203979, 0.00463987421244, -0.0026445526164, -0.00237638805993, 2.33094087889e-05, 0.00229605403729, 0.00441792886704, -0.00293675553985], [0.000585364701692, 0.00588274095207, 0.00491522578523, 0.0136011866853, -0.00374607765116, -0.0058681932278, 0.00709595624357, 0.00151884683874, -0.0125771742314, 0.00217160419561, 0.00210119294934, 0.00133273692336, -0.00573607813567], [0.00190592196304, 0.00511953234673, -0.00842068251222, -0.00374607765116, 0.0274183098227, 0.00192570628133, -0.00800113379955, 0.00935431290418, 0.000866511312779, -0.00916552264243, 0.00554147362709, -0.00783987436444, 0.00520588224754], [0.00195519835688, 0.00228874571621, -0.00167291203979, -0.0058681932278, 0.00192570628133, 0.0241254940629, -0.0109049659222, -0.00240538339131, 0.0110773155466, 0.000284048379399, -0.0156225161627, 0.00770570011809, 0.00494470959529], [0.000149294850416, 2.23872157221e-05, 0.00463987421244, 0.00709595624357, -0.00800113379955, -0.0109049659222, 0.02703621611, -0.0106668928638, -0.00523604359478, 0.00505192019045, -0.000459663831862, -0.00561650842428, 0.00627198489383], [0.00017711998953, 0.00189571653027, -0.0026445526164, 0.00151884683874, 0.00935431290418, -0.00240538339131, -0.0106668928638, 0.0295728277415, -0.0182337611914, 0.0102048097178, -0.00254874443635, -0.00224782270379, -0.00619036424905], [0.0016399245942, 0.000405429571401, -0.00237638805993, -0.0125771742314, 0.000866511312779, 0.0110773155466, -0.00523604359478, -0.0182337611914, 0.0825176909566, -0.0371004454792, 0.00969915091991, -0.00307775498368, -0.000290402880637], [-0.00185284565669, -0.000201889983146, 2.33094087889e-05, 0.00217160419561, -0.00916552264243, 0.000284048379399, 0.00505192019045, 0.0102048097178, -0.0371004454792, 0.0481612235308, -0.0263965558261, 0.00891886185855, -0.000247855641646], [0.0022756755352, -0.0144489221275, 0.00229605403729, 0.00210119294934, 0.00554147362709, -0.0156225161627, -0.000459663831862, -0.00254874443635, 0.00969915091991, -0.0263965558261, 0.0708707645535, -0.0258701518178, 0.0150060877204], [-0.000410500972066, 0.00449693575501, 0.00441792886704, 0.00133273692336, -0.00783987436444, 0.00770570011809, -0.00561650842428, -0.00224782270379, -0.00307775498368, 0.00891886185855, -0.0258701518178, 0.0468029342592, -0.0219099912792], [0.00315214507282, -0.00646174512804, -0.00293675553985, -0.00573607813567, 0.00520588224754, 0.00494470959529, 0.00627198489383, -0.00619036424905, -0.000290402880637, -0.000247855641646, 0.0150060877204, -0.0219099912792, 0.0572505742311]]
    }
}

}