{
"metadata": {
    "version": {
        "essentia": "2.0.1",
        "extractor": "archive-music 1.0 mod ismir14"
    },
    "audio_properties": {
        "analysis_sample_rate": 44100,
        "bitrate": 160,
        "channels": 2,
        "equal_loudness": 0,
        "length": 30.0669155121,
        "replay_gain": -12.9660320282,
        "downmix": "mix"
    },
    "tags": {
        "track": 0,
        "year": 0,
        "album": "",
        "artist": "",
        "comment": "",
        "genre": "",
        "title": ""
    }
},
"rhythm": {
    "bpm": 88.2881317139,
    "bpm_histogram_first_peak": 89,
    "bpm_histogram_first_peak_spread": 0.309523820877,
    "bpm_histogram_first_peak_weight": 0.674418628216,
    "bpm_histogram_second_peak": 94,
    "bpm_histogram_second_peak_spread": 0,
    "bpm_histogram_second_peak_weight": 0.0232558138669
},
"tonal": {
    "tuning_frequency": {
        "dmean": 0.147687792778,
        "dmean2": 0.28580352664,
        "dvar": 2.56323504448,
        "dvar2": 5.35818862915,
        "max": 456.04309082,
        "mean": 436.11114502,
        "median": 433.691802979,
        "min": 433.691802979,
        "var": 42.4658203125
    },
    "hpcp": {
        "dmean": [0.182616576552, 0.161255419254, 0.17101508379, 0.177460953593, 0.141185775399, 0.151917546988, 0.238819211721, 0.29124879837, 0.259356617928, 0.204793736339, 0.267462313175, 0.241622492671],
        "dmean2": [0.337773114443, 0.302572458982, 0.317906796932, 0.324772179127, 0.263467848301, 0.281584590673, 0.438139498234, 0.536671280861, 0.476267158985, 0.382785558701, 0.481731235981, 0.456073909998],
        "dvar": [0.0783705785871, 0.0762254595757, 0.0867188647389, 0.0820658057928, 0.0682623758912, 0.0677768588066, 0.0942279323936, 0.110919684172, 0.104864016175, 0.0927362665534, 0.091554492712, 0.105413019657],
        "dvar2": [0.222070232034, 0.213818341494, 0.233218461275, 0.220774158835, 0.186797052622, 0.186809360981, 0.253468960524, 0.303922444582, 0.27819404006, 0.250824302435, 0.240138068795, 0.301769435406],
        "max": [1, 1, 1, 1, 1, 1, 1, 1, 1, 1, 1, 1],
        "mean": [0.161170378327, 0.128170713782, 0.137937471271, 0.168242126703, 0.109123416245, 0.132099434733, 0.237580835819, 0.276682466269, 0.246226191521, 0.164629608393, 0.327416956425, 0.174065157771],
        "median": [0.030525656417, 0.0219147540629, 0.0162486806512, 0.0244639087468, 0.0149640031159, 0.0225904714316, 0.0610854402184, 0.0838694944978, 0.0569179840386, 0.0248314961791, 0.151102229953, 0.029667397961],
        "min": [0, 0, 0, 0, 0, 0, 0, 0, 0, 0, 0, 0],
        "var": [0.077892139554, 0.0630460903049, 0.0753778815269, 0.0884314700961, 0.0556662417948, 0.0657954886556, 0.113427832723, 0.128540724516, 0.120442718267, 0.0822626054287, 0.130993112922, 0.0870158001781]
    }
},
"lowlevel": {
    "melbands": {
        "dmean": [0.000215101608774, 0.000793169194367, 0.00097668368835, 0.000495499814861, 0.00028149006539, 0.000440562231233, 0.000545889139175, 0.000390189030441, 0.000423845631303, 0.000256219500443, 0.000131222128402, 8.05835006759e-05, 6.31796865491e-05, 4.48045939265e-05, 6.266352284e-05, 4.10912361986e-05, 4.35156543972e-05, 3.6432811612e-05, 2.83137087536e-05, 2.39168475673e-05, 2.09846148209e-05, 2.03738072742e-05, 2.46920171776e-05, 2.56732910202e-05, 1.95171869564e-05, 1.56679725478e-05, 1.12436091513e-05, 7.57777979743e-06, 4.4345401875e-06, 3.46056958733e-06, 2.51255323747e-06, 1.59308456205e-06, 7.78397691192e-07, 6.10336201134e-07, 5.17914088505e-07, 3.91150450696e-07, 2.55885709066e-07, 1.040236981e-07, 1.89939548534e-08, 9.99016314118e-10],
        "dmean2": [0.000369866931578, 0.0013650865294, 0.00169346574694, 0.000842076551635, 0.000473067164421, 0.000743976735976, 0.000969415646978, 0.000635972304735, 0.000713458226528, 0.00043419978465, 0.000204092822969, 0.000119262920634, 9.90866101347e-05, 6.99455340509e-05, 9.2419963039e-05, 6.54860705254e-05, 7.05528800609e-05, 5.95392084506e-05, 4.63524593215e-05, 3.97175026592e-05, 3.45925400325e-05, 3.20997824019e-05, 3.96158720832e-05, 4.10453612858e-05, 3.00944957417e-05, 2.51477413258e-05, 1.72388881765e-05, 1.18602047223e-05, 7.33890828997e-06, 5.52131723452e-06, 3.9651008592e-06, 2.60947763309e-06, 1.25944575302e-06, 1.01883097159e-06, 8.35864682358e-07, 6.39192251128e-07, 4.14646905256e-07, 1.68401896872e-07, 3.11342738257e-08, 1.6867035546e-09],
        "dvar": [9.08475001893e-08, 1.20211120702e-06, 1.61266643772e-06, 5.91972764141e-07, 1.67900495285e-07, 3.2717255749e-07, 8.7169331664e-07, 9.13397968816e-07, 5.38332642464e-07, 2.44480276024e-07, 8.8024179945e-08, 4.84359539143e-08, 3.92497767621e-08, 1.64708868766e-08, 4.8733927116e-08, 1.12466178592e-08, 1.90635027764e-08, 9.29170784758e-09, 6.74459688099e-09, 6.44578213027e-09, 3.30856519959e-09, 3.11685766086e-09, 3.47162099068e-09, 3.98530364265e-09, 2.32700991809e-09, 1.07697339935e-09, 9.223227182e-10, 4.65496502455e-10, 9.02092359145e-11, 6.35295288598e-11, 3.66847142941e-11, 1.30475916529e-11, 2.46897879745e-12, 1.11685302933e-12, 9.84090847006e-13, 4.62121551963e-13, 2.19790643476e-13, 5.45008069436e-14, 2.93111240947e-15, 4.39604226643e-18],
        "dvar2": [2.63726690264e-07, 3.12030692839e-06, 4.54973087471e-06, 1.70556256762e-06, 4.45336638677e-07, 8.66645677888e-07, 2.47695788858e-06, 2.25571648116e-06, 1.54512076733e-06, 6.74458135563e-07, 2.24499444812e-07, 8.47335144272e-08, 8.70096243943e-08, 3.81139564354e-08, 1.09932180692e-07, 2.72030966642e-08, 4.54221549262e-08, 2.34631905016e-08, 1.79088246455e-08, 1.7333222857e-08, 8.91962326222e-09, 8.45456415988e-09, 9.04582631023e-09, 9.91034543318e-09, 5.45997780321e-09, 2.60700727672e-09, 1.78662395989e-09, 9.69282876184e-10, 2.30018185055e-10, 1.38543884698e-10, 8.09055183959e-11, 3.12963023552e-11, 6.04703223259e-12, 3.02891305787e-12, 2.7247397047e-12, 1.23463891021e-12, 5.85484406183e-13, 1.4474272475e-13, 8.33086549778e-15, 1.24202029243e-17],
        "max": [0.00388188892975, 0.014365863055, 0.0153845921159, 0.0124089093879, 0.00576008437201, 0.00623962190002, 0.0103327222168, 0.010932858102, 0.0167467519641, 0.0121176168323, 0.00690332893282, 0.00568475574255, 0.00568433431908, 0.00358853396028, 0.00836674589664, 0.00276547810063, 0.00373241701163, 0.00180785078555, 0.00106419669464, 0.00171348627191, 0.000870063027833, 0.00145109859295, 0.00121143611614, 0.0012902491726, 0.000894306926057, 0.000769018079154, 0.000740379735362, 0.000664762163069, 0.000153340515681, 0.000269695505267, 0.000184536969755, 0.000100391633168, 3.60215090041e-05, 2.04147581826e-05, 1.67141952261e-05, 9.97810366243e-06, 8.80963852978e-06, 5.13755685461e-06, 1.20505342238e-06, 3.8875423769e-08],
        "mean": [0.000258264888544, 0.00107506162021, 0.00127315986902, 0.00072558154352, 0.000378112512408, 0.000653582741506, 0.000655298179481, 0.000505154428538, 0.000769526406657, 0.000441985757789, 0.000283370143734, 0.000157531641889, 0.00011018976511, 7.86208984209e-05, 0.000120403776236, 7.39995084587e-05, 7.56636582082e-05, 6.28338602837e-05, 4.39543218818e-05, 3.89732413169e-05, 3.63270992239e-05, 3.7189322029e-05, 5.64011606912e-05, 6.24040840194e-05, 4.01206052629e-05, 3.40456535923e-05, 2.78578208963e-05, 1.59857045219e-05, 8.51200911711e-06, 7.02929582985e-06, 5.64369747735e-06, 3.4730758216e-06, 1.71013812178e-06, 1.31739454901e-06, 1.19478170291e-06, 8.35833702695e-07, 5.15263991474e-07, 1.99655332267e-07, 3.44522774753e-08, 1.65861835377e-09],
        "median": [0.000126738974359, 0.000558998784982, 0.000700368429534, 0.00037516609882, 0.000212663086131, 0.000376791635063, 0.000290844996925, 0.000160843395861, 0.000274260703009, 0.000152087173774, 0.000123035526485, 5.01519425598e-05, 2.25440307986e-05, 2.24933846766e-05, 3.97315889131e-05, 1.97904919332e-05, 1.73044099938e-05, 1.33192343128e-05, 1.15128468678e-05, 7.52336472942e-06, 7.71949999034e-06, 7.46002388041e-06, 6.51790969641e-06, 5.64425909033e-06, 8.1354237409e-06, 8.77828369994e-06, 3.41914847013e-06, 3.71778969566e-06, 3.94463222619e-06, 2.35691231865e-06, 1.40496786116e-06, 1.25297367504e-06, 8.00685313607e-07, 7.25513245925e-07, 6.28097211575e-07, 4.34582830167e-07, 3.01552290694e-07, 1.12413026443e-07, 1.73112582047e-08, 8.3271844975e-10],
        "min": [5.88290874367e-23, 9.18315504123e-24, 8.54880201062e-24, 2.19427419472e-24, 2.70546888029e-24, 2.33116463596e-24, 1.3735321071e-23, 2.96256144976e-23, 2.18403336022e-23, 2.36010301219e-23, 1.04805369852e-23, 2.06761689659e-23, 1.49126581067e-23, 2.36089913061e-23, 2.01552730661e-23, 6.14530888764e-24, 6.20627560827e-24, 1.21502226222e-23, 1.58469060768e-23, 1.22702904075e-23, 1.52130310959e-23, 1.56018827242e-23, 4.0219719843e-23, 9.518942363e-24, 1.15418073382e-23, 1.48284771818e-23, 1.60512857378e-23, 1.46817506312e-23, 2.91945335673e-23, 2.44462014962e-23, 1.7762145181e-23, 1.23430241718e-23, 1.7776907924e-23, 2.13106308593e-23, 1.73863144908e-23, 1.58791247339e-23, 1.97360266271e-23, 2.49234481444e-23, 2.4665356522e-23, 2.8144108474e-23],
        "var": [1.52938397946e-07, 2.14116334973e-06, 2.53170469477e-06, 1.13837165827e-06, 2.52412775126e-07, 5.92762035012e-07, 9.80958475338e-07, 1.11027179628e-06, 2.68016924565e-06, 1.04971377368e-06, 2.45447381531e-07, 2.05279150123e-07, 1.48721625237e-07, 4.33572004965e-08, 1.12306445033e-07, 3.80692455337e-08, 5.57047030725e-08, 2.58263952446e-08, 1.03459987244e-08, 1.42169884754e-08, 7.01263713765e-09, 6.52398401968e-09, 1.50453374204e-08, 2.07807389074e-08, 7.89819054603e-09, 4.70694194732e-09, 5.08054709414e-09, 2.03047334502e-09, 2.15208281751e-10, 2.89718082858e-10, 1.75561370996e-10, 4.60509338995e-11, 8.45731470966e-12, 3.58986776937e-12, 3.27825939138e-12, 1.20505059924e-12, 3.99311795652e-13, 7.61393037377e-14, 3.16992551389e-15, 6.05596379961e-18]
    },
    "mfcc": {
        "dmean": [12.9493618011, 9.91603946686, 10.0860910416, 8.0997800827, 8.29760074615, 7.68791866302, 7.68622541428, 7.46818161011, 7.29787254333, 7.12115573883, 6.89290857315, 6.78669452667, 6.78042936325],
        "dmean2": [17.5923404694, 16.1775188446, 15.9264802933, 13.3193950653, 13.4521770477, 13.0004301071, 12.5866832733, 12.3415784836, 12.0444898605, 11.7250890732, 11.502363205, 11.4659280777, 11.3373632431],
        "dvar": [277.238311768, 72.1212158203, 73.7831039429, 42.0923728943, 44.0501365662, 36.1627922058, 35.5231208801, 33.4357032776, 30.6105537415, 29.4626998901, 28.7673206329, 27.5729789734, 28.2157402039],
        "dvar2": [468.963317871, 179.348587036, 188.222686768, 109.666015625, 115.377784729, 96.0683746338, 96.2859802246, 89.8860015869, 84.4128341675, 80.0110168457, 77.1991043091, 78.0016479492, 77.6500854492],
        "max": [-508.471466064, 208.333404541, 44.921131134, 99.9770507812, 29.1576576233, 46.6604156494, 38.721862793, 57.7704849243, 13.1876678467, 50.9948692322, 30.3072319031, 43.093952179, 15.6645355225],
        "mean": [-630.759094238, 138.873184204, -20.6536407471, 39.982673645, -25.2367401123, 7.87283277512, -16.4358158112, 10.5262880325, -15.7996501923, 13.6985750198, -7.29952001572, 7.4892821312, -14.3827323914],
        "median": [-637.730285645, 141.572357178, -17.9066390991, 38.3277435303, -26.3196029663, 8.51379013062, -17.4798564911, 10.1443786621, -15.3010559082, 14.3245182037, -7.92074203491, 7.5131816864, -13.4245796204],
        "min": [-1138.42004395, 1.14440917969e-05, -105.746887207, -11.6424598694, -82.9733276367, -34.104675293, -54.9209632874, -29.8728485107, -54.396900177, -33.5615081787, -37.6512947083, -24.9864196777, -57.8905944824],
        "var": [2340.30200195, 538.77532959, 546.356628418, 261.414550781, 237.181015015, 161.189147949, 187.276443481, 121.219856262, 109.144416809, 122.729881287, 97.214805603, 85.385017395, 118.823486328],
        "cov": [[2341.20556641, -295.957427979, -689.780212402, 154.267196655, 33.6987228394, -101.022079468, -49.8427734375, 117.440155029, -49.7239189148, -15.0775575638, -21.8001728058, 10.6737451553, -84.3358306885], [-295.957427979, 538.983337402, 203.81262207, -152.638168335, -89.1382064819, 46.0509109497, -7.60456705093, -73.5626602173, 29.4652633667, 33.6640663147, 20.4705886841, 32.8306541443, 47.4428825378], [-689.780212402, 203.81262207, 546.567565918, 25.1934776306, 17.4761352539, 67.2499771118, 8.51563739777, -11.7370424271, 10.1106472015, 8.3764667511, -10.2529582977, -9.59061431885, 27.0190296173], [154.267196655, -152.638168335, 25.1934776306, 261.51550293, 138.388687134, -44.647277832, -28.1392612457, 41.3328132629, -9.84611606598, -23.900636673, -10.4296712875, -18.0113258362, -4.99114656448], [33.6987228394, -89.1382064819, 17.4761352539, 138.388687134, 237.272583008, 8.32107830048, -33.4890708923, 34.6368293762, -10.3027048111, -17.6545238495, -19.6481056213, -13.5642089844, 1.92593240738], [-101.022079468, 46.0509109497, 67.2499771118, -44.647277832, 8.32107830048, 161.25138855, 91.8706436157, 8.88126277924, 1.39111673832, -15.941368103, -6.81881189346, 0.419209092855, -19.1920089722], [-49.8427734375, -7.60456705093, 8.51563739777, -28.1392612457, -33.4890708923, 91.8706436157, 187.348754883, 51.7189178467, -24.3692207336, -20.5728816986, -9.62969493866, 6.67586421967, -19.3450927734], [117.440155029, -73.5626602173, -11.7370424271, 41.3328132629, 34.6368293762, 8.88126277924, 51.7189178467, 121.266662598, 14.0301685333, -21.5340976715, -3.83612179756, -4.30313920975, -7.1622300148], [-49.7239189148, 29.4652633667, 10.1106472015, -9.84611606598, -10.3027048111, 1.39111673832, -24.3692207336, 14.0301685333, 109.186561584, 47.2878799438, 9.85784912109, 2.51180648804, 5.57810688019], [-15.0775575638, 33.6640663147, 8.3764667511, -23.900636673, -17.6545238495, -15.941368103, -20.5728816986, -21.5340976715, 47.2878799438, 122.777267456, 37.3888015747, 6.51868963242, 17.6368465424], [-21.8001728058, 20.4705886841, -10.2529582977, -10.4296712875, -19.6481056213, -6.81881189346, -9.62969493866, -3.83612179756, 9.85784912109, 37.3888015747, 97.2523422241, 32.5111656189, -2.68656802177], [10.6737451553, 32.8306541443, -9.59061431885, -18.0113258362, -13.5642089844, 0.419209092855, 6.67586421967, -4.30313920975, 2.51180648804, 6.51868963242, 32.5111656189, 85.4179840088, 42.4161720276], [-84.3358306885, 47.4428825378, 27.0190296173, -4.99114656448, 1.92593240738, -19.1920089722, -19.3450927734, -7.1622300148, 5.57810688019, 17.6368465424, -2.68656802177, 42.4161720276, 118.869361877]],
        "icov": [[0.00100497622043, -0.000405027822126, 0.00144003669266, -0.00113279256038, 0.000689158856403, -0.000737688096706, 0.00116962974425, -0.00160409964155, 0.00120160973165, -0.00104697409552, 0.00110081955791, -0.000938468438108, 0.000921918137465], [-0.000405027822126, 0.00322049716488, -0.00172853854019, 0.00205219164491, -0.000238513748627, 0.000244983762968, -0.00054262985941, 0.00195678393357, -0.00130467512645, 0.000785437936429, -0.000955310475547, 4.91013161081e-05, -0.00111506646499], [0.00144003669266, -0.00172853854019, 0.00456223357469, -0.00278660887852, 0.00124090188183, -0.00239734002389, 0.00205315696076, -0.00258421269245, 0.00199588574469, -0.00184045673814, 0.00180318928324, -0.000668352295179, 0.000787487137131], [-0.00113279256038, 0.00205219164491, -0.00278660887852, 0.0086599746719, -0.00457380386069, 0.00366335408762, -0.00214629946277, 0.0016691290075, -0.00204726308584, 0.0024471138604, -0.00217047752813, 0.00162097078282, -0.00110337894876], [0.000689158856403, -0.000238513748627, 0.00124090188183, -0.00457380386069, 0.00788306817412, -0.00381502253003, 0.00394799001515, -0.00333386636339, 0.0025141260121, -0.00173838098999, 0.00217467080802, -0.000963833532296, 0.000341014791047], [-0.000737688096706, 0.000244983762968, -0.00239734002389, 0.00366335408762, -0.00381502253003, 0.012234300375, -0.00744633749127, 0.00371176609769, -0.00368315610103, 0.00294999522157, -0.00160701316781, 0.000837875937577, 0.000526326999534], [0.00116962974425, -0.00054262985941, 0.00205315696076, -0.00214629946277, 0.00394799001515, -0.00744633749127, 0.0125430217013, -0.00755416136235, 0.00558046577498, -0.00321697886102, 0.00337402615696, -0.00316798663698, 0.00223164074123], [-0.00160409964155, 0.00195678393357, -0.00258421269245, 0.0016691290075, -0.00333386636339, 0.00371176609769, -0.00755416136235, 0.0156107870862, -0.00677093723789, 0.00517777074128, -0.00370057136752, 0.00274973618798, -0.0024124069605], [0.00120160973165, -0.00130467512645, 0.00199588574469, -0.00204726308584, 0.0025141260121, -0.00368315610103, 0.00558046577498, -0.00677093723789, 0.014899908565, -0.00726302526891, 0.00316853728145, -0.00228044763207, 0.00196220073849], [-0.00104697409552, 0.000785437936429, -0.00184045673814, 0.0024471138604, -0.00173838098999, 0.00294999522157, -0.00321697886102, 0.00517777074128, -0.00726302526891, 0.0140047930181, -0.00657934322953, 0.00372598692775, -0.00345764518715], [0.00110081955791, -0.000955310475547, 0.00180318928324, -0.00217047752813, 0.00217467080802, -0.00160701316781, 0.00337402615696, -0.00370057136752, 0.00316853728145, -0.00657934322953, 0.0163363013417, -0.00834898371249, 0.00486861355603], [-0.000938468438108, 4.91013161081e-05, -0.000668352295179, 0.00162097078282, -0.000963833532296, 0.000837875937577, -0.00316798663698, 0.00274973618798, -0.00228044763207, 0.00372598692775, -0.00834898371249, 0.0193322170526, -0.00819726847112], [0.000921918137465, -0.00111506646499, 0.000787487137131, -0.00110337894876, 0.000341014791047, 0.000526326999534, 0.00223164074123, -0.0024124069605, 0.00196220073849, -0.00345764518715, 0.00486861355603, -0.00819726847112, 0.0130396867171]]
    }
}

}