{
"metadata": {
    "version": {
        "essentia": "2.0.1",
        "extractor": "archive-music 1.0 mod ismir14"
    },
    "audio_properties": {
        "analysis_sample_rate": 44100,
        "bitrate": 160,
        "channels": 2,
        "equal_loudness": 0,
        "length": 30.0669155121,
        "replay_gain": -13.4180603027,
        "downmix": "mix"
    },
    "tags": {
        "track": 0,
        "year": 0,
        "album": "",
        "artist": "",
        "comment": "",
        "genre": "",
        "title": ""
    }
},
"rhythm": {
    "bpm": 90.2942581177,
    "bpm_histogram_first_peak": 91,
    "bpm_histogram_first_peak_spread": 0.31707316637,
    "bpm_histogram_first_peak_weight": 0.651162803173,
    "bpm_histogram_second_peak": 83,
    "bpm_histogram_second_peak_spread": 0.5,
    "bpm_histogram_second_peak_weight": 0.0232558138669
},
"tonal": {
    "tuning_frequency": {
        "dmean": 0.195149704814,
        "dmean2": 0.379304617643,
        "dvar": 2.89420795441,
        "dvar2": 5.60470438004,
        "max": 454.727905273,
        "mean": 441.752258301,
        "median": 443.316436768,
        "min": 431.193908691,
        "var": 37.7466697693
    },
    "hpcp": {
        "dmean": [0.207691773772, 0.168710187078, 0.188889846206, 0.159955143929, 0.148189559579, 0.182198747993, 0.194735869765, 0.22187563777, 0.252529740334, 0.179933652282, 0.187612146139, 0.191000029445],
        "dmean2": [0.379796892405, 0.318063884974, 0.35169968009, 0.298541635275, 0.273687511683, 0.333956390619, 0.363910585642, 0.411516934633, 0.466897547245, 0.345591694117, 0.351901948452, 0.361479014158],
        "dvar": [0.0921874195337, 0.0937909558415, 0.0968740582466, 0.0809087231755, 0.0679879188538, 0.0881865620613, 0.102419406176, 0.106685101986, 0.116578996181, 0.10265173018, 0.0960928946733, 0.0977320820093],
        "dvar2": [0.253107398748, 0.254026800394, 0.276485472918, 0.232015699148, 0.188734292984, 0.239290624857, 0.274416476488, 0.283730894327, 0.304717004299, 0.293251603842, 0.281250834465, 0.284891366959],
        "max": [1, 1, 1, 1, 1, 1, 1, 1, 1, 1, 1, 1],
        "mean": [0.189838975668, 0.135945349932, 0.160444274545, 0.134088262916, 0.12158279866, 0.171170756221, 0.167031049728, 0.204635664821, 0.262221962214, 0.121423237026, 0.138836696744, 0.136657044291],
        "median": [0.0387856811285, 0.0143353566527, 0.0207050684839, 0.015669465065, 0.0181470401585, 0.0215205401182, 0.0155808571726, 0.0337244234979, 0.0480070114136, 0.0103374272585, 0.0166454017162, 0.0162275210023],
        "min": [0, 0, 0, 0, 0, 0, 0, 0, 0, 0, 0, 0],
        "var": [0.0948498398066, 0.0804075971246, 0.0880895107985, 0.0736942738295, 0.0582297295332, 0.0934986621141, 0.098599806428, 0.108475878835, 0.138232111931, 0.0729043409228, 0.0755731314421, 0.0759035348892]
    }
},
"lowlevel": {
    "melbands": {
        "dmean": [0.000752283609472, 0.0024859844707, 0.00121773977298, 0.000473291205708, 0.000333154690452, 0.000254657701589, 0.000281182379695, 0.000314103148412, 0.000455903908005, 0.000312452757498, 0.000142607226735, 0.000158745693625, 0.000140019197715, 9.63668935583e-05, 0.000138267467264, 0.000135843481985, 3.25176661136e-05, 2.50264947681e-05, 1.46096563185e-05, 1.76053817995e-05, 2.74843896477e-05, 2.04130210477e-05, 3.52109891537e-05, 2.50029752351e-05, 1.45620588228e-05, 1.72528671101e-05, 1.32854065669e-05, 8.06141270004e-06, 3.8858456719e-06, 3.21365723721e-06, 1.73173498297e-06, 8.33746753415e-07, 4.91860703278e-07, 3.87881613051e-07, 3.56343917929e-07, 3.14389751566e-07, 1.62890785305e-07, 1.09047604724e-07, 3.04532150608e-08, 2.75857225951e-09],
        "dmean2": [0.00123643002007, 0.00451596453786, 0.00213407468982, 0.000804355950095, 0.000571947719436, 0.000434934830992, 0.000466951023554, 0.000490930629894, 0.000669425411616, 0.00042750799912, 0.000211389706237, 0.000221386362682, 0.000184326461749, 0.000152515276568, 0.000204171665246, 0.000195673666894, 4.69479600724e-05, 3.74223236577e-05, 2.34145973081e-05, 2.81112279481e-05, 4.46234371339e-05, 3.32807685481e-05, 5.60905791644e-05, 3.73766488337e-05, 2.18335226236e-05, 2.72932520602e-05, 1.96559394681e-05, 1.19387577797e-05, 5.9568578763e-06, 4.83597659695e-06, 2.66996744358e-06, 1.33247044687e-06, 7.94823449723e-07, 6.21568403858e-07, 5.69398594052e-07, 5.10810252763e-07, 2.58877804526e-07, 1.78043464416e-07, 4.83316391353e-08, 4.61120475137e-09],
        "dvar": [6.5434011276e-07, 8.2438264144e-06, 1.81585801329e-06, 4.6117236252e-07, 5.30172030722e-07, 1.91708096509e-07, 2.28931199331e-07, 3.68446166021e-07, 8.38151493099e-07, 1.02737521956e-06, 2.96538019029e-07, 2.19427121806e-07, 1.35182006034e-07, 9.28343837359e-08, 1.37219856811e-07, 1.69522422766e-07, 8.93048390793e-09, 4.17034407008e-09, 6.25012375188e-10, 8.91620388632e-10, 3.27453908433e-09, 2.04210559573e-09, 6.09590689038e-09, 2.90744694986e-09, 8.4499784947e-10, 1.12140441377e-09, 8.18778600475e-10, 2.9155389214e-10, 6.37383895663e-11, 5.27167129394e-11, 1.35698709214e-11, 2.31898398054e-12, 5.88794854886e-13, 3.28226513894e-13, 3.47474707427e-13, 2.09313279599e-13, 6.52411271166e-14, 3.29685043642e-14, 2.89690985433e-15, 2.90726886876e-17],
        "dvar2": [1.83623785688e-06, 2.73824898613e-05, 5.28153623236e-06, 1.19259709663e-06, 1.48914796227e-06, 5.31444015905e-07, 6.01730391736e-07, 8.56303813634e-07, 1.65670735441e-06, 1.80788754278e-06, 5.02980753936e-07, 3.41952812732e-07, 2.20870077783e-07, 2.1858721766e-07, 2.43047480808e-07, 2.90842962158e-07, 1.17502407804e-08, 8.58397442016e-09, 1.45000478291e-09, 2.19458429207e-09, 8.04141730981e-09, 5.37010524937e-09, 1.60244084668e-08, 5.94385873853e-09, 1.8313734973e-09, 2.84944867701e-09, 1.69610070433e-09, 5.57004609103e-10, 1.24372956378e-10, 1.01897018601e-10, 3.03177934147e-11, 5.65766097166e-12, 1.48972370898e-12, 7.6635258469e-13, 8.07075001448e-13, 5.00600320745e-13, 1.51246826478e-13, 8.51295691383e-14, 6.32655599865e-15, 7.64305555402e-17],
        "max": [0.00839962996542, 0.0247045531869, 0.0126264039427, 0.00890127103776, 0.0112919639796, 0.00634692749009, 0.0101400185376, 0.0103883286938, 0.0180386658758, 0.019660891965, 0.0256406515837, 0.0169631782919, 0.0148551966995, 0.00778026552871, 0.00875421613455, 0.0123753612861, 0.004521319177, 0.00167645583861, 0.000415971764596, 0.000351010967279, 0.000894816825166, 0.000684201484546, 0.00116869085468, 0.000859961088281, 0.000583264918532, 0.000522647984326, 0.00053885608213, 0.000316100369673, 0.000158359631314, 0.000146494654473, 7.26229700376e-05, 3.71068817913e-05, 1.09619159048e-05, 9.45971441979e-06, 1.11157887659e-05, 6.74394959788e-06, 5.80241794523e-06, 3.41529243997e-06, 1.04460150396e-06, 1.21729456737e-07],
        "mean": [0.00128318916541, 0.00345389172435, 0.0018132297555, 0.000678987591527, 0.000440004107077, 0.000381154735805, 0.000442124117399, 0.000594497076236, 0.000898612954188, 0.00060565531021, 0.000235827566939, 0.000269480980933, 0.000313383556204, 0.000145261161379, 0.000230825389735, 0.000246912764851, 6.11199066043e-05, 4.25026955782e-05, 2.56640360021e-05, 3.01086365653e-05, 4.4422049541e-05, 3.42287203239e-05, 5.71642922296e-05, 4.52534986835e-05, 2.80551885226e-05, 3.09897150146e-05, 2.50514913205e-05, 1.51389958774e-05, 7.41585972719e-06, 5.79989409744e-06, 3.11398798658e-06, 1.61057448622e-06, 9.66531956692e-07, 8.33804392641e-07, 7.45637692035e-07, 6.40009091057e-07, 3.49346152007e-07, 2.31714764709e-07, 6.81520759827e-08, 4.79809392218e-09],
        "median": [0.000934406009037, 0.00241255946457, 0.00127061910462, 0.000400117307436, 0.000193920423044, 0.000176768575329, 0.000167264457559, 0.000184799471754, 0.000242519032327, 9.00193990674e-05, 4.91414648423e-05, 6.17746773059e-05, 4.65843404527e-05, 4.42670243501e-05, 5.50650220248e-05, 4.2122330342e-05, 1.35344535011e-05, 1.12656171041e-05, 1.07489204311e-05, 1.21174725791e-05, 1.3188048797e-05, 1.05325379991e-05, 1.43487786772e-05, 9.75461443886e-06, 9.10201106308e-06, 1.15224829642e-05, 6.38738220005e-06, 3.57842827725e-06, 2.65405378741e-06, 1.77038373295e-06, 1.21186440083e-06, 8.57675843235e-07, 6.00455905442e-07, 5.15521890065e-07, 4.87484101086e-07, 4.44578120096e-07, 2.15080319776e-07, 1.47490894165e-07, 4.11994420801e-08, 2.85000134603e-09],
        "min": [1.17343304199e-23, 4.16998500931e-24, 1.08134449647e-23, 8.921767558e-24, 3.71185127759e-24, 2.056310311e-24, 3.30629098369e-24, 1.73939569752e-23, 4.85986122587e-23, 4.25510436317e-23, 5.12780382767e-23, 6.85416186324e-23, 3.60196098134e-23, 1.95400530679e-23, 1.83486317096e-23, 3.61088962461e-23, 1.94050095472e-23, 1.68865427083e-23, 6.32615580236e-23, 6.27107690287e-23, 3.73767030059e-23, 4.40122317537e-23, 2.7499271482e-23, 2.85535903927e-23, 2.28898562386e-23, 1.12179294495e-23, 9.27801793166e-24, 1.94766712496e-23, 1.84236113609e-23, 1.25474693083e-23, 1.08629854295e-23, 1.49288013563e-23, 2.05595974122e-23, 2.78967437823e-23, 2.82284724147e-23, 2.00141016739e-23, 4.3223872564e-23, 2.71885675704e-23, 2.1109774251e-23, 2.53175030992e-23],
        "var": [1.4592703792e-06, 1.0541136362e-05, 2.93445282296e-06, 7.04272508756e-07, 5.89202159063e-07, 3.37476706136e-07, 6.02708155384e-07, 1.04885339169e-06, 2.75480260825e-06, 3.65768846677e-06, 1.21575351386e-06, 6.64535548367e-07, 6.9902694122e-07, 1.31315260887e-07, 3.51807813104e-07, 6.19447291683e-07, 5.79716399329e-08, 1.437804098e-08, 1.57619184371e-09, 1.71947012184e-09, 5.86145842973e-09, 3.34809047153e-09, 1.14521370165e-08, 7.35050109668e-09, 2.1008770279e-09, 2.48751264031e-09, 2.1467918554e-09, 7.99858734801e-10, 1.65127911345e-10, 1.347037204e-10, 2.77655069075e-11, 4.7376837696e-12, 1.21450484218e-12, 8.35185273804e-13, 7.22864042929e-13, 4.20370932074e-13, 1.55172559914e-13, 7.2149595597e-14, 7.30129525632e-15, 4.37644586141e-17]
    },
    "mfcc": {
        "dmean": [13.8721132278, 9.44893550873, 9.94184303284, 8.32734870911, 8.09979438782, 7.85009288788, 7.58263731003, 7.19704008102, 6.92091369629, 6.85428619385, 6.83411502838, 6.7438621521, 6.34968709946],
        "dmean2": [17.462266922, 15.0653533936, 15.471570015, 13.2676811218, 13.2587242126, 12.7854290009, 12.5820121765, 11.9522981644, 11.4381465912, 11.3655462265, 11.2142000198, 11.1540632248, 10.4044103622],
        "dvar": [303.2421875, 58.2160186768, 69.8107833862, 44.9121208191, 38.3213806152, 37.7038764954, 33.380355835, 30.498468399, 27.7559242249, 28.2708377838, 28.46534729, 28.1835899353, 23.3903408051],
        "dvar2": [355.054473877, 139.636428833, 153.087677002, 110.135017395, 100.425376892, 96.8707580566, 94.592880249, 84.9447631836, 75.7099456787, 76.4540328979, 78.466217041, 74.4967651367, 61.6654853821],
        "max": [-513.267150879, 202.435699463, 47.8815917969, 95.4370117188, 34.6455383301, 55.8364524841, 46.5378074646, 61.1582832336, 16.7604293823, 48.0057830811, 28.985042572, 47.321937561, 24.0500144958],
        "mean": [-623.185668945, 145.010406494, -19.9140605927, 41.5505180359, -9.88130474091, 10.0584154129, 0.344503581524, 18.0343856812, -10.8983230591, 11.7815685272, -3.80869245529, 13.1767158508, -5.05556583405],
        "median": [-626.013000488, 145.441589355, -17.8357753754, 41.052444458, -10.1922569275, 11.0527687073, -0.0791282653809, 18.3692245483, -10.8363552094, 11.5288391113, -3.51588439941, 13.2093105316, -4.99248123169],
        "min": [-1138.42004395, 1.14440917969e-05, -85.1132965088, -18.3195152283, -56.910823822, -38.6538925171, -40.4070854187, -22.3733024597, -47.004196167, -29.4406585693, -36.2338447571, -22.6786575317, -30.9399681091],
        "var": [2491.75463867, 321.68371582, 509.881622314, 311.169464111, 221.115127563, 222.665237427, 166.097900391, 127.210624695, 85.9633178711, 104.791175842, 92.9957199097, 88.5199966431, 73.7198257446],
        "cov": [[2492.71679688, 99.6832199097, -690.195678711, 55.9730224609, -313.771392822, -228.524017334, -133.428878784, -72.217666626, -52.9901123047, -14.4064569473, -70.0630722046, 8.81932353973, -81.6467666626], [99.6832199097, 321.807922363, 7.47968292236, -88.7053756714, -60.4793815613, 1.48050534725, 14.0388879776, 6.57425546646, -19.0426387787, 18.1372737885, 45.7905845642, -0.549261569977, -3.25360417366], [-690.195678711, 7.47968292236, 510.078460693, -22.86095047, 167.684661865, 74.6788635254, 18.1081104279, 17.3813552856, 20.8373241425, 18.9237957001, 6.36652183533, -13.6295127869, 23.2415504456], [55.9730224609, -88.7053756714, -22.86095047, 311.289611816, 66.7999191284, -7.26069545746, -58.3080978394, -20.8242549896, 48.6154747009, 14.1584281921, -43.5087738037, -5.09963417053, 23.2341308594], [-313.771392822, -60.4793815613, 167.684661865, 66.7999191284, 221.200500488, 43.4909934998, 15.9330978394, -13.1244010925, 20.8906993866, 25.1426525116, -13.4629583359, 1.61618983746, 6.0104136467], [-228.524017334, 1.48050534725, 74.6788635254, -7.26069545746, 43.4909934998, 222.751205444, 102.478416443, 37.5112495422, -18.9903717041, -9.64113616943, 37.9032821655, -6.02229976654, -17.7791671753], [-133.428878784, 14.0388879776, 18.1081104279, -58.3080978394, 15.9330978394, 102.478416443, 166.162033081, 68.1820068359, -10.1678466797, -21.3032970428, 23.4601020813, 13.6529817581, -12.7729549408], [-72.217666626, 6.57425546646, 17.3813552856, -20.8242549896, -13.1244010925, 37.5112495422, 68.1820068359, 127.259735107, 22.7227897644, -17.1733398438, 9.03137588501, 12.1131916046, 6.43977499008], [-52.9901123047, -19.0426387787, 20.8373241425, 48.6154747009, 20.8906993866, -18.9903717041, -10.1678466797, 22.7227897644, 85.9965057373, 38.5341682434, -3.76448225975, 0.166698306799, 7.90770864487], [-14.4064569473, 18.1372737885, 18.9237957001, 14.1584281921, 25.1426525116, -9.64113616943, -21.3032970428, -17.1733398438, 38.5341682434, 104.831634521, 28.6080513, -2.77843570709, -1.61509370804], [-70.0630722046, 45.7905845642, 6.36652183533, -43.5087738037, -13.4629583359, 37.9032821655, 23.4601020813, 9.03137588501, -3.76448225975, 28.6080513, 93.0316238403, 29.9677581787, -5.11845588684], [8.81932353973, -0.549261569977, -13.6295127869, -5.09963417053, 1.61618983746, -6.02229976654, 13.6529817581, 12.1131916046, 0.166698306799, -2.77843570709, 29.9677581787, 88.5541763306, 25.6925888062], [-81.6467666626, -3.25360417366, 23.2415504456, 23.2341308594, 6.0104136467, -17.7791671753, -12.7729549408, 6.43977499008, 7.90770864487, -1.61509370804, -5.11845588684, 25.6925888062, 73.7482910156]],
        "icov": [[0.000809716468211, -0.000324803753756, 0.000808383454569, -0.000242357360548, 0.000471599341836, 0.000274346093647, 0.000295840785839, -6.43731036689e-05, 0.000497359316796, -0.000408431020333, 0.000883185188286, -0.000600718951318, 0.000996568356641], [-0.000324803753756, 0.00388853205368, -0.000679247954395, 0.000625695451163, 0.000845398462843, 0.000203060728381, -0.00041149079334, -5.33436323167e-05, 0.000570089148823, -0.000675836810842, -0.00175375374965, 0.000845885428134, -0.000749992439523], [0.000808383454569, -0.000679247954395, 0.00390770798549, 0.00074058084283, -0.00215731142089, -0.000635796110146, 0.00124149769545, -0.000636983779259, -0.000244907714659, -3.49972651748e-05, 0.000582540349569, 0.000359639467206, -0.000366005086107], [-0.000242357360548, 0.000625695451163, 0.00074058084283, 0.00490281684324, -0.00171741482336, -0.00150054914411, 0.00195657764561, 0.00026878650533, -0.00269882543944, 0.000405006983783, 0.00125586241484, 6.08714144619e-05, -0.0015608886024], [0.000471599341836, 0.000845398462843, -0.00215731142089, -0.00171741482336, 0.00821836851537, -0.000395513750846, -0.00163358286954, 0.00167772604618, 0.000244767928962, -0.00225774710998, 0.00225177849643, -0.00183980935253, 0.00130731938407], [0.000274346093647, 0.000203060728381, -0.000635796110146, -0.00150054914411, -0.000395513750846, 0.00801529083401, -0.00441610952839, -0.000421396951424, 0.00228886632249, 0.000300574640278, -0.0032606003806, 0.00186803843826, 0.00110635929741], [0.000295840785839, -0.00041149079334, 0.00124149769545, 0.00195657764561, -0.00163358286954, -0.00441610952839, 0.0120247630402, -0.00483663473278, 0.00026327118394, 0.000963181722909, 0.000644433079287, -0.00182919309009, 0.00155004579574], [-6.43731036689e-05, -5.33436323167e-05, -0.000636983779259, 0.00026878650533, 0.00167772604618, -0.000421396951424, -0.00483663473278, 0.0123499576002, -0.00553384935483, 0.00279733212665, -0.000430213258369, -0.000449572282378, -0.00133058347274], [0.000497359316796, 0.000570089148823, -0.000244907714659, -0.00269882543944, 0.000244767928962, 0.00228886632249, 0.00026327118394, -0.00553384935483, 0.0191200189292, -0.00783893093467, 0.00178061192855, -0.000435145397205, 0.000617232406512], [-0.000408431020333, -0.000675836810842, -3.49972651748e-05, 0.000405006983783, -0.00225774710998, 0.000300574640278, 0.000963181722909, 0.00279733212665, -0.00783893093467, 0.0155382016674, -0.00668502599001, 0.00251771486364, -0.000579811574426], [0.000883185188286, -0.00175375374965, 0.000582540349569, 0.00125586241484, 0.00225177849643, -0.0032606003806, 0.000644433079287, -0.000430213258369, 0.00178061192855, -0.00668502599001, 0.0192082431167, -0.00789574719965, 0.003247306915], [-0.000600718951318, 0.000845885428134, 0.000359639467206, 6.08714144619e-05, -0.00183980935253, 0.00186803843826, -0.00182919309009, -0.000449572282378, -0.000435145397205, 0.00251771486364, -0.00789574719965, 0.016607452184, -0.0066694621928], [0.000996568356641, -0.000749992439523, -0.000366005086107, -0.0015608886024, 0.00130731938407, 0.00110635929741, 0.00155004579574, -0.00133058347274, 0.000617232406512, -0.000579811574426, 0.003247306915, -0.0066694621928, 0.0182517897338]]
    }
}

}