{
"metadata": {
    "version": {
        "essentia": "2.0.1",
        "extractor": "archive-music 1.0 mod ismir14"
    },
    "audio_properties": {
        "analysis_sample_rate": 44100,
        "bitrate": 96,
        "channels": 2,
        "equal_loudness": 0,
        "length": 30.0669155121,
        "replay_gain": -13.4713459015,
        "downmix": "mix"
    },
    "tags": {
        "track": 0,
        "year": 0,
        "album": "",
        "artist": "",
        "comment": "",
        "genre": "",
        "title": ""
    }
},
"rhythm": {
    "bpm": 88.4114303589,
    "bpm_histogram_first_peak": 89,
    "bpm_histogram_first_peak_spread": 0.292683005333,
    "bpm_histogram_first_peak_weight": 0.674418568611,
    "bpm_histogram_second_peak": 83,
    "bpm_histogram_second_peak_spread": 0,
    "bpm_histogram_second_peak_weight": 0.0232558138669
},
"tonal": {
    "tuning_frequency": {
        "dmean": 0.319794088602,
        "dmean2": 0.62789273262,
        "dvar": 3.05835986137,
        "dvar2": 7.48203086853,
        "max": 451.586883545,
        "mean": 440.04486084,
        "median": 441.782684326,
        "min": 433.942382812,
        "var": 13.6840925217
    },
    "hpcp": {
        "dmean": [0.219517290592, 0.153977498412, 0.22518222034, 0.256246030331, 0.120124071836, 0.231067046523, 0.253601133823, 0.273274213076, 0.191661655903, 0.106225483119, 0.236885711551, 0.0833173319697],
        "dmean2": [0.376658409834, 0.278835982084, 0.406974703074, 0.448847562075, 0.210022777319, 0.386704951525, 0.434525519609, 0.477317720652, 0.335295498371, 0.184339210391, 0.41430541873, 0.154757156968],
        "dvar": [0.0431668460369, 0.0341611132026, 0.0584843792021, 0.0600675009191, 0.0297394655645, 0.0650756955147, 0.0634347200394, 0.0487244054675, 0.0494793653488, 0.0195920709521, 0.0581101849675, 0.0148923238739],
        "dvar2": [0.103885225952, 0.092667542398, 0.161499172449, 0.179052785039, 0.0811396539211, 0.15135845542, 0.150799483061, 0.138636559248, 0.132564648986, 0.048230573535, 0.149969190359, 0.0434492267668],
        "max": [1, 1, 1, 1, 1, 1, 1, 1, 1, 1, 1, 1],
        "mean": [0.305338561535, 0.172447264194, 0.236203759909, 0.304226189852, 0.132966578007, 0.321782201529, 0.348748832941, 0.393739938736, 0.249733373523, 0.130943208933, 0.778322815895, 0.0982200428843],
        "median": [0.232239812613, 0.108879320323, 0.139673829079, 0.204078301787, 0.0788427069783, 0.147715806961, 0.260442614555, 0.336340934038, 0.129001513124, 0.0828882530332, 0.929148972034, 0.0682515352964],
        "min": [0.0194033440202, 0.00586130144075, 0.00598561717197, 0.00557594932616, 0.00297684734687, 0.0256598200649, 0.00876897946, 0.00929124839604, 0.0062474347651, 0.00398621475324, 0.112851396203, 0.00443751364946],
        "var": [0.066857598722, 0.0354675240815, 0.0652674436569, 0.0741741880774, 0.0287194196135, 0.108733929694, 0.0942655280232, 0.08475895226, 0.0732809305191, 0.024023341015, 0.0758230909705, 0.0107460310683]
    }
},
"lowlevel": {
    "melbands": {
        "dmean": [1.42115422932e-05, 6.53028109809e-05, 5.69155963603e-05, 3.78045951948e-05, 1.6374497136e-05, 2.83691861114e-05, 3.04235345538e-05, 3.76929056074e-05, 4.24758363806e-05, 2.41269699472e-05, 1.67716007127e-05, 1.06931738628e-05, 9.52532718657e-06, 5.20383582625e-06, 8.66353821039e-06, 5.13956274517e-06, 6.30782960798e-06, 3.83927363146e-06, 2.88020783046e-06, 3.03366823573e-06, 2.25766484618e-06, 2.40365284299e-06, 3.94040625906e-06, 4.10181928601e-06, 2.5328247375e-06, 1.66778636412e-06, 1.61753575867e-06, 9.83062818705e-07, 4.50160086984e-07, 4.11326908534e-07, 3.41642277135e-07, 1.71194216136e-07, 7.67132846136e-08, 4.90861857827e-08, 4.37291021171e-08, 3.00480103022e-08, 1.70501461838e-08, 7.70238184344e-09, 1.50752554884e-09, 7.39877811795e-11],
        "dmean2": [2.54903479799e-05, 0.000124762431369, 0.000103822545498, 6.73937101965e-05, 2.97665501421e-05, 5.06834658154e-05, 5.57753301109e-05, 6.76219497109e-05, 7.00871678418e-05, 4.30984291597e-05, 2.91425967589e-05, 1.96146629605e-05, 1.70241110027e-05, 9.350415894e-06, 1.57725608005e-05, 9.34028776101e-06, 1.15042312245e-05, 6.872159247e-06, 5.19396144227e-06, 5.25596897205e-06, 3.9900014599e-06, 4.17893897975e-06, 7.15438090992e-06, 6.77048456055e-06, 4.53963730251e-06, 2.92204390462e-06, 2.68689313998e-06, 1.65070343883e-06, 7.69856171701e-07, 7.07704998604e-07, 5.92808305555e-07, 2.92042443562e-07, 1.30050437974e-07, 8.44874179506e-08, 7.22781194895e-08, 5.12256335128e-08, 3.09809031762e-08, 1.3580052638e-08, 2.68908673107e-09, 1.30477434412e-10],
        "dvar": [4.02683941747e-10, 4.94237228921e-09, 3.28600857635e-09, 2.52192000616e-09, 2.69251204665e-10, 5.91126314564e-10, 7.87657328249e-10, 1.51496237777e-09, 6.69868338576e-09, 4.56127891013e-09, 5.69600144829e-10, 6.301482669e-10, 5.58450785615e-10, 1.0122389732e-10, 3.18792547915e-10, 8.47642511737e-11, 2.14297385392e-10, 5.66603292063e-11, 1.7076043704e-11, 4.84971299231e-11, 1.03434370444e-11, 1.12612835723e-11, 4.4753031142e-11, 4.3075470274e-11, 1.82801586368e-11, 7.96377720713e-12, 9.02119785123e-12, 4.24501666457e-12, 4.3662548078e-13, 6.56892834398e-13, 4.2870560075e-13, 9.17714255283e-14, 1.52945385035e-14, 6.67269813012e-15, 4.17588217084e-15, 1.29694275576e-15, 3.63126544969e-16, 4.59527252199e-17, 1.85623361962e-18, 7.34211247036e-21],
        "dvar2": [1.02280461878e-09, 1.57660888789e-08, 9.18799258898e-09, 6.810217279e-09, 7.54778017864e-10, 1.9489072578e-09, 2.08211514696e-09, 4.14463707799e-09, 1.45925893591e-08, 1.29644588398e-08, 1.41086209382e-09, 1.77949965874e-09, 1.55232371402e-09, 2.86999674026e-10, 9.73535918547e-10, 2.42963454911e-10, 6.05837879863e-10, 1.46859552297e-10, 4.60689264514e-11, 1.28405619471e-10, 2.27642401457e-11, 3.2023030061e-11, 1.31170144191e-10, 1.1942724587e-10, 4.43421271923e-11, 2.18547298314e-11, 2.19900365278e-11, 1.10517836202e-11, 1.10752119281e-12, 1.62486452245e-12, 1.10979921e-12, 2.50012738377e-13, 3.60700340852e-14, 1.5778699148e-14, 7.97174470397e-15, 2.82245544651e-15, 8.37325314404e-16, 1.27063928578e-16, 4.39269094417e-18, 2.16301817134e-20],
        "max": [0.00013223986025, 0.000436700094724, 0.000279668456642, 0.000294556695735, 0.000115967741294, 0.000138280782267, 0.000137063223519, 0.000165386431036, 0.000852843048051, 0.000563825189602, 0.000156486174092, 0.000155484711286, 0.000138201343361, 6.24236854492e-05, 0.000107590392872, 5.06178075739e-05, 9.53517592279e-05, 7.0309273724e-05, 2.10972812056e-05, 6.0418045905e-05, 2.08390083571e-05, 2.21178452193e-05, 3.5709952499e-05, 4.73511718155e-05, 2.93422326649e-05, 1.67779671756e-05, 2.41713569267e-05, 1.33195862873e-05, 5.47322770217e-06, 7.47375088395e-06, 3.92587435272e-06, 1.70934299604e-06, 8.78118385117e-07, 6.58020155697e-07, 5.89567434872e-07, 3.04888175151e-07, 1.39824052781e-07, 4.82125805945e-08, 1.09913962376e-08, 6.48825437821e-10],
        "mean": [1.87171299331e-05, 7.39862734918e-05, 7.93664657976e-05, 4.12841727666e-05, 2.24335017265e-05, 4.09624772146e-05, 4.09359272453e-05, 3.11350122502e-05, 4.81637871417e-05, 2.48790056503e-05, 1.93789437617e-05, 8.78747869137e-06, 7.23293305782e-06, 4.7535977501e-06, 7.61291857998e-06, 4.31858870797e-06, 4.88075011162e-06, 3.88763874071e-06, 2.70416080639e-06, 2.44338730226e-06, 2.1728358206e-06, 2.24147038352e-06, 3.56700684279e-06, 3.78442632609e-06, 2.46144395533e-06, 2.06683830584e-06, 1.65552091858e-06, 9.50854882831e-07, 5.26432188508e-07, 4.32521233051e-07, 3.52902048917e-07, 2.1344733625e-07, 1.04869627648e-07, 8.15301888224e-08, 7.38775156606e-08, 5.12274453968e-08, 3.15280068719e-08, 1.25528378803e-08, 2.1419741536e-09, 1.0755781682e-10],
        "median": [1.33232679218e-05, 5.35956241947e-05, 6.52390663163e-05, 2.49660315603e-05, 1.73989901668e-05, 3.71122878278e-05, 2.9103273846e-05, 1.69299601112e-05, 2.84574580292e-05, 1.38484192576e-05, 1.28384608615e-05, 2.92964091386e-06, 2.04609114007e-06, 2.14372471419e-06, 3.99739110435e-06, 1.93729624698e-06, 1.61171840318e-06, 1.43429519994e-06, 1.17290539947e-06, 8.207170481e-07, 8.36308117869e-07, 8.36578749386e-07, 8.17577301859e-07, 7.06134869688e-07, 8.95956247859e-07, 6.79993149788e-07, 3.53443681433e-07, 3.46389583683e-07, 3.18776926633e-07, 1.91922154613e-07, 1.15669443801e-07, 9.07614747803e-08, 6.05837158218e-08, 5.32636548201e-08, 4.78333639364e-08, 3.55678260178e-08, 2.3322279219e-08, 9.29573573671e-09, 1.50621981554e-09, 7.11231212813e-11],
        "min": [2.02934415938e-06, 6.86372459313e-06, 1.27733683257e-05, 3.67309303329e-06, 2.93990547107e-06, 2.25846338253e-06, 2.19171715798e-06, 1.95210873244e-06, 2.98764376794e-07, 2.54137290767e-07, 2.71828497489e-07, 8.31194171269e-08, 2.24678572636e-07, 2.38249867834e-07, 1.10264316788e-07, 7.72457582343e-08, 8.68645742003e-08, 4.3667323979e-08, 4.42021352853e-08, 6.31957988162e-08, 9.28474790385e-08, 8.35959781398e-08, 7.7299688428e-08, 5.1441173099e-08, 1.0178836618e-07, 1.08788739794e-07, 2.96001338995e-08, 1.58516257898e-08, 6.42516084781e-08, 4.56146125316e-08, 2.05189110147e-08, 1.65045754841e-08, 1.63060285274e-08, 1.16950769069e-08, 6.48314291141e-09, 8.36647551239e-09, 5.40661737602e-09, 1.96057081681e-09, 2.81809270364e-10, 1.48982562398e-11],
        "var": [3.8112396572e-10, 3.97190191848e-09, 2.74027311953e-09, 2.00200322986e-09, 3.17166931607e-10, 7.63125673764e-10, 1.07068753863e-09, 1.24285559622e-09, 7.02031277555e-09, 2.75452438636e-09, 6.01770133724e-10, 4.36659208791e-10, 3.8502315225e-10, 7.02125718677e-11, 1.97400998325e-10, 5.91183213494e-11, 1.36442926402e-10, 6.61172297467e-11, 1.56631131676e-11, 3.5197705861e-11, 1.20335260853e-11, 1.12380408798e-11, 4.16977632978e-11, 5.15355674802e-11, 1.83155747513e-11, 1.06546108741e-11, 1.09723445607e-11, 3.6180808783e-12, 4.48260216923e-13, 6.2272273926e-13, 4.21772886798e-13, 9.29854473584e-14, 1.84354857497e-14, 8.59164322531e-15, 7.65826119832e-15, 2.48981374966e-15, 5.82218895965e-16, 8.6425160506e-17, 3.5714970513e-18, 1.06982944082e-20]
    },
    "mfcc": {
        "dmean": [32.6504631042, 11.368806839, 18.4582195282, 9.11395931244, 10.1361999512, 9.5969171524, 10.5917196274, 7.83097314835, 6.06576824188, 6.46508407593, 6.31739330292, 6.20390510559, 6.31319141388],
        "dmean2": [56.8618507385, 18.6205940247, 28.6868839264, 15.7252855301, 17.3832645416, 16.3635654449, 17.837638855, 14.1895484924, 10.0562496185, 10.1058492661, 10.4439964294, 10.0125627518, 9.84583091736],
        "dvar": [631.36730957, 88.7289352417, 159.963317871, 87.1299362183, 69.801071167, 52.0424385071, 78.6406707764, 33.6073875427, 32.158416748, 25.4445858002, 28.268529892, 24.3824481964, 28.6114730835],
        "dvar2": [1604.21960449, 205.99822998, 537.637573242, 187.258544922, 179.491516113, 142.030456543, 194.121139526, 109.83895874, 89.3666992188, 67.0837783813, 74.6333312988, 69.7355880737, 77.6995391846],
        "max": [-671.739929199, 167.764648438, 23.9358329773, 84.2564468384, 17.1055450439, 28.3899250031, 21.32056427, 27.9935150146, 3.0955619812, 32.1315841675, 18.3803100586, 23.9029502869, 5.04188919067],
        "mean": [-759.157958984, 137.851135254, -18.4748363495, 37.1793060303, -17.7055416107, 3.57246184349, -12.2728471756, 6.54267644882, -10.551320076, 10.6359949112, -2.54361867905, 5.35691356659, -8.96165943146],
        "median": [-761.994628906, 141.652740479, -17.3207931519, 34.2472953796, -19.3960876465, 3.26418304443, -13.2113342285, 6.45695877075, -9.32018470764, 11.2484912872, -2.23478317261, 5.67359161377, -7.61687850952],
        "min": [-883.19543457, 83.6991500854, -73.5712432861, 2.51010513306, -42.4223976135, -19.7336158752, -34.9034729004, -11.7995147705, -37.1951789856, -19.2058334351, -19.7740058899, -12.9484710693, -37.9293670654],
        "var": [1197.49804688, 298.536956787, 377.918304443, 180.047286987, 120.49609375, 83.2247009277, 119.695274353, 61.9487876892, 59.3065376282, 59.3984680176, 43.8408279419, 36.4518470764, 62.5844573975],
        "cov": [[1204.88989258, -311.233276367, -557.434875488, 114.670257568, -19.9981861115, -50.7092208862, -27.2657814026, 77.7779312134, -76.7122344971, -16.5659999847, 13.8183107376, 26.2915248871, -107.477119446], [-311.233276367, 300.379760742, 167.71824646, -159.809799194, -66.0265350342, 32.6576042175, 19.2062168121, -69.6551437378, 43.203327179, 19.0302906036, 24.2187919617, 20.966878891, 45.6684074402], [-557.434875488, 167.71824646, 380.25112915, -17.8451461792, 9.27618789673, 34.8973655701, -1.88889622688, -24.5179595947, 37.178352356, 1.45503401756, -6.39061832428, -9.1457567215, 48.8991279602], [114.670257568, -159.809799194, -17.8451461792, 181.158691406, 87.6030731201, -46.8321075439, -43.4994468689, 34.2032318115, -20.6468868256, -9.78628540039, -10.618350029, -16.8913726807, -15.459359169], [-19.9981861115, -66.0265350342, 9.27618789673, 87.6030731201, 121.239898682, -18.0606403351, -43.0640640259, 21.4863128662, -7.52970695496, -4.1870470047, -17.2525310516, -12.9966411591, -2.10677051544], [-50.7092208862, 32.6576042175, 34.8973655701, -46.8321075439, -18.0606403351, 83.7384338379, 62.790145874, 3.26382637024, -0.638112127781, -23.0641269684, -5.63649511337, -4.0589966774, -19.1458778381], [-27.2657814026, 19.2062168121, -1.88889622688, -43.4994468689, -43.0640640259, 62.790145874, 120.434135437, 19.209356308, -26.8094921112, -26.3822841644, -12.8592290878, 1.50972414017, -12.0212059021], [77.7779312134, -69.6551437378, -24.5179595947, 34.2032318115, 21.4863128662, 3.26382637024, 19.209356308, 62.3311882019, -9.97648620605, -23.4698257446, -10.6166601181, -3.08735227585, -11.135342598], [-76.7122344971, 43.203327179, 37.178352356, -20.6468868256, -7.52970695496, -0.638112127781, -26.8094921112, -9.97648620605, 59.6726303101, 23.9964141846, -0.65059864521, -5.83060503006, 4.19089984894], [-16.5659999847, 19.0302906036, 1.45503401756, -9.78628540039, -4.1870470047, -23.0641269684, -26.3822841644, -23.4698257446, 23.9964141846, 59.7651252747, 11.3992891312, -5.50720739365, 10.7134618759], [13.8183107376, 24.2187919617, -6.39061832428, -10.618350029, -17.2525310516, -5.63649511337, -12.8592290878, -10.6166601181, -0.65059864521, 11.3992891312, 44.1114501953, 14.5810575485, -4.31383180618], [26.2915248871, 20.966878891, -9.1457567215, -16.8913726807, -12.9966411591, -4.0589966774, 1.50972414017, -3.08735227585, -5.83060503006, -5.50720739365, 14.5810575485, 36.6768569946, 18.2000694275], [-107.477119446, 45.6684074402, 48.8991279602, -15.459359169, -2.10677051544, -19.1458778381, -12.0212059021, -11.135342598, 4.19089984894, 10.7134618759, -4.31383180618, 18.2000694275, 62.9707832336]],
        "icov": [[0.00942844897509, -0.00992358010262, 0.0146670602262, -0.0151886334643, 0.0141772693023, -0.0149151198566, 0.0172846969217, -0.0169116742909, 0.0146503895521, -0.0127158714458, 0.0147021422163, -0.013884450309, 0.0106279077008], [-0.00992358010262, 0.0274742376059, -0.0210670847446, 0.0296213049442, -0.0205352604389, 0.0237410198897, -0.0260244160891, 0.0301004461944, -0.0242893453687, 0.0204494409263, -0.0252729970962, 0.0151073047891, -0.0143054919317], [0.0146670602262, -0.0210670847446, 0.0286237951368, -0.0290034878999, 0.0233111251146, -0.028620492667, 0.0292029082775, -0.0287388507277, 0.0229000672698, -0.0201498642564, 0.0239891894162, -0.0182765983045, 0.0123648969457], [-0.0151886334643, 0.0296213049442, -0.0290034878999, 0.0473330952227, -0.033708486706, 0.0375873968005, -0.0340126678348, 0.0337350815535, -0.0279067233205, 0.0276497211307, -0.0319363512099, 0.0252377353609, -0.0158194676042], [0.0141772693023, -0.0205352604389, 0.0233111251146, -0.033708486706, 0.0401881821454, -0.032156817615, 0.0377829745412, -0.0341010317206, 0.0300705228001, -0.0250382106751, 0.0321786031127, -0.0216864645481, 0.0161938276142], [-0.0149151198566, 0.0237410198897, -0.028620492667, 0.0375873968005, -0.032156817615, 0.0598965957761, -0.0477010495961, 0.0371184051037, -0.0349515900016, 0.0333907492459, -0.0313325896859, 0.0240334309638, -0.00907646585256], [0.0172846969217, -0.0260244160891, 0.0292029082775, -0.0340126678348, 0.0377829745412, -0.0477010495961, 0.0596074685454, -0.045236621052, 0.0436479337513, -0.0320531316102, 0.0404763221741, -0.0284498762339, 0.0210322290659], [-0.0169116742909, 0.0301004461944, -0.0287388507277, 0.0337350815535, -0.0341010317206, 0.0371184051037, -0.045236621052, 0.06429990381, -0.038878146559, 0.0375340245664, -0.0345485284925, 0.0261679682881, -0.0209444146603], [0.0146503895521, -0.0242893453687, 0.0229000672698, -0.0279067233205, 0.0300705228001, -0.0349515900016, 0.0436479337513, -0.038878146559, 0.0570686869323, -0.0365507602692, 0.0361725278199, -0.023514630273, 0.0215179510415], [-0.0127158714458, 0.0204494409263, -0.0201498642564, 0.0276497211307, -0.0250382106751, 0.0333907492459, -0.0320531316102, 0.0375340245664, -0.0365507602692, 0.0519102066755, -0.0359952002764, 0.0318081155419, -0.0223240535706], [0.0147021422163, -0.0252729970962, 0.0239891894162, -0.0319363512099, 0.0321786031127, -0.0313325896859, 0.0404763221741, -0.0345485284925, 0.0361725278199, -0.0359952002764, 0.0668588206172, -0.0429974459112, 0.0308450162411], [-0.013884450309, 0.0151073047891, -0.0182765983045, 0.0252377353609, -0.0216864645481, 0.0240334309638, -0.0284498762339, 0.0261679682881, -0.023514630273, 0.0318081155419, -0.0429974459112, 0.0697081238031, -0.0354272574186], [0.0106279077008, -0.0143054919317, 0.0123648969457, -0.0158194676042, 0.0161938276142, -0.00907646585256, 0.0210322290659, -0.0209444146603, 0.0215179510415, -0.0223240535706, 0.0308450162411, -0.0354272574186, 0.0437210835516]]
    }
}

}