{
"metadata": {
    "version": {
        "essentia": "2.0.1",
        "extractor": "archive-music 1.0 mod ismir14"
    },
    "audio_properties": {
        "analysis_sample_rate": 44100,
        "bitrate": 128,
        "channels": 2,
        "equal_loudness": 0,
        "length": 30.0669155121,
        "replay_gain": -13.8431720734,
        "downmix": "mix"
    },
    "tags": {
        "track": 0,
        "year": 0,
        "album": "",
        "artist": "",
        "comment": "",
        "genre": "",
        "title": ""
    }
},
"rhythm": {
    "bpm": 90.2956161499,
    "bpm_histogram_first_peak": 91,
    "bpm_histogram_first_peak_spread": 0.341463446617,
    "bpm_histogram_first_peak_weight": 0.62790697813,
    "bpm_histogram_second_peak": 83,
    "bpm_histogram_second_peak_spread": 0.5,
    "bpm_histogram_second_peak_weight": 0.0232558138669
},
"tonal": {
    "tuning_frequency": {
        "dmean": 0.0580244660378,
        "dmean2": 0.095750130713,
        "dvar": 0.130345225334,
        "dvar2": 0.18878467381,
        "max": 454.465301514,
        "mean": 451.369689941,
        "median": 451.065460205,
        "min": 448.985931396,
        "var": 1.7133089304
    },
    "hpcp": {
        "dmean": [0.284175217152, 0.0779556110501, 0.156762108207, 0.166246503592, 0.384960800409, 0.292107671499, 0.120298020542, 0.314520508051, 0.130236566067, 0.0908332541585, 0.121685430408, 0.141155213118],
        "dmean2": [0.502577722073, 0.128526136279, 0.262062042952, 0.302571088076, 0.684511244297, 0.522113025188, 0.204464837909, 0.526777386665, 0.223258882761, 0.158102616668, 0.211593016982, 0.24960693717],
        "dvar": [0.0967751517892, 0.00955373328179, 0.0374412573874, 0.0570312030613, 0.0949844419956, 0.0788204744458, 0.0166543852538, 0.0890876874328, 0.0280690900981, 0.0165078304708, 0.0257321726531, 0.0358970277011],
        "dvar2": [0.174975574017, 0.0236714873463, 0.0868822783232, 0.166094601154, 0.247282609344, 0.186367347836, 0.0404772534966, 0.181858167052, 0.0859835594893, 0.0475271642208, 0.0688323751092, 0.0993599519134],
        "max": [1, 0.740797698498, 1, 1, 1, 1, 0.732594013214, 1, 1, 1, 1, 1],
        "mean": [0.566155254841, 0.0823866277933, 0.1872112602, 0.149497359991, 0.410805314779, 0.385105401278, 0.131427928805, 0.428953915834, 0.118183791637, 0.0944520756602, 0.120615765452, 0.144917562604],
        "median": [0.583608806133, 0.0526851415634, 0.100817501545, 0.070051304996, 0.298768103123, 0.255393594503, 0.0709002017975, 0.266258746386, 0.0683246999979, 0.0638968646526, 0.0698137059808, 0.0838003233075],
        "min": [0.00512514309958, 0.00273603200912, 0.0115224728361, 0.0042587951757, 0.0134868957102, 0.011518153362, 0.00497940834612, 0.00606478657573, 0.00129949580878, 0.00443799048662, 0.00281066261232, 0.00494969589636],
        "var": [0.157142281532, 0.0109052062035, 0.0472051687539, 0.0503841452301, 0.121368572116, 0.126988425851, 0.020174946636, 0.147957444191, 0.0242868289351, 0.0135939400643, 0.0233736690134, 0.0311028566211]
    }
},
"lowlevel": {
    "melbands": {
        "dmean": [6.63168684696e-05, 0.000169171355083, 4.84620613861e-05, 3.03971664835e-05, 2.8026785003e-05, 2.01696893782e-05, 2.87792554445e-05, 3.86245010304e-05, 6.8964996899e-05, 4.89006997668e-05, 1.95355714823e-05, 2.18280620174e-05, 2.85030073428e-05, 9.52874324867e-06, 1.72997915797e-05, 1.94369949895e-05, 5.03897990711e-06, 3.10122936753e-06, 1.4182932091e-06, 1.63802053521e-06, 3.20073900184e-06, 2.27910754802e-06, 4.15518434238e-06, 3.24036591337e-06, 1.81833740953e-06, 2.17776823774e-06, 1.93708297047e-06, 1.12899851956e-06, 4.81965344079e-07, 4.28055500379e-07, 1.95382796164e-07, 8.01511319537e-08, 4.37770815154e-08, 3.70225841095e-08, 3.16386845611e-08, 2.56018939382e-08, 1.66876432672e-08, 1.07451496589e-08, 3.37121153215e-09, 2.59967880556e-10],
        "dmean2": [0.000105984945549, 0.00028009864036, 8.57084378367e-05, 5.33060228918e-05, 4.97748696944e-05, 3.56167111022e-05, 5.0541904784e-05, 7.13104964234e-05, 0.000125574544654, 8.95945413504e-05, 3.75362287741e-05, 4.04197344324e-05, 5.21086076333e-05, 1.76998237293e-05, 3.09221322823e-05, 3.54597868863e-05, 9.49711647991e-06, 5.73486022404e-06, 2.57419446825e-06, 2.9305570024e-06, 5.83748897043e-06, 4.2922947614e-06, 7.87134013081e-06, 5.95608935328e-06, 3.38113363796e-06, 4.07076868214e-06, 3.59757905244e-06, 2.0838515411e-06, 8.93732078566e-07, 8.05303159268e-07, 3.67305347027e-07, 1.48415836065e-07, 8.15911036511e-08, 6.85507188791e-08, 5.80704586639e-08, 4.56723157072e-08, 3.09131387155e-08, 1.94679241616e-08, 6.08173378325e-09, 4.7977605222e-10],
        "dvar": [2.31356400704e-09, 1.80047532439e-08, 2.90342350162e-09, 6.45107967046e-10, 1.33062771912e-09, 4.57284377031e-10, 2.42461672961e-09, 2.49449105816e-09, 6.72520927836e-09, 9.74124869657e-09, 5.9677187636e-09, 1.17555598589e-09, 3.03931657619e-09, 2.18543447228e-10, 5.65558710974e-10, 9.95131199666e-10, 2.82701667631e-10, 3.86394700957e-11, 2.4127778768e-12, 1.69845940697e-12, 8.76856660198e-12, 5.53594670105e-12, 2.00892583818e-11, 8.24981229164e-12, 2.61721113531e-12, 4.87106275454e-12, 3.83094033926e-12, 1.38389506018e-12, 2.45096532046e-13, 2.12122352561e-13, 3.4588380337e-14, 5.55479675183e-15, 1.60425128534e-15, 9.96378408382e-16, 8.33796998662e-16, 5.55700041392e-16, 2.51634245099e-16, 1.37608946141e-16, 1.159420518e-17, 6.47743747317e-20],
        "dvar2": [5.66034730198e-09, 4.84088253927e-08, 8.13490874663e-09, 1.81119086395e-09, 3.55383611428e-09, 1.17009146816e-09, 6.28717922169e-09, 7.3924186772e-09, 1.99856788896e-08, 2.63222599273e-08, 1.77932548695e-08, 3.47700046532e-09, 8.36328872822e-09, 6.42264963435e-10, 1.49862877663e-09, 2.63677257806e-09, 8.41761271797e-10, 1.12177100942e-10, 6.80019235366e-12, 4.63410039508e-12, 2.21390995814e-11, 1.5134457923e-11, 5.53628982936e-11, 2.26774415218e-11, 7.2806587148e-12, 1.34554121317e-11, 1.05012821355e-11, 3.82760576706e-12, 6.86260130753e-13, 5.91825091538e-13, 9.81067779641e-14, 1.66400215411e-14, 4.9762177682e-15, 2.81113061601e-15, 2.4363223485e-15, 1.66558187056e-15, 7.96785311697e-16, 4.21269904023e-16, 3.61236258598e-17, 2.0888891529e-19],
        "max": [0.000292747659842, 0.000800322566647, 0.000405440252507, 0.000153784727445, 0.00031175382901, 0.000185941200471, 0.000467787875095, 0.000274317659205, 0.00044112620526, 0.00077985948883, 0.000712636683602, 0.000189604921616, 0.000345045671565, 8.88783688424e-05, 0.000118468495202, 0.000183477823157, 0.000152892331243, 4.3593274313e-05, 1.0834252862e-05, 6.13377187619e-06, 1.58739039762e-05, 1.2328124285e-05, 2.65150501946e-05, 1.4194324649e-05, 8.56399856275e-06, 1.15196608022e-05, 9.58077725954e-06, 7.39620236345e-06, 2.81624761556e-06, 3.12592874252e-06, 1.07867447241e-06, 5.81646588671e-07, 2.47761676064e-07, 2.0019872693e-07, 1.67991899502e-07, 1.37234451358e-07, 8.1363602078e-08, 6.66504718083e-08, 1.94990246172e-08, 1.80421322327e-09],
        "mean": [9.91710912785e-05, 0.000263003748842, 8.49435746204e-05, 4.02467849199e-05, 2.72832712653e-05, 2.18419136218e-05, 2.89950712613e-05, 3.4627119021e-05, 5.91998286836e-05, 3.58642137144e-05, 1.41327655001e-05, 1.73111020558e-05, 2.05089399969e-05, 8.32853038446e-06, 1.43258594107e-05, 1.51742642629e-05, 3.75607669412e-06, 2.69642350759e-06, 1.54777399075e-06, 1.85638691619e-06, 2.81674783764e-06, 2.10790153687e-06, 3.64500760952e-06, 2.7907783533e-06, 1.73623277533e-06, 1.96916562345e-06, 1.60019237683e-06, 9.47780051774e-07, 4.56157806639e-07, 3.60123380005e-07, 1.91876623035e-07, 9.88511246192e-08, 6.03524981102e-08, 5.22920444723e-08, 4.67064182885e-08, 4.06829094857e-08, 2.18895266357e-08, 1.46667709089e-08, 4.24904378349e-09, 3.12224940346e-10],
        "median": [9.33929550229e-05, 0.000228396180319, 7.2727969382e-05, 3.30314978783e-05, 1.73208918568e-05, 1.49437337313e-05, 1.61343086802e-05, 2.01369130082e-05, 3.16791192745e-05, 7.934048881e-06, 5.509606126e-06, 7.17715693099e-06, 4.35521360487e-06, 3.70064640265e-06, 5.68263385503e-06, 4.11678911405e-06, 1.60557272011e-06, 1.29246188862e-06, 1.18330672194e-06, 1.41651878494e-06, 1.71203794253e-06, 1.32192428737e-06, 2.17793763113e-06, 1.61749710514e-06, 1.18358912005e-06, 1.25747737911e-06, 8.30228316318e-07, 5.47506488147e-07, 3.01049482232e-07, 2.13646330849e-07, 1.38096041269e-07, 8.22296755132e-08, 4.91879887932e-08, 4.40128644641e-08, 4.03147346617e-08, 3.69886450358e-08, 1.8139603597e-08, 1.18785212777e-08, 3.38397598831e-09, 2.41432124293e-10],
        "min": [5.7389174799e-06, 1.24202015286e-05, 1.24686075651e-05, 4.12363260693e-06, 5.4613968814e-07, 9.90205535345e-07, 1.67363600667e-06, 1.06261995825e-06, 6.80999789893e-07, 6.42506449822e-07, 2.65108212716e-07, 5.61029992241e-07, 2.17717015971e-07, 4.68097510975e-07, 6.25389986908e-07, 3.91616282513e-07, 1.18972550922e-07, 1.94053086489e-07, 1.53950466597e-07, 2.0413770585e-07, 2.38625602833e-07, 1.69164707131e-07, 1.55234118893e-07, 1.36732566602e-07, 1.43174077039e-07, 1.29147196049e-07, 8.33591613514e-08, 5.12648092865e-08, 3.67429962012e-08, 3.2391401561e-08, 1.87366762106e-08, 1.2204026234e-08, 7.14517778277e-09, 6.63822818936e-09, 5.00244468071e-09, 4.20371781829e-09, 3.453860975e-09, 2.23377649711e-09, 7.48973938425e-10, 5.49778000902e-11],
        "var": [3.76897091314e-09, 3.00265874387e-08, 3.31920690932e-09, 8.16970990858e-10, 1.14651876881e-09, 5.25292198628e-10, 2.06604156006e-09, 1.99159444492e-09, 6.08810157843e-09, 6.81726541885e-09, 3.22428994615e-09, 8.57427351342e-10, 2.09379069638e-09, 1.60518889847e-10, 4.54079690515e-10, 7.65964291993e-10, 1.5273939058e-10, 2.62397169964e-11, 2.19277113828e-12, 2.04214488202e-12, 8.42636377341e-12, 4.89580771756e-12, 1.61560799461e-11, 7.80488000618e-12, 2.35753170458e-12, 3.94741878074e-12, 3.18385812506e-12, 1.14832470789e-12, 2.04495952507e-13, 1.6314288245e-13, 3.02270381847e-14, 5.77037002504e-15, 1.6810004113e-15, 1.11117953658e-15, 7.62776144771e-16, 5.05885557308e-16, 2.33089385162e-16, 1.2434891005e-16, 1.0552236368e-17, 5.82952370146e-20]
    },
    "mfcc": {
        "dmean": [40.7589569092, 11.7168169022, 18.8768196106, 12.1405906677, 10.7895307541, 10.7889652252, 10.4640607834, 7.69980144501, 4.97059726715, 6.65955352783, 7.2790594101, 5.74033641815, 6.29966020584],
        "dmean2": [76.025177002, 19.7678375244, 32.5243186951, 19.3157157898, 18.7813644409, 17.984992981, 16.8542404175, 12.693362236, 8.36383152008, 11.2759485245, 12.1507196426, 9.65732574463, 10.6934623718],
        "dvar": [802.43347168, 77.9012069702, 169.910812378, 89.8201828003, 58.1962242126, 78.3418579102, 72.3799362183, 41.3724365234, 16.2966537476, 27.4708061218, 29.1232032776, 18.6606407166, 17.8227863312],
        "dvar2": [2495.98706055, 210.930389404, 543.866882324, 208.875366211, 182.998733521, 228.036972046, 196.436309814, 112.053245544, 38.0394363403, 76.3889083862, 72.5619812012, 53.9251861572, 56.8520355225],
        "max": [-688.231628418, 176.313720703, 18.4860229492, 72.5867614746, 18.6032485962, 35.4551582336, 28.7876815796, 45.6127471924, 4.33298873901, 35.3020629883, 16.8281517029, 28.8162956238, 10.6003952026],
        "mean": [-749.520751953, 144.131011963, -22.4017124176, 39.9467849731, -8.17841815948, 5.65470075607, 3.73536801338, 15.4825105667, -7.1501121521, 10.3543748856, 0.0065179602243, 12.7057971954, -2.79003572464],
        "median": [-748.643920898, 145.848083496, -24.1118469238, 38.5804214478, -9.37652206421, 5.87771987915, 3.4762878418, 14.9710006714, -7.1631526947, 10.1875705719, -0.291961669922, 12.6808624268, -2.66923904419],
        "min": [-842.062988281, 110.145851135, -54.8388366699, 3.29445266724, -32.9235610962, -19.7608070374, -19.2517471313, -4.53327941895, -21.4407691956, -11.0510673523, -17.08644104, -1.8508605957, -17.3093566895],
        "var": [911.247436523, 141.32194519, 261.648498535, 201.808853149, 101.445411682, 94.5517654419, 98.9383392334, 66.3974227905, 30.3254203796, 56.2749786377, 47.8203544617, 35.3830566406, 33.5896148682],
        "cov": [[916.872375488, -13.052022934, -362.023101807, 17.8285140991, -179.73008728, -86.0716552734, -46.456451416, -15.8790054321, -37.2366142273, -21.6292114258, -43.7558059692, 1.65818536282, -47.0689697266], [-13.052022934, 142.19430542, 22.0220813751, -114.368515015, -33.193813324, 7.36475372314, 23.1126270294, 11.5876197815, -15.8200082779, 0.45810982585, 42.5964698792, 4.01660251617, -0.986917972565], [-362.023101807, 22.0220813751, 263.26361084, -26.3043327332, 95.5314102173, 28.6471138, -13.106294632, 4.82794427872, 8.0884513855, 26.0663642883, -0.721196591854, -9.26334857941, 13.0102844238], [17.8285140991, -114.368515015, -26.3043327332, 203.054595947, 46.2687911987, -27.1011142731, -52.0825271606, -29.7273826599, 37.8994483948, 16.6245994568, -36.7108268738, -12.0797290802, 18.5748844147], [-179.73008728, -33.193813324, 95.5314102173, 46.2687911987, 102.071617126, 9.97944068909, -11.0560245514, -18.5986690521, 17.0801105499, 31.2829685211, -9.41431999207, 1.08815646172, 2.06139922142], [-86.0716552734, 7.36475372314, 28.6471138, -27.1011142731, 9.97944068909, 95.1354141235, 60.367313385, 16.1506519318, -8.92860221863, -6.1819562912, 32.9249267578, -6.24610376358, -15.3291378021], [-46.456451416, 23.1126270294, -13.106294632, -52.0825271606, -11.0560245514, 60.367313385, 99.5490722656, 42.9469451904, -7.89702177048, -16.9678497314, 30.1381225586, 14.7252616882, -10.4058103561], [-15.8790054321, 11.5876197815, 4.82794427872, -29.7273826599, -18.5986690521, 16.1506519318, 42.9469451904, 66.8072814941, 5.21272850037, -21.5029411316, 9.50008773804, 9.55715942383, 6.42831468582], [-37.2366142273, -15.8200082779, 8.0884513855, 37.8994483948, 17.0801105499, -8.92860221863, -7.89702177048, 5.21272850037, 30.5126132965, 20.4397583008, -2.19587039948, 1.79280543327, 9.30122375488], [-21.6292114258, 0.45810982585, 26.0663642883, 16.6245994568, 31.2829685211, -6.1819562912, -16.9678497314, -21.5029411316, 20.4397583008, 56.6223526001, 7.81143474579, -2.40731334686, -1.70914506912], [-43.7558059692, 42.5964698792, -0.721196591854, -36.7108268738, -9.41431999207, 32.9249267578, 30.1381225586, 9.50008773804, -2.19587039948, 7.81143474579, 48.1155433655, 9.60700321198, -5.24144887924], [1.65818536282, 4.01660251617, -9.26334857941, -12.0797290802, 1.08815646172, -6.24610376358, 14.7252616882, 9.55715942383, 1.79280543327, -2.40731334686, 9.60700321198, 35.6014709473, 8.69745731354], [-47.0689697266, -0.986917972565, 13.0102844238, 18.5748844147, 2.06139922142, -15.3291378021, -10.4058103561, 6.42831468582, 9.30122375488, -1.70914506912, -5.24144887924, 8.69745731354, 33.7969589233]],
        "icov": [[0.00754848355427, -0.00591705273837, 0.00819562654942, -0.0053785322234, 0.00881898216903, -0.00486779585481, 0.0076388255693, -0.00899336766452, 0.0150855239481, -0.0135778449476, 0.0163888540119, -0.0102266753092, 0.0117929773405], [-0.00591705273837, 0.024580668658, -0.00848009996116, 0.0139317726716, -0.00502522056922, 0.0120287425816, -0.00881291460246, 0.0110590374097, -0.0142310289666, 0.0125338090584, -0.0301454346627, 0.0164039470255, -0.0153161874041], [0.00819562654942, -0.00848009996116, 0.0183152966201, -0.00234006531537, -0.000884964363649, -0.00999569240957, 0.013810432516, -0.0144771793857, 0.0174038596451, -0.0156881250441, 0.0201349854469, -0.00822961516678, 0.00758541654795], [-0.0053785322234, 0.0139317726716, -0.00234006531537, 0.0203666705638, -0.0121832257137, 0.0039186514914, -0.00263392459601, 0.0116259092465, -0.0261741094291, 0.015476747416, -0.0158005766571, 0.0145682897419, -0.0160918887705], [0.00881898216903, -0.00502522056922, -0.000884964363649, -0.0121832257137, 0.0373039990664, -0.00758694531396, 0.00406137201935, -0.00381748005748, 0.0148665653542, -0.0233532600105, 0.0246469080448, -0.0210522823036, 0.0193997956812], [-0.00486779585481, 0.0120287425816, -0.00999569240957, 0.0039186514914, -0.00758694531396, 0.0353251993656, -0.0231211464852, 0.0107288332656, -0.00686752377078, 0.0145426793024, -0.0333034209907, 0.0224241279066, -0.00571855064481], [0.0076388255693, -0.00881291460246, 0.013810432516, -0.00263392459601, 0.00406137201935, -0.0231211464852, 0.0389293655753, -0.024049365893, 0.0167254433036, -0.0139000574127, 0.01883809641, -0.021112754941, 0.0153869539499], [-0.00899336766452, 0.0110590374097, -0.0144771793857, 0.0116259092465, -0.00381748005748, 0.0107288332656, -0.024049365893, 0.0455652736127, -0.0430292263627, 0.0318967700005, -0.0232020430267, 0.0139798074961, -0.0177317801863], [0.0150855239481, -0.0142310289666, 0.0174038596451, -0.0261741094291, 0.0148665653542, -0.00686752377078, 0.0167254433036, -0.0430292263627, 0.113034173846, -0.0606827177107, 0.0333757996559, -0.0228104088455, 0.0144614642486], [-0.0135778449476, 0.0125338090584, -0.0156881250441, 0.015476747416, -0.0233532600105, 0.0145426793024, -0.0139000574127, 0.0318967700005, -0.0606827177107, 0.0660147592425, -0.0440975166857, 0.0242605078965, -0.0163802057505], [0.0163888540119, -0.0301454346627, 0.0201349854469, -0.0158005766571, 0.0246469080448, -0.0333034209907, 0.01883809641, -0.0232020430267, 0.0333757996559, -0.0440975166857, 0.0914349332452, -0.042344160378, 0.030144026503], [-0.0102266753092, 0.0164039470255, -0.00822961516678, 0.0145682897419, -0.0210522823036, 0.0224241279066, -0.021112754941, 0.0139798074961, -0.0228104088455, 0.0242605078965, -0.042344160378, 0.0608707629144, -0.0310342349112], [0.0117929773405, -0.0153161874041, 0.00758541654795, -0.0160918887705, 0.0193997956812, -0.00571855064481, 0.0153869539499, -0.0177317801863, 0.0144614642486, -0.0163802057505, 0.030144026503, -0.0310342349112, 0.0636756643653]]
    }
}

}