{
"metadata": {
    "version": {
        "essentia": "2.0.1",
        "extractor": "archive-music 1.0 mod ismir14"
    },
    "audio_properties": {
        "analysis_sample_rate": 44100,
        "bitrate": 32,
        "channels": 2,
        "equal_loudness": 0,
        "length": 30.0408172607,
        "replay_gain": -13.5079994202,
        "downmix": "mix"
    },
    "tags": {
        "track": 0,
        "year": 0,
        "album": "",
        "artist": "",
        "comment": "",
        "genre": "",
        "title": ""
    }
},
"rhythm": {
    "bpm": 178.205886841,
    "bpm_histogram_first_peak": 178,
    "bpm_histogram_first_peak_spread": 0,
    "bpm_histogram_first_peak_weight": 0.453488379717,
    "bpm_histogram_second_peak": 172,
    "bpm_histogram_second_peak_spread": 0,
    "bpm_histogram_second_peak_weight": 0.430232554674
},
"tonal": {
    "tuning_frequency": {
        "dmean": 0.229378223419,
        "dmean2": 0.431491971016,
        "dvar": 3.82570624352,
        "dvar2": 9.25544548035,
        "max": 456.04309082,
        "mean": 446.88848877,
        "median": 451.84777832,
        "min": 432.441040039,
        "var": 71.4948959351
    },
    "hpcp": {
        "dmean": [0.165525719523, 0.160603836179, 0.163498461246, 0.21538721025, 0.0941116735339, 0.158701986074, 0.198242634535, 0.260299414396, 0.159603819251, 0.109436504543, 0.258567154408, 0.0761941298842],
        "dmean2": [0.27997559309, 0.279091387987, 0.277176439762, 0.360314190388, 0.169927656651, 0.271073132753, 0.333732783794, 0.447446465492, 0.273491799831, 0.19405336678, 0.449572056532, 0.134634792805],
        "dvar": [0.0426959767938, 0.0561764873564, 0.0505765415728, 0.0623750537634, 0.0226115360856, 0.0534991137683, 0.0553320832551, 0.071614317596, 0.0492867343128, 0.0307968445122, 0.0716901496053, 0.0193221289665],
        "dvar2": [0.108152359724, 0.143601074815, 0.125283926725, 0.133790016174, 0.0600603818893, 0.115040488541, 0.129713118076, 0.17452840507, 0.121112748981, 0.0807540044188, 0.143432661891, 0.050582293421],
        "max": [1, 1, 1, 1, 1, 1, 1, 1, 1, 1, 1, 1],
        "mean": [0.235357195139, 0.150862693787, 0.163553655148, 0.271467804909, 0.0857238322496, 0.259130388498, 0.277018100023, 0.34072175622, 0.193409964442, 0.109168432653, 0.635166943073, 0.0759931877255],
        "median": [0.138687342405, 0.0409987941384, 0.059570454061, 0.133355617523, 0.0314868465066, 0.0896815657616, 0.132216691971, 0.206085368991, 0.0671915858984, 0.0387527011335, 0.664954066277, 0.0313311740756],
        "min": [0.00162528210785, 0.000266427960014, 0.000794934574515, 0.000672213733196, 0.000641018443275, 0.00318806711584, 0.000569650786929, 0.00222698110156, 0.000473022286315, 0.00021691978327, 0.00985405873507, 0.000552240991965],
        "var": [0.0681000724435, 0.0576717071235, 0.0589069910347, 0.0958424508572, 0.0212210528553, 0.114329442382, 0.101491071284, 0.112771078944, 0.0776847377419, 0.0330197140574, 0.127837121487, 0.01774052158]
    }
},
"lowlevel": {
    "melbands": {
        "dmean": [4.9863345339e-05, 0.000214660351048, 0.000195991146029, 0.00010724162712, 6.49727808195e-05, 0.000115537957754, 0.000116675299068, 0.000124321668409, 0.000130423606606, 6.89369771862e-05, 5.13889244758e-05, 3.01331165247e-05, 2.45478513534e-05, 1.58138882398e-05, 2.52647460002e-05, 1.36762300826e-05, 1.51531958181e-05, 1.14533786473e-05, 8.70587427926e-06, 7.56408371672e-06, 6.70856343277e-06, 6.68868369758e-06, 8.9248878794e-06, 8.55001508171e-06, 6.62624415781e-06, 5.06455489813e-06, 4.93999732498e-06, 3.05947105517e-06, 1.27301223074e-06, 1.13018018055e-06, 8.58503369727e-07, 4.96762993407e-07, 2.33332045241e-07, 1.80038412623e-07, 1.76438973654e-07, 1.50486641814e-07, 1.45522704997e-07, 1.10024117816e-07, 6.05264958153e-08, 3.04907423754e-08],
        "dmean2": [7.48432285036e-05, 0.000330421346007, 0.000306802248815, 0.000148321836605, 0.000103621510789, 0.000185664612218, 0.000188354257261, 0.00020694223349, 0.00019490266277, 0.000103286118247, 7.90521298768e-05, 4.59366929135e-05, 3.7579677155e-05, 2.32713155128e-05, 4.05318060075e-05, 2.13211951632e-05, 2.28626086027e-05, 1.77138463187e-05, 1.41877626447e-05, 1.09831589725e-05, 1.00880461105e-05, 1.03162028608e-05, 1.29768313855e-05, 1.24615617096e-05, 1.00673014458e-05, 7.71039503888e-06, 7.41748453947e-06, 4.91535683977e-06, 1.98261113837e-06, 1.70047894699e-06, 1.27471116684e-06, 7.6203991739e-07, 3.60326140481e-07, 2.71265093943e-07, 2.7662989055e-07, 2.37728784214e-07, 2.32814173273e-07, 1.80532325089e-07, 9.74967306888e-08, 4.76961616869e-08],
        "dvar": [4.55253079679e-09, 9.29726127197e-08, 5.61335760096e-08, 2.77260792103e-08, 6.96675694911e-09, 1.78275740836e-08, 2.51513778693e-08, 5.2730353417e-08, 5.30676587118e-08, 2.82272498708e-08, 8.1854754086e-09, 8.69957794691e-09, 6.99403379656e-09, 1.25527455097e-09, 7.15084214065e-09, 1.24468113594e-09, 1.7225443294e-09, 6.32096930353e-10, 2.98473468163e-10, 3.3006103406e-10, 1.51677601035e-10, 1.64461250174e-10, 3.14964082593e-10, 3.48216122603e-10, 1.97900695831e-10, 9.4286425889e-11, 1.44527473322e-10, 8.4248989729e-11, 4.36001321852e-12, 6.81431777325e-12, 4.54065344352e-12, 1.59133123345e-12, 1.86005562081e-13, 6.19354760078e-14, 6.02499753105e-14, 3.21167957951e-14, 3.92878953112e-14, 2.63651235989e-14, 7.60654898986e-15, 1.57798214667e-15],
        "dvar2": [9.18718168208e-09, 2.13345813904e-07, 1.16157544028e-07, 4.77389150433e-08, 1.72691478895e-08, 4.4423401846e-08, 6.37511448076e-08, 1.37927244737e-07, 9.40434787822e-08, 5.14556610653e-08, 1.90399287447e-08, 1.92241209618e-08, 1.68948179891e-08, 2.81507861466e-09, 1.80609198708e-08, 2.55377252678e-09, 3.44753159354e-09, 1.42648426404e-09, 6.48547604509e-10, 6.61933285961e-10, 3.25251658939e-10, 3.39926753412e-10, 5.69218838731e-10, 5.87803028473e-10, 4.53842990966e-10, 1.82156456585e-10, 3.48022499708e-10, 2.13199555232e-10, 1.04644634971e-11, 1.29310876243e-11, 9.16730233391e-12, 3.78799379017e-12, 4.00610398804e-13, 1.21487889193e-13, 1.21633050311e-13, 7.35416095425e-14, 9.9523918295e-14, 6.57363025776e-14, 1.93363002069e-14, 3.50842889049e-15],
        "max": [0.000912318355404, 0.00253885099664, 0.00167704070918, 0.00194276659749, 0.000925649947021, 0.000976343348157, 0.00118421076331, 0.00182995840441, 0.00431603658944, 0.00276289624162, 0.00105902552605, 0.00115906063002, 0.00108379416633, 0.00046231559827, 0.00124666513875, 0.000452144711744, 0.000656629563309, 0.000372721755411, 0.00016393441183, 0.000344651460182, 0.000118844334793, 0.000142800519825, 0.000195318818442, 0.000229694705922, 0.000164042969118, 0.000117111820146, 0.000139944197144, 0.000131170338136, 2.57127339864e-05, 5.50357581233e-05, 3.45482840203e-05, 2.19955963985e-05, 5.87961267229e-06, 4.2803208089e-06, 3.94156859329e-06, 2.07317089007e-06, 2.54065889749e-06, 2.10266148315e-06, 8.1272571606e-07, 5.49266701455e-07],
        "mean": [7.71069317125e-05, 0.000291788193863, 0.000313162017846, 0.000166375219123, 9.12295508897e-05, 0.000164161931025, 0.000159778166562, 0.000120917196909, 0.000193625222892, 9.95966911432e-05, 7.56622757763e-05, 3.40303340636e-05, 2.64347054326e-05, 1.87755704246e-05, 3.08662056341e-05, 1.73476255441e-05, 1.86218276212e-05, 1.5136989532e-05, 1.068207348e-05, 9.46123145695e-06, 8.75640671438e-06, 8.96175970411e-06, 1.38812756632e-05, 1.53462660819e-05, 9.75711918727e-06, 8.2243423094e-06, 6.77310572428e-06, 3.88965918319e-06, 2.03630065698e-06, 1.70576072378e-06, 1.37035624448e-06, 8.49241871492e-07, 4.18259872959e-07, 3.28155806528e-07, 3.19701086937e-07, 2.62462975797e-07, 2.4345669658e-07, 1.72671093424e-07, 9.37547284252e-08, 4.94813576779e-08],
        "median": [4.53585380455e-05, 0.000173086562427, 0.000210728350794, 8.8993620011e-05, 5.87334106967e-05, 0.000111570334411, 8.47173796501e-05, 3.92239271605e-05, 8.58366402099e-05, 4.07579354942e-05, 3.6766185076e-05, 9.60135730566e-06, 6.04167416896e-06, 6.30398153589e-06, 1.21784660223e-05, 5.53463723918e-06, 4.69816041004e-06, 3.7026031805e-06, 3.25615087604e-06, 2.16257922148e-06, 2.32221964325e-06, 2.14635065277e-06, 1.81453197001e-06, 1.52379425344e-06, 2.24023574447e-06, 2.3900074666e-06, 9.40837594499e-07, 1.02719968709e-06, 1.0702920008e-06, 6.4799530719e-07, 3.7233189687e-07, 3.32260867708e-07, 2.13601936139e-07, 1.91607341549e-07, 1.78302087761e-07, 1.50592398995e-07, 1.57158183356e-07, 1.05731032818e-07, 5.2997016553e-08, 3.22719913015e-08],
        "min": [2.74907984021e-06, 1.31628503368e-05, 2.48563583227e-06, 3.81844802178e-06, 1.42059684549e-06, 6.1856786715e-07, 1.2862984704e-06, 3.43806817682e-07, 1.1454863369e-07, 1.29911811086e-07, 1.2440254693e-07, 3.82223603879e-08, 5.9896947846e-08, 1.80143842954e-07, 4.0840067328e-08, 3.92300556484e-08, 2.10283221946e-08, 2.49800571339e-08, 2.52583944871e-08, 3.40221646411e-08, 5.42409246407e-08, 5.38636832914e-08, 5.48898526631e-08, 5.29859107701e-08, 5.14540445806e-08, 3.09206811266e-08, 1.02234949395e-08, 1.0652797755e-08, 3.37988161903e-08, 1.41512801477e-08, 1.13036566773e-08, 1.1326758198e-08, 7.6303550145e-09, 4.77625006212e-09, 4.46895498385e-09, 4.6453267899e-09, 8.04986832748e-09, 4.83599071899e-09, 2.39503483712e-09, 1.03616570879e-09],
        "var": [1.06067545858e-08, 1.19960645861e-07, 8.80442740936e-08, 5.65779458839e-08, 1.00540171744e-08, 2.5547647553e-08, 3.26104405701e-08, 4.52782131788e-08, 1.70555424006e-07, 5.64407933723e-08, 1.43116754003e-08, 1.04065360773e-08, 7.99909383176e-09, 1.88229787312e-09, 6.85098777709e-09, 1.83314641244e-09, 2.73430122988e-09, 1.27384736093e-09, 4.0306646909e-10, 6.58768206652e-10, 3.1562982783e-10, 2.93859908629e-10, 8.10269185081e-10, 1.12614839676e-09, 4.03620997735e-10, 2.35595015718e-10, 2.74383238352e-10, 1.09054321129e-10, 9.05115652566e-12, 1.49364947494e-11, 9.187988044e-12, 2.36117440704e-12, 4.16487997519e-13, 1.81531249451e-13, 1.98134179419e-13, 8.51601571921e-14, 6.05248747713e-14, 3.510453511e-14, 1.16788411488e-14, 2.80183506469e-15]
    },
    "mfcc": {
        "dmean": [27.5574645996, 9.98843479156, 11.9392566681, 7.83427429199, 8.47994232178, 6.87481069565, 7.39358615875, 6.61963891983, 6.08377742767, 5.99533891678, 5.770403862, 5.4618768692, 5.95781469345],
        "dmean2": [38.9415550232, 15.1515607834, 17.4013576508, 11.697019577, 12.5706596375, 10.2779664993, 11.1626310349, 10.2992858887, 9.53134822845, 9.31565284729, 8.92871189117, 8.48293972015, 9.3996925354],
        "dvar": [621.839599609, 71.4034118652, 94.9546432495, 38.9817352295, 47.0340766907, 29.8746318817, 37.4895248413, 29.0967845917, 19.7326927185, 25.6418209076, 19.5016155243, 17.894744873, 23.1327648163],
        "dvar2": [1091.15246582, 157.49520874, 174.331848145, 79.3806838989, 99.2100753784, 62.1185112, 71.6172637939, 71.2840194702, 50.8483467102, 56.9809951782, 49.0769081116, 42.8180427551, 52.1075592041],
        "max": [-579.475830078, 179.110351562, 48.2199668884, 74.8470001221, 34.4951438904, 26.9037456512, 39.7503089905, 29.6168632507, 16.3781013489, 32.2790145874, 29.6768035889, 24.3191623688, 18.0240192413],
        "mean": [-687.007080078, 123.22278595, -3.21661973, 25.6852302551, -7.97554206848, -4.74415874481, -3.63565969467, -0.185420274734, -5.57968521118, 6.4521241188, 1.03383827209, 2.68846988678, -7.99374580383],
        "median": [-694.053710938, 125.959625244, -1.28144836426, 23.4804821014, -9.24872970581, -4.43633651733, -5.10755825043, -0.713976860046, -5.20243740082, 6.97197341919, 0.775805473328, 2.83867645264, -6.8623790741],
        "min": [-910.719909668, 57.6683807373, -68.2877960205, -20.4134712219, -44.9910850525, -34.3040733337, -33.9265213013, -25.3226184845, -36.9201278687, -33.0582580566, -22.1608638763, -19.3193511963, -43.3264503479],
        "var": [1827.42724609, 430.443878174, 445.567474365, 202.578964233, 178.693496704, 116.670028687, 148.685882568, 81.7676544189, 73.4010238647, 88.6150665283, 64.0967788696, 57.2159347534, 86.171661377],
        "cov": [[1830.25170898, -430.022888184, -618.944335938, 80.6458892822, 74.7119979858, -136.653137207, -9.93109703064, 67.8704452515, -22.6268539429, -65.0988845825, 1.90903306007, -26.6264457703, -59.5940818787], [-430.022888184, 431.109161377, 166.547225952, -157.682632446, -93.0371932983, 47.3684501648, -11.4113407135, -66.0202789307, 24.6930522919, 41.2429504395, 13.2955360413, 39.8215713501, 42.6375846863], [-618.944335938, 166.547225952, 446.256134033, 8.48626995087, 9.11561965942, 63.7091331482, -1.61997568607, -7.34642362595, 9.32805633545, 15.1472845078, -13.4282159805, -5.01968717575, 27.1641082764], [80.6458892822, -157.682632446, 8.48626995087, 202.892074585, 108.931381226, -49.1634902954, -30.5751037598, 33.0721244812, -9.25169754028, -21.5104351044, -10.1163911819, -18.8668575287, -4.37483978271], [74.7119979858, -93.0371932983, 9.11561965942, 108.931381226, 178.969680786, -15.2542276382, -39.0750579834, 28.2031459808, -8.46397018433, -15.7946863174, -19.2122898102, -15.1625490189, 0.0873061716557], [-136.653137207, 47.3684501648, 63.7091331482, -49.1634902954, -15.2542276382, 116.850357056, 71.5466384888, -0.615564703941, -3.22884440422, -16.2918605804, -6.23324918747, -0.231594547629, -19.482635498], [-9.93109703064, -11.4113407135, -1.61997568607, -30.5751037598, -39.0750579834, 71.5466384888, 148.91569519, 37.6840782166, -26.846162796, -22.9623737335, -10.7928743362, 3.1166946888, -18.6295623779], [67.8704452515, -66.0202789307, -7.34642362595, 33.0721244812, 28.2031459808, -0.615564703941, 37.6840782166, 81.8940353394, 1.52489411831, -27.9773464203, -6.65658950806, -7.3455953598, -4.91245079041], [-22.6268539429, 24.6930522919, 9.32805633545, -9.25169754028, -8.46397018433, -3.22884440422, -26.846162796, 1.52489411831, 73.5144729614, 32.3714256287, 3.88031291962, 0.269590556622, 3.4383161068], [-65.0988845825, 41.2429504395, 15.1472845078, -21.5104351044, -15.7946863174, -16.2918605804, -22.9623737335, -27.9773464203, 32.3714256287, 88.7520294189, 24.4078617096, 1.08477854729, 12.9023485184], [1.90903306007, 13.2955360413, -13.4282159805, -10.1163911819, -19.2122898102, -6.23324918747, -10.7928743362, -6.65658950806, 3.88031291962, 24.4078617096, 64.1958465576, 20.9688987732, -8.57180118561], [-26.6264457703, 39.8215713501, -5.01968717575, -18.8668575287, -15.1625490189, -0.231594547629, 3.1166946888, -7.3455953598, 0.269590556622, 1.08477854729, 20.9688987732, 57.3043670654, 28.3288803101], [-59.5940818787, 42.6375846863, 27.1641082764, -4.37483978271, 0.0873061716557, -19.482635498, -18.6295623779, -4.91245079041, 3.4383161068, 12.9023485184, -8.57180118561, 28.3288803101, 86.3048477173]],
        "icov": [[0.00122450385243, 0.00055798626272, 0.00135535327718, 0.000373740069335, -0.000440209027147, 0.000784176518209, -0.000228247052291, -9.01933890418e-05, -0.000307860493194, 0.000644671963528, -0.000250414188486, 0.00036318806815, 5.70843440073e-05], [0.00055798626272, 0.00511183496565, -0.00119289767463, 0.00344188604504, -2.9142402127e-05, 0.000466490077088, 0.00014118711988, 0.00207816343755, -0.00107417698018, 0.000453909888165, -0.000252164754784, -0.00147708726581, -0.000901365478057], [0.00135535327718, -0.00119289767463, 0.00497432984412, -0.0017138090916, 3.5778452002e-05, -0.00220167846419, 0.00108229997568, -0.00156550563406, 0.000556979386602, -0.000545454153325, 0.000426118989708, 0.00132496689912, -0.000813077611383], [0.000373740069335, 0.00344188604504, -0.0017138090916, 0.0114252166823, -0.00527852261439, 0.00534124439582, -0.00168979284354, 0.00125911540817, -0.00154680630658, 0.00284751644358, -0.00187277805526, 0.0010604900308, -0.000303953216644], [-0.000440209027147, -2.9142402127e-05, 3.5778452002e-05, -0.00527852261439, 0.0108099458739, -0.00504813343287, 0.00599034363404, -0.0049743372947, 0.00366393150762, -0.00313675915822, 0.00406689429656, -0.00178756308742, 0.000604656408541], [0.000784176518209, 0.000466490077088, -0.00220167846419, 0.00534124439582, -0.00504813343287, 0.0202721487731, -0.0117722069845, 0.00716048572212, -0.00603610510007, 0.00680911075324, -0.00311892852187, 0.0019674859941, 0.00198951852508], [-0.000228247052291, 0.00014118711988, 0.00108229997568, -0.00168979284354, 0.00599034363404, -0.0117722069845, 0.0180556196719, -0.011425848119, 0.00879619829357, -0.00615087430924, 0.00632978742942, -0.00522068049759, 0.00284130941145], [-9.01933890418e-05, 0.00207816343755, -0.00156550563406, 0.00125911540817, -0.0049743372947, 0.00716048572212, -0.011425848119, 0.023641474545, -0.00919925235212, 0.00992404390126, -0.00608653668314, 0.00490061799064, -0.00336186843924], [-0.000307860493194, -0.00107417698018, 0.000556979386602, -0.00154680630658, 0.00366393150762, -0.00603610510007, 0.00879619829357, -0.00919925235212, 0.0216255616397, -0.0110671967268, 0.00566448178142, -0.00386869651265, 0.00269862101413], [0.000644671963528, 0.000453909888165, -0.000545454153325, 0.00284751644358, -0.00313675915822, 0.00680911075324, -0.00615087430924, 0.00992404390126, -0.0110671967268, 0.0223468989134, -0.0112364180386, 0.00806256569922, -0.00534800766036], [-0.000250414188486, -0.000252164754784, 0.000426118989708, -0.00187277805526, 0.00406689429656, -0.00311892852187, 0.00632978742942, -0.00608653668314, 0.00566448178142, -0.0112364180386, 0.0266521833837, -0.0145540470257, 0.00891280826181], [0.00036318806815, -0.00147708726581, 0.00132496689912, 0.0010604900308, -0.00178756308742, 0.0019674859941, -0.00522068049759, 0.00490061799064, -0.00386869651265, 0.00806256569922, -0.0145540470257, 0.0308897420764, -0.0124208126217], [5.70843440073e-05, -0.000901365478057, -0.000813077611383, -0.000303953216644, 0.000604656408541, 0.00198951852508, 0.00284130941145, -0.00336186843924, 0.00269862101413, -0.00534800766036, 0.00891280826181, -0.0124208126217, 0.0188367869705]]
    }
}

}