{
"metadata": {
    "version": {
        "essentia": "2.0.1",
        "extractor": "archive-music 1.0 mod ismir14"
    },
    "audio_properties": {
        "analysis_sample_rate": 44100,
        "bitrate": 32,
        "channels": 2,
        "equal_loudness": 0,
        "length": 30.0408172607,
        "replay_gain": -13.7074718475,
        "downmix": "mix"
    },
    "tags": {
        "track": 0,
        "year": 0,
        "album": "",
        "artist": "",
        "comment": "",
        "genre": "",
        "title": ""
    }
},
"rhythm": {
    "bpm": 90.2956161499,
    "bpm_histogram_first_peak": 91,
    "bpm_histogram_first_peak_spread": 0.341463446617,
    "bpm_histogram_first_peak_weight": 0.62790697813,
    "bpm_histogram_second_peak": 85,
    "bpm_histogram_second_peak_spread": 0,
    "bpm_histogram_second_peak_weight": 0.0465116277337
},
"tonal": {
    "tuning_frequency": {
        "dmean": 0.124927788973,
        "dmean2": 0.228059560061,
        "dvar": 1.04043853283,
        "dvar2": 2.18089842796,
        "max": 456.306610107,
        "mean": 447.611694336,
        "median": 446.91595459,
        "min": 438.984558105,
        "var": 19.6298789978
    },
    "hpcp": {
        "dmean": [0.227278605103, 0.143082290888, 0.113496996462, 0.12646175921, 0.230747625232, 0.313938945532, 0.185896739364, 0.201452314854, 0.144580185413, 0.0865483134985, 0.0892058834434, 0.103557400405],
        "dmean2": [0.387035489082, 0.269885003567, 0.19522036612, 0.230967253447, 0.407459467649, 0.576961278915, 0.35479670763, 0.348045796156, 0.265137463808, 0.156528860331, 0.153386682272, 0.179501309991],
        "dvar": [0.0810757055879, 0.0642202198505, 0.0306791048497, 0.0497791655362, 0.081520177424, 0.113394372165, 0.0948450490832, 0.0713872611523, 0.060233309865, 0.0290700104088, 0.0251820273697, 0.0302230864763],
        "dvar2": [0.178776800632, 0.1801148206, 0.077466674149, 0.121907956898, 0.211341053247, 0.270420581102, 0.259621590376, 0.163496702909, 0.173278912902, 0.0799522846937, 0.0597726330161, 0.0781203433871],
        "max": [1, 1, 1, 1, 1, 1, 1, 1, 1, 1, 1, 1],
        "mean": [0.436114549637, 0.0976757854223, 0.133616045117, 0.125724762678, 0.221057698131, 0.454416811466, 0.134655565023, 0.265800923109, 0.12737557292, 0.0781039223075, 0.0956624448299, 0.101054899395],
        "median": [0.233017668128, 0.0173337869346, 0.0460747331381, 0.0249523855746, 0.0700184032321, 0.296910703182, 0.0228108912706, 0.103361055255, 0.0322370231152, 0.0240638777614, 0.0294888839126, 0.0324786528945],
        "min": [0.00189379800577, 0.000428412604379, 0.00087566266302, 0.000255238323007, 0.00113963952754, 0.00115642044693, 0.000343224382959, 0.00175600149669, 0.000133975874633, 0.000526941381395, 0.000588735856581, 0.000828899908811],
        "var": [0.168115675449, 0.043086130172, 0.0448811985552, 0.0610343068838, 0.091837272048, 0.167100474238, 0.0746408477426, 0.108862288296, 0.0573264509439, 0.0244265887886, 0.0313229598105, 0.0299672409892]
    }
},
"lowlevel": {
    "melbands": {
        "dmean": [0.00023514869099, 0.000486247503432, 0.000175273613422, 0.000119692515, 8.73990065884e-05, 6.20369173703e-05, 8.10466299299e-05, 0.00012015322136, 0.000194161504623, 0.000148921317304, 5.62625937164e-05, 6.92713947501e-05, 6.63193131913e-05, 3.45693770214e-05, 5.54592152184e-05, 6.50223228149e-05, 1.39496733027e-05, 1.02302401501e-05, 5.29138378624e-06, 6.15917952018e-06, 9.71705594566e-06, 7.36583388061e-06, 1.41975797305e-05, 1.21008652059e-05, 6.65240258968e-06, 6.68996563036e-06, 6.27935878583e-06, 3.88405305785e-06, 1.63254526342e-06, 1.47459763866e-06, 7.18698686342e-07, 3.03770463006e-07, 1.59681107448e-07, 1.41350923855e-07, 1.37393485033e-07, 1.31836387141e-07, 1.09074790089e-07, 1.43915016793e-07, 1.39440686553e-07, 1.13194680296e-07],
        "dmean2": [0.000384092476452, 0.000712386332452, 0.000273227895377, 0.000191854138393, 0.000141268988955, 9.53316048253e-05, 0.000125302452943, 0.000188175588846, 0.000316799705615, 0.0002466213773, 9.03908148757e-05, 0.000107836014649, 0.000100153345556, 5.85657217016e-05, 9.38623416005e-05, 0.000107588377432, 2.12920294871e-05, 1.66179634107e-05, 8.44188252813e-06, 9.625502571e-06, 1.53348100866e-05, 1.1603033272e-05, 2.33236642089e-05, 1.93983814825e-05, 1.06399174911e-05, 1.01890464066e-05, 1.00623119579e-05, 6.25275970378e-06, 2.58643422058e-06, 2.38793700191e-06, 1.15469219963e-06, 4.80317169149e-07, 2.47177638357e-07, 2.22579288334e-07, 2.16740730252e-07, 2.12102506225e-07, 1.67397558926e-07, 2.25787587738e-07, 2.13755612322e-07, 1.76348777359e-07],
        "dvar": [5.95153757388e-08, 2.11549959772e-07, 3.36372458776e-08, 2.90662960367e-08, 2.20900293613e-08, 7.49667350419e-09, 1.79779817699e-08, 4.56520190539e-08, 1.45917439909e-07, 1.79180247528e-07, 7.94435521811e-08, 3.39998038612e-08, 3.13237826788e-08, 7.85189335772e-09, 1.74776317863e-08, 3.47114301746e-08, 2.43902431585e-09, 7.1826594672e-10, 7.0409865438e-11, 5.58535995232e-11, 2.08471198637e-10, 1.22760732135e-10, 5.50968992652e-10, 3.82924719711e-10, 1.00816931192e-10, 9.93981424946e-11, 1.24700430537e-10, 4.61698214382e-11, 6.84694054925e-12, 7.12331842817e-12, 1.22769351109e-12, 1.91033536104e-13, 3.80374137949e-14, 3.26262725604e-14, 3.42012117412e-14, 2.41995635905e-14, 1.66809349265e-14, 3.58128545536e-14, 4.12233384906e-14, 2.24204386475e-14],
        "dvar2": [1.61903287221e-07, 4.63885044155e-07, 6.95319286592e-08, 7.35104137561e-08, 5.51192194109e-08, 1.60576014707e-08, 3.70752069045e-08, 1.05908746661e-07, 3.57773899395e-07, 4.18131747892e-07, 1.64054171137e-07, 8.08485935977e-08, 6.81098057953e-08, 2.12777138131e-08, 4.55456401482e-08, 8.3438230547e-08, 3.98672117541e-09, 1.64588409568e-09, 1.64960781146e-10, 1.39410746836e-10, 5.01228780703e-10, 3.15798109884e-10, 1.397671201e-09, 9.42258604475e-10, 2.42254910576e-10, 2.36790642649e-10, 3.23666371482e-10, 1.20780288548e-10, 1.55974920479e-11, 1.75220463139e-11, 3.10143967799e-12, 4.81368363139e-13, 8.61740217487e-14, 7.57173254759e-14, 8.33716301833e-14, 5.43410226485e-14, 3.59177341732e-14, 7.66629598345e-14, 9.78985366081e-14, 4.74158371258e-14],
        "max": [0.00216401508078, 0.00460970355198, 0.00248030945659, 0.0019985861145, 0.00145823485218, 0.00128951482475, 0.0022241785191, 0.00165115622804, 0.00445626676083, 0.00468223309144, 0.00596839562058, 0.00197820924222, 0.00266064237803, 0.00072256376734, 0.00132407771889, 0.00227561802603, 0.00109085987788, 0.00036975950934, 9.4539966085e-05, 4.81525203213e-05, 0.000141010648804, 9.02468455024e-05, 0.000212930870475, 0.000143990444485, 7.95325104264e-05, 9.47816806729e-05, 0.000103070502519, 7.51471525291e-05, 2.12917693716e-05, 2.80054700852e-05, 8.23383379611e-06, 4.83085750602e-06, 1.51113113134e-06, 1.46785521338e-06, 1.62624291988e-06, 1.55832697146e-06, 1.30379328311e-06, 1.88413025626e-06, 2.50624407272e-06, 1.57209069584e-06],
        "mean": [0.000416428112658, 0.00107725779526, 0.000352281873347, 0.000165730816661, 0.000111492132419, 9.12300602067e-05, 0.000119731463201, 0.000146319260239, 0.000240836336161, 0.000151645566802, 5.72970129724e-05, 7.16184731573e-05, 8.38172272779e-05, 3.53557516064e-05, 5.9215381043e-05, 6.44867832307e-05, 1.52706852532e-05, 1.11436966108e-05, 6.54813038636e-06, 7.77865079726e-06, 1.17354738904e-05, 8.63784680405e-06, 1.48992139657e-05, 1.16787041406e-05, 7.29747443984e-06, 8.06072421256e-06, 6.52012340652e-06, 3.96970608563e-06, 1.911458412e-06, 1.5018213162e-06, 7.99709823696e-07, 4.14262785853e-07, 2.51223212899e-07, 2.22784748871e-07, 2.12304342995e-07, 2.19438746285e-07, 1.75049123641e-07, 2.46434467499e-07, 2.26381246193e-07, 1.8569168958e-07],
        "median": [0.000346715620253, 0.000823060632683, 0.000293367775157, 0.000105118961073, 5.13358245371e-05, 4.59200527985e-05, 5.01607719343e-05, 5.02047842019e-05, 7.89904443081e-05, 2.29154902627e-05, 1.35631871672e-05, 1.91892631847e-05, 1.30384823933e-05, 1.22161618492e-05, 1.79790877155e-05, 1.32083760036e-05, 4.37909602624e-06, 3.54495296051e-06, 3.26539520756e-06, 3.8448442865e-06, 4.12669169236e-06, 3.00230976791e-06, 4.76662398796e-06, 3.14553290082e-06, 2.75034244623e-06, 3.46122146766e-06, 1.89015281649e-06, 1.09434688511e-06, 7.67865458329e-07, 5.35691356163e-07, 3.79559878638e-07, 2.48333265063e-07, 1.74235225359e-07, 1.46997038541e-07, 1.53246062951e-07, 1.70789860476e-07, 1.19733300608e-07, 1.69017809526e-07, 1.54196229118e-07, 1.30815777766e-07],
        "min": [7.62140325605e-06, 1.73940279637e-05, 9.48009801505e-06, 1.4894872038e-06, 1.25066222267e-07, 1.89341136547e-07, 1.79166181624e-06, 1.06132972633e-06, 5.62445677588e-07, 2.31622848901e-07, 3.49518160192e-07, 2.6503761319e-07, 1.50766538809e-07, 1.1311352921e-07, 4.22869021577e-07, 1.46800061884e-07, 1.31467317033e-07, 7.03353109088e-08, 1.79224088015e-07, 1.42315059293e-07, 2.57090732703e-07, 1.83593897418e-07, 2.98183039149e-07, 2.41909077658e-07, 2.81103041289e-07, 1.34532143647e-07, 1.74627601268e-07, 8.0273423464e-08, 5.45197842428e-08, 1.96124041452e-08, 2.35470629661e-08, 2.82613079605e-08, 1.10207878379e-08, 1.93977740537e-08, 5.66019675574e-09, 1.89490623193e-09, 7.61014451456e-09, 4.29906288346e-09, 6.16638429207e-09, 3.59408680595e-09],
        "var": [1.11961412586e-07, 7.16709962489e-07, 8.60657820567e-08, 3.67736880946e-08, 2.89305379653e-08, 1.62503663859e-08, 4.11757845598e-08, 6.25022806844e-08, 1.79992696303e-07, 2.22135028594e-07, 9.11774122869e-08, 3.42164803158e-08, 4.86265889776e-08, 6.51904663584e-09, 1.69628240343e-08, 3.51276483457e-08, 3.56945584201e-09, 8.35382707454e-10, 8.47087747169e-11, 7.49211526152e-11, 2.8927554796e-10, 1.53764667665e-10, 5.61148350009e-10, 3.71418285017e-10, 1.05476252732e-10, 1.28983199121e-10, 1.1985903936e-10, 4.43696017427e-11, 7.63497685213e-12, 6.57520956085e-12, 1.22074789513e-12, 2.23374853228e-13, 5.61970310781e-14, 4.39814708904e-14, 3.93089491621e-14, 3.28790780138e-14, 2.64079495847e-14, 6.05454610601e-14, 5.72339213783e-14, 3.4374690865e-14]
    },
    "mfcc": {
        "dmean": [32.2448043823, 10.0753335953, 13.4825716019, 9.95700454712, 7.67723464966, 8.2959728241, 7.01346349716, 5.97707176208, 5.65612316132, 5.90706682205, 5.85336065292, 5.70454931259, 5.48414993286],
        "dmean2": [42.7523994446, 15.5826463699, 20.0028839111, 15.1274204254, 11.2512807846, 11.8011207581, 10.4529333115, 9.06464099884, 8.84370422363, 9.25449371338, 9.28335762024, 9.03789710999, 8.75671195984],
        "dvar": [783.891601562, 68.4358062744, 146.727371216, 71.1610412598, 40.6254043579, 47.2582511902, 29.8720836639, 22.2854862213, 19.7840957642, 22.477602005, 21.7178421021, 20.9473934174, 18.1907444],
        "dvar2": [1651.7722168, 151.660812378, 269.399078369, 150.37260437, 77.9404144287, 97.3599319458, 59.8569908142, 46.496711731, 49.7238960266, 55.7399749756, 51.017414093, 52.7959480286, 46.8596305847],
        "max": [-574.998840332, 176.975646973, 55.0185394287, 69.081451416, 43.863067627, 31.7959346771, 56.0016136169, 39.3973617554, 20.2325687408, 31.509349823, 26.9742183685, 33.9524726868, 22.5843639374],
        "mean": [-675.66015625, 126.173973083, -2.61419034004, 24.5363235474, 7.40708112717, -4.61516189575, 14.5538349152, 6.44386291504, 0.853947877884, 3.59627580643, 5.50614404678, 7.58452558517, 1.94763290882],
        "median": [-677.305175781, 127.211853027, -0.924024581909, 23.5055274963, 6.95292377472, -3.1867685318, 13.9968538284, 6.79663658142, 1.36864852905, 2.82008647919, 5.23494148254, 7.84718322754, 1.93107128143],
        "min": [-867.217041016, 81.7354736328, -54.4100036621, -28.4385280609, -26.5999755859, -47.4105300903, -18.26030159, -20.3737773895, -25.5358772278, -28.3205280304, -18.7498245239, -15.1957836151, -21.8927116394],
        "var": [1838.03955078, 205.544128418, 417.49710083, 256.910308838, 159.036956787, 170.167938232, 123.034576416, 86.4376449585, 54.1179771423, 73.3222045898, 61.0728187561, 55.0085296631, 46.9497299194],
        "cov": [[1840.88037109, -35.9444999695, -591.766784668, 44.5167045593, -255.995635986, -214.676559448, -117.375099182, -90.3452377319, -49.9447135925, -39.9474143982, -80.0786514282, -13.0806627274, -74.7367782593], [-35.9444999695, 205.861816406, 2.70401883125, -102.547912598, -50.3009376526, 1.04405725002, 10.7536687851, 2.25557494164, -15.7889280319, 12.8329629898, 45.3558197021, 0.860162496567, 0.233236745], [-591.766784668, 2.70401883125, 418.14239502, -54.1750259399, 148.777114868, 57.5560684204, 17.5303077698, 15.5802335739, 22.4311847687, 22.4219303131, 9.46692371368, -13.8979787827, 23.5355930328], [44.5167045593, -102.547912598, -54.1750259399, 257.307373047, 30.4275131226, -14.6294345856, -55.4812965393, -16.4978427887, 44.1325149536, 16.0619049072, -39.2847747803, -3.9824244976, 18.6611099243], [-255.995635986, -50.3009376526, 148.777114868, 30.4275131226, 159.28276062, 18.4170036316, 14.2156238556, -13.3518657684, 21.2197647095, 27.1102752686, -8.25844478607, 2.85177898407, 5.84107446671], [-214.676559448, 1.04405725002, 57.5560684204, -14.6294345856, 18.4170036316, 170.430938721, 77.6081390381, 32.3260726929, -15.3408155441, -3.41288471222, 40.563243866, -1.44229495525, -12.7625780106], [-117.375099182, 10.7536687851, 17.5303077698, -55.4812965393, 14.2156238556, 77.6081390381, 123.224739075, 50.6951751709, -7.63799619675, -17.3077831268, 27.7949008942, 17.8466243744, -7.86421346664], [-90.3452377319, 2.25557494164, 15.5802335739, -16.4978427887, -13.3518657684, 32.3260726929, 50.6951751709, 86.5712432861, 12.3182296753, -14.6246433258, 12.6278371811, 13.0080022812, 9.91547107697], [-49.9447135925, -15.7889280319, 22.4311847687, 44.1325149536, 21.2197647095, -15.3408155441, -7.63799619675, 12.3182296753, 54.2016220093, 28.4504680634, -3.22980284691, 4.49508237839, 10.6356782913], [-39.9474143982, 12.8329629898, 22.4219303131, 16.0619049072, 27.1102752686, -3.41288471222, -17.3077831268, -14.6246433258, 28.4504680634, 73.4355316162, 18.7337284088, -2.33665323257, 1.72426867485], [-80.0786514282, 45.3558197021, 9.46692371368, -39.2847747803, -8.25844478607, 40.563243866, 27.7949008942, 12.6278371811, -3.22980284691, 18.7337284088, 61.1672134399, 17.0339851379, -3.11383938789], [-13.0806627274, 0.860162496567, -13.8979787827, -3.9824244976, 2.85177898407, -1.44229495525, 17.8466243744, 13.0080022812, 4.49508237839, -2.33665323257, 17.0339851379, 55.0935516357, 17.4993572235], [-74.7367782593, 0.233236745, 23.5355930328, 18.6611099243, 5.84107446671, -12.7625780106, -7.86421346664, 9.91547107697, 10.6356782913, 1.72426867485, -3.11383938789, 17.4993572235, 47.0222969055]],
        "icov": [[0.00135957740713, 0.000331666669808, 0.0013115121983, 0.000179719834705, 0.000993169378489, 0.000871504948009, 0.000147284008563, 0.000502589624375, 0.000483274576254, -0.000505798961967, 0.00123405258637, -0.000496560242027, 0.00163906777743], [0.000331666669808, 0.00777509296313, -0.000133320543682, 0.00221163709648, 0.00261340639554, 0.00128529791255, -0.000347027176758, 0.00100766506512, 0.000492949329782, -0.00135159993079, -0.00453907670453, 0.00165356229991, -0.00154658721294], [0.0013115121983, -0.000133320543682, 0.0064980792813, 0.00258616730571, -0.00450081238523, -0.00126815435942, 0.00260106986389, -0.000820491986815, -0.00199442682788, 0.000983501318842, 0.000559308973607, 0.00228378828615, -0.00176850112621], [0.000179719834705, 0.00221163709648, 0.00258616730571, 0.00772926909849, -0.00202068337239, -0.00287163676694, 0.00392879545689, 0.000482670759084, -0.00587005820125, 0.000703272933606, 0.00205530785024, 0.000644405372441, -0.00286206323653], [0.000993169378489, 0.00261340639554, -0.00450081238523, -0.00202068337239, 0.0148982927203, 0.00161657389253, -0.00505166593939, 0.00471042608842, 0.000712699256837, -0.0052276677452, 0.00385615415871, -0.00373012269847, 0.00304422434419], [0.000871504948009, 0.00128529791255, -0.00126815435942, -0.00287163676694, 0.00161657389253, 0.0123363817111, -0.00670905224979, -0.000608061498497, 0.00544740958139, -0.000924774620216, -0.00634008925408, 0.00285827857442, 0.00262503745034], [0.000147284008563, -0.000347027176758, 0.00260106986389, 0.00392879545689, -0.00505166593939, -0.00670905224979, 0.0188800785691, -0.00759288109839, -0.00203256704845, 0.00381718273275, -0.000862089742441, -0.0034526179079, 0.0024875740055], [0.000502589624375, 0.00100766506512, -0.000820491986815, 0.000482670759084, 0.00471042608842, -0.000608061498497, -0.00759288109839, 0.0203305520117, -0.00876269023865, 0.00453952513635, -0.00132011412643, -0.000250087527093, -0.0034729775507], [0.000483274576254, 0.000492949329782, -0.00199442682788, -0.00587005820125, 0.000712699256837, 0.00544740958139, -0.00203256704845, -0.00876269023865, 0.0357558541, -0.0149656739086, 0.00330583821051, -0.00278655509464, 0.000708617269993], [-0.000505798961967, -0.00135159993079, 0.000983501318842, 0.000703272933606, -0.0052276677452, -0.000924774620216, 0.00381718273275, 0.00453952513635, -0.0149656739086, 0.0259340610355, -0.0122715029866, 0.00477558374405, -0.00164487306029], [0.00123405258637, -0.00453907670453, 0.000559308973607, 0.00205530785024, 0.00385615415871, -0.00634008925408, -0.000862089742441, -0.00132011412643, 0.00330583821051, -0.0122715029866, 0.035721886903, -0.0127453021705, 0.00563362706453], [-0.000496560242027, 0.00165356229991, 0.00228378828615, 0.000644405372441, -0.00373012269847, 0.00285827857442, -0.0034526179079, -0.000250087527093, -0.00278655509464, 0.00477558374405, -0.0127453021705, 0.0283966548741, -0.012438474223], [0.00163906777743, -0.00154658721294, -0.00176850112621, -0.00286206323653, 0.00304422434419, 0.00262503745034, 0.0024875740055, -0.0034729775507, 0.000708617269993, -0.00164487306029, 0.00563362706453, -0.012438474223, 0.0322850719094]]
    }
}

}