{
"metadata": {
    "version": {
        "essentia": "2.0.1",
        "extractor": "archive-music 1.0 mod ismir14"
    },
    "audio_properties": {
        "analysis_sample_rate": 44100,
        "bitrate": 32,
        "channels": 2,
        "equal_loudness": 0,
        "length": 30.0408172607,
        "replay_gain": -13.6177768707,
        "downmix": "mix"
    },
    "tags": {
        "track": 0,
        "year": 0,
        "album": "",
        "artist": "",
        "comment": "",
        "genre": "",
        "title": ""
    }
},
"rhythm": {
    "bpm": 86.5640029907,
    "bpm_histogram_first_peak": 86,
    "bpm_histogram_first_peak_spread": 0.619047641754,
    "bpm_histogram_first_peak_weight": 0.380952388048,
    "bpm_histogram_second_peak": 0,
    "bpm_histogram_second_peak_spread": 0,
    "bpm_histogram_second_peak_weight": 0
},
"tonal": {
    "tuning_frequency": {
        "dmean": 0.230506151915,
        "dmean2": 0.437299132347,
        "dvar": 3.47276711464,
        "dvar2": 7.417740345,
        "max": 455.779724121,
        "mean": 442.493591309,
        "median": 441.017791748,
        "min": 432.690917969,
        "var": 28.9192066193
    },
    "hpcp": {
        "dmean": [0.165852740407, 0.155442282557, 0.162691220641, 0.219909355044, 0.0962216034532, 0.156845748425, 0.200885489583, 0.256705373526, 0.160406529903, 0.108892060816, 0.255020707846, 0.0744459629059],
        "dmean2": [0.277201205492, 0.267694681883, 0.278137266636, 0.37162783742, 0.173009932041, 0.268474131823, 0.342079043388, 0.441400110722, 0.273714274168, 0.193426087499, 0.440243005753, 0.132074266672],
        "dvar": [0.0427767932415, 0.051045242697, 0.049961168319, 0.066223949194, 0.0240256842226, 0.0529089309275, 0.0573605410755, 0.0706481188536, 0.0506107248366, 0.0321246050298, 0.0719396695495, 0.0192323252559],
        "dvar2": [0.109326221049, 0.127970859408, 0.121926769614, 0.141270473599, 0.0648645684123, 0.114145807922, 0.137252271175, 0.172053053975, 0.123884856701, 0.0842761024833, 0.146440193057, 0.0505887307227],
        "max": [1, 1, 1, 1, 1, 1, 1, 1, 1, 1, 1, 1],
        "mean": [0.233984857798, 0.146438896656, 0.1629024297, 0.275322079659, 0.08602643013, 0.254534810781, 0.27794367075, 0.336712807417, 0.196880176663, 0.107796162367, 0.636694848537, 0.074317894876],
        "median": [0.142517954111, 0.0394905284047, 0.0591860301793, 0.132602527738, 0.0310949962586, 0.0873802006245, 0.130543157458, 0.204228848219, 0.068901501596, 0.0390637218952, 0.673447489738, 0.0296606887132],
        "min": [0.00275677768514, 0.00030269776471, 0.00113624020014, 0.000680630095303, 0.000294911093079, 0.00338919810019, 0.000529439130332, 0.000958890479524, 0.000636796234176, 0.000612174160779, 0.00841186288744, 0.000710562220775],
        "var": [0.0675980225205, 0.0542263165116, 0.0578584335744, 0.0996830314398, 0.0220375992358, 0.111950606108, 0.10253573209, 0.110906742513, 0.0798310562968, 0.0338129587471, 0.127670705318, 0.0175161249936]
    }
},
"lowlevel": {
    "melbands": {
        "dmean": [4.90874699608e-05, 0.000211745893466, 0.000193189014681, 0.000104875558463, 6.42312515993e-05, 0.000113758942462, 0.000115277282021, 0.000122737445054, 0.000131131295348, 7.0028254413e-05, 5.05165371578e-05, 2.97968890663e-05, 2.47103016591e-05, 1.49406250785e-05, 2.4580545869e-05, 1.35302789204e-05, 1.47368436956e-05, 1.11612398541e-05, 8.56096357893e-06, 7.17808325135e-06, 6.86161320118e-06, 6.73767135595e-06, 8.95602897799e-06, 8.81791675056e-06, 6.78150900058e-06, 5.08344601258e-06, 4.81328788737e-06, 3.01589625451e-06, 1.2888033325e-06, 1.1313976529e-06, 8.55296718782e-07, 5.31620912625e-07, 2.63424567493e-07, 1.93068700582e-07, 2.01571381808e-07, 1.67903664305e-07, 1.61972053547e-07, 1.2686092532e-07, 6.78350389194e-08, 3.50483766454e-08],
        "dmean2": [7.3899369454e-05, 0.000327178364387, 0.000303773500491, 0.000144425139297, 0.000103372840385, 0.0001841790654, 0.000185868921108, 0.000204904252314, 0.000194217122043, 0.000103465172288, 7.72314233473e-05, 4.57332098449e-05, 3.79929515475e-05, 2.21147511184e-05, 3.87961954402e-05, 2.06892473216e-05, 2.24824671022e-05, 1.72289619513e-05, 1.39626636155e-05, 1.02306612462e-05, 1.07434998426e-05, 1.05231320049e-05, 1.32985587697e-05, 1.30732651087e-05, 1.06499410322e-05, 7.66911671235e-06, 7.28226495994e-06, 4.70572695122e-06, 2.0122956812e-06, 1.69165139141e-06, 1.29800832838e-06, 8.24380663289e-07, 4.01181978305e-07, 2.89571005396e-07, 3.12690360715e-07, 2.71301871635e-07, 2.57229459066e-07, 2.074543346e-07, 1.0874859413e-07, 5.64977824524e-08],
        "dvar": [4.5740553567e-09, 9.09343569333e-08, 5.48422605107e-08, 2.54087648699e-08, 6.76623423956e-09, 1.70542282518e-08, 2.42672477668e-08, 5.12963431731e-08, 5.47390826e-08, 2.8932303664e-08, 7.60467422367e-09, 9.02253383117e-09, 7.5517823106e-09, 1.14593590173e-09, 6.4057186222e-09, 1.21395082875e-09, 1.79296422154e-09, 6.23404716737e-10, 2.85324014415e-10, 2.89665985642e-10, 1.75602948849e-10, 1.79648865228e-10, 3.43752526444e-10, 3.99588584443e-10, 2.11897305258e-10, 9.89928347628e-11, 1.4366929868e-10, 7.31806976129e-11, 4.41687441829e-12, 6.39925872709e-12, 4.36141314036e-12, 1.66410646114e-12, 2.31903607645e-13, 7.59692059694e-14, 7.87071552681e-14, 4.11804379659e-14, 4.53462510326e-14, 2.94426348536e-14, 9.02442200422e-15, 2.07090661758e-15],
        "dvar2": [9.38400379624e-09, 2.09742367474e-07, 1.14590442024e-07, 4.46463026549e-08, 1.66484532826e-08, 4.21927701666e-08, 6.16705122525e-08, 1.33989956907e-07, 1.00281269511e-07, 5.25063796886e-08, 1.70939014055e-08, 2.00417176188e-08, 1.86303719119e-08, 2.5285693539e-09, 1.60747610778e-08, 2.50995824125e-09, 3.67859098738e-09, 1.37628841657e-09, 6.28516017009e-10, 5.62856039554e-10, 4.13855588688e-10, 3.92841731367e-10, 6.73991695788e-10, 7.25286775083e-10, 5.16979237197e-10, 2.03446134939e-10, 3.42109535145e-10, 1.8337119323e-10, 1.08602848936e-11, 1.2257344445e-11, 8.56847058583e-12, 4.02421282061e-12, 5.06767804803e-13, 1.29575210696e-13, 1.70855883152e-13, 9.45432900262e-14, 1.1450057211e-13, 7.31234259884e-14, 2.32187282367e-14, 4.49554139371e-15],
        "max": [0.000881448853761, 0.00241601769812, 0.00171096157283, 0.0018550750101, 0.000863420369569, 0.0009026984917, 0.00111021962948, 0.00187357410323, 0.00415640277788, 0.00311530381441, 0.00107742403634, 0.0012274554465, 0.00113642425276, 0.000421006319812, 0.00111791596282, 0.000469794875244, 0.00061108416412, 0.000363456405466, 0.000154606925207, 0.000328714435454, 0.000153577013407, 0.000141967117088, 0.000193688742002, 0.000299529026961, 0.00018218535115, 0.000127337523736, 0.000137448732858, 0.000105323983007, 2.73148853012e-05, 5.21542388014e-05, 3.27446869051e-05, 2.26019310503e-05, 6.89084026817e-06, 5.01958857058e-06, 4.31712214777e-06, 1.94484232452e-06, 2.66756978817e-06, 1.84366888334e-06, 8.78912203461e-07, 5.56686927666e-07],
        "mean": [7.55674482207e-05, 0.000285636255285, 0.000307696696837, 0.000162514537806, 8.93576798262e-05, 0.000161383723025, 0.000157231901539, 0.00011963029101, 0.000193235930055, 9.95901500573e-05, 7.47896992834e-05, 3.33786883857e-05, 2.63458223344e-05, 1.82065668923e-05, 2.97192054859e-05, 1.66966110555e-05, 1.79259841389e-05, 1.45109761434e-05, 1.02672438516e-05, 9.03061845747e-06, 8.48990748636e-06, 8.72540204e-06, 1.35632253659e-05, 1.52821703523e-05, 9.84839516605e-06, 8.10853180155e-06, 6.86089151714e-06, 3.90015975427e-06, 2.04385651159e-06, 1.71653687175e-06, 1.36777407533e-06, 8.73932719969e-07, 4.56874886368e-07, 3.59862070809e-07, 3.58386046173e-07, 2.93327104828e-07, 2.66387530701e-07, 1.92495093643e-07, 1.04790814248e-07, 5.56331549717e-08],
        "median": [4.43616809207e-05, 0.000169823251781, 0.000211041566217, 8.80061124917e-05, 5.71742166358e-05, 0.000107989842945, 8.19027918624e-05, 3.87646286981e-05, 8.65936162882e-05, 3.97559997509e-05, 3.69309636881e-05, 9.1036035883e-06, 5.83937480769e-06, 6.12228723185e-06, 1.16921710287e-05, 5.3159392337e-06, 4.41749307356e-06, 3.57682915819e-06, 3.09160486722e-06, 2.02125829674e-06, 2.10337816497e-06, 2.1856976673e-06, 1.7583799945e-06, 1.48945935052e-06, 2.15549880522e-06, 2.39083601627e-06, 9.21714445212e-07, 1.02373928712e-06, 1.07575465336e-06, 6.84377823745e-07, 3.96684441739e-07, 3.58645820597e-07, 2.2952059453e-07, 2.08139937286e-07, 2.03566457913e-07, 1.65668012642e-07, 1.69706567021e-07, 1.1576628367e-07, 6.03851333381e-08, 3.49010136347e-08],
        "min": [2.75697584584e-06, 1.25848046082e-05, 2.3057098133e-06, 3.53587620339e-06, 1.56956696173e-06, 6.50047581985e-07, 1.25150108943e-06, 3.31079661464e-07, 1.13010067082e-07, 1.28546901124e-07, 1.2261104132e-07, 3.32303287109e-08, 5.1759553088e-08, 1.75005851588e-07, 3.74577666662e-08, 3.93703203372e-08, 2.10628350317e-08, 2.30708785409e-08, 2.1423554486e-08, 3.14971870807e-08, 5.75657175261e-08, 5.64812623338e-08, 5.54738193159e-08, 5.26754782015e-08, 5.42649978286e-08, 3.67200634344e-08, 1.06484483453e-08, 1.18371223934e-08, 3.37977361653e-08, 1.38210625167e-08, 1.02824486703e-08, 1.26705144154e-08, 7.21301507411e-09, 5.1650315136e-09, 4.12868983446e-09, 4.47613457411e-09, 7.17457337984e-09, 5.21926279973e-09, 2.88992518804e-09, 9.80834524711e-10],
        "var": [1.03589092859e-08, 1.16108807902e-07, 8.4851642157e-08, 5.22245180434e-08, 9.6731698207e-09, 2.43293705182e-08, 3.16430934788e-08, 4.41292264952e-08, 1.68963282476e-07, 5.80200847367e-08, 1.37465212546e-08, 1.04343103047e-08, 8.36042346464e-09, 1.76578363043e-09, 6.27039664636e-09, 1.75805892066e-09, 2.71532085705e-09, 1.24549659475e-09, 3.83399395565e-10, 5.95954452454e-10, 3.13616327352e-10, 2.86628942803e-10, 7.90882137558e-10, 1.16105036696e-09, 4.00961625013e-10, 2.32077315698e-10, 2.73093936354e-10, 1.03030133036e-10, 9.15985516603e-12, 1.37952158377e-11, 8.73547328223e-12, 2.40832874476e-12, 4.97802049148e-13, 2.36485581551e-13, 2.50647728484e-13, 1.05966932006e-13, 7.40144910963e-14, 4.26033347327e-14, 1.41882160656e-14, 3.73828038634e-15]
    },
    "mfcc": {
        "dmean": [27.5515899658, 10.0820636749, 11.9145383835, 7.8275384903, 8.40265846252, 6.85972452164, 7.48515558243, 6.85287189484, 6.15693044662, 6.08067560196, 5.82000303268, 5.60399580002, 5.97684383392],
        "dmean2": [38.9939193726, 15.3551177979, 17.4374446869, 11.6542901993, 12.4294080734, 10.3168964386, 11.2795114517, 10.6106481552, 9.53488636017, 9.42642021179, 9.1007194519, 8.74654197693, 9.45519447327],
        "dvar": [623.314758301, 70.6933822632, 95.6550216675, 38.7161407471, 46.468120575, 30.7652740479, 36.5336761475, 29.3789024353, 19.7451496124, 24.7978839874, 19.8094387054, 18.1174983978, 23.3657188416],
        "dvar2": [1074.41235352, 154.997558594, 171.841415405, 79.0502243042, 96.7660293579, 62.9250450134, 71.2532119751, 74.4457931519, 53.1301803589, 56.8096466064, 49.6901702881, 43.6356964111, 53.2449493408],
        "max": [-576.228271484, 176.486282349, 49.5936393738, 76.5003128052, 32.3999938965, 25.6988124847, 40.0167007446, 29.6591262817, 17.5218811035, 35.451587677, 29.6821994781, 24.246421814, 15.018037796],
        "mean": [-686.686157227, 121.140586853, -1.47424578667, 25.3157577515, -8.12320613861, -4.96022367477, -3.77837562561, 0.0936631187797, -5.54704523087, 6.41787433624, 1.07228899002, 2.66236376762, -7.90823698044],
        "median": [-693.489868164, 123.88684845, 0.335092544556, 22.7487792969, -9.24732875824, -4.72227859497, -5.24976444244, -0.718788146973, -5.17756175995, 7.05875968933, 0.621342658997, 2.77566623688, -7.14204788208],
        "min": [-911.610290527, 55.2653427124, -64.9538040161, -20.3849906921, -45.1752586365, -31.8171844482, -34.419002533, -25.0874023438, -38.5439987183, -32.0038528442, -22.4153842926, -20.8305683136, -42.5457458496],
        "var": [1844.14221191, 433.447662354, 444.028839111, 206.86340332, 175.52331543, 115.628929138, 148.256484985, 84.4828643799, 75.7567825317, 89.6815795898, 63.4662017822, 58.3232345581, 84.4074630737],
        "cov": [[1846.99243164, -439.030761719, -620.317504883, 82.0571212769, 72.9156723022, -137.100845337, -9.57112407684, 71.7710494995, -28.5096092224, -59.8871002197, -1.14201247692, -29.2172985077, -57.1668701172], [-439.030761719, 434.117614746, 168.812988281, -161.355514526, -92.7314987183, 46.472858429, -12.7273273468, -67.6725311279, 29.3832492828, 39.997127533, 14.6830158234, 39.0255699158, 40.3313713074], [-620.317504883, 168.812988281, 444.715118408, 7.59214878082, 7.78022956848, 62.2094841003, -1.37295424938, -9.96730518341, 13.4004793167, 12.9858675003, -12.4280691147, -4.48465585709, 26.2533969879], [82.0571212769, -161.355514526, 7.59214878082, 207.183135986, 110.024848938, -49.3609848022, -29.8663444519, 33.802570343, -13.1103591919, -21.6150951385, -10.9729776382, -18.9460697174, -2.45232868195], [72.9156723022, -92.7314987183, 7.78022956848, 110.024848938, 175.79460144, -13.0399303436, -37.7216072083, 26.5619258881, -9.41528129578, -15.9844579697, -18.4131469727, -16.1659622192, -0.166235208511], [-137.100845337, 46.472858429, 62.2094841003, -49.3609848022, -13.0399303436, 115.807647705, 69.9536895752, -0.42974281311, -1.82675397396, -17.033657074, -6.37587928772, 0.133317023516, -18.1052474976], [-9.57112407684, -12.7273273468, -1.37295424938, -29.8663444519, -37.7216072083, 69.9536895752, 148.485626221, 39.7661323547, -27.3827152252, -23.0555458069, -11.4216880798, 3.70051860809, -17.8937931061], [71.7710494995, -67.6725311279, -9.96730518341, 33.802570343, 26.5619258881, -0.42974281311, 39.7661323547, 84.6134414673, -0.020822102204, -29.1738796234, -7.46598386765, -6.79816627502, -5.14609289169], [-28.5096092224, 29.3832492828, 13.4004793167, -13.1103591919, -9.41528129578, -1.82675397396, -27.3827152252, -0.020822102204, 75.8738708496, 33.770652771, 4.19514894485, -0.388947039843, 3.57439565659], [-59.8871002197, 39.997127533, 12.9858675003, -21.6150951385, -15.9844579697, -17.033657074, -23.0555458069, -29.1738796234, 33.770652771, 89.8201904297, 24.9996337891, 0.252562612295, 11.6798591614], [-1.14201247692, 14.6830158234, -12.4280691147, -10.9729776382, -18.4131469727, -6.37587928772, -11.4216880798, -7.46598386765, 4.19514894485, 24.9996337891, 63.5642929077, 20.7922840118, -8.17752170563], [-29.2172985077, 39.0255699158, -4.48465585709, -18.9460697174, -16.1659622192, 0.133317023516, 3.70051860809, -6.79816627502, -0.388947039843, 0.252562612295, 20.7922840118, 58.4133796692, 28.7103061676], [-57.1668701172, 40.3313713074, 26.2533969879, -2.45232868195, -0.166235208511, -18.1052474976, -17.8937931061, -5.14609289169, 3.57439565659, 11.6798591614, -8.17752170563, 28.7103061676, 84.5379180908]],
        "icov": [[0.00121869822033, 0.00059360684827, 0.00134392769542, 0.000404579564929, -0.000432015047409, 0.00083191273734, -0.000244460417889, -7.87840326666e-05, -0.000326145993313, 0.000625093118288, -0.000227460914175, 0.000394872913603, 2.7394562494e-05], [0.00059360684827, 0.00515141896904, -0.00117716286331, 0.00353768817149, -0.000103736645542, 0.000619685743004, 8.78914288478e-05, 0.00205515278503, -0.00110624998342, 0.000547065981664, -0.000339601334417, -0.00131795264315, -0.000925877480768], [0.00134392769542, -0.00117716286331, 0.00492201279849, -0.00165983720217, 1.97445679078e-05, -0.00196702592075, 0.000857102801092, -0.00128348753788, 0.000247980176937, -0.000340878090356, 0.000338634767104, 0.00139419559855, -0.000828352407552], [0.000404579564929, 0.00353768817149, -0.00165983720217, 0.0114188753068, -0.00535763101652, 0.00532834697515, -0.0015179363545, 0.000938734970987, -0.00106316921301, 0.00257661845535, -0.00165654462762, 0.000938324024901, -0.00049093744019], [-0.000432015047409, -0.000103736645542, 1.97445679078e-05, -0.00535763101652, 0.0108961388469, -0.00516365002841, 0.00583058455959, -0.00449564727023, 0.0033212674316, -0.00286013190635, 0.00363448844291, -0.00125542562455, 0.000504477182403], [0.00083191273734, 0.000619685743004, -0.00196702592075, 0.00532834697515, -0.00516365002841, 0.0201948173344, -0.0116463080049, 0.00699073635042, -0.00599392596632, 0.00691342772916, -0.00304295076057, 0.00183983880561, 0.00168676814064], [-0.000244460417889, 8.78914288478e-05, 0.000857102801092, -0.0015179363545, 0.00583058455959, -0.0116463080049, 0.0179621987045, -0.0111602554098, 0.00864273682237, -0.00620684120804, 0.006175999064, -0.00493794772774, 0.00288891419768], [-7.87840326666e-05, 0.00205515278503, -0.00128348753788, 0.000938734970987, -0.00449564727023, 0.00699073635042, -0.0111602554098, 0.022689756006, -0.00867411307991, 0.00965134520084, -0.00550575880334, 0.00423448579386, -0.00303799170069], [-0.000326145993313, -0.00110624998342, 0.000247980176937, -0.00106316921301, 0.0033212674316, -0.00599392596632, 0.00864273682237, -0.00867411307991, 0.0210493635386, -0.0108532067388, 0.00527448393404, -0.00327052758075, 0.00245397142135], [0.000625093118288, 0.000547065981664, -0.000340878090356, 0.00257661845535, -0.00286013190635, 0.00691342772916, -0.00620684120804, 0.00965134520084, -0.0108532067388, 0.0221408624202, -0.0110738910735, 0.00781173398718, -0.0052332431078], [-0.000227460914175, -0.000339601334417, 0.000338634767104, -0.00165654462762, 0.00363448844291, -0.00304295076057, 0.006175999064, -0.00550575880334, 0.00527448393404, -0.0110738910735, 0.0265741255134, -0.0141511345282, 0.00886599346995], [0.000394872913603, -0.00131795264315, 0.00139419559855, 0.000938324024901, -0.00125542562455, 0.00183983880561, -0.00493794772774, 0.00423448579386, -0.00327052758075, 0.00781173398718, -0.0141511345282, 0.0301692131907, -0.0124615877867], [2.7394562494e-05, -0.000925877480768, -0.000828352407552, -0.00049093744019, 0.000504477182403, 0.00168676814064, 0.00288891419768, -0.00303799170069, 0.00245397142135, -0.0052332431078, 0.00886599346995, -0.0124615877867, 0.0190300885588]]
    }
}

}