{
"metadata": {
    "version": {
        "essentia": "2.0.1",
        "extractor": "archive-music 1.0 mod ismir14"
    },
    "audio_properties": {
        "analysis_sample_rate": 44100,
        "bitrate": 32,
        "channels": 2,
        "equal_loudness": 0,
        "length": 30.0408172607,
        "replay_gain": -13.87408638,
        "downmix": "mix"
    },
    "tags": {
        "track": 0,
        "year": 0,
        "album": "",
        "artist": "",
        "comment": "",
        "genre": "",
        "title": ""
    }
},
"rhythm": {
    "bpm": 90.2968444824,
    "bpm_histogram_first_peak": 91,
    "bpm_histogram_first_peak_spread": 0.324999988079,
    "bpm_histogram_first_peak_weight": 0.62790697813,
    "bpm_histogram_second_peak": 85,
    "bpm_histogram_second_peak_spread": 0,
    "bpm_histogram_second_peak_weight": 0.0697674453259
},
"tonal": {
    "tuning_frequency": {
        "dmean": 0.0864124819636,
        "dmean2": 0.149121403694,
        "dvar": 0.876681983471,
        "dvar2": 1.90291512012,
        "max": 455.779724121,
        "mean": 454.604797363,
        "median": 455.779724121,
        "min": 437.971466064,
        "var": 12.5531778336
    },
    "hpcp": {
        "dmean": [0.229233041406, 0.14966699481, 0.116610661149, 0.12542720139, 0.228460162878, 0.321162194014, 0.188958898187, 0.193911984563, 0.149248689413, 0.0890863388777, 0.0890961661935, 0.100140318274],
        "dmean2": [0.391441643238, 0.283418267965, 0.202373489738, 0.22935949266, 0.400863498449, 0.586711764336, 0.357013374567, 0.33608135581, 0.272165983915, 0.160953715444, 0.154632627964, 0.171296238899],
        "dvar": [0.0819331333041, 0.0677514970303, 0.0333183445036, 0.0505908057094, 0.0798740237951, 0.118095941842, 0.0935402587056, 0.0692148208618, 0.0636994242668, 0.0301341339946, 0.0273646749556, 0.0278430301696],
        "dvar2": [0.180942073464, 0.191681712866, 0.086730748415, 0.124841928482, 0.207978516817, 0.288399487734, 0.254891306162, 0.157774373889, 0.184649944305, 0.0829956829548, 0.0662031918764, 0.0712771788239],
        "max": [1, 1, 1, 1, 1, 1, 1, 1, 1, 1, 1, 1],
        "mean": [0.433926284313, 0.100716240704, 0.133194223046, 0.12589302659, 0.216673985124, 0.455712199211, 0.138169750571, 0.259231239557, 0.129556834698, 0.0790422409773, 0.0961641594768, 0.0989886894822],
        "median": [0.231607347727, 0.0178676322103, 0.0458294302225, 0.027520461008, 0.069917306304, 0.285931050777, 0.0233255438507, 0.104963257909, 0.0306221079081, 0.024939192459, 0.0303235501051, 0.0335316136479],
        "min": [0.00201651104726, 0.000527186959516, 0.00116333563346, 0.000293427816359, 0.00131241360214, 0.000990336062387, 0.000368706852896, 0.00207887031138, 0.000429625011748, 0.000404971593525, 0.000644087966066, 0.000648715998977],
        "var": [0.167016208172, 0.0451505146921, 0.0453966297209, 0.0612363815308, 0.089111328125, 0.169927716255, 0.074897184968, 0.106501094997, 0.0591332763433, 0.0249623991549, 0.0325029939413, 0.028806431219]
    }
},
"lowlevel": {
    "melbands": {
        "dmean": [0.00023063061235, 0.000471347128041, 0.000171188672539, 0.000117497220344, 8.36238177726e-05, 6.06014109508e-05, 7.85512675066e-05, 0.000117912357382, 0.000190797174582, 0.000145446858369, 5.54515208933e-05, 6.70221052133e-05, 6.44611063763e-05, 3.36525881721e-05, 5.44529066246e-05, 6.45022228127e-05, 1.36223370646e-05, 9.6344974736e-06, 5.1260399232e-06, 5.98215592618e-06, 9.45101055549e-06, 7.38290145819e-06, 1.37980923682e-05, 1.20879940368e-05, 6.56209294903e-06, 6.34228172203e-06, 5.89403271078e-06, 3.79244193027e-06, 1.5884562572e-06, 1.4556513861e-06, 7.03808495928e-07, 3.02269796748e-07, 1.79376897336e-07, 1.51934330006e-07, 1.49884996858e-07, 1.46734890905e-07, 1.29357616174e-07, 1.66370767829e-07, 1.5246827445e-07, 1.30373607021e-07],
        "dmean2": [0.000376115727704, 0.000690899498295, 0.000265906361165, 0.000188144593267, 0.000135403271997, 9.41192847677e-05, 0.000121950608445, 0.000184815682587, 0.000312229676638, 0.000240246605244, 8.94876138773e-05, 0.000104570906842, 9.7797899798e-05, 5.72049793846e-05, 9.21860118979e-05, 0.000106260973553, 2.10585312743e-05, 1.56176156452e-05, 8.18397529656e-06, 9.48876731854e-06, 1.48702574734e-05, 1.17796253107e-05, 2.27093878493e-05, 1.93472606043e-05, 1.05148747025e-05, 9.63972615864e-06, 9.43266240938e-06, 6.15463432041e-06, 2.52657446254e-06, 2.33616401601e-06, 1.12237580652e-06, 4.78680135529e-07, 2.81250351009e-07, 2.38670764929e-07, 2.35914683344e-07, 2.32685039236e-07, 1.97195745955e-07, 2.61596738937e-07, 2.34934674381e-07, 2.05612366244e-07],
        "dvar": [5.65165620969e-08, 1.99748129148e-07, 3.17945421102e-08, 2.83559842273e-08, 1.99260430378e-08, 7.19454806841e-09, 1.6798233915e-08, 4.41152607777e-08, 1.42207625231e-07, 1.66060146967e-07, 8.07957221127e-08, 3.16175921e-08, 2.98074169791e-08, 7.63667351578e-09, 1.79070198669e-08, 3.497849832e-08, 2.48495957145e-09, 6.47330633541e-10, 6.62184335143e-11, 5.46215607466e-11, 1.98515356931e-10, 1.18090759393e-10, 5.12633824279e-10, 3.7766498262e-10, 9.69930802341e-11, 8.8147995847e-11, 1.09315251295e-10, 4.22896336005e-11, 6.65675500833e-12, 6.4756325302e-12, 1.16027294109e-12, 1.67730209604e-13, 4.82551112512e-14, 3.74548109812e-14, 3.82193158144e-14, 2.98599510461e-14, 2.47567757446e-14, 4.80252603907e-14, 4.58926279411e-14, 3.24016021533e-14],
        "dvar2": [1.52905627715e-07, 4.38901992084e-07, 6.57910774748e-08, 7.2532245099e-08, 4.91446101591e-08, 1.55836517024e-08, 3.50430937601e-08, 1.04203131457e-07, 3.49775433506e-07, 3.82925804843e-07, 1.67632023818e-07, 7.51745901084e-08, 6.55584884157e-08, 2.07179535749e-08, 4.72006647101e-08, 8.45723633347e-08, 4.18096313126e-09, 1.48971235348e-09, 1.57833621173e-10, 1.35935304679e-10, 4.78087847089e-10, 3.00744595894e-10, 1.3067071869e-09, 9.30447385805e-10, 2.29621696657e-10, 2.02822592055e-10, 2.82228074244e-10, 1.11358908206e-10, 1.58374442033e-11, 1.5616537577e-11, 2.91171513983e-12, 4.13428053727e-13, 1.10492134376e-13, 8.43748085722e-14, 8.94559762637e-14, 6.91168381751e-14, 5.60420138844e-14, 1.04881604974e-13, 1.05227465467e-13, 7.01422630373e-14],
        "max": [0.00211614673026, 0.00439761346206, 0.0022025112994, 0.00200765440241, 0.00133894814644, 0.00124420772772, 0.00203578989021, 0.00159544404596, 0.00440021976829, 0.00461170496419, 0.00600029435009, 0.00180056155659, 0.00262472382747, 0.000799927394837, 0.00137885613367, 0.0023522968404, 0.00106976926327, 0.000360963254934, 9.12514806259e-05, 5.12309925398e-05, 0.000148751525558, 8.29515047371e-05, 0.000187167825061, 0.0001372594852, 7.50020044507e-05, 8.86188572622e-05, 0.000102675810922, 6.68342836434e-05, 2.33318241953e-05, 2.57325900748e-05, 7.62233412388e-06, 3.68067571799e-06, 1.86995680451e-06, 1.58291356911e-06, 1.67500411408e-06, 1.59753324169e-06, 1.56578823862e-06, 2.43615659201e-06, 2.57826650341e-06, 2.12720874515e-06],
        "mean": [0.000406250357628, 0.00104449887294, 0.000340988626704, 0.000161098156241, 0.000108016633021, 8.88166759978e-05, 0.000116987052024, 0.00014283193741, 0.000235128070926, 0.00014805594401, 5.5867501942e-05, 6.93960100762e-05, 8.10641504359e-05, 3.42838975484e-05, 5.77862701903e-05, 6.31923030596e-05, 1.47449272845e-05, 1.04528662632e-05, 6.23660798738e-06, 7.48205820855e-06, 1.13315236376e-05, 8.54678182804e-06, 1.4335600099e-05, 1.15492812256e-05, 7.29454313841e-06, 7.79059973866e-06, 6.26077599009e-06, 3.90810373574e-06, 1.86715624295e-06, 1.51527331127e-06, 8.0458875118e-07, 4.25778495128e-07, 2.76759720919e-07, 2.45202613769e-07, 2.36094109596e-07, 2.37848112761e-07, 1.96065542468e-07, 2.75064081734e-07, 2.52409961377e-07, 2.0995678085e-07],
        "median": [0.00033800577512, 0.000785975891631, 0.000281543238088, 0.00010161557293, 4.98500230606e-05, 4.47489946964e-05, 4.98613517266e-05, 5.01567847095e-05, 7.61834526202e-05, 2.28186345339e-05, 1.30541484396e-05, 1.94186031877e-05, 1.30352655106e-05, 1.1567490219e-05, 1.68163769558e-05, 1.26172672026e-05, 4.08716186939e-06, 3.44857949131e-06, 2.98296390611e-06, 3.70157749785e-06, 3.9298347474e-06, 3.13837881549e-06, 4.48021546617e-06, 3.0908113331e-06, 2.82746259472e-06, 3.48846128873e-06, 1.82373901225e-06, 1.13916985356e-06, 7.60945681577e-07, 5.62196760256e-07, 3.92016517026e-07, 2.63663707756e-07, 1.95275234205e-07, 1.61844496915e-07, 1.67653695371e-07, 1.80991548859e-07, 1.25033068343e-07, 1.87391435702e-07, 1.73255344293e-07, 1.47060930544e-07],
        "min": [7.06562877895e-06, 1.60619911185e-05, 9.4540991995e-06, 1.44862690377e-06, 1.24882575392e-07, 2.16202138859e-07, 1.69800875938e-06, 9.95858613351e-07, 5.3072284345e-07, 2.28380045542e-07, 3.34624616016e-07, 2.55146971995e-07, 1.49315482645e-07, 1.11545375603e-07, 4.08324694945e-07, 1.44561454363e-07, 1.17806266076e-07, 4.65581067033e-08, 1.63860008229e-07, 1.29827398609e-07, 2.47643214379e-07, 2.12276674461e-07, 3.40761033613e-07, 2.5338400178e-07, 2.27020763077e-07, 1.31160774686e-07, 1.69188112409e-07, 7.9107280726e-08, 5.40928688508e-08, 2.08838795146e-08, 2.20038245402e-08, 2.75646669934e-08, 1.0520939675e-08, 1.82505743851e-08, 5.80849235376e-09, 1.92166194068e-09, 7.50631556912e-09, 4.47429071571e-09, 6.23241680486e-09, 3.56480911456e-09],
        "var": [1.06282683987e-07, 6.77604589328e-07, 8.09657692002e-08, 3.52216069643e-08, 2.68101629786e-08, 1.52707766432e-08, 3.87987135753e-08, 5.94578892787e-08, 1.73877467091e-07, 2.10229430309e-07, 9.0465420044e-08, 3.1932337663e-08, 4.59455868906e-08, 6.27995655478e-09, 1.69470197875e-08, 3.51545921262e-08, 3.49491302565e-09, 7.39427519214e-10, 7.91728002603e-11, 7.15086947989e-11, 2.71363487236e-10, 1.49394302484e-10, 5.18735943089e-10, 3.67166463899e-10, 1.03467776014e-10, 1.1915046727e-10, 1.06751975315e-10, 4.11991829541e-11, 7.19229146726e-12, 6.25372453475e-12, 1.16993567612e-12, 2.10314553858e-13, 6.9318059322e-14, 5.21580662775e-14, 4.75268560401e-14, 4.0486870448e-14, 3.74197573697e-14, 7.74169479066e-14, 6.70261304683e-14, 4.67232386136e-14]
    },
    "mfcc": {
        "dmean": [32.1044082642, 9.96131706238, 13.4510660172, 9.86138534546, 7.64484977722, 8.3100271225, 7.24614810944, 6.21657562256, 5.74278259277, 5.97453355789, 5.90757083893, 5.79229736328, 5.55666923523],
        "dmean2": [42.4450950623, 15.4870481491, 19.8636779785, 14.9895877838, 11.3903341293, 12.0284137726, 10.6709938049, 9.42758655548, 9.0040397644, 9.42227172852, 9.42139148712, 9.34553718567, 8.89653396606],
        "dvar": [776.695678711, 68.6847229004, 143.303924561, 71.0247650146, 40.8008117676, 48.281665802, 29.6449203491, 22.7191314697, 20.0215415955, 22.4822177887, 22.5103778839, 22.2224769592, 18.6488723755],
        "dvar2": [1617.57946777, 151.122924805, 262.842071533, 152.522720337, 76.5278930664, 95.7383804321, 62.8203659058, 48.1020202637, 51.0029220581, 56.8507575989, 54.4316520691, 54.0403442383, 47.9004707336],
        "max": [-575.671386719, 175.804168701, 55.2419815063, 67.7967529297, 43.7409515381, 33.442741394, 55.8922348022, 38.8279190063, 19.422952652, 30.5816173553, 28.0057563782, 35.8160247803, 21.0089683533],
        "mean": [-675.61730957, 123.844161987, -0.910721600056, 24.1915512085, 7.24716806412, -4.73770046234, 14.4116230011, 6.72552585602, 0.896478891373, 3.39636492729, 5.60625219345, 7.56854009628, 2.17215418816],
        "median": [-677.431640625, 124.60369873, 0.194870948792, 23.1841011047, 6.80681324005, -3.47451019287, 14.0214853287, 7.14332866669, 1.29221916199, 2.6554145813, 5.67791175842, 7.8035030365, 2.32660388947],
        "min": [-869.21697998, 77.7007980347, -52.7047195435, -29.0877475739, -25.2642326355, -47.8502540588, -17.0223255157, -19.2134647369, -26.1815414429, -26.0262184143, -17.3446960449, -14.5247077942, -22.7153530121],
        "var": [1840.50390625, 203.973327637, 418.624816895, 255.191741943, 155.732162476, 169.82522583, 126.163963318, 87.4965667725, 54.3408279419, 72.252822876, 60.8848381042, 55.5377960205, 48.6918258667],
        "cov": [[1843.34851074, -31.5476512909, -588.624450684, 33.0815162659, -248.151947021, -214.109954834, -117.547622681, -86.3343734741, -53.1665687561, -40.5563583374, -72.9807434082, -16.1203632355, -77.4523391724], [-31.5476512909, 204.288589478, -0.472295194864, -100.062515259, -51.5172195435, 3.84900641441, 10.7885684967, 0.280603647232, -14.7680397034, 12.95860672, 45.5197944641, 0.151785582304, 1.72316205502], [-588.624450684, -0.472295194864, 419.271820068, -48.4010314941, 144.362457275, 56.3148498535, 17.7891902924, 15.3568496704, 24.5778961182, 22.6376113892, 5.75873184204, -11.8061008453, 24.18309021], [33.0815162659, -100.062515259, -48.4010314941, 255.586166382, 33.2868690491, -15.850060463, -56.9733390808, -15.9557800293, 43.9276428223, 15.9769802094, -38.4284286499, -4.65470409393, 18.4051170349], [-248.151947021, -51.5172195435, 144.362457275, 33.2868690491, 155.972869873, 17.6870326996, 13.7058162689, -15.1044654846, 20.8196163177, 26.4446640015, -9.14784049988, 3.73282337189, 6.31238937378], [-214.109954834, 3.84900641441, 56.3148498535, -15.850060463, 17.6870326996, 170.08770752, 77.9716415405, 30.943769455, -14.4791088104, -3.71068048477, 39.5343551636, -1.02692306042, -12.7246847153], [-117.547622681, 10.7885684967, 17.7891902924, -56.9733390808, 13.7058162689, 77.9716415405, 126.358963013, 50.2681121826, -9.29638576508, -17.7122173309, 28.2393836975, 17.2128181458, -8.42846870422], [-86.3343734741, 0.280603647232, 15.3568496704, -15.9557800293, -15.1044654846, 30.943769455, 50.2681121826, 87.6317977905, 12.1326160431, -14.3516120911, 11.4697217941, 13.5841312408, 8.79947948456], [-53.1665687561, -14.7680397034, 24.5778961182, 43.9276428223, 20.8196163177, -14.4791088104, -9.29638576508, 12.1326160431, 54.4248161316, 28.0868225098, -3.61203336716, 4.17156171799, 11.4027805328], [-40.5563583374, 12.95860672, 22.6376113892, 15.9769802094, 26.4446640015, -3.71068048477, -17.7122173309, -14.3516120911, 28.0868225098, 72.3644943237, 18.4652481079, -2.3841881752, 1.52745008469], [-72.9807434082, 45.5197944641, 5.75873184204, -38.4284286499, -9.14784049988, 39.5343551636, 28.2393836975, 11.4697217941, -3.61203336716, 18.4652481079, 60.9789428711, 16.9127349854, -3.10426211357], [-16.1203632355, 0.151785582304, -11.8061008453, -4.65470409393, 3.73282337189, -1.02692306042, 17.2128181458, 13.5841312408, 4.17156171799, -2.3841881752, 16.9127349854, 55.6236343384, 17.5237236023], [-77.4523391724, 1.72316205502, 24.18309021, 18.4051170349, 6.31238937378, -12.7246847153, -8.42846870422, 8.79947948456, 11.4027805328, 1.52745008469, -3.10426211357, 17.5237236023, 48.7670822144]],
        "icov": [[0.0013331634691, 0.000311184936436, 0.00131366110872, 0.00020165090973, 0.000928461144213, 0.000872625096235, 0.000159835602972, 0.000519612571225, 0.000406958541134, -0.000404168851674, 0.00110969459638, -0.000417544855736, 0.00155836972408], [0.000311184936436, 0.00786112435162, -0.000104972641566, 0.00227905227803, 0.0026824939996, 0.000993382767774, -0.000238747219555, 0.00126483000349, 0.000136080692755, -0.00121336244047, -0.0046316976659, 0.00177776708733, -0.001876587281], [0.00131366110872, -0.000104972641566, 0.00625113258138, 0.00244100601412, -0.00428571691737, -0.00105752120726, 0.00241530127823, -0.0010230980115, -0.00174648559187, 0.000742706703022, 0.00075146695599, 0.00204261555336, -0.00135124591179], [0.00020165090973, 0.00227905227803, 0.00244100601412, 0.00754942698404, -0.00199390621856, -0.00249358988367, 0.00369848287664, 0.00029953563353, -0.00541585823521, 0.000565494934563, 0.00178352289367, 0.000759970163926, -0.00253826845437], [0.000928461144213, 0.0026824939996, -0.00428571691737, -0.00199390621856, 0.0149613292888, 0.00139074213803, -0.00505646783859, 0.00524694425985, 0.000386795232771, -0.00502097140998, 0.00363178364933, -0.00363563396968, 0.00246760761365], [0.000872625096235, 0.000993382767774, -0.00105752120726, -0.00249358988367, 0.00139074213803, 0.0117150666192, -0.00611219974235, -0.000358043093001, 0.00437645567581, -0.000449191778898, -0.00586279807612, 0.00260313460603, 0.00238348986022], [0.000159835602972, -0.000238747219555, 0.00241530127823, 0.00369848287664, -0.00505646783859, -0.00611219974235, 0.0179940722883, -0.00742302509025, -0.00129024952184, 0.00382216717117, -0.00166807544883, -0.00257895002142, 0.0021802270785], [0.000519612571225, 0.00126483000349, -0.0010230980115, 0.00029953563353, 0.00524694425985, -0.000358043093001, -0.00742302509025, 0.0197027698159, -0.00814343243837, 0.00382090569474, -0.000702278106473, -0.00121889880393, -0.00225808238611], [0.000406958541134, 0.000136080692755, -0.00174648559187, -0.00541585823521, 0.000386795232771, 0.00437645567581, -0.00129024952184, -0.00814343243837, 0.0344611294568, -0.0142139606178, 0.0034318366088, -0.00228548143059, -0.000682986108586], [-0.000404168851674, -0.00121336244047, 0.000742706703022, 0.000565494934563, -0.00502097140998, -0.000449191778898, 0.00382216717117, 0.00382090569474, -0.0142139606178, 0.025709612295, -0.0120847951621, 0.00429477309808, -0.000471151259262], [0.00110969459638, -0.0046316976659, 0.00075146695599, 0.00178352289367, 0.00363178364933, -0.00586279807612, -0.00166807544883, -0.000702278106473, 0.0034318366088, -0.0120847951621, 0.0349015183747, -0.0119209485129, 0.00480022653937], [-0.000417544855736, 0.00177776708733, 0.00204261555336, 0.000759970163926, -0.00363563396968, 0.00260313460603, -0.00257895002142, -0.00121889880393, -0.00228548143059, 0.00429477309808, -0.0119209485129, 0.0272637028247, -0.0112574128434], [0.00155836972408, -0.001876587281, -0.00135124591179, -0.00253826845437, 0.00246760761365, 0.00238348986022, 0.0021802270785, -0.00225808238611, -0.000682986108586, -0.000471151259262, 0.00480022653937, -0.0112574128434, 0.0302869584411]]
    }
}

}