{
"metadata": {
    "version": {
        "essentia": "2.0.1",
        "extractor": "archive-music 1.0 mod ismir14"
    },
    "audio_properties": {
        "analysis_sample_rate": 44100,
        "bitrate": 32,
        "channels": 2,
        "equal_loudness": 0,
        "length": 30.0408172607,
        "replay_gain": -8.83718299866,
        "downmix": "mix"
    },
    "tags": {
        "track": 7,
        "year": 0,
        "album": "The Cool Jazz Collection",
        "artist": "Astrud Gilberto",
        "comment": "",
        "genre": "Jazz",
        "title": "Girl From Ipanema"
    }
},
"rhythm": {
    "bpm": 130.226318359,
    "bpm_histogram_first_peak": 129,
    "bpm_histogram_first_peak_spread": 0.508474588394,
    "bpm_histogram_first_peak_weight": 0.460317462683,
    "bpm_histogram_second_peak": 123,
    "bpm_histogram_second_peak_spread": 0,
    "bpm_histogram_second_peak_weight": 0.0317460335791
},
"tonal": {
    "tuning_frequency": {
        "dmean": 0.0512789413333,
        "dmean2": 0.10015629977,
        "dvar": 0.778590083122,
        "dvar2": 1.70974552631,
        "max": 456.570251465,
        "mean": 434.69052124,
        "median": 434.193115234,
        "min": 431.443084717,
        "var": 2.18110561371
    },
    "hpcp": {
        "dmean": [0.115920215845, 0.118065260351, 0.148589015007, 0.180015236139, 0.162690892816, 0.12496291101, 0.137921541929, 0.156870901585, 0.225996509194, 0.13519218564, 0.135650917888, 0.114544048905],
        "dmean2": [0.225027605891, 0.225903883576, 0.28748306632, 0.340648531914, 0.31659245491, 0.240069508553, 0.26454180479, 0.304422467947, 0.435513943434, 0.262116104364, 0.259981632233, 0.223770484328],
        "dvar": [0.0817462056875, 0.0778655856848, 0.0992503911257, 0.106968902051, 0.109038054943, 0.0802773088217, 0.0853999853134, 0.104401409626, 0.131280094385, 0.093750230968, 0.0864570885897, 0.08084756881],
        "dvar2": [0.238465845585, 0.224369734526, 0.2767393291, 0.29796898365, 0.307095885277, 0.232220843434, 0.241184771061, 0.296749651432, 0.361906826496, 0.271023541689, 0.244063213468, 0.237373903394],
        "max": [1, 1, 1, 1, 1, 1, 1, 1, 1, 1, 1, 1],
        "mean": [0.0715701952577, 0.104401648045, 0.109245017171, 0.206795036793, 0.116315677762, 0.0930833816528, 0.129162922502, 0.11917193234, 0.19778573513, 0.0943054333329, 0.0979440063238, 0.0804880782962],
        "median": [0.000361500075087, 0.00160982855596, 0.000663602957502, 0.00340272812173, 0.00110305834096, 0.00105773692485, 0.00154576811474, 0.00110435974784, 0.00416011875495, 0.000305234570988, 0.00180491455831, 0.000588097900618],
        "min": [0, 0, 0, 0, 0, 0, 0, 0, 0, 0, 0, 0],
        "var": [0.0531830266118, 0.0744874626398, 0.0811335071921, 0.135291904211, 0.0846359729767, 0.0667701885104, 0.0901371762156, 0.086759313941, 0.130005463958, 0.0720780417323, 0.0646147206426, 0.0604034401476]
    }
},
"lowlevel": {
    "melbands": {
        "dmean": [0.00081580755068, 0.00338831427507, 0.00356847909279, 0.00185111467727, 0.00100081088021, 0.000377250544261, 0.000127735096612, 0.000120251599583, 5.07208278577e-05, 2.6784833608e-05, 2.71776789305e-05, 2.79746618617e-05, 8.73066073837e-06, 6.57002965454e-06, 7.72350449552e-06, 4.61951003672e-06, 3.71325154447e-06, 1.66595236806e-06, 1.55674615598e-06, 1.53206451614e-06, 9.82655024018e-07, 1.24335349483e-06, 1.48914330111e-06, 1.48802598687e-06, 5.94434084178e-07, 3.52998142716e-07, 5.53667689474e-07, 8.34200420741e-07, 7.09392963927e-07, 8.65989932208e-07, 1.37688300583e-06, 2.48639798883e-06, 2.85913552034e-06, 1.71163469531e-06, 7.70254871441e-07, 4.13299545698e-07, 3.64535765129e-07, 2.78571633316e-07, 3.57784983862e-07, 5.65046889278e-07],
        "dmean2": [0.001382153132, 0.00579468207434, 0.00613985816017, 0.00309068174101, 0.00167315779254, 0.000636458105873, 0.00018928553618, 0.000170905797859, 6.95726484992e-05, 3.46218876075e-05, 3.54209805664e-05, 3.70750894945e-05, 1.23684276332e-05, 1.00990082501e-05, 1.0569024198e-05, 6.90623755872e-06, 5.24103779753e-06, 2.45061869464e-06, 2.15328509512e-06, 2.19730895878e-06, 1.52511017859e-06, 1.84342059129e-06, 2.17832621274e-06, 2.31193780564e-06, 9.25380334138e-07, 5.28379587195e-07, 8.39115614326e-07, 1.38691041229e-06, 1.0926972891e-06, 1.26166628434e-06, 2.18688660425e-06, 3.88039507015e-06, 4.53334587291e-06, 2.65869948635e-06, 1.24435644011e-06, 6.19315358108e-07, 5.39325526461e-07, 4.11631077668e-07, 5.27443660303e-07, 8.74396164363e-07],
        "dvar": [2.58145587395e-06, 2.88201117655e-05, 3.55583542841e-05, 9.18954174267e-06, 2.69335987468e-06, 4.33618112083e-07, 1.42349975363e-07, 1.45499456039e-07, 1.84828792271e-08, 1.03883772695e-08, 6.7552066163e-09, 1.86519741874e-08, 1.06547881629e-09, 4.53810877765e-10, 6.03632588358e-10, 4.788261454e-10, 5.41865496917e-10, 4.26401552955e-11, 6.39178987516e-11, 6.94495363995e-11, 1.45485325176e-11, 1.47518646604e-11, 2.30158114789e-11, 4.06853578605e-11, 6.09724033415e-12, 9.58332805473e-13, 4.07310123129e-12, 1.53760962296e-11, 7.87914785499e-12, 2.67339865523e-11, 5.86601253683e-11, 2.19329512885e-10, 7.12648773327e-10, 1.78363629422e-10, 1.45230216742e-11, 1.9413646038e-12, 1.53416027712e-12, 1.26445826466e-12, 3.96783344028e-12, 8.47688672728e-12],
        "dvar2": [6.96366896591e-06, 8.70241201483e-05, 0.000114880604087, 2.53216694546e-05, 7.29736484573e-06, 1.21033190226e-06, 2.15108386215e-07, 2.25756608074e-07, 2.87447949887e-08, 1.40308955565e-08, 1.15343521401e-08, 2.20535696371e-08, 2.53656184945e-09, 1.07787490045e-09, 9.27091181602e-10, 9.73210956268e-10, 9.16528686279e-10, 8.49021478122e-11, 9.23152734811e-11, 1.41798989217e-10, 2.92346320763e-11, 2.98754215811e-11, 4.89301099638e-11, 1.01896824312e-10, 1.47591452948e-11, 2.06151632223e-12, 8.27200807851e-12, 4.15427241218e-11, 1.87671909263e-11, 6.10310205151e-11, 1.31842078921e-10, 5.28669608091e-10, 1.88503190834e-09, 3.81447207154e-10, 4.07543096492e-11, 4.27770275799e-12, 3.63450979382e-12, 2.97032580823e-12, 1.01401317898e-11, 2.33164893643e-11],
        "max": [0.0347371101379, 0.071551926434, 0.0719458460808, 0.0821004882455, 0.0244465786964, 0.0123267266899, 0.00947344861925, 0.00907708704472, 0.00376542913727, 0.00406607426703, 0.00215832330287, 0.0099823186174, 0.000933801580686, 0.000629129470326, 0.00143499602564, 0.000834802864119, 0.00105978490319, 0.0002697838936, 0.000345059263054, 0.000331781688146, 0.000129506341182, 7.49287064536e-05, 9.2238165962e-05, 0.000139736250276, 9.08919028006e-05, 2.97299848171e-05, 5.44795002497e-05, 0.000147540456965, 7.96205640654e-05, 0.000162294571055, 0.000205101328902, 0.000380914832931, 0.00103700230829, 0.000644338026177, 0.000100896613731, 3.42617568094e-05, 2.53226753557e-05, 4.49236868008e-05, 7.91508646216e-05, 8.09797056718e-05],
        "mean": [0.00151999469381, 0.00620601978153, 0.007505975198, 0.00366298458539, 0.00227798800915, 0.000820728833787, 0.000305572233628, 0.000302405707771, 0.000142676391988, 8.76017365954e-05, 8.53983219713e-05, 8.63184250193e-05, 2.25359344768e-05, 1.27872572193e-05, 1.97502540686e-05, 1.17252038763e-05, 8.21326102596e-06, 3.4426577713e-06, 3.2994328194e-06, 3.17501644531e-06, 1.74483682258e-06, 2.59372313849e-06, 3.09420511257e-06, 2.46773765866e-06, 1.06165703073e-06, 7.14351472197e-07, 1.0107687558e-06, 1.30626142436e-06, 1.12188320145e-06, 1.3871815554e-06, 2.36443770518e-06, 3.98281008529e-06, 4.21151526098e-06, 2.97571409646e-06, 1.3858324337e-06, 9.18428554542e-07, 7.61071476063e-07, 5.81275912737e-07, 7.39618712942e-07, 1.05300398445e-06],
        "median": [0.000352840317646, 0.00290163513273, 0.00323035335168, 0.00196764990687, 0.00079378625378, 0.000301519175991, 9.0536334028e-05, 5.02861112182e-05, 1.89009751921e-05, 6.96574761605e-06, 7.67059555074e-06, 7.86766941019e-06, 3.31928436026e-06, 3.47631430486e-06, 2.72510214927e-06, 1.07814889816e-06, 6.75077160395e-07, 4.43982344223e-07, 2.46425088335e-07, 2.02051836595e-07, 1.99158151304e-07, 3.42917303442e-07, 3.49731806182e-07, 2.27549904253e-07, 1.35704539161e-07, 1.16235320036e-07, 1.65508424743e-07, 1.66583845385e-07, 9.46524494339e-08, 1.17278048606e-07, 1.25844607624e-07, 8.52951629327e-08, 1.08946792921e-07, 8.44386178755e-08, 7.86538123521e-08, 7.57744089697e-08, 6.94656279165e-08, 5.4646939418e-08, 6.05227938877e-08, 5.77283998382e-08],
        "min": [3.03138726144e-13, 1.34503909746e-12, 3.92205842456e-12, 9.36950603908e-12, 1.27292395374e-11, 1.04835150977e-11, 6.89955557964e-12, 5.27395791969e-12, 3.59509102175e-12, 2.04744337803e-12, 7.85328562163e-13, 2.34148502453e-13, 2.46666158636e-13, 2.01319673822e-13, 6.67201808125e-13, 8.36267415993e-13, 3.11157349886e-13, 4.16497565603e-13, 4.78914379941e-13, 4.65171521094e-13, 7.49575857113e-13, 5.35936583741e-13, 9.08485851651e-13, 8.41574748257e-13, 9.47577519922e-13, 2.66734919742e-12, 7.36566623666e-13, 2.53905555435e-12, 1.39083829089e-12, 4.72355715739e-13, 1.31691836255e-12, 2.13174443375e-12, 1.26492067688e-12, 7.55306841377e-12, 4.85046638271e-12, 2.04566160018e-12, 8.19341664827e-13, 9.06324819881e-13, 1.15507831164e-12, 4.93429515996e-13],
        "var": [1.26921922856e-05, 5.7555094827e-05, 9.06354689505e-05, 3.06139991153e-05, 1.20405184134e-05, 1.7837935502e-06, 7.73855163061e-07, 7.42558654565e-07, 1.4349649291e-07, 1.01443781375e-07, 5.41835767365e-08, 2.58652590901e-07, 5.49874279443e-09, 1.11734255182e-09, 6.72060940232e-09, 2.11395434491e-09, 1.87904070081e-09, 1.15610965246e-10, 2.64386568194e-10, 2.57807553083e-10, 3.57204786583e-11, 4.15351468497e-11, 7.51821521705e-11, 7.56423326753e-11, 1.26755004062e-11, 3.58756557448e-12, 1.29531255513e-11, 3.69689071023e-11, 1.63182765911e-11, 5.01798672059e-11, 1.46344186769e-10, 4.82198947438e-10, 8.42448610872e-10, 4.81682860265e-10, 3.94163521267e-11, 8.97141996109e-12, 5.85796168517e-12, 4.56575879534e-12, 1.16582195286e-11, 2.52077872465e-11]
    },
    "mfcc": {
        "dmean": [17.3992385864, 13.1497821808, 9.54005241394, 8.16306400299, 7.60482263565, 7.63629245758, 7.27797937393, 6.79014253616, 6.84867525101, 6.6966047287, 6.61414241791, 6.48722982407, 6.05342721939],
        "dmean2": [21.6128120422, 17.3914642334, 14.5608921051, 12.517947197, 12.1941623688, 12.1534729004, 11.5750207901, 11.1127176285, 11.2769804001, 10.9212856293, 10.9439716339, 10.6894512177, 10.1945028305],
        "dvar": [515.969299316, 207.89289856, 84.5583496094, 48.7985687256, 36.2815895081, 41.0812187195, 33.7383117676, 29.7526721954, 28.9930801392, 29.0875644684, 27.5769844055, 24.9251708984, 24.1199760437],
        "dvar2": [826.145080566, 304.601135254, 185.837402344, 113.661422729, 96.1632156372, 95.7251739502, 83.972328186, 75.0297851562, 77.7274246216, 76.2862854004, 75.57762146, 68.8916397095, 63.5903358459],
        "max": [-541.402160645, 258.752685547, 146.723571777, 120.698181152, 57.9391555786, 70.5721282959, 43.8502349854, 47.5210266113, 35.1540374756, 34.8418273926, 29.8695144653, 40.451171875, 24.4273643494],
        "mean": [-737.275817871, 160.534957886, 63.8347206116, 30.8597621918, 7.98886537552, 7.01463842392, 1.87687897682, 1.56329381466, -6.75748443604, -11.8480548859, -5.93001890182, -1.86946618557, -6.67699670792],
        "median": [-727.803771973, 170.353820801, 64.0044937134, 29.3572731018, 8.76239585876, 8.72365951538, 2.93022537231, 1.26136207581, -6.94303894043, -10.6171016693, -5.37109947205, -2.12132263184, -6.49431037903],
        "min": [-1138.42004395, -51.8476867676, -23.4528007507, -44.2512588501, -45.3961639404, -59.8764648438, -50.3641433716, -44.7727966309, -46.3219261169, -60.5752601624, -49.2085418701, -40.413482666, -39.9641914368],
        "var": [6110.38623047, 2625.83349609, 765.500244141, 584.886169434, 240.585235596, 334.638214111, 229.297241211, 168.846557617, 133.039337158, 220.801223755, 165.974304199, 149.921951294, 101.416229248],
        "cov": [[6112.74707031, -630.876708984, -509.613555908, -153.771774292, -144.026351929, -270.365264893, -262.212371826, 24.9566707611, -59.0538139343, 94.3113098145, 42.4890289307, -65.8887557983, -171.24861145], [-630.876708984, 2626.84814453, -414.350891113, -298.132385254, 98.2166824341, -252.278762817, 52.7490158081, 123.820037842, -131.930145264, -167.077713013, -37.1127662659, 35.0046539307, -114.24520874], [-509.613555908, -414.350891113, 765.796020508, 171.324966431, -62.4088630676, 201.8230896, 32.9014587402, -58.3509750366, 26.4328174591, -84.5330200195, 18.7218055725, -32.6281394958, 67.7331161499], [-153.771774292, -298.132385254, 171.324966431, 585.112182617, 161.563461304, -100.430458069, -48.2601623535, 28.4624767303, 3.19221591949, -106.064361572, 5.57318687439, -50.9149551392, 61.3265609741], [-144.026351929, 98.2166824341, -62.4088630676, 161.563461304, 240.678207397, -23.0049152374, -19.0689353943, 16.5787582397, 8.26539516449, -19.9025497437, -17.5456771851, 17.6680603027, -0.201191052794], [-270.365264893, -252.278762817, 201.8230896, -100.430458069, -23.0049152374, 334.767547607, 77.4253463745, -21.7600498199, 50.897102356, 55.0425643921, 45.785243988, 11.0779571533, 33.2681541443], [-262.212371826, 52.7490158081, 32.9014587402, -48.2601623535, -19.0689353943, 77.4253463745, 229.385848999, 52.8470115662, 10.7041091919, 29.5447769165, 18.5403461456, 22.0745449066, 15.8999910355], [24.9566707611, 123.820037842, -58.3509750366, 28.4624767303, 16.5787582397, -21.7600498199, 52.8470115662, 168.911804199, 35.2533912659, -9.62111949921, 30.9638328552, -9.55997371674, -0.788561940193], [-59.0538139343, -131.930145264, 26.4328174591, 3.19221591949, 8.26539516449, 50.897102356, 10.7041091919, 35.2533912659, 133.090744019, 70.0781097412, 17.7289600372, -19.4990768433, 15.5128850937], [94.3113098145, -167.077713013, -84.5330200195, -106.064361572, -19.9025497437, 55.0425643921, 29.5447769165, -9.62111949921, 70.0781097412, 220.886550903, 30.8903770447, 15.0295095444, -6.62456226349], [42.4890289307, -37.1127662659, 18.7218055725, 5.57318687439, -17.5456771851, 45.785243988, 18.5403461456, 30.9638328552, 17.7289600372, 30.8903770447, 166.03843689, -4.96894311905, 19.5250606537], [-65.8887557983, 35.0046539307, -32.6281394958, -50.9149551392, 17.6680603027, 11.0779571533, 22.0745449066, -9.55997371674, -19.4990768433, 15.0295095444, -4.96894311905, 149.979888916, 8.33010482788], [-171.24861145, -114.24520874, 67.7331161499, 61.3265609741, -0.201191052794, 33.2681541443, 15.8999910355, -0.788561940193, 15.5128850937, -6.62456226349, 19.5250606537, 8.33010482788, 101.455421448]],
        "icov": [[0.000212577811908, 0.000103530044726, 0.000111844092316, 6.88644577167e-05, 8.58716812218e-05, 0.000120614677144, 0.000195334301679, -0.000140187257784, 0.000142692064401, -1.68475471582e-05, -0.00010936124454, 6.12276053289e-05, 0.000281119195279], [0.000103530044726, 0.000647186941933, 9.64638165897e-05, 0.000654192001093, -0.000538591120858, 0.000535310129635, -0.000143580429722, -0.000391082721762, 0.000319148937706, 0.000543728761841, -0.000197260204004, 0.000121352801216, 0.000301248714095], [0.000111844092316, 9.64638165897e-05, 0.00240447488613, -0.00108435412403, 0.00127978087403, -0.00153508980293, -0.000169624603586, 0.000855030375533, -0.000641112914309, 0.0011837267084, 1.83555894182e-05, 1.91624876607e-05, 5.6954278989e-05], [6.88644577167e-05, 0.000654192001093, -0.00108435412403, 0.00409136107191, -0.00304531585425, 0.00215005944483, 5.53176578251e-05, -0.000811286561657, 0.000264611764578, 0.00104426522739, -0.000659855024423, 0.00116540002637, -0.00156327721197], [8.58716812218e-05, -0.000538591120858, 0.00127978087403, -0.00304531585425, 0.00686368858442, -0.00166680908296, 0.00053393660346, 0.000242949376116, -0.000968990440015, -0.000120388467622, 0.000847235845868, -0.00148760806769, 0.00110262841918], [0.000120614677144, 0.000535310129635, -0.00153508980293, 0.00215005944483, -0.00166680908296, 0.0056583834812, -0.00125398568343, 0.00038736400893, -0.000841983885039, -0.0001728857751, -0.00125778454822, 0.000221514317673, -0.000786293356214], [0.000195334301679, -0.000143580429722, -0.000169624603586, 5.53176578251e-05, 0.00053393660346, -0.00125398568343, 0.00583959417418, -0.00241675064899, 0.00112641230226, -0.00112704245839, 0.000269476469839, -0.000585221336223, -0.00052350666374], [-0.000140187257784, -0.000391082721762, 0.000855030375533, -0.000811286561657, 0.000242949376116, 0.00038736400893, -0.00241675064899, 0.00856662355363, -0.00356678245589, 0.00167723803315, -0.00151755672414, 7.48463644413e-05, 0.000502150855027], [0.000142692064401, 0.000319148937706, -0.000641112914309, 0.000264611764578, -0.000968990440015, -0.000841983885039, 0.00112641230226, -0.00356678245589, 0.0117471385747, -0.00407567061484, 0.000483684503706, 0.00174904253799, -0.00136077112984], [-1.68475471582e-05, 0.000543728761841, 0.0011837267084, 0.00104426522739, -0.000120388467622, -0.0001728857751, -0.00112704245839, 0.00167723803315, -0.00407567061484, 0.00769905000925, -0.00130857701879, -0.000613761134446, 0.000836579420138], [-0.00010936124454, -0.000197260204004, 1.83555894182e-05, -0.000659855024423, 0.000847235845868, -0.00125778454822, 0.000269476469839, -0.00151755672414, 0.000483684503706, -0.00130857701879, 0.00705117313191, 0.000128237268655, -0.00118694768753], [6.12276053289e-05, 0.000121352801216, 1.91624876607e-05, 0.00116540002637, -0.00148760806769, 0.000221514317673, -0.000585221336223, 7.48463644413e-05, 0.00174904253799, -0.000613761134446, 0.000128237268655, 0.00768795842305, -0.00142394914292], [0.000281119195279, 0.000301248714095, 5.6954278989e-05, -0.00156327721197, 0.00110262841918, -0.000786293356214, -0.00052350666374, 0.000502150855027, -0.00136077112984, 0.000836579420138, -0.00118694768753, -0.00142394914292, 0.0125312041491]]
    }
}

}