{
"metadata": {
    "version": {
        "essentia": "2.0.1",
        "extractor": "archive-music 1.0 mod ismir14"
    },
    "audio_properties": {
        "analysis_sample_rate": 44100,
        "bitrate": 32,
        "channels": 2,
        "equal_loudness": 0,
        "length": 30.0408172607,
        "replay_gain": -12.2262630463,
        "downmix": "mix"
    },
    "tags": {
        "track": 6,
        "year": 0,
        "album": "Swing Classics (Jazz & Tzaz 70)",
        "artist": "Benny Carter",
        "comment": "",
        "genre": "Jazz",
        "title": "Babalu"
    }
},
"rhythm": {
    "bpm": 92.4430923462,
    "bpm_histogram_first_peak": 92,
    "bpm_histogram_first_peak_spread": 0.636363625526,
    "bpm_histogram_first_peak_weight": 0.355555564165,
    "bpm_histogram_second_peak": 99,
    "bpm_histogram_second_peak_spread": 0,
    "bpm_histogram_second_peak_weight": 0.0222222227603
},
"tonal": {
    "tuning_frequency": {
        "dmean": 0.0648531168699,
        "dmean2": 0.125531956553,
        "dvar": 0.769504487514,
        "dvar2": 1.76396405697,
        "max": 455.253540039,
        "mean": 436.915618896,
        "median": 436.960693359,
        "min": 433.191070557,
        "var": 7.20706129074
    },
    "hpcp": {
        "dmean": [0.148356720805, 0.145128831267, 0.151443734765, 0.194607794285, 0.142558336258, 0.119795978069, 0.152916431427, 0.126305192709, 0.192851245403, 0.145877271891, 0.185706049204, 0.194920644164],
        "dmean2": [0.276725441217, 0.263309001923, 0.286269456148, 0.349578142166, 0.262763887644, 0.221032738686, 0.268400400877, 0.236058086157, 0.345717042685, 0.274504095316, 0.337531924248, 0.346384614706],
        "dvar": [0.0665748119354, 0.0615991763771, 0.0800689607859, 0.0796573385596, 0.0636373460293, 0.0548912473023, 0.0593460276723, 0.060100838542, 0.0744633004069, 0.0712189972401, 0.0712819844484, 0.0762607902288],
        "dvar2": [0.189470201731, 0.170311152935, 0.230359464884, 0.212350174785, 0.173019573092, 0.154248267412, 0.159427374601, 0.167591139674, 0.198570862412, 0.203885868192, 0.193907484412, 0.20590364933],
        "max": [1, 1, 1, 1, 1, 1, 1, 1, 1, 1, 1, 1],
        "mean": [0.113263390958, 0.149913981557, 0.110433340073, 0.396215051413, 0.165778726339, 0.102344982326, 0.240965664387, 0.0969953238964, 0.287628948689, 0.105020724237, 0.191318556666, 0.235775083303],
        "median": [0.0110639333725, 0.021475577727, 0.00367148895748, 0.195130690932, 0.0125615494326, 0.0127811385319, 0.061091247946, 0.00734638050199, 0.101585283875, 0.00813212804496, 0.0633487179875, 0.0683235749602],
        "min": [0, 0, 0, 0, 0, 0, 0, 0, 0, 0, 0, 0],
        "var": [0.0570002347231, 0.0681851580739, 0.0669917315245, 0.172755777836, 0.0939505770802, 0.0492645576596, 0.11703210324, 0.0496562942863, 0.129242062569, 0.053253326565, 0.0772842988372, 0.106748186052]
    }
},
"lowlevel": {
    "melbands": {
        "dmean": [2.76836053672e-05, 0.000122711338918, 0.000138760122354, 0.000259106862359, 0.000311622512527, 0.000344682397554, 0.00026519986568, 0.000341634557117, 0.000247285788646, 0.000158736380399, 0.000116998715384, 9.65983635979e-05, 9.34926865739e-05, 7.92921418906e-05, 0.000148053266457, 0.0001320183801, 7.1975235187e-05, 3.71838468709e-05, 3.98593656428e-05, 4.34232242696e-05, 1.49886491272e-05, 2.21274422074e-05, 1.02108742794e-05, 6.91145078235e-06, 8.81638788996e-06, 3.07815093947e-06, 1.83183897207e-06, 2.26761540034e-06, 1.77167999027e-06, 1.68073768236e-06, 8.09247694633e-07, 3.9236741145e-07, 2.63999055505e-07, 1.0458384736e-07, 4.55434978619e-08, 4.08890343806e-08, 1.18884226907e-08, 2.08971284721e-09, 8.90155449351e-10, 5.1640991483e-10],
        "dmean2": [4.27877239417e-05, 0.000199742993573, 0.000242557478487, 0.000469312275527, 0.00056765350746, 0.000591239426285, 0.000414585025283, 0.000481327384477, 0.00034359365236, 0.000219374604058, 0.000179894370376, 0.000147071084939, 0.000143493904034, 0.000123491059639, 0.000224897798034, 0.000208757614018, 0.000108301683213, 5.24373463122e-05, 5.81088825129e-05, 6.4707142883e-05, 2.31679605349e-05, 3.53325522156e-05, 1.6631469407e-05, 1.06646057247e-05, 1.28473639052e-05, 4.63748074253e-06, 2.8752565413e-06, 3.47916488863e-06, 2.66903907686e-06, 2.43590943683e-06, 1.16465275823e-06, 5.77016749048e-07, 3.85980229112e-07, 1.50989720282e-07, 6.43824762392e-08, 5.83985979574e-08, 1.74629768424e-08, 3.12597792096e-09, 1.34780175909e-09, 8.0897638588e-10],
        "dvar": [1.26420107716e-09, 2.37982096252e-08, 4.90495395411e-08, 1.5552735988e-07, 2.12721744219e-07, 2.79871443354e-07, 1.39565884183e-07, 5.19159016221e-07, 2.14813894672e-07, 8.85705446763e-08, 6.82531577922e-08, 5.36850066624e-08, 5.073456677e-08, 2.97284206141e-08, 8.74628014458e-08, 1.20990705454e-07, 3.60163454616e-08, 7.70532526673e-09, 1.18153158368e-08, 1.1449924564e-08, 7.30177307506e-10, 3.95412635967e-09, 5.46249989686e-10, 2.0709249593e-10, 4.68758365457e-10, 6.0535673696e-11, 1.93651570474e-11, 5.40361436152e-11, 1.97560180021e-11, 1.55954988507e-11, 4.44571202768e-12, 1.23635606961e-12, 6.7786406913e-13, 1.19784837973e-13, 1.58818101628e-14, 1.39041813545e-14, 8.2627179914e-16, 3.67097925116e-17, 6.18001318094e-18, 1.49673389437e-18],
        "dvar2": [2.63307131654e-09, 5.9660436591e-08, 1.41160938938e-07, 4.61208259139e-07, 6.67228050588e-07, 8.11822872038e-07, 3.39639683489e-07, 1.11962890514e-06, 4.57820505062e-07, 1.81035517244e-07, 1.67839786513e-07, 1.36130111628e-07, 1.25934079165e-07, 7.99961270559e-08, 2.03512271924e-07, 3.13735057489e-07, 9.0693617949e-08, 1.54939776564e-08, 2.73546145735e-08, 2.47555327348e-08, 1.74115555307e-09, 1.06478861284e-08, 1.55587864814e-09, 5.01320041035e-10, 9.90899806652e-10, 1.31272659409e-10, 4.63238648829e-11, 1.31067851017e-10, 4.65906861702e-11, 3.3157886159e-11, 9.8627694553e-12, 2.63811585424e-12, 1.54394964695e-12, 2.51276592849e-13, 3.08216925832e-14, 3.05164151327e-14, 1.8571788174e-15, 7.23361703267e-17, 1.24910914756e-17, 3.31160186592e-18],
        "max": [0.000485787546495, 0.00225144508295, 0.00450376793742, 0.00928087346256, 0.00627884734422, 0.00770887453109, 0.00613925978541, 0.0179600194097, 0.00847521983087, 0.00525014614686, 0.00480346940458, 0.00451957853511, 0.00528870383278, 0.00371847208589, 0.0057036424987, 0.00566113740206, 0.00410530623049, 0.00220873276703, 0.00194081291556, 0.00253093242645, 0.000512675149366, 0.00146918289829, 0.000412580149714, 0.000287316128379, 0.000379571720259, 0.000198910114705, 8.33033554954e-05, 0.000144698322401, 7.21045362297e-05, 6.75818228046e-05, 4.57371097582e-05, 3.07191185129e-05, 2.10337911994e-05, 7.04700460119e-06, 2.65461517301e-06, 2.68281064564e-06, 4.35941331034e-07, 1.4270773363e-07, 5.67477727031e-08, 2.12879118777e-08],
        "mean": [3.90232780774e-05, 0.000175923021743, 0.000176129440661, 0.000326840759953, 0.000415560178226, 0.000566091970541, 0.000613080861513, 0.0012381253764, 0.000770245038439, 0.00043166190153, 0.000297669001156, 0.00024320067314, 0.000191194325453, 0.000146716585732, 0.00029613514198, 0.000240747714997, 0.000177791211172, 9.21413229662e-05, 7.36544679967e-05, 9.79675751296e-05, 3.11536241497e-05, 4.02531622967e-05, 2.16362768697e-05, 1.67556718225e-05, 2.38357952185e-05, 7.84444728197e-06, 4.01489614887e-06, 4.42649070465e-06, 4.58740487375e-06, 4.92689514431e-06, 2.2845863441e-06, 1.08474932858e-06, 6.95095252468e-07, 2.83683078806e-07, 1.28051667048e-07, 1.19656320408e-07, 3.38746808382e-08, 5.17302689573e-09, 1.89361992753e-09, 1.099606739e-09],
        "median": [2.0166977265e-05, 0.000104718012153, 9.73278292804e-05, 0.000171331441379, 0.000236904801568, 0.000291217118502, 0.000229300785577, 0.000259386550169, 0.000200033769943, 0.000103530743218, 6.63980172249e-05, 4.36341106251e-05, 4.75896740681e-05, 5.38471576874e-05, 6.25030806987e-05, 5.006470019e-05, 2.3860935471e-05, 2.07585726457e-05, 1.12024690679e-05, 1.91609906324e-05, 9.82152778306e-06, 9.68849508354e-06, 7.29122211851e-06, 5.61732667848e-06, 4.04062575399e-06, 2.02986802833e-06, 1.09005861759e-06, 5.77250602873e-07, 1.06107006559e-06, 8.12609130207e-07, 3.16328225836e-07, 1.61485871786e-07, 5.82314818587e-08, 2.01304732883e-08, 1.13718003902e-08, 1.01852073442e-08, 4.59834659239e-09, 7.03010705205e-10, 3.59045987386e-10, 3.04601399659e-10],
        "min": [5.67627813242e-14, 3.08558178465e-14, 1.53706230686e-13, 2.86387883894e-13, 2.09017861613e-13, 1.08692907647e-13, 8.757641693e-14, 1.72834548729e-14, 1.73573313925e-14, 3.72954061568e-14, 3.72762937054e-14, 1.35305774831e-13, 4.77408314704e-13, 1.59136018165e-12, 2.68269326024e-12, 9.0992241953e-13, 3.07234272745e-13, 6.8120774863e-13, 3.21572141745e-13, 5.90456286295e-13, 5.78761160091e-13, 2.06997852019e-12, 4.02982362107e-13, 2.96199669609e-13, 9.97463152656e-14, 1.04955168092e-13, 3.72627032312e-13, 2.10110290169e-13, 1.44611847996e-13, 7.74331824788e-13, 8.63712909787e-13, 5.88226028216e-13, 4.00537384564e-14, 4.65639422094e-14, 5.12022404185e-14, 4.09434652523e-14, 6.91974689354e-14, 1.41609890386e-14, 7.24087809026e-14, 3.53143926048e-14],
        "var": [2.5906587986e-09, 4.55466526716e-08, 6.03292562573e-08, 2.0823728164e-07, 2.87922318876e-07, 5.67056702039e-07, 7.43013345073e-07, 4.94427467856e-06, 1.6364944031e-06, 4.87247859837e-07, 2.64793015958e-07, 1.87145786867e-07, 1.41137604714e-07, 7.47818802438e-08, 3.18859463277e-07, 3.19357013723e-07, 1.52274040488e-07, 4.36091234235e-08, 3.07083460882e-08, 5.39403366417e-08, 2.71174305233e-09, 8.14223266588e-09, 1.39683864475e-09, 8.16757772526e-10, 2.23402318866e-09, 3.35346722613e-10, 6.56125917486e-11, 1.52630741379e-10, 8.04897815065e-11, 8.64069718554e-11, 2.37386256485e-11, 7.14804604396e-12, 4.08659434417e-12, 7.11154984727e-13, 1.08770949875e-13, 8.75701082286e-14, 4.60575266212e-15, 1.66098991966e-16, 2.16466581947e-17, 4.98077127836e-18]
    },
    "mfcc": {
        "dmean": [16.2227134705, 9.91723537445, 9.575922966, 8.04851818085, 7.6428232193, 6.87660503387, 6.73450231552, 6.79508495331, 6.66703891754, 6.63030481339, 6.34715652466, 6.21371984482, 6.14100217819],
        "dmean2": [17.914188385, 14.7821016312, 13.845826149, 12.6256971359, 11.4559373856, 10.939950943, 10.7407684326, 11.1686763763, 11.0976753235, 11.0897769928, 10.6494636536, 10.3307819366, 10.1787624359],
        "dvar": [515.194091797, 95.1365203857, 90.8080291748, 42.2085266113, 40.9017791748, 31.7036647797, 28.8707675934, 28.7615737915, 28.2700233459, 26.9672279358, 24.2726306915, 22.3981533051, 22.5990219116],
        "dvar2": [512.436706543, 164.910385132, 139.572494507, 103.240661621, 85.4634017944, 79.1022949219, 72.9258804321, 77.0213775635, 77.4196853638, 72.1040267944, 66.7772903442, 61.7239074707, 63.3135871887],
        "max": [-524.966552734, 255.590087891, 79.810546875, 84.9115219116, 45.3024024963, 53.6071624756, 31.2222976685, 31.0607223511, 29.6297111511, 26.9903736115, 28.9337806702, 38.585144043, 31.7167015076],
        "mean": [-713.092590332, 184.61151123, -50.0884056091, 22.0049858093, -21.859495163, 1.45030748844, -14.6834383011, -7.01753139496, -6.4154882431, -4.00425386429, -0.481187909842, 4.41309213638, -6.78146123886],
        "median": [-675.846618652, 191.550598145, -65.4164047241, 20.6617660522, -24.0192756653, 0.804023742676, -15.3199615479, -6.7850227356, -6.65837860107, -3.76340484619, -0.304622650146, 2.78493881226, -6.78670120239],
        "min": [-1138.42004395, 1.14440917969e-05, -123.714355469, -36.4058303833, -75.6309661865, -32.4296531677, -63.9595222473, -36.7307739258, -36.9917526245, -38.4482727051, -37.3228721619, -26.1327896118, -33.7357025146],
        "var": [12867.9863281, 1124.25158691, 1718.76916504, 344.894012451, 518.033935547, 166.165985107, 200.477142334, 93.621055603, 99.4677886963, 96.9876327515, 82.0724716187, 127.914154053, 69.4010925293],
        "cov": [[12872.9580078, -533.870849609, -4293.78808594, 240.993255615, -2028.03918457, 85.7858963013, -1096.77502441, 67.7715606689, -415.632476807, 0.411887675524, -132.974334717, 451.85925293, -278.508972168], [-533.870849609, 1124.68603516, 169.551635742, -273.614898682, 63.9697036743, -229.460586548, 90.5567626953, -74.4010696411, 56.3347854614, -122.652908325, 7.83552837372, 2.04474663734, 18.7376880646], [-4293.78808594, 169.551635742, 1719.43334961, -23.7965087891, 706.912231445, 36.7346305847, 361.098358154, 19.5824279785, 138.32359314, 32.5428390503, 34.4424209595, -163.3568573, 89.0264053345], [240.993255615, -273.614898682, -23.7965087891, 345.027282715, 67.0212783813, 100.339042664, -20.4697341919, 3.36772441864, -25.7921562195, 13.5305089951, -16.2973518372, -47.0892982483, -14.8588848114], [-2028.03918457, 63.9697036743, 706.912231445, 67.0212783813, 518.234130859, 53.581615448, 195.188461304, 2.77751326561, 34.3949661255, 10.4969758987, 14.1243190765, -113.148330688, 35.937335968], [85.7858963013, -229.460586548, 36.7346305847, 100.339042664, 53.581615448, 166.230178833, 31.9728279114, 41.19556427, -8.7768535614, 33.1944656372, 4.46190071106, -19.8761348724, 0.621609210968], [-1096.77502441, 90.5567626953, 361.098358154, -20.4697341919, 195.188461304, 31.9728279114, 200.554595947, 27.7132911682, 46.4924125671, -3.29376935959, 7.75744962692, -40.0845985413, 26.0598735809], [67.7715606689, -74.4010696411, 19.5824279785, 3.36772441864, 2.77751326561, 41.19556427, 27.7132911682, 93.6572341919, 22.9079818726, 29.6001853943, 8.319024086, 12.1525087357, 6.84930372238], [-415.632476807, 56.3347854614, 138.32359314, -25.7921562195, 34.3949661255, -8.7768535614, 46.4924125671, 22.9079818726, 99.5062255859, 26.8512630463, 24.4770298004, 8.01672458649, 15.1897983551], [0.411887675524, -122.652908325, 32.5428390503, 13.5305089951, 10.4969758987, 33.1944656372, -3.29376935959, 29.6001853943, 26.8512630463, 97.0251083374, 36.7208824158, 15.040348053, 4.07119321823], [-132.974334717, 7.83552837372, 34.4424209595, -16.2973518372, 14.1243190765, 4.46190071106, 7.75744962692, 8.319024086, 24.4770298004, 36.7208824158, 82.1041793823, 36.6744232178, 12.68770504], [451.85925293, 2.04474663734, -163.3568573, -47.0892982483, -113.148330688, -19.8761348724, -40.0845985413, 12.1525087357, 8.01672458649, 15.040348053, 36.6744232178, 127.9635849, 7.19890117645], [-278.508972168, 18.7376880646, 89.0264053345, -14.8588848114, 35.937335968, 0.621609210968, 26.0598735809, 6.84930372238, 15.1897983551, 4.07119321823, 12.68770504, 7.19890117645, 69.4279098511]],
        "icov": [[0.0014345877571, -0.00112567620818, 0.0022435199935, -0.00104786024895, 0.00187493744306, -0.00239351415075, 0.00227316538803, -0.00203747372143, 0.00180534541141, -0.0017120805569, 0.00152061413974, -0.000773948675487, 0.00086400215514], [-0.00112567620818, 0.00263996515423, -0.0016022385098, 0.00162909913342, -0.00185914011672, 0.00354201765731, -0.00244721909985, 0.00207182089798, -0.00228328909725, 0.00319508556277, -0.00193848006893, 0.000786333170254, -0.000595237826928], [0.0022435199935, -0.0016022385098, 0.00519530102611, -0.0012351811165, 0.00112515024375, -0.00340077118017, 0.00263100676239, -0.00292731705122, 0.00162429467309, -0.00285893911496, 0.00237087183632, -0.000634680094663, 0.000700156844687], [-0.00104786024895, 0.00162909913342, -0.0012351811165, 0.00519094103947, -0.00262032751925, 7.38512680982e-05, -0.00062190159224, 0.002089521382, -0.00190528121311, 0.0020305744838, -0.000975080474745, 0.0014826223487, -0.000243127855356], [0.00187493744306, -0.00185914011672, 0.00112515024375, -0.00262032751925, 0.00840457063168, -0.00359078729525, 0.00056412210688, -0.00211817654781, 0.00407885154709, -0.00295702018775, 0.000681903737132, 0.000987007515505, 0.000752513762563], [-0.00239351415075, 0.00354201765731, -0.00340077118017, 7.38512680982e-05, -0.00359078729525, 0.0149938073009, -0.00640354119241, 0.000528255885001, -0.00141698576044, 0.00198853388429, -0.00362044014037, 0.00215441966429, -0.0014733930584], [0.00227316538803, -0.00244721909985, 0.00263100676239, -0.00062190159224, 0.00056412210688, -0.00640354119241, 0.0144992191344, -0.0056780022569, 0.00029078166699, -0.000488777644932, 0.0026189093478, -0.0010261075804, 0.00074846285861], [-0.00203747372143, 0.00207182089798, -0.00292731705122, 0.002089521382, -0.00211817654781, 0.000528255885001, -0.0056780022569, 0.0174432042986, -0.00510877650231, -0.000365586631233, -0.000618977297563, -0.00039449785254, -0.00173631776124], [0.00180534541141, -0.00228328909725, 0.00162429467309, -0.00190528121311, 0.00407885154709, -0.00141698576044, 0.00029078166699, -0.00510877650231, 0.0173382423818, -0.00620462559164, 0.000132045301143, -0.00141815689858, 0.00035740956082], [-0.0017120805569, 0.00319508556277, -0.00285893911496, 0.0020305744838, -0.00295702018775, 0.00198853388429, -0.000488777644932, -0.000365586631233, -0.00620462559164, 0.0194614939392, -0.00832560565323, 0.00117114197928, -0.000281081884168], [0.00152061413974, -0.00193848006893, 0.00237087183632, -0.000975080474745, 0.000681903737132, -0.00362044014037, 0.0026189093478, -0.000618977297563, 0.000132045301143, -0.00832560565323, 0.0202088057995, -0.00654874928296, -0.000422968878411], [-0.000773948675487, 0.000786333170254, -0.000634680094663, 0.0014826223487, 0.000987007515505, 0.00215441966429, -0.0010261075804, -0.00039449785254, -0.00141815689858, 0.00117114197928, -0.00654874928296, 0.0131466379389, -0.00221667112783], [0.00086400215514, -0.000595237826928, 0.000700156844687, -0.000243127855356, 0.000752513762563, -0.0014733930584, 0.00074846285861, -0.00173631776124, 0.00035740956082, -0.000281081884168, -0.000422968878411, -0.00221667112783, 0.0168396309018]]
    }
}

}