{
"metadata": {
    "version": {
        "essentia": "2.0.1",
        "extractor": "archive-music 1.0 mod ismir14"
    },
    "audio_properties": {
        "analysis_sample_rate": 44100,
        "bitrate": 64,
        "channels": 2,
        "equal_loudness": 0,
        "length": 30.0669155121,
        "replay_gain": -9.80090904236,
        "downmix": "mix"
    },
    "tags": {
        "track": 0,
        "year": 0,
        "album": "",
        "artist": "",
        "comment": "",
        "genre": "",
        "title": ""
    }
},
"rhythm": {
    "bpm": 172.265563965,
    "bpm_histogram_first_peak": 172,
    "bpm_histogram_first_peak_spread": 0,
    "bpm_histogram_first_peak_weight": 0.511904776096,
    "bpm_histogram_second_peak": 178,
    "bpm_histogram_second_peak_spread": 0,
    "bpm_histogram_second_peak_weight": 0.25
},
"tonal": {
    "tuning_frequency": {
        "dmean": 0.0419484823942,
        "dmean2": 0.0687682330608,
        "dvar": 0.115226969123,
        "dvar2": 0.191263511777,
        "max": 437.465789795,
        "mean": 434.703063965,
        "median": 434.695007324,
        "min": 433.942382812,
        "var": 0.108430489898
    },
    "hpcp": {
        "dmean": [0.127433046699, 0.208440989256, 0.179181531072, 0.277269661427, 0.0396059900522, 0.155121102929, 0.172211110592, 0.267702609301, 0.0961505323648, 0.090890288353, 0.248146250844, 0.0872476249933],
        "dmean2": [0.237001672387, 0.386646479368, 0.310786694288, 0.502666652203, 0.0696102380753, 0.271229207516, 0.313439011574, 0.467983752489, 0.171194553375, 0.160929277539, 0.427639067173, 0.15882769227],
        "dvar": [0.0541293360293, 0.0777288451791, 0.0525671392679, 0.113890342414, 0.00682989368215, 0.0775335505605, 0.100486718118, 0.107352137566, 0.0456672795117, 0.0287286937237, 0.0783996582031, 0.0264017824084],
        "dvar2": [0.147469833493, 0.182421207428, 0.131633326411, 0.255721688271, 0.0202051494271, 0.181816905737, 0.24183934927, 0.276162862778, 0.127265140414, 0.0715789049864, 0.146951466799, 0.076586201787],
        "max": [1, 1, 1, 1, 0.537719249725, 1, 1, 1, 1, 1, 1, 1],
        "mean": [0.10518502444, 0.238958626986, 0.175254926085, 0.399894148111, 0.0324783027172, 0.146187081933, 0.185389682651, 0.228998154402, 0.0673231631517, 0.0757453367114, 0.376661747694, 0.070704780519],
        "median": [0.0250066239387, 0.0941570475698, 0.0750035718083, 0.153333410621, 0.00756501406431, 0.0261232703924, 0.0160592272878, 0.0465986952186, 0.0123936496675, 0.0194178204983, 0.200478807092, 0.0235407166183],
        "min": [0.000844001420774, 0.00562390265986, 0.000612086907495, 0.000157957198098, 8.74052129802e-05, 0.00113840354607, 0.000128129031509, 0.000368562003132, 0.000365495769074, 0.000144281468238, 0.00077291711932, 0.000669640605338],
        "var": [0.0434412024915, 0.0986337959766, 0.0617067292333, 0.173942968249, 0.00544773600996, 0.0817519277334, 0.120129674673, 0.113534107804, 0.0325272493064, 0.0253306105733, 0.145057693124, 0.0194242987782]
    }
},
"lowlevel": {
    "melbands": {
        "dmean": [2.86703908614e-07, 1.4116048078e-05, 1.78921818588e-05, 0.000195032698684, 0.000167937803781, 7.83448194852e-05, 3.5980312532e-05, 3.21466068272e-05, 2.07274824788e-05, 1.41327436722e-05, 1.18286998259e-05, 9.07693447516e-06, 1.07627192847e-05, 4.60379578726e-06, 4.28023167842e-06, 3.07482332573e-06, 6.37609582554e-06, 2.6229984087e-06, 3.67480151908e-06, 8.68439997248e-07, 1.11155895866e-06, 1.02845001493e-06, 6.9289478688e-07, 1.01914986317e-06, 2.34986578107e-06, 2.84120142169e-06, 6.66497783186e-07, 3.5243141383e-07, 1.51059779796e-07, 1.00256102087e-07, 4.02205699856e-08, 6.64419719243e-09, 1.11144859982e-09, 2.80960366084e-10, 7.83079573408e-11, 3.03094181697e-11, 1.09816036473e-11, 2.67105760253e-12, 1.05317176421e-12, 2.68865279433e-13],
        "dmean2": [4.61217155134e-07, 2.41886864387e-05, 3.10102041112e-05, 0.000333482399583, 0.000301739899442, 0.000138109258842, 6.17324039922e-05, 5.39901120646e-05, 3.87204636354e-05, 2.6665524274e-05, 2.20263736992e-05, 1.76250287041e-05, 1.992374564e-05, 8.58642488311e-06, 8.1989892351e-06, 5.65563550481e-06, 1.16418623293e-05, 4.6248169383e-06, 6.59362376609e-06, 1.5335755279e-06, 1.93794858205e-06, 1.85654164397e-06, 1.21681114251e-06, 1.81246900866e-06, 4.32821570939e-06, 5.32078638571e-06, 1.1940433069e-06, 6.49650871765e-07, 2.83655793964e-07, 1.88590306038e-07, 7.91119134647e-08, 1.25277193064e-08, 2.15111661817e-09, 5.42957401262e-10, 1.45848444433e-10, 5.46078529617e-11, 1.9004405688e-11, 3.84523966487e-12, 1.28804898605e-12, 3.94927200751e-13],
        "dvar": [1.00959645917e-13, 1.41981559842e-09, 7.69370678277e-10, 2.97848089303e-07, 3.85780047907e-08, 5.90675330869e-09, 1.72919667474e-09, 2.22474638711e-09, 3.18998072402e-09, 9.77242287092e-10, 8.60506887967e-10, 6.99327373788e-10, 9.92609217043e-10, 1.39695255363e-10, 1.68969810366e-10, 4.4224981316e-11, 3.83957088346e-10, 1.63904341488e-11, 5.06444226833e-11, 1.71416244914e-12, 2.26809413265e-12, 2.40118515349e-12, 1.44796913175e-12, 2.78908038158e-12, 3.25623868147e-11, 4.56669806137e-11, 9.48314885819e-13, 4.23008091228e-13, 1.1689756693e-13, 9.08843719684e-14, 2.09978552829e-14, 3.37947961216e-16, 2.74642459126e-17, 9.76397170818e-19, 2.78256869532e-20, 6.14298896447e-21, 9.02995471934e-22, 1.25220637273e-22, 4.69695072043e-23, 1.53280357746e-24],
        "dvar2": [2.28809511485e-13, 2.85283774382e-09, 2.01564143154e-09, 7.91656532328e-07, 1.08749951266e-07, 1.68302332071e-08, 4.7436219397e-09, 5.12096587357e-09, 9.6650989434e-09, 2.96930702248e-09, 2.64912025649e-09, 2.12563411317e-09, 2.84989654098e-09, 4.17555989785e-10, 5.26973742421e-10, 1.24527541057e-10, 1.11111553291e-09, 4.6171799023e-11, 1.44968800853e-10, 4.82969740589e-12, 6.73102068874e-12, 7.06429532926e-12, 4.22924499241e-12, 7.96154375066e-12, 9.60723930965e-11, 1.35366870491e-10, 2.50913677856e-12, 1.16304611341e-12, 3.295398893e-13, 2.57484842909e-13, 6.24380647012e-14, 9.6941025577e-16, 8.13654025781e-17, 3.09449487247e-18, 8.34977694555e-20, 1.80306422699e-20, 2.34794166742e-21, 1.20062547182e-22, 4.58895471588e-23, 1.56297267531e-24],
        "max": [2.15778050006e-06, 0.000406534876674, 0.000231582467677, 0.00544169778004, 0.00117615761701, 0.00038542720722, 0.000224514224101, 0.00038634907105, 0.000370880094124, 0.000217202992644, 0.000159913921379, 0.00014306261437, 0.00024926676997, 9.2921385658e-05, 8.28665870358e-05, 6.00009225309e-05, 0.000183277079486, 2.57690644503e-05, 7.01758544892e-05, 1.26377753986e-05, 9.70769724518e-06, 9.03831642063e-06, 7.77376681071e-06, 1.14509430205e-05, 3.68373257515e-05, 5.27356423845e-05, 4.78140236737e-06, 4.20163178205e-06, 1.89189938737e-06, 2.21996674554e-06, 1.22670394376e-06, 1.46395890965e-07, 4.7584300944e-08, 6.47653530805e-09, 9.5017493873e-10, 6.440150635e-10, 2.49002096719e-10, 1.37335212647e-10, 6.55169460351e-11, 1.48718103804e-11],
        "mean": [4.37112305463e-07, 1.83998108696e-05, 2.55397080764e-05, 0.000220123241888, 0.000203083909582, 9.39700621529e-05, 3.6256344174e-05, 3.49932161043e-05, 1.5122410332e-05, 1.00919987744e-05, 9.48069282458e-06, 5.58923693461e-06, 8.78874743648e-06, 3.31802675646e-06, 2.93714970212e-06, 2.35868492382e-06, 4.95427957503e-06, 2.37734957409e-06, 3.38782911058e-06, 9.35154730541e-07, 1.06341622086e-06, 9.48024307945e-07, 6.11951463725e-07, 8.41515998218e-07, 1.83262716291e-06, 2.07439211408e-06, 5.51080006517e-07, 2.73998239209e-07, 1.00401642555e-07, 6.21487856733e-08, 2.54635033059e-08, 4.24776125385e-09, 6.96747826101e-10, 2.00192862287e-10, 7.45964956472e-11, 3.10277012416e-11, 1.1857040523e-11, 3.35162561767e-12, 1.16747345298e-12, 2.35596346035e-13],
        "median": [3.5418898392e-07, 9.93342746369e-06, 1.38748891914e-05, 7.8032266174e-05, 0.000116068629723, 6.56813572277e-05, 2.02497540158e-05, 1.17218651212e-05, 3.3573651308e-06, 1.48337437622e-06, 1.16155990781e-06, 6.0609323782e-07, 9.08201059246e-07, 8.7598243681e-07, 6.26832843409e-07, 7.85400800396e-07, 1.79234586994e-06, 1.20262325254e-06, 1.5589943132e-06, 4.43400523409e-07, 5.26836231529e-07, 4.96025279517e-07, 1.95032427541e-07, 2.65954042789e-07, 5.71899363422e-07, 5.94500875195e-07, 2.09746843893e-07, 7.01096638522e-08, 1.94039646573e-08, 7.32389393576e-09, 2.44717290876e-09, 5.20509857438e-10, 1.3582238112e-10, 6.52062501216e-11, 3.71622281559e-11, 1.72023367773e-11, 6.36011946234e-12, 1.6039886433e-12, 2.78945594921e-13, 4.34453396923e-14],
        "min": [3.2757764501e-08, 8.76034789599e-07, 1.27868452182e-06, 1.44788282341e-06, 2.70626719612e-06, 3.28392331994e-07, 3.9891705228e-07, 1.91741818867e-07, 1.26395278244e-07, 3.08747303279e-08, 2.45014621925e-08, 2.00255829697e-08, 3.15860937405e-08, 9.48334388795e-09, 8.02100785791e-09, 2.22078355705e-08, 2.39741009267e-08, 3.61132421745e-08, 2.62074131285e-08, 2.70850675221e-09, 2.29543561936e-09, 1.11910403167e-09, 4.03036631846e-10, 4.6284781563e-10, 7.00222602124e-10, 3.68732183675e-10, 2.41583753002e-10, 1.50978313185e-10, 1.09533569714e-10, 5.56583182321e-11, 2.81880664643e-11, 1.49963912816e-11, 7.3429396244e-12, 4.96598161898e-12, 3.28127737655e-12, 1.70101248625e-12, 1.15175382252e-12, 5.78613058074e-13, 7.06455022519e-14, 5.20084963526e-15],
        "var": [1.26896526598e-13, 1.64386726453e-09, 9.54223366989e-10, 2.32980042369e-07, 5.20851095587e-08, 8.10688316477e-09, 1.9652381944e-09, 3.32754579446e-09, 2.05230921146e-09, 6.25230367479e-10, 6.71950883824e-10, 4.10482009494e-10, 7.34046157191e-10, 8.41507696858e-11, 1.0042147669e-10, 3.12435459449e-11, 2.34157498946e-10, 1.37362924854e-11, 4.01418100149e-11, 1.90312392581e-12, 2.05021134618e-12, 1.95642503933e-12, 1.2273691178e-12, 2.23050918013e-12, 1.93280929456e-11, 2.85282041046e-11, 8.55268546957e-13, 2.99927021153e-13, 7.32356273607e-14, 5.62907400271e-14, 1.30049076502e-14, 2.28521971752e-16, 1.47038864681e-17, 5.20546207046e-19, 2.00952398424e-20, 3.90161061661e-21, 6.45564687819e-22, 1.42126974079e-22, 4.84016526233e-23, 1.56572106671e-24]
    },
    "mfcc": {
        "dmean": [37.9339179993, 13.8933410645, 25.4679203033, 16.4749546051, 13.1684598923, 9.11476612091, 9.04528522491, 11.4947795868, 7.41129350662, 7.11663579941, 8.3128786087, 7.76904535294, 7.12803125381],
        "dmean2": [66.0234527588, 21.4889907837, 42.4366493225, 26.6947879791, 21.9085025787, 15.0946264267, 15.2106323242, 19.4752635956, 12.1648817062, 11.1333723068, 13.4485998154, 12.5689258575, 11.7619495392],
        "dvar": [945.403625488, 150.269348145, 440.687683105, 242.521530151, 131.949462891, 65.8461456299, 54.4504241943, 80.8831558228, 28.5610675812, 35.5798339844, 32.6967964172, 35.8083953857, 28.58244133],
        "dvar2": [2862.63964844, 328.455230713, 1201.98742676, 542.188110352, 409.38067627, 164.753723145, 133.800765991, 189.601852417, 84.8740158081, 82.3103027344, 90.0119476318, 98.4547958374, 72.9868392944],
        "max": [-757.479614258, 215.504272461, 72.5019836426, 101.695526123, 39.3854255676, 4.75492095947, 25.846321106, 19.4136753082, -4.24633026123, 25.698381424, 7.41859817505, 5.12174987793, 11.2241516113],
        "mean": [-844.984863281, 178.746856689, -35.7862892151, 29.1531467438, 10.2062692642, -28.47772789, -5.93096637726, -28.7093715668, -27.6521377563, -4.6726193428, -12.2167673111, -15.5220460892, -6.62698173523],
        "median": [-842.410766602, 178.088134766, -39.3263511658, 28.9779548645, 12.4887084961, -29.0000267029, -5.53272628784, -32.6444396973, -27.87134552, -3.71279907227, -11.8081417084, -15.7237548828, -5.3842086792],
        "min": [-984.840454102, 119.506858826, -103.087020874, -16.5087089539, -43.1234283447, -68.3112182617, -31.0951919556, -55.0961685181, -56.1924209595, -34.1274642944, -36.3768234253, -42.5622215271, -28.9871940613],
        "var": [1523.24084473, 307.098632812, 893.790527344, 408.448913574, 280.747283936, 160.803970337, 96.9125442505, 226.467910767, 69.4817199707, 143.740753174, 74.7942199707, 63.0440177917, 69.07371521],
        "cov": [[1532.64355469, -60.9420509338, -1055.20324707, 290.8671875, -283.91595459, -227.16305542, 228.917541504, -62.619140625, 42.5731124878, -83.5873031616, -39.7824935913, 79.3573532104, -114.528511047], [-60.9420509338, 308.99432373, 193.049407959, -261.331054688, -26.4980678558, -46.7582359314, -19.5308895111, 160.985794067, -9.92380905151, -52.1532478333, -7.88780832291, -20.4194316864, -1.50960028172], [-1055.20324707, 193.049407959, 899.307800293, -250.30519104, 133.515548706, 141.724075317, -177.799972534, 99.8560180664, -15.3147592545, -5.24087333679, 18.1217556, -58.4088249207, 47.5445709229], [290.8671875, -261.331054688, -250.30519104, 410.970184326, 69.4600219727, 17.1315307617, 19.9935379028, -212.865890503, -8.08211231232, 41.038734436, -20.771402359, 15.0306968689, -21.1032180786], [-283.91595459, -26.4980678558, 133.515548706, 69.4600219727, 282.480285645, 115.257980347, -78.1111984253, -104.421875, -55.136554718, 97.2741317749, 3.19389200211, -32.6492080688, 58.8719902039], [-227.16305542, -46.7582359314, 141.724075317, 17.1315307617, 115.257980347, 161.796585083, -31.3300247192, -94.5067214966, -2.20212030411, 54.6043701172, 26.9110355377, 5.64878129959, 22.7996845245], [228.917541504, -19.5308895111, -177.799972534, 19.9935379028, -78.1111984253, -31.3300247192, 97.5107727051, 20.3956985474, -4.75223493576, -9.09985160828, -1.03577566147, 20.531539917, -14.5128250122], [-62.619140625, 160.985794067, 99.8560180664, -212.865890503, -104.421875, -94.5067214966, 20.3956985474, 227.865859985, 26.4935855865, -100.812026978, -11.6701593399, -3.02626776695, -9.06448841095], [42.5731124878, -9.92380905151, -15.3147592545, -8.08211231232, -55.136554718, -2.20212030411, -4.75223493576, 26.4935855865, 69.9106216431, -18.1433811188, -15.1604423523, 15.2517328262, -10.2456388474], [-83.5873031616, -52.1532478333, -5.24087333679, 41.038734436, 97.2741317749, 54.6043701172, -9.09985160828, -100.812026978, -18.1433811188, 144.628036499, 37.7840118408, -29.2487125397, 35.0525245667], [-39.7824935913, -7.88780832291, 18.1217556, -20.771402359, 3.19389200211, 26.9110355377, -1.03577566147, -11.6701593399, -15.1604423523, 37.7840118408, 75.2559127808, 12.5002784729, -3.3874232769], [79.3573532104, -20.4194316864, -58.4088249207, 15.0306968689, -32.6492080688, 5.64878129959, 20.531539917, -3.02626776695, 15.2517328262, -29.2487125397, 12.5002784729, 63.433177948, 5.39354896545], [-114.528511047, -1.50960028172, 47.5445709229, -21.1032180786, 58.8719902039, 22.7996845245, -14.5128250122, -9.06448841095, -10.2456388474, 35.0525245667, -3.3874232769, 5.39354896545, 69.5000991821]],
        "icov": [[142.28288269, -197.455276489, 186.991348267, -169.673446655, 148.414245605, -124.56880188, 98.9821243286, -74.6670761108, 53.1542167664, -34.3393325806, 20.514125824, -10.2728404999, 3.76753544807], [-197.455276489, 274.032806396, -259.507080078, 235.483947754, -205.983535767, 172.898834229, -137.393005371, 103.649154663, -73.7912445068, 47.6793899536, -28.4855194092, 14.2688560486, -5.23083353043], [186.991348267, -259.507080078, 245.769744873, -223.023605347, 195.102844238, -163.786956787, 130.177352905, -98.2223052979, 69.9431533813, -45.2061462402, 27.0203475952, -13.5447759628, 4.97044324875], [-169.673446655, 235.483947754, -223.023605347, 202.412490845, -177.087677002, 148.689880371, -118.205169678, 89.2192764282, -63.548122406, 41.097026825, -24.5747184753, 12.3349294662, -4.52671051025], [148.414245605, -205.983535767, 195.102844238, -177.087677002, 154.970397949, -130.14894104, 103.505844116, -78.1463088989, 55.6946258545, -36.0426483154, 21.5734100342, -10.8449525833, 3.98326468468], [-124.56880188, 172.898834229, -163.786956787, 148.689880371, -130.14894104, 109.359382629, -87.0101699829, 65.7358322144, -46.8761558533, 30.3671970367, -18.1998386383, 9.16972827911, -3.37583088875], [98.9821243286, -137.393005371, 130.177352905, -118.205169678, 103.505844116, -87.0101699829, 69.3047790527, -52.3870849609, 37.3958587646, -24.264787674, 14.5661811829, -7.37217092514, 2.72052788734], [-74.6670761108, 103.649154663, -98.2223052979, 89.2192764282, -78.1463088989, 65.7358322144, -52.3870849609, 39.6527938843, -28.3231925964, 18.4126262665, -11.0700969696, 5.62384414673, -2.0819940567], [53.1542167664, -73.7912445068, 69.9431533813, -63.548122406, 55.6946258545, -46.8761558533, 37.3958587646, -28.3231925964, 20.2773590088, -13.1942443848, 7.95538377762, -4.06046676636, 1.5075968504], [-34.3393325806, 47.6793899536, -45.2061462402, 41.097026825, -36.0426483154, 30.3671970367, -24.264787674, 18.4126262665, -13.1942443848, 8.6353302002, -5.22027730942, 2.68977975845, -1.00782072544], [20.514125824, -28.4855194092, 27.0203475952, -24.5747184753, 21.5734100342, -18.1998386383, 14.5661811829, -11.0700969696, 7.95538377762, -5.22027730942, 3.18445515633, -1.64887702465, 0.622718334198], [-10.2728404999, 14.2688560486, -13.5447759628, 12.3349294662, -10.8449525833, 9.16972827911, -7.37217092514, 5.62384414673, -4.06046676636, 2.68977975845, -1.64887702465, 0.892275333405, -0.339653968811], [3.76753544807, -5.23083353043, 4.97044324875, -4.52671051025, 3.98326468468, -3.37583088875, 2.72052788734, -2.0819940567, 1.5075968504, -1.00782072544, 0.622718334198, -0.339653968811, 0.151623144746]]
    }
}

}