{
"metadata": {
    "version": {
        "essentia": "2.0.1",
        "extractor": "archive-music 1.0 mod ismir14"
    },
    "audio_properties": {
        "analysis_sample_rate": 44100,
        "bitrate": 64,
        "channels": 2,
        "equal_loudness": 0,
        "length": 30.0669155121,
        "replay_gain": -14.3417758942,
        "downmix": "mix"
    },
    "tags": {
        "track": 0,
        "year": 0,
        "album": "",
        "artist": "",
        "comment": "",
        "genre": "",
        "title": ""
    }
},
"rhythm": {
    "bpm": 109.229476929,
    "bpm_histogram_first_peak": 110,
    "bpm_histogram_first_peak_spread": 0.471698105335,
    "bpm_histogram_first_peak_weight": 0.528301894665,
    "bpm_histogram_second_peak": 0,
    "bpm_histogram_second_peak_spread": 0,
    "bpm_histogram_second_peak_weight": 0
},
"tonal": {
    "tuning_frequency": {
        "dmean": 0.149698704481,
        "dmean2": 0.269391924143,
        "dvar": 0.406048864126,
        "dvar2": 0.677722334862,
        "max": 446.657836914,
        "mean": 441.829071045,
        "median": 441.782684326,
        "min": 439.745910645,
        "var": 1.96753096581
    },
    "hpcp": {
        "dmean": [0.126233771443, 0.0959739908576, 0.0580395944417, 0.158648848534, 0.0457283593714, 0.140730261803, 0.0478759072721, 0.0998561754823, 0.146281793714, 0.0367546379566, 0.165635362267, 0.0685797482729],
        "dmean2": [0.237802535295, 0.172475680709, 0.109049245715, 0.270515710115, 0.0856093838811, 0.231947362423, 0.0890287458897, 0.179377794266, 0.259788930416, 0.0709417611361, 0.266326606274, 0.129384204745],
        "dvar": [0.042015209794, 0.0553211756051, 0.00990664586425, 0.0692355334759, 0.0140622314066, 0.04930145666, 0.0147147532552, 0.0307175945491, 0.0371555089951, 0.00537783186883, 0.0615961328149, 0.024214938283],
        "dvar2": [0.103703588247, 0.108164936304, 0.0234574545175, 0.155483171344, 0.029757950455, 0.104702331126, 0.0405149944127, 0.0748027339578, 0.0893073305488, 0.0153152886778, 0.124708339572, 0.065470173955],
        "max": [1, 1, 0.588568091393, 1, 1, 1, 0.906113862991, 1, 1, 0.478609234095, 1, 1],
        "mean": [0.165235489607, 0.24749596417, 0.0440429784358, 0.45741379261, 0.039445694536, 0.252152383327, 0.0347172506154, 0.102670930326, 0.231242775917, 0.0256917569786, 0.225584059954, 0.0476404502988],
        "median": [0.0442343465984, 0.0163646992296, 0.012135556899, 0.257577091455, 0.00990569405258, 0.0809307619929, 0.0116648040712, 0.024026574567, 0.103442125022, 0.00989423319697, 0.0878285616636, 0.00983907561749],
        "min": [5.35327053512e-05, 0.000323858548654, 0.000513522652909, 0.000825978815556, 0.000100673038105, 0.000652399612591, 0.00033873852226, 0.00102560070809, 0.000722836120985, 0.000237238986301, 0.000619774567895, 0.000709091604222],
        "var": [0.0774286985397, 0.163332715631, 0.00808890815824, 0.191998049617, 0.0135277900845, 0.123234681785, 0.008769874461, 0.0370256826282, 0.0915547385812, 0.00307181361131, 0.0972248762846, 0.0160553269088]
    }
},
"lowlevel": {
    "melbands": {
        "dmean": [0.00014867047139, 0.000258914864389, 0.000174297310878, 0.000114803915494, 4.47190068371e-05, 5.72472781641e-05, 2.55146114796e-05, 4.09094172937e-05, 6.02965883445e-05, 4.37728594989e-05, 9.48534034251e-06, 1.10621595013e-05, 7.74259297032e-06, 7.87746466813e-06, 6.17217347099e-06, 6.91841660228e-06, 6.31544071439e-06, 6.68285611027e-06, 3.70888551515e-06, 5.33606089448e-06, 2.35913216784e-06, 1.65284120612e-06, 1.95308007278e-06, 1.26330212424e-06, 6.71714985856e-07, 4.8565908628e-07, 3.09825281875e-07, 2.42040499643e-07, 2.64058968469e-07, 2.0791904376e-07, 1.78176833288e-07, 1.89782554116e-07, 1.75608818154e-07, 1.26682053292e-07, 1.11052422369e-07, 7.99806798568e-08, 4.33722888715e-08, 1.30112791652e-08, 2.51701592902e-09, 1.7101137173e-10],
        "dmean2": [0.000274355581496, 0.000431145279435, 0.000273339188425, 0.000189833168406, 7.09318701411e-05, 9.64664650382e-05, 4.35616057075e-05, 6.75528426655e-05, 0.000100966914033, 7.00199234416e-05, 1.66770078067e-05, 2.04334610316e-05, 1.38958321259e-05, 1.43237066368e-05, 1.08492322397e-05, 1.22057072076e-05, 1.07283067337e-05, 1.14412850962e-05, 6.33426770946e-06, 8.20273635327e-06, 3.98581278205e-06, 2.91553897114e-06, 3.13886653203e-06, 2.05770948014e-06, 1.20770107515e-06, 8.77975537605e-07, 5.7170564105e-07, 4.47749414434e-07, 4.74108730941e-07, 3.79914524729e-07, 3.27050145188e-07, 3.51260013076e-07, 3.25255967937e-07, 2.35557678252e-07, 2.07819113029e-07, 1.54232822069e-07, 8.35678477529e-08, 2.51460008371e-08, 4.85891105129e-09, 3.36179833971e-10],
        "dvar": [4.56054642939e-08, 8.51740438179e-08, 3.43275665671e-08, 1.19158798384e-08, 1.55630175414e-09, 5.64430813199e-09, 1.12438625077e-09, 4.61688509645e-09, 1.17387770615e-08, 7.30259408499e-09, 4.33431429636e-10, 9.63017887656e-10, 3.70686453754e-10, 1.87766316384e-10, 1.82316356456e-10, 1.97540664382e-10, 1.27231378211e-10, 1.56842039356e-10, 3.56446226701e-11, 2.17485265908e-10, 1.37322939478e-11, 5.06442197207e-12, 1.5352179597e-11, 4.14184398584e-12, 8.62935482619e-13, 2.92552467711e-13, 1.04357914996e-13, 7.58561236828e-14, 8.91498788853e-14, 6.38820254833e-14, 4.68061699154e-14, 7.3652116849e-14, 7.86020418675e-14, 5.4577659937e-14, 1.13507381933e-13, 9.12421180277e-14, 2.95034348786e-14, 2.2544664923e-15, 7.85660380968e-17, 8.07279577593e-19],
        "dvar2": [1.26413951307e-07, 1.96563490817e-07, 8.24002270861e-08, 3.64805075037e-08, 3.74651376589e-09, 1.44870204721e-08, 2.41632580611e-09, 1.14918590199e-08, 3.50003013239e-08, 1.73240728429e-08, 1.25123111872e-09, 2.80096834615e-09, 1.0519232152e-09, 5.67548064101e-10, 5.26110544019e-10, 5.22380083634e-10, 3.33761435156e-10, 3.95849630852e-10, 9.52611392546e-11, 3.50305146002e-10, 2.95963739627e-11, 1.52321870395e-11, 3.34579447481e-11, 8.25357143741e-12, 2.0833506361e-12, 7.43124528926e-13, 2.74206113544e-13, 1.88444610394e-13, 2.176016935e-13, 1.51739867416e-13, 1.20364235614e-13, 2.0157541001e-13, 2.20578885561e-13, 1.58773994928e-13, 3.37843441374e-13, 2.73023465815e-13, 8.81660196239e-14, 6.71009039958e-15, 2.34914926451e-16, 2.42544699801e-18],
        "max": [0.000835334765725, 0.00189417623915, 0.00162119301967, 0.000719104893506, 0.00029933458427, 0.000409725384088, 0.000174252258148, 0.000484036514536, 0.00083113333676, 0.000696842966136, 0.000137633745908, 0.000260903732851, 0.000149501283886, 9.04704429558e-05, 0.000115844442917, 9.52785267145e-05, 7.93497165432e-05, 0.000104593520518, 3.40661172231e-05, 0.000178516434971, 3.67366992577e-05, 1.33123085106e-05, 3.1693278288e-05, 1.81963987416e-05, 5.68831501369e-06, 3.73805255549e-06, 1.32661364205e-06, 1.17897127438e-06, 1.58809825734e-06, 1.24628684262e-06, 7.93002868704e-07, 1.656488962e-06, 2.00288195629e-06, 1.84394070857e-06, 3.06614606416e-06, 2.77113122138e-06, 1.58358898261e-06, 4.34471388644e-07, 8.11058029626e-08, 8.15968004275e-09],
        "mean": [0.000154494788148, 0.0006662599626, 0.000478197354823, 0.000178252783371, 7.51503757783e-05, 6.87278807163e-05, 3.43494721164e-05, 4.4024996896e-05, 6.11588257016e-05, 4.35801994172e-05, 9.16996395972e-06, 9.86210943665e-06, 6.44624287816e-06, 6.46714988761e-06, 5.85560155741e-06, 6.7246587605e-06, 6.25542725174e-06, 6.18787635176e-06, 3.45069361174e-06, 6.64021627017e-06, 2.87184752779e-06, 2.05074320547e-06, 2.69421298071e-06, 1.62481649113e-06, 8.06559285138e-07, 5.1345580232e-07, 2.87847598202e-07, 2.03284045597e-07, 2.24622297651e-07, 1.65529257856e-07, 1.35112713906e-07, 1.38381594184e-07, 1.26353612018e-07, 9.16721063504e-08, 7.93235912511e-08, 5.36271720364e-08, 2.83356644815e-08, 8.3121438621e-09, 1.59887492135e-09, 9.73680996941e-11],
        "median": [0.000101217097836, 0.000672863854561, 0.00045197759755, 0.000149791871081, 5.79282932449e-05, 2.67091163551e-05, 2.04076914088e-05, 2.00730537472e-05, 2.18572185986e-05, 1.07641890281e-05, 3.68372366211e-06, 3.98972406401e-06, 2.61595732809e-06, 1.88231297216e-06, 2.32598813454e-06, 2.22613493861e-06, 2.17227557187e-06, 1.889806299e-06, 1.24009284264e-06, 1.18936054605e-06, 1.17068759664e-06, 1.10109726847e-06, 8.37696291001e-07, 5.35179026429e-07, 4.0544242097e-07, 2.76477862826e-07, 1.55877756924e-07, 9.69617843793e-08, 9.54953165433e-08, 5.54982086953e-08, 5.10855890923e-08, 4.78172594853e-08, 3.99563013787e-08, 3.06894030189e-08, 2.22833822505e-08, 1.44519818335e-08, 7.29788451892e-09, 2.12758810569e-09, 4.14555417771e-10, 1.06575174033e-11],
        "min": [1.7921778408e-06, 1.84746079412e-06, 2.77544427263e-06, 4.36605569121e-06, 3.0106068607e-06, 3.87537085089e-07, 9.76557203103e-07, 2.02121501758e-08, 2.58971937228e-07, 6.05008807497e-08, 2.69506035266e-08, 1.46622340935e-08, 2.740826055e-08, 1.76880696756e-08, 1.00809200987e-08, 6.84545709007e-09, 8.85708484333e-09, 9.91491244662e-09, 9.0017442389e-09, 1.05497930392e-08, 7.51301776347e-09, 6.11271611106e-09, 8.05138977711e-09, 4.99664443154e-09, 3.28115845605e-09, 2.70664157753e-09, 7.45428552218e-10, 4.04238309493e-10, 2.78922884789e-10, 2.0078849694e-10, 9.11386036084e-11, 3.46730005818e-11, 1.24099350587e-11, 4.873010849e-12, 2.53760966233e-12, 1.09278341584e-12, 6.6226836298e-13, 2.01247357537e-13, 2.16677058782e-14, 2.74920043734e-15],
        "var": [3.32476304266e-08, 1.77204327656e-07, 7.01410627357e-08, 1.64310716144e-08, 3.4306688601e-09, 7.95202570458e-09, 1.51249701652e-09, 5.00318142471e-09, 1.05775423975e-08, 9.58147605701e-09, 3.2742855649e-10, 5.90027304792e-10, 2.46708098395e-10, 1.42828901484e-10, 1.34154160003e-10, 1.68573335846e-10, 1.3418968714e-10, 1.47819895213e-10, 3.33433211597e-11, 4.77680783817e-10, 2.27797745944e-11, 7.05213318297e-12, 3.12678043179e-11, 9.45050808443e-12, 1.14073908739e-12, 3.96666206826e-13, 1.04833961065e-13, 6.39782348735e-14, 8.71425734307e-14, 5.94446705944e-14, 3.83877771151e-14, 5.3092567235e-14, 5.3134885001e-14, 3.46702545416e-14, 6.29648175504e-14, 4.82860957165e-14, 1.56795183662e-14, 1.20239979692e-15, 4.21726256258e-17, 4.11945069888e-19]
    },
    "mfcc": {
        "dmean": [43.7442054749, 21.7716827393, 18.7371997833, 11.9372806549, 12.4980354309, 9.96455955505, 8.53313350677, 7.1949672699, 7.32355642319, 7.62763881683, 6.78975439072, 5.82179689407, 5.90439796448],
        "dmean2": [70.9026565552, 35.661190033, 29.9095077515, 19.5328178406, 19.366645813, 16.6985569, 12.6664981842, 11.8107004166, 12.3044080734, 12.5681085587, 10.8732671738, 9.46929264069, 9.47013282776],
        "dvar": [1150.09033203, 303.264770508, 270.123687744, 98.7374954224, 92.8366088867, 57.8785514832, 49.0940513611, 33.6243476868, 28.7422275543, 48.0478057861, 27.8639087677, 21.6670475006, 17.9532756805],
        "dvar2": [2949.62915039, 855.428771973, 746.723632812, 221.865921021, 232.762329102, 136.38482666, 119.447738647, 89.0655212402, 76.6492462158, 90.9451065063, 72.897605896, 58.3530960083, 44.7240524292],
        "max": [-677.245605469, 228.764007568, 89.2795715332, 85.3441009521, 40.8719825745, 47.7837905884, 15.4841346741, 38.086227417, 13.7029838562, 32.5467758179, 21.7581672668, 18.4468040466, 5.32188034058],
        "mean": [-774.682678223, 172.870864868, -3.05201148987, 40.2670402527, 5.88320398331, 15.4654903412, -11.9861831665, 10.0917711258, -4.60012674332, 5.93842554092, 0.0622930340469, 0.672368407249, -6.81992769241],
        "median": [-765.350891113, 177.046691895, -1.82400512695, 38.5146141052, 6.75568389893, 16.4350662231, -11.3538894653, 11.1678371429, -4.84421920776, 5.87973976135, -1.31756591797, 0.77596282959, -6.85223388672],
        "min": [-958.702392578, 66.9085388184, -82.2316131592, -8.68046188354, -29.6673736572, -25.0602989197, -47.6607437134, -22.5035552979, -26.6316375732, -18.837348938, -18.3565559387, -13.6801681519, -22.4770946503],
        "var": [2917.06469727, 572.477111816, 746.790344238, 388.550109863, 214.724685669, 171.502914429, 158.116897583, 91.1358947754, 57.7865715027, 92.2727279663, 68.5699462891, 40.1043663025, 37.2103385925],
        "cov": [[2935.07128906, -539.80859375, -797.338378906, 245.148635864, -333.477783203, 138.953613281, -295.913696289, 147.374786377, -152.848800659, 104.903160095, -122.581069946, 69.4962387085, -117.07219696], [-539.80859375, 576.010925293, -154.455383301, -312.602996826, 67.4801864624, -156.605239868, 120.676712036, -97.6320571899, 47.1517448425, -21.0616016388, 96.9629974365, -29.0710754395, 40.6293945312], [-797.338378906, -154.455383301, 751.400146484, 147.534515381, -45.8381271362, 149.582885742, 93.4058074951, 55.578792572, 0.938905894756, -42.7655715942, -33.885345459, 3.62003517151, 15.3746423721], [245.148635864, -312.602996826, 147.534515381, 390.948577881, 41.0558853149, 64.6911697388, -131.251724243, 64.3762893677, 0.283777058125, -25.236913681, -64.23072052, 12.8452920914, -2.01085400581], [-333.477783203, 67.4801864624, -45.8381271362, 41.0558853149, 216.05015564, -58.3432540894, -33.6945533752, -31.7913017273, 31.0821971893, -0.22557489574, 32.320438385, -5.34721183777, 17.6620788574], [138.953613281, -156.605239868, 149.582885742, 64.6911697388, -58.3432540894, 172.561569214, 39.4401550293, 42.8840484619, -22.9101428986, 21.6249542236, -11.2791690826, 17.9787025452, -18.2894439697], [-295.913696289, 120.676712036, 93.4058074951, -131.251724243, -33.6945533752, 39.4401550293, 159.092926025, 3.14000797272, -6.0906791687, 11.3481645584, 39.8896484375, 6.3615603447, 5.55968236923], [147.374786377, -97.6320571899, 55.578792572, 64.3762893677, -31.7913017273, 42.8840484619, 3.14000797272, 91.6984558105, -9.4267616272, 2.92569160461, -3.46192455292, 24.667470932, -3.79989314079], [-152.848800659, 47.1517448425, 0.938905894756, 0.283777058125, 31.0821971893, -22.9101428986, -6.0906791687, -9.4267616272, 58.1432762146, 7.93530368805, 5.59370040894, -9.04361248016, 7.80709266663], [104.903160095, -21.0616016388, -42.7655715942, -25.236913681, -0.22557489574, 21.6249542236, 11.3481645584, 2.92569160461, 7.93530368805, 92.8423080444, 32.9617614746, -3.24332714081, -24.8576221466], [-122.581069946, 96.9629974365, -33.885345459, -64.23072052, 32.320438385, -11.2791690826, 39.8896484375, -3.46192455292, 5.59370040894, 32.9617614746, 68.9932174683, 8.31933403015, -2.42731046677], [69.4962387085, -29.0710754395, 3.62003517151, 12.8452920914, -5.34721183777, 17.9787025452, 6.3615603447, 24.667470932, -9.04361248016, -3.24332714081, 8.31933403015, 40.3519248962, 9.34271335602], [-117.07219696, 40.6293945312, 15.3746423721, -2.01085400581, 17.6620788574, -18.2894439697, 5.55968236923, -3.79989314079, 7.80709266663, -24.8576221466, -2.42731046677, 9.34271335602, 37.440032959]],
        "icov": [[0.00573194772005, -0.00306712370366, 0.00728307152167, -0.00399939389899, 0.0075195254758, -0.00595335802063, 0.00723674148321, -0.00515505066141, 0.0090929698199, -0.00688046589494, 0.00908530224115, -0.00758204655722, 0.0060096536763], [-0.00306712370366, 0.00910654477775, -0.00329171516933, 0.0047712395899, -0.00393675407395, 0.00619943253696, -0.00700900377706, 0.00508677633479, -0.00840255618095, 0.0081727867946, -0.0127443987876, 0.00839107483625, -0.00716417841613], [0.00728307152167, -0.00329171516933, 0.0115199936554, -0.00616091024131, 0.00973835494369, -0.00858861207962, 0.00674697943032, -0.00656438572332, 0.0105407694355, -0.00733719626442, 0.0111271860078, -0.00793770514429, 0.00645929900929], [-0.00399939389899, 0.0047712395899, -0.00616091024131, 0.0103710656986, -0.00740647036582, 0.00284522981383, -0.000378950760933, 0.000918373349123, -0.00770779000595, 0.00660440232605, -0.00646072579548, 0.00624583475292, -0.00554850092158], [0.0075195254758, -0.00393675407395, 0.00973835494369, -0.00740647036582, 0.0171343553811, -0.00649092113599, 0.0100852129981, -0.00415725307539, 0.00994160305709, -0.00841809250414, 0.00615179166198, -0.00911555998027, 0.0052263434045], [-0.00595335802063, 0.00619943253696, -0.00858861207962, 0.00284522981383, -0.00649092113599, 0.0184516981244, -0.012813671492, 0.00594901666045, -0.00870313774794, 0.0054404232651, -0.00974353868514, 0.00521246250719, -0.00358681892976], [0.00723674148321, -0.00700900377706, 0.00674697943032, -0.000378950760933, 0.0100852129981, -0.012813671492, 0.0255647208542, -0.00935424212366, 0.0135132772848, -0.0096304025501, 0.00851054675877, -0.010044047609, 0.00552747584879], [-0.00515505066141, 0.00508677633479, -0.00656438572332, 0.000918373349123, -0.00415725307539, 0.00594901666045, -0.00935424212366, 0.0223898552358, -0.00975297391415, 0.00717190932482, -0.0119145717472, -0.000765974808019, -0.00415179785341], [0.0090929698199, -0.00840255618095, 0.0105407694355, -0.00770779000595, 0.00994160305709, -0.00870313774794, 0.0135132772848, -0.00975297391415, 0.037410940975, -0.0173070579767, 0.0180898401886, -0.00907694268972, 0.00501709338278], [-0.00688046589494, 0.0081727867946, -0.00733719626442, 0.00660440232605, -0.00841809250414, 0.0054404232651, -0.0096304025501, 0.00717190932482, -0.0173070579767, 0.0290582366288, -0.02451765351, 0.0134639060125, -0.000276882754406], [0.00908530224115, -0.0127443987876, 0.0111271860078, -0.00646072579548, 0.00615179166198, -0.00974353868514, 0.00851054675877, -0.0119145717472, 0.0180898401886, -0.02451765351, 0.0518763661385, -0.0251693185419, 0.0167817231268], [-0.00758204655722, 0.00839107483625, -0.00793770514429, 0.00624583475292, -0.00911555998027, 0.00521246250719, -0.010044047609, -0.000765974808019, -0.00907694268972, 0.0134639060125, -0.0251693185419, 0.0510390438139, -0.0244951732457], [0.0060096536763, -0.00716417841613, 0.00645929900929, -0.00554850092158, 0.0052263434045, -0.00358681892976, 0.00552747584879, -0.00415179785341, 0.00501709338278, -0.000276882754406, 0.0167817231268, -0.0244951732457, 0.0508357137442]]
    }
}

}