{
"metadata": {
    "version": {
        "essentia": "2.0.1",
        "extractor": "archive-music 1.0 mod ismir14"
    },
    "audio_properties": {
        "analysis_sample_rate": 44100,
        "bitrate": 112,
        "channels": 2,
        "equal_loudness": 0,
        "length": 30.0669155121,
        "replay_gain": -10.2191314697,
        "downmix": "mix"
    },
    "tags": {
        "track": 0,
        "year": 0,
        "album": "",
        "artist": "",
        "comment": "",
        "genre": "",
        "title": ""
    }
},
"rhythm": {
    "bpm": 172.265609741,
    "bpm_histogram_first_peak": 172,
    "bpm_histogram_first_peak_spread": 0,
    "bpm_histogram_first_peak_weight": 0.5,
    "bpm_histogram_second_peak": 178,
    "bpm_histogram_second_peak_spread": 0,
    "bpm_histogram_second_peak_weight": 0.27380952239
},
"tonal": {
    "tuning_frequency": {
        "dmean": 0.0185991451144,
        "dmean2": 0.0327466875315,
        "dvar": 0.018338188529,
        "dvar2": 0.0329977348447,
        "max": 435.448913574,
        "mean": 434.676757812,
        "median": 434.695007324,
        "min": 433.942382812,
        "var": 0.0205387100577
    },
    "hpcp": {
        "dmean": [0.128433033824, 0.208952262998, 0.180260568857, 0.277428865433, 0.0393033586442, 0.154564499855, 0.172896280885, 0.267308592796, 0.0952483043075, 0.090476885438, 0.248041152954, 0.0868267416954],
        "dmean2": [0.239009663463, 0.386997282505, 0.313364744186, 0.502936780453, 0.0685865953565, 0.269348204136, 0.312565684319, 0.467628091574, 0.169794276357, 0.159924924374, 0.427400112152, 0.157914966345],
        "dvar": [0.05412408337, 0.0782561600208, 0.0525801442564, 0.113593831658, 0.00673689134419, 0.0767113864422, 0.100440718234, 0.107185021043, 0.0456153564155, 0.0282886624336, 0.0785710588098, 0.0256518665701],
        "dvar2": [0.14631767571, 0.184314578772, 0.130935788155, 0.254264652729, 0.0199302434921, 0.179522782564, 0.242640838027, 0.274881988764, 0.127057418227, 0.0705697387457, 0.14719556272, 0.0745709687471],
        "max": [1, 1, 1, 1, 0.535692632198, 1, 1, 1, 1, 1, 1, 1],
        "mean": [0.106136955321, 0.239553436637, 0.176061928272, 0.400021135807, 0.0323696620762, 0.146294429898, 0.184899181128, 0.228737577796, 0.0670197606087, 0.0755702406168, 0.377582401037, 0.0708438232541],
        "median": [0.0232083480805, 0.0998618900776, 0.0741858929396, 0.150768592954, 0.00739682791755, 0.0257625225931, 0.0164697822183, 0.0468679480255, 0.0121111441404, 0.0192953087389, 0.19875690341, 0.0234191697091],
        "min": [0.000861324369907, 0.00463885441422, 0.000603656284511, 0.000170787592651, 7.03067780705e-05, 0.00112955423538, 0.000140945019666, 0.000356039265171, 0.000415067595895, 0.000126605780679, 0.000899762962945, 0.000534727936611],
        "var": [0.043609496206, 0.0991198197007, 0.0619826577604, 0.173837244511, 0.00543377036229, 0.0815624669194, 0.119817696512, 0.113413393497, 0.0324519909918, 0.02498873882, 0.145285323262, 0.0189426280558]
    }
},
"lowlevel": {
    "melbands": {
        "dmean": [2.871918241e-07, 1.42373683047e-05, 1.79776525329e-05, 0.000195951288333, 0.000169069098774, 7.89078694652e-05, 3.61983766197e-05, 3.23235071846e-05, 2.08996425499e-05, 1.41857572089e-05, 1.19283868116e-05, 9.07711182663e-06, 1.08158938019e-05, 4.63900778414e-06, 4.33454579252e-06, 3.09008305521e-06, 6.37022139927e-06, 2.63429160441e-06, 3.7145373426e-06, 8.731421417e-07, 1.11330234631e-06, 1.03834338461e-06, 6.91796230967e-07, 1.02782121303e-06, 2.37400763581e-06, 2.85549685941e-06, 6.66635230573e-07, 3.5281979649e-07, 1.50134880528e-07, 9.8593943676e-08, 3.98181221328e-08, 6.6211711669e-09, 1.10104514395e-09, 2.74788136689e-10, 7.44619158e-11, 3.01170442751e-11, 1.07668231969e-11, 2.69292964664e-12, 1.33599891133e-12, 3.3341989651e-13],
        "dmean2": [4.62949429902e-07, 2.43945287366e-05, 3.11730545945e-05, 0.000335076823831, 0.00030396936927, 0.000139041920193, 6.21558065177e-05, 5.4286683735e-05, 3.8989350287e-05, 2.67533032456e-05, 2.21872196562e-05, 1.76104313141e-05, 2.00102258532e-05, 8.64333833306e-06, 8.29823147797e-06, 5.67219649383e-06, 1.16450737551e-05, 4.64554659629e-06, 6.67547055855e-06, 1.5401805058e-06, 1.9422841433e-06, 1.87193199963e-06, 1.22020605886e-06, 1.82795577075e-06, 4.36627442468e-06, 5.35533627044e-06, 1.19497860851e-06, 6.47240085527e-07, 2.81567054117e-07, 1.85411053621e-07, 7.83608555821e-08, 1.24446897232e-08, 2.13397388649e-09, 5.2915993809e-10, 1.37862707361e-10, 5.33954894189e-11, 1.86950264297e-11, 3.82643179295e-12, 1.54834391836e-12, 4.56575966271e-13],
        "dvar": [9.67830416504e-14, 1.44413736525e-09, 7.72836128426e-10, 2.99710734453e-07, 3.92329511101e-08, 5.97697447091e-09, 1.75290593152e-09, 2.25706542345e-09, 3.24142779284e-09, 9.82486203505e-10, 8.73765115816e-10, 6.98398283649e-10, 9.98885973935e-10, 1.40516667746e-10, 1.73158071215e-10, 4.32337360357e-11, 3.82978621039e-10, 1.6447520429e-11, 5.20331486231e-11, 1.77296480448e-12, 2.24906508348e-12, 2.47157806374e-12, 1.41458242689e-12, 2.88077200983e-12, 3.31468602566e-11, 4.65633399893e-11, 9.53462027213e-13, 4.19670781416e-13, 1.17054179934e-13, 8.75880653271e-14, 2.16215256419e-14, 3.45225880057e-16, 2.49113845625e-17, 8.10268698134e-19, 2.49740027941e-20, 5.04517165759e-21, 8.89507136901e-22, 1.32810413192e-22, 9.74245805412e-23, 2.97784677365e-24],
        "dvar2": [2.1523226452e-13, 2.89878521187e-09, 2.02224814672e-09, 7.96361064204e-07, 1.10652287333e-07, 1.70567115987e-08, 4.80450790263e-09, 5.17329956651e-09, 9.82148673501e-09, 2.9853408634e-09, 2.69089595051e-09, 2.12255857335e-09, 2.86753376599e-09, 4.20396967238e-10, 5.4026910723e-10, 1.21792798069e-10, 1.10937925513e-09, 4.64353069884e-11, 1.48622433804e-10, 5.00347289642e-12, 6.66513719216e-12, 7.2736495646e-12, 4.11143038018e-12, 8.24593171522e-12, 9.79378453336e-11, 1.38047170917e-10, 2.51412887904e-12, 1.15384600746e-12, 3.3118153402e-13, 2.48065294434e-13, 6.45436056489e-14, 9.90841777523e-16, 7.3748088223e-17, 2.57269031692e-18, 7.65556690894e-20, 1.49879327037e-20, 2.47977014442e-21, 1.34191449891e-22, 9.38560073088e-23, 2.93344652646e-24],
        "max": [2.11194083022e-06, 0.000410323875258, 0.000231425496168, 0.00546042108908, 0.00118903629482, 0.000388196698623, 0.000225173411309, 0.00039182297769, 0.000373237940948, 0.000218196350033, 0.000160490948474, 0.000143861645483, 0.00025074268342, 9.28032895899e-05, 8.43388188514e-05, 5.9068450355e-05, 0.000183278723853, 2.61238565145e-05, 7.10696185706e-05, 1.28172277982e-05, 9.64460105024e-06, 9.29942052608e-06, 7.57982343202e-06, 1.18474436022e-05, 3.73090333596e-05, 5.34607206646e-05, 4.83370968141e-06, 4.17208411818e-06, 1.85922544915e-06, 2.20045239985e-06, 1.26480961171e-06, 1.50649313468e-07, 4.51945503244e-08, 6.20840934218e-09, 9.79643921539e-10, 5.48145917545e-10, 2.60080540437e-10, 1.34927999329e-10, 1.1197141131e-10, 1.77740339807e-11],
        "mean": [4.37658229657e-07, 1.85082026292e-05, 2.56754719885e-05, 0.000221229478484, 0.000204298848985, 9.45880092331e-05, 3.64948209608e-05, 3.52189599653e-05, 1.5234930288e-05, 1.01373680081e-05, 9.53834842221e-06, 5.59873888051e-06, 8.83344091562e-06, 3.34147102876e-06, 2.96763732877e-06, 2.37203676079e-06, 4.95238191434e-06, 2.38609777625e-06, 3.41991108144e-06, 9.38644802773e-07, 1.06488209894e-06, 9.51951278694e-07, 6.11337554801e-07, 8.45354122703e-07, 1.84292969152e-06, 2.0824177227e-06, 5.51419873318e-07, 2.74056048966e-07, 9.99707836513e-08, 6.12343669104e-08, 2.51092462378e-08, 4.22313473081e-09, 6.89832746481e-10, 1.97000846192e-10, 7.28729229738e-11, 3.09406875121e-11, 1.15793850203e-11, 3.28437884528e-12, 1.30695074988e-12, 3.01084434077e-13],
        "median": [3.55544983677e-07, 1.00298066172e-05, 1.42011213029e-05, 7.8751349065e-05, 0.000116097449791, 6.63525279379e-05, 2.01405346161e-05, 1.19916512631e-05, 3.37508777193e-06, 1.48234482822e-06, 1.14534066142e-06, 6.02813258865e-07, 9.32073021431e-07, 8.81988967194e-07, 6.52691198866e-07, 7.86344571679e-07, 1.78118227723e-06, 1.20617085031e-06, 1.58902003022e-06, 4.38831193605e-07, 5.54724181256e-07, 4.78597883102e-07, 1.99208002982e-07, 2.74645714171e-07, 5.66948017422e-07, 6.01435658609e-07, 2.17014104464e-07, 7.21673245607e-08, 1.91033624475e-08, 7.0396093399e-09, 2.45884645977e-09, 5.22988485852e-10, 1.2955081452e-10, 6.60386814677e-11, 3.49249761056e-11, 1.73281510668e-11, 6.38720369997e-12, 1.51557466663e-12, 9.2083831608e-14, 4.05786617144e-14],
        "min": [3.16129096234e-08, 9.67975211097e-07, 1.28488261453e-06, 1.44959039972e-06, 2.66705501417e-06, 3.27911180875e-07, 3.90321048371e-07, 1.75698417593e-07, 1.19397057574e-07, 3.14425925296e-08, 2.34619683681e-08, 1.97427336701e-08, 3.03636937815e-08, 9.79959846603e-09, 7.68989139033e-09, 2.22937721617e-08, 2.36078694371e-08, 3.60178340486e-08, 2.73198264011e-08, 2.56614218763e-09, 2.37504260703e-09, 1.12016718123e-09, 3.36681238444e-10, 5.08545594524e-10, 7.32376714829e-10, 3.8182865203e-10, 2.09994022171e-10, 1.43516004636e-10, 1.10094648675e-10, 6.05371863749e-11, 3.02323444057e-11, 1.48814710554e-11, 6.55960051901e-12, 4.58447819637e-12, 2.899862208e-12, 1.49765096158e-12, 1.25262278848e-12, 4.97261249104e-13, 2.02563643349e-14, 4.37314725041e-15],
        "var": [1.25921259639e-13, 1.66860458783e-09, 9.61618562556e-10, 2.34719877312e-07, 5.27986401266e-08, 8.20805645674e-09, 1.99002192502e-09, 3.38327255101e-09, 2.08649186817e-09, 6.29453045242e-10, 6.80379586004e-10, 4.10373901527e-10, 7.39626249135e-10, 8.47542938609e-11, 1.02756261833e-10, 3.07801215071e-11, 2.33251223891e-10, 1.37913361287e-11, 4.12384362769e-11, 1.93902207658e-12, 2.03879838359e-12, 2.00639700167e-12, 1.2090021909e-12, 2.29127394141e-12, 1.96595014573e-11, 2.90898676675e-11, 8.54981883902e-13, 2.98187445872e-13, 7.27142548647e-14, 5.44066372087e-14, 1.32521006633e-14, 2.32679077108e-16, 1.33945257329e-17, 4.40581933447e-19, 1.89795557575e-20, 3.43926391011e-21, 5.82407145839e-22, 1.45175574379e-22, 1.01245835388e-22, 3.0739079438e-24]
    },
    "mfcc": {
        "dmean": [37.9089508057, 13.9038820267, 25.5047283173, 16.5237083435, 13.1260566711, 9.07132530212, 9.0670003891, 11.4990062714, 7.39999198914, 7.15279960632, 8.36469364166, 7.80282020569, 7.04858779907],
        "dmean2": [65.9951324463, 21.5446205139, 42.4755020142, 26.7153835297, 21.9078063965, 15.0323143005, 15.2328052521, 19.3600940704, 12.1411399841, 11.2352981567, 13.4938936234, 12.6088924408, 11.6362752914],
        "dvar": [944.568481445, 150.963027954, 442.114959717, 240.542800903, 133.273117065, 65.8288803101, 54.4187583923, 79.7317199707, 28.2498645782, 36.1799888611, 33.1832389832, 35.7485427856, 28.2856140137],
        "dvar2": [2857.29907227, 330.294647217, 1209.01025391, 541.764404297, 409.928466797, 164.239379883, 133.260543823, 187.713516235, 83.5224075317, 83.1090393066, 90.7562332153, 98.5967254639, 71.475479126],
        "max": [-757.335632324, 215.852630615, 72.5543518066, 101.094406128, 39.1577796936, 4.99355316162, 25.9635696411, 19.971704483, -4.439453125, 25.544801712, 7.5206413269, 5.5636138916, 10.9313278198],
        "mean": [-844.867126465, 178.923583984, -35.8013000488, 29.064458847, 10.2511014938, -28.5116138458, -5.90913677216, -28.6595745087, -27.7225093842, -4.67765665054, -12.2328538895, -15.5546035767, -6.60820055008],
        "median": [-842.286743164, 178.491638184, -39.3226737976, 28.9215736389, 12.6389312744, -28.7447013855, -5.78426361084, -32.4958572388, -27.7779769897, -3.83065795898, -11.6582241058, -15.5392608643, -5.21157836914],
        "min": [-985.004455566, 120.134284973, -103.368667603, -16.9293327332, -43.1649932861, -67.8317871094, -30.5613174438, -54.8327713013, -56.5363540649, -33.6960830688, -36.7287940979, -42.8611106873, -29.6248588562],
        "var": [1521.64306641, 307.38571167, 895.736938477, 407.029052734, 280.940216064, 160.762191772, 97.301864624, 226.777633667, 69.1179580688, 144.240203857, 75.6947402954, 63.0413513184, 68.4822616577],
        "cov": [[1531.03601074, -61.1143913269, -1055.72265625, 290.238830566, -283.488586426, -228.165466309, 230.497665405, -62.1694526672, 41.3806533813, -81.9700012207, -41.0774726868, 78.376335144, -112.938430786], [-61.1143913269, 309.28314209, 194.293273926, -260.54876709, -26.75050354, -47.4332962036, -19.8439731598, 161.500015259, -10.1908655167, -52.5627708435, -7.15292406082, -19.8727054596, -1.78785514832], [-1055.72265625, 194.293273926, 901.266174316, -250.618148804, 133.019165039, 141.395874023, -178.369567871, 100.600624084, -15.3018493652, -5.89714241028, 19.5916442871, -58.1528739929, 46.699962616], [290.238830566, -260.54876709, -250.618148804, 409.541564941, 69.583480835, 16.9427318573, 20.6436977386, -212.989990234, -8.2256975174, 42.1508712769, -22.1348609924, 13.7750940323, -20.3690376282], [-283.488586426, -26.75050354, 133.019165039, 69.583480835, 282.674407959, 115.36089325, -78.8021011353, -104.968170166, -54.7543830872, 96.9442520142, 2.49898695946, -32.7940444946, 58.5955276489], [-228.165466309, -47.4332962036, 141.395874023, 16.9427318573, 115.36089325, 161.754562378, -30.8561859131, -94.4311523438, -2.3833155632, 55.1906890869, 26.9955596924, 5.1807141304, 22.9705410004], [230.497665405, -19.8439731598, -178.369567871, 20.6436977386, -78.8021011353, -30.8561859131, 97.9024963379, 19.8064594269, -4.32323026657, -8.95990276337, -1.37014293671, 20.6586742401, -14.7129678726], [-62.1694526672, 161.500015259, 100.600624084, -212.989990234, -104.968170166, -94.4311523438, 19.8064594269, 228.177490234, 26.3112068176, -102.323410034, -10.8659543991, -2.44315075874, -10.0726995468], [41.3806533813, -10.1908655167, -15.3018493652, -8.2256975174, -54.7543830872, -2.3833155632, -4.32323026657, 26.3112068176, 69.5446166992, -17.481048584, -15.5093727112, 15.0593643188, -9.83141613007], [-81.9700012207, -52.5627708435, -5.89714241028, 42.1508712769, 96.9442520142, 55.1906890869, -8.95990276337, -102.323410034, -17.481048584, 145.130569458, 36.9011688232, -28.9666633606, 35.2952079773], [-41.0774726868, -7.15292406082, 19.5916442871, -22.1348609924, 2.49898695946, 26.9955596924, -1.37014293671, -10.8659543991, -15.5093727112, 36.9011688232, 76.1619873047, 12.5281324387, -3.54562973976], [78.376335144, -19.8727054596, -58.1528739929, 13.7750940323, -32.7940444946, 5.1807141304, 20.6586742401, -2.44315075874, 15.0593643188, -28.9666633606, 12.5281324387, 63.4304962158, 5.32164525986], [-112.938430786, -1.78785514832, 46.699962616, -20.3690376282, 58.5955276489, 22.9705410004, -14.7129678726, -10.0726995468, -9.83141613007, 35.2952079773, -3.54562973976, 5.32164525986, 68.9049911499]],
        "icov": [[131.654907227, -182.691802979, 172.938949585, -156.839797974, 137.085800171, -114.93964386, 91.190322876, -68.6874542236, 48.8155021667, -31.4692363739, 18.7467937469, -9.33607959747, 3.41874074936], [-182.691802979, 253.524765015, -239.98727417, 217.65763855, -190.248672485, 159.525177002, -126.572120667, 95.3455963135, -67.7667312622, 43.6946105957, -26.0321025848, 12.9687633514, -4.74677181244], [172.938949585, -239.98727417, 227.191574097, -206.058914185, 180.130203247, -151.063262939, 119.884666443, -90.3258895874, 64.2152633667, -41.4189109802, 24.6892242432, -12.3101854324, 4.51071310043], [-156.839797974, 217.65763855, -206.058914185, 186.923400879, -163.419769287, 137.07824707, -108.815536499, 82.0183258057, -58.3264083862, 37.6463661194, -22.4518032074, 11.2117986679, -4.10844945908], [137.085800171, -190.248672485, 180.130203247, -163.419769287, 142.912277222, -119.908309937, 95.2284927368, -71.8010101318, 51.0953407288, -33.0051422119, 19.7058296204, -9.85788631439, 3.61565136909], [-114.93964386, 159.525177002, -151.063262939, 137.07824707, -119.908309937, 100.666778564, -79.9888381958, 60.3569984436, -42.9797897339, 27.7966594696, -16.6207695007, 8.33671474457, -3.06547522545], [91.190322876, -126.572120667, 119.884666443, -108.815536499, 95.2284927368, -79.9888381958, 63.6381378174, -48.0499038696, 34.2565498352, -22.1964015961, 13.2970285416, -6.70393896103, 2.4714884758], [-68.6874542236, 95.3455963135, -90.3258895874, 82.0183258057, -71.8010101318, 60.3569984436, -48.0499038696, 36.3362731934, -25.9244976044, 16.8343505859, -10.1026535034, 5.11567783356, -1.89242088795], [48.8155021667, -67.7667312622, 64.2152633667, -58.3264083862, 51.0953407288, -42.9797897339, 34.2565498352, -25.9244976044, 18.5439243317, -12.0548830032, 7.25779342651, -3.69459962845, 1.37101757526], [-31.4692363739, 43.6946105957, -41.4189109802, 37.6463661194, -33.0051422119, 27.7966594696, -22.1964015961, 16.8343505859, -12.0548830032, 7.88756990433, -4.76285839081, 2.45045280457, -0.918374657631], [18.7467937469, -26.0321025848, 24.6892242432, -22.4518032074, 19.7058296204, -16.6207695007, 13.2970285416, -10.1026535034, 7.25779342651, -4.76285839081, 2.90488219261, -1.50282919407, 0.567945063114], [-9.33607959747, 12.9687633514, -12.3101854324, 11.2117986679, -9.85788631439, 8.33671474457, -6.70393896103, 5.11567783356, -3.69459962845, 2.45045280457, -1.50282919407, 0.816013336182, -0.310826122761], [3.41874074936, -4.74677181244, 4.51071310043, -4.10844945908, 3.61565136909, -3.06547522545, 2.4714884758, -1.89242088795, 1.37101757526, -0.918374657631, 0.567945063114, -0.310826122761, 0.140806391835]]
    }
}

}