{
"metadata": {
    "version": {
        "essentia": "2.0.1",
        "extractor": "archive-music 1.0 mod ismir14"
    },
    "audio_properties": {
        "analysis_sample_rate": 44100,
        "bitrate": 128,
        "channels": 2,
        "equal_loudness": 0,
        "length": 30.0669155121,
        "replay_gain": -14.7827281952,
        "downmix": "mix"
    },
    "tags": {
        "track": 0,
        "year": 0,
        "album": "",
        "artist": "",
        "comment": "",
        "genre": "",
        "title": ""
    }
},
"rhythm": {
    "bpm": 109.23135376,
    "bpm_histogram_first_peak": 110,
    "bpm_histogram_first_peak_spread": 0.509433984756,
    "bpm_histogram_first_peak_weight": 0.490566045046,
    "bpm_histogram_second_peak": 0,
    "bpm_histogram_second_peak_spread": 0,
    "bpm_histogram_second_peak_weight": 0
},
"tonal": {
    "tuning_frequency": {
        "dmean": 0.105759419501,
        "dmean2": 0.180967539549,
        "dvar": 0.247502997518,
        "dvar2": 0.349503368139,
        "max": 446.657836914,
        "mean": 441.630310059,
        "median": 441.782684326,
        "min": 440.508575439,
        "var": 1.09094679356
    },
    "hpcp": {
        "dmean": [0.125156536698, 0.0980325713754, 0.0592249818146, 0.15797509253, 0.041028290987, 0.138768553734, 0.0476899296045, 0.100040867925, 0.141631752253, 0.0384549424052, 0.167184367776, 0.0640345290303],
        "dmean2": [0.234224021435, 0.180053398013, 0.109310224652, 0.267430454493, 0.0742823109031, 0.227222755551, 0.0898004472256, 0.180991396308, 0.250702410936, 0.0737715810537, 0.268886238337, 0.120374657214],
        "dvar": [0.0459066219628, 0.0579780638218, 0.0104827266186, 0.0675439909101, 0.0118619324639, 0.0484318435192, 0.013573189266, 0.0322281420231, 0.0362738110125, 0.00608703354374, 0.0619382634759, 0.0213998574764],
        "dvar2": [0.113611981273, 0.114454351366, 0.0251573119313, 0.15244576335, 0.0251396838576, 0.0999286472797, 0.0376669429243, 0.0790822207928, 0.0881098508835, 0.017390254885, 0.127509608865, 0.0578379966319],
        "max": [1, 1, 0.710443675518, 1, 1, 1, 0.837884902954, 1, 1, 0.51825594902, 1, 0.912726163864],
        "mean": [0.167047858238, 0.249904990196, 0.0437839217484, 0.458471149206, 0.0359205082059, 0.252701193094, 0.0336103513837, 0.102746590972, 0.229006409645, 0.0272906124592, 0.224051326513, 0.0450222529471],
        "median": [0.0376353785396, 0.0163139253855, 0.0110120894387, 0.291601270437, 0.0100404545665, 0.078797750175, 0.0103887272999, 0.0255601797253, 0.110835768282, 0.0106131667271, 0.0837635919452, 0.0096480390057],
        "min": [3.91889370803e-05, 0.0001990833116, 8.3846221969e-05, 0.00077400135342, 0.00013612517796, 0.000580439635087, 0.000380204088287, 0.00102170801256, 0.000819813983981, 0.00030079568387, 0.000438811111962, 0.000826846866403],
        "var": [0.0801574885845, 0.165261521935, 0.00859321560711, 0.19088293612, 0.0116313565522, 0.123779401183, 0.00799217727035, 0.0380579866469, 0.0908524468541, 0.00346192228608, 0.0968663468957, 0.0141145875677]
    }
},
"lowlevel": {
    "melbands": {
        "dmean": [0.000147938262671, 0.00025904897484, 0.000172245796421, 0.000117477451568, 4.523212192e-05, 5.70932752453e-05, 2.55865525105e-05, 4.08138439525e-05, 6.04005799687e-05, 4.42379059677e-05, 9.44993371377e-06, 1.09746042654e-05, 7.65931326896e-06, 7.8928151197e-06, 6.20577293375e-06, 6.95285052643e-06, 6.27432791589e-06, 6.76277522871e-06, 3.67058828488e-06, 5.3891171774e-06, 2.36405571741e-06, 1.61828381806e-06, 1.87024340903e-06, 1.22905021271e-06, 6.62314448618e-07, 4.389737569e-07, 2.93226293024e-07, 2.21385363375e-07, 2.49548264719e-07, 1.9164028231e-07, 1.61011200817e-07, 1.70826510271e-07, 1.62161072126e-07, 1.21266225506e-07, 9.54706607104e-08, 6.63457342398e-08, 3.88343970315e-08, 1.47582213117e-08, 3.08481862277e-09, 2.32363350783e-10],
        "dmean2": [0.000272972887615, 0.000434172456153, 0.000268074421911, 0.000194822438061, 7.18858718756e-05, 9.7197429568e-05, 4.41407464677e-05, 6.7888177e-05, 0.000100904020655, 7.07672079443e-05, 1.66129957506e-05, 2.02071769309e-05, 1.37296801768e-05, 1.44089453897e-05, 1.09480870378e-05, 1.224881089e-05, 1.06327242975e-05, 1.16324281407e-05, 6.30200156593e-06, 8.25337701826e-06, 3.99868304157e-06, 2.85526948574e-06, 3.04737091028e-06, 2.01268994715e-06, 1.19577714486e-06, 7.96273468495e-07, 5.42992722785e-07, 4.11427294011e-07, 4.49211398745e-07, 3.53611682158e-07, 2.95105053283e-07, 3.1430070635e-07, 3.02176943023e-07, 2.26748895216e-07, 1.78077144142e-07, 1.26879427853e-07, 7.44748049897e-08, 2.85708843251e-08, 5.92099524965e-09, 4.49980191997e-10],
        "dvar": [4.52032615783e-08, 8.69883294286e-08, 3.47276838397e-08, 1.25473809121e-08, 1.47244372251e-09, 5.71581937336e-09, 1.15089981989e-09, 4.68048488855e-09, 1.15813341139e-08, 7.1288579484e-09, 4.22270635125e-10, 9.59755275254e-10, 3.76286418691e-10, 1.89642995752e-10, 1.8823709258e-10, 2.00144623097e-10, 1.28378904729e-10, 1.62934540859e-10, 3.62117419384e-11, 2.29847335609e-10, 1.40196465548e-11, 5.1215312373e-12, 1.39941409155e-11, 3.96824977392e-12, 8.06713745284e-13, 2.49495167364e-13, 9.61861883544e-14, 6.36550545347e-14, 8.15968725421e-14, 5.53805014813e-14, 3.81230149445e-14, 5.66346320156e-14, 6.89119713983e-14, 6.25234523985e-14, 6.49453296589e-14, 4.54581915187e-14, 2.26789751258e-14, 3.39404174965e-15, 1.00178044041e-16, 1.00114103807e-18],
        "dvar2": [1.2489269352e-07, 2.05359384609e-07, 8.37592963876e-08, 3.83749103605e-08, 3.65411856329e-09, 1.45190650613e-08, 2.48983811346e-09, 1.16358105373e-08, 3.45383313061e-08, 1.67186922084e-08, 1.21528853647e-09, 2.79511636059e-09, 1.06667175093e-09, 5.69486069413e-10, 5.44431000282e-10, 5.29836008401e-10, 3.40033834423e-10, 4.129496467e-10, 9.77053507545e-11, 3.85532245017e-10, 3.00167148082e-11, 1.53616182275e-11, 2.95589872024e-11, 7.85713074464e-12, 1.95656663614e-12, 6.24974247701e-13, 2.58097118981e-13, 1.56987704086e-13, 1.98884962319e-13, 1.31757614801e-13, 9.84996792789e-14, 1.55156988061e-13, 1.92773680591e-13, 1.83865103047e-13, 1.94150752875e-13, 1.359129416e-13, 6.78124684227e-14, 1.01285726496e-14, 2.97144134215e-16, 2.97878533287e-18],
        "max": [0.000847185961902, 0.00189715053421, 0.00165294308681, 0.000721736578271, 0.000289058574708, 0.000421099597588, 0.000177804031409, 0.000483406969579, 0.000826822826639, 0.000672217807733, 0.000133030407596, 0.000262400310021, 0.000154213645146, 9.23905972741e-05, 0.000117938412586, 9.71081462922e-05, 8.11318823253e-05, 0.000108295025711, 3.53207324224e-05, 0.000184805030585, 3.63607359759e-05, 1.3919160665e-05, 3.1209703593e-05, 1.6785279513e-05, 5.32764033778e-06, 3.41724194186e-06, 1.46802460677e-06, 1.20088100175e-06, 1.58485659085e-06, 1.03619390757e-06, 8.71741747233e-07, 1.41806799547e-06, 1.95279130821e-06, 2.09379390981e-06, 2.29432293963e-06, 1.95145184989e-06, 1.38821621931e-06, 5.33812624326e-07, 9.18356661828e-08, 9.2380592065e-09],
        "mean": [0.000154391193064, 0.00066719588358, 0.00047940024524, 0.00017892208416, 7.526990521e-05, 6.8882953201e-05, 3.43279352819e-05, 4.40553340013e-05, 6.13255833741e-05, 4.38735369244e-05, 9.1349493232e-06, 9.83945028565e-06, 6.3986431087e-06, 6.44944293526e-06, 5.83908922636e-06, 6.68977736495e-06, 6.21398976364e-06, 6.21144818069e-06, 3.40888914252e-06, 6.61114609102e-06, 2.85159126179e-06, 1.99530563805e-06, 2.60714750766e-06, 1.57284227953e-06, 7.81545509199e-07, 4.7942916126e-07, 2.70111257805e-07, 1.88502781384e-07, 2.14647059238e-07, 1.54073688918e-07, 1.23524472428e-07, 1.26342698081e-07, 1.17131065736e-07, 8.67669243121e-08, 6.97113620163e-08, 4.58387461322e-08, 2.56280490163e-08, 9.5076737594e-09, 2.04473216137e-09, 1.45893921943e-10],
        "median": [0.000101645477116, 0.000676566094626, 0.000454180204542, 0.00014725944493, 5.80774758419e-05, 2.61938366748e-05, 1.98163506866e-05, 2.01857164939e-05, 2.2391353923e-05, 1.04775745058e-05, 3.56009218194e-06, 3.82586767955e-06, 2.52445374826e-06, 1.8038425651e-06, 2.21566097025e-06, 2.23207825911e-06, 2.23397978516e-06, 1.78857101218e-06, 1.18299578844e-06, 1.03187767309e-06, 1.12068426006e-06, 1.06256925392e-06, 8.10806682239e-07, 5.38579229215e-07, 4.0228655962e-07, 2.65995737436e-07, 1.51188572772e-07, 8.99919712083e-08, 8.89014941663e-08, 5.40302202978e-08, 4.54767743463e-08, 4.3556791951e-08, 3.62843870505e-08, 2.82513177297e-08, 2.1157523733e-08, 1.45281502384e-08, 6.81958489679e-09, 2.63518140642e-09, 6.15660578074e-10, 3.35805966367e-11],
        "min": [1.79100413789e-06, 2.10877874451e-06, 2.99409543913e-06, 4.23988421971e-06, 2.99217367683e-06, 3.86345561765e-07, 1.00684587778e-06, 2.01337417849e-08, 2.6260102004e-07, 5.01372845463e-08, 2.33089636481e-08, 1.43513103623e-08, 2.27085585891e-08, 1.65373492678e-08, 9.02780605827e-09, 6.2208873608e-09, 9.47796596762e-09, 8.6630969065e-09, 8.36012237215e-09, 9.56080103975e-09, 5.64371838152e-09, 5.8745763809e-09, 7.09630398887e-09, 4.42195524641e-09, 2.70412958692e-09, 2.07035788513e-09, 6.2534322165e-10, 3.50989570741e-10, 2.17270521019e-10, 1.92881238759e-10, 7.77846537181e-11, 3.02984200229e-11, 1.15539270859e-11, 4.73258541731e-12, 2.94408529673e-12, 1.52966007916e-12, 1.04632459381e-12, 4.16995431241e-13, 1.51084131778e-14, 6.94195338691e-15],
        "var": [3.3071206218e-08, 1.77254861455e-07, 7.05974585458e-08, 1.6929902813e-08, 3.35359673365e-09, 7.99623656178e-09, 1.5001220266e-09, 5.0436637089e-09, 1.05777528958e-08, 9.60122648053e-09, 3.24532151152e-10, 5.88578796812e-10, 2.49922804674e-10, 1.43549810927e-10, 1.36171587894e-10, 1.69511835124e-10, 1.33151475956e-10, 1.51386500558e-10, 3.29168046986e-11, 4.88563245415e-10, 2.2936196345e-11, 6.84606624862e-12, 2.94688613789e-11, 9.06898774827e-12, 1.06165542937e-12, 3.44860343624e-13, 9.46410308521e-14, 5.44196103653e-14, 8.02373846618e-14, 5.02523641189e-14, 3.14095503892e-14, 4.18462837895e-14, 4.65189512074e-14, 3.80199378111e-14, 3.70865955947e-14, 2.47458947593e-14, 1.20535744539e-14, 1.78924253987e-15, 5.47904883205e-17, 5.30464878072e-19]
    },
    "mfcc": {
        "dmean": [43.7800521851, 22.0535106659, 19.0205936432, 12.1106653214, 12.3525457382, 9.93729686737, 8.47344398499, 7.24378061295, 7.19618034363, 7.52246618271, 6.78329896927, 5.71914100647, 5.83093166351],
        "dmean2": [71.1014862061, 36.2241439819, 30.2392883301, 19.8353309631, 19.1455516815, 16.7873916626, 12.4823989868, 11.751411438, 12.0054540634, 12.4693508148, 10.9397602081, 9.2280921936, 9.29761695862],
        "dvar": [1165.22875977, 307.103668213, 272.484039307, 99.7508163452, 92.595161438, 56.9708900452, 46.7689476013, 33.0251579285, 26.8997459412, 48.3782615662, 28.8526477814, 21.4091835022, 17.9834270477],
        "dvar2": [2987.7409668, 868.608337402, 765.478881836, 222.863723755, 230.89642334, 129.293533325, 116.510787964, 90.9314346313, 73.7235183716, 89.7900543213, 76.2674255371, 58.0281639099, 44.6328887939],
        "max": [-678.17755127, 228.102630615, 90.8571166992, 85.0634002686, 40.572681427, 46.8772888184, 15.0822601318, 36.6266937256, 15.0705528259, 32.6075401306, 20.9685783386, 17.7202167511, 5.57984924316],
        "mean": [-776.018859863, 173.564880371, -2.25373744965, 39.3709831238, 6.64548587799, 14.9357862473, -11.5715970993, 9.62477588654, -4.29616498947, 5.84008789062, 0.0962809547782, 0.731429696083, -7.03138780594],
        "median": [-766.610351562, 177.844329834, -0.299781799316, 37.8949813843, 7.75820922852, 15.7667770386, -10.220205307, 10.8602237701, -4.71918869019, 5.68146514893, -1.01209640503, 1.23446655273, -6.95917892456],
        "min": [-961.23449707, 67.917755127, -82.0642852783, -9.57725143433, -28.1788635254, -24.6236381531, -47.8650360107, -22.2450942993, -27.1963233948, -18.8159408569, -18.0753707886, -13.5268821716, -21.8971633911],
        "var": [2930.82006836, 577.196655273, 765.643188477, 391.752929688, 210.327880859, 165.810745239, 155.489532471, 89.3726119995, 56.715461731, 93.5219116211, 67.3594970703, 39.6736068726, 37.6794395447],
        "cov": [[2948.91162109, -535.395324707, -810.079650879, 232.984176636, -315.84197998, 124.206611633, -287.976135254, 141.864624023, -145.451721191, 102.56917572, -119.58959198, 64.0160827637, -111.693962097], [-535.395324707, 580.75958252, -162.33934021, -310.500732422, 59.6041603088, -152.143798828, 114.267700195, -95.1054153442, 39.5169448853, -16.183763504, 94.1214675903, -25.7598228455, 40.7827835083], [-810.079650879, -162.33934021, 770.369384766, 150.087966919, -50.5759315491, 151.986373901, 97.5686340332, 55.3916931152, 3.71430039406, -45.6450691223, -34.732093811, 2.78918075562, 11.4239730835], [232.984176636, -310.500732422, 150.087966919, 394.171142578, 50.1337394714, 58.4998855591, -128.402770996, 62.2013092041, 3.81127882004, -27.9836902618, -62.2690925598, 11.0043907166, -1.83177018166], [-315.84197998, 59.6041603088, -50.5759315491, 50.1337394714, 211.626205444, -52.6215171814, -38.5461082458, -28.9680328369, 28.5145015717, 0.966190695763, 30.4073619843, -5.13936233521, 17.9435176849], [124.206611633, -152.143798828, 151.986373901, 58.4998855591, -52.6215171814, 166.834274292, 43.9602394104, 39.5103187561, -19.749917984, 20.0092086792, -9.15906906128, 17.3807678223, -18.4679393768], [-287.976135254, 114.267700195, 97.5686340332, -128.402770996, -38.5461082458, 43.9602394104, 156.44934082, 5.28484678268, -8.15867805481, 12.0282611847, 39.0566291809, 6.95246505737, 4.76553058624], [141.864624023, -95.1054153442, 55.3916931152, 62.2013092041, -28.9680328369, 39.5103187561, 5.28484678268, 89.9243011475, -7.85182380676, 0.275487661362, -3.31057405472, 23.69490242, -4.07845067978], [-145.451721191, 39.5169448853, 3.71430039406, 3.81127882004, 28.5145015717, -19.749917984, -8.15867805481, -7.85182380676, 57.0655555725, 9.0643901825, 4.00511360168, -7.79502439499, 6.78879928589], [102.56917572, -16.183763504, -45.6450691223, -27.9836902618, 0.966190695763, 20.0092086792, 12.0282611847, 0.275487661362, 9.0643901825, 94.0992050171, 35.1424598694, -5.25065612793, -24.6163654327], [-119.58959198, 94.1214675903, -34.732093811, -62.2690925598, 30.4073619843, -9.15906906128, 39.0566291809, -3.31057405472, 4.00511360168, 35.1424598694, 67.7752914429, 8.22850704193, -3.87981343269], [64.0160827637, -25.7598228455, 2.78918075562, 11.0043907166, -5.13936233521, 17.3807678223, 6.95246505737, 23.69490242, -7.79502439499, -5.25065612793, 8.22850704193, 39.9185066223, 10.2780618668], [-111.693962097, 40.7827835083, 11.4239730835, -1.83177018166, 17.9435176849, -18.4679393768, 4.76553058624, -4.07845067978, 6.78879928589, -24.6163654327, -3.87981343269, 10.2780618668, 37.9120292664]],
        "icov": [[0.00584577070549, -0.00274928868748, 0.00748752383515, -0.00403770292178, 0.0079308738932, -0.00646034255624, 0.00753264967352, -0.00559828337282, 0.00954044889659, -0.00757704023272, 0.00979078095406, -0.00731692509726, 0.0056363097392], [-0.00274928868748, 0.00840816181153, -0.00293308869004, 0.00440635811538, -0.00364060653374, 0.00612979987636, -0.00658443756402, 0.00500956550241, -0.0077738002874, 0.00795319955796, -0.0124697908759, 0.00770511990413, -0.00678120087832], [0.00748752383515, -0.00293308869004, 0.0118465851992, -0.00628192024305, 0.0104455826804, -0.00932267215103, 0.00716522196308, -0.0071063102223, 0.0110380500555, -0.00816062651575, 0.0120213385671, -0.00761716580018, 0.00621092878282], [-0.00403770292178, 0.00440635811538, -0.00628192024305, 0.0101935788989, -0.00768296699971, 0.00323619507253, -0.000486175558763, 0.00114766228944, -0.00767743773758, 0.00690491357818, -0.0070666782558, 0.00620908150449, -0.00540121831], [0.0079308738932, -0.00364060653374, 0.0104455826804, -0.00768296699971, 0.0182862766087, -0.00784121546894, 0.0111347008497, -0.00515233073384, 0.0109567642212, -0.00941041298211, 0.00690803397447, -0.00840844586492, 0.00424891058356], [-0.00646034255624, 0.00612979987636, -0.00932267215103, 0.00323619507253, -0.00784121546894, 0.020035488531, -0.014216571115, 0.00712243048474, -0.009865607135, 0.00647905142978, -0.0104310410097, 0.00442056450993, -0.00292966375127], [0.00753264967352, -0.00658443756402, 0.00716522196308, -0.000486175558763, 0.0111347008497, -0.014216571115, 0.0269827302545, -0.0105087589473, 0.0146007984877, -0.0105368662626, 0.00860766321421, -0.0089295245707, 0.00422075670213], [-0.00559828337282, 0.00500956550241, -0.0071063102223, 0.00114766228944, -0.00515233073384, 0.00712243048474, -0.0105087589473, 0.0232578329742, -0.010738206096, 0.00852059666067, -0.0128562431782, -0.000744803168345, -0.00361282913946], [0.00954044889659, -0.0077738002874, 0.0110380500555, -0.00767743773758, 0.0109567642212, -0.009865607135, 0.0146007984877, -0.010738206096, 0.0383088067174, -0.0188259202987, 0.0200665034354, -0.00997269619256, 0.00546443136409], [-0.00757704023272, 0.00795319955796, -0.00816062651575, 0.00690491357818, -0.00941041298211, 0.00647905142978, -0.0105368662626, 0.00852059666067, -0.0188259202987, 0.0308622941375, -0.0275030843914, 0.0152007099241, -0.00176014902536], [0.00979078095406, -0.0124697908759, 0.0120213385671, -0.0070666782558, 0.00690803397447, -0.0104310410097, 0.00860766321421, -0.0128562431782, 0.0200665034354, -0.0275030843914, 0.0564141608775, -0.0273525975645, 0.0192169789225], [-0.00731692509726, 0.00770511990413, -0.00761716580018, 0.00620908150449, -0.00840844586492, 0.00442056450993, -0.0089295245707, -0.000744803168345, -0.00997269619256, 0.0152007099241, -0.0273525975645, 0.0517593584955, -0.0252502597868], [0.0056363097392, -0.00678120087832, 0.00621092878282, -0.00540121831, 0.00424891058356, -0.00292966375127, 0.00422075670213, -0.00361282913946, 0.00546443136409, -0.00176014902536, 0.0192169789225, -0.0252502597868, 0.0504777319729]]
    }
}

}