{
"metadata": {
    "version": {
        "essentia": "2.0.1",
        "extractor": "archive-music 1.0 mod ismir14"
    },
    "audio_properties": {
        "analysis_sample_rate": 44100,
        "bitrate": 96,
        "channels": 2,
        "equal_loudness": 0,
        "length": 30.0669155121,
        "replay_gain": -13.4122962952,
        "downmix": "mix"
    },
    "tags": {
        "track": 0,
        "year": 0,
        "album": "",
        "artist": "",
        "comment": "",
        "genre": "",
        "title": ""
    }
},
"rhythm": {
    "bpm": 88.2892990112,
    "bpm_histogram_first_peak": 89,
    "bpm_histogram_first_peak_spread": 0.333333313465,
    "bpm_histogram_first_peak_weight": 0.651162803173,
    "bpm_histogram_second_peak": 94,
    "bpm_histogram_second_peak_spread": 0,
    "bpm_histogram_second_peak_weight": 0.0232558138669
},
"tonal": {
    "tuning_frequency": {
        "dmean": 0.234031543136,
        "dmean2": 0.448955178261,
        "dvar": 3.02829957008,
        "dvar2": 6.18900918961,
        "max": 453.154663086,
        "mean": 441.479064941,
        "median": 441.017791748,
        "min": 431.692352295,
        "var": 22.954082489
    },
    "hpcp": {
        "dmean": [0.16986553371, 0.171765550971, 0.164326310158, 0.231637150049, 0.0889986157417, 0.152417212725, 0.20382604003, 0.246117413044, 0.159097313881, 0.130923777819, 0.259558916092, 0.074648424983],
        "dmean2": [0.285077780485, 0.301903218031, 0.287053406239, 0.40723028779, 0.159302860498, 0.257848620415, 0.351014018059, 0.413142204285, 0.270733714104, 0.230702295899, 0.44034460187, 0.131105199456],
        "dvar": [0.0407620482147, 0.0620447620749, 0.0574569776654, 0.0767542645335, 0.0219505503774, 0.0507071278989, 0.0612471029162, 0.0690243020654, 0.0479280054569, 0.0358710736036, 0.0717844441533, 0.019540887326],
        "dvar2": [0.0974032208323, 0.162254482508, 0.135828778148, 0.179433181882, 0.0597848556936, 0.106459677219, 0.147539183497, 0.164666816592, 0.115590631962, 0.0974195823073, 0.151168301702, 0.0523981787264],
        "max": [1, 1, 1, 1, 1, 1, 1, 1, 1, 1, 1, 1],
        "mean": [0.239643186331, 0.147805303335, 0.167730391026, 0.276761651039, 0.0785962939262, 0.259682476521, 0.279131323099, 0.332409024239, 0.190619677305, 0.117530696094, 0.618156015873, 0.0741911754012],
        "median": [0.135573834181, 0.0418596751988, 0.0566514097154, 0.125563576818, 0.0266943331808, 0.0850946158171, 0.14889228344, 0.207394853234, 0.0679736807942, 0.0435775257647, 0.659815073013, 0.0318930931389],
        "min": [0.00268815900199, 0, 0, 0, 0, 0.0021619561594, 0, 0, 0.000434318615589, 0, 0, 0],
        "var": [0.0707220211625, 0.0567088648677, 0.0650303289294, 0.10482082516, 0.0184293594211, 0.114502832294, 0.10231449455, 0.110119402409, 0.0731842294335, 0.0347086824477, 0.128847047687, 0.0169626362622]
    }
},
"lowlevel": {
    "melbands": {
        "dmean": [4.73241925647e-05, 0.000211906648474, 0.000218581291847, 0.000106262617919, 6.75080518704e-05, 0.000118170646601, 0.000129514854052, 0.000131654145662, 0.000130227635964, 6.94852424203e-05, 5.02622206113e-05, 3.00427564071e-05, 2.39229811996e-05, 1.54934277816e-05, 2.47139323619e-05, 1.44711148096e-05, 1.61407460837e-05, 1.26430513774e-05, 9.85546921584e-06, 8.77101956576e-06, 7.05551065039e-06, 7.03307932781e-06, 8.6033523985e-06, 9.43727536651e-06, 6.98960684531e-06, 5.41967483514e-06, 4.49378785561e-06, 2.55598638432e-06, 1.37580343562e-06, 1.18445166208e-06, 8.83810741925e-07, 5.06977244186e-07, 2.44907283786e-07, 1.81369799179e-07, 1.73473154064e-07, 1.30340410465e-07, 7.99197366064e-08, 3.26588924793e-08, 5.90800475209e-09, 2.75227535207e-10],
        "dmean2": [7.00339151081e-05, 0.000332666386385, 0.000348587956978, 0.000141259413795, 0.000109471176984, 0.000191885701497, 0.000211654041777, 0.000223052949877, 0.000186972538359, 0.000101730722236, 7.36639485694e-05, 4.83489420731e-05, 3.6539080611e-05, 2.43039012275e-05, 3.82963735319e-05, 2.10290327232e-05, 2.4483719244e-05, 2.00122922251e-05, 1.56521964527e-05, 1.34698611873e-05, 1.11898843898e-05, 1.06573370431e-05, 1.24465832414e-05, 1.35935524668e-05, 1.07267187559e-05, 7.83376981417e-06, 6.92001731295e-06, 3.96695668314e-06, 2.19446042138e-06, 1.85309761491e-06, 1.35303343995e-06, 7.93263154719e-07, 3.82408103405e-07, 2.88115359126e-07, 2.76765263152e-07, 2.08507486832e-07, 1.31147359639e-07, 5.45802016916e-08, 9.7554835321e-09, 4.47419878924e-10],
        "dvar": [3.46530404371e-09, 9.30352754835e-08, 7.55343521064e-08, 2.82392988993e-08, 9.00282781657e-09, 2.11466542055e-08, 3.27120481813e-08, 5.69140965467e-08, 4.8392976737e-08, 2.52142893231e-08, 6.59393695202e-09, 1.12211102632e-08, 5.95927307501e-09, 1.50361600948e-09, 4.5838257634e-09, 1.33710020833e-09, 2.37677122428e-09, 7.194068119e-10, 4.49333237285e-10, 6.18250173279e-10, 1.98201219326e-10, 1.8151140313e-10, 2.96379087938e-10, 4.04995537107e-10, 1.99635002973e-10, 1.06235832631e-10, 1.25388949224e-10, 4.9803473845e-11, 5.96014947465e-12, 7.18520512186e-12, 5.30461265191e-12, 1.43671663108e-12, 1.77949980597e-13, 6.32889262373e-14, 6.52539478073e-14, 2.78323659286e-14, 1.08625004404e-14, 3.01492759015e-15, 8.8552900652e-17, 1.67993209203e-19],
        "dvar2": [5.70792080268e-09, 2.02768632107e-07, 1.68216928387e-07, 4.89849796281e-08, 2.25812861743e-08, 5.15064044748e-08, 8.45844212449e-08, 1.5167984202e-07, 7.34333411856e-08, 4.16094394495e-08, 1.27956116813e-08, 2.67406061738e-08, 1.19851017999e-08, 3.10319525632e-09, 1.0244967541e-08, 2.54347565232e-09, 5.66358027143e-09, 1.66630287346e-09, 1.11583942086e-09, 1.55068569097e-09, 4.30317254052e-10, 4.01906702363e-10, 4.88179219271e-10, 8.45244707559e-10, 4.42505115883e-10, 2.25937171749e-10, 2.68361527445e-10, 9.06921135413e-11, 1.42642651163e-11, 1.4874974516e-11, 1.17485370391e-11, 3.16140559911e-12, 3.90005166833e-13, 1.34120592779e-13, 1.47687458508e-13, 6.70569014812e-14, 2.74245060119e-14, 7.96059266818e-15, 2.25139928012e-16, 4.2829788776e-19],
        "max": [0.000831622921396, 0.00321841798723, 0.00250862143002, 0.00235476647504, 0.00125005410518, 0.0012743108673, 0.00140243174974, 0.00169242406264, 0.00397384120151, 0.00266602402553, 0.0011089904001, 0.00119125505444, 0.000998710049316, 0.000521515787113, 0.000919173995499, 0.0005648987717, 0.000728759448975, 0.000339960213751, 0.000204200579901, 0.000415891001467, 0.000146485792357, 0.000124781974591, 0.000182160554687, 0.000285208341666, 0.000197409390239, 0.000123814592371, 0.000154907058459, 0.00010173227929, 2.48948308581e-05, 5.38408021384e-05, 3.72553658963e-05, 2.07061129913e-05, 6.30068052487e-06, 3.82345297112e-06, 3.62922401109e-06, 1.7645461412e-06, 1.2177760027e-06, 7.55318581014e-07, 9.36428889986e-08, 3.60937546517e-09],
        "mean": [7.92744249338e-05, 0.000293736113235, 0.000326450623106, 0.00016932937433, 9.24835330807e-05, 0.000168323662365, 0.000166388330399, 0.000124637968838, 0.000200660026167, 0.000102066936961, 7.75028238422e-05, 3.48821195075e-05, 2.75108559435e-05, 1.94937620108e-05, 3.10339710268e-05, 1.79480430234e-05, 1.9100123609e-05, 1.57213653438e-05, 1.11275048766e-05, 1.00884917629e-05, 9.20744605537e-06, 9.30749320105e-06, 1.41734153658e-05, 1.55965626618e-05, 9.96081507765e-06, 8.50403557706e-06, 7.03415435055e-06, 3.95322558688e-06, 2.14378223973e-06, 1.76086371084e-06, 1.41171142332e-06, 8.69132236403e-07, 4.26171965273e-07, 3.29399625798e-07, 3.02157303622e-07, 2.11194262079e-07, 1.29076042299e-07, 5.03395689577e-08, 8.76267769456e-09, 4.1855341415e-10],
        "median": [4.87186989631e-05, 0.000171001622221, 0.000229337325436, 9.51242109295e-05, 5.97319558437e-05, 0.000114397109428, 8.86911002453e-05, 4.03987069149e-05, 8.51505683386e-05, 4.19927964685e-05, 3.69329281966e-05, 9.32919465413e-06, 6.10084180153e-06, 6.27276540399e-06, 1.1919573808e-05, 5.58646388527e-06, 4.76445165987e-06, 3.75678587261e-06, 3.28422152052e-06, 2.17513047573e-06, 2.24296809392e-06, 2.0969102934e-06, 1.88970943782e-06, 1.53062944719e-06, 2.18747391045e-06, 2.37055633079e-06, 1.04458842998e-06, 1.1250371017e-06, 1.10689074972e-06, 6.2046660787e-07, 3.86520241591e-07, 3.44613738434e-07, 2.11792794858e-07, 1.95120662738e-07, 1.72405137278e-07, 1.17684145096e-07, 8.35772127061e-08, 3.20643742668e-08, 4.91078333553e-09, 2.28467203489e-10],
        "min": [4.39828351517e-09, 7.15861991907e-09, 5.40046318775e-09, 2.77604650378e-09, 1.29619970313e-09, 5.14305820154e-10, 4.3015899176e-10, 3.94958982186e-10, 2.25347504546e-10, 5.42509127899e-11, 3.15151138693e-12, 4.92233163951e-12, 3.80912350273e-11, 1.15065491857e-10, 9.29420568285e-11, 4.06441928724e-11, 4.10042451382e-11, 2.02190937604e-11, 3.48608017453e-11, 2.3023225687e-11, 1.76847616412e-11, 1.89405522516e-11, 4.5233379542e-11, 7.27485849339e-11, 3.18049198089e-11, 9.87579375916e-12, 1.40196179318e-11, 1.14620136299e-11, 1.13317332948e-11, 1.92271875504e-11, 1.00145830214e-13, 5.50492811058e-12, 6.11504900536e-12, 1.72635853096e-12, 3.24215806112e-12, 4.32735314596e-12, 3.00355768902e-12, 1.11747514454e-12, 4.59213233845e-13, 1.62950182454e-14],
        "var": [9.9882218052e-09, 1.23213325764e-07, 1.05323351818e-07, 5.96665330477e-08, 1.12909033234e-08, 2.83128525069e-08, 3.87283094483e-08, 4.77094026508e-08, 1.83946667676e-07, 5.69034916964e-08, 1.51950843019e-08, 1.17575620351e-08, 8.15018541545e-09, 2.220594153e-09, 5.51777556979e-09, 2.03002037402e-09, 3.00737568182e-09, 1.37409106316e-09, 4.99744190474e-10, 8.40426117588e-10, 3.54967999439e-10, 3.13146175657e-10, 8.23829726659e-10, 1.17146037315e-09, 4.14840412022e-10, 2.54870208272e-10, 2.87946499977e-10, 1.00155418681e-10, 1.07821876427e-11, 1.5173402465e-11, 9.89063692058e-12, 2.41757265249e-12, 4.22743193533e-13, 1.82998202095e-13, 1.86015428321e-13, 6.26520523287e-14, 1.72836920421e-14, 3.27791099148e-15, 1.21962884412e-16, 2.62928766879e-19]
    },
    "mfcc": {
        "dmean": [28.3735313416, 10.070599556, 12.0486221313, 7.8990111351, 8.43469810486, 6.88723182678, 7.14766597748, 6.77031040192, 5.87794733047, 6.43485450745, 6.02011060715, 5.28181362152, 5.92246818542],
        "dmean2": [40.3459815979, 15.0902004242, 17.2180328369, 11.7042541504, 12.5807418823, 10.1706361771, 10.2609596252, 10.5367107391, 9.1620426178, 10.1053762436, 9.34790897369, 8.0848865509, 9.11302661896],
        "dvar": [900.325012207, 95.5013885498, 102.365982056, 43.4920845032, 49.3940811157, 31.126871109, 37.3547554016, 28.7449264526, 19.6180725098, 23.8199863434, 23.7649536133, 17.2880897522, 22.8516235352],
        "dvar2": [1191.60083008, 186.718948364, 182.172973633, 85.0247650146, 108.213317871, 64.7994003296, 72.1725006104, 69.2786254883, 49.6704788208, 55.291759491, 59.2657203674, 40.5018081665, 54.3091812134],
        "max": [-589.127624512, 181.974060059, 36.7449913025, 91.0519638062, 16.7151031494, 36.3270950317, 30.4342880249, 36.5124931335, 6.35255050659, 43.0026054382, 22.2729415894, 30.4437065125, 10.2187156677],
        "mean": [-697.858764648, 138.663696289, -18.4242019653, 39.9904060364, -21.1671142578, 7.13200139999, -14.0205020905, 9.00799274445, -13.331161499, 12.9680213928, -4.46962070465, 7.13880729675, -11.7092056274],
        "median": [-706.520751953, 141.781265259, -16.2964363098, 37.8364868164, -22.0503387451, 7.17310714722, -15.0270080566, 8.53036499023, -12.4443435669, 13.5739192963, -4.87977600098, 7.31128692627, -10.2364883423],
        "min": [-1128.68151855, 13.5740776062, -82.0071411133, -2.57269668579, -62.1924552917, -22.0999488831, -43.3750686646, -16.7679824829, -44.4529800415, -27.837272644, -25.3650951385, -18.4669189453, -49.0029945374],
        "var": [2214.42919922, 444.980682373, 468.980255127, 217.288253784, 171.940322876, 115.237350464, 150.986083984, 86.8466033936, 76.2925796509, 86.4772186279, 65.9899749756, 52.4309463501, 88.9842605591],
        "cov": [[2217.84643555, -223.412597656, -699.154296875, 163.171951294, -1.9975540638, -84.6474456787, -83.3109054565, 115.169128418, -82.9588165283, -11.3250751495, -52.8746643066, 28.5747528076, -107.370933533], [-223.412597656, 445.667388916, 161.033203125, -159.275421143, -80.5427856445, 26.0517272949, -1.29990017414, -75.5170440674, 37.8725090027, 28.6045093536, 29.0536937714, 25.898645401, 53.1140632629], [-699.154296875, 161.033203125, 469.703979492, -4.95198106766, 12.9523506165, 54.6101036072, 10.4039487839, -15.6200809479, 19.9315357208, 4.3554854393, -1.8788267374, -13.9881906509, 37.8812103271], [163.171951294, -159.275421143, -4.95198106766, 217.623580933, 105.667198181, -49.212436676, -39.4050979614, 42.7767906189, -15.0880861282, -19.0985870361, -15.5765457153, -14.8883552551, -11.1661729813], [-1.9975540638, -80.5427856445, 12.9523506165, 105.667198181, 172.205657959, -7.77072763443, -44.0493621826, 27.5116252899, -9.16087245941, -10.0106258392, -20.5935096741, -11.5228824615, -0.509363174438], [-84.6474456787, 26.0517272949, 54.6101036072, -49.212436676, -7.77072763443, 115.415184021, 74.9897689819, 4.81551218033, -1.50556445122, -18.7849655151, -5.92739486694, -4.11347961426, -22.0970134735], [-83.3109054565, -1.29990017414, 10.4039487839, -39.4050979614, -44.0493621826, 74.9897689819, 151.219085693, 30.6696510315, -25.7363548279, -22.4307823181, -9.39826107025, 3.09292554855, -15.4253892899], [115.169128418, -75.5170440674, -15.6200809479, 42.7767906189, 27.5116252899, 4.81551218033, 30.6696510315, 86.9806289673, -3.76383876801, -25.4201202393, -12.1328411102, -3.42373800278, -9.99164009094], [-82.9588165283, 37.8725090027, 19.9315357208, -15.0880861282, -9.16087245941, -1.50556445122, -25.7363548279, -3.76383876801, 76.4103164673, 32.8130531311, 6.28268432617, -0.209435552359, 6.70245790482], [-11.3250751495, 28.6045093536, 4.3554854393, -19.0985870361, -10.0106258392, -18.7849655151, -22.4307823181, -25.4201202393, 32.8130531311, 86.6106719971, 20.7597618103, -0.531618773937, 11.7620754242], [-52.8746643066, 29.0536937714, -1.8788267374, -15.5765457153, -20.5935096741, -5.92739486694, -9.39826107025, -12.1328411102, 6.28268432617, 20.7597618103, 66.0918121338, 19.1497688293, -4.80635213852], [28.5747528076, 25.898645401, -13.9881906509, -14.8883552551, -11.5228824615, -4.11347961426, 3.09292554855, -3.42373800278, -0.209435552359, -0.531618773937, 19.1497688293, 52.5118560791, 27.242980957], [-107.370933533, 53.1140632629, 37.8812103271, -11.1661729813, -0.509363174438, -22.0970134735, -15.4253892899, -9.99164009094, 6.70245790482, 11.7620754242, -4.80635213852, 27.242980957, 89.1215820312]],
        "icov": [[0.00283798202872, -0.0024799737148, 0.00451696151868, -0.00414151325822, 0.00368617218919, -0.00431296695024, 0.00563710602, -0.00611954461783, 0.00551562057808, -0.00469625368714, 0.00543543556705, -0.0043974337168, 0.00354193570092], [-0.0024799737148, 0.00643225386739, -0.00525225000456, 0.00623873481527, -0.00330246589147, 0.00445063924417, -0.00520247593522, 0.00751247676089, -0.00624956190586, 0.00497220735997, -0.00571638578549, 0.00329952291213, -0.00428381422535], [0.00451696151868, -0.00525225000456, 0.0102010257542, -0.00790403131396, 0.00588244432583, -0.00901662744582, 0.00922615732998, -0.00987188052386, 0.00862972252071, -0.00748373335227, 0.00812872219831, -0.0049896761775, 0.00383630231954], [-0.00414151325822, 0.00623873481527, -0.00790403131396, 0.0160765033215, -0.00994902104139, 0.0111233741045, -0.00879416894168, 0.00791504140943, -0.00846262834966, 0.00851913169026, -0.00852313451469, 0.00672836787999, -0.00427177315578], [0.00368617218919, -0.00330246589147, 0.00588244432583, -0.00994902104139, 0.0151103585958, -0.010172422044, 0.012169405818, -0.010660382919, 0.00954023655504, -0.00774233136326, 0.00929938536137, -0.0058992668055, 0.00374680012465], [-0.00431296695024, 0.00445063924417, -0.00901662744582, 0.0111233741045, -0.010172422044, 0.0252544730902, -0.0180392749608, 0.0123030561954, -0.0124704325572, 0.0110243139789, -0.00838982500136, 0.0061626941897, -0.00101526011713], [0.00563710602, -0.00520247593522, 0.00922615732998, -0.00879416894168, 0.012169405818, -0.0180392749608, 0.0258414838463, -0.0184243340045, 0.0167435985059, -0.0116715924814, 0.0130808223039, -0.0104907695204, 0.00706597277895], [-0.00611954461783, 0.00751247676089, -0.00987188052386, 0.00791504140943, -0.010660382919, 0.0123030561954, -0.0184243340045, 0.0311303082854, -0.0167305562645, 0.0151262367144, -0.0122069837525, 0.00949617195874, -0.00767068937421], [0.00551562057808, -0.00624956190586, 0.00862972252071, -0.00846262834966, 0.00954023655504, -0.0124704325572, 0.0167435985059, -0.0167305562645, 0.0295405592769, -0.0168316736817, 0.0122251855209, -0.00916799437255, 0.00708774989471], [-0.00469625368714, 0.00497220735997, -0.00748373335227, 0.00851913169026, -0.00774233136326, 0.0110243139789, -0.0116715924814, 0.0151262367144, -0.0168316736817, 0.0255779065192, -0.0147641114891, 0.0112771801651, -0.00836138334125], [0.00543543556705, -0.00571638578549, 0.00812872219831, -0.00852313451469, 0.00929938536137, -0.00838982500136, 0.0130808223039, -0.0122069837525, 0.0122251855209, -0.0147641114891, 0.0318831168115, -0.0189650319517, 0.0128466142341], [-0.0043974337168, 0.00329952291213, -0.0049896761775, 0.00672836787999, -0.0058992668055, 0.0061626941897, -0.0104907695204, 0.00949617195874, -0.00916799437255, 0.0112771801651, -0.0189650319517, 0.0363637953997, -0.0164947453886], [0.00354193570092, -0.00428381422535, 0.00383630231954, -0.00427177315578, 0.00374680012465, -0.00101526011713, 0.00706597277895, -0.00767068937421, 0.00708774989471, -0.00836138334125, 0.0128466142341, -0.0164947453886, 0.0223132111132]]
    }
}

}