{
"metadata": {
    "version": {
        "essentia": "2.0.1",
        "extractor": "archive-music 1.0 mod ismir14"
    },
    "audio_properties": {
        "analysis_sample_rate": 44100,
        "bitrate": 128,
        "channels": 2,
        "equal_loudness": 0,
        "length": 30.0669155121,
        "replay_gain": -13.8852882385,
        "downmix": "mix"
    },
    "tags": {
        "track": 0,
        "year": 0,
        "album": "",
        "artist": "",
        "comment": "",
        "genre": "",
        "title": ""
    }
},
"rhythm": {
    "bpm": 90.2942581177,
    "bpm_histogram_first_peak": 91,
    "bpm_histogram_first_peak_spread": 0.31707316637,
    "bpm_histogram_first_peak_weight": 0.651162803173,
    "bpm_histogram_second_peak": 83,
    "bpm_histogram_second_peak_spread": 0.5,
    "bpm_histogram_second_peak_weight": 0.0232558138669
},
"tonal": {
    "tuning_frequency": {
        "dmean": 0.294359922409,
        "dmean2": 0.566924154758,
        "dvar": 3.77809238434,
        "dvar2": 7.70715141296,
        "max": 456.570251465,
        "mean": 445.994354248,
        "median": 446.657836914,
        "min": 431.193908691,
        "var": 42.0313453674
    },
    "hpcp": {
        "dmean": [0.231804594398, 0.142518982291, 0.123212993145, 0.149480640888, 0.234319597483, 0.281220525503, 0.199550464749, 0.211251452565, 0.130675584078, 0.0815877988935, 0.106361426413, 0.116440936923],
        "dmean2": [0.397195905447, 0.269679307938, 0.213817209005, 0.269840121269, 0.420499682426, 0.496928662062, 0.375245302916, 0.372342556715, 0.235216125846, 0.145762324333, 0.186218500137, 0.20495839417],
        "dvar": [0.0845977440476, 0.0668368041515, 0.0371583551168, 0.0618269518018, 0.0838673859835, 0.0963527858257, 0.0985847190022, 0.0778209269047, 0.0553279221058, 0.028080439195, 0.0340945497155, 0.0368699543178],
        "dvar2": [0.186304926872, 0.194667965174, 0.0982040390372, 0.154216721654, 0.214553743601, 0.211026147008, 0.278014957905, 0.194864034653, 0.141554370522, 0.0738398879766, 0.0869730934501, 0.101426199079],
        "max": [1, 1, 1, 1, 1, 1, 1, 1, 1, 1, 1, 1],
        "mean": [0.439318299294, 0.0941493809223, 0.135860562325, 0.137207984924, 0.222911983728, 0.443431079388, 0.143773689866, 0.260984539986, 0.128824397922, 0.0748935490847, 0.0978560447693, 0.103786028922],
        "median": [0.244516536593, 0.0174152683467, 0.0468358434737, 0.0262691117823, 0.068381741643, 0.29300236702, 0.0193294491619, 0.105817966163, 0.0315546169877, 0.0254587195814, 0.0308741815388, 0.0327991060913],
        "min": [0.00205375975929, 0.000502800976392, 0.00117412419058, 0.000214530184167, 0.0014233479742, 0.00104312854819, 0.000478764879517, 0.00149026280269, 0.000410497770645, 0.000494034960866, 0.000501889968291, 0],
        "var": [0.169141188264, 0.043666433543, 0.0473117344081, 0.0682987272739, 0.0923819541931, 0.160761833191, 0.0781193599105, 0.105247378349, 0.0601883046329, 0.022254852578, 0.0330143086612, 0.0319358482957]
    }
},
"lowlevel": {
    "melbands": {
        "dmean": [0.000235287167015, 0.000512607570272, 0.000176478177309, 0.000112347028335, 7.93776125647e-05, 5.88322000112e-05, 8.01194473752e-05, 0.000105110826553, 0.000182096177014, 0.000133916910272, 5.35503240826e-05, 6.97376090102e-05, 5.81843378313e-05, 2.8898306482e-05, 5.26325238752e-05, 6.39905920252e-05, 1.3829027921e-05, 9.81840548775e-06, 4.74930720884e-06, 6.08742266195e-06, 9.13049279916e-06, 6.85122222421e-06, 1.33375451696e-05, 1.16826322483e-05, 6.38570327283e-06, 6.40731695967e-06, 5.69500116399e-06, 3.67961524717e-06, 1.67797520589e-06, 1.39761232276e-06, 6.67706842705e-07, 2.78502170659e-07, 1.56414984076e-07, 1.29535692395e-07, 1.22384321344e-07, 9.35923765155e-08, 5.6255469616e-08, 3.58701761627e-08, 1.10067945869e-08, 7.95152999e-10],
        "dmean2": [0.000401249068091, 0.000786795048043, 0.000283338828012, 0.000175083536305, 0.000128760861116, 8.78772480064e-05, 0.000123655045172, 0.000160026887897, 0.000280655687675, 0.000225099909585, 8.28416232252e-05, 0.00011131062638, 8.23205700726e-05, 4.85499513161e-05, 8.64438843564e-05, 0.000102166792203, 2.25156909437e-05, 1.51259037011e-05, 7.23855191609e-06, 9.76948012976e-06, 1.4485975953e-05, 1.07320702227e-05, 2.11188234971e-05, 1.87261739484e-05, 1.00764491435e-05, 9.83220525086e-06, 8.91854415386e-06, 5.93061804466e-06, 2.65783160103e-06, 2.19170487981e-06, 1.07189191567e-06, 4.35910152419e-07, 2.44239117819e-07, 1.94025943756e-07, 1.91396821947e-07, 1.49134407934e-07, 8.69500240697e-08, 5.64304762918e-08, 1.72233587392e-08, 1.27168531261e-09],
        "dvar": [6.98242601516e-08, 2.11480013945e-07, 3.51886093597e-08, 1.88878281904e-08, 1.61100572882e-08, 7.26580573485e-09, 1.81635027019e-08, 3.25806368551e-08, 1.10349162696e-07, 1.50557269762e-07, 5.41108882146e-08, 4.87765134949e-08, 2.01323437921e-08, 4.6286006139e-09, 2.00801757444e-08, 3.49513697984e-08, 2.55525933746e-09, 6.47490949746e-10, 4.23877807854e-11, 6.33192734356e-11, 1.74487244098e-10, 1.00576810769e-10, 4.11044226434e-10, 3.63534202741e-10, 9.90234144682e-11, 8.94191803935e-11, 8.41632180615e-11, 3.95235684458e-11, 9.04414130393e-12, 6.92949126899e-12, 1.33589602054e-12, 1.29906488669e-13, 3.73201632358e-14, 2.94517319875e-14, 2.93602354885e-14, 1.19021427507e-14, 5.37475439318e-15, 2.20261748802e-15, 2.55902602939e-16, 1.67302262652e-18],
        "dvar2": [1.97570301452e-07, 5.11469124831e-07, 7.78197204454e-08, 4.38895604304e-08, 3.99680288865e-08, 1.50243462116e-08, 3.51283873101e-08, 6.73294309195e-08, 2.37673219772e-07, 3.42574480783e-07, 8.81002009123e-08, 1.2925912074e-07, 3.55660390028e-08, 1.15402620793e-08, 5.29406705141e-08, 8.36296436546e-08, 4.78914818913e-09, 1.38630729118e-09, 9.00132329784e-11, 1.62737004428e-10, 4.17181400536e-10, 2.36407060594e-10, 9.50807765854e-10, 8.97612151274e-10, 2.45772457941e-10, 1.98461191925e-10, 1.96073615677e-10, 1.01227269622e-10, 2.29962073689e-11, 1.67107005317e-11, 3.3592167676e-12, 2.9824637226e-13, 8.93689283818e-14, 7.08354951301e-14, 7.33031799323e-14, 2.61126501823e-14, 1.30191843905e-14, 5.20018132627e-15, 6.10842521533e-16, 4.37678177945e-18],
        "max": [0.00223758281209, 0.00382303120568, 0.00213929545134, 0.00177740713116, 0.00151935894974, 0.0012023759773, 0.00247646588832, 0.00164099829271, 0.00388237810694, 0.00448360480368, 0.00535576557741, 0.00318656628951, 0.00161954306532, 0.000805263523944, 0.00159158930182, 0.00271509657614, 0.000950706424192, 0.000364378880477, 7.99783520051e-05, 5.17304106324e-05, 0.000117534349556, 8.32422956591e-05, 0.000177670022822, 0.000143686324009, 7.56056251703e-05, 8.69258437888e-05, 8.70582807693e-05, 5.20406247233e-05, 2.71909011644e-05, 2.66299684881e-05, 1.13139394671e-05, 4.47709726359e-06, 1.77795857326e-06, 1.8636412733e-06, 2.05517108043e-06, 1.04421587821e-06, 7.31780801289e-07, 4.33825363189e-07, 1.66127236412e-07, 1.48779957243e-08],
        "mean": [0.000401517376304, 0.00104575732257, 0.000342235667631, 0.000159132454428, 0.000104950588138, 8.69041978149e-05, 0.000116307222925, 0.000137957482366, 0.000229366429267, 0.000143771263538, 5.46323353774e-05, 6.95335620549e-05, 7.92482169345e-05, 3.25992732542e-05, 5.67536444578e-05, 6.17673867964e-05, 1.45806961882e-05, 1.07773366835e-05, 6.22361903879e-06, 7.50919070924e-06, 1.11551844384e-05, 8.38220967125e-06, 1.43352499435e-05, 1.12617572086e-05, 7.04407420926e-06, 7.83037830843e-06, 6.25292477707e-06, 3.78823142455e-06, 1.85452938695e-06, 1.45257536133e-06, 7.79484821578e-07, 3.9678138819e-07, 2.41590527139e-07, 2.07485328474e-07, 1.86805934277e-07, 1.60270346328e-07, 8.65239755399e-08, 5.78718513111e-08, 1.68251581556e-08, 1.17618637052e-09],
        "median": [0.000335686519975, 0.000776813307311, 0.000290715077426, 0.000106395782495, 4.87212455482e-05, 4.38627539552e-05, 4.6520948672e-05, 4.81421593577e-05, 7.42946649552e-05, 2.34177805396e-05, 1.23311583593e-05, 1.85288809007e-05, 1.19253991215e-05, 1.18022053357e-05, 1.57922349899e-05, 1.19717324196e-05, 3.71618830286e-06, 3.14437897941e-06, 3.11919779961e-06, 3.47473906004e-06, 3.69072677131e-06, 2.96692337542e-06, 4.41943575424e-06, 2.9421405543e-06, 2.66295364781e-06, 3.18747856909e-06, 1.93071559806e-06, 1.09021880235e-06, 7.63290074701e-07, 5.18861952514e-07, 3.44134718944e-07, 2.40818650354e-07, 1.70866812255e-07, 1.37687848678e-07, 1.30443353896e-07, 1.21261507502e-07, 5.90495474739e-08, 3.96645276624e-08, 1.08422506528e-08, 7.93916210551e-10],
        "min": [3.40182292058e-11, 1.06948561118e-10, 4.26289004096e-09, 3.67684371838e-09, 2.43326270244e-09, 8.78857930875e-10, 2.82317974554e-10, 1.38679512318e-09, 3.32549321413e-09, 1.0849539045e-09, 2.98730873372e-10, 1.01334785008e-09, 2.39240738331e-10, 6.7507432977e-10, 6.45170084024e-10, 1.63962537991e-10, 4.44795797416e-11, 2.59918114809e-10, 3.88259924211e-10, 1.41117104113e-10, 4.15813578014e-10, 5.26795940203e-10, 3.7316394419e-10, 5.23831311661e-10, 1.75951031522e-10, 1.00732200359e-10, 1.64871338804e-10, 6.16738604631e-11, 1.55832569071e-10, 2.61235911375e-12, 1.26841454007e-10, 5.65922551876e-11, 2.04812347637e-11, 3.78990415439e-11, 1.99076467117e-11, 2.1477925341e-11, 1.21061763045e-11, 8.00394299449e-12, 6.35575619912e-12, 2.49594160444e-12],
        "var": [1.11482108878e-07, 6.80682830989e-07, 8.05449360541e-08, 3.01537212977e-08, 2.4850081104e-08, 1.57541784063e-08, 4.03376425595e-08, 5.30002104426e-08, 1.63004116871e-07, 1.95967160721e-07, 7.83612961186e-08, 3.94910841806e-08, 3.99546209451e-08, 4.56126691972e-09, 1.83166992684e-08, 3.42073214199e-08, 3.18977200209e-09, 7.99789345862e-10, 6.77261233206e-11, 7.73413971755e-11, 2.52064619177e-10, 1.41332570647e-10, 4.97253238585e-10, 3.54261009416e-10, 1.00175555351e-10, 1.21019999577e-10, 9.81407524692e-11, 3.93209874383e-11, 8.33584763715e-12, 6.46521768413e-12, 1.25951744694e-12, 1.83771875213e-13, 5.35549930141e-14, 3.95821037351e-14, 3.2691846463e-14, 1.72649404267e-14, 7.23359275988e-15, 3.31138869817e-15, 3.36141636986e-16, 1.73375753582e-18]
    },
    "mfcc": {
        "dmean": [32.6931648254, 10.0751981735, 13.6485776901, 9.57305717468, 7.90095424652, 7.96462440491, 6.90988874435, 6.35387182236, 5.48969268799, 5.9676823616, 6.02096557617, 5.90562057495, 5.54209804535],
        "dmean2": [41.1881828308, 15.2926654816, 20.0305786133, 14.1717195511, 11.7390785217, 11.5493679047, 10.147562027, 9.52358913422, 8.74426555634, 9.60080718994, 9.56071662903, 9.42866134644, 8.88701438904],
        "dvar": [1085.43652344, 95.1662216187, 154.486465454, 61.9450759888, 41.1346168518, 43.7616996765, 29.7851715088, 24.1294231415, 19.7249069214, 22.6068458557, 24.4601669312, 21.2414665222, 18.5021209717],
        "dvar2": [1735.46777344, 170.07951355, 315.273895264, 113.226806641, 84.9303588867, 82.7624816895, 55.9935951233, 54.5302009583, 48.3333244324, 54.0937576294, 59.2479705811, 51.4043922424, 47.1393013],
        "max": [-596.811462402, 188.509246826, 30.0618019104, 85.4988937378, 26.817276001, 46.8280944824, 38.977394104, 57.3226165771, 8.34743881226, 41.4080314636, 24.1918296814, 39.3056793213, 14.4240379333],
        "mean": [-691.877685547, 144.344451904, -20.3279838562, 41.4690818787, -8.30912208557, 9.70489788055, 1.78479325771, 17.768661499, -9.235039711, 12.0057907104, -1.89538323879, 13.7255411148, -3.39158058167],
        "median": [-692.993286133, 145.208648682, -19.0966720581, 40.5372314453, -8.73136520386, 10.6361141205, 1.7465133667, 18.0851783752, -8.75427055359, 11.3250141144, -2.09693145752, 14.2188301086, -3.10007476807],
        "min": [-1124.07214355, 16.314617157, -67.4729385376, -8.65296554565, -42.2561187744, -28.9127426147, -32.0325927734, -10.8203926086, -34.6118164062, -17.6474761963, -22.9911003113, -9.56902313232, -25.7303256989],
        "var": [2281.85351562, 254.289291382, 415.396575928, 244.557281494, 154.620437622, 159.981887817, 127.122459412, 88.5440063477, 52.6067810059, 75.7442169189, 65.987953186, 57.3060913086, 47.7277030945],
        "cov": [[2285.375, 127.168678284, -642.846008301, 114.579353333, -287.281066895, -180.344787598, -126.925987244, -48.3628463745, -67.9738311768, -12.2467765808, -90.0493392944, 24.3836898804, -79.388885498], [127.168678284, 254.681716919, 5.38756656647, -92.8088684082, -47.9811935425, -4.40529537201, 14.1356039047, 6.30185031891, -17.1999568939, 12.5312948227, 45.4108009338, 5.37381982803, 4.7366065979], [-642.846008301, 5.38756656647, 416.037628174, -52.1173934937, 138.201309204, 61.1864814758, 12.9380836487, 21.3686199188, 19.0956249237, 25.656463623, 13.6410799026, -10.3815612793, 23.8496990204], [114.579353333, -92.8088684082, -52.1173934937, 244.934677124, 39.1269035339, -16.3228797913, -51.3013343811, -20.9278259277, 43.9922714233, 12.2805662155, -37.5595054626, -4.67320728302, 17.1584911346], [-287.281066895, -47.9811935425, 138.201309204, 39.1269035339, 154.859054565, 25.7268543243, 9.28063392639, -7.31194448471, 18.6722888947, 30.7169837952, -9.05524253845, 4.14844083786, 5.06873941422], [-180.344787598, -4.40529537201, 61.1864814758, -16.3228797913, 25.7268543243, 160.228775024, 82.447769165, 27.418554306, -9.11979103088, -4.51222848892, 41.9104652405, -3.24185371399, -8.75765800476], [-126.925987244, 14.1356039047, 12.9380836487, -51.3013343811, 9.28063392639, 82.447769165, 127.318634033, 53.2877235413, -7.33024835587, -15.047958374, 29.7506504059, 17.0771942139, -6.06234025955], [-48.3628463745, 6.30185031891, 21.3686199188, -20.9278259277, -7.31194448471, 27.418554306, 53.2877235413, 88.6806488037, 11.9508609772, -15.4324789047, 11.0410737991, 14.1160402298, 10.8824043274], [-67.9738311768, -17.1999568939, 19.0956249237, 43.9922714233, 18.6722888947, -9.11979103088, -7.33024835587, 11.9508609772, 52.6879653931, 27.9075031281, -1.0458766222, 1.0553842783, 10.5066261292], [-12.2467765808, 12.5312948227, 25.656463623, 12.2805662155, 30.7169837952, -4.51222848892, -15.047958374, -15.4324789047, 27.9075031281, 75.8611068726, 17.6853046417, -3.54567122459, 0.586727917194], [-90.0493392944, 45.4108009338, 13.6410799026, -37.5595054626, -9.05524253845, 41.9104652405, 29.7506504059, 11.0410737991, -1.0458766222, 17.6853046417, 66.0897827148, 15.1310129166, 0.283382147551], [24.3836898804, 5.37381982803, -10.3815612793, -4.67320728302, 4.14844083786, -3.24185371399, 17.0771942139, 14.1160402298, 1.0553842783, -3.54567122459, 15.1310129166, 57.3945236206, 17.3392810822], [-79.388885498, 4.7366065979, 23.8496990204, 17.1584911346, 5.06873941422, -8.75765800476, -6.06234025955, 10.8824043274, 10.5066261292, 0.586727917194, 0.283382147551, 17.3392810822, 47.8013572693]],
        "icov": [[0.00151369418018, -0.00120928091928, 0.00144281878602, -0.0010748503264, 0.00168816011865, -0.000402667617891, 0.00132027245127, -0.00137908675242, 0.00262345210649, -0.00248858192936, 0.00337858241983, -0.00251601752825, 0.00287489430048], [-0.00120928091928, 0.00637572724372, -0.00152803154197, 0.00199849717319, 0.00013149069855, 0.00157155748457, -0.00159934256226, 0.00114465039223, -0.000646677799523, 0.000654249684885, -0.00582846114412, 0.00275815324858, -0.00361639703624], [0.00144281878602, -0.00152803154197, 0.0062354831025, 0.00135378621053, -0.00330302980728, -0.00226987316273, 0.00360609497875, -0.00262444862165, 0.000639005680569, -0.00135100435, 0.0027515264228, -0.000346825574525, -7.45563447708e-05], [-0.0010748503264, 0.00199849717319, 0.00135378621053, 0.00839007366449, -0.00396082084626, -0.00224835239351, 0.00242801802233, 0.00175648753066, -0.00803552661091, 0.00314148562029, -0.000270566961262, 0.00205690716393, -0.00477100396529], [0.00168816011865, 0.00013149069855, -0.00330302980728, -0.00396082084626, 0.015434037894, -0.000664094521198, -0.00208982429467, 0.00096867949469, 0.00423397542909, -0.00819757021964, 0.00770111801103, -0.00658297166228, 0.00512883067131], [-0.000402667617891, 0.00157155748457, -0.00226987316273, -0.00224835239351, -0.000664094521198, 0.0134232323617, -0.00845966301858, 0.000801292189863, 0.00273343548179, 0.00165964115877, -0.00890029221773, 0.0049471356906, 2.6552919735e-05], [0.00132027245127, -0.00159934256226, 0.00360609497875, 0.00242801802233, -0.00208982429467, -0.00845966301858, 0.0198738593608, -0.0091130938381, 0.00118761905469, -2.2861189791e-05, 0.00249012745917, -0.0056679258123, 0.00472775381058], [-0.00137908675242, 0.00114465039223, -0.00262444862165, 0.00175648753066, 0.00096867949469, 0.000801292189863, -0.0091130938381, 0.0203265808523, -0.0106119029224, 0.00685874652117, -0.00298239360563, 0.00090969435405, -0.00552810216323], [0.00262345210649, -0.000646677799523, 0.000639005680569, -0.00803552661091, 0.00423397542909, 0.00273343548179, 0.00118761905469, -0.0106119029224, 0.0393035374582, -0.0178042221814, 0.00558619759977, -0.00351628917269, 0.00242711300962], [-0.00248858192936, 0.000654249684885, -0.00135100435, 0.00314148562029, -0.00819757021964, 0.00165964115877, -2.2861189791e-05, 0.00685874652117, -0.0178042221814, 0.0276880878955, -0.0143704740331, 0.00702823838219, -0.00393324485049], [0.00337858241983, -0.00582846114412, 0.0027515264228, -0.000270566961262, 0.00770111801103, -0.00890029221773, 0.00249012745917, -0.00298239360563, 0.00558619759977, -0.0143704740331, 0.036260034889, -0.0142555888742, 0.00736516946927], [-0.00251601752825, 0.00275815324858, -0.000346825574525, 0.00205690716393, -0.00658297166228, 0.0049471356906, -0.0056679258123, 0.00090969435405, -0.00351628917269, 0.00702823838219, -0.0142555888742, 0.0290780123323, -0.0141152702272], [0.00287489430048, -0.00361639703624, -7.45563447708e-05, -0.00477100396529, 0.00512883067131, 2.6552919735e-05, 0.00472775381058, -0.00552810216323, 0.00242711300962, -0.00393324485049, 0.00736516946927, -0.0141152702272, 0.0337130613625]]
    }
}

}