{
"metadata": {
    "version": {
        "essentia": "2.0.1",
        "extractor": "archive-music 1.0 mod ismir14"
    },
    "audio_properties": {
        "analysis_sample_rate": 44100,
        "bitrate": 721,
        "channels": 2,
        "equal_loudness": 0,
        "length": 29.9995231628,
        "replay_gain": -10.2216567993,
        "downmix": "mix"
    },
    "tags": {
        "track": 0,
        "year": 0,
        "album": "",
        "artist": "",
        "comment": "",
        "genre": "",
        "title": ""
    }
},
"rhythm": {
    "bpm": 172.265563965,
    "bpm_histogram_first_peak": 172,
    "bpm_histogram_first_peak_spread": 0,
    "bpm_histogram_first_peak_weight": 0.517647087574,
    "bpm_histogram_second_peak": 178,
    "bpm_histogram_second_peak_spread": 0,
    "bpm_histogram_second_peak_weight": 0.29411765933
},
"tonal": {
    "tuning_frequency": {
        "dmean": 0.0498570762575,
        "dmean2": 0.0788205191493,
        "dvar": 0.411735653877,
        "dvar2": 0.537793695927,
        "max": 450.284484863,
        "mean": 433.394226074,
        "median": 432.441040039,
        "min": 432.441040039,
        "var": 3.35694074631
    },
    "hpcp": {
        "dmean": [0.0818661525846, 0.140881180763, 0.15473651886, 0.151642039418, 0.0328378230333, 0.0784965828061, 0.0825523808599, 0.122538328171, 0.0549538806081, 0.0640898197889, 0.140378654003, 0.0613269284368],
        "dmean2": [0.143628850579, 0.254802316427, 0.283768683672, 0.271615922451, 0.0611139945686, 0.138956576586, 0.150955691934, 0.211423844099, 0.0992345288396, 0.114418759942, 0.235777974129, 0.110442891717],
        "dvar": [0.038399413228, 0.0639245659113, 0.0768374577165, 0.0836890861392, 0.019188022241, 0.0410665385425, 0.0490936711431, 0.0672727003694, 0.0298485625535, 0.0302769336849, 0.0584598220885, 0.0290602426976],
        "dvar2": [0.0974494963884, 0.159943133593, 0.202775254846, 0.165315777063, 0.0517455153167, 0.0928547754884, 0.104222334921, 0.136674493551, 0.0728201642632, 0.0733644142747, 0.116106666625, 0.0737568661571],
        "max": [1, 1, 1, 1, 1, 1, 1, 1, 1, 1, 1, 1],
        "mean": [0.0799370333552, 0.184575989842, 0.141555473208, 0.315696418285, 0.0239153634757, 0.110199742019, 0.123594991863, 0.188059508801, 0.0515758171678, 0.0654582902789, 0.333607494831, 0.0509699620306],
        "median": [0.0102233616635, 0.034258518368, 0.0342014692724, 0.0484648868442, 0.00112757750321, 0.0118801305071, 0.00149032683112, 0.0111217079684, 0.00265492941253, 0.00490714656189, 0.0957848280668, 0.00332711706869],
        "min": [1.26609747895e-05, 2.65107810264e-05, 6.63068931317e-06, 7.86197051639e-06, 3.58768193109e-06, 1.99643563974e-05, 1.06931406663e-06, 1.97697318072e-06, 3.70014276996e-06, 3.03127103507e-06, 2.09984841604e-06, 5.37089727004e-06],
        "var": [0.0405761711299, 0.0999328047037, 0.0675246864557, 0.174100443721, 0.0137989381328, 0.0699521079659, 0.0894019529223, 0.118515394628, 0.033812623471, 0.0372291505337, 0.161282226443, 0.0243607312441]
    }
},
"lowlevel": {
    "melbands": {
        "dmean": [1.73956027538e-06, 4.16783586843e-05, 5.52156488993e-05, 0.000513872713782, 0.000497462286148, 0.000264975387836, 0.000116004914162, 9.78580937954e-05, 5.897797746e-05, 3.92304973502e-05, 3.27854941133e-05, 1.98981397261e-05, 3.42749262927e-05, 1.28694618979e-05, 1.04281407403e-05, 8.76260310179e-06, 1.79776834557e-05, 8.5069987108e-06, 1.0010114238e-05, 2.75483739642e-06, 3.95528331865e-06, 3.8444081838e-06, 2.26069482778e-06, 2.74738295047e-06, 6.93177935318e-06, 7.38541848477e-06, 2.12890563489e-06, 1.15762247788e-06, 3.94840640183e-07, 2.58084469351e-07, 9.8564299833e-08, 1.55389709988e-08, 2.82269052576e-09, 6.02325966881e-10, 2.26561353012e-10, 8.98135038563e-11, 3.34017848103e-11, 1.14477888974e-11, 8.42893376624e-12, 7.13702924884e-12],
        "dmean2": [2.86241015601e-06, 6.50263827993e-05, 8.1992460764e-05, 0.000793263257947, 0.000777744222432, 0.000414244976128, 0.000181726994924, 0.000150919237058, 9.58171440288e-05, 6.1928127252e-05, 4.95391359436e-05, 3.07247028104e-05, 5.3082480008e-05, 2.00904833036e-05, 1.68849492184e-05, 1.37841025207e-05, 2.86509184662e-05, 1.35112795761e-05, 1.53068576765e-05, 4.18569743488e-06, 6.33242598269e-06, 6.38312531009e-06, 3.73651096197e-06, 4.19371690441e-06, 1.05186245491e-05, 1.11950057544e-05, 3.42615931004e-06, 1.89674756257e-06, 6.14249472619e-07, 3.99489948677e-07, 1.51326318587e-07, 2.63057025052e-08, 4.40417746717e-09, 9.84420878147e-10, 3.46649653427e-10, 1.3841043589e-10, 4.9386272849e-11, 1.49034673491e-11, 1.01113084919e-11, 8.60636475281e-12],
        "dvar": [5.37725419747e-12, 8.24863910509e-09, 1.17759144658e-08, 1.76728735823e-06, 7.59139368256e-07, 1.41012151289e-07, 5.30331440984e-08, 6.18311730705e-08, 4.85890687685e-08, 1.3994050363e-08, 1.40830538342e-08, 5.14149967046e-09, 1.48967753688e-08, 1.99278771262e-09, 2.19888551811e-09, 4.55329607352e-10, 3.32906346934e-09, 3.06242836645e-10, 4.65702032493e-10, 2.55301665225e-11, 4.74592830313e-11, 6.98323135429e-11, 3.30504131008e-11, 3.6387139829e-11, 3.4310332353e-10, 3.79067333078e-10, 2.12200240018e-11, 8.25642939434e-12, 1.69854115582e-12, 1.75644058759e-12, 3.25648660598e-13, 4.37542703959e-15, 5.15168085498e-16, 7.35951607257e-18, 4.86562215362e-19, 8.52434953642e-20, 2.17652367198e-20, 1.09848510982e-20, 1.28355166614e-20, 9.62045464405e-21],
        "dvar2": [1.33176360564e-11, 1.33489468368e-08, 2.29751897507e-08, 3.70503948943e-06, 1.68114229382e-06, 3.2966983099e-07, 1.35498623877e-07, 1.52102543893e-07, 1.23656306528e-07, 3.08713588026e-08, 3.1436222514e-08, 1.09873248277e-08, 3.27369953368e-08, 3.73839093015e-09, 5.24034637905e-09, 1.02953112702e-09, 5.69361402469e-09, 7.42224282035e-10, 8.919447958e-10, 5.55118936929e-11, 1.15367500275e-10, 1.74021713706e-10, 7.8896493505e-11, 7.12794476221e-11, 7.98077992581e-10, 7.36904925969e-10, 5.30942477484e-11, 1.9995182593e-11, 3.93948458924e-12, 4.27121792795e-12, 7.5051239095e-13, 9.50838698413e-15, 1.24580282393e-15, 1.41994204454e-17, 1.05907035752e-18, 1.95382167411e-19, 3.76171563421e-20, 1.10448717758e-20, 1.28566307696e-20, 9.64268835419e-21],
        "max": [2.89400923066e-05, 0.00234519643709, 0.00164704385679, 0.0305089876056, 0.0132102025673, 0.00348986056633, 0.0021787181031, 0.002792309504, 0.00292278057896, 0.00153155624866, 0.00157531071454, 0.000892436772119, 0.00166724342853, 0.000630191119853, 0.000672758498695, 0.000324818625813, 0.00130792183336, 0.000177429537871, 0.000434763001977, 7.71472114138e-05, 6.49993817206e-05, 0.000107651394501, 4.85960517835e-05, 9.22857143451e-05, 0.000281049782643, 0.000325030065142, 4.47668498964e-05, 2.98596260109e-05, 2.07074826903e-05, 2.51917226706e-05, 1.17628378575e-05, 1.04861373984e-06, 4.72838109999e-07, 3.80667799504e-08, 9.38239708148e-09, 4.33258673382e-09, 2.10246930976e-09, 1.98133220941e-09, 2.11774353609e-09, 1.83054293945e-09],
        "mean": [2.29020383813e-06, 7.25713180145e-05, 0.000107364707219, 0.000879421364516, 0.00083719578106, 0.000384672865039, 0.000149560553837, 0.000148479710333, 6.61018129904e-05, 4.1912557208e-05, 4.00713615818e-05, 2.13154253288e-05, 3.80525016226e-05, 1.43886973092e-05, 1.20618842629e-05, 9.5714804047e-06, 2.02039700525e-05, 9.62688682193e-06, 1.3050724192e-05, 3.6779565562e-06, 4.31799298894e-06, 3.86081774195e-06, 2.48138121606e-06, 3.34629771714e-06, 7.06754008206e-06, 8.02062459115e-06, 2.16780267692e-06, 1.08283643385e-06, 3.69932962485e-07, 2.17068020447e-07, 8.65227960389e-08, 1.48445922221e-08, 2.49581977307e-09, 6.85392187449e-10, 2.73866762601e-10, 1.14116965877e-10, 4.44109506115e-11, 1.55416148701e-11, 9.12671587611e-12, 6.79792940689e-12],
        "median": [1.39521728215e-06, 3.73003495042e-05, 5.02215116285e-05, 0.000261967099505, 0.000399562879466, 0.000193757499801, 5.81515050726e-05, 3.82119978894e-05, 1.14609701996e-05, 3.75707804778e-06, 2.86537670036e-06, 1.44605382957e-06, 2.37147241933e-06, 2.09327708944e-06, 1.60736510679e-06, 1.8636499135e-06, 4.0767754399e-06, 3.02877992908e-06, 4.03007652494e-06, 1.21337461678e-06, 1.35560469516e-06, 1.0624225979e-06, 4.62767815179e-07, 7.59663635108e-07, 1.56566306941e-06, 1.26754650864e-06, 3.88214687064e-07, 1.4105074797e-07, 3.55973952537e-08, 1.41692941824e-08, 4.43728076505e-09, 1.02790398415e-09, 3.84556053667e-10, 2.04272959659e-10, 1.15898485253e-10, 5.05326683276e-11, 2.11116731735e-11, 6.83842869484e-12, 1.82830877174e-12, 5.3303173507e-13],
        "min": [5.82439909635e-08, 2.20758329306e-06, 1.26569284475e-06, 4.42956036295e-07, 4.70060740554e-07, 3.01822012716e-07, 5.12339362047e-08, 5.00698611461e-08, 1.81213852812e-08, 8.85650930371e-09, 6.36021546541e-09, 8.00518673572e-09, 8.00052735173e-09, 2.84556334051e-09, 2.62528287998e-09, 4.25737578524e-09, 6.2011071833e-09, 5.39549649403e-09, 2.60271515451e-09, 2.48802339842e-10, 2.09798525774e-10, 1.70263608767e-10, 1.00095029487e-10, 8.74144298613e-11, 1.55413903968e-10, 7.63346955091e-11, 4.72744968172e-11, 3.38445209358e-11, 2.89875224518e-11, 1.71431115831e-11, 1.2622665066e-11, 1.33519939896e-11, 9.47199176732e-12, 6.11366122658e-12, 4.1641217384e-12, 3.90279215196e-12, 3.30986778783e-12, 1.62213656136e-12, 5.08760947867e-13, 4.66631128269e-14],
        "var": [8.00219265851e-12, 3.37014007812e-08, 2.52420964131e-08, 4.04607226301e-06, 1.38156724461e-06, 2.33156740137e-07, 6.05955321475e-08, 9.2448303235e-08, 5.73174858687e-08, 1.7469830027e-08, 1.91472295796e-08, 7.5355375273e-09, 2.16746780524e-08, 2.79460077302e-09, 2.44343723033e-09, 6.61714127936e-10, 6.31652907757e-09, 3.76969067073e-10, 7.70002284156e-10, 4.24881380079e-11, 6.1298459364e-11, 6.85786288868e-11, 3.75425142363e-11, 6.16038747792e-11, 3.8820466286e-10, 5.85061443736e-10, 2.45386679726e-11, 8.61660829493e-12, 1.7691712895e-12, 1.51168877763e-12, 3.08855669989e-13, 4.9186661146e-15, 4.22546223856e-16, 8.68627820634e-18, 5.41137886118e-19, 8.85802708694e-20, 2.10722516214e-20, 1.10515077999e-20, 1.28284436209e-20, 9.61003976159e-21]
    },
    "mfcc": {
        "dmean": [36.8037033081, 11.3678302765, 21.9449691772, 13.6507863998, 10.5901689529, 9.52109527588, 7.98109912872, 9.81167411804, 7.13473463058, 7.13113975525, 7.27205181122, 6.59575891495, 6.25451564789],
        "dmean2": [52.670501709, 16.6110095978, 31.1594352722, 19.5187931061, 15.2753772736, 14.2035303116, 11.9719848633, 14.9717950821, 10.8936777115, 10.9003477097, 11.4021511078, 9.98583221436, 9.43535518646],
        "dvar": [1206.02636719, 131.292449951, 491.833831787, 129.963470459, 82.7672958374, 83.9424591064, 37.7111320496, 65.5835647583, 34.2123680115, 33.7543945312, 34.095375061, 30.1579246521, 24.9744319916],
        "dvar2": [2444.63476562, 240.389968872, 892.414428711, 267.661346436, 154.322387695, 177.966644287, 83.972984314, 153.587844849, 81.5932159424, 83.2763061523, 79.0104980469, 66.1061477661, 59.4078140259],
        "max": [-688.466552734, 247.867218018, 100.106994629, 131.793029785, 63.8585700989, 29.6484832764, 36.6710128784, 28.0647373199, 10.9004325867, 28.6593952179, 13.2343025208, 20.2330265045, 26.0063247681],
        "mean": [-807.998352051, 197.737380981, -40.141078949, 34.3761520386, 11.7637166977, -25.7439479828, -4.91065645218, -29.9069957733, -25.4316310883, -5.12254667282, -11.3827533722, -14.2763957977, -7.00668430328],
        "median": [-801.499694824, 198.911895752, -48.0703544617, 33.2664527893, 14.2367401123, -26.2030296326, -4.06983566284, -31.7247009277, -25.8257369995, -4.90796661377, -10.2625141144, -14.2701950073, -6.6714515686],
        "min": [-1022.87030029, 95.7783279419, -119.991714478, -24.0041618347, -57.5720443726, -76.3319091797, -38.4472122192, -70.3989257812, -60.7764358521, -48.831199646, -47.5157356262, -47.2171287537, -39.0631523132],
        "var": [3411.66455078, 522.969482422, 1706.87060547, 577.240966797, 386.106414795, 286.777709961, 139.474258423, 254.116424561, 108.355110168, 167.320083618, 112.741729736, 90.7576446533, 89.6949462891],
        "cov": [[3416.94580078, -9.36812210083, -2202.8918457, 649.354125977, -551.576293945, -553.485168457, 292.665649414, -234.758544922, 27.5095291138, -84.3556137085, -69.5500183105, 71.9540176392, -124.668815613], [-9.36812210083, 523.779052734, 262.83770752, -360.246734619, 23.5229701996, -63.4392127991, -64.41822052, 133.14276123, -41.7024536133, -23.338262558, -5.23080062866, -33.6894721985, -11.6938838959], [-2202.8918457, 262.83770752, 1709.51281738, -493.429748535, 286.639526367, 360.970733643, -240.08052063, 170.640304565, -21.2077064514, 5.54121780396, 42.9844589233, -59.1654052734, 47.7882652283], [649.354125977, -360.246734619, -493.429748535, 578.134521484, -17.2235889435, -62.2790603638, 63.9085845947, -234.512893677, 0.943475842476, 25.7229213715, -38.8451271057, 16.3655166626, -14.7183628082], [-551.576293945, 23.5229701996, 286.639526367, -17.2235889435, 386.704101562, 150.803222656, -99.9204483032, -46.722240448, -61.7111968994, 103.706100464, 13.9244222641, -42.6419143677, 61.0031013489], [-553.485168457, -63.4392127991, 360.970733643, -62.2790603638, 150.803222656, 287.221618652, -32.6794776917, -60.7407646179, 12.1810817719, 42.65259552, 52.3094520569, 11.5654096603, 26.2504329681], [292.665649414, -64.41822052, -240.08052063, 63.9085845947, -99.9204483032, -32.6794776917, 139.690155029, 13.7344732285, -5.82234096527, -2.04484462738, -9.21398830414, 19.9516944885, -5.62327957153], [-234.758544922, 133.14276123, 170.640304565, -234.512893677, -46.722240448, -60.7407646179, 13.7344732285, 254.509796143, 37.491230011, -87.591506958, -6.57443857193, -11.5949068069, -12.7379837036], [27.5095291138, -41.7024536133, -21.2077064514, 0.943475842476, -61.7111968994, 12.1810817719, -5.82234096527, 37.491230011, 108.522842407, -20.3925457001, -22.5199661255, 17.6247386932, -15.6303119659], [-84.3556137085, -23.338262558, 5.54121780396, 25.7229213715, 103.706100464, 42.65259552, -2.04484462738, -87.591506958, -20.3925457001, 167.579086304, 44.7129669189, -34.3025093079, 39.0030326843], [-69.5500183105, -5.23080062866, 42.9844589233, -38.8451271057, 13.9244222641, 52.3094520569, -9.21398830414, -6.57443857193, -22.5199661255, 44.7129669189, 112.916252136, 20.9865150452, -2.9805586338], [71.9540176392, -33.6894721985, -59.1654052734, 16.3655166626, -42.6419143677, 11.5654096603, 19.9516944885, -11.5949068069, 17.6247386932, -34.3025093079, 20.9865150452, 90.8981323242, 17.4324531555], [-124.668815613, -11.6938838959, 47.7882652283, -14.7183628082, 61.0031013489, 26.2504329681, -5.62327957153, -12.7379837036, -15.6303119659, 39.0030326843, -2.9805586338, 17.4324531555, 89.8337936401]],
        "icov": [[0.255485296249, -0.354626715183, 0.344278633595, -0.320240080357, 0.293790966272, -0.258064031601, 0.221604466438, -0.179574742913, 0.141934618354, -0.102065853775, 0.0667139068246, -0.0372390449047, 0.0155445532873], [-0.354626715183, 0.496995419264, -0.478698045015, 0.449155330658, -0.410427600145, 0.363177269697, -0.310525357723, 0.253961294889, -0.199220046401, 0.14491969347, -0.0944571644068, 0.0534545220435, -0.0211399532855], [0.344278633595, -0.478698045015, 0.467358380556, -0.435004800558, 0.401951372623, -0.358090609312, 0.310842633247, -0.254165589809, 0.202693596482, -0.147833243012, 0.0993478745222, -0.0566618777812, 0.0244261492044], [-0.320240080357, 0.449155330658, -0.435004800558, 0.415099292994, -0.381045788527, 0.342341959476, -0.298905074596, 0.251081377268, -0.198831290007, 0.148849070072, -0.0998319461942, 0.0599994957447, -0.0251011550426], [0.293790966272, -0.410427600145, 0.401951372623, -0.381045788527, 0.361099213362, -0.325190216303, 0.289383351803, -0.241661503911, 0.19813708961, -0.150671899319, 0.105074994266, -0.0627797171474, 0.0272565390915], [-0.258064031601, 0.363177269697, -0.358090609312, 0.342341959476, -0.325190216303, 0.30598038435, -0.271726280451, 0.233697429299, -0.192531988025, 0.148712560534, -0.108767166734, 0.066713988781, -0.0313552357256], [0.221604466438, -0.310525357723, 0.310842633247, -0.298905074596, 0.289383351803, -0.271726280451, 0.259854108095, -0.218940556049, 0.183956965804, -0.146329522133, 0.108403868973, -0.0714211240411, 0.0338922068477], [-0.179574742913, 0.253961294889, -0.254165589809, 0.251081377268, -0.241661503911, 0.233697429299, -0.218940556049, 0.200221970677, -0.164734080434, 0.135611727834, -0.100630491972, 0.0689148828387, -0.0335579700768], [0.141934618354, -0.199220046401, 0.202693596482, -0.198831290007, 0.19813708961, -0.192531988025, 0.183956965804, -0.164734080434, 0.151181235909, -0.116577371955, 0.0917289927602, -0.0631654113531, 0.0327255874872], [-0.102065853775, 0.14491969347, -0.147833243012, 0.148849070072, -0.150671899319, 0.148712560534, -0.146329522133, 0.135611727834, -0.116577371955, 0.108669027686, -0.0813085660338, 0.059934604913, -0.0326125323772], [0.0667139068246, -0.0944571644068, 0.0993478745222, -0.0998319461942, 0.105074994266, -0.108767166734, 0.108403868973, -0.100630491972, 0.0917289927602, -0.0813085660338, 0.0742465183139, -0.0495382323861, 0.0273671019822], [-0.0372390449047, 0.0534545220435, -0.0566618777812, 0.0599994957447, -0.0627797171474, 0.066713988781, -0.0714211240411, 0.0689148828387, -0.0631654113531, 0.059934604913, -0.0495382323861, 0.0501755811274, -0.0247028283775], [0.0155445532873, -0.0211399532855, 0.0244261492044, -0.0251011550426, 0.0272565390915, -0.0313552357256, 0.0338922068477, -0.0335579700768, 0.0327255874872, -0.0326125323772, 0.0273671019822, -0.0247028283775, 0.0264172349125]]
    }
}

}