{
"metadata": {
    "version": {
        "essentia": "2.0.1",
        "extractor": "archive-music 1.0 mod ismir14"
    },
    "audio_properties": {
        "analysis_sample_rate": 44100,
        "bitrate": 721,
        "channels": 2,
        "equal_loudness": 0,
        "length": 29.9995231628,
        "replay_gain": -14.8590297699,
        "downmix": "mix"
    },
    "tags": {
        "track": 0,
        "year": 0,
        "album": "",
        "artist": "",
        "comment": "",
        "genre": "",
        "title": ""
    }
},
"rhythm": {
    "bpm": 109.404251099,
    "bpm_histogram_first_peak": 110,
    "bpm_histogram_first_peak_spread": 0.433962285519,
    "bpm_histogram_first_peak_weight": 0.566037714481,
    "bpm_histogram_second_peak": 0,
    "bpm_histogram_second_peak_spread": 0,
    "bpm_histogram_second_peak_weight": 0
},
"tonal": {
    "tuning_frequency": {
        "dmean": 0.0447408482432,
        "dmean2": 0.0820620507002,
        "dvar": 0.0950640067458,
        "dvar2": 0.160980090499,
        "max": 446.657836914,
        "mean": 441.672149658,
        "median": 441.272583008,
        "min": 441.017791748,
        "var": 0.811895489693
    },
    "hpcp": {
        "dmean": [0.124998666346, 0.0795070156455, 0.0535230189562, 0.13124871254, 0.0704439878464, 0.105394676328, 0.0481681153178, 0.0798606425524, 0.114702090621, 0.0528602525592, 0.108308121562, 0.0763206258416],
        "dmean2": [0.225898072124, 0.146162182093, 0.0961064472795, 0.225674748421, 0.130070671439, 0.186584353447, 0.0903007015586, 0.139141201973, 0.194777533412, 0.0985676050186, 0.18500714004, 0.143918454647],
        "dvar": [0.064405605197, 0.0412081032991, 0.0231479275972, 0.0581580288708, 0.0315791815519, 0.0415619984269, 0.0218371078372, 0.0323003157973, 0.0463253706694, 0.0245199445635, 0.0441939197481, 0.0429501831532],
        "dvar2": [0.165142193437, 0.103771321476, 0.0641830787063, 0.12543335557, 0.0784602165222, 0.105647608638, 0.0621861591935, 0.0799332112074, 0.115774072707, 0.0698102638125, 0.107109107077, 0.121602639556],
        "max": [1, 1, 1, 1, 1, 1, 1, 1, 1, 1, 1, 1],
        "mean": [0.164699792862, 0.215771302581, 0.0377231352031, 0.414571166039, 0.050925642252, 0.214123874903, 0.0299248490483, 0.0991124585271, 0.212674617767, 0.0348484031856, 0.211784169078, 0.0479458011687],
        "median": [0.0222499780357, 0.00543814338744, 0.00353384437039, 0.17685264349, 0.00264100916684, 0.0375528484583, 0.00249719712883, 0.0105872545391, 0.065756291151, 0.00230870908126, 0.0568806901574, 0.00251929345541],
        "min": [9.03699231003e-07, 1.00313536677e-05, 3.66312883671e-06, 1.33778921736e-05, 3.87373893318e-06, 9.2521327133e-07, 2.19203343477e-06, 3.1075640436e-05, 2.99408316096e-06, 1.92921629605e-06, 9.1154824986e-06, 1.57056445005e-06],
        "var": [0.0932297930121, 0.146425396204, 0.0155120240524, 0.190982595086, 0.0258545447141, 0.117045775056, 0.012803543359, 0.0500570014119, 0.101592414081, 0.0148343583569, 0.103465273976, 0.026125587523]
    }
},
"lowlevel": {
    "melbands": {
        "dmean": [0.000499568181112, 0.000873857818078, 0.000599727558438, 0.000392547808588, 0.000164603101439, 0.000149619474541, 8.56782207848e-05, 0.000118829506391, 0.000163986958796, 0.000109233420517, 2.69772917818e-05, 3.22537125612e-05, 1.95945358428e-05, 2.15410691453e-05, 2.1612699129e-05, 2.04899133678e-05, 1.89244365174e-05, 1.65419696714e-05, 9.61300702329e-06, 1.5493014871e-05, 6.87200099492e-06, 4.83419034936e-06, 5.00687065141e-06, 3.30322882292e-06, 1.92601191884e-06, 1.33012144943e-06, 8.37174013668e-07, 5.9342306713e-07, 6.39659560875e-07, 4.76695959151e-07, 4.02463257387e-07, 3.97171021405e-07, 3.60509289976e-07, 2.56170665125e-07, 2.02802723948e-07, 1.4717109309e-07, 8.32720132848e-08, 2.74097509134e-08, 6.43685860169e-09, 7.46593509238e-10],
        "dmean2": [0.000854561396409, 0.0014293192653, 0.00091608153889, 0.000638790370431, 0.000267834082479, 0.000222665781621, 0.000137328403071, 0.000182583869901, 0.000250846642302, 0.000172717103851, 4.13092930103e-05, 5.40436485608e-05, 3.05672547256e-05, 3.43539468304e-05, 3.49258625647e-05, 3.24540633301e-05, 3.1077182939e-05, 2.6001533115e-05, 1.51503627421e-05, 2.34152194025e-05, 1.07566092993e-05, 7.57297584641e-06, 7.97024040367e-06, 5.15731699124e-06, 3.0247902032e-06, 2.10068833439e-06, 1.29864702103e-06, 8.89611328603e-07, 9.66150309978e-07, 7.2144666774e-07, 6.07762501659e-07, 5.68922473576e-07, 5.25205280155e-07, 3.71305134195e-07, 2.79924222468e-07, 2.07111767736e-07, 1.18790104864e-07, 4.00835844516e-08, 9.41474098681e-09, 1.09236653056e-09],
        "dvar": [1.80166296104e-06, 1.47971240949e-06, 5.11614871357e-07, 5.37885512131e-07, 4.71358063692e-08, 7.19410309102e-08, 2.0461953909e-08, 6.14791630937e-08, 9.86545742876e-08, 7.22631980921e-08, 4.2880108353e-09, 9.64788782198e-09, 2.98038660418e-09, 2.89703172562e-09, 4.18409218383e-09, 2.22196128163e-09, 1.52997337022e-09, 1.73195524589e-09, 4.67906102752e-10, 2.87988100034e-09, 2.01880442918e-10, 8.30154625597e-11, 1.15326477534e-10, 3.8561723259e-11, 1.06755949567e-11, 7.6155843784e-12, 2.351274557e-12, 1.18898901141e-12, 1.36139710616e-12, 8.74524899112e-13, 7.1956074996e-13, 6.81224824814e-13, 6.09705591136e-13, 4.21123747853e-13, 3.72363869339e-13, 3.53848217003e-13, 1.66186698734e-13, 1.41404764417e-14, 6.35884838861e-16, 1.61716820692e-17],
        "dvar2": [4.87752913614e-06, 3.78769800591e-06, 1.25676967855e-06, 1.53112409862e-06, 1.29374910784e-07, 1.55794253942e-07, 4.79416293331e-08, 1.33636888222e-07, 2.13221966305e-07, 1.62232481671e-07, 7.48566097997e-09, 2.2649583542e-08, 7.07831659952e-09, 7.04418745556e-09, 1.0145242868e-08, 5.02922459233e-09, 3.77790421169e-09, 3.53919826779e-09, 1.0669682915e-09, 7.39023819918e-09, 5.00976315987e-10, 2.3371790614e-10, 2.65951427547e-10, 9.20691856088e-11, 2.47750934351e-11, 1.95450010343e-11, 5.70486453216e-12, 2.73597811074e-12, 2.99726476277e-12, 1.99643079846e-12, 1.63238227189e-12, 1.43036743474e-12, 1.19800057461e-12, 8.03404814464e-13, 6.67431984246e-13, 6.71283449834e-13, 3.55260959539e-13, 2.5502650935e-14, 1.22667427888e-15, 3.47968810968e-17],
        "max": [0.0099320160225, 0.0093669462949, 0.00844473112375, 0.00649718474597, 0.00172395596746, 0.00239625805989, 0.00138042366598, 0.00264615239576, 0.0040323343128, 0.00400843238458, 0.0010690568015, 0.00142213050276, 0.000924747844692, 0.000526389398146, 0.00069858180359, 0.000509148405399, 0.000390744098695, 0.000603522756137, 0.000234065373661, 0.00110786850564, 0.000250694778515, 0.000114742753794, 0.000166290235939, 8.86899942998e-05, 3.19512437272e-05, 3.63838298654e-05, 1.91846720554e-05, 9.49666446104e-06, 1.0510064385e-05, 9.55268751568e-06, 9.25341282709e-06, 8.44101668918e-06, 1.04432656372e-05, 9.89953514363e-06, 1.35580894494e-05, 1.39914673127e-05, 9.42631322687e-06, 2.63332390205e-06, 5.39983602721e-07, 7.70849055698e-08],
        "mean": [0.000640640093479, 0.0026309043169, 0.0018996783765, 0.000718088645954, 0.000301330466755, 0.000263142137555, 0.000139628376928, 0.000172474741703, 0.000236804349697, 0.000177741909283, 3.74045339413e-05, 3.86418068956e-05, 2.60474807874e-05, 2.57505853369e-05, 2.5239534807e-05, 2.71651042567e-05, 2.44829152507e-05, 2.34851140704e-05, 1.30409525809e-05, 2.69317442871e-05, 1.12534753498e-05, 7.76619162934e-06, 1.04243708847e-05, 6.20884384261e-06, 3.01563432004e-06, 1.90712262338e-06, 1.06320374016e-06, 7.25302697901e-07, 8.08096331184e-07, 5.69168264519e-07, 4.69079395771e-07, 4.62671323476e-07, 4.25270343385e-07, 3.12779292244e-07, 2.41075554186e-07, 1.63588936175e-07, 8.80060326836e-08, 2.98695717049e-08, 6.90569823547e-09, 6.95980439946e-10],
        "median": [0.0003567126696, 0.00234892172739, 0.00173960416578, 0.000513097969815, 0.000209034711588, 9.58985983743e-05, 6.46566550131e-05, 5.80045343668e-05, 6.02053951297e-05, 3.63573926734e-05, 1.08851545519e-05, 1.07145551738e-05, 7.43277951187e-06, 5.86240275879e-06, 6.28442603556e-06, 6.04560455031e-06, 4.88181831315e-06, 5.43443775314e-06, 3.53397558683e-06, 3.33785919793e-06, 3.29360932483e-06, 3.13981854561e-06, 2.33055720855e-06, 1.49931508986e-06, 1.0849832961e-06, 7.05211505192e-07, 3.88963030673e-07, 2.41166674186e-07, 2.42949909079e-07, 1.25282156205e-07, 1.02460411711e-07, 9.57613721653e-08, 9.34395032459e-08, 7.15339041335e-08, 4.9795033874e-08, 3.64008663212e-08, 1.95132123793e-08, 6.17853945784e-09, 1.37302813563e-09, 1.07209872924e-10],
        "min": [2.15677061988e-07, 4.03884627076e-07, 1.2335616475e-06, 1.4867129039e-06, 7.14613634045e-06, 1.52114580487e-07, 3.12638917421e-07, 6.09874675206e-08, 2.51089659287e-07, 8.30611028846e-08, 1.17777414488e-08, 1.13445057792e-08, 1.29005295335e-08, 1.28614114914e-08, 5.4607971478e-09, 4.10650624616e-09, 8.83307116339e-09, 6.46339293198e-09, 3.35798122642e-09, 5.61345991912e-09, 4.47414905125e-09, 3.86980092415e-09, 3.56735929685e-09, 1.12294029631e-09, 6.02136951411e-10, 1.07572428742e-09, 4.3952744222e-10, 2.42626196911e-10, 1.33295582905e-10, 1.07520138626e-10, 3.15689592523e-11, 2.0783425328e-11, 1.46542170759e-11, 9.59172151427e-12, 6.26980672241e-12, 3.75319003307e-12, 2.85142374122e-12, 1.28653240405e-12, 2.3877815415e-13, 2.37525097654e-14],
        "var": [1.35795596634e-06, 3.55493489224e-06, 1.45702313148e-06, 5.30740692284e-07, 8.3481808133e-08, 1.63442507528e-07, 3.79997473487e-08, 1.09975594853e-07, 2.00960627694e-07, 1.96821645204e-07, 8.41316794009e-09, 1.13761702281e-08, 4.84909312704e-09, 3.50629680845e-09, 4.59002480468e-09, 3.82099418772e-09, 2.83368861709e-09, 3.26541527151e-09, 7.23440085615e-10, 1.04925117483e-08, 5.21012788468e-10, 1.36130592909e-10, 5.43455058732e-10, 1.67301741905e-10, 2.17478153541e-11, 9.60630359981e-12, 2.84567942127e-12, 1.5260077273e-12, 1.97730265321e-12, 1.17002338807e-12, 8.7508808793e-13, 9.08564076838e-13, 8.60056763221e-13, 5.92602735546e-13, 5.29660137364e-13, 4.42301441783e-13, 1.75840976979e-13, 1.83094489413e-14, 7.71257432732e-16, 1.45216420356e-17]
    },
    "mfcc": {
        "dmean": [29.6121387482, 14.5529127121, 11.690413475, 9.49960422516, 9.35299110413, 7.93941736221, 7.08891105652, 6.37430143356, 6.0634598732, 6.41398620605, 5.67868280411, 5.55391788483, 5.16187334061],
        "dmean2": [38.39635849, 18.9597873688, 15.3412275314, 13.9410409927, 13.1433744431, 11.6788873672, 10.6346025467, 9.84010601044, 9.51238155365, 9.63180446625, 8.72338104248, 8.69671535492, 7.94396781921],
        "dvar": [1079.49414062, 218.415145874, 145.944000244, 77.7899169922, 79.6193008423, 49.9315032959, 36.6932067871, 30.9799480438, 28.4440784454, 31.3120670319, 24.6263237, 22.9577484131, 18.230796814],
        "dvar2": [2073.46777344, 387.425567627, 250.096359253, 158.863616943, 144.958496094, 100.69757843, 77.524055481, 64.3330459595, 65.5051803589, 66.920539856, 56.171043396, 52.7008552551, 41.3029670715],
        "max": [-589.887268066, 247.502410889, 110.94140625, 96.8706588745, 57.8653297424, 55.0907974243, 23.1124458313, 54.0052108765, 22.2584190369, 44.5852737427, 28.7081794739, 29.5440788269, 17.0086555481],
        "mean": [-722.965698242, 183.288650513, -5.09184122086, 43.7483711243, 7.47877454758, 15.826174736, -12.4559669495, 11.9627885818, -6.35084867477, 7.04219055176, -2.1068174839, 1.94994270802, -8.02056407928],
        "median": [-712.13079834, 185.440551758, -6.85559082031, 42.5502128601, 6.73006439209, 16.715927124, -12.0723495483, 12.3394851685, -6.17742156982, 6.03411865234, -3.26621627808, 1.64545822144, -7.73790740967],
        "min": [-956.408874512, 44.5680160522, -100.073226929, -39.9778671265, -38.1566467285, -31.1118431091, -57.8849716187, -27.9065551758, -40.3028945923, -28.0519561768, -27.5908794403, -24.2409248352, -29.5842323303],
        "var": [4568.93359375, 904.096496582, 1046.52404785, 488.022277832, 308.470367432, 213.861831665, 204.603851318, 128.386611938, 84.2535934448, 138.161621094, 92.7248764038, 68.1717300415, 62.0514411926],
        "cov": [[4576.00634766, -982.788330078, -1073.07568359, 189.395812988, -584.299804688, 171.553817749, -435.950500488, 218.089828491, -200.934783936, 198.175689697, -123.097114563, 107.708587646, -139.459472656], [-982.788330078, 905.496032715, -186.836975098, -362.522369385, 139.60017395, -200.569702148, 174.751434326, -124.206169128, 40.8246650696, -43.5150794983, 110.783622742, -53.2258300781, 44.3284835815], [-1073.07568359, -186.836975098, 1048.14404297, 226.735168457, -22.6350059509, 205.821624756, 116.583274841, 40.9289016724, 8.6164932251, -70.2970962524, -50.6838417053, 2.20172572136, 10.5603694916], [189.395812988, -362.522369385, 226.735168457, 488.777709961, 57.7845878601, 57.9448280334, -134.802383423, 59.8651123047, 20.2894020081, -45.1061592102, -77.4365386963, 15.968752861, 1.522159338], [-584.299804688, 139.60017395, -22.6350059509, 57.7845878601, 308.947875977, -77.3431091309, -7.74315643311, -21.8091411591, 36.9122467041, -8.44135093689, 18.8981552124, -1.89571344852, 14.7424583435], [171.553817749, -200.569702148, 205.821624756, 57.9448280334, -77.3431091309, 214.192886353, 36.4283332825, 31.5378742218, -16.7727565765, 19.2809619904, -11.4487543106, 11.8340330124, -16.9631538391], [-435.950500488, 174.751434326, 116.583274841, -134.802383423, -7.74315643311, 36.4283332825, 204.920562744, -5.31436824799, -13.4183855057, 9.88127994537, 42.8331184387, -3.49271893501, 5.41031074524], [218.089828491, -124.206169128, 40.9289016724, 59.8651123047, -21.8091411591, 31.5378742218, -5.31436824799, 128.585357666, -14.8336954117, 11.8054141998, -3.15940308571, 29.6078510284, -12.8263626099], [-200.934783936, 40.8246650696, 8.6164932251, 20.2894020081, 36.9122467041, -16.7727565765, -13.4183855057, -14.8336954117, 84.3840179443, 2.46848797798, -3.59951877594, -10.8662500381, 5.80067825317], [198.175689697, -43.5150794983, -70.2970962524, -45.1061592102, -8.44135093689, 19.2809619904, 9.88127994537, 11.8054141998, 2.46848797798, 138.375488281, 43.7185783386, -2.09592604637, -30.5258045197], [-123.097114563, 110.783622742, -50.6838417053, -77.4365386963, 18.8981552124, -11.4487543106, 42.8331184387, -3.15940308571, -3.59951877594, 43.7185783386, 92.8684158325, 8.62674236298, -6.93905878067], [107.708587646, -53.2258300781, 2.20172572136, 15.968752861, -1.89571344852, 11.8340330124, -3.49271893501, 29.6078510284, -10.8662500381, -2.09592604637, 8.62674236298, 68.2772598267, 15.636677742], [-139.459472656, 44.3284835815, 10.5603694916, 1.522159338, 14.7424583435, -16.9631538391, 5.41031074524, -12.8263626099, 5.80067825317, -30.5258045197, -6.93905878067, 15.636677742, 62.1474952698]],
        "icov": [[0.00179180887062, -9.35084681259e-05, 0.00223915744573, -0.00104635034222, 0.00268393103033, -0.00182614510413, 0.00200333306566, -0.00117173686158, 0.00267651793547, -0.00186658254825, 0.00241114990786, -0.00207493617199, 0.00180594820995], [-9.35084681259e-05, 0.00345305702649, -4.23225865234e-05, 0.00154146493878, -0.00101413042285, 0.00210434757173, -0.00201874109916, 0.0010131590534, -0.00138441915624, 0.0021080209408, -0.00287037575617, 0.00201911525801, -0.00116746278945], [0.00223915744573, -4.23225865234e-05, 0.00438065035269, -0.00213081785478, 0.00334128178656, -0.00338523159735, 0.0010968138231, -0.00149297073949, 0.00293725077063, -0.00160105992109, 0.00321808946319, -0.00229889736511, 0.00211962708272], [-0.00104635034222, 0.00154146493878, -0.00213081785478, 0.00513350404799, -0.00301051512361, 0.0010743921157, 0.000789889076259, -0.000283293687971, -0.00242735003121, 0.00231710891239, -0.00120609661099, 0.00180731795263, -0.00155571009964], [0.00268393103033, -0.00101413042285, 0.00334128178656, -0.00301051512361, 0.00835081096739, -0.00164555490483, 0.00285583361983, -0.00139378814492, 0.00304766534828, -0.00326697039418, 0.00302072265185, -0.00377194094472, 0.00268288352527], [-0.00182614510413, 0.00210434757173, -0.00338523159735, 0.0010743921157, -0.00164555490483, 0.0102769974619, -0.00441675446928, 0.00167336012237, -0.00280009955168, 0.00142215914093, -0.0032080670353, 0.00182912149467, -0.000983148696832], [0.00200333306566, -0.00201874109916, 0.0010968138231, 0.000789889076259, 0.00285583361983, -0.00441675446928, 0.0116186980158, -0.00255537312478, 0.00449066050351, -0.00284854113124, 0.00156652054284, -0.00225990638137, 0.00123303662986], [-0.00117173686158, 0.0010131590534, -0.00149297073949, -0.000283293687971, -0.00139378814492, 0.00167336012237, -0.00255537312478, 0.0110833635554, -0.00111568695866, 0.000913932919502, -0.00189781223889, -0.00270379916765, 0.00122729875147], [0.00267651793547, -0.00138441915624, 0.00293725077063, -0.00242735003121, 0.00304766534828, -0.00280009955168, 0.00449066050351, -0.00111568695866, 0.0178260933608, -0.00480581028387, 0.00493124639615, -0.00180515984539, 0.00142591272015], [-0.00186658254825, 0.0021080209408, -0.00160105992109, 0.00231710891239, -0.00326697039418, 0.00142215914093, -0.00284854113124, 0.000913932919502, -0.00480581028387, 0.0133188748732, -0.00844641495496, 0.00364239607006, 0.00125387811568], [0.00241114990786, -0.00287037575617, 0.00321808946319, -0.00120609661099, 0.00302072265185, -0.0032080670353, 0.00156652054284, -0.00189781223889, 0.00493124639615, -0.00844641495496, 0.0215477161109, -0.00755148613825, 0.00451735639945], [-0.00207493617199, 0.00201911525801, -0.00229889736511, 0.00180731795263, -0.00377194094472, 0.00182912149467, -0.00225990638137, -0.00270379916765, -0.00180515984539, 0.00364239607006, -0.00755148613825, 0.0226912498474, -0.00931209139526], [0.00180594820995, -0.00116746278945, 0.00211962708272, -0.00155571009964, 0.00268288352527, -0.000983148696832, 0.00123303662986, 0.00122729875147, 0.00142591272015, 0.00125387811568, 0.00451735639945, -0.00931209139526, 0.023225300014]]
    }
}

}