{
"metadata": {
    "version": {
        "essentia": "2.0.1",
        "extractor": "archive-music 1.0 mod ismir14"
    },
    "audio_properties": {
        "analysis_sample_rate": 44100,
        "bitrate": 96,
        "channels": 2,
        "equal_loudness": 0,
        "length": 30.0669155121,
        "replay_gain": -9.77028656006,
        "downmix": "mix"
    },
    "tags": {
        "track": 0,
        "year": 0,
        "album": "",
        "artist": "",
        "comment": "",
        "genre": "",
        "title": ""
    }
},
"rhythm": {
    "bpm": 172.265594482,
    "bpm_histogram_first_peak": 172,
    "bpm_histogram_first_peak_spread": 0,
    "bpm_histogram_first_peak_weight": 0.5,
    "bpm_histogram_second_peak": 178,
    "bpm_histogram_second_peak_spread": 0,
    "bpm_histogram_second_peak_weight": 0.27380952239
},
"tonal": {
    "tuning_frequency": {
        "dmean": 0.0879213288426,
        "dmean2": 0.15443970263,
        "dvar": 0.621383726597,
        "dvar2": 1.43121111393,
        "max": 448.467559814,
        "mean": 434.415344238,
        "median": 433.691802979,
        "min": 432.690917969,
        "var": 2.77614164352
    },
    "hpcp": {
        "dmean": [0.0830457508564, 0.146957486868, 0.154561519623, 0.15495467186, 0.03100415878, 0.0805483534932, 0.0822286531329, 0.123479492962, 0.0551670975983, 0.0588119886816, 0.143182888627, 0.0612867325544],
        "dmean2": [0.147575289011, 0.265687316656, 0.282339811325, 0.277962446213, 0.0565827451646, 0.141405671835, 0.145979359746, 0.216809675097, 0.0987018868327, 0.103783324361, 0.242007702589, 0.112900838256],
        "dvar": [0.0408739261329, 0.0683335661888, 0.0776645317674, 0.0852426588535, 0.017820391804, 0.043438013643, 0.0458980090916, 0.0687794163823, 0.0315763019025, 0.0257083047181, 0.0594485029578, 0.0288290064782],
        "dvar2": [0.104147665203, 0.175084218383, 0.204823106527, 0.168797671795, 0.0457856096327, 0.101350337267, 0.0905977934599, 0.135348811746, 0.0746078416705, 0.0625910237432, 0.120349407196, 0.0745768845081],
        "max": [1, 1, 1, 1, 1, 1, 1, 1, 1, 1, 1, 1],
        "mean": [0.0802111253142, 0.18676905334, 0.144253090024, 0.313291847706, 0.023793745786, 0.108050107956, 0.125457763672, 0.185568541288, 0.0537337474525, 0.0620992146432, 0.330780237913, 0.0506581701338],
        "median": [0.0101767582819, 0.0345057696104, 0.0311462003738, 0.0502001903951, 0.001195116085, 0.0116385519505, 0.00146928639151, 0.0105539737269, 0.00274168490432, 0.00459931138903, 0.0994608253241, 0.00360472500324],
        "min": [1.35366581162e-05, 2.65016151388e-05, 3.66562608178e-06, 0, 0, 0, 1.51307119722e-06, 0, 0, 0, 2.03025115297e-06, 7.98005657998e-06],
        "var": [0.0420321375132, 0.10151579231, 0.0705951675773, 0.172605991364, 0.0136749651283, 0.0682201981544, 0.0886783599854, 0.117695391178, 0.0359730757773, 0.0340119451284, 0.159006640315, 0.0236091334373]
    }
},
"lowlevel": {
    "melbands": {
        "dmean": [1.71381009295e-06, 4.16623952333e-05, 5.50980730623e-05, 0.000504546973389, 0.000502829905599, 0.000269468670012, 0.000113193818834, 9.66839506873e-05, 5.68329523958e-05, 3.95911338273e-05, 3.2760493923e-05, 2.0105182557e-05, 3.41114973708e-05, 1.301656539e-05, 1.02102894743e-05, 8.54900554259e-06, 1.75671448233e-05, 8.4852317741e-06, 9.91676733975e-06, 2.76626224149e-06, 3.97987378165e-06, 3.88861644751e-06, 2.22287053475e-06, 2.74604553852e-06, 7.10145877747e-06, 7.35089679438e-06, 2.11733868127e-06, 1.15853038096e-06, 3.97059295665e-07, 2.57753811184e-07, 9.95203564003e-08, 1.60710413866e-08, 3.00351077342e-09, 6.51635911897e-10, 2.631652396e-10, 1.10998814307e-10, 4.98004658345e-11, 2.05364388689e-11, 1.10312228102e-11, 3.14474509801e-12],
        "dmean2": [2.74431272373e-06, 6.43811436021e-05, 8.26030372991e-05, 0.000778301968239, 0.000787960947491, 0.000417785486206, 0.000176661909791, 0.00014950093464, 9.1107111075e-05, 6.46090702503e-05, 4.93971783726e-05, 3.10913164867e-05, 5.2956318541e-05, 2.00599570235e-05, 1.66691115737e-05, 1.35368181873e-05, 2.84227735392e-05, 1.34318306664e-05, 1.50873620441e-05, 4.21307458964e-06, 6.45253658149e-06, 6.45109093966e-06, 3.63989147445e-06, 4.23350684287e-06, 1.09958209578e-05, 1.12464485937e-05, 3.38762106367e-06, 1.87125374396e-06, 6.16897182226e-07, 3.99842093657e-07, 1.53924972324e-07, 2.62807979823e-08, 4.78087258671e-09, 1.05129760453e-09, 4.18963141957e-10, 1.72725223013e-10, 7.68648061866e-11, 3.14829481929e-11, 1.71848750508e-11, 5.36810786794e-12],
        "dvar": [4.78092608905e-12, 8.05018363081e-09, 1.15428138159e-08, 1.82099824997e-06, 8.26748930649e-07, 1.47302301912e-07, 4.97792100873e-08, 6.25854852387e-08, 4.4639588026e-08, 1.55125476908e-08, 1.29867787635e-08, 5.49403234018e-09, 1.50272825294e-08, 2.01130312405e-09, 1.73724923336e-09, 4.13980960623e-10, 3.37309558063e-09, 3.18904375129e-10, 4.32624686075e-10, 2.54644621361e-11, 5.22566885597e-11, 7.19339032784e-11, 2.8606285743e-11, 3.60828034118e-11, 4.01791488969e-10, 3.92346211076e-10, 2.01449083109e-11, 7.92416219447e-12, 1.63652338209e-12, 1.76842351526e-12, 3.38390123214e-13, 4.20462708094e-15, 6.00707031165e-16, 7.85572683279e-18, 6.88403745703e-19, 1.65841221291e-19, 8.01517980283e-20, 3.66533293698e-20, 1.24470713532e-20, 4.01089094983e-22],
        "dvar2": [1.17581864384e-11, 1.29046568986e-08, 2.22957190488e-08, 3.81626387025e-06, 1.87509056104e-06, 3.47769287146e-07, 1.25790236893e-07, 1.5292300759e-07, 1.10998847447e-07, 3.53781928197e-08, 2.8149045761e-08, 1.1774536901e-08, 3.28972653563e-08, 3.81802323091e-09, 3.80184195237e-09, 9.01239860518e-10, 5.80785775028e-09, 7.7651152175e-10, 8.18369316757e-10, 5.58945910389e-11, 1.28605792682e-10, 1.80780571069e-10, 6.61496968313e-11, 6.93301666077e-11, 9.57137480384e-10, 7.73148489674e-10, 4.99606224447e-11, 1.91903437585e-11, 3.75027873339e-12, 4.34065153612e-12, 8.04774649699e-13, 9.47885348636e-15, 1.51632555965e-15, 1.61456556584e-17, 1.62744042528e-18, 4.22035199945e-19, 2.01041142626e-19, 9.17687290134e-20, 3.11869030606e-20, 1.0094726605e-21],
        "max": [3.0399816751e-05, 0.00226080836728, 0.00162632623687, 0.0302509721369, 0.0138340396807, 0.00364658143371, 0.00219302787445, 0.00279833516106, 0.00278946151957, 0.00148488418199, 0.00142249860801, 0.000916397955734, 0.00170475232881, 0.000614204443991, 0.000545189832337, 0.000287967355689, 0.00128624320496, 0.000181457420695, 0.00042405052227, 8.04218434496e-05, 6.95502967574e-05, 0.000108170148451, 5.35113831575e-05, 8.68452189025e-05, 0.000305372843286, 0.000320161110722, 4.24584795837e-05, 2.64437730948e-05, 2.05734449992e-05, 2.56828880083e-05, 1.20566683108e-05, 1.05500339487e-06, 5.10105166995e-07, 4.06524414132e-08, 1.09490905231e-08, 4.6778243501e-09, 4.3276404682e-09, 3.02184188783e-09, 1.49307843866e-09, 3.35188210521e-10],
        "mean": [2.26892484534e-06, 7.26768994355e-05, 0.000107276522613, 0.00087839824846, 0.000838221050799, 0.000386981409974, 0.00014901519171, 0.000147983781062, 6.56361444271e-05, 4.1758754378e-05, 3.98925367335e-05, 2.14364263229e-05, 3.80795281671e-05, 1.43292836583e-05, 1.19350870591e-05, 9.53264770942e-06, 2.01459715754e-05, 9.68899621512e-06, 1.2991758922e-05, 3.66722679246e-06, 4.32406977779e-06, 3.86973806599e-06, 2.46185459218e-06, 3.3665266983e-06, 7.16454906069e-06, 7.99127064965e-06, 2.15815180127e-06, 1.07842868147e-06, 3.71265826971e-07, 2.17461419538e-07, 8.61252047457e-08, 1.48731214011e-08, 2.57360843747e-09, 7.16902037734e-10, 3.02187386225e-10, 1.26638352582e-10, 5.23196035107e-11, 1.77167395338e-11, 7.33979977491e-12, 2.07977558786e-12],
        "median": [1.39284497891e-06, 3.67886532331e-05, 4.79723748867e-05, 0.000256665196503, 0.000400285614887, 0.000184945834917, 5.65872360312e-05, 3.75490744773e-05, 1.11647041194e-05, 3.68333212464e-06, 2.75931415672e-06, 1.36759445013e-06, 2.34852427639e-06, 2.07835159927e-06, 1.67116445482e-06, 1.79768244379e-06, 4.06432582167e-06, 2.95520635518e-06, 3.86789724871e-06, 1.16761100344e-06, 1.38644099934e-06, 9.84803932624e-07, 4.72894527093e-07, 7.11014024546e-07, 1.51175220253e-06, 1.28854117065e-06, 3.99239326043e-07, 1.4382752056e-07, 3.61085135125e-08, 1.38009896844e-08, 4.53903803432e-09, 1.04618236296e-09, 4.11711498227e-10, 2.20168855369e-10, 1.31097480094e-10, 5.78406073037e-11, 2.33392350585e-11, 7.23385457438e-12, 2.04696069123e-12, 4.82270419346e-13],
        "min": [9.5888236587e-12, 2.12043403669e-11, 5.04973562965e-11, 5.11196328323e-11, 5.5980459851e-11, 1.80023010388e-10, 4.02590599746e-11, 6.66360369661e-11, 3.39511613268e-11, 4.60084470522e-11, 2.75269147754e-11, 4.75552965062e-11, 1.29757897135e-11, 6.03723529502e-11, 4.29248060707e-11, 3.55394151608e-11, 6.25062154813e-11, 4.30879013025e-11, 3.92195893817e-11, 2.03555488437e-11, 1.41419714481e-11, 1.82588614367e-11, 1.34096952292e-11, 2.93806541596e-11, 9.15496584791e-12, 1.53496243493e-11, 1.09937163539e-11, 4.79811806606e-12, 1.4112430842e-12, 4.38092352109e-13, 8.21792829099e-13, 7.59622508124e-13, 7.68481307235e-13, 8.87114437898e-13, 8.88819074764e-13, 7.44627070507e-13, 6.5432370893e-13, 6.31045400396e-13, 1.92808930714e-13, 1.35205745322e-14],
        "var": [7.64646245627e-12, 3.35838379328e-08, 2.51224712144e-08, 4.09127187595e-06, 1.43051977375e-06, 2.40385929828e-07, 5.93564308815e-08, 9.30045658265e-08, 5.53266517045e-08, 1.78641776927e-08, 1.85797723873e-08, 7.77289255183e-09, 2.17129407787e-08, 2.77749934163e-09, 2.22881757495e-09, 6.37531250014e-10, 6.27086915728e-09, 3.90121629446e-10, 7.38888950025e-10, 4.2074593809e-11, 6.38650590745e-11, 6.99670252291e-11, 3.51076494265e-11, 6.25343943295e-11, 4.24490220752e-10, 5.90149262791e-10, 2.40183775646e-11, 8.39927693369e-12, 1.75806667401e-12, 1.51171696688e-12, 3.0846457116e-13, 4.66142136148e-15, 4.60565430042e-16, 8.78019381155e-18, 6.55618907414e-19, 1.2457106088e-19, 4.56447341606e-20, 1.84705230257e-20, 6.24962538934e-21, 2.04151421498e-22]
    },
    "mfcc": {
        "dmean": [37.8136405945, 11.9059305191, 21.9425239563, 13.5608377457, 10.6526832581, 9.42515468597, 7.88404607773, 9.7271566391, 7.26380062103, 7.07006978989, 7.22660779953, 6.57244873047, 6.22746229172],
        "dmean2": [53.8320617676, 17.0325527191, 31.4249382019, 19.2849292755, 15.3023090363, 14.1162624359, 11.7887210846, 14.8692331314, 11.0340833664, 10.7537841797, 11.4182310104, 10.033624649, 9.59040641785],
        "dvar": [1517.89941406, 211.928283691, 498.577148438, 131.732421875, 84.0627746582, 86.4050674438, 38.394618988, 65.0791778564, 35.2031936646, 33.505657196, 35.0622558594, 32.1102561951, 25.4736728668],
        "dvar2": [2754.37036133, 300.519134521, 884.188964844, 262.039459229, 158.461029053, 180.46055603, 86.732963562, 142.165756226, 81.5986251831, 81.4825057983, 79.9851989746, 69.029083252, 59.5133018494],
        "max": [-690.368530273, 246.82623291, 101.19543457, 131.183197021, 63.2637672424, 29.6985321045, 36.2275924683, 28.0364933014, 9.57571792603, 29.2219562531, 18.0593070984, 18.9026508331, 25.1103134155],
        "mean": [-808.893859863, 197.051696777, -39.925201416, 34.4121208191, 11.6193962097, -25.5477180481, -4.93529987335, -29.8253078461, -25.2982540131, -5.19838666916, -11.3448810577, -14.2217159271, -7.03626680374],
        "median": [-801.533081055, 198.910217285, -47.969127655, 33.0490760803, 14.1813201904, -26.1254844666, -4.10456466675, -31.4799728394, -25.5036087036, -5.05663299561, -10.3987483978, -14.1107254028, -6.80759811401],
        "min": [-1138.42004395, 1.14440917969e-05, -121.687698364, -23.3701591492, -58.9401168823, -75.5143432617, -37.972114563, -71.8190307617, -60.7099380493, -47.6318664551, -44.5770301819, -45.8675956726, -37.6090660095],
        "var": [3754.41186523, 636.542785645, 1710.44799805, 580.238830566, 386.516845703, 287.132232666, 138.279800415, 253.619155884, 109.596733093, 164.942153931, 112.388076782, 90.9145507812, 88.96824646],
        "cov": [[3760.20556641, 184.981460571, -2254.93383789, 677.773620605, -546.562438965, -576.167785645, 291.045074463, -263.572143555, 1.05643796921, -85.2859802246, -77.8776550293, 54.5527954102, -128.29095459], [184.981460571, 637.525085449, 230.961257935, -343.844665527, 29.5207004547, -78.6261367798, -63.8770179749, 114.773620605, -54.5978088379, -24.9216880798, -12.6879472733, -40.3124465942, -15.2708740234], [-2254.93383789, 230.961257935, 1713.08752441, -495.796203613, 288.327789307, 363.069641113, -238.763916016, 175.600250244, -15.5508489609, 5.91533279419, 43.2364654541, -53.9275588989, 47.2436981201], [677.773620605, -343.844665527, -495.796203613, 581.134277344, -16.0734405518, -64.0338516235, 62.437374115, -234.430526733, -1.04444599152, 26.0555973053, -37.278339386, 13.9075870514, -14.9487714767], [-546.562438965, 29.5207004547, 288.327789307, -16.0734405518, 387.113342285, 149.447235107, -101.059692383, -47.489566803, -60.8001670837, 102.518661499, 12.9196081161, -42.6568336487, 59.5605888367], [-576.167785645, -78.6261367798, 363.069641113, -64.0338516235, 149.447235107, 287.5753479, -33.3467712402, -58.1699142456, 14.4146080017, 42.5166511536, 52.3610267639, 12.1439695358, 26.039068222], [291.045074463, -63.8770179749, -238.763916016, 62.437374115, -101.059692383, -33.3467712402, 138.49319458, 13.8706235886, -6.27695035934, -2.66357779503, -8.51318836212, 19.42619133, -5.78744220734], [-263.572143555, 114.773620605, 175.600250244, -234.430526733, -47.489566803, -58.1699142456, 13.8706235886, 254.010543823, 38.5960845947, -86.154006958, -5.93287229538, -10.5996379852, -12.7636070251], [1.05643796921, -54.5978088379, -15.5508489609, -1.04444599152, -60.8001670837, 14.4146080017, -6.27695035934, 38.5960845947, 109.765869141, -20.1514987946, -21.8289413452, 18.3846645355, -15.0698728561], [-85.2859802246, -24.9216880798, 5.91533279419, 26.0555973053, 102.518661499, 42.5166511536, -2.66357779503, -86.154006958, -20.1514987946, 165.19670105, 45.0384140015, -33.7133560181, 38.1870193481], [-77.8776550293, -12.6879472733, 43.2364654541, -37.278339386, 12.9196081161, 52.3610267639, -8.51318836212, -5.93287229538, -21.8289413452, 45.0384140015, 112.561508179, 20.596830368, -3.40159583092], [54.5527954102, -40.3124465942, -53.9275588989, 13.9075870514, -42.6568336487, 12.1439695358, 19.42619133, -10.5996379852, 18.3846645355, -33.7133560181, 20.596830368, 91.0548477173, 18.288143158], [-128.29095459, -15.2708740234, 47.2436981201, -14.9487714767, 59.5605888367, 26.039068222, -5.78744220734, -12.7636070251, -15.0698728561, 38.1870193481, -3.40159583092, 18.288143158, 89.1055374146]],
        "icov": [[0.521050989628, -0.727218151093, 0.710897743702, -0.669637262821, 0.624326884747, -0.564015388489, 0.497073292732, -0.414284855127, 0.33587038517, -0.252406060696, 0.177784577012, -0.109099268913, 0.0509001240134], [-0.727218151093, 1.01826155186, -0.992831885815, 0.938037633896, -0.873565137386, 0.79123032093, -0.696346104145, 0.582353532314, -0.470634877682, 0.355310291052, -0.249892711639, 0.154152557254, -0.0709051042795], [0.710897743702, -0.992831885815, 0.973008513451, -0.916370391846, 0.856779873371, -0.778383970261, 0.688656210899, -0.575573325157, 0.467849493027, -0.353037387133, 0.250625967979, -0.154391303658, 0.0724802240729], [-0.669637262821, 0.938037633896, -0.916370391846, 0.872152805328, -0.812944293022, 0.740456461906, -0.656470537186, 0.554546177387, -0.448983967304, 0.342070072889, -0.242122888565, 0.151758179069, -0.0702962353826], [0.624326884747, -0.873565137386, 0.856779873371, -0.812944293022, 0.768015027046, -0.69963234663, 0.624594986439, -0.525599837303, 0.431539982557, -0.330487579107, 0.236971974373, -0.147455126047, 0.0688215345144], [-0.564015388489, 0.79123032093, -0.778383970261, 0.740456461906, -0.69963234663, 0.64944756031, -0.578331112862, 0.492667108774, -0.404846072197, 0.311737328768, -0.227889508009, 0.142998978496, -0.0687684938312], [0.497073292732, -0.696346104145, 0.688656210899, -0.656470537186, 0.624594986439, -0.578331112862, 0.532486140728, -0.448384463787, 0.371448367834, -0.289618164301, 0.21256545186, -0.137649670243, 0.06624212116], [-0.414284855127, 0.582353532314, -0.575573325157, 0.554546177387, -0.525599837303, 0.492667108774, -0.448384463787, 0.392828702927, -0.321603268385, 0.255125552416, -0.187214791775, 0.123739279807, -0.0602363497019], [0.33587038517, -0.470634877682, 0.467849493027, -0.448983967304, 0.431539982557, -0.404846072197, 0.371448367834, -0.321603268385, 0.278630882502, -0.213273584843, 0.161457359791, -0.107065565884, 0.054113805294], [-0.252406060696, 0.355310291052, -0.353037387133, 0.342070072889, -0.330487579107, 0.311737328768, -0.289618164301, 0.255125552416, -0.213273584843, 0.181884482503, -0.133789911866, 0.0926990732551, -0.0485532358289], [0.177784577012, -0.249892711639, 0.250625967979, -0.242122888565, 0.236971974373, -0.227889508009, 0.21256545186, -0.187214791775, 0.161457359791, -0.133789911866, 0.111578285694, -0.0726012960076, 0.0386296734214], [-0.109099268913, 0.154152557254, -0.154391303658, 0.151758179069, -0.147455126047, 0.142998978496, -0.137649670243, 0.123739279807, -0.107065565884, 0.0926990732551, -0.0726012960076, 0.064301982522, -0.0315850898623], [0.0509001240134, -0.0709051042795, 0.0724802240729, -0.0702962353826, 0.0688215345144, -0.0687684938312, 0.06624212116, -0.0602363497019, 0.054113805294, -0.0485532358289, 0.0386296734214, -0.0315850898623, 0.0298179984093]]
    }
}

}