{
"metadata": {
    "version": {
        "essentia": "2.0.1",
        "extractor": "archive-music 1.0 mod ismir14"
    },
    "audio_properties": {
        "analysis_sample_rate": 44100,
        "bitrate": 96,
        "channels": 2,
        "equal_loudness": 0,
        "length": 30.0669155121,
        "replay_gain": -14.3366317749,
        "downmix": "mix"
    },
    "tags": {
        "track": 0,
        "year": 0,
        "album": "",
        "artist": "",
        "comment": "",
        "genre": "",
        "title": ""
    }
},
"rhythm": {
    "bpm": 109.23135376,
    "bpm_histogram_first_peak": 110,
    "bpm_histogram_first_peak_spread": 0.509433984756,
    "bpm_histogram_first_peak_weight": 0.490566045046,
    "bpm_histogram_second_peak": 0,
    "bpm_histogram_second_peak_spread": 0,
    "bpm_histogram_second_peak_weight": 0
},
"tonal": {
    "tuning_frequency": {
        "dmean": 0.0778342857957,
        "dmean2": 0.135286360979,
        "dvar": 0.347833782434,
        "dvar2": 0.788483679295,
        "max": 450.284484863,
        "mean": 442.143096924,
        "median": 442.548919678,
        "min": 438.477722168,
        "var": 2.06288719177
    },
    "hpcp": {
        "dmean": [0.133866980672, 0.0766962394118, 0.0681746304035, 0.129664883018, 0.0756757408381, 0.113092504442, 0.0551122389734, 0.0843195617199, 0.110123492777, 0.0496004521847, 0.120282664895, 0.076149135828],
        "dmean2": [0.237694382668, 0.140622481704, 0.121312305331, 0.221616819501, 0.140253379941, 0.197726398706, 0.104785583913, 0.146138086915, 0.180776625872, 0.0909169986844, 0.203023135662, 0.141947969794],
        "dvar": [0.07000605762, 0.0424942187965, 0.0325742475688, 0.0562569238245, 0.0390049703419, 0.0475352033973, 0.0263380389661, 0.0317217186093, 0.0448693186045, 0.0232686772943, 0.0520389564335, 0.0395206175745],
        "dvar2": [0.18546871841, 0.106783233583, 0.0873166546226, 0.121241912246, 0.103317782283, 0.121224850416, 0.0761893242598, 0.0795840844512, 0.109971649945, 0.0652668252587, 0.130109757185, 0.108474120498],
        "max": [1, 1, 1, 1, 1, 1, 1, 1, 1, 1, 1, 1],
        "mean": [0.169600620866, 0.210252925754, 0.0502352789044, 0.414294213057, 0.0522879324853, 0.218312814832, 0.0333762802184, 0.100551731884, 0.206098720431, 0.0333784483373, 0.217549279332, 0.049992673099],
        "median": [0.0230142250657, 0.00498875509948, 0.00371362757869, 0.161850810051, 0.00259146513417, 0.0362082757056, 0.0023325344082, 0.0111236283556, 0.057506904006, 0.00226358231157, 0.0516874864697, 0.00237400503829],
        "min": [1.37078484386e-06, 1.006511593e-05, 4.1095358938e-06, 1.08151652967e-05, 3.30205125465e-06, 9.05591491573e-07, 9.57838210525e-07, 2.76767987089e-05, 4.06727792779e-07, 2.16296871258e-06, 6.26624387223e-06, 1.87068712876e-06],
        "var": [0.0953860804439, 0.145747125149, 0.0238815546036, 0.189492359757, 0.0287368167192, 0.119833394885, 0.015206547454, 0.0496157631278, 0.100490085781, 0.0146023351699, 0.107476435602, 0.0263108778745]
    }
},
"lowlevel": {
    "melbands": {
        "dmean": [0.000509638630319, 0.000868212373462, 0.000632630544715, 0.000401146215154, 0.000166352008819, 0.000151629981701, 8.84530963958e-05, 0.000122514204122, 0.000169284350704, 0.000113867266919, 2.75117108686e-05, 3.30252514686e-05, 1.99578007596e-05, 2.23522492888e-05, 2.17873166548e-05, 2.10182188312e-05, 1.95282264031e-05, 1.67682264873e-05, 9.60728266364e-06, 1.55299912876e-05, 6.96713732395e-06, 4.9814839258e-06, 5.14354724146e-06, 3.38889662999e-06, 1.99691294256e-06, 1.39481380756e-06, 8.46303009894e-07, 6.20464902568e-07, 6.71453790346e-07, 4.97697556057e-07, 4.22271654088e-07, 4.13032495317e-07, 3.80152698654e-07, 2.72153300784e-07, 2.11399154182e-07, 1.5532020825e-07, 8.92990499324e-08, 2.97750517575e-08, 6.80076928106e-09, 6.56585563696e-10],
        "dmean2": [0.000875044555869, 0.00141147128306, 0.000966883962974, 0.000662231061142, 0.00026730648824, 0.000227791198995, 0.00014091625053, 0.000186798046343, 0.000263312656898, 0.000181368246558, 4.15811991843e-05, 5.53128447791e-05, 3.00586561934e-05, 3.57908866135e-05, 3.45857079083e-05, 3.3249038097e-05, 3.21991501551e-05, 2.62983958237e-05, 1.49804691318e-05, 2.36447558564e-05, 1.10130267785e-05, 7.83541781857e-06, 8.2836686488e-06, 5.42215093446e-06, 3.22653909279e-06, 2.23700044444e-06, 1.32409604703e-06, 9.34650870477e-07, 1.00919737633e-06, 7.42209010696e-07, 6.27335737136e-07, 5.91003811223e-07, 5.56640884497e-07, 3.91317598769e-07, 2.86819755502e-07, 2.17101870703e-07, 1.2673123706e-07, 4.23100630087e-08, 9.72719771397e-09, 1.02998964913e-09],
        "dvar": [1.85693147614e-06, 1.49263155436e-06, 5.71281248085e-07, 5.48898242414e-07, 4.68758862837e-08, 7.19658430626e-08, 2.19397158219e-08, 6.28569836181e-08, 1.00489820909e-07, 7.74670851911e-08, 4.49675940928e-09, 1.0178779597e-08, 2.8670623653e-09, 3.25719673455e-09, 3.90200893818e-09, 2.47185072411e-09, 1.64157165639e-09, 1.73722869423e-09, 4.49009801562e-10, 2.44363329571e-09, 2.00682900853e-10, 7.67609933949e-11, 1.29445981711e-10, 4.26862122038e-11, 1.17753038223e-11, 8.3075647056e-12, 2.3907889557e-12, 1.34052426277e-12, 1.48140061416e-12, 9.23637577012e-13, 7.55581903468e-13, 7.1423579941e-13, 6.47407474852e-13, 4.71723463243e-13, 3.40184044129e-13, 3.55856267847e-13, 1.83266379503e-13, 1.31831047476e-14, 4.9189130247e-16, 1.16279582849e-17],
        "dvar2": [5.0294029279e-06, 3.75972558686e-06, 1.44063596963e-06, 1.55345594521e-06, 1.273091641e-07, 1.52595475811e-07, 5.22629228783e-08, 1.35606626372e-07, 2.1409626072e-07, 1.80145207196e-07, 7.70870389744e-09, 2.40010429309e-08, 6.49022746657e-09, 8.00603405793e-09, 9.15561493287e-09, 5.73423042383e-09, 4.04983513391e-09, 3.52225337785e-09, 9.65575508438e-10, 5.91099658109e-09, 4.95970653436e-10, 2.09947240148e-10, 3.10024367289e-10, 1.04661584954e-10, 2.75805940586e-11, 2.16358164024e-11, 5.73284692287e-12, 3.04777709147e-12, 3.25215180307e-12, 2.10504140161e-12, 1.67477370947e-12, 1.43564565618e-12, 1.2426888945e-12, 9.12760210296e-13, 5.73768083826e-13, 6.57510721216e-13, 3.7071745413e-13, 2.14698017123e-14, 8.32177471667e-16, 2.88339246581e-17],
        "max": [0.00984249729663, 0.00928837992251, 0.00859358999878, 0.00578465312719, 0.00169528345577, 0.00247915508226, 0.00145344622433, 0.00262190983631, 0.00369215104729, 0.00420279661193, 0.00120256491937, 0.00156372145284, 0.00087603443535, 0.000514283194207, 0.000649569439702, 0.000506824231707, 0.000413915724494, 0.000627381377853, 0.000224159099162, 0.00113781134132, 0.000256762519712, 9.8529511888e-05, 0.000174189204699, 9.04174230527e-05, 3.02302796626e-05, 3.75966592401e-05, 1.82594594662e-05, 9.76437422651e-06, 1.06164525278e-05, 8.77960701473e-06, 8.73315730132e-06, 7.9306319094e-06, 1.03955017039e-05, 1.02440317278e-05, 1.30195439851e-05, 1.42640374179e-05, 1.01252690001e-05, 2.65380140263e-06, 4.73812775681e-07, 7.2487587488e-08],
        "mean": [0.000649045803584, 0.00266433670186, 0.00193037150893, 0.000727592036128, 0.000305162946461, 0.000266182876658, 0.000142438628245, 0.000175546942046, 0.000240571229369, 0.00017891151947, 3.80696510547e-05, 3.91350695281e-05, 2.63952024397e-05, 2.63485962932e-05, 2.56329531112e-05, 2.78070310742e-05, 2.48657579505e-05, 2.37121639657e-05, 1.31830329337e-05, 2.72189372481e-05, 1.14558242785e-05, 7.92057562649e-06, 1.06069264802e-05, 6.33765102975e-06, 3.08843141283e-06, 1.95485426957e-06, 1.09149777927e-06, 7.58371754728e-07, 8.37625350414e-07, 5.92012497691e-07, 4.94538369367e-07, 4.87790714487e-07, 4.48549315024e-07, 3.33092202709e-07, 2.54710670333e-07, 1.72579433411e-07, 9.6038164088e-08, 3.33128404861e-08, 7.45977324357e-09, 5.63896929151e-10],
        "median": [0.000363222818123, 0.00239472603425, 0.00179495743942, 0.000517177802976, 0.000211941936868, 9.55640134634e-05, 6.65403131279e-05, 5.90531999478e-05, 6.1599748733e-05, 3.73424300051e-05, 1.12453826659e-05, 1.036697995e-05, 7.49945911593e-06, 5.78448771194e-06, 6.41974793325e-06, 5.81178437642e-06, 4.91166838401e-06, 5.46124465473e-06, 3.66787389794e-06, 3.27335055772e-06, 3.41745180776e-06, 3.23903668686e-06, 2.43298586611e-06, 1.5526286461e-06, 1.07685696094e-06, 7.45117517909e-07, 4.01722246579e-07, 2.58730693758e-07, 2.51779226801e-07, 1.3362205209e-07, 1.0849013421e-07, 1.02804420976e-07, 9.57873069751e-08, 7.79979174581e-08, 5.42058664621e-08, 3.80845577297e-08, 2.07679295983e-08, 6.9640000433e-09, 1.56121038319e-09, 8.32873700563e-11],
        "min": [4.41303393828e-09, 2.55547605299e-09, 6.41133646173e-10, 8.17019396582e-10, 2.82781331684e-09, 9.03070451752e-10, 5.51350742839e-10, 1.44231948607e-09, 5.14382259009e-10, 2.57523058433e-10, 7.13587522405e-10, 5.32180244317e-10, 5.02974772942e-10, 1.16124172778e-10, 4.47419129523e-10, 2.57639243273e-10, 2.06009362347e-10, 1.21836554734e-10, 1.04105307708e-10, 6.329452934e-11, 4.15465196968e-11, 2.5385462829e-11, 1.84708012774e-11, 2.00899193115e-11, 1.15048214011e-11, 1.44701620478e-11, 2.28634836758e-11, 2.1440529907e-11, 2.5012231869e-11, 1.98701107651e-11, 1.73000572201e-11, 1.18604631325e-11, 7.11949249554e-12, 6.79293947481e-12, 6.72375046265e-12, 3.71610468092e-12, 3.92028120036e-12, 9.90147308762e-13, 2.7765756274e-13, 1.45825192199e-14],
        "var": [1.40289785122e-06, 3.69555800717e-06, 1.54042390932e-06, 5.43084468063e-07, 8.59738875647e-08, 1.67286287933e-07, 4.02161539625e-08, 1.13870981977e-07, 2.05984505897e-07, 1.99353522135e-07, 8.9046263696e-09, 1.17770371233e-08, 4.92710139355e-09, 3.78847575533e-09, 4.56115989422e-09, 4.09060074702e-09, 2.96734548044e-09, 3.32833827166e-09, 7.35735750101e-10, 1.03107344884e-08, 5.23797116792e-10, 1.37169206549e-10, 5.66400926161e-10, 1.74380593299e-10, 2.3015967604e-11, 1.01714244666e-11, 2.9385571667e-12, 1.70472902287e-12, 2.12052185707e-12, 1.26729258598e-12, 9.55911998862e-13, 1.00035333749e-12, 9.3999601939e-13, 6.69708917229e-13, 5.26186733074e-13, 4.6224515101e-13, 2.08864379242e-13, 1.97182544679e-14, 7.30003698888e-16, 9.81885059232e-18]
    },
    "mfcc": {
        "dmean": [30.8860549927, 14.8766565323, 11.5799503326, 9.46838092804, 9.36163043976, 7.91914176941, 7.15969657898, 6.46530771255, 6.07715892792, 6.44276332855, 5.71645975113, 5.54554510117, 5.28608751297],
        "dmean2": [39.5414543152, 19.0178909302, 15.4697265625, 13.9293165207, 13.0110111237, 11.8205022812, 10.5941724777, 9.89798545837, 9.42220497131, 9.69302558899, 8.92526817322, 8.71866226196, 8.16289234161],
        "dvar": [1503.27368164, 267.120788574, 147.529434204, 77.2632064819, 76.5448379517, 51.5220680237, 36.1754264832, 29.0882015228, 28.0940990448, 31.8296718597, 25.2852230072, 22.6611423492, 19.167974472],
        "dvar2": [2425.6105957, 413.395996094, 247.235534668, 156.411560059, 141.802719116, 102.272941589, 79.7551879883, 61.6950759888, 66.2976531982, 68.634262085, 56.8483810425, 50.3014259338, 45.835723877],
        "max": [-589.156494141, 247.151641846, 111.760391235, 95.0917053223, 56.5592842102, 55.7397079468, 22.5933265686, 53.0244216919, 21.1504707336, 44.2923049927, 29.6181983948, 27.5269126892, 18.3015785217],
        "mean": [-722.315673828, 181.844177246, -4.78365325928, 43.6693534851, 7.27844429016, 16.0024089813, -12.5812206268, 12.0992012024, -6.47970962524, 7.21731472015, -2.30583119392, 2.2032096386, -8.13843822479],
        "median": [-710.638244629, 184.343963623, -6.72484588623, 42.6796569824, 6.65649414062, 17.0661907196, -12.5821743011, 12.2762012482, -6.50689697266, 6.20108222961, -3.6178855896, 1.82778930664, -7.9151763916],
        "min": [-1130.6451416, 10.3035392761, -100.365356445, -41.236366272, -36.3935012817, -30.1737174988, -57.9698486328, -27.7412109375, -40.8008956909, -28.8195800781, -26.0076179504, -23.9083404541, -29.4358062744],
        "var": [5080.83740234, 987.456542969, 1038.40722656, 479.746154785, 304.358795166, 212.186676025, 202.845962524, 128.301422119, 83.7901916504, 138.541778564, 93.3450546265, 68.4180526733, 62.4270706177],
        "cov": [[5088.67822266, -783.293884277, -1085.96716309, 216.232467651, -577.847229004, 190.343963623, -456.958007812, 230.794998169, -214.699081421, 204.652297974, -130.701538086, 115.722099304, -155.621520996], [-783.293884277, 988.980407715, -193.443222046, -336.509490967, 135.759368896, -193.935287476, 167.085525513, -120.772521973, 37.577255249, -44.7243003845, 110.9818573, -56.6981506348, 41.4210968018], [-1085.96716309, -193.443222046, 1040.00976562, 225.865402222, -18.4946460724, 200.39050293, 115.552841187, 42.7003326416, 8.13988018036, -65.3677444458, -53.4306526184, 1.79170680046, 11.7915420532], [216.232467651, -336.509490967, 225.865402222, 480.48651123, 62.3758621216, 56.1516036987, -134.207641602, 58.9529571533, 18.9070644379, -45.347038269, -78.6751174927, 15.443031311, 0.882450520992], [-577.847229004, 135.759368896, -18.4946460724, 62.3758621216, 304.828491211, -74.2666702271, -6.83942079544, -19.0934944153, 36.8024291992, -9.07141685486, 19.299156189, -2.60668992996, 14.9472970963], [190.343963623, -193.935287476, 200.39050293, 56.1516036987, -74.2666702271, 212.514129639, 35.3293418884, 32.5647010803, -17.8534507751, 21.2368965149, -12.2237234116, 11.8951854706, -18.3603134155], [-456.958007812, 167.085525513, 115.552841187, -134.207641602, -6.83942079544, 35.3293418884, 203.158996582, -4.68874740601, -12.7309484482, 9.67530441284, 43.2925872803, -4.95494031906, 6.63367986679], [230.794998169, -120.772521973, 42.7003326416, 58.9529571533, -19.0934944153, 32.5647010803, -4.68874740601, 128.499420166, -15.4046506882, 12.5011758804, -3.34806203842, 29.726184845, -13.3605203629], [-214.699081421, 37.577255249, 8.13988018036, 18.9070644379, 36.8024291992, -17.8534507751, -12.7309484482, -15.4046506882, 83.9195022583, 1.89032661915, -3.57658219337, -11.5640850067, 6.49071121216], [204.652297974, -44.7243003845, -65.3677444458, -45.347038269, -9.07141685486, 21.2368965149, 9.67530441284, 12.5011758804, 1.89032661915, 138.755584717, 43.5271492004, -1.25120806694, -30.6005344391], [-130.701538086, 110.9818573, -53.4306526184, -78.6751174927, 19.299156189, -12.2237234116, 43.2925872803, -3.34806203842, -3.57658219337, 43.5271492004, 93.4891052246, 8.89621829987, -6.33565139771], [115.722099304, -56.6981506348, 1.79170680046, 15.443031311, -2.60668992996, 11.8951854706, -4.95494031906, 29.726184845, -11.5640850067, -1.25120806694, 8.89621829987, 68.5236358643, 15.0539035797], [-155.621520996, 41.4210968018, 11.7915420532, 0.882450520992, 14.9472970963, -18.3603134155, 6.63367986679, -13.3605203629, 6.49071121216, -30.6005344391, -6.33565139771, 15.0539035797, 62.5234069824]],
        "icov": [[0.00144996901508, -0.000753171101678, 0.00184971000999, -0.00121038837824, 0.00231299106963, -0.00192333199084, 0.0020089095924, -0.00125118077267, 0.0025309221819, -0.00197443505749, 0.00258311443031, -0.00205659936182, 0.00170578039251], [-0.000753171101678, 0.00279495166615, -0.000860358588398, 0.00154256471433, -0.00183140463196, 0.00230660103261, -0.00234476290643, 0.00131854088977, -0.00199843314476, 0.00244359555654, -0.00330461282283, 0.00250832410529, -0.00147546292283], [0.00184971000999, -0.000860358588398, 0.00394994905218, -0.00239286758006, 0.00294948904775, -0.00350791891105, 0.00109913118649, -0.00161521404516, 0.00281911715865, -0.00186317367479, 0.00355077837594, -0.00235430360772, 0.00198786798865], [-0.00121038837824, 0.00154256471433, -0.00239286758006, 0.00537795433775, -0.00332383392379, 0.00122464366723, 0.000729423132725, -9.98917021207e-05, -0.00265839369968, 0.00261400383897, -0.00149388390128, 0.00209550908767, -0.00170430750586], [0.00231299106963, -0.00183140463196, 0.00294948904775, -0.00332383392379, 0.00802874285728, -0.00184948067181, 0.00286417407915, -0.00165409268811, 0.00291722058319, -0.00347361736931, 0.00327268149704, -0.00376013712958, 0.0025751858484], [-0.00192333199084, 0.00230660103261, -0.00350791891105, 0.00122464366723, -0.00184948067181, 0.0105271274224, -0.00469393003732, 0.00190316105727, -0.00303051061928, 0.00172917882446, -0.00358615815639, 0.00210210331716, -0.000941421778407], [0.0020089095924, -0.00234476290643, 0.00109913118649, 0.000729423132725, 0.00286417407915, -0.00469393003732, 0.0120296562091, -0.00292271981016, 0.00470940070227, -0.00304864626378, 0.00183850922622, -0.00220750644803, 0.00110881100409], [-0.00125118077267, 0.00131854088977, -0.00161521404516, -9.98917021207e-05, -0.00165409268811, 0.00190316105727, -0.00292271981016, 0.0113445194438, -0.00138478411827, 0.00121482030954, -0.00228648912162, -0.00241236039437, 0.00109436258208], [0.0025309221819, -0.00199843314476, 0.00281911715865, -0.00265839369968, 0.00291722058319, -0.00303051061928, 0.00470940070227, -0.00138478411827, 0.018133778125, -0.0051289703697, 0.00540548143908, -0.00185535522178, 0.00134808500297], [-0.00197443505749, 0.00244359555654, -0.00186317367479, 0.00261400383897, -0.00347361736931, 0.00172917882446, -0.00304864626378, 0.00121482030954, -0.0051289703697, 0.0136508736759, -0.00898458994925, 0.00395486038178, 0.00105338473804], [0.00258311443031, -0.00330461282283, 0.00355077837594, -0.00149388390128, 0.00327268149704, -0.00358615815639, 0.00183850922622, -0.00228648912162, 0.00540548143908, -0.00898458994925, 0.0224144663662, -0.0081827994436, 0.00473402161151], [-0.00205659936182, 0.00250832410529, -0.00235430360772, 0.00209550908767, -0.00376013712958, 0.00210210331716, -0.00220750644803, -0.00241236039437, -0.00185535522178, 0.00395486038178, -0.0081827994436, 0.0229897461832, -0.00936752650887], [0.00170578039251, -0.00147546292283, 0.00198786798865, -0.00170430750586, 0.0025751858484, -0.000941421778407, 0.00110881100409, 0.00109436258208, 0.00134808500297, 0.00105338473804, 0.00473402161151, -0.00936752650887, 0.0232012197375]]
    }
}

}