{
"metadata": {
    "version": {
        "essentia": "2.0.1",
        "extractor": "archive-music 1.0 mod ismir14"
    },
    "audio_properties": {
        "analysis_sample_rate": 44100,
        "bitrate": 96,
        "channels": 2,
        "equal_loudness": 0,
        "length": 30.0669155121,
        "replay_gain": -9.77028656006,
        "downmix": "mix"
    },
    "tags": {
        "track": 0,
        "year": 0,
        "album": "",
        "artist": "",
        "comment": "",
        "genre": "",
        "title": ""
    }
},
"rhythm": {
    "bpm": 172.265594482,
    "bpm_histogram_first_peak": 172,
    "bpm_histogram_first_peak_spread": 0,
    "bpm_histogram_first_peak_weight": 0.5,
    "bpm_histogram_second_peak": 178,
    "bpm_histogram_second_peak_spread": 0,
    "bpm_histogram_second_peak_weight": 0.27380952239
},
"tonal": {
    "tuning_frequency": {
        "dmean": 0.0434988513589,
        "dmean2": 0.0703282356262,
        "dvar": 0.123295746744,
        "dvar2": 0.199300155044,
        "max": 437.465789795,
        "mean": 434.701538086,
        "median": 434.695007324,
        "min": 433.942382812,
        "var": 0.10806466639
    },
    "hpcp": {
        "dmean": [0.128454983234, 0.209275439382, 0.180132731795, 0.276956021786, 0.0397208631039, 0.154407888651, 0.172621816397, 0.267385393381, 0.095479093492, 0.0907716527581, 0.247838318348, 0.087268024683],
        "dmean2": [0.238158375025, 0.388020247221, 0.313858807087, 0.502014756203, 0.0688668861985, 0.269150078297, 0.312131553888, 0.467856884003, 0.170006468892, 0.16029933095, 0.427156090736, 0.158499106765],
        "dvar": [0.0538342855871, 0.078405149281, 0.0529428571463, 0.113247528672, 0.00695959944278, 0.0769176781178, 0.100439451635, 0.107008330524, 0.0456191450357, 0.0284467861056, 0.0785579830408, 0.025901561603],
        "dvar2": [0.146346881986, 0.184520632029, 0.131451711059, 0.253639280796, 0.0206958185881, 0.179821386933, 0.242473289371, 0.274121850729, 0.127117738128, 0.0711191222072, 0.146838441491, 0.0754224061966],
        "max": [1, 1, 1, 1, 0.540208935738, 1, 1, 1, 1, 1, 1, 1],
        "mean": [0.105562724173, 0.239816278219, 0.176345646381, 0.400211632252, 0.0329520627856, 0.146272629499, 0.184850886464, 0.228840112686, 0.0671593919396, 0.0756666585803, 0.37745308876, 0.0708398967981],
        "median": [0.0236194357276, 0.101895555854, 0.0741160288453, 0.151711821556, 0.00755318393931, 0.0259369555861, 0.015927279368, 0.0468694381416, 0.0124795213342, 0.0193401481956, 0.200721934438, 0.0236887391657],
        "min": [0.000950611021835, 0.00559754157439, 0.000661114172544, 0.000171153515112, 7.14373236406e-05, 0.00113037868869, 0.000139505107654, 0.000361706246622, 0.000405984494137, 0.000120176046039, 0.000899334147107, 0.000677909352817],
        "var": [0.043389249593, 0.0992174074054, 0.0622539930046, 0.173832505941, 0.00564732123166, 0.0817365273833, 0.119964927435, 0.113384105265, 0.0325136706233, 0.0250686332583, 0.14521561563, 0.0190976448357]
    }
},
"lowlevel": {
    "melbands": {
        "dmean": [2.85340291839e-07, 1.42235221574e-05, 1.80050737981e-05, 0.000196180757484, 0.000169158869539, 7.89296245784e-05, 3.62651335308e-05, 3.23311942338e-05, 2.08788842428e-05, 1.41940327012e-05, 1.19206124509e-05, 9.10225389816e-06, 1.08230315163e-05, 4.6425839173e-06, 4.33608647654e-06, 3.09564484269e-06, 6.38326764602e-06, 2.63612287199e-06, 3.70897851099e-06, 8.71050986007e-07, 1.11326323804e-06, 1.03702006982e-06, 6.90374861279e-07, 1.02746594166e-06, 2.38379834627e-06, 2.8574429507e-06, 6.6800021159e-07, 3.54155588411e-07, 1.4989599606e-07, 9.91605659806e-08, 3.96884232146e-08, 6.63153132408e-09, 1.0994409827e-09, 2.71324990253e-10, 7.65979085715e-11, 2.98634797447e-11, 1.13515750619e-11, 2.72319233136e-12, 1.03482261822e-12, 2.61154514897e-13],
        "dmean2": [4.60132014268e-07, 2.43700706051e-05, 3.12252268486e-05, 0.000335478427587, 0.000304122571833, 0.000139030482387, 6.22788211331e-05, 5.43077112525e-05, 3.89386696042e-05, 2.67761570285e-05, 2.21916070586e-05, 1.76562134584e-05, 2.00203703571e-05, 8.65494075697e-06, 8.30376393424e-06, 5.68596487938e-06, 1.1667236322e-05, 4.64837739855e-06, 6.65888182994e-06, 1.53565383698e-06, 1.94185872715e-06, 1.87155285403e-06, 1.21618029425e-06, 1.8247440039e-06, 4.38552069681e-06, 5.35738126928e-06, 1.19770788842e-06, 6.49975049782e-07, 2.80817147313e-07, 1.86284637493e-07, 7.81387257121e-08, 1.24074936991e-08, 2.13185424869e-09, 5.22463239339e-10, 1.42150888283e-10, 5.30536274634e-11, 1.96881903142e-11, 3.9963483911e-12, 1.27979094336e-12, 3.86237537179e-13],
        "dvar": [9.6700994651e-14, 1.44326905982e-09, 7.75234487715e-10, 3.00181028479e-07, 3.92373600278e-08, 5.99187455208e-09, 1.75949310677e-09, 2.2569850433e-09, 3.22633075811e-09, 9.827714198e-10, 8.70784333529e-10, 7.04448221978e-10, 9.98806815034e-10, 1.40496975165e-10, 1.72853925617e-10, 4.42998207562e-11, 3.86015802656e-10, 1.65288251835e-11, 5.14735094825e-11, 1.71700327567e-12, 2.26225288502e-12, 2.45537531279e-12, 1.41182974599e-12, 2.8305008077e-12, 3.34123145818e-11, 4.69384982271e-11, 9.60394632744e-13, 4.22485261836e-13, 1.15598692728e-13, 8.87267893163e-14, 2.15795551594e-14, 3.45920447074e-16, 2.55481978289e-17, 8.01887342276e-19, 2.6241354968e-20, 5.58484723056e-21, 1.08779521404e-21, 1.14092031333e-22, 4.26600957632e-23, 1.41865126296e-24],
        "dvar2": [2.14607750516e-13, 2.89591595148e-09, 2.0287085345e-09, 7.97565633093e-07, 1.10671351194e-07, 1.71073235578e-08, 4.82132689328e-09, 5.18064302568e-09, 9.77192637919e-09, 2.98637448104e-09, 2.67913735641e-09, 2.14111350871e-09, 2.86733059518e-09, 4.20217888264e-10, 5.39294664481e-10, 1.2484174805e-10, 1.11896170107e-09, 4.66207211725e-11, 1.46893164299e-10, 4.81810641731e-12, 6.72009930341e-12, 7.21542227008e-12, 4.10584543795e-12, 8.1110855879e-12, 9.86838180617e-11, 1.39201122851e-10, 2.53965013082e-12, 1.16202002447e-12, 3.26142677318e-13, 2.50906392017e-13, 6.41232604666e-14, 9.8642481834e-16, 7.56756705132e-17, 2.53621061793e-18, 8.00966354212e-20, 1.66088367348e-20, 2.97002409917e-21, 1.17150211559e-22, 4.15395914225e-23, 1.45256113922e-24],
        "max": [2.086700988e-06, 0.000410402892157, 0.000231761208852, 0.00546489423141, 0.00118796655443, 0.000388625834603, 0.000226626580115, 0.000391073263017, 0.000372566282749, 0.000218091998249, 0.000159977207659, 0.000144690595334, 0.000250437442446, 9.28343943087e-05, 8.40260036057e-05, 5.99263912591e-05, 0.000183940239367, 2.62734974967e-05, 7.07415456418e-05, 1.26222348626e-05, 9.79835658654e-06, 9.28258759814e-06, 7.56597864893e-06, 1.16584751595e-05, 3.74922892661e-05, 5.38445456186e-05, 4.87686293127e-06, 4.20305923399e-06, 1.85462863556e-06, 2.21966683966e-06, 1.26339500639e-06, 1.52361266714e-07, 4.58405580162e-08, 6.18170670208e-09, 9.59068047202e-10, 6.17385531587e-10, 2.83736811824e-10, 1.23560897625e-10, 6.49922407558e-11, 1.45555945769e-11],
        "mean": [4.36835250639e-07, 1.85055669135e-05, 2.5691519113e-05, 0.000221374939429, 0.000204431198654, 9.46725485846e-05, 3.65379710274e-05, 3.52166171069e-05, 1.52327593241e-05, 1.01461055237e-05, 9.5422301456e-06, 5.6099752328e-06, 8.84093424247e-06, 3.34649530487e-06, 2.97274436889e-06, 2.3754846552e-06, 4.95819767821e-06, 2.38655502471e-06, 3.42065391123e-06, 9.3893771691e-07, 1.06480501927e-06, 9.51297352003e-07, 6.11045379628e-07, 8.45577403652e-07, 1.84975397133e-06, 2.08497726817e-06, 5.51044877284e-07, 2.74414190926e-07, 9.96770452844e-08, 6.15091835243e-08, 2.51809897378e-08, 4.25675539262e-09, 6.89062529258e-10, 1.95330557284e-10, 7.439899391e-11, 3.08065066512e-11, 1.22169175817e-11, 3.55715695614e-12, 1.23046635814e-12, 2.33517117318e-13],
        "median": [3.57017682973e-07, 1.00754214145e-05, 1.42311137097e-05, 7.87122990005e-05, 0.000116297531349, 6.61414887873e-05, 2.02139199246e-05, 1.19895876196e-05, 3.39150051332e-06, 1.49092090851e-06, 1.15027592074e-06, 5.99499060172e-07, 9.25430811094e-07, 9.0061115543e-07, 6.55162978092e-07, 7.90999138189e-07, 1.79002609002e-06, 1.21204288916e-06, 1.58900525093e-06, 4.46563035439e-07, 5.49078833956e-07, 4.69325442509e-07, 1.9688359032e-07, 2.69101633421e-07, 5.81310644066e-07, 6.05881439242e-07, 2.17903988187e-07, 7.2647665661e-08, 1.92090059414e-08, 6.91607837666e-09, 2.49266407515e-09, 5.17832332569e-10, 1.3030543311e-10, 6.42793179795e-11, 3.75364253569e-11, 1.67057513656e-11, 6.7033813396e-12, 1.93556650742e-12, 4.16709906598e-13, 4.84235285062e-14],
        "min": [3.25561124725e-08, 9.59957901614e-07, 1.26678992274e-06, 1.4537381503e-06, 2.6549098493e-06, 3.24686141084e-07, 3.74755472876e-07, 1.74690214294e-07, 1.17303549985e-07, 3.13167625166e-08, 2.37374226941e-08, 1.86199109464e-08, 3.12974108851e-08, 9.47867739853e-09, 7.84665310505e-09, 2.23397087495e-08, 2.28206324948e-08, 3.55035751909e-08, 2.71467914814e-08, 2.64039456965e-09, 2.34836750046e-09, 1.12295228671e-09, 3.47016360092e-10, 4.78156070294e-10, 7.0081840331e-10, 3.82968490253e-10, 2.26855506602e-10, 1.44066550356e-10, 1.02037302219e-10, 5.27079803414e-11, 3.02547292774e-11, 1.4882220456e-11, 6.45399836005e-12, 5.2633531214e-12, 3.52399012749e-12, 1.79926679025e-12, 1.27065751584e-12, 7.32239789636e-13, 1.27351200332e-13, 7.16794008317e-15],
        "var": [1.2508563792e-13, 1.66793878709e-09, 9.63549684485e-10, 2.35096976553e-07, 5.28180841286e-08, 8.2264550727e-09, 1.9982315802e-09, 3.38048788961e-09, 2.07997019608e-09, 6.29569507637e-10, 6.79384548619e-10, 4.13565348634e-10, 7.39729555388e-10, 8.47490203015e-11, 1.02681176062e-10, 3.13851444833e-11, 2.34784719444e-10, 1.38495994187e-11, 4.09221025122e-11, 1.91060708921e-12, 2.04067275231e-12, 1.99906085609e-12, 1.21140055452e-12, 2.26673887993e-12, 1.98261129736e-11, 2.92965061932e-11, 8.58297753616e-13, 3.00224634649e-13, 7.23036336207e-14, 5.53189018573e-14, 1.33332006799e-14, 2.37866598045e-16, 1.37242490241e-17, 4.34238337028e-19, 1.92163329766e-20, 3.59408522126e-21, 7.22233485974e-22, 1.25534099042e-22, 4.41017516893e-23, 1.44781111189e-24]
    },
    "mfcc": {
        "dmean": [37.8902626038, 13.9177160263, 25.5106658936, 16.5451698303, 13.1266880035, 9.11028194427, 9.06171417236, 11.4924659729, 7.42045450211, 7.151242733, 8.35448455811, 7.80633687973, 7.05259132385],
        "dmean2": [65.9460983276, 21.5300998688, 42.4490890503, 26.7576675415, 21.8435249329, 15.1199808121, 15.2295818329, 19.3456993103, 12.1101837158, 11.2346382141, 13.4818897247, 12.6209878922, 11.6301717758],
        "dvar": [944.298583984, 150.498977661, 441.806243896, 241.285064697, 132.422409058, 66.0268936157, 54.3016357422, 79.9319839478, 27.7795772552, 36.0604553223, 33.1153869629, 35.7522315979, 28.6044445038],
        "dvar2": [2856.66845703, 329.554138184, 1210.39318848, 543.450622559, 409.964324951, 164.373825073, 132.697753906, 187.950698853, 83.143737793, 82.1808853149, 90.9720001221, 98.1728744507, 72.6904907227],
        "max": [-757.420471191, 215.769470215, 72.6266784668, 101.080619812, 38.9820137024, 5.04892730713, 26.3052139282, 20.1195926666, -4.52617645264, 25.4009952545, 7.36088180542, 5.40598297119, 11.2350921631],
        "mean": [-844.867492676, 178.955764771, -35.811340332, 29.0235481262, 10.2791347504, -28.5224819183, -5.93257808685, -28.6384048462, -27.7428951263, -4.67646360397, -12.2159090042, -15.5833024979, -6.59020090103],
        "median": [-842.346069336, 178.578674316, -39.442073822, 28.9143257141, 12.5692749023, -28.7586021423, -5.68673324585, -32.5309295654, -27.9096908569, -3.73500061035, -11.7482891083, -15.8018341064, -5.21048736572],
        "min": [-984.880737305, 120.160636902, -103.512054443, -17.0605583191, -43.3447265625, -67.8600769043, -31.2580795288, -55.2250289917, -56.5387649536, -33.7001266479, -36.5738754272, -42.5218925476, -29.7937583923],
        "var": [1520.13110352, 308.149017334, 895.520812988, 408.120697021, 280.571594238, 161.055496216, 97.1288223267, 226.868988037, 69.3065719604, 144.549468994, 75.394821167, 63.2303619385, 68.655921936],
        "cov": [[1529.51464844, -61.146232605, -1055.37219238, 289.756439209, -283.010620117, -228.478973389, 230.469360352, -61.9365844727, 40.4944496155, -81.7632064819, -40.4545211792, 77.4376144409, -112.950546265], [-61.146232605, 310.051177979, 194.010055542, -261.367156982, -26.0679893494, -47.8152351379, -20.0529747009, 162.00743103, -10.4308748245, -52.14270401, -7.1261138916, -20.4660224915, -1.43585515022], [-1055.37219238, 194.010055542, 901.048706055, -250.199432373, 133.164047241, 141.749053955, -178.462249756, 100.140426636, -14.8215332031, -5.86779356003, 19.1003932953, -57.4575614929, 46.6395683289], [289.756439209, -261.367156982, -250.199432373, 410.639953613, 69.3693618774, 17.0952606201, 20.8788375854, -213.828582764, -8.52620601654, 42.1694374084, -21.9679088593, 14.4163036346, -20.4636421204], [-283.010620117, -26.0679893494, 133.164047241, 69.3693618774, 282.303497314, 114.792533875, -78.4450378418, -104.575866699, -54.8652877808, 97.2057113647, 2.54615712166, -32.4914054871, 58.809879303], [-228.478973389, -47.8152351379, 141.749053955, 17.0952606201, 114.792533875, 162.049667358, -30.5545330048, -94.4393310547, -1.93402123451, 55.0321922302, 26.8938465118, 5.76925230026, 22.6300468445], [230.469360352, -20.0529747009, -178.462249756, 20.8788375854, -78.4450378418, -30.5545330048, 97.7283859253, 19.4500331879, -4.48974990845, -8.85361194611, -1.25835490227, 20.4359073639, -14.3712234497], [-61.9365844727, 162.00743103, 100.140426636, -213.828582764, -104.575866699, -94.4393310547, 19.4500331879, 228.26940918, 26.0918655396, -102.29183197, -10.8863677979, -3.02809977531, -9.885597229], [40.4944496155, -10.4308748245, -14.8215332031, -8.52620601654, -54.8652877808, -1.93402123451, -4.48974990845, 26.0918655396, 69.7343902588, -17.47996521, -15.4226093292, 15.0969657898, -10.0289430618], [-81.7632064819, -52.14270401, -5.86779356003, 42.1694374084, 97.2057113647, 55.0321922302, -8.85361194611, -102.29183197, -17.47996521, 145.441741943, 36.6657791138, -28.8738765717, 35.6725769043], [-40.4545211792, -7.1261138916, 19.1003932953, -21.9679088593, 2.54615712166, 26.8938465118, -1.25835490227, -10.8863677979, -15.4226093292, 36.6657791138, 75.8602218628, 12.737616539, -3.68148732185], [77.4376144409, -20.4660224915, -57.4575614929, 14.4163036346, -32.4914054871, 5.76925230026, 20.4359073639, -3.02809977531, 15.0969657898, -28.8738765717, 12.737616539, 63.6206703186, 5.42508077621], [-112.950546265, -1.43585515022, 46.6395683289, -20.4636421204, 58.809879303, 22.6300468445, -14.3712234497, -9.885597229, -10.0289430618, 35.6725769043, -3.68148732185, 5.42508077621, 69.0797195435]],
        "icov": [[114.230895996, -158.514282227, 150.04624939, -136.079956055, 118.932121277, -99.712600708, 79.119468689, -59.5857849121, 42.3389663696, -27.3000354767, 16.2665271759, -8.10015106201, 2.96006679535], [-158.514282227, 219.976165771, -208.221481323, 188.851394653, -165.05871582, 138.396240234, -109.822677612, 82.7161483765, -58.7798652649, 37.9093742371, -22.5904216766, 11.2537145615, -4.1102604866], [150.04624939, -208.221481323, 197.113845825, -178.783462524, 156.27885437, -131.057113647, 104.025314331, -78.3676300049, 55.705997467, -35.9411735535, 21.4304580688, -10.6863765717, 3.90809345245], [-136.079956055, 188.851394653, -178.783462524, 162.189147949, -141.790527344, 118.935935974, -94.433631897, 71.1741409302, -50.6096954346, 32.6788139343, -19.496427536, 9.73909854889, -3.56195735931], [118.932121277, -165.05871582, 156.27885437, -141.790527344, 123.998214722, -104.04334259, 82.6518707275, -62.3179855347, 44.3471870422, -28.6610374451, 17.1212692261, -8.57001781464, 3.13775897026], [-99.712600708, 138.396240234, -131.057113647, 118.935935974, -104.04334259, 87.3592910767, -69.4395523071, 52.4026374817, -37.3192863464, 24.1526908875, -14.4526376724, 7.25635671616, -2.66460371017], [79.119468689, -109.822677612, 104.025314331, -94.433631897, 82.6518707275, -69.4395523071, 55.2753257751, -41.7442169189, 29.769159317, -19.3076324463, 11.5781669617, -5.84749603271, 2.15376639366], [-59.5857849121, 82.7161483765, -78.3676300049, 71.1741409302, -62.3179855347, 52.4026374817, -41.7442169189, 31.5819168091, -22.5409622192, 14.656370163, -8.80667495728, 4.47012758255, -1.65314817429], [42.3389663696, -58.7798652649, 55.705997467, -50.6096954346, 44.3471870422, -37.3192863464, 29.769159317, -22.5409622192, 16.1358833313, -10.5047559738, 6.33535146713, -3.23511600494, 1.20082187653], [-27.3000354767, 37.9093742371, -35.9411735535, 32.6788139343, -28.6610374451, 24.1526908875, -19.3076324463, 14.656370163, -10.5047559738, 6.8897895813, -4.16909503937, 2.1548345089, -0.809090137482], [16.2665271759, -22.5904216766, 21.4304580688, -19.496427536, 17.1212692261, -14.4526376724, 11.5781669617, -8.80667495728, 6.33535146713, -4.16909503937, 2.55156731606, -1.32699227333, 0.503047823906], [-8.10015106201, 11.2537145615, -10.6863765717, 9.73909854889, -8.57001781464, 7.25635671616, -5.84749603271, 4.47012758255, -3.23511600494, 2.1548345089, -1.32699227333, 0.728592395782, -0.278800219297], [2.96006679535, -4.1102604866, 3.90809345245, -3.56195735931, 3.13775897026, -2.66460371017, 2.15376639366, -1.65314817429, 1.20082187653, -0.809090137482, 0.503047823906, -0.278800219297, 0.129207104445]]
    }
}

}