{
"metadata": {
    "version": {
        "essentia": "2.0.1",
        "extractor": "archive-music 1.0 mod ismir14"
    },
    "audio_properties": {
        "analysis_sample_rate": 44100,
        "bitrate": 96,
        "channels": 2,
        "equal_loudness": 0,
        "length": 30.0669155121,
        "replay_gain": -14.3366317749,
        "downmix": "mix"
    },
    "tags": {
        "track": 0,
        "year": 0,
        "album": "",
        "artist": "",
        "comment": "",
        "genre": "",
        "title": ""
    }
},
"rhythm": {
    "bpm": 109.23135376,
    "bpm_histogram_first_peak": 110,
    "bpm_histogram_first_peak_spread": 0.509433984756,
    "bpm_histogram_first_peak_weight": 0.490566045046,
    "bpm_histogram_second_peak": 0,
    "bpm_histogram_second_peak_spread": 0,
    "bpm_histogram_second_peak_weight": 0
},
"tonal": {
    "tuning_frequency": {
        "dmean": 0.116652876139,
        "dmean2": 0.204491659999,
        "dvar": 0.28585422039,
        "dvar2": 0.490765482187,
        "max": 446.399932861,
        "mean": 441.478485107,
        "median": 441.782684326,
        "min": 439.745910645,
        "var": 0.969833552837
    },
    "hpcp": {
        "dmean": [0.13254506886, 0.0999363809824, 0.0619555152953, 0.156350046396, 0.0411201678216, 0.131224885583, 0.0536923706532, 0.0947328358889, 0.141394302249, 0.0430616810918, 0.166206538677, 0.0546900741756],
        "dmean2": [0.24884365499, 0.181809082627, 0.114066638052, 0.255587995052, 0.070107832551, 0.213979572058, 0.101378194988, 0.168812066317, 0.25725838542, 0.0828524902463, 0.269627958536, 0.101682841778],
        "dvar": [0.0504632629454, 0.0567052997649, 0.0123674031347, 0.0627937242389, 0.00973859522492, 0.0454391017556, 0.0184933058918, 0.0226466041058, 0.0383187383413, 0.00826955027878, 0.0599378123879, 0.0102854901925],
        "dvar2": [0.13034529984, 0.11150418222, 0.0313622504473, 0.146468862891, 0.0233916323632, 0.0881080627441, 0.0527914948761, 0.0504401773214, 0.0927846357226, 0.0235796943307, 0.124512024224, 0.0275668296963],
        "max": [1, 1, 0.704638779163, 1, 1, 1, 1, 1, 1, 0.578574240208, 1, 0.707134366035],
        "mean": [0.172395393252, 0.251234292984, 0.044803250581, 0.461557537317, 0.0345241315663, 0.248840853572, 0.0366813056171, 0.1034642905, 0.227127432823, 0.0318498425186, 0.220761463046, 0.0399223491549],
        "median": [0.0404249690473, 0.0193427223712, 0.012081656605, 0.303561449051, 0.0103186136112, 0.077577650547, 0.0114823216572, 0.0270184502006, 0.114402085543, 0.0129175782204, 0.0820638611913, 0.0111243603751],
        "min": [7.47099984437e-05, 0.000119868862384, 0.000556312385015, 0.000980567419901, 0.000120146301924, 0.00063078122912, 0.000410704611568, 0.000911200942937, 0.000789470796008, 0.000316242570989, 0.00051635154523, 0.000768985599279],
        "var": [0.0831124335527, 0.163891151547, 0.00930865388364, 0.189246118069, 0.00870992988348, 0.12190708518, 0.0104678440839, 0.0339856594801, 0.0899440646172, 0.0046931328252, 0.0945134609938, 0.00730779627338]
    }
},
"lowlevel": {
    "melbands": {
        "dmean": [0.000148256178363, 0.000258558284258, 0.000172244006535, 0.000115854847536, 4.53010288766e-05, 5.61901688343e-05, 2.58363634202e-05, 4.0705432184e-05, 6.05768145761e-05, 4.43177450506e-05, 9.50651428866e-06, 1.10052487798e-05, 7.59528847993e-06, 7.90693411545e-06, 6.22954257778e-06, 6.91388231644e-06, 6.26481778454e-06, 6.71203679303e-06, 3.68905170944e-06, 5.40971950613e-06, 2.30332011597e-06, 1.60877004873e-06, 1.87726766399e-06, 1.21591358493e-06, 6.59160889427e-07, 4.41190707079e-07, 2.91414380627e-07, 2.2004353184e-07, 2.42859329092e-07, 1.85912782058e-07, 1.57841327564e-07, 1.64001647818e-07, 1.53954687221e-07, 1.16986953458e-07, 8.92845761769e-08, 6.66863826382e-08, 4.01480946266e-08, 1.41122473707e-08, 2.85737478123e-09, 2.29375365923e-10],
        "dmean2": [0.000273125740932, 0.000432879460277, 0.00026870961301, 0.000192576320842, 7.20709867892e-05, 9.54029455897e-05, 4.44247016276e-05, 6.76576019032e-05, 0.000101357996755, 7.0825451985e-05, 1.66927766259e-05, 2.02789797186e-05, 1.36130265673e-05, 1.44210425788e-05, 1.10109504021e-05, 1.21647053675e-05, 1.06826892079e-05, 1.15726234071e-05, 6.31589364275e-06, 8.2654041762e-06, 3.90314926335e-06, 2.86500790025e-06, 3.06636661662e-06, 1.97266444957e-06, 1.18347622902e-06, 7.97901009264e-07, 5.3976128811e-07, 4.07005870784e-07, 4.37166590928e-07, 3.43284568771e-07, 2.89155792643e-07, 3.02405055663e-07, 2.85675952227e-07, 2.18721410761e-07, 1.66729179796e-07, 1.27867934907e-07, 7.70540111716e-08, 2.72720832584e-08, 5.45588640932e-09, 4.42939573908e-10],
        "dvar": [4.49275034953e-08, 8.80764119415e-08, 3.48533681915e-08, 1.21291110489e-08, 1.51226720035e-09, 5.46001865942e-09, 1.14091425196e-09, 4.61442439814e-09, 1.17333200933e-08, 7.26486604208e-09, 4.35056934922e-10, 9.80817538299e-10, 3.66094210502e-10, 1.90023552449e-10, 1.82823645112e-10, 1.96975588618e-10, 1.32842639666e-10, 1.61804611376e-10, 3.58245932919e-11, 2.24180535247e-10, 1.32032926259e-11, 4.99940627091e-12, 1.41619172986e-11, 3.8436771127e-12, 8.18775114982e-13, 2.49975252086e-13, 9.2749199705e-14, 6.11208810343e-14, 7.50891455134e-14, 5.09430991586e-14, 3.75446439075e-14, 5.01202134266e-14, 5.83755591609e-14, 5.1385094503e-14, 5.48308922951e-14, 5.21704532873e-14, 2.59233925287e-14, 2.85256979713e-15, 7.43658928789e-17, 8.38987530123e-19],
        "dvar2": [1.24190535189e-07, 2.07355896009e-07, 8.36236679902e-08, 3.69930113209e-08, 3.73913655594e-09, 1.3821198408e-08, 2.4528137299e-09, 1.14445164456e-08, 3.50005997518e-08, 1.70869256522e-08, 1.25553745178e-09, 2.85769852226e-09, 1.03925867911e-09, 5.72156155787e-10, 5.27613286394e-10, 5.20785803371e-10, 3.53366780281e-10, 4.10483508295e-10, 9.69016464292e-11, 3.85881687714e-10, 2.82404377661e-11, 1.50567197599e-11, 2.99124891523e-11, 7.30596052406e-12, 2.02315377992e-12, 6.2635633442e-13, 2.44593462238e-13, 1.51059286607e-13, 1.79640373757e-13, 1.1803919116e-13, 9.76265306118e-14, 1.3602630849e-13, 1.61954488449e-13, 1.50313436828e-13, 1.62670387143e-13, 1.55865202472e-13, 7.75547296739e-14, 8.48874650992e-15, 2.19945524933e-16, 2.49902554068e-18],
        "max": [0.000834694365039, 0.00192079599947, 0.00165281514637, 0.00072270038072, 0.000297906808555, 0.00042078102706, 0.000176343033672, 0.000481810042402, 0.00082872522762, 0.00067759049125, 0.000136291579111, 0.000265675393166, 0.00015182615607, 9.08921210794e-05, 0.00011535982776, 9.59924655035e-05, 8.42421650304e-05, 0.000107431384095, 3.5008029954e-05, 0.000183690222912, 3.51873204636e-05, 1.4012617612e-05, 3.16401419695e-05, 1.68657406903e-05, 5.14016073794e-06, 3.3149342471e-06, 1.28147291889e-06, 1.10634186967e-06, 1.60696561124e-06, 1.107615617e-06, 7.84825829214e-07, 1.24901248455e-06, 1.7437284896e-06, 1.84462874131e-06, 2.10630832953e-06, 2.09747122426e-06, 1.48430262925e-06, 4.89350213684e-07, 7.89561340753e-08, 8.45240055725e-09],
        "mean": [0.00015430219355, 0.000668207823765, 0.000479339360027, 0.000178226342541, 7.521428779e-05, 6.8337758421e-05, 3.44160798704e-05, 4.40372532466e-05, 6.14796081209e-05, 4.39109280705e-05, 9.15712462302e-06, 9.82425626717e-06, 6.3612460508e-06, 6.47435399515e-06, 5.86978285355e-06, 6.6845764195e-06, 6.20585296929e-06, 6.18817648501e-06, 3.40268593391e-06, 6.57498731016e-06, 2.81040502159e-06, 1.98885618374e-06, 2.62744811153e-06, 1.57987108196e-06, 7.79666152084e-07, 4.81458869217e-07, 2.69165241207e-07, 1.87580013744e-07, 2.11440237763e-07, 1.50494940954e-07, 1.2115472714e-07, 1.21587461877e-07, 1.12252756423e-07, 8.40041565198e-08, 6.61204140329e-08, 4.59164830602e-08, 2.6342668491e-08, 9.12103903516e-09, 1.93168214757e-09, 1.47125298056e-10],
        "median": [9.94140937109e-05, 0.000677100557368, 0.000455393834272, 0.000148254053784, 5.88317889196e-05, 2.68414642051e-05, 2.0125777155e-05, 2.04444695555e-05, 2.28972294281e-05, 1.07411024146e-05, 3.47944637724e-06, 3.92430638385e-06, 2.57458873421e-06, 1.82229109669e-06, 2.2501778858e-06, 2.18141667574e-06, 2.19025628212e-06, 1.80828442353e-06, 1.21134848996e-06, 1.11948781978e-06, 1.12876875846e-06, 1.0841765743e-06, 8.05082265742e-07, 5.19742172855e-07, 3.80867589911e-07, 2.59534800762e-07, 1.45835272747e-07, 9.41928561815e-08, 9.34932131713e-08, 5.28486054918e-08, 4.20097414633e-08, 4.30564064402e-08, 3.44419603948e-08, 2.76867648807e-08, 2.09494643855e-08, 1.49511958369e-08, 7.09480429961e-09, 2.440742497e-09, 6.22245421855e-10, 3.37471751932e-11],
        "min": [1.85647866147e-06, 2.05481524063e-06, 3.07272489408e-06, 4.28116118201e-06, 3.05454841509e-06, 3.77286681896e-07, 1.02124090517e-06, 1.92976212787e-08, 2.64259824689e-07, 5.48437171233e-08, 2.29193624079e-08, 1.30876900428e-08, 2.43595970062e-08, 1.70413869682e-08, 8.88014106692e-09, 5.51247758551e-09, 8.55271498068e-09, 9.02168295625e-09, 9.08570463309e-09, 9.93957716133e-09, 5.81575010372e-09, 6.14113027098e-09, 7.04966085507e-09, 4.21527923677e-09, 2.39250486089e-09, 2.17822804238e-09, 6.4922750509e-10, 3.67032432225e-10, 2.50556603243e-10, 1.8261418766e-10, 7.78044295657e-11, 3.26027746467e-11, 1.20472330029e-11, 4.83743687468e-12, 2.91963328514e-12, 1.43143157917e-12, 1.08393177246e-12, 4.63440267065e-13, 1.09598094489e-13, 5.07609142301e-15],
        "var": [3.30109948266e-08, 1.78892832992e-07, 7.04885252389e-08, 1.64567843797e-08, 3.40352235284e-09, 7.80876430184e-09, 1.50649792641e-09, 5.00028907169e-09, 1.06779394216e-08, 9.73261204962e-09, 3.31901423012e-10, 5.98856408907e-10, 2.43615017048e-10, 1.43616299408e-10, 1.34102839944e-10, 1.67655972438e-10, 1.34529984375e-10, 1.49741566369e-10, 3.26852121757e-11, 4.73665773271e-10, 2.18402275431e-11, 6.6157066804e-12, 2.96319739579e-11, 9.17404607143e-12, 1.07109492716e-12, 3.43509021141e-13, 9.1671590837e-14, 5.26880175231e-14, 7.62569125684e-14, 4.83575819091e-14, 3.05775234776e-14, 3.73395941716e-14, 4.00061521454e-14, 3.1729850816e-14, 3.14087643426e-14, 2.81142330824e-14, 1.37192545803e-14, 1.51379197822e-15, 4.1396852634e-17, 4.47398883972e-19]
    },
    "mfcc": {
        "dmean": [43.8516845703, 21.9073810577, 18.9291419983, 12.0347862244, 12.2386693954, 9.86435031891, 8.52631473541, 7.24573135376, 7.19364881516, 7.54537916183, 6.7478222847, 5.81323862076, 5.73392534256],
        "dmean2": [71.1721878052, 35.9997024536, 30.1367797852, 19.7345943451, 19.0491886139, 16.6279258728, 12.5284166336, 11.7309703827, 12.0492687225, 12.3452863693, 10.8331632614, 9.47019386292, 9.13435459137],
        "dvar": [1169.39404297, 302.200073242, 271.597290039, 100.498641968, 92.1660614014, 57.0068588257, 46.7711105347, 32.786895752, 27.9783554077, 47.7194061279, 28.0657196045, 21.4214248657, 17.3587188721],
        "dvar2": [3007.02026367, 860.468139648, 760.561035156, 224.480300903, 227.740585327, 130.825912476, 117.918312073, 90.7919998169, 76.5281677246, 88.5289306641, 75.5978775024, 57.5419197083, 43.67370224],
        "max": [-678.164245605, 228.236602783, 90.8404693604, 84.6061401367, 41.030582428, 46.5833282471, 15.3525314331, 36.8175506592, 14.555896759, 33.1099090576, 21.4365730286, 17.9481277466, 5.46684265137],
        "mean": [-776.109069824, 173.793167114, -2.47265481949, 39.3242073059, 6.80865526199, 14.81782341, -11.4867019653, 9.59719467163, -4.32229804993, 5.87054634094, 0.0326024964452, 0.835172593594, -6.97828054428],
        "median": [-765.948608398, 177.95135498, -1.23225784302, 37.8680229187, 7.90832519531, 15.6939811707, -10.4428653717, 10.6103019714, -5.0391998291, 5.86438560486, -1.22998428345, 1.22190475464, -7.08317565918],
        "min": [-960.416381836, 69.0133666992, -81.9913024902, -9.35493087769, -28.4176864624, -24.745174408, -47.9287986755, -23.0657730103, -26.5352401733, -18.6442642212, -17.490234375, -13.2409286499, -22.1343078613],
        "var": [2921.40209961, 566.210266113, 758.868530273, 385.961883545, 207.590988159, 164.67956543, 155.688995361, 88.831993103, 56.729019165, 93.0780029297, 67.5860061646, 39.7240219116, 36.4558296204],
        "cov": [[2939.43530273, -529.584960938, -811.767944336, 232.058105469, -314.026367188, 122.046768188, -287.876678467, 141.403289795, -148.7265625, 102.470726013, -115.291618347, 63.0960884094, -108.123634338], [-529.584960938, 569.705383301, -154.697479248, -305.17779541, 55.0804138184, -148.617797852, 115.589027405, -92.0787506104, 38.6360549927, -17.9962406158, 94.4306716919, -26.816204071, 39.9738121033], [-811.767944336, -154.697479248, 763.55291748, 146.152526855, -44.5130195618, 148.845733643, 96.7536239624, 53.8925971985, 5.82598972321, -43.6534576416, -37.6974182129, 4.48209095001, 12.6348295212], [232.058105469, -305.17779541, 146.152526855, 388.344360352, 52.0437049866, 56.7056922913, -128.889419556, 60.9406394958, 3.52170205116, -27.1485099792, -62.3673095703, 11.8818769455, -2.98337435722], [-314.026367188, 55.0804138184, -44.5130195618, 52.0437049866, 208.872421265, -50.0937995911, -38.0046348572, -26.3264007568, 27.9380512238, -0.106278076768, 30.0935840607, -4.30216789246, 15.9017124176], [122.046768188, -148.617797852, 148.845733643, 56.7056922913, -50.0937995911, 165.696105957, 42.6191482544, 39.3264961243, -19.5808486938, 21.1016654968, -9.39028930664, 16.9019565582, -17.5800075531], [-287.876678467, 115.589027405, 96.7536239624, -128.889419556, -38.0046348572, 42.6191482544, 156.650039673, 5.56365537643, -8.41209411621, 12.1981248856, 39.0028953552, 6.33596467972, 5.54988527298], [141.403289795, -92.0787506104, 53.8925971985, 60.9406394958, -26.3264007568, 39.3264961243, 5.56365537643, 89.3803405762, -8.23986339569, 1.6218650341, -3.04400849342, 23.6091861725, -3.85342073441], [-148.7265625, 38.6360549927, 5.82598972321, 3.52170205116, 27.9380512238, -19.5808486938, -8.41209411621, -8.23986339569, 57.0791969299, 8.42459487915, 3.34843683243, -8.01365470886, 7.06125688553], [102.470726013, -17.9962406158, -43.6534576416, -27.1485099792, -0.106278076768, 21.1016654968, 12.1981248856, 1.6218650341, 8.42459487915, 93.652557373, 34.7890930176, -4.97077178955, -23.4264888763], [-115.291618347, 94.4306716919, -37.6974182129, -62.3673095703, 30.0935840607, -9.39028930664, 39.0028953552, -3.04400849342, 3.34843683243, 34.7890930176, 68.0032043457, 8.0871925354, -3.75125646591], [63.0960884094, -26.816204071, 4.48209095001, 11.8818769455, -4.30216789246, 16.9019565582, 6.33596467972, 23.6091861725, -8.01365470886, -4.97077178955, 8.0871925354, 39.9692306519, 10.1235322952], [-108.123634338, 39.9738121033, 12.6348295212, -2.98337435722, 15.9017124176, -17.5800075531, 5.54988527298, -3.85342073441, 7.06125688553, -23.4264888763, -3.75125646591, 10.1235322952, 36.6808662415]],
        "icov": [[0.00596511177719, -0.00295325089246, 0.00766353867948, -0.00419617863372, 0.00812730379403, -0.00647333823144, 0.0075869653374, -0.00578709319234, 0.00987060368061, -0.00784323457628, 0.0102700451389, -0.00770165072754, 0.00570555962622], [-0.00295325089246, 0.00876892264932, -0.00325523549691, 0.00466182176024, -0.00395939545706, 0.00629300205037, -0.00677475193515, 0.00507960049435, -0.00814423989505, 0.00844144076109, -0.0132971350104, 0.00844186358154, -0.00720052747056], [0.00766353867948, -0.00325523549691, 0.0121006797999, -0.00652131810784, 0.0106555912644, -0.00936048198491, 0.00720989657566, -0.00736738601699, 0.0114565091208, -0.00865323562175, 0.0129820536822, -0.00840908195823, 0.00638483837247], [-0.00419617863372, 0.00466182176024, -0.00652131810784, 0.010476606898, -0.00793412979692, 0.00342296948656, -0.000566595117562, 0.00130815780722, -0.00792417209595, 0.00729603646323, -0.00766140036285, 0.00664084218442, -0.00547891948372], [0.00812730379403, -0.00395939545706, 0.0106555912644, -0.00793412979692, 0.0185652934015, -0.00789464823902, 0.0112690664828, -0.00560893677175, 0.0114399930462, -0.00973281729966, 0.00764677394181, -0.00911590829492, 0.00470937183127], [-0.00647333823144, 0.00629300205037, -0.00936048198491, 0.00342296948656, -0.00789464823902, 0.019704028964, -0.0138911008835, 0.00698000378907, -0.01001683902, 0.0066241514869, -0.0109550831839, 0.00519521068782, -0.00313097424805], [0.0075869653374, -0.00677475193515, 0.00720989657566, -0.000566595117562, 0.0112690664828, -0.0138911008835, 0.0269253402948, -0.0106788147241, 0.0150350565091, -0.01071737241, 0.00899514742196, -0.0092403087765, 0.00420987792313], [-0.00578709319234, 0.00507960049435, -0.00736738601699, 0.00130815780722, -0.00560893677175, 0.00698000378907, -0.0106788147241, 0.0233312509954, -0.0109537662938, 0.00857476051897, -0.0131736742333, -0.000158569862833, -0.00382491690107], [0.00987060368061, -0.00814423989505, 0.0114565091208, -0.00792417209595, 0.0114399930462, -0.01001683902, 0.0150350565091, -0.0109537662938, 0.0391432084143, -0.019416866824, 0.0211316496134, -0.010618516244, 0.00535003794357], [-0.00784323457628, 0.00844144076109, -0.00865323562175, 0.00729603646323, -0.00973281729966, 0.0066241514869, -0.01071737241, 0.00857476051897, -0.019416866824, 0.0312552712858, -0.02844427526, 0.0160025954247, -0.00245438585989], [0.0102700451389, -0.0132971350104, 0.0129820536822, -0.00766140036285, 0.00764677394181, -0.0109550831839, 0.00899514742196, -0.0131736742333, 0.0211316496134, -0.02844427526, 0.0581220984459, -0.0286189038306, 0.0199669692665], [-0.00770165072754, 0.00844186358154, -0.00840908195823, 0.00664084218442, -0.00911590829492, 0.00519521068782, -0.0092403087765, -0.000158569862833, -0.010618516244, 0.0160025954247, -0.0286189038306, 0.0523657351732, -0.0257567763329], [0.00570555962622, -0.00720052747056, 0.00638483837247, -0.00547891948372, 0.00470937183127, -0.00313097424805, 0.00420987792313, -0.00382491690107, 0.00535003794357, -0.00245438585989, 0.0199669692665, -0.0257567763329, 0.0512546114624]]
    }
}

}