{
"metadata": {
    "version": {
        "essentia": "2.0.1",
        "extractor": "archive-music 1.0 mod ismir14"
    },
    "audio_properties": {
        "analysis_sample_rate": 44100,
        "bitrate": 128,
        "channels": 2,
        "equal_loudness": 0,
        "length": 30.0669155121,
        "replay_gain": -8.86243057251,
        "downmix": "mix"
    },
    "tags": {
        "track": 7,
        "year": 0,
        "album": "The Cool Jazz Collection",
        "artist": "Astrud Gilberto",
        "comment": "",
        "genre": "Jazz",
        "title": "Girl From Ipanema"
    }
},
"rhythm": {
    "bpm": 130.002792358,
    "bpm_histogram_first_peak": 129,
    "bpm_histogram_first_peak_spread": 0.490909099579,
    "bpm_histogram_first_peak_weight": 0.444444447756,
    "bpm_histogram_second_peak": 136,
    "bpm_histogram_second_peak_spread": 0.199999988079,
    "bpm_histogram_second_peak_weight": 0.0634920671582
},
"tonal": {
    "tuning_frequency": {
        "dmean": 0.133445039392,
        "dmean2": 0.246241956949,
        "dvar": 1.36734998226,
        "dvar2": 3.31423377991,
        "max": 454.990661621,
        "mean": 436.640563965,
        "median": 434.695007324,
        "min": 431.443084717,
        "var": 9.86785984039
    },
    "hpcp": {
        "dmean": [0.084736853838, 0.139914467931, 0.104807302356, 0.147009804845, 0.107207335532, 0.0800048187375, 0.127971947193, 0.0505407527089, 0.128120735288, 0.104035168886, 0.117542691529, 0.111129239202],
        "dmean2": [0.152964994311, 0.240244090557, 0.20141273737, 0.268007367849, 0.193156734109, 0.147316917777, 0.22688062489, 0.0922716930509, 0.218854621053, 0.19163274765, 0.21961838007, 0.199507117271],
        "dvar": [0.0444421991706, 0.0613421760499, 0.0715715885162, 0.0776026546955, 0.0502310208976, 0.0430719107389, 0.0595759637654, 0.0288566723466, 0.0599398091435, 0.0643302500248, 0.0641335994005, 0.0479124523699],
        "dvar2": [0.118573114276, 0.130005657673, 0.201253265142, 0.167511984706, 0.117039367557, 0.11526709795, 0.128346771002, 0.0697677433491, 0.1359154284, 0.158130332828, 0.167507454753, 0.112768113613],
        "max": [1, 1, 1, 1, 1, 1, 1, 1, 1, 1, 1, 1],
        "mean": [0.0608075372875, 0.242471277714, 0.0691491141915, 0.265214115381, 0.130532458425, 0.0785807445645, 0.233652338386, 0.0692378208041, 0.162227004766, 0.0887628048658, 0.0976200923324, 0.141705036163],
        "median": [0.00193750381004, 0.0354765839875, 0.00109261239413, 0.0161292143166, 0.00789881311357, 0.00295200385153, 0.0293225497007, 0.00131352676544, 0.0117373047397, 0.00122573319823, 0.00527940923348, 0.00885750167072],
        "min": [0, 0, 1.86883130482e-06, 0, 0, 4.75165234093e-06, 0, 0, 1.5709440504e-06, 0, 0, 0],
        "var": [0.0344430841506, 0.132153108716, 0.0493452958763, 0.160704314709, 0.0764615535736, 0.0504809580743, 0.132928773761, 0.0509787499905, 0.0936816260219, 0.0615215152502, 0.056421700865, 0.0816190615296]
    }
},
"lowlevel": {
    "melbands": {
        "dmean": [0.000258323678281, 0.000727173406631, 0.000801491783932, 0.000429430161603, 0.000248937023571, 9.53384660534e-05, 5.94256343902e-05, 6.53332754155e-05, 2.51324727287e-05, 1.69167342392e-05, 1.49785646499e-05, 1.44834066305e-05, 3.5860493881e-06, 2.55142708738e-06, 3.82284815714e-06, 2.45905607699e-06, 1.99694613912e-06, 6.80044252022e-07, 6.93309573307e-07, 6.72970315918e-07, 4.11657197219e-07, 5.89722390032e-07, 7.36127503842e-07, 6.53736719869e-07, 2.60000604158e-07, 1.53620590027e-07, 1.99797568712e-07, 3.15014176522e-07, 2.67436945478e-07, 3.60797230314e-07, 6.3717982357e-07, 9.11243603241e-07, 1.18853972708e-06, 6.83101006871e-07, 2.87743091576e-07, 1.51031613882e-07, 8.8799701814e-08, 3.23044382355e-08, 1.07508135727e-08, 1.22486931708e-09],
        "dmean2": [0.000357440905645, 0.00104440376163, 0.00116569746751, 0.000652746704873, 0.000359980069334, 0.000143552679219, 9.131841216e-05, 9.49213426793e-05, 3.67456304957e-05, 2.28694825637e-05, 2.15992167796e-05, 2.01067796297e-05, 5.23917788087e-06, 3.67532811651e-06, 5.05431626152e-06, 3.4251265788e-06, 2.92157460535e-06, 1.04541459223e-06, 1.05788910787e-06, 1.02127546597e-06, 6.54813334222e-07, 9.31527438297e-07, 1.12368866212e-06, 1.08757342332e-06, 4.18863891127e-07, 2.26615767929e-07, 2.87927690579e-07, 4.61723772105e-07, 4.05276296078e-07, 5.47578963506e-07, 9.21973366985e-07, 1.2841918533e-06, 1.99212945518e-06, 9.15703765259e-07, 3.94924086322e-07, 2.09842937693e-07, 1.17462249705e-07, 4.29866950924e-08, 1.42218867794e-08, 1.73530556591e-09],
        "dvar": [3.86415365483e-07, 1.35950972435e-06, 1.06808215605e-06, 5.19562718182e-07, 1.6526412594e-07, 4.26006110388e-08, 3.69074939499e-08, 3.19155724071e-08, 4.9989510309e-09, 3.64387786611e-09, 1.70410097144e-09, 9.26278076463e-09, 8.13024023105e-11, 4.07377985512e-11, 2.30971367032e-10, 8.81011236187e-11, 1.00562079497e-10, 3.69031541436e-12, 8.69301505779e-12, 1.0606768068e-11, 1.86794438424e-12, 2.40129682631e-12, 3.56713703714e-12, 4.54264664079e-12, 6.73691788119e-13, 1.60532340459e-13, 3.57143595297e-13, 1.42684269348e-12, 5.93055932054e-13, 2.02214590558e-12, 7.1571581127e-12, 1.54382982093e-11, 5.56521044526e-11, 1.28777171218e-11, 1.19348606518e-12, 1.88576625561e-13, 5.52023602881e-14, 8.77183423825e-15, 1.35111580669e-15, 3.09838431707e-17],
        "dvar2": [7.35376488592e-07, 2.65146286438e-06, 1.85282590337e-06, 1.05332526346e-06, 3.31539666831e-07, 9.12515574214e-08, 7.87381608802e-08, 6.44681747985e-08, 9.39192723592e-09, 6.66946231576e-09, 2.89469559434e-09, 1.57479149721e-08, 1.58184201848e-10, 8.11851280647e-11, 4.07983452577e-10, 1.94274568655e-10, 2.36354352756e-10, 7.60101790537e-12, 1.94308163309e-11, 1.88998903333e-11, 4.77580865479e-12, 6.08249171516e-12, 8.28312331919e-12, 1.16124757379e-11, 1.70445125028e-12, 3.24108903778e-13, 6.41954371605e-13, 2.90706391251e-12, 1.26387724071e-12, 4.68076011978e-12, 1.57137688278e-11, 2.8354518386e-11, 1.52137941134e-10, 2.05803186992e-11, 1.88495768473e-12, 3.31029854136e-13, 9.21517500979e-14, 1.36607466265e-14, 2.13651016638e-15, 6.68455373265e-17],
        "max": [0.00999415758997, 0.0114508811384, 0.0116296801716, 0.0140748396516, 0.00509487371892, 0.00207883515395, 0.00235674413852, 0.00207086885348, 0.00101611111313, 0.000989122083411, 0.000421580771217, 0.00216422765516, 0.000114312286314, 0.000125630467664, 0.000351100054104, 0.000165099889273, 0.00019991240697, 2.36468968069e-05, 4.13921079598e-05, 4.13182388002e-05, 1.77330493898e-05, 1.70374005393e-05, 1.74327615241e-05, 2.54303704423e-05, 1.18991920317e-05, 6.69545488563e-06, 1.00462302726e-05, 2.21619247895e-05, 8.01361875347e-06, 2.30942587223e-05, 3.85780731449e-05, 6.02343352512e-05, 0.000120645127026, 8.35828759591e-05, 1.99947153305e-05, 5.2252075875e-06, 2.64090726887e-06, 1.46677223256e-06, 5.27065253664e-07, 9.89849695543e-08],
        "mean": [0.000455180939753, 0.00156936992425, 0.0020039039664, 0.000756590161473, 0.000557646737434, 0.000167340578628, 6.82477257214e-05, 7.84836447565e-05, 3.21549705404e-05, 2.20322599489e-05, 2.07441917155e-05, 2.16271746467e-05, 4.70918939754e-06, 3.18043430525e-06, 5.10259587827e-06, 2.89768649964e-06, 2.04469370146e-06, 8.17207421733e-07, 7.9126732544e-07, 8.12102541659e-07, 4.22205005179e-07, 6.58469105019e-07, 7.81957965046e-07, 6.21500078068e-07, 2.6489595939e-07, 1.81306859304e-07, 2.42210774104e-07, 3.2059247701e-07, 2.74202960782e-07, 3.41576225082e-07, 6.17855732798e-07, 9.86272198134e-07, 1.08122537767e-06, 7.24481594716e-07, 3.25259549072e-07, 1.77395847345e-07, 1.00440210815e-07, 3.71448933834e-08, 1.18626211076e-08, 1.17398990529e-09],
        "median": [0.000117482552014, 0.000723006145563, 0.000838672276586, 0.000352166418452, 0.000185566430446, 6.19936181465e-05, 1.76963385456e-05, 1.43841189129e-05, 4.98250301462e-06, 2.01301099878e-06, 1.89748152479e-06, 2.08224764719e-06, 8.90712271939e-07, 1.02908325061e-06, 8.66613504513e-07, 3.07694563162e-07, 2.03578125024e-07, 1.38393076554e-07, 7.20962276546e-08, 6.36089936279e-08, 6.20410034458e-08, 1.08132915955e-07, 9.85167432077e-08, 6.78910083707e-08, 4.42915677468e-08, 3.59644900527e-08, 4.62087399455e-08, 5.19398106746e-08, 2.78654752606e-08, 3.62465009118e-08, 3.69439625558e-08, 2.58217305316e-08, 3.33462359947e-08, 2.4250333297e-08, 2.07072492486e-08, 1.62349280686e-08, 1.08995168446e-08, 4.33180336046e-09, 1.23952836883e-09, 1.01072809844e-10],
        "min": [1.40006600063e-11, 1.30836133594e-10, 7.61556998019e-11, 6.16051029634e-11, 7.78941147694e-11, 1.49173451369e-10, 2.59255311663e-10, 3.20677068233e-10, 1.21128537756e-10, 1.21844617729e-10, 4.85496781666e-11, 3.92365827329e-11, 5.50903211938e-11, 3.81508574732e-11, 1.03099187174e-11, 2.81914899411e-12, 5.218198703e-12, 2.54632166047e-12, 6.40069811389e-12, 4.58855479654e-12, 2.44461590727e-12, 1.70132885644e-12, 8.71551854124e-13, 9.48408127206e-13, 6.90219149196e-13, 2.24963624118e-12, 1.36199974909e-11, 8.73984998956e-12, 6.43937550851e-12, 4.37238700107e-12, 5.76126125973e-12, 6.76936891958e-12, 1.17417534029e-11, 3.74805395054e-12, 1.1248651316e-11, 2.70335056424e-11, 1.72333865928e-11, 6.7550370679e-12, 2.15716051792e-12, 1.5152602209e-13],
        "var": [1.1339421917e-06, 3.58943952961e-06, 6.84704173182e-06, 1.86134695923e-06, 7.30977035346e-07, 8.28935995401e-08, 4.54069812861e-08, 4.47126531355e-08, 8.42126102185e-09, 6.56606813365e-09, 3.19421933348e-09, 1.84938482306e-08, 1.5397053077e-10, 5.87552229092e-11, 4.68450944702e-10, 1.18295179208e-10, 1.02630716425e-10, 4.86435718094e-12, 1.17003247369e-11, 1.4738743212e-11, 1.6175966816e-12, 2.39375836861e-12, 4.02866325369e-12, 3.93058415676e-12, 6.22684304293e-13, 2.24529013546e-13, 5.36041968192e-13, 1.66048717744e-12, 6.84059579814e-13, 2.04399236252e-12, 8.12578736936e-12, 2.10087659075e-11, 4.09892016162e-11, 2.03704813434e-11, 1.92687879541e-12, 2.91711343666e-13, 9.03670313492e-14, 1.47268536341e-14, 2.19403513844e-15, 3.33020598508e-17]
    },
    "mfcc": {
        "dmean": [38.8457489014, 24.6849784851, 14.3986587524, 12.0066165924, 9.00932598114, 10.4458580017, 8.76918983459, 7.22407913208, 7.0033493042, 7.67485761642, 6.49468851089, 6.09669303894, 5.53174114227],
        "dmean2": [49.9935379028, 33.9930801392, 19.9014358521, 17.1808986664, 12.7879753113, 15.0537672043, 12.9187459946, 10.6455869675, 10.5355997086, 11.0733976364, 9.72674751282, 9.26893997192, 8.4622592926],
        "dvar": [1343.6114502, 699.611938477, 189.30770874, 121.385185242, 63.7080993652, 97.4844360352, 58.2375526428, 36.9858283997, 33.3390579224, 44.5965194702, 28.5284862518, 25.8625526428, 22.8171348572],
        "dvar2": [2107.1550293, 1037.13024902, 352.128326416, 221.087081909, 135.481292725, 159.387634277, 123.388237, 83.5862121582, 66.0390472412, 88.1492385864, 60.5700454712, 53.2759552002, 47.6298065186],
        "max": [-646.778198242, 250.467041016, 119.055953979, 118.601211548, 42.0873451233, 75.4196014404, 34.6856307983, 42.4989547729, 22.8016014099, 36.1092987061, 26.5367088318, 42.3407707214, 18.149055481],
        "mean": [-814.196838379, 169.83682251, 49.4419364929, 42.7907104492, -2.25708341599, 17.8214054108, -5.60950517654, 10.1701202393, -11.7582273483, -5.98505210876, -8.93570232391, 2.26441335678, -8.68744945526],
        "median": [-806.060424805, 179.117034912, 49.2055397034, 40.4219169617, -0.486633300781, 18.4262542725, -4.01465606689, 9.85618400574, -11.6946582794, -4.82604980469, -8.75695037842, 1.9679107666, -7.69375610352],
        "min": [-1138.42004395, -10.3820610046, -34.7814216614, -17.9431228638, -46.5166473389, -40.5276756287, -56.501537323, -28.7264099121, -42.2673721313, -46.7886810303, -49.258102417, -28.1850700378, -39.4917411804],
        "var": [4910.43408203, 2075.29296875, 714.657348633, 564.599182129, 240.251541138, 320.279693604, 226.07371521, 135.587112427, 109.380187988, 211.283508301, 139.10949707, 121.972190857, 88.1943206787],
        "cov": [[4918.01171875, -98.4011917114, -714.479064941, 178.048919678, -367.439819336, 57.2484931946, -445.674438477, 243.379730225, -212.55847168, 282.715209961, -70.6934890747, 99.9662780762, -272.346008301], [-98.4011917114, 2078.49560547, -266.133850098, -392.765350342, 192.172149658, -346.700531006, 140.379104614, 16.6209526062, -23.0270404816, -219.811203003, 44.9079017639, -44.7962150574, -24.7347278595], [-714.479064941, -266.133850098, 715.760253906, 125.166549683, -69.4427871704, 204.855804443, 45.6389656067, -46.7404136658, 18.6699256897, -83.6725921631, 20.0061969757, -17.7989654541, 73.2320404053], [178.048919678, -392.765350342, 125.166549683, 565.470458984, 83.016242981, -71.5100708008, -98.2182693481, 44.29712677, -20.9760570526, -68.968963623, -18.4934101105, -35.1293449402, 36.4040908813], [-367.439819336, 192.172149658, -69.4427871704, 83.016242981, 240.622299194, -71.3406448364, 17.9805641174, -3.98254966736, 29.4520378113, -41.0852546692, -13.7618513107, 11.009180069, 11.4797210693], [57.2484931946, -346.700531006, 204.855804443, -71.5100708008, -71.3406448364, 320.773956299, 40.2090606689, -9.49671077728, 31.7374038696, 85.7824020386, 34.3308525085, 28.8819351196, 16.0117835999], [-445.674438477, 140.379104614, 45.6389656067, -98.2182693481, 17.9805641174, 40.2090606689, 226.422592163, 18.4350509644, 24.8287124634, -0.135099828243, 24.3782577515, 12.1199560165, 28.6007041931], [243.379730225, 16.6209526062, -46.7404136658, 44.29712677, -3.98254966736, -9.49671077728, 18.4350509644, 135.796356201, 18.7990322113, -2.20415592194, 25.771156311, -6.6550617218, -4.38309144974], [-212.55847168, -23.0270404816, 18.6699256897, -20.9760570526, 29.4520378113, 31.7374038696, 24.8287124634, 18.7990322113, 109.548988342, 49.3477630615, 19.3582515717, -15.4202041626, 16.9412269592], [282.715209961, -219.811203003, -83.6725921631, -68.968963623, -41.0852546692, 85.7824020386, -0.135099828243, -2.20415592194, 49.3477630615, 211.609573364, 11.7867450714, 24.9959888458, -26.8391838074], [-70.6934890747, 44.9079017639, 20.0061969757, -18.4934101105, -13.7618513107, 34.3308525085, 24.3782577515, 25.771156311, 19.3582515717, 11.7867450714, 139.324172974, -12.7137947083, 19.634311676], [99.9662780762, -44.7962150574, -17.7989654541, -35.1293449402, 11.009180069, 28.8819351196, 12.1199560165, -6.6550617218, -15.4202041626, 24.9959888458, -12.7137947083, 122.160423279, -2.04741477966], [-272.346008301, -24.7347278595, 73.2320404053, 36.4040908813, 11.4797210693, 16.0117835999, 28.6007041931, -4.38309144974, 16.9412269592, -26.8391838074, 19.634311676, -2.04741477966, 88.3304214478]],
        "icov": [[0.000989285064861, -0.000758269277867, 0.00109532335773, -0.0014065616997, 0.00194714637473, -0.00168067053892, 0.00152513931971, -0.00143680989277, 0.00126355118118, -0.00116553599946, 0.000680022407323, -0.000850863172673, 0.00122859375551], [-0.000758269277867, 0.00164357700851, -0.000956002331804, 0.00218037120067, -0.00238050986081, 0.00236633932218, -0.00143952888902, 0.000757618283387, -0.000704152858816, 0.00165287381969, -0.00104523624759, 0.0010023645591, -0.000706736638676], [0.00109532335773, -0.000956002331804, 0.00392462918535, -0.00268765469082, 0.00340148340911, -0.00393562903628, 0.00108079100028, -0.000108513202576, 3.65986961697e-05, 0.000645028834697, 0.00081054889597, -0.000965641287621, 0.000865786045324], [-0.0014065616997, 0.00218037120067, -0.00268765469082, 0.00594152696431, -0.00510064978153, 0.00423270929605, -0.000964958395343, -5.10294739797e-05, -0.000137279188493, 0.00177248532418, -0.0011289754184, 0.00227380916476, -0.00287260697223], [0.00194714637473, -0.00238050986081, 0.00340148340911, -0.00510064978153, 0.0106009365991, -0.00383946392685, 0.00209447741508, -0.000905550550669, -0.00118695339188, -0.000867476046551, 0.00192965974566, -0.00346901454031, 0.00266892765649], [-0.00168067053892, 0.00236633932218, -0.00393562903628, 0.00423270929605, -0.00383946392685, 0.00942118372768, -0.00296012847684, 0.00159338663798, -0.00175820535515, 0.000129751875647, -0.0023366145324, 0.000856429280248, -0.00225624791346], [0.00152513931971, -0.00143952888902, 0.00108079100028, -0.000964958395343, 0.00209447741508, -0.00296012847684, 0.00810538604856, -0.00367789319716, 0.00196921569295, -0.00217047636397, 0.000919690646697, -0.00160131359007, -2.03666513698e-05], [-0.00143680989277, 0.000757618283387, -0.000108513202576, -5.10294739797e-05, -0.000905550550669, 0.00159338663798, -0.00367789319716, 0.0116357542574, -0.00488511938602, 0.00314298132434, -0.00247949059121, 0.000608100439422, -5.26334879396e-05], [0.00126355118118, -0.000704152858816, 3.65986961697e-05, -0.000137279188493, -0.00118695339188, -0.00175820535515, 0.00196921569295, -0.00488511938602, 0.0158716086298, -0.00619415286928, 0.000457621616079, 0.00202544080094, -0.00166307657491], [-0.00116553599946, 0.00165287381969, 0.000645028834697, 0.00177248532418, -0.000867476046551, 0.000129751875647, -0.00217047636397, 0.00314298132434, -0.00619415286928, 0.0103807710111, -0.00153164612129, -0.0004471988359, 0.00122416438535], [0.000680022407323, -0.00104523624759, 0.00081054889597, -0.0011289754184, 0.00192965974566, -0.0023366145324, 0.000919690646697, -0.00247949059121, 0.000457621616079, -0.00153164612129, 0.00891546998173, 0.000285166635877, -0.00117906555533], [-0.000850863172673, 0.0010023645591, -0.000965641287621, 0.00227380916476, -0.00346901454031, 0.000856429280248, -0.00160131359007, 0.000608100439422, 0.00202544080094, -0.0004471988359, 0.000285166635877, 0.010408770293, -0.00198148633353], [0.00122859375551, -0.000706736638676, 0.000865786045324, -0.00287260697223, 0.00266892765649, -0.00225624791346, -2.03666513698e-05, -5.26334879396e-05, -0.00166307657491, 0.00122416438535, -0.00117906555533, -0.00198148633353, 0.016350608319]]
    }
}

}