{
"metadata": {
    "version": {
        "essentia": "2.0.1",
        "extractor": "archive-music 1.0 mod ismir14"
    },
    "audio_properties": {
        "analysis_sample_rate": 44100,
        "bitrate": 128,
        "channels": 2,
        "equal_loudness": 0,
        "length": 30.0669155121,
        "replay_gain": -12.156419754,
        "downmix": "mix"
    },
    "tags": {
        "track": 6,
        "year": 0,
        "album": "Swing Classics (Jazz & Tzaz 70)",
        "artist": "Benny Carter",
        "comment": "",
        "genre": "Jazz",
        "title": "Babalu"
    }
},
"rhythm": {
    "bpm": 92.6367721558,
    "bpm_histogram_first_peak": 94,
    "bpm_histogram_first_peak_spread": 0.555555582047,
    "bpm_histogram_first_peak_weight": 0.355555564165,
    "bpm_histogram_second_peak": 89,
    "bpm_histogram_second_peak_spread": 0,
    "bpm_histogram_second_peak_weight": 0.177777782083
},
"tonal": {
    "tuning_frequency": {
        "dmean": 0.0906697958708,
        "dmean2": 0.173676759005,
        "dvar": 1.19868218899,
        "dvar2": 3.42834639549,
        "max": 452.37008667,
        "mean": 438.069488525,
        "median": 440.254241943,
        "min": 431.941772461,
        "var": 12.4637727737
    },
    "hpcp": {
        "dmean": [0.11437188834, 0.13201880455, 0.0752556249499, 0.178369402885, 0.128305450082, 0.110891744494, 0.151246279478, 0.0808589756489, 0.196891844273, 0.0933449864388, 0.185377642512, 0.200727671385],
        "dmean2": [0.208739817142, 0.223367214203, 0.13675378263, 0.301910251379, 0.217039525509, 0.194590479136, 0.257968991995, 0.14472065866, 0.335101276636, 0.165295884013, 0.32180917263, 0.345883667469],
        "dvar": [0.0568739213049, 0.0381058342755, 0.032540705055, 0.058448780328, 0.0504153035581, 0.0325516052544, 0.0471678040922, 0.0287802256644, 0.0516114756465, 0.030940014869, 0.0594812445343, 0.0628731846809],
        "dvar2": [0.161143690348, 0.0977560132742, 0.0810477286577, 0.129168346524, 0.118428766727, 0.0845471248031, 0.101239152253, 0.077181853354, 0.125631570816, 0.0787342339754, 0.155941069126, 0.132430046797],
        "max": [1, 1, 1, 1, 1, 1, 1, 1, 1, 1, 1, 1],
        "mean": [0.101891517639, 0.212657704949, 0.0685674697161, 0.43348005414, 0.217813804746, 0.115547612309, 0.308442831039, 0.06651122123, 0.371998518705, 0.0806694477797, 0.241295292974, 0.344972997904],
        "median": [0.0152558069676, 0.0681470409036, 0.00924916379154, 0.285805404186, 0.037538908422, 0.0433424673975, 0.139415428042, 0.0164504870772, 0.260687917471, 0.0153741110116, 0.127310916781, 0.205881163478],
        "min": [0, 0, 0, 0, 0, 0.000275861500995, 0, 0, 0, 0, 0, 0],
        "var": [0.0482877828181, 0.0780714452267, 0.0338463112712, 0.156985267997, 0.11226349324, 0.0345809087157, 0.129720047116, 0.0234422106296, 0.119233079255, 0.0278865918517, 0.0811495408416, 0.127380430698]
    }
},
"lowlevel": {
    "melbands": {
        "dmean": [8.7112748588e-06, 4.07492661907e-05, 2.59228199866e-05, 5.11417274538e-05, 5.28380624019e-05, 8.3624094259e-05, 6.37054108665e-05, 0.000142538279761, 9.52879418037e-05, 7.16260474292e-05, 4.13960042351e-05, 3.48421453964e-05, 3.30225811922e-05, 2.47984662565e-05, 4.97116525366e-05, 4.24244135502e-05, 2.47097668762e-05, 1.64884058904e-05, 1.32118639158e-05, 1.65596375155e-05, 4.87894840262e-06, 6.51930622553e-06, 3.02294733956e-06, 2.79448272522e-06, 4.00252747568e-06, 1.23383154005e-06, 6.50384606615e-07, 7.64670744502e-07, 7.83287021022e-07, 7.72320618125e-07, 3.84916091889e-07, 1.88961337244e-07, 1.3072472882e-07, 4.97760765938e-08, 2.02241299263e-08, 1.56407971019e-08, 3.0486733138e-09, 3.0190530631e-10, 2.85220250196e-11, 2.09445156531e-12],
        "dmean2": [1.46418387885e-05, 6.95481940056e-05, 4.02850746468e-05, 7.60914190323e-05, 8.02322902018e-05, 0.000128824263811, 9.91833148873e-05, 0.000212711791391, 0.000144659046782, 0.000110052271339, 6.57857090118e-05, 5.41117660759e-05, 5.13601517014e-05, 3.81649006158e-05, 7.91668790043e-05, 6.90158194629e-05, 3.74269839085e-05, 2.44714155997e-05, 2.05115866265e-05, 2.49766035267e-05, 7.62912168284e-06, 9.85522183328e-06, 4.52215135738e-06, 4.22877974415e-06, 6.02828094998e-06, 1.83894087513e-06, 9.50017692958e-07, 1.17887771012e-06, 1.14244380711e-06, 1.18341620237e-06, 5.37591233751e-07, 2.69375590278e-07, 1.80582333087e-07, 6.93349093694e-08, 2.8420014786e-08, 2.36826203093e-08, 4.68822891619e-09, 4.54502657732e-10, 4.63187439792e-11, 3.5960034863e-12],
        "dvar": [1.14619931602e-10, 2.44267406302e-09, 2.01226857399e-09, 5.83559467415e-09, 5.07374187109e-09, 1.70807634703e-08, 8.08004418928e-09, 8.23394827876e-08, 2.6701902911e-08, 1.40313822783e-08, 5.72876368565e-09, 5.0454542766e-09, 5.74893777028e-09, 2.31123631345e-09, 1.00750590093e-08, 1.00290762362e-08, 2.91154877985e-09, 1.37839095693e-09, 8.41222425052e-10, 1.36135036577e-09, 7.37596789202e-11, 1.8131360302e-10, 2.75850557674e-11, 2.64624953894e-11, 6.55737963928e-11, 7.82474085526e-12, 1.79782425926e-12, 4.15761522432e-12, 2.22056509465e-12, 2.23754912168e-12, 6.50434729948e-13, 2.15045768194e-13, 1.26998116342e-13, 1.91913152714e-14, 2.20429291919e-15, 1.320151035e-15, 3.94717750467e-17, 5.13952646985e-19, 5.34252733583e-21, 2.5001335537e-23],
        "dvar2": [2.64456151422e-10, 5.80221737323e-09, 5.24255305834e-09, 1.39763276508e-08, 1.01043413636e-08, 3.52568463313e-08, 1.72117253783e-08, 1.50136941102e-07, 5.35495914278e-08, 3.16807593492e-08, 1.21036496381e-08, 1.16265708172e-08, 1.45886538405e-08, 4.71408778679e-09, 2.23037712743e-08, 2.4808265664e-08, 6.47992282055e-09, 2.77883605015e-09, 1.89035231912e-09, 2.9275917246e-09, 1.56772525517e-10, 3.83054005182e-10, 5.66660572632e-11, 5.32524926933e-11, 1.36955141672e-10, 1.66366174309e-11, 3.54061181415e-12, 9.02626324378e-12, 4.47984488047e-12, 4.29363619311e-12, 1.16215685079e-12, 4.0181887765e-13, 2.33094901887e-13, 3.23987290175e-14, 3.83012586287e-15, 2.76650616749e-15, 7.72429329285e-17, 1.13310767524e-18, 1.23749491202e-20, 6.5410945244e-23],
        "max": [8.36653853185e-05, 0.000566018628888, 0.000720016832929, 0.00114661490079, 0.000853195262607, 0.00123411521781, 0.00140281114727, 0.00401876913384, 0.00188482331578, 0.00108046398964, 0.000736185582355, 0.000880290288478, 0.00103924481664, 0.000715676986147, 0.00107832858339, 0.00108971795999, 0.000663411279675, 0.000430072162999, 0.000274703779723, 0.000583189132158, 0.000110461907752, 0.000152543885633, 7.39275928936e-05, 6.04230262979e-05, 6.79155127727e-05, 3.99923846999e-05, 1.33021940201e-05, 2.80352196569e-05, 1.18883990581e-05, 1.34179244924e-05, 7.86680720921e-06, 5.12669430464e-06, 4.01208217227e-06, 1.55515442657e-06, 4.64916894316e-07, 4.12995120769e-07, 5.65344464576e-08, 6.16916651097e-09, 6.42492725689e-10, 6.53838094777e-11],
        "mean": [1.14590120575e-05, 5.52837373107e-05, 3.89710112358e-05, 8.33549856907e-05, 0.000105020561023, 0.000148821258335, 0.000140176765854, 0.000337046047207, 0.000186207107618, 0.00010926854884, 7.25692807464e-05, 5.85511224926e-05, 4.84278316435e-05, 3.67381398974e-05, 7.66306475271e-05, 6.37080884189e-05, 4.37002418039e-05, 2.22125545406e-05, 1.84654327313e-05, 2.5345792892e-05, 7.58531905376e-06, 1.03565444078e-05, 5.28568034497e-06, 4.28632483818e-06, 6.08987375017e-06, 1.97405984181e-06, 1.02367937416e-06, 1.12899203941e-06, 1.1580428918e-06, 1.23096049265e-06, 5.79661104894e-07, 2.72082189667e-07, 1.75447297579e-07, 6.97675730521e-08, 2.88865997788e-08, 2.35907027246e-08, 5.08101116736e-09, 4.0257533418e-10, 3.05284790503e-11, 2.1478565454e-12],
        "median": [6.87824376655e-06, 3.66751919501e-05, 2.52173449553e-05, 5.42224588571e-05, 7.54584034439e-05, 8.61013031681e-05, 5.51596422156e-05, 7.79683541623e-05, 4.7870875278e-05, 3.25255023199e-05, 1.85708286153e-05, 1.19700753203e-05, 1.39944659168e-05, 1.47463924804e-05, 1.60705894814e-05, 1.3135091649e-05, 6.0454171944e-06, 5.49041988052e-06, 2.69578458756e-06, 5.44452086615e-06, 2.93769767268e-06, 3.26331701217e-06, 1.91512276615e-06, 1.5562416138e-06, 1.12161444576e-06, 6.11745917922e-07, 3.27247022369e-07, 1.6872840547e-07, 3.08222325884e-07, 2.62648057969e-07, 1.0410965956e-07, 4.81759414583e-08, 1.65025593191e-08, 5.7945221954e-09, 2.90881230214e-09, 2.42209341472e-09, 8.21281931351e-10, 5.63705609968e-11, 3.33427447978e-12, 5.69794157603e-13],
        "min": [1.82074008648e-10, 3.03256551815e-11, 1.34093057838e-11, 7.70256983196e-11, 1.00199674946e-10, 4.17892699611e-11, 1.60016010858e-11, 3.07230282881e-11, 7.96608525672e-12, 2.0838799436e-11, 1.32675771411e-11, 3.62140439164e-12, 4.50432052768e-12, 1.23201865376e-11, 2.6522709376e-11, 1.0107189391e-11, 5.7402273039e-12, 5.83282163888e-12, 4.35516206432e-12, 4.08912010155e-12, 1.82979716448e-12, 1.18979815149e-12, 1.08315103848e-12, 1.10440216e-12, 1.40011298996e-12, 1.47437205673e-12, 1.29652560389e-12, 8.64016811656e-13, 8.5878385566e-13, 6.11336719095e-13, 5.39940271313e-13, 5.01974167528e-13, 4.05388911459e-13, 8.40880370976e-14, 2.93958054513e-13, 1.46395021756e-13, 1.27823763401e-13, 3.68799093911e-14, 5.0015177953e-14, 9.75543176649e-15],
        "var": [1.64127517133e-10, 3.42795658526e-09, 2.33428498753e-09, 9.1404634972e-09, 1.18430110163e-08, 3.30475984356e-08, 3.54561571214e-08, 3.4226269463e-07, 8.69341576504e-08, 2.76556342271e-08, 1.36041995447e-08, 9.52401091325e-09, 8.03299737839e-09, 3.91163945679e-09, 1.90361184593e-08, 2.03156726997e-08, 8.9579410556e-09, 2.36223374195e-09, 1.48683154677e-09, 3.3361788887e-09, 1.39803821297e-10, 3.82808451604e-10, 6.98040167335e-11, 4.65450941678e-11, 1.29439209351e-10, 1.92562805978e-11, 3.60170378765e-12, 8.30150444914e-12, 4.39541328681e-12, 4.79802959516e-12, 1.39386700966e-12, 4.06223557396e-13, 2.40652766811e-13, 3.91325088111e-14, 4.91565491247e-15, 3.1657235952e-15, 9.47418527603e-17, 8.94577841298e-19, 7.00851230647e-21, 2.20752910896e-23]
    },
    "mfcc": {
        "dmean": [39.5849494934, 13.6497564316, 16.700345993, 9.63104534149, 10.2008867264, 7.29405164719, 6.9472899437, 5.94095468521, 5.51866531372, 5.57101488113, 4.75949001312, 5.08711433411, 4.69812631607],
        "dmean2": [48.3882217407, 18.9848480225, 22.3442821503, 14.8769454956, 14.7502098083, 10.852771759, 10.4756813049, 9.54229068756, 8.8835735321, 8.51604652405, 7.63924407959, 7.70251464844, 7.47493314743],
        "dvar": [2129.37475586, 249.104507446, 344.300628662, 71.2114105225, 99.3673782349, 35.0666999817, 31.7755241394, 23.9967880249, 21.0217475891, 17.9440975189, 15.7777233124, 16.55975914, 14.9139118195],
        "dvar2": [3152.99560547, 360.307006836, 532.86328125, 150.748519897, 162.831741333, 71.3984146118, 74.4703140259, 54.6048164368, 51.6523361206, 39.6693382263, 38.8285675049, 37.8088607788, 38.1976661682],
        "max": [-609.297180176, 229.091125488, 74.5286560059, 77.8418197632, 32.5887794495, 54.8975944519, 19.4149665833, 15.7634983063, 23.5248298645, 17.497926712, 22.2292976379, 31.3509922028, 21.5581054688],
        "mean": [-773.774047852, 177.43019104, -44.3433303833, 19.2754306793, -17.9348220825, -0.567062199116, -10.8694381714, -7.95518875122, -3.23982095718, -5.57286596298, 1.62773084641, 4.07564020157, -4.69997310638],
        "median": [-740.027709961, 185.378875732, -59.7276954651, 18.2872428894, -19.1493873596, -1.84741973877, -10.7883377075, -8.29772186279, -3.24653625488, -5.2084197998, 1.42845535278, 2.73823547363, -4.7991104126],
        "min": [-1138.42004395, 1.14440917969e-05, -115.061294556, -35.3518447876, -65.3609085083, -28.0820426941, -53.2524795532, -32.7184753418, -28.4314880371, -29.7882995605, -18.0516796112, -18.28074646, -24.902141571],
        "var": [10430.6542969, 893.780151367, 1776.37939453, 311.978790283, 464.319335938, 161.814926147, 151.534164429, 73.1799697876, 63.6443214417, 80.8877105713, 55.3448944092, 95.500541687, 39.7319450378],
        "cov": [[10446.7509766, 372.179840088, -4053.57446289, 457.679351807, -1803.49475098, 68.5648651123, -878.812011719, -28.1472110748, -217.641540527, -164.716812134, 6.90970993042, 265.644348145, -142.694244385], [372.179840088, 895.159423828, -45.862537384, -279.649627686, -27.6983757019, -244.659408569, 48.6061134338, -101.70349884, 45.4627532959, -139.444335938, -3.36550593376, 32.4754180908, -8.44188404083], [-4053.57446289, -45.862537384, 1779.12072754, -150.817474365, 704.075622559, 15.5787372589, 328.668609619, 35.1255989075, 76.3097839355, 75.317489624, -12.4068603516, -111.451187134, 49.671672821], [457.679351807, -279.649627686, -150.817474365, 312.460235596, 5.57962322235, 114.77166748, -44.2870178223, 11.0413198471, -33.5357971191, 15.7810811996, -13.4939098358, -44.6846618652, -18.2933864594], [-1803.49475098, -27.6983757019, 704.075622559, 5.57962322235, 465.035888672, 25.6848239899, 167.288574219, 4.54535913467, 4.42483663559, 26.1577968597, -15.880566597, -90.2703781128, 9.5687713623], [68.5648651123, -244.659408569, 15.5787372589, 114.77166748, 25.6848239899, 162.064651489, -3.06485843658, 54.5316963196, -26.3842315674, 46.2463798523, -6.30602931976, -32.928691864, -3.04200387001], [-878.812011719, 48.6061134338, 328.668609619, -44.2870178223, 167.288574219, -3.06485843658, 151.768005371, 12.3016386032, 30.1713981628, -7.71206378937, -10.9453287125, -26.9367408752, 10.6479101181], [-28.1472110748, -101.70349884, 35.1255989075, 11.0413198471, 4.54535913467, 54.5316963196, 12.3016386032, 73.2929000854, 3.75954079628, 33.6675033569, 3.43234395981, 2.1774160862, 8.03267097473], [-217.641540527, 45.4627532959, 76.3097839355, -33.5357971191, 4.42483663559, -26.3842315674, 30.1713981628, 3.75954079628, 63.7425384521, 4.58602809906, 17.7402667999, 17.8791847229, 8.50328731537], [-164.716812134, -139.444335938, 75.317489624, 15.7810811996, 26.1577968597, 46.2463798523, -7.71206378937, 33.6675033569, 4.58602809906, 81.0125350952, 25.2167282104, 2.07949900627, 6.84491109848], [6.90970993042, -3.36550593376, -12.4068603516, -13.4939098358, -15.880566597, -6.30602931976, -10.9453287125, 3.43234395981, 17.7402667999, 25.2167282104, 55.4303016663, 36.2403488159, 7.40914487839], [265.644348145, 32.4754180908, -111.451187134, -44.6846618652, -90.2703781128, -32.928691864, -26.9367408752, 2.1774160862, 17.8791847229, 2.07949900627, 36.2403488159, 95.6479187012, 8.87766647339], [-142.694244385, -8.44188404083, 49.671672821, -18.2933864594, 9.5687713623, -3.04200387001, 10.6479101181, 8.03267097473, 8.50328731537, 6.84491109848, 7.40914487839, 8.87766647339, 39.793258667]],
        "icov": [[0.0941044911742, -0.130170628428, 0.12964373827, -0.120898552239, 0.124435015023, -0.11823104322, 0.109550200403, -0.100803568959, 0.0890805721283, -0.0786461904645, 0.0698235780001, -0.0577007122338, 0.0388677231967], [-0.130170628428, 0.182865485549, -0.178980022669, 0.169045209885, -0.172568723559, 0.165395408869, -0.151853010058, 0.140062198043, -0.124026894569, 0.112082019448, -0.0978526175022, 0.0807143226266, -0.0529255904257], [0.12964373827, -0.178980022669, 0.180542558432, -0.165477231145, 0.168955177069, -0.16301035881, 0.150017157197, -0.138578131795, 0.121187530458, -0.109155811369, 0.096872843802, -0.0793707594275, 0.052779275924], [-0.120898552239, 0.169045209885, -0.165477231145, 0.161926999688, -0.161692336202, 0.148850694299, -0.139279216528, 0.131333261728, -0.116123996675, 0.103753879666, -0.0904360041022, 0.0758810639381, -0.0487773567438], [0.124435015023, -0.172568723559, 0.168955177069, -0.161692336202, 0.172531142831, -0.155494496226, 0.140440672636, -0.13229778409, 0.121733725071, -0.105676546693, 0.0902112871408, -0.0732587575912, 0.0518363155425], [-0.11823104322, 0.165395408869, -0.16301035881, 0.148850694299, -0.155494496226, 0.164013639092, -0.139422371984, 0.119173012674, -0.107621744275, 0.0964484140277, -0.0887644141912, 0.0756221339107, -0.0477287173271], [0.109550200403, -0.151853010058, 0.150017157197, -0.139279216528, 0.140440672636, -0.139422371984, 0.143451929092, -0.120720863342, 0.0972363352776, -0.0863126441836, 0.083094842732, -0.0671793147922, 0.0444737039506], [-0.100803568959, 0.140062198043, -0.138578131795, 0.131333261728, -0.13229778409, 0.119173012674, -0.120720863342, 0.131359308958, -0.0976494848728, 0.0778955966234, -0.0712239891291, 0.0591132417321, -0.0441526323557], [0.0890805721283, -0.124026894569, 0.121187530458, -0.116123996675, 0.121733725071, -0.107621744275, 0.0972363352776, -0.0976494848728, 0.108523122966, -0.0768068656325, 0.0597883798182, -0.0554925091565, 0.0359298586845], [-0.0786461904645, 0.112082019448, -0.109155811369, 0.103753879666, -0.105676546693, 0.0964484140277, -0.0863126441836, 0.0778955966234, -0.0768068656325, 0.0927770808339, -0.0704614892602, 0.0510415248573, -0.0319474488497], [0.0698235780001, -0.0978526175022, 0.096872843802, -0.0904360041022, 0.0902112871408, -0.0887644141912, 0.083094842732, -0.0712239891291, 0.0597883798182, -0.0704614892602, 0.0847526192665, -0.0546869784594, 0.0265547093004], [-0.0577007122338, 0.0807143226266, -0.0793707594275, 0.0758810639381, -0.0732587575912, 0.0756221339107, -0.0671793147922, 0.0591132417321, -0.0554925091565, 0.0510415248573, -0.0546869784594, 0.0552440360188, -0.0254519898444], [0.0388677231967, -0.0529255904257, 0.052779275924, -0.0487773567438, 0.0518363155425, -0.0477287173271, 0.0444737039506, -0.0441526323557, 0.0359298586845, -0.0319474488497, 0.0265547093004, -0.0254519898444, 0.0444231890142]]
    }
}

}