{
"metadata": {
    "version": {
        "essentia": "2.0.1",
        "extractor": "archive-music 1.0 mod ismir14"
    },
    "audio_properties": {
        "analysis_sample_rate": 44100,
        "bitrate": 32,
        "channels": 2,
        "equal_loudness": 0,
        "length": 30.0408172607,
        "replay_gain": -8.82925224304,
        "downmix": "mix"
    },
    "tags": {
        "track": 7,
        "year": 0,
        "album": "The Cool Jazz Collection",
        "artist": "Astrud Gilberto",
        "comment": "",
        "genre": "Jazz",
        "title": "Girl From Ipanema"
    }
},
"rhythm": {
    "bpm": 130.229049683,
    "bpm_histogram_first_peak": 129,
    "bpm_histogram_first_peak_spread": 0.542372882366,
    "bpm_histogram_first_peak_weight": 0.428571432829,
    "bpm_histogram_second_peak": 123,
    "bpm_histogram_second_peak_spread": 0,
    "bpm_histogram_second_peak_weight": 0.0317460335791
},
"tonal": {
    "tuning_frequency": {
        "dmean": 0.208754360676,
        "dmean2": 0.374808758497,
        "dvar": 1.45374679565,
        "dvar2": 3.04258298874,
        "max": 443.316436768,
        "mean": 441.322235107,
        "median": 442.548919678,
        "min": 431.692352295,
        "var": 8.62329864502
    },
    "hpcp": {
        "dmean": [0.0779765844345, 0.239594876766, 0.124002717435, 0.25979912281, 0.124787896872, 0.124449238181, 0.208464533091, 0.0492132492363, 0.215384989977, 0.153808966279, 0.204495623708, 0.183325961232],
        "dmean2": [0.139717534184, 0.414548695087, 0.218201205134, 0.458465069532, 0.223963648081, 0.229788690805, 0.380618870258, 0.0922983959317, 0.398788869381, 0.286841720343, 0.391466140747, 0.324284821749],
        "dvar": [0.0347047485411, 0.0922556221485, 0.0534961782396, 0.103318437934, 0.0479567609727, 0.0593612641096, 0.0877935513854, 0.023072021082, 0.0850266739726, 0.0776620060205, 0.0957637429237, 0.0831642523408],
        "dvar2": [0.0883722826838, 0.17191337049, 0.128749117255, 0.247276872396, 0.103685759008, 0.154065907001, 0.178744733334, 0.0564527139068, 0.242216527462, 0.229678153992, 0.279035925865, 0.197685852647],
        "max": [1, 1, 1, 1, 1, 1, 1, 1, 1, 1, 1, 1],
        "mean": [0.0616912208498, 0.307467132807, 0.0937953367829, 0.311976224184, 0.123941220343, 0.120739988983, 0.235100567341, 0.0627230778337, 0.211778178811, 0.116335980594, 0.167639702559, 0.172272026539],
        "median": [0.00764570897445, 0.121542304754, 0.00958049111068, 0.0896924436092, 0.0290385652333, 0.015559989959, 0.070279955864, 0.00677334936336, 0.047928892076, 0.0165144205093, 0.0326051153243, 0.0279910136014],
        "min": [6.2767387135e-05, 0.00013210454199, 1.99868900381e-05, 0.000255571736488, 8.88320646482e-05, 0.000102810910903, 6.91196182743e-05, 5.77693863306e-05, 1.32626310005e-05, 9.374088404e-05, 6.85889608576e-05, 0.0003845525207],
        "var": [0.0280236694962, 0.138542234898, 0.0430709309876, 0.150832146406, 0.0558103732765, 0.0645035207272, 0.114516191185, 0.0411198027432, 0.104705937207, 0.0640697479248, 0.0908849686384, 0.0896379947662]
    }
},
"lowlevel": {
    "melbands": {
        "dmean": [0.000126455241116, 0.000308912916807, 0.000308896123897, 0.000159234550665, 0.000102933205198, 3.09419010591e-05, 1.58378497872e-05, 2.24209034059e-05, 9.35041043704e-06, 6.87294141244e-06, 6.99134534443e-06, 9.25745189306e-06, 1.32753575599e-06, 1.0365762364e-06, 1.57113652222e-06, 1.05097615233e-06, 8.09222683529e-07, 2.68583221441e-07, 3.08764953161e-07, 2.98318184377e-07, 1.2229180868e-07, 1.72454846847e-07, 2.14657632114e-07, 1.82288502515e-07, 6.34100913999e-08, 4.93446172811e-08, 6.46204156851e-08, 1.0333911149e-07, 8.74509140658e-08, 1.10368688411e-07, 2.07632297133e-07, 3.7568727862e-07, 4.26987554647e-07, 2.53540804351e-07, 1.12523615314e-07, 7.45131032431e-08, 5.94376672325e-08, 4.4300907831e-08, 5.68655167399e-08, 8.4188663152e-08],
        "dmean2": [0.000201285030926, 0.000480308983242, 0.0005043692654, 0.000260000611888, 0.000161229705554, 5.01371032442e-05, 2.80665281025e-05, 3.9891088818e-05, 1.6617916117e-05, 1.2294480257e-05, 1.27812254505e-05, 1.72087911778e-05, 2.3338320716e-06, 1.92526499632e-06, 2.76832270174e-06, 1.95302800421e-06, 1.53191081154e-06, 4.89005458348e-07, 5.87198485391e-07, 5.61905835639e-07, 2.18782574279e-07, 3.01175191453e-07, 3.83004362448e-07, 3.34818224701e-07, 1.0819369578e-07, 8.604638424e-08, 1.14037092658e-07, 1.93514480884e-07, 1.57487605179e-07, 2.00848560894e-07, 3.78708733706e-07, 6.92446860739e-07, 8.07662502211e-07, 4.50514278327e-07, 2.01674183131e-07, 1.33987413165e-07, 1.08218443984e-07, 7.92923060544e-08, 1.0330460043e-07, 1.5629134964e-07],
        "dvar": [7.42390398045e-08, 9.49263068151e-08, 1.32835111799e-07, 8.85927136096e-08, 1.78184826893e-08, 1.97876293129e-09, 1.20505727619e-09, 1.50945222988e-09, 3.58986895765e-10, 2.49559067855e-10, 1.66041291827e-10, 2.25795204756e-09, 6.38097040484e-12, 4.35084910808e-12, 1.64669944347e-11, 7.22234294939e-12, 8.04315555131e-12, 2.42726032416e-13, 8.48389446802e-13, 8.33526986582e-13, 5.78351453642e-14, 7.9469058016e-14, 1.59303017826e-13, 1.46940998865e-13, 9.92544567857e-15, 1.05444505802e-14, 2.30995456189e-14, 1.3008405388e-13, 3.09360759124e-14, 8.00156111074e-14, 3.25082137858e-13, 1.09632387803e-12, 1.68265846135e-12, 7.23883138761e-13, 6.58213040279e-14, 1.85528929866e-14, 1.15751482225e-14, 8.25815110739e-15, 2.12808066389e-14, 5.38813853018e-14],
        "dvar2": [1.7908234895e-07, 2.16136200493e-07, 2.82684680997e-07, 2.15918760205e-07, 3.6645122492e-08, 3.6860083874e-09, 3.24743587576e-09, 4.2340251305e-09, 1.05306452447e-09, 7.03642699662e-10, 4.8202691838e-10, 6.55336140909e-09, 1.76342742492e-11, 1.25792640193e-11, 4.21841103715e-11, 2.07998791801e-11, 2.35068440407e-11, 6.71944271058e-13, 2.4215701059e-12, 2.36993389323e-12, 1.66601351855e-13, 2.14339193638e-13, 4.44641556647e-13, 4.24450974585e-13, 2.53942476585e-14, 2.81100199405e-14, 6.56072012039e-14, 3.81143738532e-13, 8.70341667659e-14, 2.31425555802e-13, 9.09788412141e-13, 3.07657176644e-12, 4.72646401184e-12, 1.87820462308e-12, 1.72431174699e-13, 4.9515116806e-14, 3.0600156198e-14, 2.13330533252e-14, 5.67044478592e-14, 1.47187329599e-13],
        "max": [0.0018893959932, 0.00187700230163, 0.00275467033498, 0.0035449215211, 0.0010548280552, 0.000329043919919, 0.000274252321105, 0.000266951014055, 0.000105449937109, 0.000153827379108, 6.88599757268e-05, 0.000444852426881, 1.70325820363e-05, 1.54352328536e-05, 3.39352736773e-05, 1.92791922018e-05, 2.43616996158e-05, 2.94823166769e-06, 7.09001687937e-06, 6.42458280709e-06, 1.68646886323e-06, 1.86067961749e-06, 2.3955017241e-06, 2.96611506201e-06, 7.40361429052e-07, 9.70216319729e-07, 1.23710970001e-06, 3.06997071675e-06, 1.08923211428e-06, 2.16910939344e-06, 3.99710052079e-06, 5.96715426582e-06, 9.04559692572e-06, 7.94915831648e-06, 1.48862761762e-06, 6.18142166786e-07, 4.1386803673e-07, 5.39603263405e-07, 7.70726842347e-07, 1.38055872867e-06],
        "mean": [0.000109482520202, 0.000390632805647, 0.000500628433656, 0.000185981276445, 0.000139374198625, 3.97880103264e-05, 1.56761452672e-05, 1.95957509277e-05, 7.8097491496e-06, 5.22651816937e-06, 5.0206144806e-06, 5.85133102504e-06, 1.06416428025e-06, 8.226932664e-07, 1.22441701933e-06, 7.28019529106e-07, 5.21311108059e-07, 2.06333481856e-07, 2.03216046657e-07, 2.02421162498e-07, 1.01205621661e-07, 1.58828285635e-07, 1.85520406148e-07, 1.46854063132e-07, 5.99930771727e-08, 4.43733156885e-08, 5.75911087708e-08, 7.86195499813e-08, 6.73701379128e-08, 8.024284881e-08, 1.435543453e-07, 2.4065431603e-07, 2.64849376208e-07, 1.71999445797e-07, 8.09445737104e-08, 5.48968941416e-08, 4.58360140954e-08, 3.57629481584e-08, 4.46456986936e-08, 6.28138892012e-08],
        "median": [3.52607385139e-05, 0.000263060675934, 0.000275767029962, 0.000115370479762, 5.88072362007e-05, 2.10871457966e-05, 5.73067018195e-06, 5.2297828006e-06, 2.34779508901e-06, 9.42689666772e-07, 8.7994584419e-07, 7.73666386067e-07, 3.43816850545e-07, 3.52189942987e-07, 2.9656729339e-07, 1.32383362939e-07, 8.58312461105e-08, 6.38433732547e-08, 2.39602098162e-08, 2.51339411506e-08, 2.60215067271e-08, 5.5035414448e-08, 5.5767443996e-08, 2.99373468238e-08, 1.67900218173e-08, 1.43190055368e-08, 1.79788059995e-08, 1.76063768009e-08, 1.25281349739e-08, 1.3029239021e-08, 1.2637936031e-08, 8.76413785988e-09, 1.10744453607e-08, 9.22462017883e-09, 7.6559381057e-09, 8.02173438785e-09, 7.52635198609e-09, 6.93400137308e-09, 6.35726182807e-09, 7.03903824117e-09],
        "min": [1.03094009773e-06, 2.31007015827e-06, 4.814897693e-06, 9.30765111207e-07, 1.34894764869e-06, 2.23302379254e-07, 1.22192503227e-07, 6.01555072421e-08, 2.39537989444e-08, 1.89904767467e-08, 1.49777665825e-08, 1.18103375968e-08, 7.67815500069e-09, 8.01222288516e-09, 2.80531997632e-09, 2.80511591733e-09, 1.73527925362e-09, 1.26481292106e-09, 7.8402789816e-10, 4.32216235025e-10, 3.95811078358e-10, 7.69955377233e-10, 8.43662029126e-10, 6.6487937378e-10, 4.773197948e-10, 6.65233590436e-10, 8.14703637886e-10, 1.0871124001e-09, 7.12708170258e-10, 9.6806562766e-10, 1.32483513049e-09, 8.74427752429e-10, 9.41148270428e-10, 1.24089327702e-09, 6.72130795465e-10, 7.96666177472e-10, 7.67418018022e-10, 6.77960132478e-10, 7.61237461955e-10, 7.19113601999e-10],
        "var": [6.61494894416e-08, 1.63561111322e-07, 3.85650622547e-07, 9.87124266771e-08, 3.84563278999e-08, 2.94979507487e-09, 1.02313857386e-09, 1.30412092236e-09, 2.72951217184e-10, 2.07435277289e-10, 1.19157017586e-10, 1.26901000819e-09, 4.91330327118e-12, 2.75453271303e-12, 1.33453820911e-11, 4.56544827984e-12, 4.40723195785e-12, 1.7560319789e-13, 4.98525211997e-13, 5.1348844881e-13, 3.9611743112e-14, 6.5836706475e-14, 1.15583717185e-13, 9.85935169769e-14, 1.07097770119e-14, 8.80359035048e-15, 1.6298245441e-14, 7.11007384154e-14, 2.01580000928e-14, 5.15989127239e-14, 2.16493232304e-13, 6.77358397237e-13, 1.01814617934e-12, 5.2077981684e-13, 4.79921515668e-14, 1.35968820364e-14, 8.76767191835e-15, 6.59243201749e-15, 1.55454855667e-14, 3.6382131845e-14]
    },
    "mfcc": {
        "dmean": [46.2881088257, 33.7840423584, 21.3546981812, 16.2948818207, 11.1074151993, 13.4367341995, 10.4779090881, 9.14429950714, 7.68367576599, 10.0508146286, 7.36173629761, 6.96650314331, 6.41385746002],
        "dmean2": [72.4039535522, 53.4145126343, 32.9825668335, 26.1167507172, 16.2727890015, 21.8109283447, 17.2975006104, 14.5206308365, 12.6238069534, 15.8297615051, 11.6865301132, 11.6538505554, 9.68985939026],
        "dvar": [1122.77050781, 830.589904785, 291.889129639, 149.466079712, 72.957572937, 113.938972473, 70.0660705566, 57.3849601746, 32.9589920044, 62.1881027222, 34.6229934692, 30.2859973907, 24.8492736816],
        "dvar2": [3065.55444336, 1936.77954102, 800.832580566, 342.204681396, 161.423858643, 295.055358887, 164.50668335, 145.088592529, 93.5637512207, 150.712036133, 84.4389953613, 69.7145233154, 68.8601913452],
        "max": [-728.145751953, 212.85546875, 126.549324036, 98.9954681396, 34.1832313538, 55.4156570435, 29.6199989319, 37.2972488403, 19.5424842834, 21.5892066956, 27.4860916138, 33.8860931396, 12.0799827576],
        "mean": [-851.075622559, 151.284683228, 63.7302932739, 28.6615371704, 7.06157875061, 6.77527093887, 1.94785952568, 2.96705985069, -5.64706850052, -11.5166902542, -4.18532657623, -1.36271798611, -6.57555246353],
        "median": [-844.942321777, 157.972839355, 64.5866928101, 26.0527076721, 8.60736846924, 8.83973503113, 4.41050338745, 3.53132820129, -5.72660064697, -10.9277000427, -4.10787200928, -1.60992050171, -5.56789398193],
        "min": [-995.995727539, 45.4783401489, 5.98434829712, -14.7780952454, -37.2420120239, -40.9311790466, -41.7697906494, -22.0182571411, -30.3594112396, -42.2140464783, -34.822467804, -24.2695732117, -32.8462600708],
        "var": [3130.67138672, 1334.57702637, 642.924682617, 429.869049072, 182.757919312, 208.427459717, 177.461700439, 122.724090576, 74.6358566284, 150.887145996, 119.547065735, 92.6964874268, 66.6400146484],
        "cov": [[3149.99658203, -517.775024414, -349.208709717, -74.4646453857, -130.71572876, -53.8186607361, -255.727340698, 29.951166153, 111.770927429, 174.197982788, 136.369247437, 24.7584342957, -121.755401611], [-517.775024414, 1342.81518555, -366.118286133, -233.54776001, 136.626800537, -111.84942627, 131.435516357, 80.783531189, -45.5078048706, -19.653711319, -24.4228687286, -2.04192090034, -64.2781829834], [-349.208709717, -366.118286133, 646.893310547, 104.437088013, -127.780380249, 149.971786499, 22.7597122192, -64.1968765259, -10.5829744339, -111.520843506, 48.9641151428, -20.0031528473, 89.5655212402], [-74.4646453857, -233.54776001, 104.437088013, 432.522583008, 121.398918152, -110.138626099, -79.0868453979, 17.8710479736, -20.0213375092, -111.90423584, -10.6542730331, -40.6570053101, 41.7060661316], [-130.71572876, 136.626800537, -127.780380249, 121.398918152, 183.886062622, -57.2058372498, -25.4307575226, 15.5463457108, -1.31570911407, -17.9293212891, -34.6143836975, 11.5533008575, -12.2638463974], [-53.8186607361, -111.84942627, 149.971786499, -110.138626099, -57.2058372498, 209.714050293, 60.782951355, -9.22792243958, 29.2942008972, 49.835193634, 40.435295105, 13.0501327515, 19.505273819], [-255.727340698, 131.435516357, 22.7597122192, -79.0868453979, -25.4307575226, 60.782951355, 178.557144165, 21.9416904449, -11.1967086792, 20.8345527649, -1.43061757088, 32.6642227173, 7.7596411705], [29.951166153, 80.783531189, -64.1968765259, 17.8710479736, 15.5463457108, -9.22792243958, 21.9416904449, 123.481651306, 15.4733943939, -10.6011323929, 34.7212371826, -5.16296291351, -3.97236585617], [111.770927429, -45.5078048706, -10.5829744339, -20.0213375092, -1.31570911407, 29.2942008972, -11.1967086792, 15.4733943939, 75.096572876, 50.105255127, 12.3629560471, -10.9389839172, 0.740879416466], [174.197982788, -19.653711319, -111.520843506, -111.90423584, -17.9293212891, 49.835193634, 20.8345527649, -10.6011323929, 50.105255127, 151.818557739, 6.50745820999, 13.9619054794, -28.1225376129], [136.369247437, -24.4228687286, 48.9641151428, -10.6542730331, -34.6143836975, 40.435295105, -1.43061757088, 34.7212371826, 12.3629560471, 6.50745820999, 120.285011292, -13.14914608, 8.46617412567], [24.7584342957, -2.04192090034, -20.0031528473, -40.6570053101, 11.5533008575, 13.0501327515, 32.6642227173, -5.16296291351, -10.9389839172, 13.9619054794, -13.14914608, 93.2686843872, -4.23967885971], [-121.755401611, -64.2781829834, 89.5655212402, 41.7060661316, -12.2638463974, 19.505273819, 7.7596411705, -3.97236585617, 0.740879416466, -28.1225376129, 8.46617412567, -4.23967885971, 67.0513687134]],
        "icov": [[0.000568556250073, 0.000162397569511, 0.000523165625054, -0.000240167690208, 0.000838099163957, -6.23932064627e-05, 0.000671311863698, 0.000108129228465, -0.000648071756586, 6.0424899857e-05, -0.000667352986056, -0.000606053508818, 0.000817252090201], [0.000162397569511, 0.00169966183603, 0.000245296047069, 0.00191757595167, -0.00204764935188, 0.00129983935039, -0.00120358588174, -0.00044698806596, 0.000338235782692, 0.000961571640801, -0.000662198581267, 0.00116811250336, 0.000321056955727], [0.000523165625054, 0.000245296047069, 0.00507994834334, -0.00232456088997, 0.00404159445316, -0.00365313258953, -0.000117461022455, 0.00292254495434, -0.00240196031518, 0.00423783389851, -0.00134056748357, -0.000960515521001, -0.000253498001257], [-0.000240167690208, 0.00191757595167, -0.00232456088997, 0.00786219257861, -0.00726608838886, 0.00456109177321, -0.000826330622658, -0.00208737282082, 0.00163933367003, 0.000942507234868, -0.000409396801842, 0.00335332378745, -0.00242597819306], [0.000838099163957, -0.00204764935188, 0.00404159445316, -0.00726608838886, 0.0149050531909, -0.00417722808197, 0.00271821883507, 0.00177081988659, -0.00382991298102, 0.00142917106859, 0.00113994826097, -0.00506840413436, 0.00258875545114], [-6.23932064627e-05, 0.00129983935039, -0.00365313258953, 0.00456109177321, -0.00417722808197, 0.0113213136792, -0.00266097532585, -0.00121506699361, -0.000408524385421, -0.00320038897917, -0.00200867257081, 0.00112035823986, -0.00165922357701], [0.000671311863698, -0.00120358588174, -0.000117461022455, -0.000826330622658, 0.00271821883507, -0.00266097532585, 0.00978630315512, -0.00255055446178, 0.00211693556048, -0.00251415674575, 0.00109767855611, -0.00337555748411, -0.000706225051545], [0.000108129228465, -0.00044698806596, 0.00292254495434, -0.00208737282082, 0.00177081988659, -0.00121506699361, -0.00255055446178, 0.0126024056226, -0.00551760941744, 0.00457320781425, -0.00418317550793, -0.00064027227927, 0.00134821468964], [-0.000648071756586, 0.000338235782692, -0.00240196031518, 0.00163933367003, -0.00382991298102, -0.000408524385421, 0.00211693556048, -0.00551760941744, 0.0228175260127, -0.00945704896003, 0.00146038911771, 0.00398097420111, -0.0039685270749], [6.0424899857e-05, 0.000961571640801, 0.00423783389851, 0.000942507234868, 0.00142917106859, -0.00320038897917, -0.00251415674575, 0.00457320781425, -0.00945704896003, 0.0162765923887, -0.00163767207414, -0.000882826687302, 0.00362091977149], [-0.000667352986056, -0.000662198581267, -0.00134056748357, -0.000409396801842, 0.00113994826097, -0.00200867257081, 0.00109767855611, -0.00418317550793, 0.00146038911771, -0.00163767207414, 0.0118488194421, 0.00123906822409, -0.00150405615568], [-0.000606053508818, 0.00116811250336, -0.000960515521001, 0.00335332378745, -0.00506840413436, 0.00112035823986, -0.00337555748411, -0.00064027227927, 0.00398097420111, -0.000882826687302, 0.00123906822409, 0.0144946547225, -0.00133787794039], [0.000817252090201, 0.000321056955727, -0.000253498001257, -0.00242597819306, 0.00258875545114, -0.00165922357701, -0.000706225051545, 0.00134821468964, -0.0039685270749, 0.00362091977149, -0.00150405615568, -0.00133787794039, 0.0213389080018]]
    }
}

}