{
"metadata": {
    "version": {
        "essentia": "2.0.1",
        "extractor": "archive-music 1.0 mod ismir14"
    },
    "audio_properties": {
        "analysis_sample_rate": 44100,
        "bitrate": 32,
        "channels": 2,
        "equal_loudness": 0,
        "length": 30.0408172607,
        "replay_gain": -12.2329673767,
        "downmix": "mix"
    },
    "tags": {
        "track": 6,
        "year": 0,
        "album": "Swing Classics (Jazz & Tzaz 70)",
        "artist": "Benny Carter",
        "comment": "",
        "genre": "Jazz",
        "title": "Babalu"
    }
},
"rhythm": {
    "bpm": 92.5154342651,
    "bpm_histogram_first_peak": 94,
    "bpm_histogram_first_peak_spread": 0.514285683632,
    "bpm_histogram_first_peak_weight": 0.377777785063,
    "bpm_histogram_second_peak": 89,
    "bpm_histogram_second_peak_spread": 0,
    "bpm_histogram_second_peak_weight": 0.20000000298
},
"tonal": {
    "tuning_frequency": {
        "dmean": 0.393916934729,
        "dmean2": 0.652736902237,
        "dvar": 4.30485105515,
        "dvar2": 6.74752283096,
        "max": 455.779724121,
        "mean": 438.407928467,
        "median": 440.254241943,
        "min": 432.191345215,
        "var": 11.188158989
    },
    "hpcp": {
        "dmean": [0.0929343700409, 0.178074017167, 0.0759499445558, 0.223860427737, 0.144493460655, 0.102111004293, 0.211830824614, 0.0749245360494, 0.182506591082, 0.0898101180792, 0.140006124973, 0.210589051247],
        "dmean2": [0.165099069476, 0.31287664175, 0.138445734978, 0.401536971331, 0.251624822617, 0.184811860323, 0.368280053139, 0.13625253737, 0.297344982624, 0.161935210228, 0.238093882799, 0.358417212963],
        "dvar": [0.0373214781284, 0.052921783179, 0.0285990834236, 0.0735876187682, 0.0563546419144, 0.017117889598, 0.0755279064178, 0.0165593661368, 0.039235394448, 0.0229418240488, 0.0344028733671, 0.0518981516361],
        "dvar2": [0.108568094671, 0.127726584673, 0.0817735344172, 0.155569240451, 0.117196157575, 0.0492111295462, 0.128362312913, 0.0467126518488, 0.0822382941842, 0.0657289624214, 0.0815815106034, 0.120867699385],
        "max": [1, 1, 1, 1, 1, 1, 1, 0.630887329578, 1, 1, 1, 1],
        "mean": [0.0816819742322, 0.245847389102, 0.0652666985989, 0.459627538919, 0.265128165483, 0.114803761244, 0.352202385664, 0.0671904534101, 0.422857493162, 0.0813408344984, 0.214072823524, 0.404137790203],
        "median": [0.0271331518888, 0.114659421146, 0.0270393323153, 0.315305173397, 0.0988908484578, 0.0807922631502, 0.17660240829, 0.0352675653994, 0.29975771904, 0.0407811105251, 0.150366216898, 0.326556295156],
        "min": [0.00120038492605, 0.00342883937992, 0.00131344469264, 0.00176347896922, 0.00112391705625, 0.00310407485813, 0.00364751834422, 0.00310458382592, 0.0114459460601, 0.00300426199101, 0.00256846379489, 0.00284595554695],
        "var": [0.0247604269534, 0.0753668248653, 0.0183365829289, 0.138550773263, 0.12379834801, 0.0144803859293, 0.139205187559, 0.010844164528, 0.113833844662, 0.0153820822015, 0.0472985245287, 0.113308705389]
    }
},
"lowlevel": {
    "melbands": {
        "dmean": [1.58573732278e-06, 9.47135777096e-06, 6.8495769483e-06, 1.5162409909e-05, 1.71805731952e-05, 2.84762627416e-05, 2.17853230424e-05, 6.30678114248e-05, 3.54166768375e-05, 2.55776212725e-05, 1.49028064698e-05, 1.19311498565e-05, 1.09433740363e-05, 9.48838442127e-06, 1.90037717402e-05, 1.37308752528e-05, 8.72443615663e-06, 5.59383261134e-06, 5.37957339475e-06, 6.56151678413e-06, 1.74717501977e-06, 2.31494414038e-06, 1.14846045562e-06, 1.00463785202e-06, 1.52211953264e-06, 4.44585936066e-07, 2.87465894644e-07, 3.21079198784e-07, 3.13640839522e-07, 3.31180871171e-07, 1.67180388644e-07, 8.48712318202e-08, 5.93764468704e-08, 2.54602596783e-08, 1.08838182911e-08, 9.32555099808e-09, 2.25732477155e-09, 3.87029019944e-10, 1.39063496829e-10, 7.33511307249e-11],
        "dmean2": [2.79111418422e-06, 1.68681035575e-05, 1.24465841509e-05, 2.73280274996e-05, 3.07849295496e-05, 4.90096244903e-05, 3.36033226631e-05, 0.000103429134469, 6.03841908742e-05, 4.38043753093e-05, 2.43922950176e-05, 1.91298422578e-05, 1.8331598767e-05, 1.73730895767e-05, 3.32332238031e-05, 2.28379831242e-05, 1.39566036523e-05, 9.74395425146e-06, 8.93152264325e-06, 1.09672737381e-05, 3.02227454085e-06, 4.00346380047e-06, 1.97691656467e-06, 1.7634025653e-06, 2.65444964498e-06, 7.79722824973e-07, 5.13875875185e-07, 5.57800376555e-07, 5.38112487902e-07, 6.08340087638e-07, 3.03878323393e-07, 1.56678623853e-07, 1.08291239087e-07, 4.62682443469e-08, 1.99975698223e-08, 1.61466555681e-08, 4.11384615262e-09, 6.98550828293e-10, 2.51551807162e-10, 1.31051072771e-10],
        "dvar": [2.60964752412e-12, 1.47831413777e-10, 4.01828847973e-11, 2.35067770804e-10, 3.69809960432e-10, 1.09223297073e-09, 7.12302106187e-10, 1.21811547515e-08, 3.36326544392e-09, 1.14237574955e-09, 4.42944764201e-10, 2.8785188122e-10, 2.54218951445e-10, 2.38026487409e-10, 8.22848900128e-10, 5.90652693422e-10, 2.24961271833e-10, 8.7768792234e-11, 6.66613361733e-11, 1.45793641049e-10, 4.40203862945e-12, 1.19144936972e-11, 1.89249137195e-12, 1.86058568726e-12, 4.77366713866e-12, 7.59439223747e-13, 2.11946603389e-13, 3.08158256941e-13, 1.87575866298e-13, 2.06669466154e-13, 6.89068282143e-14, 2.30563011988e-14, 1.36407397083e-14, 2.52003419116e-15, 3.59970023751e-16, 2.35351439587e-16, 1.13539315459e-17, 4.47686380933e-19, 4.80874954447e-20, 1.15399660296e-20],
        "dvar2": [6.6155206313e-12, 4.14410672445e-10, 1.134795799e-10, 7.31869065351e-10, 1.19683640776e-09, 3.56807761115e-09, 1.74060466041e-09, 2.98708719981e-08, 8.77353656392e-09, 3.32000915648e-09, 1.05539543771e-09, 7.20235759921e-10, 6.86009027362e-10, 7.09138303634e-10, 2.1244803694e-09, 1.00423280802e-09, 4.81171880118e-10, 2.71361599857e-10, 1.74637873607e-10, 3.94328181219e-10, 1.15911351697e-11, 3.26780894011e-11, 4.46756694139e-12, 5.56984579986e-12, 1.38876375677e-11, 2.01754606945e-12, 6.58672606475e-13, 8.53944952944e-13, 5.65993270047e-13, 5.89027578882e-13, 2.08781275146e-13, 6.82649805282e-14, 3.96893347181e-14, 7.59237135238e-15, 1.05326365881e-15, 6.41374777029e-16, 3.15273570815e-17, 1.26349977411e-18, 1.33087298877e-19, 3.0859989004e-20],
        "max": [8.17373165773e-06, 9.22309263842e-05, 4.71930870845e-05, 0.000110565270006, 0.000108847409138, 0.000158213471877, 0.000251383404247, 0.000726856291294, 0.000345253822161, 0.00020516270888, 0.000106104438601, 0.000116885821626, 9.58499294939e-05, 0.000103522543213, 0.000161519332323, 0.000145244048326, 0.00011890908354, 5.87971626373e-05, 5.39291941095e-05, 0.000110104563646, 1.13575879368e-05, 2.67987907137e-05, 1.00083580037e-05, 7.9969795479e-06, 1.20850936582e-05, 6.71549241815e-06, 2.52275458479e-06, 3.62485366168e-06, 2.14430610868e-06, 2.42824671659e-06, 1.51159076722e-06, 8.40838538352e-07, 6.32134515399e-07, 2.72084434982e-07, 8.41202378865e-08, 1.08034413415e-07, 1.76976602262e-08, 3.2373859149e-09, 1.08242870223e-09, 6.58881504911e-10],
        "mean": [2.40063377532e-06, 1.39451167342e-05, 9.23088191485e-06, 2.01684979402e-05, 2.56567036558e-05, 3.66725435015e-05, 3.37502569892e-05, 8.33683443489e-05, 4.56298221252e-05, 2.73420700978e-05, 1.77187012014e-05, 1.41912350955e-05, 1.23295440062e-05, 9.24857522477e-06, 1.89451620827e-05, 1.54748613568e-05, 1.11488534458e-05, 5.47464014744e-06, 4.72210422231e-06, 6.35985907138e-06, 1.86299962479e-06, 2.61351578956e-06, 1.29997863496e-06, 1.07376661163e-06, 1.47090293012e-06, 4.84421661895e-07, 2.58556610788e-07, 2.77706504903e-07, 2.90558233473e-07, 3.05547530388e-07, 1.45201482837e-07, 6.85696832647e-08, 4.46219097228e-08, 1.83690183064e-08, 8.27324520003e-09, 7.64275487342e-09, 2.11162132224e-09, 3.17183029841e-10, 1.21303592171e-10, 7.36110686295e-11],
        "median": [1.84083285149e-06, 1.13641654025e-05, 7.23410130377e-06, 1.61883162946e-05, 2.02527080546e-05, 2.47799434874e-05, 1.47313394336e-05, 2.30703972193e-05, 1.3373280126e-05, 1.0918868611e-05, 6.10323695582e-06, 3.88239641325e-06, 5.3302114793e-06, 4.69072620035e-06, 6.26819837635e-06, 4.05696664529e-06, 2.53781900028e-06, 1.8888614477e-06, 9.96320522972e-07, 1.87963928511e-06, 8.52172092891e-07, 1.20478193821e-06, 6.51698940146e-07, 5.54227426619e-07, 3.77789888262e-07, 1.98688695718e-07, 9.81137873168e-08, 5.3917911913e-08, 1.29634898371e-07, 1.1334139316e-07, 4.57304309975e-08, 1.79638082187e-08, 6.48373887913e-09, 1.96568228361e-09, 1.34610544933e-09, 1.30184574232e-09, 5.59753743357e-10, 8.01410188211e-11, 4.04827490974e-11, 3.16092534092e-11],
        "min": [2.69471485126e-07, 1.55692021053e-06, 4.79156369693e-07, 1.06521255816e-07, 6.62627073211e-08, 8.63703277787e-08, 9.3685791569e-08, 7.19120691883e-08, 1.83016393152e-08, 1.71200333909e-08, 1.14317071365e-08, 1.00953174709e-08, 9.94552085132e-09, 7.67083552233e-09, 7.21868076425e-09, 1.70208069861e-09, 2.40162356668e-09, 1.30759869599e-09, 1.53423174165e-09, 6.47150000255e-10, 4.19740603386e-10, 6.37494612654e-10, 5.17706877368e-10, 2.61509286448e-10, 2.11324138744e-10, 1.16252306392e-10, 1.23462878809e-10, 8.04549690758e-11, 6.82922260409e-11, 5.23773524552e-11, 4.15382485353e-11, 2.69638027184e-11, 2.63172244414e-11, 1.97254122758e-11, 1.75134785146e-11, 1.61190089054e-11, 1.09726776276e-11, 6.1550972652e-12, 4.78974282112e-12, 5.2425949866e-12],
        "var": [2.98530427809e-12, 1.2768312796e-10, 5.51682206862e-11, 2.97701835406e-10, 4.84956574898e-10, 1.35766509146e-09, 1.75998349228e-09, 1.84092954214e-08, 4.39373692984e-09, 1.30983479618e-09, 6.02999483679e-10, 4.10873224332e-10, 3.42315842339e-10, 1.7709862743e-10, 8.33333846373e-10, 8.54306958509e-10, 4.62934857115e-10, 8.99903485063e-11, 7.03025554438e-11, 1.77413972402e-10, 5.51172128771e-12, 1.72062485787e-11, 2.96245211522e-12, 1.95396867089e-12, 5.19476388988e-12, 8.94742450703e-13, 1.77225977492e-13, 3.3246425361e-13, 1.88925386294e-13, 2.09599143055e-13, 6.18223801687e-14, 1.76707234186e-14, 1.07166337436e-14, 1.93028983097e-15, 2.93343285623e-16, 2.47314297659e-16, 1.22596496489e-17, 3.67243790145e-19, 4.26238350207e-20, 1.21600526054e-20]
    },
    "mfcc": {
        "dmean": [57.0006637573, 18.5702037811, 23.1802120209, 9.04364395142, 12.1426353455, 8.8482542038, 7.23304414749, 6.43527650833, 5.32779026031, 5.28798627853, 4.57417106628, 5.5102186203, 4.53977775574],
        "dmean2": [94.6003875732, 31.1247444153, 38.9194831848, 14.5712652206, 21.1175022125, 14.7251176834, 11.6719055176, 10.5153961182, 8.91228103638, 8.83899974823, 7.16960191727, 9.40304279327, 7.35287570953],
        "dvar": [2476.49926758, 265.188110352, 526.918579102, 62.437084198, 117.42035675, 58.112613678, 35.9099998474, 21.5765171051, 21.2793579102, 20.1621990204, 13.7478618622, 22.2208118439, 11.8935499191],
        "dvar2": [6655.61474609, 737.093811035, 1284.39147949, 182.648681641, 321.801177979, 148.850234985, 108.295005798, 66.12915802, 55.6298332214, 50.9662437439, 29.0082740784, 56.0027580261, 29.205739975],
        "max": [-687.964477539, 207.425292969, 60.5399513245, 56.350315094, 20.6962432861, 37.6168136597, 12.1208381653, 5.73620605469, 16.7013130188, 12.248003006, 20.6304512024, 23.3675365448, 7.01908111572],
        "mean": [-817.847961426, 165.069503784, -40.7466392517, 12.6586408615, -14.9576396942, -3.72017431259, -9.00567054749, -9.89042472839, -2.28431940079, -6.35885000229, 1.45656526089, 4.2577996254, -5.42702388763],
        "median": [-798.10925293, 171.369995117, -51.6237754822, 10.1106529236, -12.8377418518, -5.29458618164, -9.95166015625, -11.1374206543, -2.10777282715, -6.79154205322, 1.42763137817, 3.42549133301, -5.66999053955],
        "min": [-1050.04650879, 87.276184082, -94.4737014771, -19.0316581726, -45.4096374512, -26.4867362976, -41.4835777283, -25.3184280396, -18.0657043457, -25.2845916748, -12.3740520477, -17.0980377197, -15.1908798218],
        "var": [6299.12353516, 676.661621094, 1323.33959961, 257.231994629, 271.833435059, 147.739578247, 90.2819900513, 47.0737457275, 44.0165328979, 56.1661605835, 38.6362190247, 78.0844192505, 25.7005004883],
        "cov": [[6338.00683594, 181.903579712, -2799.01049805, 238.431854248, -1030.76489258, 25.2384986877, -459.665649414, -65.4778442383, -48.4026222229, -124.4608078, 82.3435440063, 173.941741943, -126.627227783], [181.903579712, 680.838562012, -53.4077224731, -287.298553467, -53.1981620789, -251.1796875, 54.773273468, -87.9244384766, 55.1882896423, -105.83240509, 3.72198677063, 85.5568237305, -16.9386787415], [-2799.01049805, -53.4077224731, 1331.50842285, -104.54384613, 442.074279785, 5.63879013062, 195.398208618, 44.7998504639, 11.992354393, 65.2675933838, -43.9499206543, -74.1218643188, 56.9536781311], [238.431854248, -287.298553467, -104.54384613, 258.819854736, 38.2972221375, 109.405914307, -41.407951355, 7.68384790421, -42.3707046509, 14.0130596161, -11.3408079147, -61.9943199158, -9.80045986176], [-1030.76489258, -53.1981620789, 442.074279785, 38.2972221375, 273.511413574, 26.485212326, 68.7736129761, -1.37310099602, -30.1623287201, 18.5693187714, -28.122926712, -69.1649856567, 10.9613189697], [25.2384986877, -251.1796875, 5.63879013062, 109.405914307, 26.485212326, 148.651550293, -8.29679393768, 47.7554321289, -31.1624584198, 38.0781898499, -10.2423849106, -52.3798217773, 2.45081329346], [-459.665649414, 54.773273468, 195.398208618, -41.407951355, 68.7736129761, -8.29679393768, 90.8392868042, 12.3449163437, 11.5843057632, -14.1146221161, -19.054901123, -13.571639061, 5.02149057388], [-65.4778442383, -87.9244384766, 44.7998504639, 7.68384790421, -1.37310099602, 47.7554321289, 12.3449163437, 47.3643226624, 0.604351818562, 23.8149757385, -1.74189698696, -7.73613739014, 9.60146713257], [-48.4026222229, 55.1882896423, 11.992354393, -42.3707046509, -30.1623287201, -31.1624584198, 11.5843057632, 0.604351818562, 44.2882385254, -6.04766702652, 13.7871618271, 24.7006282806, 3.84987163544], [-124.4608078, -105.83240509, 65.2675933838, 14.0130596161, 18.5693187714, 38.0781898499, -14.1146221161, 23.8149757385, -6.04766702652, 56.5128631592, 14.2735328674, -9.70557594299, 9.54904842377], [82.3435440063, 3.72198677063, -43.9499206543, -11.3408079147, -28.122926712, -10.2423849106, -19.054901123, -1.74189698696, 13.7871618271, 14.2735328674, 38.8747138977, 26.964220047, 2.0569396019], [173.941741943, 85.5568237305, -74.1218643188, -61.9943199158, -69.1649856567, -52.3798217773, -13.571639061, -7.73613739014, 24.7006282806, -9.70557594299, 26.964220047, 78.5664215088, 3.48460412025], [-126.627227783, -16.9386787415, 56.9536781311, -9.80045986176, 10.9613189697, 2.45081329346, 5.02149057388, 9.60146713257, 3.84987163544, 9.54904842377, 2.0569396019, 3.48460412025, 25.8591461182]],
        "icov": [[0.19586609304, -0.278550624847, 0.268935412169, -0.252266913652, 0.260757625103, -0.246730923653, 0.234502151608, -0.217576518655, 0.188860163093, -0.15639552474, 0.142542719841, -0.122285075486, 0.0716075226665], [-0.278550624847, 0.404362678528, -0.381287574768, 0.365257352591, -0.372347354889, 0.358003407717, -0.335861682892, 0.312313616276, -0.268036156893, 0.229255393147, -0.204580008984, 0.175707101822, -0.0999320298433], [0.268935412169, -0.381287574768, 0.372247457504, -0.344517797232, 0.353699475527, -0.337528914213, 0.31949993968, -0.298967510462, 0.256970107555, -0.216894805431, 0.197563812137, -0.168427169323, 0.0965798646212], [-0.252266913652, 0.365257352591, -0.344517797232, 0.337875813246, -0.339533239603, 0.317943185568, -0.300605505705, 0.284185439348, -0.242862999439, 0.209009721875, -0.185793668032, 0.161406248808, -0.0905562713742], [0.260757625103, -0.372347354889, 0.353699475527, -0.339533239603, 0.36096855998, -0.329087853432, 0.308382183313, -0.284069508314, 0.258919090033, -0.210105448961, 0.186975896358, -0.158099278808, 0.094530582428], [-0.246730923653, 0.358003407717, -0.337528914213, 0.317943185568, -0.329087853432, 0.337770789862, -0.297422260046, 0.258766919374, -0.231199398637, 0.199341014028, -0.182995185256, 0.162403434515, -0.0871565043926], [0.234502151608, -0.335861682892, 0.31949993968, -0.300605505705, 0.308382183313, -0.297422260046, 0.307131290436, -0.273077577353, 0.219323441386, -0.176358699799, 0.174434244633, -0.144354686141, 0.0879682824016], [-0.217576518655, 0.312313616276, -0.298967510462, 0.284185439348, -0.284069508314, 0.258766919374, -0.273077577353, 0.295117467642, -0.214893966913, 0.159260869026, -0.150490507483, 0.130896180868, -0.0878315195441], [0.188860163093, -0.268036156893, 0.256970107555, -0.242862999439, 0.258919090033, -0.231199398637, 0.219323441386, -0.214893966913, 0.22219979763, -0.145136237144, 0.122039563954, -0.117574304342, 0.0672389268875], [-0.15639552474, 0.229255393147, -0.216894805431, 0.209009721875, -0.210105448961, 0.199341014028, -0.176358699799, 0.159260869026, -0.145136237144, 0.171723693609, -0.135749578476, 0.106088981032, -0.0587746053934], [0.142542719841, -0.204580008984, 0.197563812137, -0.185793668032, 0.186975896358, -0.182995185256, 0.174434244633, -0.150490507483, 0.122039563954, -0.135749578476, 0.155639767647, -0.105980418622, 0.0524078086019], [-0.122285075486, 0.175707101822, -0.168427169323, 0.161406248808, -0.158099278808, 0.162403434515, -0.144354686141, 0.130896180868, -0.117574304342, 0.106088981032, -0.105980418622, 0.106202498078, -0.0480842031538], [0.0716075226665, -0.0999320298433, 0.0965798646212, -0.0905562713742, 0.094530582428, -0.0871565043926, 0.0879682824016, -0.0878315195441, 0.0672389268875, -0.0587746053934, 0.0524078086019, -0.0480842031538, 0.074550524354]]
    }
}

}