{
"metadata": {
    "version": {
        "essentia": "2.0.1",
        "extractor": "archive-music 1.0 mod ismir14"
    },
    "audio_properties": {
        "analysis_sample_rate": 44100,
        "bitrate": 128,
        "channels": 2,
        "equal_loudness": 0,
        "length": 30.0669155121,
        "replay_gain": -14.8216972351,
        "downmix": "mix"
    },
    "tags": {
        "track": 0,
        "year": 0,
        "album": "",
        "artist": "",
        "comment": "",
        "genre": "",
        "title": ""
    }
},
"rhythm": {
    "bpm": 109.27457428,
    "bpm_histogram_first_peak": 110,
    "bpm_histogram_first_peak_spread": 0.490566015244,
    "bpm_histogram_first_peak_weight": 0.509433984756,
    "bpm_histogram_second_peak": 0,
    "bpm_histogram_second_peak_spread": 0,
    "bpm_histogram_second_peak_weight": 0
},
"tonal": {
    "tuning_frequency": {
        "dmean": 0.0439325012267,
        "dmean2": 0.061570558697,
        "dvar": 0.122549913824,
        "dvar2": 0.118454970419,
        "max": 452.37008667,
        "mean": 442.07333374,
        "median": 441.527557373,
        "min": 440.508575439,
        "var": 1.13131356239
    },
    "hpcp": {
        "dmean": [0.134002044797, 0.0769839137793, 0.0679645016789, 0.129753246903, 0.0753003656864, 0.111577555537, 0.0557820312679, 0.082943931222, 0.109904229641, 0.0487053915858, 0.120961815119, 0.0788826793432],
        "dmean2": [0.241050064564, 0.141059100628, 0.121021322906, 0.220933586359, 0.137571111321, 0.194869965315, 0.105893917382, 0.143528521061, 0.181785166264, 0.0896589905024, 0.203835293651, 0.146168887615],
        "dvar": [0.0708654224873, 0.0426414161921, 0.0323409810662, 0.056437779218, 0.0391106083989, 0.046697344631, 0.0261319186538, 0.0317227505147, 0.044500336051, 0.0227222759277, 0.0521663315594, 0.0417683832347],
        "dvar2": [0.186070457101, 0.106244981289, 0.0858678966761, 0.120206944644, 0.102452248335, 0.120085455477, 0.0756201595068, 0.0795328691602, 0.109450466931, 0.0635483190417, 0.130819812417, 0.112218432128],
        "max": [1, 1, 1, 1, 1, 1, 1, 1, 1, 1, 1, 1],
        "mean": [0.170363619924, 0.210417687893, 0.0502787344158, 0.413541674614, 0.0524774342775, 0.217355191708, 0.0337697193027, 0.100142501295, 0.206625193357, 0.032884132117, 0.216950520873, 0.0523481853306],
        "median": [0.0225277263671, 0.00468126125634, 0.00356621202081, 0.16024337709, 0.00267793983221, 0.036136649549, 0.00244572898373, 0.0113835670054, 0.0594173185527, 0.0023261772003, 0.0525687970221, 0.00235644145869],
        "min": [0, 1.06420648081e-05, 3.94124162995e-06, 0, 3.12216411658e-06, 9.59233148023e-07, 8.48489605687e-07, 0, 1.82082135325e-06, 0, 6.10163806414e-06, 1.82122414571e-06],
        "var": [0.0966358557343, 0.145581454039, 0.0241974294186, 0.189353600144, 0.0293378718197, 0.119151122868, 0.0150657016784, 0.0496420562267, 0.100246831775, 0.0142204035074, 0.106743849814, 0.0282742772251]
    }
},
"lowlevel": {
    "melbands": {
        "dmean": [0.000504855473991, 0.00086445803754, 0.000624482345302, 0.00039562326856, 0.000164763448993, 0.000151116677443, 8.69725845405e-05, 0.000121963763377, 0.000168327896972, 0.000113030873763, 2.71214958047e-05, 3.26465997205e-05, 1.97846075025e-05, 2.19287048822e-05, 2.13832172449e-05, 2.07791999856e-05, 1.94081803784e-05, 1.66821628227e-05, 9.46867112361e-06, 1.51001968334e-05, 6.85910799803e-06, 4.89085550726e-06, 5.05923571836e-06, 3.3461028579e-06, 1.97341978492e-06, 1.39834344282e-06, 8.55806320033e-07, 6.04405386184e-07, 6.51866002954e-07, 4.83930023165e-07, 4.14845771957e-07, 4.03525547199e-07, 3.66757916481e-07, 2.56805407162e-07, 2.09236333149e-07, 1.51041518848e-07, 8.44737968464e-08, 2.83136092349e-08, 6.91465329439e-09, 6.91377011197e-10],
        "dmean2": [0.000865984358825, 0.00140777463093, 0.000952611735556, 0.000651569745969, 0.000266045768512, 0.000225792071433, 0.000138716728543, 0.000186114441021, 0.000261023349594, 0.000179651411599, 4.11453256675e-05, 5.49584874534e-05, 2.99429048027e-05, 3.51171293005e-05, 3.39757425536e-05, 3.29953945766e-05, 3.2114712667e-05, 2.61224759015e-05, 1.47659193317e-05, 2.29502074944e-05, 1.08354397526e-05, 7.63954176364e-06, 8.08954064269e-06, 5.32435478817e-06, 3.16892874253e-06, 2.23694451051e-06, 1.33318940243e-06, 9.08086292384e-07, 9.73736746346e-07, 7.25136317214e-07, 6.29119028872e-07, 5.78504909754e-07, 5.26350220298e-07, 3.69606283357e-07, 2.86639476599e-07, 2.08589383988e-07, 1.16954616658e-07, 3.9513437855e-08, 9.7109067454e-09, 1.03943753604e-09],
        "dvar": [1.82513463187e-06, 1.46992852024e-06, 5.60817909445e-07, 5.25174414179e-07, 4.59154172461e-08, 7.14728685125e-08, 2.11553548013e-08, 6.20925817429e-08, 9.89656356865e-08, 7.58597593631e-08, 4.31407354284e-09, 1.01414627807e-08, 2.81917755807e-09, 3.07509306907e-09, 3.70278563366e-09, 2.39765052257e-09, 1.6325226726e-09, 1.70109071274e-09, 4.42133996081e-10, 2.24576623964e-09, 1.88712517835e-10, 7.22095230832e-11, 1.22006071912e-10, 4.24433994894e-11, 1.10273829998e-11, 8.98145099959e-12, 2.64311402626e-12, 1.25950573755e-12, 1.37552263416e-12, 8.66609518521e-13, 7.31417910179e-13, 6.79281284e-13, 6.15775280158e-13, 4.08329836957e-13, 4.22218900467e-13, 3.28547573262e-13, 1.49404739882e-13, 1.12132305259e-14, 6.77544142668e-16, 1.60290281551e-17],
        "dvar2": [4.94125333717e-06, 3.70054863197e-06, 1.40942131566e-06, 1.4808205151e-06, 1.25376800497e-07, 1.5125620223e-07, 4.99751919847e-08, 1.34001624019e-07, 2.11938868233e-07, 1.75252225176e-07, 7.38734318162e-09, 2.38531026042e-08, 6.37230090916e-09, 7.52750750621e-09, 8.64729621242e-09, 5.52086110162e-09, 4.12362322066e-09, 3.44293638044e-09, 9.57289580938e-10, 5.3864637195e-09, 4.63191929256e-10, 1.9503090809e-10, 2.91691643062e-10, 1.04433836579e-10, 2.5737032297e-11, 2.3353114581e-11, 6.44400635283e-12, 2.92252333445e-12, 3.00402432964e-12, 1.91371874944e-12, 1.64169556855e-12, 1.37911069283e-12, 1.15963185235e-12, 7.49076419383e-13, 7.6481036131e-13, 6.01206259256e-13, 2.84655355927e-13, 1.82996081125e-14, 1.27673858475e-15, 3.90757176607e-17],
        "max": [0.00983842276037, 0.00926509033889, 0.00850945245475, 0.00573840737343, 0.00165770074818, 0.00245673093013, 0.00142676988617, 0.00258247717284, 0.0036508848425, 0.0041583776474, 0.0011627896456, 0.00155904702842, 0.000861966749653, 0.000505882664584, 0.00064656190807, 0.000501037866343, 0.000390949193388, 0.000615944038145, 0.000222656948608, 0.0010969475843, 0.000247532356298, 9.62977355812e-05, 0.000173274544068, 9.06249406398e-05, 3.21729385178e-05, 4.0367951442e-05, 2.0624283934e-05, 9.93453340925e-06, 1.10096625576e-05, 8.05260606285e-06, 7.58158557801e-06, 7.489620657e-06, 1.0927895346e-05, 9.51791935222e-06, 1.50137466335e-05, 1.37581264426e-05, 9.22463823372e-06, 2.46893728217e-06, 6.00469604706e-07, 8.70646132967e-08],
        "mean": [0.000643968465738, 0.00264031346887, 0.00191226706374, 0.000721382908523, 0.000301966734696, 0.000264954782324, 0.000140932708746, 0.000174485932803, 0.00023872606107, 0.000177740701474, 3.7601304939e-05, 3.88551270589e-05, 2.62238536379e-05, 2.59775370068e-05, 2.52627869486e-05, 2.75372658507e-05, 2.46278632403e-05, 2.35486040765e-05, 1.3045398191e-05, 2.69316587946e-05, 1.12950701805e-05, 7.80544905865e-06, 1.05258086478e-05, 6.27064946457e-06, 3.05771277453e-06, 1.93703726836e-06, 1.07881669464e-06, 7.31003353849e-07, 8.15767180029e-07, 5.78990523081e-07, 4.77122512166e-07, 4.76179621955e-07, 4.34259362692e-07, 3.18047227665e-07, 2.47983763302e-07, 1.66432215565e-07, 9.09946251682e-08, 3.10072287846e-08, 7.31068450222e-09, 6.27801699515e-10],
        "median": [0.00035738729639, 0.00237578595988, 0.00177766929846, 0.000503742950968, 0.000215030857362, 9.55806390266e-05, 6.51575610391e-05, 5.74054320168e-05, 5.9800058807e-05, 3.74073169951e-05, 1.10226901597e-05, 1.06182660602e-05, 7.15225269232e-06, 5.72798762732e-06, 6.25756001682e-06, 5.77202035856e-06, 4.92693698106e-06, 5.44777822142e-06, 3.53019572685e-06, 3.22972641698e-06, 3.40332144333e-06, 3.20111234942e-06, 2.35258607972e-06, 1.52710060775e-06, 1.04508524146e-06, 7.15176270205e-07, 3.94334563225e-07, 2.44757927703e-07, 2.46101336643e-07, 1.27894196567e-07, 1.02041376238e-07, 1.0211773116e-07, 9.67178053202e-08, 7.44845891631e-08, 5.15845250959e-08, 3.73486415128e-08, 2.04253787217e-08, 6.40287556308e-09, 1.50665546705e-09, 1.01952946086e-10],
        "min": [2.35693908834e-10, 1.12183178302e-08, 8.3391347161e-09, 5.97521854218e-09, 2.41316810978e-09, 7.40163430546e-10, 4.56955695505e-10, 1.40708977803e-09, 1.87087056958e-09, 1.42569367423e-09, 9.1417756698e-10, 7.85593534669e-10, 5.08920017239e-10, 2.80695494626e-10, 3.79771269987e-10, 2.58294108324e-10, 1.99491007047e-10, 1.20462390063e-10, 1.02479455477e-10, 6.28078145049e-11, 4.40538126811e-11, 2.91659300877e-11, 1.9564688411e-11, 2.29823278464e-11, 1.24818237343e-11, 4.82857937661e-12, 1.99745480572e-11, 2.33409801903e-11, 7.82554630905e-13, 1.91549380524e-11, 1.53581349027e-11, 1.00102825334e-11, 7.19725624584e-12, 8.18792950108e-12, 6.29473209668e-12, 4.45291850268e-12, 1.47187730754e-12, 1.11160633107e-13, 9.57264459757e-14, 1.95595628453e-14],
        "var": [1.38079940371e-06, 3.62987884728e-06, 1.51690096573e-06, 5.27903694092e-07, 8.35571398738e-08, 1.66276322489e-07, 3.91720362813e-08, 1.12871170188e-07, 2.0239691878e-07, 1.9614088842e-07, 8.591191758e-09, 1.17418235135e-08, 4.88179985325e-09, 3.64536045794e-09, 4.39152714193e-09, 3.9922407602e-09, 2.9015641001e-09, 3.29252647369e-09, 7.25576321248e-10, 1.00358361621e-08, 5.09630171397e-10, 1.32977143186e-10, 5.59477242312e-10, 1.71880787381e-10, 2.23523543424e-11, 1.06220292978e-11, 3.05360467814e-12, 1.57859998944e-12, 2.03016639957e-12, 1.21037826029e-12, 9.02129499575e-13, 9.46980124525e-13, 9.17270166073e-13, 6.14093303118e-13, 5.93984334375e-13, 4.33449798406e-13, 1.8283836359e-13, 1.68327909933e-14, 8.75867484026e-16, 1.38810981846e-17]
    },
    "mfcc": {
        "dmean": [30.7895908356, 14.8466930389, 11.6455478668, 9.52117347717, 9.39661502838, 8.00771045685, 7.13195037842, 6.43817520142, 6.0410451889, 6.39993476868, 5.77494001389, 5.54964065552, 5.22721862793],
        "dmean2": [39.5965995789, 19.068195343, 15.6462488174, 13.9619922638, 13.0719385147, 11.8367090225, 10.5504932404, 9.88140296936, 9.4552936554, 9.65962600708, 9.0401134491, 8.71464443207, 8.09084129333],
        "dvar": [1461.77966309, 258.461700439, 148.335449219, 78.1240463257, 78.1539230347, 52.473613739, 36.3950805664, 30.2211303711, 27.9481372833, 32.1621894836, 25.5562152863, 22.4986190796, 18.4500923157],
        "dvar2": [2400.59765625, 407.359191895, 248.045181274, 160.362976074, 143.202713013, 106.450965881, 78.5373687744, 63.3363304138, 64.7407684326, 70.5503005981, 57.7565879822, 50.0006141663, 42.9956893921],
        "max": [-591.359863281, 247.828674316, 111.640136719, 96.6903533936, 57.0001106262, 54.976978302, 23.8947029114, 53.4850006104, 21.2597618103, 44.8981056213, 29.4717826843, 28.2402000427, 18.8674468994],
        "mean": [-723.466430664, 182.521453857, -4.87301063538, 43.6054077148, 7.46906995773, 15.7929706573, -12.4526596069, 12.0003118515, -6.42963933945, 7.05394029617, -2.11186885834, 2.06786966324, -8.11126708984],
        "median": [-712.431762695, 185.125610352, -6.94522094727, 42.3453330994, 7.14651489258, 16.8500785828, -12.1899528503, 12.4411716461, -6.45681762695, 5.96395683289, -3.4235534668, 1.72896194458, -7.77443695068],
        "min": [-1123.19335938, 20.6262016296, -98.7559127808, -40.8146743774, -37.7249183655, -31.7389793396, -58.26978302, -27.7668609619, -41.5326080322, -27.857421875, -26.2552814484, -22.7687988281, -29.639787674],
        "var": [5020.40917969, 976.454162598, 1046.6817627, 487.973083496, 307.756103516, 213.515960693, 204.946792603, 128.432769775, 83.9774169922, 137.06463623, 93.3291625977, 68.3323745728, 62.8006744385],
        "cov": [[5028.15673828, -807.405700684, -1093.01818848, 223.684432983, -582.711425781, 186.076812744, -447.923370361, 232.085800171, -206.363113403, 202.765258789, -127.067443848, 117.178565979, -142.65284729], [-807.405700684, 977.96105957, -198.599319458, -345.2996521, 137.546829224, -196.561508179, 169.450820923, -117.72833252, 37.4308280945, -40.4237136841, 108.68409729, -52.8023796082, 44.8542709351], [-1093.01818848, -198.599319458, 1048.29699707, 226.8125, -22.9678993225, 202.490722656, 115.188682556, 41.6444740295, 7.6238822937, -69.6888656616, -50.9829750061, 1.27581858635, 12.7395277023], [223.684432983, -345.2996521, 226.8125, 488.726135254, 59.8572845459, 57.3681030273, -134.728591919, 61.3261413574, 20.1571807861, -45.7160987854, -78.309928894, 16.7442512512, 2.11728572845], [-582.711425781, 137.546829224, -22.9678993225, 59.8572845459, 308.231048584, -76.1266784668, -7.68208503723, -20.1515769958, 36.9993400574, -7.93677139282, 18.5870399475, -2.62414050102, 14.9798536301], [186.076812744, -196.561508179, 202.490722656, 57.3681030273, -76.1266784668, 213.845458984, 35.8002853394, 31.5355205536, -16.4934272766, 19.7733268738, -10.9456768036, 11.6593828201, -17.0820064545], [-447.923370361, 169.450820923, 115.188682556, -134.728591919, -7.68208503723, 35.8002853394, 205.263061523, -4.14446544647, -13.3399448395, 9.86623382568, 42.8132019043, -4.39630413055, 5.95869493484], [232.085800171, -117.72833252, 41.6444740295, 61.3261413574, -20.1515769958, 31.5355205536, -4.14446544647, 128.630966187, -14.4981384277, 11.9635562897, -2.69657802582, 29.9089870453, -11.9851150513], [-206.363113403, 37.4308280945, 7.6238822937, 20.1571807861, 36.9993400574, -16.4934272766, -13.3399448395, -14.4981384277, 84.1070098877, 3.199436903, -4.19344615936, -10.9360570908, 5.52941608429], [202.765258789, -40.4237136841, -69.6888656616, -45.7160987854, -7.93677139282, 19.7733268738, 9.86623382568, 11.9635562897, 3.199436903, 137.276168823, 44.2894592285, -1.8551967144, -30.1786899567], [-127.067443848, 108.68409729, -50.9829750061, -78.309928894, 18.5870399475, -10.9456768036, 42.8132019043, -2.69657802582, -4.19344615936, 44.2894592285, 93.4731903076, 9.14564037323, -6.8299703598], [117.178565979, -52.8023796082, 1.27581858635, 16.7442512512, -2.62414050102, 11.6593828201, -4.39630413055, 29.9089870453, -10.9360570908, -1.8551967144, 9.14564037323, 68.437828064, 14.9806241989], [-142.65284729, 44.8542709351, 12.7395277023, 2.11728572845, 14.9798536301, -17.0820064545, 5.95869493484, -11.9851150513, 5.52941608429, -30.1786899567, -6.8299703598, 14.9806241989, 62.8975868225]],
        "icov": [[0.00146165676415, -0.00068409711821, 0.00186694774311, -0.00120641628746, 0.0023342880886, -0.00191199232358, 0.00195429753512, -0.00126070796978, 0.00254349177703, -0.00200420571491, 0.00254193344153, -0.00200132210739, 0.00153226521797], [-0.00068409711821, 0.0028298527468, -0.000747969781514, 0.00152363395318, -0.00172510650009, 0.00229906570166, -0.00233228155412, 0.00121795129962, -0.00202271342278, 0.00236450927332, -0.00319456122816, 0.00236952886917, -0.00158004462719], [0.00186694774311, -0.000747969781514, 0.00395542941988, -0.00234771915711, 0.00297595211305, -0.00348909851164, 0.00108583003748, -0.00161729368847, 0.00285248714499, -0.00181898137089, 0.00338854268193, -0.00221746275201, 0.00175074103754], [-0.00120641628746, 0.00152363395318, -0.00234771915711, 0.00528106978163, -0.00326937576756, 0.00125088985078, 0.000633238232695, -0.000170689439983, -0.00274501461536, 0.00258863065392, -0.00142600643449, 0.00194962206297, -0.0016349714715], [0.0023342880886, -0.00172510650009, 0.00297595211305, -0.00326937576756, 0.00800909008831, -0.00183955288958, 0.00283123739064, -0.00160577159841, 0.00296691479161, -0.00352362077683, 0.00324039324187, -0.00364104029723, 0.0023180602584], [-0.00191199232358, 0.00229906570166, -0.00348909851164, 0.00125088985078, -0.00183955288958, 0.010475140065, -0.00461082020774, 0.00191759015433, -0.00314786308445, 0.00174204038922, -0.00360899697989, 0.00206179218367, -0.000996562419459], [0.00195429753512, -0.00233228155412, 0.00108583003748, 0.000633238232695, 0.00283123739064, -0.00461082020774, 0.0116863688454, -0.00288197840564, 0.00463412608951, -0.00308288540691, 0.0019255875377, -0.00226496718824, 0.00113352749031], [-0.00126070796978, 0.00121795129962, -0.00161729368847, -0.000170689439983, -0.00160577159841, 0.00191759015433, -0.00288197840564, 0.0112968161702, -0.00140921911225, 0.00113042979501, -0.00225719437003, -0.00243801856413, 0.000936149735935], [0.00254349177703, -0.00202271342278, 0.00285248714499, -0.00274501461536, 0.00296691479161, -0.00314786308445, 0.00463412608951, -0.00140921911225, 0.0181264858693, -0.00535392388701, 0.00559400673956, -0.00203306227922, 0.00138602638617], [-0.00200420571491, 0.00236450927332, -0.00181898137089, 0.00258863065392, -0.00352362077683, 0.00174204038922, -0.00308288540691, 0.00113042979501, -0.00535392388701, 0.0138921299949, -0.00908817630261, 0.00403663422912, 0.00105718476698], [0.00254193344153, -0.00319456122816, 0.00338854268193, -0.00142600643449, 0.00324039324187, -0.00360899697989, 0.0019255875377, -0.00225719437003, 0.00559400673956, -0.00908817630261, 0.0221743769944, -0.00798217765987, 0.00449724448845], [-0.00200132210739, 0.00236952886917, -0.00221746275201, 0.00194962206297, -0.00364104029723, 0.00206179218367, -0.00226496718824, -0.00243801856413, -0.00203306227922, 0.00403663422912, -0.00798217765987, 0.0226401537657, -0.00881175044924], [0.00153226521797, -0.00158004462719, 0.00175074103754, -0.0016349714715, 0.0023180602584, -0.000996562419459, 0.00113352749031, 0.000936149735935, 0.00138602638617, 0.00105718476698, 0.00449724448845, -0.00881175044924, 0.0224220361561]]
    }
}

}