{
"metadata": {
    "version": {
        "essentia": "2.0.1",
        "extractor": "archive-music 1.0 mod ismir14"
    },
    "audio_properties": {
        "analysis_sample_rate": 44100,
        "bitrate": 32,
        "channels": 2,
        "equal_loudness": 0,
        "length": 30.0408172607,
        "replay_gain": -10.0199260712,
        "downmix": "mix"
    },
    "tags": {
        "track": 0,
        "year": 0,
        "album": "",
        "artist": "",
        "comment": "",
        "genre": "",
        "title": ""
    }
},
"rhythm": {
    "bpm": 172.265594482,
    "bpm_histogram_first_peak": 172,
    "bpm_histogram_first_peak_spread": 0,
    "bpm_histogram_first_peak_weight": 0.529411792755,
    "bpm_histogram_second_peak": 178,
    "bpm_histogram_second_peak_spread": 0,
    "bpm_histogram_second_peak_weight": 0.282352954149
},
"tonal": {
    "tuning_frequency": {
        "dmean": 0.02794826217,
        "dmean2": 0.0468592680991,
        "dvar": 0.0531389936805,
        "dvar2": 0.0921349972486,
        "max": 436.708374023,
        "mean": 434.257385254,
        "median": 434.193115234,
        "min": 433.942382812,
        "var": 0.158012881875
    },
    "hpcp": {
        "dmean": [0.121273830533, 0.202216342092, 0.186933815479, 0.27841052413, 0.0480592027307, 0.148455440998, 0.159141898155, 0.280275911093, 0.0939318910241, 0.105770394206, 0.261291921139, 0.0857475548983],
        "dmean2": [0.215696841478, 0.375837206841, 0.322198092937, 0.489049553871, 0.0882813706994, 0.263420462608, 0.281736940145, 0.496615856886, 0.168851926923, 0.184173837304, 0.474989384413, 0.15448269248],
        "dvar": [0.0466477200389, 0.0730948150158, 0.056184887886, 0.110277667642, 0.0150334397331, 0.0751627534628, 0.0838248431683, 0.118765763938, 0.0410899445415, 0.04244145751, 0.0954327210784, 0.0227459855378],
        "dvar2": [0.120080046356, 0.155811429024, 0.147792294621, 0.2518209517, 0.0437478870153, 0.169824928045, 0.187363803387, 0.313325583935, 0.116085328162, 0.112331867218, 0.192615732551, 0.0662806257606],
        "max": [1, 1, 1, 1, 0.791645228863, 1, 1, 1, 1, 1, 1, 1],
        "mean": [0.100787885487, 0.239034622908, 0.170955613256, 0.396270245314, 0.0364091061056, 0.150365591049, 0.182688981295, 0.234798684716, 0.0678132027388, 0.0822583734989, 0.383281469345, 0.0693262070417],
        "median": [0.0293217804283, 0.105135627091, 0.0735398828983, 0.17600877583, 0.00644619064406, 0.0298608988523, 0.0114610791206, 0.0473999418318, 0.0119711216539, 0.0176878608763, 0.191363722086, 0.0228195972741],
        "min": [0.000832946505398, 0.00300277164206, 0.00101468572393, 0.000133383655339, 8.18462503958e-05, 0.000684776459821, 7.92096107034e-05, 0.000271196011454, 0.000323305954225, 0.000115132548672, 0.000219689129153, 0.000404825172154],
        "var": [0.0391545630991, 0.102449432015, 0.0580365583301, 0.170862227678, 0.0100436564535, 0.085372209549, 0.11497823894, 0.119503118098, 0.029597632587, 0.0336190760136, 0.153652697802, 0.0168082658201]
    }
},
"lowlevel": {
    "melbands": {
        "dmean": [3.16557020597e-07, 1.42193803185e-05, 1.81284976861e-05, 0.000199604619411, 0.000155929519678, 8.03784641903e-05, 3.83738151868e-05, 3.30127331836e-05, 2.10189537029e-05, 1.565936509e-05, 1.39260919241e-05, 9.00773284229e-06, 1.38327604873e-05, 5.23177641298e-06, 4.45537216365e-06, 3.20923345498e-06, 7.03691830495e-06, 2.825570391e-06, 3.79146331397e-06, 8.65998288191e-07, 1.11752297016e-06, 9.65379854279e-07, 6.93257845796e-07, 1.08698804979e-06, 2.4943462904e-06, 3.01519094137e-06, 6.46659316317e-07, 3.67798008938e-07, 1.54588661871e-07, 1.10101275652e-07, 4.43964225383e-08, 6.60922072626e-09, 1.28526367327e-09, 2.88150309169e-10, 7.81068126843e-11, 3.34633223908e-11, 1.70856523374e-11, 7.14321136963e-12, 4.15202247583e-12, 2.72386974087e-12],
        "dmean2": [5.03438798205e-07, 2.45936698775e-05, 2.96574071399e-05, 0.000341205421137, 0.000266043731244, 0.000138452436659, 6.60780788166e-05, 5.61266460863e-05, 3.91211215174e-05, 2.94961337204e-05, 2.64884911303e-05, 1.72486634256e-05, 2.6583637009e-05, 9.88385818346e-06, 8.37819879962e-06, 6.00976909482e-06, 1.30918779178e-05, 4.98942517879e-06, 6.89913940732e-06, 1.52319648805e-06, 1.93174332708e-06, 1.72274542365e-06, 1.25025530906e-06, 1.91454228116e-06, 4.51525920653e-06, 5.68471159568e-06, 1.15641205412e-06, 6.68300742745e-07, 2.91372600714e-07, 2.10412807178e-07, 8.77004282529e-08, 1.25750592161e-08, 2.50858689377e-09, 5.57031643034e-10, 1.45183670641e-10, 6.28598562091e-11, 2.9200149243e-11, 1.1440589795e-11, 5.99798205894e-12, 3.46162096383e-12],
        "dvar": [1.35743724746e-13, 1.56094570603e-09, 5.54794377106e-10, 2.80444794498e-07, 2.89715718083e-08, 6.39315000939e-09, 1.96695992827e-09, 2.48590681373e-09, 3.08546566075e-09, 1.17922360765e-09, 1.22054610863e-09, 6.57330523346e-10, 1.79961212599e-09, 1.53815363224e-10, 1.80904985436e-10, 4.31461567862e-11, 6.66211918965e-10, 1.97682616804e-11, 5.76387652884e-11, 1.59238128326e-12, 2.38583870542e-12, 1.69515313245e-12, 1.96259805282e-12, 2.65969126063e-12, 3.42216636973e-11, 5.88224607911e-11, 8.44885522221e-13, 4.68513845341e-13, 1.36321089508e-13, 1.30564748466e-13, 3.52788104448e-14, 4.79168020569e-16, 4.51630952984e-17, 1.05977697656e-18, 2.36014338924e-20, 7.31965257803e-21, 1.92935636962e-21, 3.016604354e-22, 2.84582997819e-22, 2.40960403399e-22],
        "dvar2": [3.22220115173e-13, 3.20966431211e-09, 1.35439015558e-09, 7.43466841868e-07, 7.9526117247e-08, 1.81904304952e-08, 5.3172626302e-09, 5.65600588587e-09, 8.78621264633e-09, 3.58684659751e-09, 3.73550035349e-09, 1.96956562171e-09, 5.31961852346e-09, 4.52659909556e-10, 5.4212889733e-10, 1.21600868264e-10, 1.99216843022e-09, 5.57393957379e-11, 1.66550079284e-10, 4.55988025116e-12, 6.59855460203e-12, 4.85696465685e-12, 5.717481176e-12, 7.59221591845e-12, 1.01016833787e-10, 1.75467473884e-10, 2.22104951618e-12, 1.32927056948e-12, 3.8471339287e-13, 3.71842476515e-13, 1.06089406194e-13, 1.39666563871e-15, 1.34423956676e-16, 3.32663711433e-18, 6.97688331091e-20, 2.1269172306e-20, 5.30642865691e-21, 3.97035662595e-22, 3.06224696245e-22, 2.31397137308e-22],
        "max": [2.48280116466e-06, 0.000397829076974, 0.000191548664588, 0.00524406740442, 0.00114475819282, 0.000481393944938, 0.000222408649279, 0.000378219236154, 0.000373309536371, 0.000203863004572, 0.000191565399291, 0.000153016502736, 0.000318203499774, 8.30128410598e-05, 9.48110537138e-05, 5.86252645007e-05, 0.000235701954807, 3.23952408507e-05, 7.15086207492e-05, 1.1606982298e-05, 1.00394981928e-05, 7.01878570908e-06, 8.9726436272e-06, 8.87476107891e-06, 3.91450812458e-05, 6.12104777247e-05, 4.4604107643e-06, 3.83211454391e-06, 2.61450327343e-06, 3.0323512874e-06, 1.69713200648e-06, 1.9715542976e-07, 6.11993300481e-08, 7.17568049424e-09, 1.08212361294e-09, 7.54090900834e-10, 3.85301762718e-10, 1.82014181505e-10, 1.74000647224e-10, 1.69798591854e-10],
        "mean": [4.6109104801e-07, 1.9162602257e-05, 2.62760095211e-05, 0.000224363568122, 0.000207586068427, 9.86542581813e-05, 3.81046047551e-05, 3.72934882762e-05, 1.64423508977e-05, 1.11309191198e-05, 1.0383469089e-05, 5.79139350521e-06, 9.86316990748e-06, 3.6026710859e-06, 3.26169742948e-06, 2.4615978873e-06, 5.33067577635e-06, 2.51681422014e-06, 3.53562609234e-06, 9.60803504313e-07, 1.11284577997e-06, 9.57443035077e-07, 6.47479680538e-07, 8.86024679403e-07, 1.94242215912e-06, 2.18644890992e-06, 5.57915029731e-07, 2.83141048385e-07, 1.03581122346e-07, 6.71488891157e-08, 2.73132663153e-08, 4.32034585884e-09, 7.93772159113e-10, 2.07037595401e-10, 7.91956361601e-11, 3.77704846566e-11, 2.01094089297e-11, 1.03758069844e-11, 6.34568396093e-12, 4.33074843348e-12],
        "median": [3.56242878752e-07, 1.08208332676e-05, 1.54636018124e-05, 8.43786328915e-05, 0.000131169566885, 7.11678585503e-05, 2.06051918212e-05, 1.44819086927e-05, 3.38017616741e-06, 1.46925299305e-06, 1.15806585654e-06, 6.05985462698e-07, 1.00402144199e-06, 8.68818631261e-07, 5.81844460612e-07, 8.14776285551e-07, 1.66181791883e-06, 1.22900166843e-06, 1.72364048012e-06, 4.95546942147e-07, 5.46294700143e-07, 5.38198946742e-07, 2.24764534096e-07, 2.75279745665e-07, 5.58759438718e-07, 6.41250210265e-07, 2.22429321184e-07, 7.45408925695e-08, 1.94486489136e-08, 7.63491758704e-09, 2.98180879987e-09, 5.59025048474e-10, 1.36016087282e-10, 6.68019251027e-11, 4.10275528828e-11, 1.99623061137e-11, 1.08988530007e-11, 6.45218557402e-12, 3.66205850366e-12, 2.20298692483e-12],
        "min": [3.04699803166e-08, 1.07048367681e-06, 6.91814079801e-07, 1.6146506141e-06, 2.46607282861e-06, 2.72886069297e-07, 2.39885537212e-07, 2.5477811505e-07, 1.51949905103e-07, 3.55737341806e-08, 2.91160819899e-08, 1.47488918856e-08, 3.6811453441e-08, 9.63895541162e-09, 8.98978669284e-09, 2.55736622989e-08, 2.40642634708e-08, 3.50015305628e-08, 3.26022586705e-08, 4.09913125665e-09, 3.11869219338e-09, 1.22272181269e-09, 3.75562442256e-10, 5.34558231013e-10, 6.4577648784e-10, 4.00564970082e-10, 1.80616147039e-10, 1.23988888601e-10, 9.82406794803e-11, 9.11962172445e-11, 4.39499825422e-11, 2.25430021872e-11, 6.24693439338e-12, 4.4497261778e-12, 3.3006162907e-12, 2.03119595796e-12, 2.22642520739e-12, 2.05431093143e-12, 1.65364228387e-12, 1.25476224463e-12],
        "var": [1.49287496969e-13, 1.77089531928e-09, 9.28654098065e-10, 2.23425288937e-07, 4.89989382402e-08, 9.19371334618e-09, 2.18647144834e-09, 3.68721542188e-09, 2.30309638027e-09, 7.6301986951e-10, 8.63378979421e-10, 4.08640288274e-10, 1.11894338239e-09, 9.43594508085e-11, 1.15162927805e-10, 3.06478280254e-11, 3.64673097275e-10, 1.6281873419e-11, 4.39140147857e-11, 1.9055135074e-12, 2.30075962622e-12, 1.61141087453e-12, 1.52807703557e-12, 2.29342825113e-12, 2.05425936678e-11, 3.49567284841e-11, 7.78337355505e-13, 3.23814380258e-13, 8.46997913972e-14, 7.87078803283e-14, 2.04096197001e-14, 3.05656868275e-16, 2.36611374626e-17, 5.63975619048e-19, 1.8226700231e-20, 4.74536876874e-21, 1.36087447416e-21, 3.67706445227e-22, 3.11057851374e-22, 2.6063042919e-22]
    },
    "mfcc": {
        "dmean": [36.4794807434, 14.3800468445, 24.1667366028, 16.4649829865, 12.7210407257, 9.4222536087, 8.68831539154, 11.3742666245, 7.28883934021, 7.40031433105, 8.15344810486, 7.93055868149, 7.1287112236],
        "dmean2": [63.8064537048, 21.6307315826, 40.6370620728, 25.5027561188, 20.9444942474, 16.02983284, 14.3850631714, 19.2932415009, 12.0694980621, 12.2946586609, 13.5374279022, 12.2849845886, 11.6931505203],
        "dvar": [944.706787109, 161.187973022, 428.742462158, 238.366577148, 102.926513672, 75.0329589844, 51.6936912537, 83.0747909546, 30.7350463867, 38.4563941956, 36.9383811951, 32.1559486389, 29.7236442566],
        "dvar2": [2717.06958008, 384.440338135, 1093.30969238, 577.198730469, 302.081665039, 186.903762817, 130.168624878, 188.747329712, 80.8207015991, 81.0807800293, 92.6054992676, 100.240722656, 72.9218292236],
        "max": [-757.421691895, 217.539398193, 71.9242858887, 110.999099731, 43.0766181946, 4.81818389893, 26.3914413452, 22.9411869049, -4.90868377686, 24.9448719025, 6.95701980591, 3.97816467285, 11.4189987183],
        "mean": [-842.84576416, 179.302627563, -36.57213974, 29.7313919067, 10.1717185974, -28.6621189117, -5.7292432785, -28.8909912109, -27.6383457184, -4.69101953506, -12.2156553268, -15.3918981552, -6.82297468185],
        "median": [-840.675354004, 179.25213623, -39.1531333923, 28.7434425354, 12.3701629639, -28.0381736755, -6.22830963135, -32.2992248535, -27.7155227661, -4.20252227783, -12.1907558441, -15.282913208, -5.77264404297],
        "min": [-979.729919434, 113.631782532, -101.997497559, -19.3551750183, -37.7477836609, -68.6817932129, -31.222328186, -56.8914413452, -56.7507858276, -36.5854263306, -38.1088752747, -40.9316368103, -28.2131919861],
        "var": [1524.85803223, 315.526702881, 874.516296387, 407.328887939, 267.433898926, 162.233154297, 92.0851669312, 225.97883606, 70.7024536133, 148.054519653, 76.0118179321, 64.7572097778, 70.4674224854],
        "cov": [[1534.27075195, -33.1102790833, -1045.3203125, 266.466796875, -281.040283203, -224.795837402, 230.663772583, -48.7897491455, 36.0030479431, -91.7800521851, -37.3494186401, 75.6410140991, -116.945350647], [-33.1102790833, 317.474395752, 175.250061035, -264.499694824, -31.4654865265, -53.8545875549, -10.4006271362, 165.792907715, -12.5426845551, -49.2579536438, -5.74844026566, -19.9510040283, 1.43024981022], [-1045.3203125, 175.250061035, 879.914550781, -233.716598511, 136.110931396, 138.868026733, -171.497634888, 94.1864700317, -15.6500301361, 1.63592731953, 17.1128025055, -57.4552993774, 50.7274780273], [266.466796875, -264.499694824, -233.716598511, 409.843261719, 73.5999145508, 23.8156051636, 17.5682201385, -212.190704346, -8.92199325562, 37.5292472839, -21.2046890259, 14.6316699982, -23.4871940613], [-281.040283203, -31.4654865265, 136.110931396, 73.5999145508, 269.084716797, 113.781951904, -74.6850891113, -106.046104431, -50.9415626526, 97.9392623901, 4.2476978302, -27.5439987183, 58.468044281], [-224.795837402, -53.8545875549, 138.868026733, 23.8156051636, 113.781951904, 163.234588623, -30.6952285767, -97.0220718384, -0.114218465984, 54.0808677673, 25.6642074585, 7.37605047226, 21.4270381927], [230.663772583, -10.4006271362, -171.497634888, 17.5682201385, -74.6850891113, -30.6952285767, 92.6535949707, 21.1809654236, -5.55501508713, -12.4245977402, -1.47290062904, 18.6571731567, -15.6823263168], [-48.7897491455, 165.792907715, 94.1864700317, -212.190704346, -106.046104431, -97.0220718384, 21.1809654236, 227.373764038, 25.5061340332, -101.924926758, -12.5205631256, -2.58075714111, -7.54756546021], [36.0030479431, -12.5426845551, -15.6500301361, -8.92199325562, -50.9415626526, -0.114218465984, -5.55501508713, 25.5061340332, 71.138885498, -17.1862697601, -17.7747478485, 15.5047636032, -9.05611133575], [-91.7800521851, -49.2579536438, 1.63592731953, 37.5292472839, 97.9392623901, 54.0808677673, -12.4245977402, -101.924926758, -17.1862697601, 148.968429565, 38.6423683167, -30.8621997833, 35.7587394714], [-37.3494186401, -5.74844026566, 17.1128025055, -21.2046890259, 4.2476978302, 25.6642074585, -1.47290062904, -12.5205631256, -17.7747478485, 38.6423683167, 76.4810256958, 12.2859315872, -3.11732459068], [75.6410140991, -19.9510040283, -57.4552993774, 14.6316699982, -27.5439987183, 7.37605047226, 18.6571731567, -2.58075714111, 15.5047636032, -30.8621997833, 12.2859315872, 65.1569442749, 5.88014030457], [-116.945350647, 1.43024981022, 50.7274780273, -23.4871940613, 58.468044281, 21.4270381927, -15.6823263168, -7.54756546021, -9.05611133575, 35.7587394714, -3.11732459068, 5.88014030457, 70.9024047852]],
        "icov": [[135.659011841, -188.294342041, 178.352996826, -161.892303467, 141.691177368, -119.031265259, 94.5811920166, -71.4311218262, 50.8899040222, -32.8770980835, 19.6550788879, -9.76233768463, 3.5202126503], [-188.294342041, 261.363098145, -247.56036377, 224.723144531, -196.686950684, 165.241607666, -131.30871582, 99.1749954224, -70.661026001, 45.6584358215, -27.2987594604, 13.5635757446, -4.88874006271], [178.352996826, -247.56036377, 234.503829956, -212.875518799, 186.334747314, -156.563461304, 124.436019897, -93.9996643066, 66.9881896973, -43.2974510193, 25.8987579346, -12.8774900436, 4.64586687088], [-161.892303467, 224.723144531, -212.875518799, 193.271514893, -169.190826416, 142.182693481, -113.033729553, 85.4147644043, -60.8860054016, 39.3779830933, -23.564622879, 11.7338581085, -4.23295354843], [141.691177368, -196.686950684, 186.334747314, -169.190826416, 148.149902344, -124.527633667, 99.0387268066, -74.8597640991, 53.3961029053, -34.5588188171, 20.7020282745, -10.3263874054, 3.72758221626], [-119.031265259, 165.241607666, -156.563461304, 142.182693481, -124.527633667, 104.722640991, -83.323059082, 63.0202636719, -44.9754829407, 29.1382827759, -17.4766769409, 8.73743724823, -3.16090345383], [94.5811920166, -131.30871582, 124.436019897, -113.033729553, 99.0387268066, -83.323059082, 66.3741378784, -50.2265892029, 35.884349823, -23.2876625061, 13.9917287827, -7.02933931351, 2.54861688614], [-71.4311218262, 99.1749954224, -93.9996643066, 85.4147644043, -74.8597640991, 63.0202636719, -50.2265892029, 38.0589904785, -27.207233429, 17.6905593872, -10.6446990967, 5.36898469925, -1.95270514488], [50.8899040222, -70.661026001, 66.9881896973, -60.8860054016, 53.3961029053, -44.9754829407, 35.884349823, -27.207233429, 19.4969387054, -12.6900396347, 7.65940380096, -3.88341593742, 1.41606926918], [-32.8770980835, 45.6584358215, -43.2974510193, 39.3779830933, -34.5588188171, 29.1382827759, -23.2876625061, 17.6905593872, -12.6900396347, 8.30920028687, -5.0287899971, 2.57579255104, -0.947696447372], [19.6550788879, -27.2987594604, 25.8987579346, -23.564622879, 20.7020282745, -17.4766769409, 13.9917287827, -10.6446990967, 7.65940380096, -5.0287899971, 3.07208609581, -1.58230280876, 0.586506187916], [-9.76233768463, 13.5635757446, -12.8774900436, 11.7338581085, -10.3263874054, 8.73743724823, -7.02933931351, 5.36898469925, -3.88341593742, 2.57579255104, -1.58230280876, 0.85365831852, -0.318982422352], [3.5202126503, -4.88874006271, 4.64586687088, -4.23295354843, 3.72758221626, -3.16090345383, 2.54861688614, -1.95270514488, 1.41606926918, -0.947696447372, 0.586506187916, -0.318982422352, 0.141070470214]]
    }
}

}