{
"metadata": {
    "version": {
        "essentia": "2.0.1",
        "extractor": "archive-music 1.0 mod ismir14"
    },
    "audio_properties": {
        "analysis_sample_rate": 44100,
        "bitrate": 32,
        "channels": 2,
        "equal_loudness": 0,
        "length": 30.0408172607,
        "replay_gain": -14.8404006958,
        "downmix": "mix"
    },
    "tags": {
        "track": 0,
        "year": 0,
        "album": "",
        "artist": "",
        "comment": "",
        "genre": "",
        "title": ""
    }
},
"rhythm": {
    "bpm": 109.314041138,
    "bpm_histogram_first_peak": 110,
    "bpm_histogram_first_peak_spread": 0.396226406097,
    "bpm_histogram_first_peak_weight": 0.603773593903,
    "bpm_histogram_second_peak": 0,
    "bpm_histogram_second_peak_spread": 0,
    "bpm_histogram_second_peak_weight": 0
},
"tonal": {
    "tuning_frequency": {
        "dmean": 0.205025941133,
        "dmean2": 0.383986383677,
        "dvar": 0.689888656139,
        "dvar2": 1.58717167377,
        "max": 446.399932861,
        "mean": 440.745544434,
        "median": 439.745910645,
        "min": 439.745910645,
        "var": 2.31305289268
    },
    "hpcp": {
        "dmean": [0.108285859227, 0.0910552442074, 0.035457842052, 0.152313023806, 0.03867001459, 0.140296161175, 0.0369316339493, 0.099456101656, 0.12555795908, 0.0309507790953, 0.170626789331, 0.0651037320495],
        "dmean2": [0.204648882151, 0.161304503679, 0.0654270872474, 0.258080363274, 0.0677224621177, 0.230133742094, 0.0665445849299, 0.166559204459, 0.22586260736, 0.0584866888821, 0.286347210407, 0.122252494097],
        "dvar": [0.0393863767385, 0.0540526546538, 0.00242234603502, 0.0679036229849, 0.0103516802192, 0.0452697724104, 0.00761752668768, 0.0317772515118, 0.0334527418017, 0.0038544263225, 0.0669448673725, 0.0207103621215],
        "dvar2": [0.0961642339826, 0.103993602097, 0.00604541320354, 0.157525107265, 0.0280018895864, 0.0997413247824, 0.0209649950266, 0.0816395431757, 0.06924354285, 0.0111141586676, 0.141281306744, 0.0575638711452],
        "max": [1, 1, 0.234899535775, 1, 1, 1, 0.774355888367, 1, 1, 0.514303505421, 1, 0.936534225941],
        "mean": [0.160396710038, 0.247907236218, 0.0289724674076, 0.461311429739, 0.0315151661634, 0.252138704062, 0.0295450259, 0.101285032928, 0.22861649096, 0.0238211657852, 0.221772387624, 0.0444197170436],
        "median": [0.0408241413534, 0.0184700135142, 0.0116165028885, 0.287258923054, 0.0100971171632, 0.0704696401954, 0.0102581987157, 0.0237857494503, 0.106103502214, 0.00973690208048, 0.0854570716619, 0.0102240601555],
        "min": [9.75307630142e-05, 0.000267796451226, 0.000117508294352, 0.000797408865765, 0.000170521874679, 0.000487995304866, 0.000202919298317, 0.000855767750181, 0.000657005817629, 0.000106029445305, 0.000462126889033, 0.000434664369095],
        "var": [0.0761230587959, 0.165156140924, 0.00203226157464, 0.193521797657, 0.00784640945494, 0.123434923589, 0.00491625675932, 0.0367963388562, 0.0919847115874, 0.00225103273988, 0.0989720076323, 0.0130288619548]
    }
},
"lowlevel": {
    "melbands": {
        "dmean": [0.000141470824019, 0.000269515818218, 0.000169918741449, 0.000108293890662, 4.39071409346e-05, 5.77501268708e-05, 2.55548275163e-05, 3.85067505704e-05, 5.7977031247e-05, 4.32336346421e-05, 1.01900041045e-05, 1.09874645204e-05, 7.76510751166e-06, 7.58557280278e-06, 6.33831632513e-06, 6.84169890519e-06, 6.33801391814e-06, 6.89320995662e-06, 3.74624369215e-06, 5.34951368536e-06, 2.39039422922e-06, 1.62305832418e-06, 1.81201835403e-06, 1.11298516003e-06, 6.39303266325e-07, 4.36065192844e-07, 2.9106860211e-07, 2.15525872704e-07, 2.40895531078e-07, 1.74528793195e-07, 1.43724378177e-07, 1.51436296392e-07, 1.41326708558e-07, 1.15639323894e-07, 9.25214465042e-08, 7.72231203428e-08, 7.04303104726e-08, 4.64731648719e-08, 3.64682364307e-08, 3.1978110826e-08],
        "dmean2": [0.000262030865997, 0.000452474079793, 0.000277823244687, 0.000184755859664, 6.99171723682e-05, 0.000100873883639, 4.34353860328e-05, 6.4361069235e-05, 9.62387421168e-05, 7.04487538314e-05, 1.84806831385e-05, 2.03407580557e-05, 1.40893198477e-05, 1.37940760396e-05, 1.10275223051e-05, 1.21494340419e-05, 1.12428360808e-05, 1.21319599202e-05, 6.57419968775e-06, 7.83784707892e-06, 4.042598448e-06, 2.89150125354e-06, 2.71667681773e-06, 1.67575808518e-06, 1.12785971851e-06, 7.83663665516e-07, 5.36238019322e-07, 3.99048843747e-07, 4.3568073238e-07, 3.1785211263e-07, 2.6344613957e-07, 2.81175289274e-07, 2.62981586729e-07, 2.16060215052e-07, 1.71946652472e-07, 1.48025776525e-07, 1.36880359491e-07, 8.97058498595e-08, 7.01844271589e-08, 6.13824724383e-08],
        "dvar": [4.22216253071e-08, 8.48715728807e-08, 3.58134855105e-08, 1.1503692221e-08, 1.47918610693e-09, 7.40113081932e-09, 1.09541498095e-09, 4.23845669673e-09, 1.09228190937e-08, 7.43767092359e-09, 6.38296859812e-10, 1.04965403036e-09, 3.89870108419e-10, 1.73872499731e-10, 1.52958298805e-10, 1.90521418086e-10, 1.39653150155e-10, 2.17368012478e-10, 4.34370039937e-11, 2.20223797531e-10, 1.53892384946e-11, 5.27626596927e-12, 1.07780199696e-11, 3.07705575429e-12, 7.47142907438e-13, 2.84268864958e-13, 9.60839480896e-14, 6.17045070638e-14, 9.59584652406e-14, 4.93153627201e-14, 3.42807345824e-14, 5.04133512008e-14, 5.24247291899e-14, 5.99716809416e-14, 5.65313617586e-14, 6.43006698234e-14, 8.24165429371e-14, 2.61995201873e-14, 1.48303204027e-14, 1.33837600765e-14],
        "dvar2": [1.14176181398e-07, 2.1591485222e-07, 8.53792414546e-08, 3.11821892751e-08, 3.56619089814e-09, 1.97517984191e-08, 2.26875562781e-09, 1.07826467755e-08, 3.27613314255e-08, 1.8066277363e-08, 1.90687998725e-09, 3.06555425489e-09, 1.11280462622e-09, 4.96421737051e-10, 4.32610891554e-10, 5.01007457743e-10, 3.57693680231e-10, 5.92535798205e-10, 1.18640125502e-10, 3.13800735396e-10, 3.36346402119e-11, 1.59729781485e-11, 1.94731366449e-11, 5.35557318979e-12, 1.86053494659e-12, 7.61657664022e-13, 2.63346853005e-13, 1.53817117463e-13, 2.44128935817e-13, 1.21795545112e-13, 8.91553744351e-14, 1.36682033964e-13, 1.44505433552e-13, 1.7395237811e-13, 1.65913235841e-13, 1.90475551456e-13, 2.45139439347e-13, 7.73408979004e-14, 4.36765695225e-14, 3.94694957869e-14],
        "max": [0.000888164737262, 0.00185408454854, 0.00176833127625, 0.000651938782539, 0.000259780092165, 0.000457199988887, 0.000174445740413, 0.000431004271377, 0.00078266474884, 0.000677764241118, 0.000181608440471, 0.000282241497189, 0.000157746006153, 8.3863560576e-05, 9.59096287261e-05, 9.40102836466e-05, 8.1598838733e-05, 0.000125757942442, 4.05866921938e-05, 0.000199318543309, 4.3566164095e-05, 1.35008676807e-05, 2.70756809186e-05, 1.73018579517e-05, 4.99221187056e-06, 3.48119669979e-06, 1.39799408316e-06, 1.20364552458e-06, 2.09931113204e-06, 9.88973738458e-07, 8.74696922892e-07, 1.25860162825e-06, 1.60171464358e-06, 2.03614945349e-06, 2.11679957829e-06, 2.31212243307e-06, 2.6333268579e-06, 1.48150093082e-06, 1.11541783099e-06, 1.07106632186e-06],
        "mean": [0.000150776599185, 0.000659177778289, 0.000473253807286, 0.00017588918854, 7.3512441304e-05, 6.75257542753e-05, 3.41343838954e-05, 4.18315103161e-05, 6.00563835178e-05, 4.31032058259e-05, 9.10611834115e-06, 9.8110494946e-06, 6.34785874354e-06, 6.31878174318e-06, 5.88930561207e-06, 6.52005655866e-06, 6.18829199084e-06, 6.12513485976e-06, 3.39238999914e-06, 6.52010203339e-06, 2.81849929706e-06, 1.95520328816e-06, 2.59138778347e-06, 1.51538984028e-06, 7.55681583087e-07, 4.73520884725e-07, 2.67803329734e-07, 1.83766104556e-07, 2.06623425925e-07, 1.44871521002e-07, 1.14868804246e-07, 1.16628321223e-07, 1.06389144605e-07, 8.43507734771e-08, 6.971608002e-08, 5.50693854962e-08, 4.71565186899e-08, 3.13899235493e-08, 2.49718343781e-08, 2.2227645502e-08],
        "median": [0.00010383145127, 0.000672159076203, 0.000455127446912, 0.000146477192175, 5.74248442717e-05, 2.59928456217e-05, 2.00691174541e-05, 2.05907563213e-05, 2.27359596465e-05, 1.0742239283e-05, 3.72876115762e-06, 4.30219597547e-06, 2.3692623472e-06, 1.8635696506e-06, 2.23242432185e-06, 2.14378746932e-06, 2.0355516881e-06, 1.65448784628e-06, 1.16132832773e-06, 9.95871118903e-07, 1.14713861876e-06, 9.94929564513e-07, 7.09138078037e-07, 5.33379989065e-07, 3.77356968784e-07, 2.47407513143e-07, 1.34172637445e-07, 8.73061978268e-08, 8.59828190869e-08, 4.50370869487e-08, 4.2814313872e-08, 3.70385038195e-08, 3.78071085549e-08, 2.8436691224e-08, 2.28029239935e-08, 1.76954504383e-08, 1.22851755435e-08, 8.99216168193e-09, 7.91838772329e-09, 6.77611211586e-09],
        "min": [1.17948900424e-06, 1.39180895076e-06, 2.31776562032e-06, 7.51697461965e-06, 5.17944954481e-06, 8.10560436548e-07, 7.11715983925e-07, 2.08493275977e-08, 3.38691449997e-07, 8.33203728234e-08, 2.35775718949e-08, 1.50308299141e-08, 2.91504189676e-08, 1.35949846936e-08, 1.0796090244e-08, 4.41106395854e-09, 8.15268741405e-09, 8.33579338888e-09, 6.20108142613e-09, 8.21329582124e-09, 4.90962026589e-09, 4.19481427372e-09, 3.85863474506e-09, 2.96351343465e-09, 2.29429297782e-09, 1.76505277061e-09, 5.86676096592e-10, 2.94378188492e-10, 2.28389002155e-10, 1.65228164484e-10, 6.06417693838e-11, 2.72964012504e-11, 9.46995606932e-12, 3.57073463679e-12, 2.45816713339e-12, 1.68444858756e-12, 1.8539087366e-12, 1.38454362992e-12, 1.15055024969e-12, 1.04198290621e-12],
        "var": [3.09870955562e-08, 1.74875054881e-07, 6.84559608999e-08, 1.55070871699e-08, 3.20979154367e-09, 8.49806980341e-09, 1.5084398175e-09, 4.42456382643e-09, 9.77636727129e-09, 9.46967393389e-09, 4.17101214678e-10, 6.3591670818e-10, 2.51714593613e-10, 1.3886594652e-10, 1.23908799887e-10, 1.56820945119e-10, 1.37579544979e-10, 1.68678723766e-10, 3.61716802344e-11, 5.04878472363e-10, 2.45798902065e-11, 6.74252797692e-12, 2.8001889002e-11, 8.50326146301e-12, 1.02069307867e-12, 3.51059838751e-13, 9.54903474001e-14, 5.36969659004e-14, 8.46645073927e-14, 4.39746200879e-14, 2.72488974472e-14, 3.55354546515e-14, 3.50998594881e-14, 3.58412132167e-14, 3.2524919986e-14, 3.46622212812e-14, 4.32944661838e-14, 1.41224863089e-14, 8.07704953403e-15, 7.29495352065e-15]
    },
    "mfcc": {
        "dmean": [44.520488739, 24.1127681732, 19.209274292, 11.0629119873, 9.94122028351, 8.39907455444, 7.90935754776, 6.9133067131, 6.22047567368, 6.84444713593, 5.623087883, 5.51594686508, 5.15003824234],
        "dmean2": [72.2420272827, 39.8804664612, 30.4689559937, 17.9080257416, 15.5507736206, 13.6979846954, 11.8356571198, 11.1241931915, 10.5408115387, 10.8210163116, 9.15937614441, 8.76341724396, 8.05636501312],
        "dvar": [1362.16967773, 379.169525146, 249.764373779, 94.5323638916, 78.3582687378, 44.1331253052, 45.6093521118, 29.1447505951, 25.1658611298, 39.9881591797, 23.8498096466, 18.9650840759, 19.7977695465],
        "dvar2": [3514.44335938, 1034.99450684, 694.548278809, 207.552886963, 188.852600098, 105.156326294, 112.762008667, 75.2390136719, 75.026008606, 68.2722854614, 61.4620704651, 50.7535438538, 48.4536056519],
        "max": [-668.320129395, 227.175231934, 98.8451385498, 71.6227111816, 45.2148933411, 34.8163833618, 24.9437789917, 26.1746940613, 18.0516548157, 30.6307926178, 20.2313919067, 20.015291214, 7.74064445496],
        "mean": [-769.526916504, 163.043289185, 8.27651023865, 29.5178413391, 15.4550619125, 6.99800872803, -4.64420795441, 4.04404497147, -0.0403299964964, 2.58185648918, 2.50909614563, -1.06024694443, -5.71048641205],
        "median": [-762.909118652, 168.214141846, 8.90148162842, 27.0658149719, 15.8364524841, 7.16306304932, -3.58059501648, 3.64632606506, 0.0841732025146, 2.44611740112, 1.35195922852, -1.52756309509, -5.34375762939],
        "min": [-966.101867676, 53.8355255127, -82.0466308594, -14.9330291748, -17.807094574, -26.4375114441, -39.0648460388, -20.005065918, -22.1021785736, -19.3468055725, -10.6783084869, -15.4974346161, -22.3463401794],
        "var": [3227.484375, 738.928283691, 809.408447266, 321.0519104, 170.917678833, 126.285011292, 139.845169067, 68.1932373047, 43.7873382568, 90.2651290894, 53.0077056885, 40.0393257141, 35.9128379822],
        "cov": [[3247.40698242, -806.294128418, -587.02947998, 31.4307823181, -114.244354248, -38.5833015442, -134.763824463, 18.412694931, -27.0323410034, -12.8089494705, -20.0913562775, -13.7019796371, -37.4163970947], [-806.294128418, 743.489562988, -265.327941895, -240.591995239, -21.7794780731, -77.6781616211, 50.100894928, -39.3327217102, -19.3436546326, 42.4698104858, 51.4907836914, 15.8467674255, -1.67482352257], [-587.02947998, -265.327941895, 814.404785156, 165.87399292, -52.0756645203, 166.41859436, 107.595222473, 56.0319786072, 6.10247135162, -50.4823760986, -35.1165351868, -1.99329006672, 16.1300582886], [31.4307823181, -240.591995239, 165.87399292, 323.033721924, 95.74949646, 8.33859634399, -91.7856521606, 25.0897140503, 32.0388374329, -46.8346557617, -40.4946022034, 1.83839845657, 11.4580745697], [-114.244354248, -21.7794780731, -52.0756645203, 95.74949646, 171.972732544, -16.5373153687, -57.3026428223, 2.99288034439, 9.35390472412, 14.5745277405, 10.3479824066, 9.62415885925, 3.39664411545], [-38.5833015442, -77.6781616211, 166.41859436, 8.33859634399, -16.5373153687, 127.064552307, 67.3696746826, 9.19508457184, -2.13118457794, 4.79914283752, 11.7275981903, 7.15178155899, -5.88905858994], [-134.763824463, 50.100894928, 107.595222473, -91.7856521606, -57.3026428223, 67.3696746826, 140.708404541, 20.9163837433, -18.6172580719, 18.5446014404, 26.2395839691, 12.8238782883, 0.0247817952186], [18.412694931, -39.3327217102, 56.0319786072, 25.0897140503, 2.99288034439, 9.19508457184, 20.9163837433, 68.6141891479, 6.78576517105, -9.41335487366, 9.66303062439, 20.603181839, 1.29153418541], [-27.0323410034, -19.3436546326, 6.10247135162, 32.0388374329, 9.35390472412, -2.13118457794, -18.6172580719, 6.78576517105, 44.0576324463, 14.309381485, -10.1918716431, -2.34359717369, 1.08078694344], [-12.8089494705, 42.4698104858, -50.4823760986, -46.8346557617, 14.5745277405, 4.79914283752, 18.5446014404, -9.41335487366, 14.309381485, 90.8223190308, 40.7445793152, -7.81181430817, -22.9357070923], [-20.0913562775, 51.4907836914, -35.1165351868, -40.4946022034, 10.3479824066, 11.7275981903, 26.2395839691, 9.66303062439, -10.1918716431, 40.7445793152, 53.3349113464, 14.6997356415, -13.5271100998], [-13.7019796371, 15.8467674255, -1.99329006672, 1.83839845657, 9.62415885925, 7.15178155899, 12.8238782883, 20.603181839, -2.34359717369, -7.81181430817, 14.6997356415, 40.2864837646, 13.3693122864], [-37.4163970947, -1.67482352257, 16.1300582886, 11.4580745697, 3.39664411545, -5.88905858994, 0.0247817952186, 1.29153418541, 1.08078694344, -22.9357070923, -13.5271100998, 13.3693122864, 36.1345214844]],
        "icov": [[0.00105745426845, 0.00160409451928, 0.0014635581756, -4.92555591336e-05, 0.00148422282655, -0.000607692054473, 0.000553182035219, -0.000865275738761, 0.00150373240467, -0.000659509154502, 0.000477578025311, -0.000461074349005, 0.000209397752769], [0.00160409451928, 0.00461537949741, 0.00232086656615, 0.0011993002845, 0.00169650733005, 0.00084604107542, -0.000434223300545, 0.000401024095481, 0.000771120481659, 0.000278559076833, -0.00128123583272, -0.00147966784425, 0.000644564570393], [0.0014635581756, 0.00232086656615, 0.00449986476451, -0.00170968030579, 0.00280563998967, -0.00303218862973, -0.000982357887551, -0.00240224623121, 0.00250378064811, -0.000893120479304, 0.00169988570269, 0.000934417825192, -0.000866021495312], [-4.92555591336e-05, 0.0011993002845, -0.00170968030579, 0.00783301237971, -0.00347422249615, -0.000135019115987, 0.00395490322262, -0.000886006746441, -0.00326455314644, 0.00265621091239, 0.000433702109149, -0.00102880573831, 0.000944112136494], [0.00148422282655, 0.00169650733005, 0.00280563998967, -0.00347422249615, 0.0112753417343, -0.00207232590765, 0.00386477936991, -0.00225584465079, 0.00460447371006, -0.00472795916721, -0.00078899046639, -0.0017521395348, -0.00264067878015], [-0.000607692054473, 0.00084604107542, -0.00303218862973, -0.000135019115987, -0.00207232590765, 0.0165285933763, -0.00830601714551, 0.00619391538203, -0.00542866811156, 0.00379615998827, -0.00516571803018, -0.003086340148, 0.00525919813663], [0.000553182035219, -0.000434223300545, -0.000982357887551, 0.00395490322262, 0.00386477936991, -0.00830601714551, 0.0195642150939, -0.00742511777207, 0.00802829675376, -0.0064036087133, 0.00128185248468, -0.00130968354642, -0.00506814615801], [-0.000865275738761, 0.000401024095481, -0.00240224623121, -0.000886006746441, -0.00225584465079, 0.00619391538203, -0.00742511777207, 0.0252686180174, -0.0115354582667, 0.00918903015554, -0.0098096113652, -0.00918467156589, 0.00670287385583], [0.00150373240467, 0.000771120481659, 0.00250378064811, -0.00326455314644, 0.00460447371006, -0.00542866811156, 0.00802829675376, -0.0115354582667, 0.0421120375395, -0.0219884607941, 0.0225129891187, -0.00488593289629, -0.00438120402396], [-0.000659509154502, 0.000278559076833, -0.000893120479304, 0.00265621091239, -0.00472795916721, 0.00379615998827, -0.0064036087133, 0.00918903015554, -0.0219884607941, 0.0332841947675, -0.0282770562917, 0.0104829650372, 0.00694547267631], [0.000477578025311, -0.00128123583272, 0.00169988570269, 0.000433702109149, -0.00078899046639, -0.00516571803018, 0.00128185248468, -0.0098096113652, 0.0225129891187, -0.0282770562917, 0.0591168925166, -0.0229951329529, 0.0111376857385], [-0.000461074349005, -0.00147966784425, 0.000934417825192, -0.00102880573831, -0.0017521395348, -0.003086340148, -0.00130968354642, -0.00918467156589, -0.00488593289629, 0.0104829650372, -0.0229951329529, 0.048305708915, -0.0203268323094], [0.000209397752769, 0.000644564570393, -0.000866021495312, 0.000944112136494, -0.00264067878015, 0.00525919813663, -0.00506814615801, 0.00670287385583, -0.00438120402396, 0.00694547267631, 0.0111376857385, -0.0203268323094, 0.0451071821153]]
    }
}

}