{
"metadata": {
    "version": {
        "essentia": "2.0.1",
        "extractor": "archive-music 1.0 mod ismir14"
    },
    "audio_properties": {
        "analysis_sample_rate": 44100,
        "bitrate": 96,
        "channels": 2,
        "equal_loudness": 0,
        "length": 30.0669155121,
        "replay_gain": -13.4713459015,
        "downmix": "mix"
    },
    "tags": {
        "track": 0,
        "year": 0,
        "album": "",
        "artist": "",
        "comment": "",
        "genre": "",
        "title": ""
    }
},
"rhythm": {
    "bpm": 88.4114303589,
    "bpm_histogram_first_peak": 89,
    "bpm_histogram_first_peak_spread": 0.292683005333,
    "bpm_histogram_first_peak_weight": 0.674418568611,
    "bpm_histogram_second_peak": 83,
    "bpm_histogram_second_peak_spread": 0,
    "bpm_histogram_second_peak_weight": 0.0232558138669
},
"tonal": {
    "tuning_frequency": {
        "dmean": 0.129948839545,
        "dmean2": 0.244574680924,
        "dvar": 1.86824536324,
        "dvar2": 4.19042539597,
        "max": 456.04309082,
        "mean": 450.924499512,
        "median": 453.678466797,
        "min": 431.692352295,
        "var": 42.4607315063
    },
    "hpcp": {
        "dmean": [0.163146018982, 0.159457609057, 0.179383054376, 0.149922430515, 0.14278331399, 0.227541252971, 0.304574817419, 0.25999546051, 0.209049135447, 0.271058499813, 0.280586332083, 0.195259988308],
        "dmean2": [0.301380932331, 0.29640313983, 0.335280507803, 0.275257796049, 0.266062706709, 0.418364673853, 0.562178373337, 0.474576592445, 0.387950181961, 0.501120507717, 0.51995652914, 0.362803131342],
        "dvar": [0.0711458474398, 0.079175427556, 0.0844454020262, 0.0720348730683, 0.0676577463746, 0.0903900116682, 0.116853147745, 0.103167653084, 0.0922577902675, 0.105626948178, 0.110373973846, 0.0832576751709],
        "dvar2": [0.199846714735, 0.201809689403, 0.230944111943, 0.199334546924, 0.190506339073, 0.249277740717, 0.327364444733, 0.273457765579, 0.248109325767, 0.293525367975, 0.317724525928, 0.237828806043],
        "max": [1, 1, 1, 1, 1, 1, 1, 1, 1, 1, 1, 1],
        "mean": [0.135284736753, 0.134387075901, 0.150107353926, 0.12948282063, 0.104883566499, 0.225561454892, 0.285646080971, 0.249084562063, 0.177297890186, 0.242479383945, 0.248245641589, 0.158042386174],
        "median": [0.0297801084816, 0.0145234204829, 0.0244057681412, 0.0198870394379, 0.017239427194, 0.0542389266193, 0.0792422816157, 0.063349314034, 0.0279157683253, 0.0767618343234, 0.0721158757806, 0.0279523804784],
        "min": [0, 0, 0, 0, 0, 0, 0, 0, 0, 0, 0, 0],
        "var": [0.0618852898479, 0.0736822187901, 0.0767200812697, 0.067096196115, 0.0503267943859, 0.107909731567, 0.134380161762, 0.119751870632, 0.0882307216525, 0.110180139542, 0.113901495934, 0.0755854249001]
    }
},
"lowlevel": {
    "melbands": {
        "dmean": [0.000212650207686, 0.000779686088208, 0.000961702316999, 0.000488216028316, 0.000277053652098, 0.000434850080637, 0.000539930479135, 0.000385818013456, 0.000418393989094, 0.000251386023592, 0.000129954423755, 7.89359473856e-05, 6.2591607275e-05, 4.46645426564e-05, 6.20109276497e-05, 4.05534083256e-05, 4.31177395512e-05, 3.61638522008e-05, 2.78100797004e-05, 2.36496125581e-05, 2.07700541068e-05, 2.03565869015e-05, 2.46543659159e-05, 2.65558519459e-05, 1.95740394702e-05, 1.60289855557e-05, 1.14018739623e-05, 7.43415102988e-06, 4.39679570263e-06, 3.45350349562e-06, 2.48447076956e-06, 1.60170600338e-06, 7.72383032199e-07, 6.01677470513e-07, 5.23695575794e-07, 3.89174402926e-07, 2.539100592e-07, 1.0464653144e-07, 1.88700752801e-08, 1.03971820042e-09],
        "dmean2": [0.000364941108273, 0.00134172500111, 0.00166559347417, 0.00083018722944, 0.000464589218609, 0.000734164379537, 0.000955751573201, 0.000628839014098, 0.000704342091922, 0.000425323320087, 0.000202028866624, 0.000117082883662, 9.91991109913e-05, 6.96599381627e-05, 9.15981945582e-05, 6.46456537652e-05, 7.0204041549e-05, 5.87853173784e-05, 4.52753374702e-05, 3.91111461795e-05, 3.43247193086e-05, 3.21206644003e-05, 3.97767325921e-05, 4.24248246418e-05, 3.00632946164e-05, 2.57762749243e-05, 1.74862343556e-05, 1.17721774586e-05, 7.27136875867e-06, 5.58466490475e-06, 3.95614824811e-06, 2.60061278823e-06, 1.25760470837e-06, 1.00341810594e-06, 8.48864374348e-07, 6.25669031251e-07, 4.0804479795e-07, 1.68966266756e-07, 3.08123624393e-08, 1.73016823091e-09],
        "dvar": [9.03608992076e-08, 1.17540992051e-06, 1.56662895279e-06, 5.79555944569e-07, 1.62787486602e-07, 3.19680907523e-07, 8.46865077619e-07, 8.94069671631e-07, 5.19664865806e-07, 2.27798068408e-07, 8.55956940882e-08, 4.50553265807e-08, 3.96849202389e-08, 1.65395039886e-08, 4.76773394098e-08, 1.07562394547e-08, 1.82745303334e-08, 9.33531651981e-09, 6.27208951443e-09, 6.15570261431e-09, 3.17863690924e-09, 3.07472869387e-09, 3.3597906679e-09, 4.27062873953e-09, 2.41063591311e-09, 1.13713294336e-09, 9.44529343627e-10, 4.39698999433e-10, 8.77790132248e-11, 6.63064950168e-11, 3.78940871737e-11, 1.27296602079e-11, 2.42724677163e-12, 1.01263366182e-12, 9.85733196457e-13, 4.30987548167e-13, 2.07020652791e-13, 5.27397339667e-14, 2.72837337948e-15, 3.93978929288e-18],
        "dvar2": [2.64920089421e-07, 3.05137041323e-06, 4.40672556579e-06, 1.66806057678e-06, 4.32078195445e-07, 8.43561622332e-07, 2.40508256866e-06, 2.21093387154e-06, 1.49273171246e-06, 6.30403008017e-07, 2.17034738625e-07, 7.92937768779e-08, 8.74179661992e-08, 3.81942939498e-08, 1.08522463904e-07, 2.60553623121e-08, 4.32571987119e-08, 2.35453914144e-08, 1.64923008583e-08, 1.62771947032e-08, 8.50062953361e-09, 8.21379764204e-09, 8.69430127892e-09, 1.0964103403e-08, 5.47603296042e-09, 2.81577139383e-09, 1.88865345585e-09, 9.44111566703e-10, 2.26776986079e-10, 1.58040650011e-10, 8.55132839539e-11, 3.0070290008e-11, 6.03900653443e-12, 2.79365419686e-12, 2.69707173262e-12, 1.13882427794e-12, 5.42774646842e-13, 1.37459650867e-13, 7.66906849169e-15, 1.04926032633e-17],
        "max": [0.0040051555261, 0.0142932850868, 0.0155576318502, 0.0120563618839, 0.00551318377256, 0.00622516078874, 0.0104351062328, 0.010992991738, 0.0160056129098, 0.0122955702245, 0.00705320574343, 0.00558565557003, 0.00574418250471, 0.00355922826566, 0.00819747895002, 0.00271197780967, 0.00363975507207, 0.00181339518167, 0.00103211938404, 0.00169487204403, 0.000824928400107, 0.00140972144436, 0.00119590724353, 0.00139408116229, 0.00107775419019, 0.000723543169443, 0.000734673754778, 0.000669671746437, 0.000151011132402, 0.00027942773886, 0.000155782021466, 9.57744414336e-05, 3.67450811609e-05, 1.97686586034e-05, 1.77104320755e-05, 1.03320289782e-05, 8.82617860043e-06, 5.7384122556e-06, 1.17811657674e-06, 3.49306610303e-08],
        "mean": [0.000254741753452, 0.0010594218038, 0.00125585007481, 0.000717253191397, 0.000373564427719, 0.00064622820355, 0.000648053654004, 0.000498053093906, 0.000758276553825, 0.000435922382167, 0.00027961388696, 0.000154932335136, 0.000108928245027, 7.7549389971e-05, 0.000118897325592, 7.29205785319e-05, 7.47510493966e-05, 6.19299535174e-05, 4.35196270701e-05, 3.85653220292e-05, 3.58612560376e-05, 3.6735109461e-05, 5.59629224881e-05, 6.21344152023e-05, 3.976645894e-05, 3.39048201567e-05, 2.77461494989e-05, 1.59195788001e-05, 8.49435036798e-06, 6.92251614964e-06, 5.63050889468e-06, 3.45610942531e-06, 1.71091471657e-06, 1.3221217614e-06, 1.20641141166e-06, 8.32651551264e-07, 5.13045847583e-07, 2.02316783771e-07, 3.50915385638e-08, 1.78725745315e-09],
        "median": [0.000124127225718, 0.000551988254301, 0.000693641370162, 0.000374408293283, 0.000209264559089, 0.000374805764295, 0.000286437891191, 0.000159959803568, 0.000273178564385, 0.000150011954247, 0.000122515877592, 4.97913133586e-05, 2.20862202696e-05, 2.22819126066e-05, 3.95257739001e-05, 1.92812549358e-05, 1.71744122781e-05, 1.31076294565e-05, 1.16268593047e-05, 7.51129118726e-06, 7.67062556406e-06, 7.49100490793e-06, 6.37394305159e-06, 5.47419813302e-06, 8.19691467768e-06, 8.79659728525e-06, 3.38199151884e-06, 3.7229026475e-06, 3.83947508453e-06, 2.33300147556e-06, 1.42380838497e-06, 1.26375573473e-06, 7.96066501607e-07, 7.25452764527e-07, 6.23015864676e-07, 4.38092371269e-07, 3.0082532021e-07, 1.151697262e-07, 1.79833019587e-08, 9.14031850208e-10],
        "min": [2.31288566858e-13, 5.69665029124e-14, 2.16159267542e-14, 1.36706807983e-13, 1.14861611433e-13, 8.56593442011e-14, 7.13869881177e-14, 6.84617293412e-14, 1.62493716399e-13, 1.91921416368e-13, 1.23317507464e-13, 2.84204287166e-14, 1.18978232214e-13, 1.12396799767e-13, 4.16365245504e-14, 6.42079231038e-14, 4.4099001794e-14, 5.45638939576e-14, 1.05519103993e-14, 2.071225949e-14, 1.27954843444e-13, 3.1597006912e-13, 6.67831607615e-14, 6.20182006336e-14, 8.76937953677e-14, 2.7788055941e-14, 1.21254582438e-13, 1.06212456365e-13, 7.31485930313e-14, 2.42299754615e-14, 2.21737216668e-14, 5.4871329648e-14, 5.96629611493e-14, 3.40181679213e-14, 4.28431467007e-14, 3.10072605612e-14, 3.78597774333e-14, 2.74355157462e-14, 2.22263020841e-14, 7.44404233079e-15],
        "var": [1.48168766145e-07, 2.0852387479e-06, 2.46783429247e-06, 1.12012924092e-06, 2.45744274707e-07, 5.800043823e-07, 9.57190081863e-07, 1.08039068891e-06, 2.59372723121e-06, 1.01904834082e-06, 2.39909041966e-07, 1.94173708223e-07, 1.46984902472e-07, 4.25394865999e-08, 1.0907564274e-07, 3.64013352794e-08, 5.38027542518e-08, 2.49706317845e-08, 9.98502702743e-09, 1.41312810342e-08, 6.82497747206e-09, 6.41056097095e-09, 1.49466323762e-08, 2.05096544192e-08, 7.90246446059e-09, 4.7039301343e-09, 5.05301445131e-09, 1.96781058115e-09, 2.17097700927e-10, 2.86879159317e-10, 1.73739397868e-10, 4.5206303978e-11, 8.36384520669e-12, 3.50920941611e-12, 3.38362454375e-12, 1.17754146278e-12, 3.92353901105e-13, 7.81217064237e-14, 3.15662497904e-15, 7.0662218156e-18]
    },
    "mfcc": {
        "dmean": [12.8419389725, 9.78547477722, 10.0148916245, 8.11026287079, 8.27240943909, 7.64412021637, 7.69231033325, 7.48443841934, 7.29036235809, 7.12143325806, 6.87067127228, 6.76543855667, 6.75805091858],
        "dmean2": [17.1111831665, 15.8490476608, 15.9256572723, 13.3220252991, 13.421918869, 12.7724504471, 12.6424732208, 12.3345317841, 11.9531545639, 11.7478103638, 11.4225702286, 11.405128479, 11.3345746994],
        "dvar": [241.364868164, 66.421546936, 73.3198928833, 41.6372718811, 43.4589271545, 36.6029815674, 36.3045196533, 33.3600273132, 29.9688110352, 29.3657913208, 28.3524074554, 27.1601600647, 28.4621143341],
        "dvar2": [398.813659668, 163.06993103, 185.307647705, 109.305717468, 113.262298584, 98.8924026489, 98.2150421143, 90.5289916992, 83.7963485718, 79.4282836914, 76.8056106567, 75.9542160034, 78.1105499268],
        "max": [-508.922637939, 202.601379395, 44.0346870422, 99.0126190186, 27.5047187805, 45.9256820679, 37.4633178711, 59.4003105164, 11.9246864319, 50.3682098389, 27.9481582642, 42.5829734802, 18.3174285889],
        "mean": [-630.937683105, 138.500259399, -20.4044914246, 39.8512153625, -25.0912284851, 7.79108285904, -16.3374290466, 10.4088191986, -15.7682409286, 13.6718444824, -7.23421049118, 7.37873601913, -14.2641067505],
        "median": [-638.016357422, 141.025085449, -17.9115791321, 38.2581748962, -26.1918888092, 8.4758644104, -17.3382492065, 10.0942668915, -15.2896728516, 14.227350235, -7.68306732178, 7.37826156616, -13.355009079],
        "min": [-1138.42004395, 1.14440917969e-05, -101.455062866, -12.1860198975, -82.9767303467, -32.1396903992, -54.0474624634, -26.4168624878, -52.9961547852, -31.4010391235, -40.1005020142, -27.901676178, -57.1976089478],
        "var": [2218.1484375, 527.706359863, 544.451171875, 260.62121582, 238.675994873, 163.231170654, 187.753814697, 120.710906982, 108.28918457, 123.761169434, 97.272857666, 85.0233535767, 119.589302063],
        "cov": [[2219.00488281, -335.646484375, -683.6796875, 139.948776245, 37.0863838196, -104.432434082, -48.0625534058, 115.104187012, -46.4606437683, -24.3867015839, -22.7714195251, 6.96732091904, -87.4947509766], [-335.646484375, 527.910095215, 206.398406982, -158.535552979, -88.9405288696, 45.4496879578, -6.98247623444, -73.7039489746, 30.8411312103, 32.7093772888, 18.6609344482, 33.0131454468, 46.8550872803], [-683.6796875, 206.398406982, 544.661376953, 26.128238678, 16.4592761993, 67.8541717529, 8.3542137146, -11.3741941452, 9.97992420197, 8.78735256195, -10.6802196503, -9.27644824982, 28.089673996], [139.948776245, -158.535552979, 26.128238678, 260.721832275, 139.134368896, -45.1717796326, -27.2983226776, 40.2727165222, -9.46768760681, -25.3293113708, -9.97244167328, -19.2023677826, -4.80532741547], [37.0863838196, -88.9405288696, 16.4592761993, 139.134368896, 238.7681427, 8.44805812836, -32.7043228149, 34.8243484497, -8.69100570679, -17.5550689697, -18.3014812469, -13.8849859238, 3.47308826447], [-104.432434082, 45.4496879578, 67.8541717529, -45.1717796326, 8.44805812836, 163.294189453, 92.2870864868, 7.75471544266, 0.551784873009, -16.7843666077, -7.10477590561, 0.422382026911, -19.6643543243], [-48.0625534058, -6.98247623444, 8.3542137146, -27.2983226776, -32.7043228149, 92.2870864868, 187.826309204, 51.4587783813, -24.1242485046, -21.1599788666, -9.08261299133, 6.78033971786, -18.5857028961], [115.104187012, -73.7039489746, -11.3741941452, 40.2727165222, 34.8243484497, 7.75471544266, 51.4587783813, 120.757514954, 14.5914182663, -22.0716381073, -4.14059591293, -4.26261615753, -7.12573814392], [-46.4606437683, 30.8411312103, 9.97992420197, -9.46768760681, -8.69100570679, 0.551784873009, -24.1242485046, 14.5914182663, 108.330993652, 47.9150810242, 8.99092388153, 1.78514254093, 5.5296754837], [-24.3867015839, 32.7093772888, 8.78735256195, -25.3293113708, -17.5550689697, -16.7843666077, -21.1599788666, -22.0716381073, 47.9150810242, 123.808952332, 36.6615905762, 5.97007131577, 17.8215770721], [-22.7714195251, 18.6609344482, -10.6802196503, -9.97244167328, -18.3014812469, -7.10477590561, -9.08261299133, -4.14059591293, 8.99092388153, 36.6615905762, 97.3104095459, 32.0573692322, -3.53580522537], [6.96732091904, 33.0131454468, -9.27644824982, -19.2023677826, -13.8849859238, 0.422382026911, 6.78033971786, -4.26261615753, 1.78514254093, 5.97007131577, 32.0573692322, 85.0561752319, 41.6830978394], [-87.4947509766, 46.8550872803, 28.089673996, -4.80532741547, 3.47308826447, -19.6643543243, -18.5857028961, -7.12573814392, 5.5296754837, 17.8215770721, -3.53580522537, 41.6830978394, 119.635475159]],
        "icov": [[0.00103769940324, -0.000331372604705, 0.00144782359712, -0.00105173501652, 0.000618809426669, -0.000667684886139, 0.00110761495307, -0.00156410119962, 0.00112612929661, -0.000945592240896, 0.00103576260153, -0.000878794351593, 0.000883320870344], [-0.000331372604705, 0.00338765396737, -0.00174490513746, 0.00223885243759, -0.00030049693305, 0.000358558667358, -0.000565477646887, 0.00201200949959, -0.0014243836049, 0.00085835828213, -0.000895707809832, -6.22300285613e-05, -0.00103666784707], [0.00144782359712, -0.00174490513746, 0.00460544647649, -0.00281276996247, 0.0012203437509, -0.00239099189639, 0.00202248198912, -0.00261654611677, 0.00197681272402, -0.0017757382011, 0.00172000774182, -0.00056242296705, 0.00069780391641], [-0.00105173501652, 0.00223885243759, -0.00281276996247, 0.00881294067949, -0.00457539223135, 0.00371662713587, -0.00212843180634, 0.00178329634946, -0.00206595519558, 0.00249702320434, -0.00208192155696, 0.00152808276471, -0.000982757541351], [0.000618809426669, -0.00030049693305, 0.0012203437509, -0.00457539223135, 0.00775003572926, -0.00373385869898, 0.00374249415472, -0.00324849481694, 0.00230783759616, -0.00159703777172, 0.00188426987734, -0.000696442497429, 7.87224053056e-05], [-0.000667684886139, 0.000358558667358, -0.00239099189639, 0.00371662713587, -0.00373385869898, 0.0120799420401, -0.00727261323482, 0.00376351224259, -0.00353888887912, 0.00288074207492, -0.00138024077751, 0.00061811337946, 0.000748527352698], [0.00110761495307, -0.000565477646887, 0.00202248198912, -0.00212843180634, 0.00374249415472, -0.00727261323482, 0.0122181065381, -0.00739466957748, 0.00533955171704, -0.00298308953643, 0.00298339407891, -0.00277603813447, 0.00187776773237], [-0.00156410119962, 0.00201200949959, -0.00261654611677, 0.00178329634946, -0.00324849481694, 0.00376351224259, -0.00739466957748, 0.0155970416963, -0.00677600689232, 0.00509011931717, -0.00337421800941, 0.00238664471544, -0.00212913239375], [0.00112612929661, -0.0014243836049, 0.00197681272402, -0.00206595519558, 0.00230783759616, -0.00353888887912, 0.00533955171704, -0.00677600689232, 0.0149613618851, -0.00724737299606, 0.00298554473557, -0.00195936881937, 0.00177055667154], [-0.000945592240896, 0.00085835828213, -0.0017757382011, 0.00249702320434, -0.00159703777172, 0.00288074207492, -0.00298308953643, 0.00509011931717, -0.00724737299606, 0.0138326426968, -0.00628728000447, 0.00348960212432, -0.00327815115452], [0.00103576260153, -0.000895707809832, 0.00172000774182, -0.00208192155696, 0.00188426987734, -0.00138024077751, 0.00298339407891, -0.00337421800941, 0.00298554473557, -0.00628728000447, 0.0159663930535, -0.00804175529629, 0.00467413105071], [-0.000878794351593, -6.22300285613e-05, -0.00056242296705, 0.00152808276471, -0.000696442497429, 0.00061811337946, -0.00277603813447, 0.00238664471544, -0.00195936881937, 0.00348960212432, -0.00804175529629, 0.0190593488514, -0.00789974350482], [0.000883320870344, -0.00103666784707, 0.00069780391641, -0.000982757541351, 7.87224053056e-05, 0.000748527352698, 0.00187776773237, -0.00212913239375, 0.00177055667154, -0.00327815115452, 0.00467413105071, -0.00789974350482, 0.01279012952]]
    }
}

}