{
"metadata": {
    "version": {
        "essentia": "2.0.1",
        "extractor": "archive-music 1.0 mod ismir14"
    },
    "audio_properties": {
        "analysis_sample_rate": 44100,
        "bitrate": 128,
        "channels": 2,
        "equal_loudness": 0,
        "length": 30.0669155121,
        "replay_gain": -13.8431720734,
        "downmix": "mix"
    },
    "tags": {
        "track": 0,
        "year": 0,
        "album": "",
        "artist": "",
        "comment": "",
        "genre": "",
        "title": ""
    }
},
"rhythm": {
    "bpm": 90.2956161499,
    "bpm_histogram_first_peak": 91,
    "bpm_histogram_first_peak_spread": 0.341463446617,
    "bpm_histogram_first_peak_weight": 0.62790697813,
    "bpm_histogram_second_peak": 83,
    "bpm_histogram_second_peak_spread": 0.5,
    "bpm_histogram_second_peak_weight": 0.0232558138669
},
"tonal": {
    "tuning_frequency": {
        "dmean": 0.0864899307489,
        "dmean2": 0.153665304184,
        "dvar": 1.22317445278,
        "dvar2": 2.25245523453,
        "max": 456.570251465,
        "mean": 443.63885498,
        "median": 444.085327148,
        "min": 431.193908691,
        "var": 26.2008419037
    },
    "hpcp": {
        "dmean": [0.18422819674, 0.175529196858, 0.173082515597, 0.123083852232, 0.166192576289, 0.193929255009, 0.200230658054, 0.229729548097, 0.210983470082, 0.165840432048, 0.182381182909, 0.184574872255],
        "dmean2": [0.341159880161, 0.336372822523, 0.319460123777, 0.22907781601, 0.303093075752, 0.361975312233, 0.378325521946, 0.421255111694, 0.394012272358, 0.310975074768, 0.340995967388, 0.341728687286],
        "dvar": [0.0878861770034, 0.101850494742, 0.0832240432501, 0.0630802586675, 0.0758247971535, 0.0972266942263, 0.110291540623, 0.0994021743536, 0.106736369431, 0.084625005722, 0.0947035253048, 0.0831644535065],
        "dvar2": [0.230073302984, 0.288935750723, 0.243661016226, 0.182032123208, 0.211233153939, 0.27244630456, 0.29154664278, 0.258260786533, 0.291413992643, 0.240075156093, 0.271650314331, 0.2336615026],
        "max": [1, 1, 1, 1, 1, 1, 1, 1, 1, 1, 1, 1],
        "mean": [0.181364774704, 0.121443398297, 0.157768577337, 0.112136654556, 0.166733711958, 0.206281587481, 0.147313058376, 0.27181404829, 0.159972667694, 0.123064152896, 0.134740650654, 0.14999717474],
        "median": [0.0313242226839, 0.00812370143831, 0.0282311886549, 0.0106683848426, 0.0204430427402, 0.0287860203534, 0.00873821508139, 0.0745366066694, 0.0182077363133, 0.0151656297967, 0.0139279766008, 0.0264158472419],
        "min": [0, 0, 0, 0, 0, 0, 0, 0, 0, 0, 0, 0],
        "var": [0.0971112772822, 0.0763179138303, 0.0804680138826, 0.0644469037652, 0.0883397758007, 0.115271277726, 0.0919832438231, 0.13402710855, 0.0893420726061, 0.0647156015038, 0.0764769688249, 0.0737232267857]
    }
},
"lowlevel": {
    "melbands": {
        "dmean": [0.000752938736696, 0.0024933856912, 0.00122551084496, 0.000476776767755, 0.000336468481692, 0.000256760831689, 0.000283317291178, 0.000320212973747, 0.000460069510154, 0.000314906996209, 0.000143022611155, 0.000159674716997, 0.000141393466038, 9.7843912954e-05, 0.000139041920193, 0.000136509086587, 3.27283596562e-05, 2.52552181337e-05, 1.47661157825e-05, 1.77213696588e-05, 2.77070575976e-05, 2.07876873901e-05, 3.56842392648e-05, 2.54369060713e-05, 1.47786031448e-05, 1.73772132257e-05, 1.35118007165e-05, 8.10417805042e-06, 3.90384047932e-06, 3.21805100612e-06, 1.7363064444e-06, 8.57424083733e-07, 5.03041064803e-07, 3.91993324911e-07, 3.591759139e-07, 3.23903350363e-07, 1.65934153529e-07, 1.1102716968e-07, 3.05745331275e-08, 2.91159674148e-09],
        "dmean2": [0.00123677286319, 0.00453013367951, 0.00214685709216, 0.000809319491964, 0.000577261438593, 0.000437988463091, 0.00047153927153, 0.00050230557099, 0.000675435294397, 0.000432118395111, 0.000211340229725, 0.000223919967539, 0.000186531819054, 0.000154553315951, 0.000205585558433, 0.000196048145881, 4.74627340736e-05, 3.79411467293e-05, 2.36324431171e-05, 2.84445068246e-05, 4.49982617283e-05, 3.39891485055e-05, 5.72413919144e-05, 3.81982135877e-05, 2.23053248192e-05, 2.75196907751e-05, 2.00183676498e-05, 1.19609048852e-05, 5.87790509599e-06, 4.73790169053e-06, 2.69813585874e-06, 1.36349240165e-06, 8.09523100997e-07, 6.3380997517e-07, 5.74504554152e-07, 5.19868649462e-07, 2.63911402953e-07, 1.79813966383e-07, 4.84882178853e-08, 4.86984719217e-09],
        "dvar": [6.53712277199e-07, 8.31924535305e-06, 1.84613281817e-06, 4.693006872e-07, 5.36973345788e-07, 1.95163764261e-07, 2.3277954142e-07, 3.88684242125e-07, 8.6212082806e-07, 1.03777892946e-06, 2.86418099904e-07, 2.27534755481e-07, 1.36751552304e-07, 9.74439515744e-08, 1.36686225005e-07, 1.70796269572e-07, 8.93744633856e-09, 4.40595737672e-09, 6.52926102074e-10, 9.08361497132e-10, 3.28003224581e-09, 2.11699857644e-09, 6.33932284444e-09, 3.03387204248e-09, 8.91786922086e-10, 1.1317130566e-09, 8.53106807419e-10, 2.9240110333e-10, 6.34333974237e-11, 5.24962816273e-11, 1.29742102478e-11, 2.3614042579e-12, 6.0548023843e-13, 3.56436993636e-13, 3.44812882674e-13, 2.16695788375e-13, 7.13830036747e-14, 3.595636904e-14, 2.85875673753e-15, 3.25473303338e-17],
        "dvar2": [1.82294024853e-06, 2.75893526123e-05, 5.37539835932e-06, 1.21931577723e-06, 1.51144263327e-06, 5.40307780739e-07, 6.09281755715e-07, 9.08859476567e-07, 1.71298893292e-06, 1.82473934274e-06, 4.79035804801e-07, 3.70263506966e-07, 2.23643638719e-07, 2.3245698344e-07, 2.41315234462e-07, 2.91185898504e-07, 1.2243292602e-08, 9.26932663958e-09, 1.51012724547e-09, 2.23347984551e-09, 7.97989141432e-09, 5.57987833716e-09, 1.67552762775e-08, 6.25892138117e-09, 1.96099980698e-09, 2.877664107e-09, 1.7765883209e-09, 5.58050994304e-10, 1.24605367691e-10, 1.00260036384e-10, 2.90043301876e-11, 5.71918033765e-12, 1.50682656457e-12, 8.34273405567e-13, 8.00266103385e-13, 5.08442517689e-13, 1.69773456361e-13, 9.45383026962e-14, 6.16495608835e-15, 8.51054236171e-17],
        "max": [0.00852106977254, 0.0252106040716, 0.0130935395136, 0.00910248234868, 0.0111270025373, 0.00651519652456, 0.0107872746885, 0.0108607206494, 0.0181804653257, 0.0198883265257, 0.0259005203843, 0.0172261856496, 0.0150405755267, 0.00795581005514, 0.00878514256328, 0.0126095172018, 0.00441277213395, 0.00171800120734, 0.000398296862841, 0.000351347785909, 0.000901374907698, 0.000691267487127, 0.0011861108942, 0.000839685788378, 0.000585825473536, 0.000537009909749, 0.000534916995093, 0.000324188324157, 0.000157528324053, 0.000150396677782, 7.04174308339e-05, 3.71233691112e-05, 1.14934882731e-05, 9.71594727162e-06, 1.12117440949e-05, 7.00575219525e-06, 6.21128219791e-06, 4.10090888181e-06, 1.04604032458e-06, 1.28152166212e-07],
        "mean": [0.00128825742286, 0.00346778077073, 0.00182189664338, 0.000683118705638, 0.000443337543402, 0.000385295687011, 0.000445390702225, 0.000598045415245, 0.000904846645426, 0.00061001512222, 0.000237349333474, 0.000270570861176, 0.000315569021041, 0.000146506965393, 0.000231884492678, 0.000247983116424, 6.12400253885e-05, 4.25372600148e-05, 2.58431864495e-05, 3.03165179503e-05, 4.46518824901e-05, 3.45592925441e-05, 5.76841266593e-05, 4.57304377051e-05, 2.84043817373e-05, 3.12738811772e-05, 2.53941070696e-05, 1.52468783199e-05, 7.44240014683e-06, 5.79351853958e-06, 3.13724194712e-06, 1.63594290825e-06, 9.81118432719e-07, 8.52676237173e-07, 7.57878751756e-07, 6.5689408757e-07, 3.55723500434e-07, 2.35290670503e-07, 6.90711274842e-08, 5.09407716009e-09],
        "median": [0.000927772663999, 0.00240888306871, 0.00127377815079, 0.000404236052418, 0.000195236003492, 0.000181585623068, 0.000167706617503, 0.000186702076462, 0.000243424612563, 9.14108459256e-05, 4.95097810926e-05, 6.2371356762e-05, 4.76071618323e-05, 4.45961632067e-05, 5.5727257859e-05, 4.19050338678e-05, 1.37866509249e-05, 1.11107519842e-05, 1.07414234662e-05, 1.22235342133e-05, 1.30547032313e-05, 1.05500739664e-05, 1.45642743519e-05, 9.84594680631e-06, 9.04083481146e-06, 1.16521678137e-05, 6.46700073048e-06, 3.63100912182e-06, 2.63344759333e-06, 1.80604274647e-06, 1.24168866478e-06, 8.84267308265e-07, 6.04009642302e-07, 5.34144874109e-07, 4.93273830671e-07, 4.49078697784e-07, 2.21122505195e-07, 1.49620518641e-07, 4.2386965049e-08, 2.96241564612e-09],
        "min": [2.46048635124e-23, 2.75367581522e-23, 1.11961631994e-23, 9.21003547657e-24, 2.89884673217e-23, 1.47159414405e-23, 1.5961347706e-23, 1.04300680311e-23, 1.40339175454e-23, 3.83040153109e-23, 1.76566397681e-23, 3.37004597263e-23, 2.08552072592e-23, 1.40413028612e-23, 2.87032783272e-23, 4.19574447331e-23, 1.8802005849e-23, 9.48440603257e-24, 2.09477990191e-23, 3.80768549246e-23, 3.96045661091e-23, 3.8708997567e-23, 1.66520853587e-23, 1.84741584122e-23, 2.13796609216e-23, 1.45583554307e-23, 2.17606160523e-23, 1.89010804678e-23, 1.49500927121e-23, 1.69521712025e-23, 1.45553972023e-23, 1.34881441281e-23, 1.62655245825e-23, 1.42184179117e-23, 1.62895390862e-23, 2.18714415431e-23, 1.09743165802e-23, 1.81724806472e-23, 1.81554885833e-23, 1.58267617247e-23],
        "var": [1.46999082062e-06, 1.06304751171e-05, 2.97270980809e-06, 7.18855687865e-07, 5.94613482008e-07, 3.48001890416e-07, 6.15537260273e-07, 1.06732613858e-06, 2.80000199382e-06, 3.69481267626e-06, 1.23272127439e-06, 6.63594619255e-07, 7.10120502845e-07, 1.35448559035e-07, 3.52660208591e-07, 6.23981577519e-07, 5.68580738047e-08, 1.42805482994e-08, 1.60656199455e-09, 1.74448733237e-09, 5.91032467412e-09, 3.4368530244e-09, 1.16978293718e-08, 7.51597895032e-09, 2.18388884754e-09, 2.51950726948e-09, 2.20479901003e-09, 8.07264477487e-10, 1.6611366449e-10, 1.35573260951e-10, 2.72457837541e-11, 4.8978516555e-12, 1.27837020483e-12, 8.8347227754e-13, 7.44978135171e-13, 4.49032900706e-13, 1.61284573479e-13, 7.40856486402e-14, 7.31441410261e-15, 4.87409194543e-17]
    },
    "mfcc": {
        "dmean": [13.8506307602, 9.30533123016, 9.85883617401, 8.30292034149, 8.10376930237, 7.82014656067, 7.60108041763, 7.21305799484, 6.87557983398, 6.88205242157, 6.78400421143, 6.74719572067, 6.32957363129],
        "dmean2": [17.282283783, 14.8079023361, 15.2857866287, 13.2631340027, 13.1980390549, 12.7599487305, 12.6119794846, 12.0480642319, 11.4211988449, 11.4110450745, 11.0659275055, 11.1716756821, 10.3916482925],
        "dvar": [275.344726562, 55.7790718079, 68.6280288696, 44.9522018433, 37.6686058044, 38.0656852722, 33.6187210083, 31.343547821, 27.4860153198, 27.8008842468, 27.8260803223, 28.0826377869, 24.0538978577],
        "dvar2": [304.326843262, 135.464584351, 148.814208984, 108.903030396, 99.7750396729, 97.4826202393, 94.2743377686, 85.5941009521, 73.2077560425, 75.5854492188, 76.6965789795, 73.502281189, 63.6178436279],
        "max": [-512.073608398, 201.98538208, 45.2898826599, 95.1685180664, 35.9236488342, 57.2144393921, 46.8477096558, 60.6100158691, 20.1625289917, 49.1134300232, 29.6034431458, 46.1277999878, 22.7318382263],
        "mean": [-622.48651123, 144.764007568, -19.7150630951, 41.4039878845, -9.84541416168, 9.95255374908, 0.402519911528, 18.0304470062, -10.9309015274, 11.7395343781, -3.7601146698, 13.1152076721, -4.97748804092],
        "median": [-625.361206055, 145.208206177, -17.6327495575, 40.9054946899, -9.91997909546, 10.8195171356, -0.0974235534668, 18.1755657196, -10.7026176453, 11.5244235992, -3.6593132019, 13.1382293701, -4.85843276978],
        "min": [-1138.42004395, 1.14440917969e-05, -84.5556182861, -18.5419769287, -56.8960418701, -39.5644264221, -40.3709945679, -26.6190261841, -45.9140014648, -32.2572822571, -34.4723930359, -23.9941940308, -30.9217948914],
        "var": [2389.16601562, 311.901245117, 509.035064697, 311.621246338, 220.946258545, 223.978500366, 166.330230713, 128.463058472, 86.4502487183, 105.767623901, 93.0000305176, 88.4373397827, 74.037399292],
        "cov": [[2390.08837891, 71.9958343506, -682.259155273, 49.7958450317, -309.899871826, -230.642807007, -127.804092407, -73.6071929932, -46.9099769592, -9.29731559753, -65.5931472778, 10.1752986908, -74.7800598145], [71.9958343506, 312.02166748, 11.0621738434, -90.5963592529, -60.2463035583, 0.905648589134, 15.2867183685, 5.75968790054, -17.1153869629, 19.844909668, 47.3059616089, -1.1108071804, -3.22640228271], [-682.259155273, 11.0621738434, 509.2315979, -22.7709560394, 166.535110474, 75.1992416382, 17.4205875397, 17.4055519104, 19.5875244141, 19.5803108215, 5.46699333191, -14.2861995697, 23.9541854858], [49.7958450317, -90.5963592529, -22.7709560394, 311.741546631, 66.0430297852, -6.40494441986, -58.2645683289, -20.597650528, 48.5846061707, 14.8258943558, -43.5594673157, -3.87133359909, 21.9832305908], [-309.899871826, -60.2463035583, 166.535110474, 66.0430297852, 221.031570435, 42.7150917053, 15.6330270767, -13.662604332, 20.6479797363, 25.054523468, -13.8934030533, 1.81144011021, 5.96166801453], [-230.642807007, 0.905648589134, 75.1992416382, -6.40494441986, 42.7150917053, 224.064987183, 102.4871521, 37.7395248413, -18.4132537842, -9.05408573151, 37.132900238, -6.38020324707, -18.015504837], [-127.804092407, 15.2867183685, 17.4205875397, -58.2645683289, 15.6330270767, 102.4871521, 166.394454956, 68.512260437, -10.2273464203, -21.3712768555, 23.3841018677, 13.6539726257, -12.461306572], [-73.6071929932, 5.75968790054, 17.4055519104, -20.597650528, -13.662604332, 37.7395248413, 68.512260437, 128.512649536, 23.2365684509, -17.6264381409, 8.88132953644, 12.1514625549, 6.75824928284], [-46.9099769592, -17.1153869629, 19.5875244141, 48.5846061707, 20.6479797363, -18.4132537842, -10.2273464203, 23.2365684509, 86.4836273193, 39.0772781372, -4.15146398544, 0.168695628643, 7.77127790451], [-9.29731559753, 19.844909668, 19.5803108215, 14.8258943558, 25.054523468, -9.05408573151, -21.3712768555, -17.6264381409, 39.0772781372, 105.808456421, 28.3635311127, -2.68384075165, -1.22428441048], [-65.5931472778, 47.3059616089, 5.46699333191, -43.5594673157, -13.8934030533, 37.132900238, 23.3841018677, 8.88132953644, -4.15146398544, 28.3635311127, 93.0359344482, 30.0908203125, -5.11489295959], [10.1752986908, -1.1108071804, -14.2861995697, -3.87133359909, 1.81144011021, -6.38020324707, 13.6539726257, 12.1514625549, 0.168695628643, -2.68384075165, 30.0908203125, 88.4714813232, 26.1012935638], [-74.7800598145, -3.22640228271, 23.9541854858, 21.9832305908, 5.96166801453, -18.015504837, -12.461306572, 6.75824928284, 7.77127790451, -1.22428441048, -5.11489295959, 26.1012935638, 74.0659866333]],
        "icov": [[0.000838465231936, -0.000268512929324, 0.00083396944683, -0.000209458026802, 0.000500555092003, 0.000308380083879, 0.000245181581704, -2.73880850727e-05, 0.000484370451886, -0.000465274380986, 0.000873522367328, -0.000577305094339, 0.000911026727408], [-0.000268512929324, 0.00402742810547, -0.00067013700027, 0.000640379963443, 0.000948610191699, 0.000266488234047, -0.000468719663331, 1.83210559044e-05, 0.000511289108545, -0.000725874560885, -0.00181621918455, 0.000858786515892, -0.000654776289593], [0.00083396944683, -0.00067013700027, 0.00393463531509, 0.000738111441024, -0.00212185876444, -0.000631961273029, 0.00121824839152, -0.000642552389763, -0.000158127906616, -0.000148829552927, 0.000620469800197, 0.000387074018363, -0.000477540976135], [-0.000209458026802, 0.000640379963443, 0.000738111441024, 0.00485289329663, -0.00163525447715, -0.00149163394235, 0.00197271537036, 0.000247431977186, -0.00260405405425, 0.000335429911502, 0.00131525006145, -7.09941377863e-05, -0.00138991861604], [0.000500555092003, 0.000948610191699, -0.00212185876444, -0.00163525447715, 0.0082088150084, -0.00028870117967, -0.00170566048473, 0.0017628899077, 0.00014691677643, -0.00219607050531, 0.00216103647836, -0.00180516671389, 0.00127318745945], [0.000308380083879, 0.000266488234047, -0.000631961273029, -0.00149163394235, -0.00028870117967, 0.00794064067304, -0.00441580638289, -0.000388404820114, 0.00220619793981, 0.000180978895514, -0.00313925044611, 0.00185282400344, 0.00111903063953], [0.000245181581704, -0.000468719663331, 0.00121824839152, 0.00197271537036, -0.00170566048473, -0.00441580638289, 0.0119868982583, -0.00483837164938, 0.000322985230014, 0.000933591101784, 0.000619758095127, -0.00182710250374, 0.0014372759033], [-2.73880850727e-05, 1.83210559044e-05, -0.000642552389763, 0.000247431977186, 0.0017628899077, -0.000388404820114, -0.00483837164938, 0.0123196896166, -0.00558879831806, 0.00286397035234, -0.000462110561784, -0.000459871866042, -0.00130312878173], [0.000484370451886, 0.000511289108545, -0.000158127906616, -0.00260405405425, 0.00014691677643, 0.00220619793981, 0.000322985230014, -0.00558879831806, 0.0190092939883, -0.00789963267744, 0.00188233342487, -0.000399181328248, 0.000570013478864], [-0.000465274380986, -0.000725874560885, -0.000148829552927, 0.000335429911502, -0.00219607050531, 0.000180978895514, 0.000933591101784, 0.00286397035234, -0.00789963267744, 0.0154741611332, -0.00661545852199, 0.00249280920252, -0.000686966290232], [0.000873522367328, -0.00181621918455, 0.000620469800197, 0.00131525006145, 0.00216103647836, -0.00313925044611, 0.000619758095127, -0.000462110561784, 0.00188233342487, -0.00661545852199, 0.019182600081, -0.00795325357467, 0.00324134225957], [-0.000577305094339, 0.000858786515892, 0.000387074018363, -7.09941377863e-05, -0.00180516671389, 0.00185282400344, -0.00182710250374, -0.000459871866042, -0.000399181328248, 0.00249280920252, -0.00795325357467, 0.0167052857578, -0.00667223753408], [0.000911026727408, -0.000654776289593, -0.000477540976135, -0.00138991861604, 0.00127318745945, 0.00111903063953, 0.0014372759033, -0.00130312878173, 0.000570013478864, -0.000686966290232, 0.00324134225957, -0.00667223753408, 0.0179941877723]]
    }
}

}