{
"metadata": {
    "version": {
        "essentia": "2.0.1",
        "extractor": "archive-music 1.0 mod ismir14"
    },
    "audio_properties": {
        "analysis_sample_rate": 44100,
        "bitrate": 128,
        "channels": 2,
        "equal_loudness": 0,
        "length": 30.0669155121,
        "replay_gain": -8.87267494202,
        "downmix": "mix"
    },
    "tags": {
        "track": 7,
        "year": 0,
        "album": "The Cool Jazz Collection",
        "artist": "Astrud Gilberto",
        "comment": "",
        "genre": "Jazz",
        "title": "Girl From Ipanema"
    }
},
"rhythm": {
    "bpm": 130.002792358,
    "bpm_histogram_first_peak": 129,
    "bpm_histogram_first_peak_spread": 0.490909099579,
    "bpm_histogram_first_peak_weight": 0.444444447756,
    "bpm_histogram_second_peak": 136,
    "bpm_histogram_second_peak_spread": 0.199999988079,
    "bpm_histogram_second_peak_weight": 0.0634920671582
},
"tonal": {
    "tuning_frequency": {
        "dmean": 0.256859302521,
        "dmean2": 0.419124633074,
        "dvar": 3.70291256905,
        "dvar2": 9.44285488129,
        "max": 454.727905273,
        "mean": 437.049987793,
        "median": 436.456176758,
        "min": 436.456176758,
        "var": 3.50498700142
    },
    "hpcp": {
        "dmean": [0.058204986155, 0.238984748721, 0.078798994422, 0.255534946918, 0.153144836426, 0.069763071835, 0.215289980173, 0.0459256470203, 0.196352422237, 0.121938973665, 0.174250125885, 0.185576140881],
        "dmean2": [0.111111350358, 0.416727185249, 0.142567321658, 0.47105333209, 0.271877348423, 0.127716958523, 0.361539155245, 0.0858229920268, 0.357860445976, 0.227856963873, 0.317686617374, 0.32578715682],
        "dvar": [0.0223945379257, 0.0971543267369, 0.0322991348803, 0.113184422255, 0.0610648691654, 0.02522678487, 0.0824505090714, 0.013751658611, 0.0747731328011, 0.0555349513888, 0.0796828642488, 0.075672596693],
        "dvar2": [0.0626754239202, 0.214887395501, 0.0874908193946, 0.242864951491, 0.127669274807, 0.0608899369836, 0.181181788445, 0.0274602938443, 0.19188952446, 0.158141821623, 0.220539852977, 0.173882424831],
        "max": [1, 1, 1, 1, 1, 1, 1, 1, 1, 1, 1, 1],
        "mean": [0.0416238568723, 0.313338637352, 0.0485555976629, 0.324143737555, 0.152673304081, 0.073825456202, 0.278424173594, 0.0562681816518, 0.202682688832, 0.0865842327476, 0.133603692055, 0.174950048327],
        "median": [0.00527408299968, 0.0977445840836, 0.00605585519224, 0.0659254044294, 0.0311417933553, 0.0101242745295, 0.0862937867641, 0.00714471423998, 0.0372228063643, 0.0101166926324, 0.0319716930389, 0.0234209802002],
        "min": [6.89312219038e-05, 5.23405506101e-05, 2.79386149487e-05, 0.000305760797346, 3.86008723581e-05, 0.000150498977746, 3.20086001011e-05, 8.61481603351e-05, 1.88516642083e-05, 0.00011940622062, 7.83464784035e-05, 0.000408028747188],
        "var": [0.0161736588925, 0.146260529757, 0.0189666561782, 0.167023822665, 0.0712329149246, 0.0383172370493, 0.132777452469, 0.0304295364767, 0.100693203509, 0.0419617034495, 0.0690048709512, 0.0885802432895]
    }
},
"lowlevel": {
    "melbands": {
        "dmean": [0.000129537627799, 0.000321116385749, 0.000323391286656, 0.000158675844432, 0.000106116262032, 3.42674466083e-05, 1.93272335309e-05, 2.61323166342e-05, 1.01613659353e-05, 7.94592233433e-06, 7.49376704334e-06, 8.23431855679e-06, 1.38625625823e-06, 1.03239756299e-06, 1.65668143381e-06, 1.16774754133e-06, 9.09327070531e-07, 2.7865232255e-07, 3.36809506507e-07, 2.85754509832e-07, 1.13454902362e-07, 1.73937749537e-07, 2.21417579382e-07, 1.93919333924e-07, 6.86234500336e-08, 5.04611250562e-08, 7.70207506662e-08, 1.25497294334e-07, 9.87613901771e-08, 1.42066696185e-07, 2.63532797362e-07, 4.59533708863e-07, 4.42684836344e-07, 2.40997536594e-07, 1.1966284319e-07, 6.46176658847e-08, 3.56318352601e-08, 1.27409780504e-08, 3.72921649117e-09, 3.77310682698e-10],
        "dmean2": [0.000211533944821, 0.0005124991294, 0.000514879182447, 0.000249833188718, 0.000168594327988, 5.7286444644e-05, 3.46677770722e-05, 4.8866164434e-05, 1.85291137313e-05, 1.48177632582e-05, 1.37488559631e-05, 1.45849799082e-05, 2.51966366704e-06, 1.92784727915e-06, 3.07130403598e-06, 2.20703554987e-06, 1.75023330939e-06, 5.15385067956e-07, 6.32907529052e-07, 5.21901256434e-07, 1.99395387313e-07, 3.24531072238e-07, 3.97190859758e-07, 3.62896344086e-07, 1.18077380762e-07, 8.7984908248e-08, 1.43031641642e-07, 2.38594566326e-07, 1.79521691734e-07, 2.71710007382e-07, 5.10618292537e-07, 8.8593219516e-07, 8.39790857299e-07, 4.65419333295e-07, 2.24497611612e-07, 1.22512432199e-07, 6.74844358173e-08, 2.41497364328e-08, 7.08564495966e-09, 7.08078040645e-10],
        "dvar": [6.83097027832e-08, 1.09528748737e-07, 1.24933166035e-07, 7.11758829652e-08, 1.7389618634e-08, 2.35954233929e-09, 1.94417526522e-09, 2.55188115084e-09, 4.61883253866e-10, 4.55874088479e-10, 2.06380051937e-10, 1.41533618159e-09, 8.32803270789e-12, 3.5309537412e-12, 2.43403734668e-11, 9.62279821798e-12, 1.01612104147e-11, 2.89497755195e-13, 1.06470008591e-12, 7.77777961394e-13, 4.22970035732e-14, 9.39176308338e-14, 1.4745375873e-13, 1.70198829531e-13, 1.51592639537e-14, 8.72494842352e-15, 3.72781300728e-14, 1.64318116947e-13, 4.34090426365e-14, 1.42107557818e-13, 5.56899199065e-13, 1.69771195799e-12, 1.45058791368e-12, 4.37637881663e-13, 7.64287382839e-14, 1.64808318631e-14, 4.66019443426e-15, 6.96662258623e-16, 8.72487544634e-17, 9.45633289861e-19],
        "dvar2": [1.53819868842e-07, 2.55500168578e-07, 2.64287535856e-07, 1.63332558145e-07, 3.46485009572e-08, 4.86126827681e-09, 5.64400481906e-09, 7.90282506102e-09, 1.42061851172e-09, 1.46600287465e-09, 6.08089634202e-10, 3.91537380295e-09, 2.32516055021e-11, 1.01311025541e-11, 6.85970030778e-11, 2.83047977417e-11, 2.97432599383e-11, 8.11403678622e-13, 3.04901546719e-12, 2.13145126549e-12, 1.17554308844e-13, 2.5816184585e-13, 4.15932723376e-13, 4.756648634e-13, 4.01593092548e-14, 2.29484417173e-14, 1.06446271339e-13, 4.80338804756e-13, 1.23527991763e-13, 4.22513342672e-13, 1.61560185803e-12, 4.87012643755e-12, 4.07313028791e-12, 1.03789784926e-12, 2.08330856906e-13, 4.58414671511e-14, 1.29470857931e-14, 1.94415703087e-15, 2.39610691823e-16, 2.58544792351e-18],
        "max": [0.00181462196633, 0.00219237129204, 0.0027842563577, 0.00325317168608, 0.000935972959269, 0.000302581640426, 0.000300506857457, 0.000332596042426, 0.000139016483445, 0.000180675997399, 6.70460649417e-05, 0.000367141969036, 1.84968866961e-05, 1.16297705972e-05, 4.38632087025e-05, 2.14808405872e-05, 2.66876431851e-05, 3.63058484254e-06, 8.03451530373e-06, 5.56875693292e-06, 1.12606130642e-06, 2.14412898458e-06, 2.63218339569e-06, 2.62500725512e-06, 9.24698667859e-07, 7.91893057794e-07, 1.39089456752e-06, 3.23342260344e-06, 1.16386763693e-06, 2.35714401242e-06, 4.89595640829e-06, 6.88551290295e-06, 6.19573029326e-06, 4.49636536359e-06, 1.51852225372e-06, 5.82329960253e-07, 3.3425905599e-07, 1.70047840697e-07, 6.45152695711e-08, 6.65269439537e-09],
        "mean": [0.000112465473649, 0.00038807769306, 0.000495947140735, 0.000186764940736, 0.000138659059303, 4.03679441661e-05, 1.64200700965e-05, 2.01964121516e-05, 7.85938209447e-06, 5.40902237844e-06, 5.1082729442e-06, 5.58875626666e-06, 1.10104974738e-06, 8.00604254891e-07, 1.20149013583e-06, 7.52905293666e-07, 5.58354031455e-07, 2.07470009173e-07, 2.14095237538e-07, 2.03829742418e-07, 1.00291238425e-07, 1.58478428602e-07, 1.89588931221e-07, 1.55712370997e-07, 6.30031564697e-08, 4.47575203566e-08, 6.11658208527e-08, 8.57609165905e-08, 7.09497953721e-08, 8.98828602658e-08, 1.57785294164e-07, 2.66270944849e-07, 2.69580510803e-07, 1.67690529906e-07, 7.90565266584e-08, 4.41023786379e-08, 2.48619311805e-08, 9.1733687313e-09, 2.82385803629e-09, 2.81387690926e-10],
        "median": [3.12906413455e-05, 0.000275519269053, 0.000250486104051, 0.000106179795694, 5.03991141159e-05, 1.85277694982e-05, 5.43966507394e-06, 5.7403080973e-06, 2.12295162783e-06, 9.63247771324e-07, 8.35122591525e-07, 7.04063950252e-07, 3.40186772974e-07, 3.84706481782e-07, 3.12772556299e-07, 1.22553956317e-07, 9.46244895772e-08, 6.08238295285e-08, 2.48499691935e-08, 2.54067806793e-08, 2.94539290735e-08, 6.03774594765e-08, 5.41805498244e-08, 3.1830069247e-08, 1.79157790825e-08, 1.41032243661e-08, 1.63323150559e-08, 1.94446325708e-08, 1.29133335136e-08, 1.43698555277e-08, 1.17633751628e-08, 8.02399036104e-09, 1.07051869591e-08, 9.35603328145e-09, 7.74221664557e-09, 6.16052719948e-09, 3.88067489254e-09, 1.57149382396e-09, 3.88454823863e-10, 3.40166124435e-11],
        "min": [6.0755087361e-07, 2.60303681898e-06, 1.15628938602e-06, 1.4479787751e-06, 9.99826852421e-07, 1.99400815859e-07, 1.08601469151e-07, 5.28166914648e-08, 1.50072470007e-08, 2.15146140903e-08, 1.13992513207e-08, 1.28988881798e-08, 6.46757136735e-09, 1.01858921298e-08, 7.21743820264e-09, 3.42447026291e-09, 1.28376342889e-09, 7.88097698212e-10, 8.85328144129e-10, 1.45847944832e-09, 7.48783313131e-10, 5.74315150992e-10, 5.50966938739e-10, 5.51430123785e-10, 5.07153208318e-10, 4.73038941351e-10, 9.86024928373e-10, 1.01031949473e-09, 6.63900323605e-10, 1.50778056707e-09, 1.3638783436e-09, 1.0800137451e-09, 1.40498168655e-09, 1.08674336197e-09, 7.38283711943e-10, 6.5988148279e-10, 5.84198578402e-10, 2.05237299378e-10, 5.8943988579e-11, 3.85527590754e-12],
        "var": [6.66647252956e-08, 1.72489336592e-07, 3.8445455175e-07, 9.63248396602e-08, 3.79538924733e-08, 3.15230175296e-09, 1.4080528965e-09, 1.73492775701e-09, 3.13313958111e-10, 2.82207618385e-10, 1.38176289854e-10, 9.02879937481e-10, 5.85587134339e-12, 2.29951973262e-12, 1.58619402335e-11, 5.66007310465e-12, 5.53036305986e-12, 1.97307773418e-13, 6.2787313326e-13, 5.08587096049e-13, 3.1680617873e-14, 6.81598400225e-14, 1.100754416e-13, 1.15151161176e-13, 1.44548899895e-14, 7.87784601956e-15, 2.36255395266e-14, 8.93045538778e-14, 2.67899207863e-14, 8.1610648686e-14, 3.22831144412e-13, 9.67806672476e-13, 8.92295948501e-13, 3.50095305393e-13, 5.00631979448e-14, 1.05199298234e-14, 3.08279059933e-15, 4.69617829968e-16, 6.04841743088e-17, 6.5749976103e-19]
    },
    "mfcc": {
        "dmean": [44.2534637451, 32.2750968933, 20.7887783051, 16.6659526825, 12.4744215012, 15.3617143631, 11.0295276642, 8.93863201141, 7.88339328766, 10.7331819534, 7.64668321609, 7.32111930847, 6.67153596878],
        "dmean2": [69.4870071411, 52.2448425293, 33.5922431946, 26.7855892181, 18.4744224548, 25.0976448059, 17.8166179657, 14.4650001526, 13.1602392197, 16.6459903717, 12.3875274658, 12.3182611465, 10.4016427994],
        "dvar": [1135.08691406, 781.222839355, 298.809356689, 165.513748169, 101.304336548, 163.939285278, 82.8833999634, 47.9020500183, 33.8522377014, 71.0680389404, 32.8273277283, 33.0894737244, 26.3946418762],
        "dvar2": [2879.34375, 1954.82739258, 871.324707031, 395.80960083, 230.174987793, 422.334381104, 211.649597168, 108.490814209, 86.5801849365, 182.19670105, 91.1350402832, 72.2588653564, 67.2570343018],
        "max": [-734.270324707, 217.381317139, 107.342987061, 107.661384583, 31.286365509, 71.3653106689, 23.0878334045, 41.1224899292, 14.4472846985, 27.4998874664, 23.5791969299, 37.8383369446, 12.5195236206],
        "mean": [-860.525878906, 163.021713257, 51.5634117126, 39.3747825623, -2.50142407417, 14.9810333252, -5.4835152626, 9.03791999817, -10.5135793686, -7.75921869278, -7.06955480576, 0.665700137615, -7.90833711624],
        "median": [-856.440307617, 168.995330811, 51.6648902893, 36.081577301, -0.173305511475, 15.77368927, -2.21500396729, 8.52479743958, -10.6330871582, -6.81659698486, -7.0084400177, -0.422115325928, -7.30792999268],
        "min": [-1020.80963135, 51.0547866821, -11.9086303711, -7.36278533936, -52.3282775879, -33.7749137878, -51.3940620422, -14.724647522, -36.8740615845, -40.9426498413, -40.7903823853, -24.9123535156, -34.4362335205],
        "var": [2942.76196289, 1148.89135742, 608.815246582, 457.162719727, 227.502563477, 256.688201904, 207.893493652, 112.791770935, 73.6882629395, 167.664611816, 109.27696991, 98.7787094116, 68.4075698853],
        "cov": [[2960.92724609, -211.536941528, -521.362548828, 81.585357666, -263.776794434, 98.7496566772, -365.052459717, 181.306610107, -13.2173166275, 287.970062256, 44.9628868103, 102.639030457, -195.948822021], [-211.536941528, 1155.98327637, -258.582672119, -308.013458252, 211.330856323, -210.694824219, 176.964950562, -2.11129021645, 30.2513256073, -93.1045379639, 49.9375610352, -64.2291488647, -15.040099144], [-521.362548828, -258.582672119, 612.573364258, 114.60307312, -126.056907654, 167.751998901, 23.5495948792, -39.1321220398, -25.3194561005, -91.1197052002, 23.8112335205, -10.2915782928, 71.8767318726], [81.585357666, -308.013458252, 114.60307312, 459.984710693, 75.2542953491, -74.4788742065, -101.541931152, 30.4311618805, -28.8027553558, -88.2431793213, -13.8052635193, -20.6491737366, 31.7545413971], [-263.776794434, 211.330856323, -126.056907654, 75.2542953491, 228.906906128, -104.528694153, 21.7082481384, -5.01718091965, 17.0020904541, -50.6660652161, -22.5077152252, -8.08091259003, 6.13419246674], [98.7496566772, -210.694824219, 167.751998901, -74.4788742065, -104.528694153, 258.272705078, 22.2441673279, -0.902162134647, 21.4625453949, 82.2897262573, 33.1410102844, 28.1834182739, 8.59274959564], [-365.052459717, 176.964950562, 23.5495948792, -101.541931152, 21.7082481384, 22.2441673279, 209.17678833, 3.72854089737, 4.88325643539, -12.6103496552, 11.0895833969, 9.42148303986, 22.9903621674], [181.306610107, -2.11129021645, -39.1321220398, 30.4311618805, -5.01718091965, -0.902162134647, 3.72854089737, 113.488014221, 19.4410629272, -2.53916144371, 41.7311019897, -1.98497068882, -1.6174685955], [-13.2173166275, 30.2513256073, -25.3194561005, -28.8027553558, 17.0020904541, 21.4625453949, 4.88325643539, 19.4410629272, 74.1431274414, 44.6191711426, 6.48415803909, -14.3207302094, 3.76656460762], [287.970062256, -93.1045379639, -91.1197052002, -88.2431793213, -50.6660652161, 82.2897262573, -12.6103496552, -2.53916144371, 44.6191711426, 168.699584961, 6.56151437759, 22.1785202026, -32.2910079956], [44.9628868103, 49.9375610352, 23.8112335205, -13.8052635193, -22.5077152252, 33.1410102844, 11.0895833969, 41.7311019897, 6.48415803909, 6.56151437759, 109.951522827, -11.1860017776, 9.0074968338], [102.639030457, -64.2291488647, -10.2915782928, -20.6491737366, -8.08091259003, 28.1834182739, 9.42148303986, -1.98497068882, -14.3207302094, 22.1785202026, -11.1860017776, 99.388458252, -8.22936820984], [-195.948822021, -15.040099144, 71.8767318726, 31.7545413971, 6.13419246674, 8.59274959564, 22.9903621674, -1.6174685955, 3.76656460762, -32.2910079956, 9.0074968338, -8.22936820984, 68.8298339844]],
        "icov": [[0.0022970342543, -0.00237447442487, 0.00267726927996, -0.00357167678885, 0.00496007502079, -0.00334843550809, 0.00350526999682, -0.00263945758343, 0.00180895673111, -0.0021416451782, 0.0013991141459, -0.00233797589317, 0.00204925611615], [-0.00237447442487, 0.00505164032802, -0.00279752188362, 0.00596597837284, -0.00719757843763, 0.00522918021306, -0.00464104767889, 0.00297200982459, -0.00258196564391, 0.00355764548294, -0.00328554608859, 0.00346074253321, -0.00122424098663], [0.00267726927996, -0.00279752188362, 0.0072340099141, -0.0057566924952, 0.00829430855811, -0.00694070290774, 0.00331682199612, -0.000544795999303, 0.000383978069294, 0.00135671102908, 0.00106369226705, -0.0027250314597, 0.00126919394825], [-0.00357167678885, 0.00596597837284, -0.0057566924952, 0.0113995475695, -0.0116430995986, 0.00779117597267, -0.00414441106841, 0.00186336145271, -0.00124889658764, 0.0037265017163, -0.00292523927055, 0.00493249529973, -0.00382982660085], [0.00496007502079, -0.00719757843763, 0.00829430855811, -0.0116430995986, 0.0204598791897, -0.00807821843773, 0.00650478620082, -0.00298099638894, -0.00068133068271, -0.00182722287718, 0.00419616000727, -0.00694259023294, 0.00400110892951], [-0.00334843550809, 0.00522918021306, -0.00694070290774, 0.00779117597267, -0.00807821843773, 0.0143135096878, -0.00596777210012, 0.00303818820976, -0.00326530518942, -0.000777637818828, -0.00428851973265, 0.00261577009223, -0.00305078737438], [0.00350526999682, -0.00464104767889, 0.00331682199612, -0.00414441106841, 0.00650478620082, -0.00596777210012, 0.0121643980965, -0.00551373511553, 0.00404282892123, -0.00374025478959, 0.00292894127779, -0.00439049489796, 0.000501692295074], [-0.00263945758343, 0.00297200982459, -0.000544795999303, 0.00186336145271, -0.00298099638894, 0.00303818820976, -0.00551373511553, 0.0166140310466, -0.00839033350348, 0.00652299076319, -0.00692394189537, 0.00124558783136, -0.000462615862489], [0.00180895673111, -0.00258196564391, 0.000383978069294, -0.00124889658764, -0.00068133068271, -0.00326530518942, 0.00404282892123, -0.00839033350348, 0.0244708601385, -0.0109159452841, 0.00353476591408, 0.00268118758686, -0.00292059034109], [-0.0021416451782, 0.00355764548294, 0.00135671102908, 0.0037265017163, -0.00182722287718, -0.000777637818828, -0.00374025478959, 0.00652299076319, -0.0109159452841, 0.017307901755, -0.00335286045447, 0.000369119137758, 0.00240709609352], [0.0013991141459, -0.00328554608859, 0.00106369226705, -0.00292523927055, 0.00419616000727, -0.00428851973265, 0.00292894127779, -0.00692394189537, 0.00353476591408, -0.00335286045447, 0.0139636341482, -0.000185711702215, -0.00109165848698], [-0.00233797589317, 0.00346074253321, -0.0027250314597, 0.00493249529973, -0.00694259023294, 0.00261577009223, -0.00439049489796, 0.00124558783136, 0.00268118758686, 0.000369119137758, -0.000185711702215, 0.0147297410294, -0.00172981037758], [0.00204925611615, -0.00122424098663, 0.00126919394825, -0.00382982660085, 0.00400110892951, -0.00305078737438, 0.000501692295074, -0.000462615862489, -0.00292059034109, 0.00240709609352, -0.00109165848698, -0.00172981037758, 0.0216074939817]]
    }
}

}