{
"metadata": {
    "version": {
        "essentia": "2.0.1",
        "extractor": "archive-music 1.0 mod ismir14"
    },
    "audio_properties": {
        "analysis_sample_rate": 44100,
        "bitrate": 128,
        "channels": 2,
        "equal_loudness": 0,
        "length": 30.0669155121,
        "replay_gain": -12.1708602905,
        "downmix": "mix"
    },
    "tags": {
        "track": 6,
        "year": 0,
        "album": "Swing Classics (Jazz & Tzaz 70)",
        "artist": "Benny Carter",
        "comment": "",
        "genre": "Jazz",
        "title": "Babalu"
    }
},
"rhythm": {
    "bpm": 92.6367721558,
    "bpm_histogram_first_peak": 94,
    "bpm_histogram_first_peak_spread": 0.555555582047,
    "bpm_histogram_first_peak_weight": 0.355555564165,
    "bpm_histogram_second_peak": 89,
    "bpm_histogram_second_peak_spread": 0,
    "bpm_histogram_second_peak_weight": 0.177777782083
},
"tonal": {
    "tuning_frequency": {
        "dmean": 0.374715745449,
        "dmean2": 0.70063585043,
        "dvar": 2.66561031342,
        "dvar2": 6.57706880569,
        "max": 455.779724121,
        "mean": 437.165649414,
        "median": 437.465789795,
        "min": 432.940917969,
        "var": 7.29459619522
    },
    "hpcp": {
        "dmean": [0.105584025383, 0.168935477734, 0.0840811952949, 0.225230976939, 0.151009261608, 0.108041636646, 0.207359954715, 0.0818661302328, 0.188607469201, 0.099364914, 0.138595044613, 0.218322068453],
        "dmean2": [0.188058272004, 0.289456129074, 0.152710318565, 0.397454828024, 0.267357230186, 0.200762569904, 0.357800841331, 0.152180820704, 0.319783568382, 0.177930682898, 0.230673223734, 0.368675082922],
        "dvar": [0.0432359650731, 0.0497660860419, 0.030833851546, 0.0749810263515, 0.0557912439108, 0.0238519459963, 0.0748191699386, 0.0208247918636, 0.0455005653203, 0.024285973981, 0.0325311422348, 0.04878109321],
        "dvar2": [0.125637218356, 0.12363447994, 0.0878577828407, 0.160192862153, 0.112724103034, 0.0700443610549, 0.125329509377, 0.0590873844922, 0.0985944345593, 0.0700239464641, 0.0747515037656, 0.112904496491],
        "max": [1, 1, 1, 1, 1, 1, 1, 0.742621779442, 1, 1, 1, 1],
        "mean": [0.0879257321358, 0.238609671593, 0.0681995376945, 0.460183084011, 0.267545163631, 0.114152848721, 0.359040856361, 0.0710495784879, 0.424771159887, 0.0851969569921, 0.210225343704, 0.398080080748],
        "median": [0.0272189322859, 0.119007699192, 0.0265196375549, 0.324328809977, 0.0950806960464, 0.0692022144794, 0.19227963686, 0.0338113605976, 0.289741814137, 0.0397241152823, 0.14069005847, 0.297456294298],
        "min": [0.00133849051781, 0.00245161447674, 0.00114167842548, 0.00125170871615, 0.00132901163306, 0.00387490005232, 0.00162707932759, 0.00216070679016, 0.0129977241158, 0.00223385309801, 0.00259137246758, 0.00376529153436],
        "var": [0.028418906033, 0.0699564367533, 0.020269067958, 0.138655140996, 0.120468221605, 0.0173612870276, 0.140862628818, 0.0132835367694, 0.116858251393, 0.0168982483447, 0.0461775809526, 0.110733807087]
    }
},
"lowlevel": {
    "melbands": {
        "dmean": [1.81881750905e-06, 1.01190280475e-05, 7.23758057575e-06, 1.60793078976e-05, 1.59812734637e-05, 2.64079899353e-05, 2.09690624615e-05, 6.04621855018e-05, 3.31752708007e-05, 2.25268067879e-05, 1.50015030158e-05, 1.20966587929e-05, 9.29063935473e-06, 8.65932452143e-06, 1.78436057467e-05, 1.46101674545e-05, 7.84792518971e-06, 5.11227881361e-06, 4.70904160466e-06, 6.23438836556e-06, 1.69296231434e-06, 2.1592829853e-06, 1.04687285329e-06, 9.3998085049e-07, 1.36362211833e-06, 4.2424591129e-07, 2.68528737024e-07, 2.90305933959e-07, 2.84681107132e-07, 3.16292840807e-07, 1.46817882296e-07, 7.47207025142e-08, 5.22741281372e-08, 2.11684607621e-08, 8.62459792472e-09, 6.59505605682e-09, 1.26761612318e-09, 1.18279497308e-10, 1.07634933952e-11, 5.21241307495e-13],
        "dmean2": [3.22203914038e-06, 1.76572448254e-05, 1.30537364385e-05, 2.90883217531e-05, 2.78981297015e-05, 4.45597870566e-05, 3.26209628838e-05, 9.6219322586e-05, 5.27499141754e-05, 3.80622877856e-05, 2.3406722903e-05, 1.81579598575e-05, 1.45632475324e-05, 1.52166221596e-05, 3.00183783111e-05, 2.28136250371e-05, 1.22113551697e-05, 8.69133873493e-06, 7.62547097111e-06, 1.04667096821e-05, 2.83915369437e-06, 3.67386064681e-06, 1.75883758402e-06, 1.6385872641e-06, 2.33735045185e-06, 7.09579808245e-07, 4.65141482664e-07, 5.05050138599e-07, 4.76103593883e-07, 5.52243534457e-07, 2.51514478578e-07, 1.32428070287e-07, 9.2274390795e-08, 3.84163634237e-08, 1.54980934752e-08, 1.16126628313e-08, 2.21697060709e-09, 2.16889881055e-10, 1.90284298734e-11, 9.00327501354e-13],
        "dvar": [3.52837442423e-12, 1.44268569313e-10, 4.44254771859e-11, 2.62327076728e-10, 2.68674693604e-10, 9.50597933702e-10, 7.07737590755e-10, 1.08280318045e-08, 2.92166535409e-09, 9.38801592021e-10, 4.6929082842e-10, 3.3357885898e-10, 1.53194137931e-10, 2.18007098485e-10, 6.85206669182e-10, 6.73103905946e-10, 1.90648719034e-10, 7.53019174793e-11, 5.26793331179e-11, 1.33785357792e-10, 4.06401821917e-12, 9.46331554785e-12, 1.8047939445e-12, 1.50596115439e-12, 4.04304150922e-12, 7.0358600673e-13, 1.82788517395e-13, 2.67979215207e-13, 1.46287021667e-13, 1.83585053626e-13, 4.90779088918e-14, 1.73811990869e-14, 9.69111740184e-15, 1.91162630701e-15, 2.16299842188e-16, 1.23832074368e-16, 3.4584286994e-18, 4.52703121488e-20, 3.54208315698e-22, 7.33397574089e-25],
        "dvar2": [9.54553363436e-12, 4.10905365289e-10, 1.23804855257e-10, 7.93901056007e-10, 8.37945324239e-10, 2.95449553711e-09, 1.61986724034e-09, 2.5605029208e-08, 7.39115701975e-09, 2.66072897048e-09, 1.12817477582e-09, 8.19548540143e-10, 3.58206020401e-10, 6.34284791357e-10, 1.65388169826e-09, 1.33406119485e-09, 3.96701171912e-10, 2.30173741178e-10, 1.20640927803e-10, 3.48076262258e-10, 1.04872412837e-11, 2.3584493733e-11, 4.00312205259e-12, 4.21293642333e-12, 1.13728184856e-11, 1.8647581309e-12, 5.6277080435e-13, 6.97674936486e-13, 4.18314525814e-13, 5.28502046813e-13, 1.44968835113e-13, 5.09995759274e-14, 2.67376436069e-14, 5.55107446554e-15, 6.08515986725e-16, 3.20410567559e-16, 9.60990725114e-18, 1.19336868759e-19, 9.92208799312e-22, 1.99269656761e-24],
        "max": [1.05397066363e-05, 8.73965618666e-05, 4.43307762907e-05, 0.000115819275379, 9.60607503657e-05, 0.000176009198185, 0.000269493029919, 0.000734787608963, 0.000350504909875, 0.000191014099983, 0.000124835918541, 0.000135274822242, 8.05927047622e-05, 0.000107531566755, 0.000155318935867, 0.000178151705768, 0.000112798035843, 6.74053153489e-05, 5.92797223362e-05, 0.000100830948213, 1.31911210701e-05, 2.49640943366e-05, 1.04282926259e-05, 7.16928434485e-06, 1.27778530441e-05, 6.86595603838e-06, 2.43074373429e-06, 3.81585641662e-06, 1.98760812964e-06, 2.51750930147e-06, 1.27501323277e-06, 9.35442642458e-07, 5.26998292116e-07, 2.96283502621e-07, 7.20975776858e-08, 7.98766635057e-08, 1.22050822782e-08, 1.1261117594e-09, 1.26851945614e-10, 4.71012161565e-12],
        "mean": [2.47693651545e-06, 1.42789167512e-05, 9.33453611651e-06, 2.07936627703e-05, 2.60623855866e-05, 3.66418425983e-05, 3.43023748428e-05, 8.45040412969e-05, 4.63469114038e-05, 2.71868739219e-05, 1.81793748197e-05, 1.47990103869e-05, 1.20677505038e-05, 9.2215350378e-06, 1.92375009647e-05, 1.55407797138e-05, 1.10815681182e-05, 5.38667927685e-06, 4.60216551801e-06, 6.49634557703e-06, 1.86214685982e-06, 2.60190199697e-06, 1.28340377614e-06, 1.05827848529e-06, 1.44471266594e-06, 4.83152064135e-07, 2.56334033111e-07, 2.74244399634e-07, 2.8667707852e-07, 3.05146159008e-07, 1.42153794513e-07, 6.61595933593e-08, 4.26973763012e-08, 1.71240888136e-08, 7.21647142043e-09, 5.87300208466e-09, 1.25444232779e-09, 1.0248753235e-10, 1.01953584464e-11, 5.84085948011e-13],
        "median": [1.79755670615e-06, 1.13431451609e-05, 7.0276732913e-06, 1.70050225279e-05, 2.11796468648e-05, 2.59919506789e-05, 1.86478173418e-05, 2.7799689633e-05, 1.46438842421e-05, 1.28691226564e-05, 6.41266524326e-06, 4.14175246988e-06, 4.96591974297e-06, 5.29145654582e-06, 6.76530044075e-06, 3.94286553274e-06, 2.23523829845e-06, 1.88842375337e-06, 9.69376628746e-07, 1.66825066117e-06, 9.06486036456e-07, 1.12311420253e-06, 7.27281872059e-07, 5.94735865889e-07, 3.82407705501e-07, 1.95999689367e-07, 9.95429942918e-08, 5.11959648009e-08, 1.30860513536e-07, 1.14533868611e-07, 5.03065322732e-08, 1.73437957329e-08, 5.93106319613e-09, 1.94899163475e-09, 1.15037412929e-09, 9.76600245117e-10, 3.26456667255e-10, 2.44350529394e-11, 3.2768635895e-12, 2.67992659314e-13],
        "min": [3.67085391417e-07, 1.47499986269e-06, 9.71736312749e-07, 1.70626165641e-07, 7.97275347963e-08, 1.27563765773e-07, 1.35796540235e-07, 1.5555130517e-07, 5.37447917281e-08, 2.73139111329e-08, 1.58484549928e-08, 1.26341115347e-08, 1.50398875576e-08, 9.55375867306e-09, 1.10635056672e-08, 5.6904529977e-09, 7.90974663545e-09, 3.83583831365e-09, 6.24023233087e-09, 2.00023153596e-09, 1.22563226235e-09, 2.32506613962e-09, 1.28339783245e-09, 8.11238909382e-10, 4.98874219712e-10, 2.57197985132e-10, 2.13643866487e-10, 1.24330837292e-10, 1.32208202719e-10, 6.81462802854e-11, 5.96235977257e-11, 4.51973354576e-11, 3.66055762091e-11, 2.46725521957e-11, 1.44896802889e-11, 1.07734984128e-11, 5.06524683308e-12, 1.70600469515e-12, 4.12536216125e-13, 3.1404505461e-14],
        "var": [3.70829278742e-12, 1.36281610996e-10, 5.9298663202e-11, 3.18297221913e-10, 4.54813214867e-10, 1.28854948933e-09, 1.81758108564e-09, 1.81931838483e-08, 4.28333635227e-09, 1.19190712855e-09, 6.48333720044e-10, 4.72716976674e-10, 2.83483569952e-10, 1.69772723657e-10, 7.98525079393e-10, 9.09562980489e-10, 4.40655623102e-10, 8.19843359867e-11, 6.43200423478e-11, 1.79958492552e-10, 5.43395059852e-12, 1.6321501442e-11, 2.96081627098e-12, 1.77041237573e-12, 4.68776146373e-12, 8.45056229853e-13, 1.62695432213e-13, 3.0968728016e-13, 1.676733432e-13, 2.0459984618e-13, 5.31651816755e-14, 1.47647617467e-14, 8.73307993981e-15, 1.56803141536e-15, 1.99926920311e-16, 1.40258531375e-16, 4.34009756006e-18, 3.86397745303e-20, 3.10203483459e-22, 6.72927490703e-25]
    },
    "mfcc": {
        "dmean": [51.5370140076, 17.5985527039, 21.7603626251, 9.88594436646, 11.8162631989, 8.99413871765, 6.64066886902, 6.2950296402, 5.4413690567, 4.93472480774, 4.71405315399, 5.75290393829, 4.67924880981],
        "dmean2": [83.3442611694, 29.3870010376, 36.3064918518, 15.9232091904, 20.3463497162, 14.8171844482, 10.9180707932, 10.3422241211, 9.30923557281, 8.5259141922, 7.16198253632, 10.0973625183, 7.72977209091],
        "dvar": [2311.68945312, 241.624298096, 517.56060791, 70.1339416504, 124.130874634, 61.0074615479, 37.15209198, 21.3386745453, 22.5632247925, 18.6781101227, 15.6590805054, 24.8636074066, 11.8872470856],
        "dvar2": [6003.546875, 649.585571289, 1194.10241699, 206.225997925, 339.104095459, 158.400497437, 101.118934631, 64.2201538086, 59.6286315918, 39.4752082825, 37.0777511597, 64.3050231934, 27.1456890106],
        "max": [-693.566894531, 208.412353516, 53.620639801, 57.7448043823, 20.7421417236, 40.4699401855, 13.6687660217, 4.77233886719, 20.338344574, 10.4178409576, 21.0729103088, 22.0073719025, 6.33575439453],
        "mean": [-816.639831543, 166.37449646, -42.05834198, 13.0782728195, -15.3429412842, -3.70538067818, -8.93497657776, -10.5687408447, -1.78128993511, -7.06264734268, 1.83843040466, 3.79719543457, -4.96637296677],
        "median": [-796.44720459, 170.303466797, -52.1205406189, 10.3972511292, -14.6506156921, -6.03876495361, -9.88430786133, -11.2001724243, -1.45281982422, -7.33072662354, 1.96922683716, 3.41449737549, -4.89095306396],
        "min": [-1021.54553223, 84.5807800293, -93.0967712402, -18.4432487488, -45.620059967, -27.7367668152, -40.4886856079, -25.5078887939, -17.0403060913, -26.0440750122, -12.2635250092, -16.799697876, -14.334651947],
        "var": [5917.48291016, 643.094543457, 1306.95068359, 267.145233154, 276.763397217, 157.270339966, 85.8334960938, 46.1625022888, 45.1195526123, 54.6171798706, 42.9120140076, 78.0112457275, 25.1453075409],
        "cov": [[5954.01025391, 160.420623779, -2695.12963867, 294.646759033, -1017.50201416, 32.3765296936, -404.063049316, -46.8450279236, 8.67274284363, -134.400741577, 145.623474121, 131.263275146, -78.0258560181], [160.420623779, 647.064208984, -29.2542495728, -290.873901367, -55.9726982117, -256.109313965, 56.2037086487, -76.587928772, 51.4651031494, -94.6661071777, -2.57300376892, 96.1017303467, -21.0872325897], [-2695.12963867, -29.2542495728, 1315.01818848, -134.381164551, 445.289794922, -6.6029920578, 174.249313354, 34.2667579651, -9.31952762604, 69.2457580566, -72.3174591064, -57.0921630859, 35.119972229], [294.646759033, -290.873901367, -134.381164551, 268.794281006, 29.7211227417, 116.06427002, -47.3506660461, 7.75526189804, -40.2095108032, 12.9436941147, -4.98320627213, -64.1474838257, -9.36548709869], [-1017.50201416, -55.9726982117, 445.289794922, 29.7211227417, 278.471801758, 23.1621208191, 64.4110641479, -3.78069210052, -39.6734199524, 19.6096019745, -40.0415077209, -61.3443222046, 1.96255040169], [32.3765296936, -256.109313965, -6.6029920578, 116.06427002, 23.1621208191, 158.241149902, -9.75020980835, 47.9415359497, -29.0805873871, 36.3560218811, -6.7731385231, -59.6058349609, 5.75022506714], [-404.063049316, 56.2037086487, 174.249313354, -47.3506660461, 64.4110641479, -9.75020980835, 86.3633270264, 12.9283065796, 6.46772909164, -12.8880462646, -24.3350200653, -7.53686952591, 1.14822494984], [-46.8450279236, -76.587928772, 34.2667579651, 7.75526189804, -3.78069210052, 47.9415359497, 12.9283065796, 46.4474563599, 1.68662762642, 21.545042038, 0.204910933971, -9.06662464142, 10.4260482788], [8.67274284363, 51.4651031494, -9.31952762604, -40.2095108032, -39.6734199524, -29.0805873871, 6.46772909164, 1.68662762642, 45.3980712891, -5.22453927994, 14.7030239105, 28.0411186218, 1.9596375227], [-134.400741577, -94.6661071777, 69.2457580566, 12.9436941147, 19.6096019745, 36.3560218811, -12.8880462646, 21.545042038, -5.22453927994, 54.9543228149, 15.3445911407, -12.1458206177, 10.7454919815], [145.623474121, -2.57300376892, -72.3174591064, -4.98320627213, -40.0415077209, -6.7731385231, -24.3350200653, 0.204910933971, 14.7030239105, 15.3445911407, 43.176902771, 27.2757396698, 2.58516716957], [131.263275146, 96.1017303467, -57.0921630859, -64.1474838257, -61.3443222046, -59.6058349609, -7.53686952591, -9.06662464142, 28.0411186218, -12.1458206177, 27.2757396698, 78.4927978516, 5.09226465225], [-78.0258560181, -21.0872325897, 35.119972229, -9.36548709869, 1.96255040169, 5.75022506714, 1.14822494984, 10.4260482788, 1.9596375227, 10.7454919815, 2.58516716957, 5.09226465225, 25.3005256653]],
        "icov": [[0.485837340355, -0.693253993988, 0.663134396076, -0.632988274097, 0.617580115795, -0.578432202339, 0.56801700592, -0.492931157351, 0.394723981619, -0.345757186413, 0.312198162079, -0.271390944719, 0.165588691831], [-0.693253993988, 0.997805595398, -0.945199906826, 0.909500598907, -0.882181584835, 0.833568811417, -0.812815368176, 0.704597175121, -0.562505066395, 0.499698907137, -0.447283118963, 0.389189690351, -0.233393535018], [0.663134396076, -0.945199906826, 0.908122301102, -0.86203700304, 0.838560283184, -0.788427948952, 0.773621857166, -0.673186302185, 0.53633338213, -0.474795341492, 0.429000586271, -0.371257513762, 0.225056543946], [-0.632988274097, 0.909500598907, -0.86203700304, 0.837182998657, -0.808238148689, 0.754392147064, -0.738104462624, 0.644392251968, -0.513858556747, 0.45704510808, -0.40865367651, 0.35705563426, -0.212798520923], [0.617580115795, -0.882181584835, 0.838560283184, -0.808238148689, 0.798650205135, -0.735450267792, 0.717421531677, -0.620774269104, 0.50930339098, -0.440719425678, 0.394514083862, -0.341320931911, 0.210694238544], [-0.578432202339, 0.833568811417, -0.788427948952, 0.754392147064, -0.735450267792, 0.716008782387, -0.677925229073, 0.571272075176, -0.46475610137, 0.415159225464, -0.375418126583, 0.33299523592, -0.19474928081], [0.56801700592, -0.812815368176, 0.773621857166, -0.738104462624, 0.717421531677, -0.677925229073, 0.690334439278, -0.589701414108, 0.455937147141, -0.394656389952, 0.370493918657, -0.316564410925, 0.195454105735], [-0.492931157351, 0.704597175121, -0.673186302185, 0.644392251968, -0.620774269104, 0.571272075176, -0.589701414108, 0.551621615887, -0.405075579882, 0.336811006069, -0.312197983265, 0.271160662174, -0.176515772939], [0.394723981619, -0.562505066395, 0.53633338213, -0.513858556747, 0.50930339098, -0.46475610137, 0.455937147141, -0.405075579882, 0.358515530825, -0.275727152824, 0.240739688277, -0.222339749336, 0.135622248054], [-0.345757186413, 0.499698907137, -0.474795341492, 0.45704510808, -0.440719425678, 0.415159225464, -0.394656389952, 0.336811006069, -0.275727152824, 0.293238282204, -0.245861142874, 0.203623205423, -0.121666960418], [0.312198162079, -0.447283118963, 0.429000586271, -0.40865367651, 0.394514083862, -0.375418126583, 0.370493918657, -0.312197983265, 0.240739688277, -0.245861142874, 0.252733528614, -0.192552134395, 0.108503967524], [-0.271390944719, 0.389189690351, -0.371257513762, 0.35705563426, -0.341320931911, 0.33299523592, -0.316564410925, 0.271160662174, -0.222339749336, 0.203623205423, -0.192552134395, 0.183105319738, -0.0980839729309], [0.165588691831, -0.233393535018, 0.225056543946, -0.212798520923, 0.210694238544, -0.19474928081, 0.195454105735, -0.176515772939, 0.135622248054, -0.121666960418, 0.108503967524, -0.0980839729309, 0.106104284525]]
    }
}

}