{
"metadata": {
    "version": {
        "essentia": "2.0.1",
        "extractor": "archive-music 1.0 mod ismir14"
    },
    "audio_properties": {
        "analysis_sample_rate": 44100,
        "bitrate": 64,
        "channels": 2,
        "equal_loudness": 0,
        "length": 30.0669155121,
        "replay_gain": -13.0022926331,
        "downmix": "mix"
    },
    "tags": {
        "track": 0,
        "year": 0,
        "album": "",
        "artist": "",
        "comment": "",
        "genre": "",
        "title": ""
    }
},
"rhythm": {
    "bpm": 88.3269577026,
    "bpm_histogram_first_peak": 89,
    "bpm_histogram_first_peak_spread": 0.333333313465,
    "bpm_histogram_first_peak_weight": 0.651162803173,
    "bpm_histogram_second_peak": 94,
    "bpm_histogram_second_peak_spread": 0,
    "bpm_histogram_second_peak_weight": 0.0232558138669
},
"tonal": {
    "tuning_frequency": {
        "dmean": 0.12416100502,
        "dmean2": 0.21518689394,
        "dvar": 2.21132421494,
        "dvar2": 3.703966856,
        "max": 455.779724121,
        "mean": 440.656890869,
        "median": 442.03793335,
        "min": 431.193908691,
        "var": 33.6749725342
    },
    "hpcp": {
        "dmean": [0.170032709837, 0.170969039202, 0.165778458118, 0.234549045563, 0.0925855711102, 0.151780992746, 0.206869378686, 0.243424713612, 0.162461206317, 0.128049433231, 0.260554581881, 0.0756087750196],
        "dmean2": [0.28536143899, 0.302000969648, 0.290682941675, 0.410015791655, 0.165459498763, 0.254348576069, 0.356561839581, 0.407737582922, 0.277934402227, 0.226523414254, 0.439593464136, 0.134615793824],
        "dvar": [0.0416280031204, 0.0621597990394, 0.0582072809339, 0.0763764604926, 0.0230702832341, 0.0497775301337, 0.0630922466516, 0.0660624057055, 0.0500877648592, 0.0344110019505, 0.0704045444727, 0.0191407632083],
        "dvar2": [0.0995918288827, 0.160057201982, 0.137343898416, 0.178392961621, 0.0626231133938, 0.103885129094, 0.154202565551, 0.15633174777, 0.122062847018, 0.0945927351713, 0.147109642625, 0.051817573607],
        "max": [1, 1, 1, 1, 1, 1, 1, 1, 1, 1, 1, 1],
        "mean": [0.239450231194, 0.148588776588, 0.169458121061, 0.279322743416, 0.0809252560139, 0.261164218187, 0.278466045856, 0.330845862627, 0.191456586123, 0.114865355194, 0.619426012039, 0.0748383328319],
        "median": [0.130740061402, 0.0408186763525, 0.0579291917384, 0.125394925475, 0.0280103664845, 0.0866827070713, 0.145625799894, 0.209746986628, 0.0683755129576, 0.0441683456302, 0.656212508678, 0.03180481866],
        "min": [0, 0, 0.000756420835387, 0.00100897834636, 0.000310109142447, 0.00224039447494, 0.000500558177009, 6.70641602483e-05, 0, 0.000365452287951, 0.00791614875197, 0.000755592423957],
        "var": [0.0710421875119, 0.0575806610286, 0.0666065588593, 0.105566777289, 0.0193753521889, 0.114763811231, 0.103086948395, 0.108944788575, 0.0739990100265, 0.03295814991, 0.12839448452, 0.0166305527091]
    }
},
"lowlevel": {
    "melbands": {
        "dmean": [4.71511993965e-05, 0.000210325815715, 0.000215510575799, 0.000105387771328, 6.68759894324e-05, 0.000116830022307, 0.000128359228256, 0.000130440530484, 0.000129027146613, 6.92552130204e-05, 4.96869979543e-05, 3.0026107197e-05, 2.36881223827e-05, 1.54213248607e-05, 2.4627051971e-05, 1.46257443703e-05, 1.61820953508e-05, 1.24519438032e-05, 9.78414573183e-06, 8.73101271281e-06, 6.9825873652e-06, 7.08430297891e-06, 8.72858345247e-06, 9.4414644991e-06, 6.91154264132e-06, 5.43765872862e-06, 4.524275937e-06, 2.53722487287e-06, 1.38954112572e-06, 1.20529659853e-06, 8.79284414168e-07, 5.15131432621e-07, 2.53993249544e-07, 1.91924556248e-07, 1.81834550972e-07, 1.3648778463e-07, 8.4271462697e-08, 3.60475418404e-08, 6.54567822167e-09, 3.04730241041e-10],
        "dmean2": [7.00278396835e-05, 0.00033086919575, 0.000342654355336, 0.000140396354254, 0.000108510357677, 0.000188971316675, 0.000209244288271, 0.000220880829147, 0.000186026110896, 0.000101522658952, 7.33506749384e-05, 4.81610113638e-05, 3.6037996324e-05, 2.43482299993e-05, 3.80459350708e-05, 2.12254235521e-05, 2.44960028795e-05, 1.97185145225e-05, 1.55218876898e-05, 1.33732910399e-05, 1.10825867523e-05, 1.07509122245e-05, 1.25808219309e-05, 1.35834288812e-05, 1.05473709482e-05, 7.94739480625e-06, 6.96944016454e-06, 3.95832194044e-06, 2.23795132115e-06, 1.91890762835e-06, 1.33766911858e-06, 7.94214997768e-07, 3.94424688466e-07, 3.03402288182e-07, 2.911818342e-07, 2.17375131228e-07, 1.35323674044e-07, 5.93493183487e-08, 1.07595932164e-08, 5.10206432658e-10],
        "dvar": [3.42084960359e-09, 9.20410272442e-08, 7.35521865636e-08, 2.75726712573e-08, 8.68199112602e-09, 2.03704519919e-08, 3.19435855545e-08, 5.54175549894e-08, 4.72838337373e-08, 2.43757654061e-08, 6.5608105615e-09, 1.12035287714e-08, 5.83536996501e-09, 1.54920754003e-09, 4.58940929704e-09, 1.41896649986e-09, 2.41139619384e-09, 6.95005053508e-10, 4.51759601949e-10, 6.12856820847e-10, 1.91980834008e-10, 1.88049076311e-10, 3.03459618545e-10, 3.97159805043e-10, 1.98686067598e-10, 1.04096141429e-10, 1.29443136765e-10, 4.89260541803e-11, 6.53141690038e-12, 7.51343605387e-12, 4.8850051608e-12, 1.4523572232e-12, 1.79152713172e-13, 7.1506155489e-14, 7.00337072948e-14, 3.03084617679e-14, 1.09220019639e-14, 3.12415100639e-15, 1.05761506559e-16, 2.26591678998e-19],
        "dvar2": [5.67569014009e-09, 2.00758762503e-07, 1.63374394901e-07, 4.77631800777e-08, 2.17122178015e-08, 4.93020984038e-08, 8.24101817898e-08, 1.47152931618e-07, 7.17544992312e-08, 4.06109172957e-08, 1.2784060921e-08, 2.68758633126e-08, 1.16940697126e-08, 3.15971893095e-09, 1.0176375298e-08, 2.76542055921e-09, 5.75115732815e-09, 1.6285397475e-09, 1.12981601852e-09, 1.5467268577e-09, 4.19632883997e-10, 4.2362294228e-10, 5.07416386686e-10, 8.24334656091e-10, 4.36838815121e-10, 2.24519472458e-10, 2.84009121776e-10, 8.7727200504e-11, 1.56944440083e-11, 1.5987253188e-11, 1.06449155046e-11, 3.18334508059e-12, 3.8629567752e-13, 1.5274856846e-13, 1.60534874782e-13, 7.27504875461e-14, 2.69245092394e-14, 8.1709473714e-15, 2.72674596449e-16, 5.91502328677e-19],
        "max": [0.000829595723189, 0.00322249205783, 0.00244277506135, 0.00228499504738, 0.00121831987053, 0.00123367190827, 0.00138879218139, 0.00169897347223, 0.00389786227606, 0.00257489876822, 0.00111210963223, 0.00117143790703, 0.00100550870411, 0.000537015439477, 0.000910235219635, 0.000572795281187, 0.00073860475095, 0.00033171477844, 0.000211012491491, 0.000403540703701, 0.000139560041134, 0.000132558998303, 0.000184531498235, 0.000275353319012, 0.000205749136512, 0.000116064526082, 0.000153840941493, 9.74771319306e-05, 2.88404989988e-05, 4.78032234241e-05, 3.61973761756e-05, 2.08886285691e-05, 6.37759785604e-06, 4.31080661656e-06, 3.74821979676e-06, 1.93092205336e-06, 1.04050934624e-06, 7.15803537332e-07, 9.23622067717e-08, 3.96085786392e-09],
        "mean": [7.87394383224e-05, 0.000291589793051, 0.000323280546581, 0.000167955309735, 9.20469901757e-05, 0.00016679703549, 0.00016505990061, 0.000123709178297, 0.000199155780138, 0.000101056757558, 7.67634846852e-05, 3.46704364347e-05, 2.74135363725e-05, 1.9472096028e-05, 3.0981751479e-05, 1.80017141247e-05, 1.91274830286e-05, 1.54887675308e-05, 1.10214296001e-05, 1.00367124105e-05, 9.11981533136e-06, 9.29857651499e-06, 1.41630671351e-05, 1.54758272402e-05, 9.87487601378e-06, 8.44993155624e-06, 7.02694569554e-06, 3.96690529669e-06, 2.1699224817e-06, 1.79414757895e-06, 1.43647412187e-06, 8.89209673005e-07, 4.43560139729e-07, 3.47341767792e-07, 3.201527079e-07, 2.24080025646e-07, 1.38082782541e-07, 5.55618200337e-08, 9.60777679637e-09, 3.55942691987e-10],
        "median": [4.77526555187e-05, 0.000168838407262, 0.000225017618504, 9.42738406593e-05, 5.97785692662e-05, 0.000111322071461, 8.85533445398e-05, 3.94711278204e-05, 8.45209797262e-05, 4.16384864366e-05, 3.70561028831e-05, 9.19426565815e-06, 6.04653041592e-06, 6.26213841315e-06, 1.17365325423e-05, 5.5227469602e-06, 4.77218600281e-06, 3.70637485503e-06, 3.22728078572e-06, 2.17972683458e-06, 2.22541916628e-06, 2.09611084756e-06, 1.90125308563e-06, 1.5773891846e-06, 2.21708205572e-06, 2.37467088482e-06, 1.04212369934e-06, 1.11558551907e-06, 1.09238703772e-06, 6.3141925466e-07, 3.89045681004e-07, 3.54368125954e-07, 2.25027548595e-07, 2.03809136679e-07, 1.79022961788e-07, 1.24114265532e-07, 8.75385310906e-08, 3.30083942401e-08, 5.5577014102e-09, 1.75596717722e-10],
        "min": [1.80553361151e-09, 7.16558412606e-09, 4.99014651822e-09, 2.88876922383e-09, 1.24916310629e-09, 4.59149940291e-10, 4.37793329366e-10, 3.9893605086e-10, 2.39396835688e-10, 6.8173189316e-11, 4.4627110167e-12, 5.7468240236e-12, 4.22680918044e-11, 1.17491447127e-10, 9.61926163723e-11, 4.23920100412e-11, 3.83799693415e-11, 2.91352150739e-11, 3.71924921416e-11, 3.05309597048e-11, 1.72218905803e-11, 1.73226467892e-11, 4.28502684724e-11, 6.87616838468e-11, 3.02327121671e-11, 1.20230865194e-11, 1.34294398518e-11, 1.50807890481e-11, 1.49010127154e-11, 2.23195281701e-11, 2.60972639983e-13, 9.66907456879e-12, 8.77346112427e-12, 2.5159353767e-12, 3.69297301073e-12, 1.04976303258e-13, 2.88985090198e-12, 1.24365860492e-12, 6.01180292614e-13, 9.17323468162e-15],
        "var": [9.74282343691e-09, 1.2128641913e-07, 1.03169426779e-07, 5.85366422001e-08, 1.10135145448e-08, 2.78221410355e-08, 3.80843871994e-08, 4.67488057154e-08, 1.79708052883e-07, 5.44281384407e-08, 1.48235006492e-08, 1.16725562549e-08, 8.0659310342e-09, 2.28981633654e-09, 5.57220447561e-09, 2.09030770471e-09, 3.03833735948e-09, 1.31512123414e-09, 4.92176688294e-10, 8.18854428708e-10, 3.39786060399e-10, 3.13306575128e-10, 8.25668700077e-10, 1.13886899911e-09, 4.12354678181e-10, 2.49959331011e-10, 2.90903384714e-10, 9.99469743079e-11, 1.12534538979e-11, 1.55762226034e-11, 9.8046961175e-12, 2.45930597935e-12, 4.32167268551e-13, 2.05413919381e-13, 1.99538980174e-13, 6.95501802309e-14, 1.95378872721e-14, 3.87344355131e-15, 1.46480438358e-16, 2.81645847889e-19]
    },
    "mfcc": {
        "dmean": [28.3839645386, 10.0827455521, 12.0007143021, 7.83448934555, 8.39610004425, 6.89659070969, 7.17537355423, 6.69485187531, 5.79035329819, 6.40699243546, 5.94786787033, 5.31162834167, 5.82311868668],
        "dmean2": [40.3173866272, 15.039484024, 17.1058692932, 11.609290123, 12.5053043365, 10.1766557693, 10.3538103104, 10.4275693893, 9.04867553711, 9.92859745026, 9.27443122864, 8.10216617584, 8.92267036438],
        "dvar": [916.504272461, 94.8719100952, 100.940155029, 43.161441803, 49.0155601501, 30.8455486298, 36.3670272827, 29.1245231628, 19.4145584106, 23.9890079498, 23.3843326569, 17.1183834076, 22.0218391418],
        "dvar2": [1190.00439453, 184.819900513, 179.811569214, 83.0824966431, 106.270332336, 62.3757247925, 71.9282302856, 68.7588043213, 48.5671691895, 56.0043296814, 56.8208274841, 40.3741874695, 52.9068717957],
        "max": [-589.942993164, 179.812011719, 36.4133796692, 92.563293457, 16.7869186401, 36.9132461548, 29.8088150024, 36.5640945435, 6.03354644775, 43.035774231, 22.4292755127, 30.9645462036, 9.65678024292],
        "mean": [-697.230712891, 137.510467529, -17.7937545776, 39.6333732605, -21.0896720886, 7.3114490509, -14.2315340042, 9.17305469513, -13.4403886795, 13.0335206985, -4.57529401779, 7.21704673767, -11.8439760208],
        "median": [-705.389770508, 140.798736572, -15.8575782776, 37.5560913086, -21.7807998657, 7.21475219727, -15.1802768707, 8.91470146179, -12.6344909668, 13.4966068268, -4.94369125366, 7.51700210571, -10.5480918884],
        "min": [-1128.69091797, 13.5653190613, -80.9878540039, -1.86050796509, -61.9081993103, -22.642288208, -43.7388000488, -16.1274871826, -45.5142593384, -28.7560653687, -26.4990539551, -17.6730232239, -48.7654724121],
        "var": [2246.3034668, 444.774353027, 460.147827148, 215.06803894, 170.581283569, 114.517082214, 148.038009644, 86.3970336914, 75.9621734619, 86.6149215698, 65.8323287964, 52.4297065735, 87.328994751],
        "cov": [[2249.77001953, -226.657745361, -703.377502441, 160.418457031, -3.30180764198, -81.0929718018, -83.1548843384, 121.41771698, -87.4955825806, -3.3577671051, -51.0266036987, 38.0958595276, -104.322479248], [-226.657745361, 445.460754395, 164.54258728, -157.73348999, -79.1460418701, 25.9214172363, -1.75188302994, -74.8905258179, 39.3934440613, 29.5683555603, 32.6586418152, 25.750617981, 56.1051139832], [-703.377502441, 164.54258728, 460.857940674, -3.90713453293, 13.6320047379, 52.1754188538, 12.5681800842, -18.1137828827, 24.0641326904, 2.53365325928, 0.0247012488544, -15.446393013, 37.7356300354], [160.418457031, -157.73348999, -3.90713453293, 215.399932861, 106.283325195, -47.3970680237, -38.708732605, 43.4464378357, -16.5623645782, -18.346862793, -16.5777206421, -13.4902935028, -11.2938337326], [-3.30180764198, -79.1460418701, 13.6320047379, 106.283325195, 170.844528198, -6.35253238678, -44.2540016174, 27.0576210022, -8.12171936035, -11.4435300827, -20.3356151581, -11.7710886002, -1.13487792015], [-81.0929718018, 25.9214172363, 52.1754188538, -47.3970680237, -6.35253238678, 114.69380188, 74.7136917114, 4.77514457703, -1.73547720909, -18.5112133026, -6.23996925354, -4.1588101387, -21.2150535583], [-83.1548843384, -1.75188302994, 12.5681800842, -38.708732605, -44.2540016174, 74.7136917114, 148.266464233, 31.1331176758, -25.120344162, -22.3649902344, -9.58234405518, 2.06609082222, -14.7687320709], [121.41771698, -74.8905258179, -18.1137828827, 43.4464378357, 27.0576210022, 4.77514457703, 31.1331176758, 86.5303649902, -4.23625850677, -24.6650619507, -12.5447092056, -2.82249403, -10.4410629272], [-87.4955825806, 39.3934440613, 24.0641326904, -16.5623645782, -8.12171936035, -1.73547720909, -25.120344162, -4.23625850677, 76.0793991089, 32.7191390991, 6.72279500961, -0.434336781502, 5.69981861115], [-3.3577671051, 29.5683555603, 2.53365325928, -18.346862793, -11.4435300827, -18.5112133026, -22.3649902344, -24.6650619507, 32.7191390991, 86.7485809326, 21.2889595032, -0.148528322577, 10.9781179428], [-51.0266036987, 32.6586418152, 0.0247012488544, -16.5777206421, -20.3356151581, -6.23996925354, -9.58234405518, -12.5447092056, 6.72279500961, 21.2889595032, 65.933921814, 19.4530963898, -4.7712726593], [38.0958595276, 25.750617981, -15.446393013, -13.4902935028, -11.7710886002, -4.1588101387, 2.06609082222, -2.82249403, -0.434336781502, -0.148528322577, 19.4530963898, 52.5106163025, 27.4578475952], [-104.322479248, 56.1051139832, 37.7356300354, -11.2938337326, -1.13487792015, -21.2150535583, -14.7687320709, -10.4410629272, 5.69981861115, 10.9781179428, -4.7712726593, 27.4578475952, 87.463760376]],
        "icov": [[0.0027123990003, -0.00237599713728, 0.00424983957782, -0.00375538808294, 0.00335645931773, -0.0038477932103, 0.00524523295462, -0.00575016392395, 0.00495105003938, -0.00423582596704, 0.00506305973977, -0.00430795596913, 0.00358797819354], [-0.00237599713728, 0.00639168499038, -0.00504712760448, 0.00588157679886, -0.00297055137344, 0.00380669813603, -0.00471448060125, 0.00699059152976, -0.00559016922489, 0.00437120115384, -0.00556111335754, 0.00323165231384, -0.00457602133974], [0.00424983957782, -0.00504712760448, 0.0097796972841, -0.00725810509175, 0.00520908134058, -0.00798244588077, 0.00820464547724, -0.00888261198997, 0.00719434395432, -0.00631908513606, 0.00719521380961, -0.0044260956347, 0.00371270487085], [-0.00375538808294, 0.00588157679886, -0.00725810509175, 0.0153890401125, -0.00931264366955, 0.0099075268954, -0.00756857031956, 0.00649348227307, -0.00661346316338, 0.0068945302628, -0.00728498538956, 0.00575372949243, -0.00399209838361], [0.00335645931773, -0.00297055137344, 0.00520908134058, -0.00931264366955, 0.0146922515705, -0.00945992674679, 0.0115135498345, -0.00970857776701, 0.00805422198027, -0.0063317338936, 0.00814467016608, -0.00503363600001, 0.00343460822478], [-0.0038477932103, 0.00380669813603, -0.00798244588077, 0.0099075268954, -0.00945992674679, 0.0240128487349, -0.0170387420803, 0.0110306078568, -0.0104742273688, 0.00919347628951, -0.00677864486352, 0.0049030855298, -0.000546947761904], [0.00524523295462, -0.00471448060125, 0.00820464547724, -0.00756857031956, 0.0115135498345, -0.0170387420803, 0.0253077484667, -0.0176048278809, 0.0151959164068, -0.0101515641436, 0.0118239829317, -0.00962785631418, 0.00690299831331], [-0.00575016392395, 0.00699059152976, -0.00888261198997, 0.00649348227307, -0.00970857776701, 0.0110306078568, -0.0176048278809, 0.0302154626697, -0.0151605503634, 0.0135364970192, -0.0109859937802, 0.00873945560306, -0.0075419950299], [0.00495105003938, -0.00559016922489, 0.00719434395432, -0.00661346316338, 0.00805422198027, -0.0104742273688, 0.0151959164068, -0.0151605503634, 0.0277770981193, -0.0151325594634, 0.0108180977404, -0.00844786316156, 0.00718478905037], [-0.00423582596704, 0.00437120115384, -0.00631908513606, 0.0068945302628, -0.0063317338936, 0.00919347628951, -0.0101515641436, 0.0135364970192, -0.0151325594634, 0.0239912886173, -0.0136200953275, 0.0105985617265, -0.00828548241407], [0.00506305973977, -0.00556111335754, 0.00719521380961, -0.00728498538956, 0.00814467016608, -0.00677864486352, 0.0118239829317, -0.0109859937802, 0.0108180977404, -0.0136200953275, 0.0313913449645, -0.0190569963306, 0.0134074129164], [-0.00430795596913, 0.00323165231384, -0.0044260956347, 0.00575372949243, -0.00503363600001, 0.0049030855298, -0.00962785631418, 0.00873945560306, -0.00844786316156, 0.0105985617265, -0.0190569963306, 0.037017699331, -0.0174576826394], [0.00358797819354, -0.00457602133974, 0.00371270487085, -0.00399209838361, 0.00343460822478, -0.000546947761904, 0.00690299831331, -0.0075419950299, 0.00718478905037, -0.00828548241407, 0.0134074129164, -0.0174576826394, 0.023491807282]]
    }
}

}