{
"metadata": {
    "version": {
        "essentia": "2.0.1",
        "extractor": "archive-music 1.0 mod ismir14"
    },
    "audio_properties": {
        "analysis_sample_rate": 44100,
        "bitrate": 64,
        "channels": 2,
        "equal_loudness": 0,
        "length": 30.0669155121,
        "replay_gain": -13.4510478973,
        "downmix": "mix"
    },
    "tags": {
        "track": 0,
        "year": 0,
        "album": "",
        "artist": "",
        "comment": "",
        "genre": "",
        "title": ""
    }
},
"rhythm": {
    "bpm": 90.2969741821,
    "bpm_histogram_first_peak": 91,
    "bpm_histogram_first_peak_spread": 0.365853667259,
    "bpm_histogram_first_peak_weight": 0.604651153088,
    "bpm_histogram_second_peak": 83,
    "bpm_histogram_second_peak_spread": 0.5,
    "bpm_histogram_second_peak_weight": 0.0232558138669
},
"tonal": {
    "tuning_frequency": {
        "dmean": 0.0841291919351,
        "dmean2": 0.164178058505,
        "dvar": 0.916228592396,
        "dvar2": 2.22694802284,
        "max": 456.570251465,
        "mean": 451.260345459,
        "median": 456.570251465,
        "min": 431.692352295,
        "var": 39.1777000427
    },
    "hpcp": {
        "dmean": [0.237692043185, 0.153091281652, 0.121239900589, 0.144430503249, 0.2301736027, 0.275779336691, 0.201612964272, 0.211985453963, 0.135444894433, 0.0807058513165, 0.107055254281, 0.114479325712],
        "dmean2": [0.412658035755, 0.290480107069, 0.208538904786, 0.260446369648, 0.413244664669, 0.489742994308, 0.381517827511, 0.373800694942, 0.241985738277, 0.144102036953, 0.185675308108, 0.203867256641],
        "dvar": [0.0868421122432, 0.0738115981221, 0.0353898517787, 0.0593558773398, 0.0822457894683, 0.0965118855238, 0.0995898991823, 0.07655338943, 0.0566764175892, 0.026554543525, 0.0340357236564, 0.0362895876169],
        "dvar2": [0.193652138114, 0.217238128185, 0.0949130505323, 0.144975736737, 0.212001740932, 0.206986919045, 0.279263287783, 0.191197454929, 0.142663121223, 0.0710979104042, 0.0865249484777, 0.0998875200748],
        "max": [1, 1, 1, 1, 1, 1, 1, 1, 1, 1, 1, 1],
        "mean": [0.433768540621, 0.10137502104, 0.134007021785, 0.136074066162, 0.216499134898, 0.440400213003, 0.146425545216, 0.257226079702, 0.135968282819, 0.0736112222075, 0.100656010211, 0.100544653833],
        "median": [0.231832548976, 0.0183057691902, 0.0461407192051, 0.0266813021153, 0.0644170865417, 0.286666154861, 0.0204434525222, 0.107911750674, 0.0317423045635, 0.0263002421707, 0.0311883576214, 0.0309866629541],
        "min": [0.00216168747284, 0.000569952011574, 0.00105898722541, 0.000270200776868, 0.00145400373731, 0.000939648482017, 0.000420731841587, 0.00141652137972, 0.000430351501564, 0.000483977317344, 0.000546675815713, 0.000581270083785],
        "var": [0.168709486723, 0.0486699342728, 0.045506734401, 0.066767513752, 0.0895598307252, 0.1614407897, 0.0791525915265, 0.103633888066, 0.0650532469153, 0.0209359154105, 0.0349441505969, 0.0307754836977]
    }
},
"lowlevel": {
    "melbands": {
        "dmean": [0.000235373634496, 0.000513260019943, 0.000176806352101, 0.000111626803118, 7.90747071733e-05, 5.91439165873e-05, 8.00212510512e-05, 0.00010420147737, 0.000182383693755, 0.000134674075525, 5.23423914274e-05, 6.90637243679e-05, 5.86417772865e-05, 2.88687697321e-05, 5.22431910213e-05, 6.29752903478e-05, 1.42238995977e-05, 1.01122286651e-05, 4.7588846428e-06, 6.19360707788e-06, 9.18175737752e-06, 6.80656512486e-06, 1.3585538909e-05, 1.1832707969e-05, 6.4331293288e-06, 6.40823282083e-06, 5.76360707782e-06, 3.70156953977e-06, 1.65191488577e-06, 1.40476095112e-06, 7.04883120761e-07, 3.08025022377e-07, 1.72237406559e-07, 1.4281231131e-07, 1.32892068905e-07, 1.00411618575e-07, 6.03969922963e-08, 3.84029412714e-08, 1.15013811808e-08, 8.62673377178e-10],
        "dmean2": [0.000399922108045, 0.000787391152699, 0.000283897505142, 0.000173346605152, 0.000128485655296, 8.9049928647e-05, 0.000123410893138, 0.000157909176778, 0.000280643987935, 0.000226416537771, 8.09024786577e-05, 0.000110229899292, 8.36102917674e-05, 4.86440003442e-05, 8.61267471919e-05, 0.000100756369648, 2.3482087272e-05, 1.55001380335e-05, 7.32077751309e-06, 9.91477918433e-06, 1.45073827298e-05, 1.07053483589e-05, 2.15758245758e-05, 1.9097031327e-05, 1.02075100585e-05, 9.8041828096e-06, 8.99455972103e-06, 5.9718772718e-06, 2.62026583187e-06, 2.20985589294e-06, 1.11589235985e-06, 4.77309697544e-07, 2.67941658194e-07, 2.12864151194e-07, 2.04244656743e-07, 1.61452746283e-07, 9.33096870881e-08, 6.03113861075e-08, 1.78172090415e-08, 1.43591638579e-09],
        "dvar": [7.05199383333e-08, 2.12248465914e-07, 3.45968658166e-08, 1.84853554686e-08, 1.61637565554e-08, 7.56938867141e-09, 1.77581966909e-08, 3.15038732879e-08, 1.12279579412e-07, 1.53246034529e-07, 4.94708309873e-08, 4.68265568543e-08, 2.05614263393e-08, 4.53461668215e-09, 1.96713703104e-08, 3.33960592513e-08, 2.82897949511e-09, 7.24521442841e-10, 4.32182310772e-11, 6.63013047242e-11, 1.7226904625e-10, 9.81752040774e-11, 4.3228640112e-10, 3.70914188252e-10, 1.00009667214e-10, 8.65197150035e-11, 8.58512635982e-11, 4.00365296471e-11, 8.43122967276e-12, 6.76111987577e-12, 1.37004828055e-12, 1.68284562175e-13, 4.75611100525e-14, 3.36071265489e-14, 3.07543907333e-14, 1.34402478567e-14, 5.79122524675e-15, 2.40215409819e-15, 2.84751248104e-16, 2.09371138322e-18],
        "dvar2": [2.00447217935e-07, 5.07586548792e-07, 7.64284280308e-08, 4.25376533997e-08, 4.02537274624e-08, 1.55627652987e-08, 3.44849837575e-08, 6.52700009596e-08, 2.42005341988e-07, 3.5027363765e-07, 7.97543435738e-08, 1.23705262922e-07, 3.67967061266e-08, 1.127279603e-08, 5.20805158999e-08, 7.94179726427e-08, 5.23055820878e-09, 1.55624757525e-09, 9.20043000119e-11, 1.68588185079e-10, 4.16520901103e-10, 2.28192409413e-10, 1.01049713042e-09, 9.09226305357e-10, 2.46890702327e-10, 1.88016158198e-10, 1.98087476977e-10, 1.0285828439e-10, 2.11797350491e-11, 1.60694409168e-11, 3.4137232971e-12, 3.88735810035e-13, 1.11132830098e-13, 8.09114195999e-14, 7.39953481517e-14, 2.81948248792e-14, 1.32760810131e-14, 5.60980095384e-15, 6.81059329399e-16, 5.50671380492e-18],
        "max": [0.00227683596313, 0.00395152717829, 0.00208756001666, 0.00178681896068, 0.00151043059304, 0.00126715179067, 0.00243977177888, 0.00159994175192, 0.00392987392843, 0.00451030209661, 0.00508218072355, 0.00308459834196, 0.00163859862369, 0.000786909542512, 0.00158759194892, 0.00265797018073, 0.000992550747469, 0.000390847097151, 7.77120876592e-05, 5.49948854314e-05, 0.000111793189717, 7.89770638221e-05, 0.000177798079676, 0.000138170391438, 7.63222487876e-05, 8.10202618595e-05, 8.61005319166e-05, 5.12118240295e-05, 2.46377821895e-05, 2.42345522565e-05, 1.17700656119e-05, 5.49325386601e-06, 2.36816504184e-06, 2.17525666812e-06, 2.27186001212e-06, 1.06905190478e-06, 7.61896671975e-07, 4.57997600734e-07, 1.8037339089e-07, 2.01183087967e-08],
        "mean": [0.000400221499149, 0.00104568409733, 0.000341718929121, 0.000158318871399, 0.000104891027149, 8.70760923135e-05, 0.000115596296382, 0.000137265931698, 0.000230046352954, 0.000144231191371, 5.40288710908e-05, 6.92057947163e-05, 7.96645254013e-05, 3.26019398926e-05, 5.65123482374e-05, 6.12934600213e-05, 1.49994693857e-05, 1.10153623609e-05, 6.31252942185e-06, 7.64384640206e-06, 1.12299012471e-05, 8.43648194859e-06, 1.45849890032e-05, 1.14165823106e-05, 7.15555370334e-06, 7.96212952991e-06, 6.40468533675e-06, 3.84944041798e-06, 1.89530135231e-06, 1.50793732701e-06, 8.36135995996e-07, 4.37104915818e-07, 2.75335082733e-07, 2.34652475228e-07, 2.12810931544e-07, 1.76026560439e-07, 9.6344173528e-08, 6.37981827367e-08, 1.82017014794e-08, 1.14572873411e-09],
        "median": [0.000337793055223, 0.000781248847488, 0.000288280483801, 0.000106293977296, 4.91637001687e-05, 4.49602193839e-05, 4.64655495307e-05, 4.79451082356e-05, 7.57430898375e-05, 2.36840787693e-05, 1.28918618429e-05, 1.84050149983e-05, 1.21801840578e-05, 1.18873285828e-05, 1.62142132467e-05, 1.20596705528e-05, 3.92753327105e-06, 3.32636818712e-06, 3.12579572892e-06, 3.53380005436e-06, 3.70285465578e-06, 3.07251889353e-06, 4.77400817545e-06, 3.07198229166e-06, 2.8614333587e-06, 3.27816883328e-06, 2.00412068807e-06, 1.17146998946e-06, 8.12981056697e-07, 5.60643456993e-07, 3.77763541337e-07, 2.74526883004e-07, 1.95252312096e-07, 1.58454653842e-07, 1.48835155755e-07, 1.33989729534e-07, 6.41173372173e-08, 4.50665993412e-08, 1.21460610458e-08, 7.39793337701e-10],
        "min": [2.84302403841e-09, 3.12420556092e-09, 2.21423368529e-09, 1.10286724198e-09, 1.20424847871e-09, 5.97726868001e-10, 7.07115616061e-11, 1.73588110552e-09, 3.31383587238e-09, 4.40826486425e-09, 1.67919644856e-09, 9.87723271229e-12, 1.49500689606e-10, 3.06450032017e-10, 7.10545844385e-10, 2.55497734081e-10, 9.06695968306e-11, 4.15615708516e-10, 5.03613983849e-10, 1.17008847056e-10, 1.9942367202e-10, 2.20269316675e-10, 3.24134136198e-10, 6.43126552013e-10, 2.67464272952e-10, 1.63117477858e-10, 3.2891489532e-10, 1.21461216085e-10, 2.04601460774e-10, 8.92459717239e-12, 1.82517279068e-10, 1.32410804543e-10, 5.25492080405e-11, 1.05087001601e-10, 9.30885956426e-14, 3.98894250964e-11, 6.66285152051e-11, 4.28009294673e-11, 1.1535706201e-12, 1.49402612135e-13],
        "var": [1.11075195264e-07, 6.84606504819e-07, 7.91172780623e-08, 2.98620008721e-08, 2.47441107604e-08, 1.6370481859e-08, 3.97114803263e-08, 5.17349327822e-08, 1.65665468899e-07, 1.98123402129e-07, 7.28671594175e-08, 3.82699916202e-08, 4.04201827564e-08, 4.47248549307e-09, 1.78797598949e-08, 3.30642997426e-08, 3.54956442017e-09, 8.79285089184e-10, 6.80439871115e-11, 8.0565096261e-11, 2.48767617617e-10, 1.39512679187e-10, 5.16765408243e-10, 3.63288288341e-10, 1.01309544087e-10, 1.21003429499e-10, 1.01580646672e-10, 3.9401287788e-11, 7.94746733701e-12, 6.49288348781e-12, 1.35699687164e-12, 2.30317799338e-13, 6.80208656328e-14, 4.77744979807e-14, 3.83494505683e-14, 1.99815360248e-14, 8.44408500371e-15, 3.77700842675e-15, 3.78119425182e-16, 2.08622808702e-18]
    },
    "mfcc": {
        "dmean": [32.3462715149, 9.90428924561, 13.5954246521, 9.37993812561, 7.99996519089, 7.91067218781, 6.88977575302, 6.31699037552, 5.63197755814, 5.87824630737, 6.17743206024, 5.90337324142, 5.5042090416],
        "dmean2": [40.4460449219, 15.1435413361, 20.0279121399, 13.921746254, 11.9187479019, 11.6174516678, 10.0996799469, 9.66895103455, 8.97795772552, 9.46639823914, 9.79938220978, 9.32583904266, 8.77233409882],
        "dvar": [1071.56201172, 95.388343811, 151.702987671, 62.6958808899, 41.0926399231, 43.1244392395, 30.8039093018, 25.0002288818, 20.3903675079, 21.507396698, 24.5446052551, 20.7107715607, 18.3957672119],
        "dvar2": [1682.81408691, 169.530197144, 301.237731934, 111.870384216, 85.0225296021, 82.1464233398, 58.9722442627, 55.8091659546, 49.9746170044, 52.2889900208, 60.4278755188, 53.0091400146, 45.828338623],
        "max": [-595.842712402, 186.675292969, 31.2417259216, 86.6973571777, 27.6687889099, 48.8492431641, 39.7713546753, 58.4177970886, 8.29842758179, 39.5375823975, 22.7969932556, 39.4468727112, 14.9163589478],
        "mean": [-689.804016113, 142.269088745, -19.7279605865, 41.4217834473, -8.76809501648, 10.4129009247, 1.20574259758, 18.1947517395, -9.38695144653, 12.2287302017, -1.99989616871, 13.7477703094, -3.50616669655],
        "median": [-690.401123047, 143.228713989, -18.3212432861, 40.1631317139, -9.05365371704, 11.4443283081, 1.10200500488, 18.7206935883, -8.90385437012, 11.4851608276, -2.11067199707, 14.1142463684, -3.47957611084],
        "min": [-1126.98815918, 12.4225273132, -68.2084655762, -7.74174880981, -42.3904075623, -28.7501029968, -32.9499053955, -7.74061965942, -33.8842010498, -15.5790405273, -23.968706131, -9.58499908447, -25.1769485474],
        "var": [2275.70947266, 246.303375244, 412.776733398, 238.464279175, 154.08984375, 155.186279297, 128.559936523, 86.5461196899, 54.5974464417, 72.0723724365, 66.2368392944, 56.7079925537, 47.7017097473],
        "cov": [[2279.22143555, 141.948028564, -641.993652344, 113.271278381, -283.043365479, -173.394271851, -134.466339111, -48.612827301, -88.5401687622, -20.1413497925, -95.5286483765, 21.0922489166, -86.5554504395], [141.948028564, 246.68347168, 2.85435962677, -88.0576248169, -48.225856781, -3.93017649651, 11.8656215668, 4.16731309891, -20.0547332764, 9.34747028351, 41.912853241, 4.79294538498, 1.9863576889], [-641.993652344, 2.85435962677, 413.413726807, -49.657585144, 136.613815308, 60.7974662781, 15.3150663376, 19.5161571503, 23.6008167267, 25.9485263824, 14.4036779404, -10.8598337173, 26.2883415222], [113.271278381, -88.0576248169, -49.657585144, 238.832275391, 40.0272293091, -14.9553070068, -51.5151557922, -20.3440284729, 41.3061332703, 9.83641338348, -34.530128479, -6.22701311111, 18.0218906403], [-283.043365479, -48.225856781, 136.613815308, 40.0272293091, 154.327636719, 26.0766181946, 10.2447385788, -7.10317897797, 21.3745880127, 30.0401210785, -7.03151464462, 3.55252122879, 6.578125], [-173.394271851, -3.93017649651, 60.7974662781, -14.9553070068, 26.0766181946, 155.425765991, 82.7922973633, 26.2634601593, -9.90070152283, -4.94877147675, 39.2606925964, -2.22797775269, -8.97291278839], [-134.466339111, 11.8656215668, 15.3150663376, -51.5151557922, 10.2447385788, 82.7922973633, 128.758331299, 52.6362838745, -6.12225818634, -14.4713315964, 29.0549793243, 17.604352951, -6.02731800079], [-48.612827301, 4.16731309891, 19.5161571503, -20.3440284729, -7.10317897797, 26.2634601593, 52.6362838745, 86.6796798706, 12.0383682251, -14.018743515, 9.19206237793, 14.5141420364, 9.30504512787], [-88.5401687622, -20.0547332764, 23.6008167267, 41.3061332703, 21.3745880127, -9.90070152283, -6.12225818634, 12.0383682251, 54.6817016602, 27.7459068298, 0.489325523376, 0.38270843029, 11.5719594955], [-20.1413497925, 9.34747028351, 25.9485263824, 9.83641338348, 30.0401210785, -4.94877147675, -14.4713315964, -14.018743515, 27.7459068298, 72.18359375, 18.1001491547, -3.62916398048, 0.345920503139], [-95.5286483765, 41.912853241, 14.4036779404, -34.530128479, -7.03151464462, 39.2606925964, 29.0549793243, 9.19206237793, 0.489325523376, 18.1001491547, 66.3390579224, 15.5849351883, 0.32055029273], [21.0922489166, 4.79294538498, -10.8598337173, -6.22701311111, 3.55252122879, -2.22797775269, 17.604352951, 14.5141420364, 0.38270843029, -3.62916398048, 15.5849351883, 56.7955055237, 16.8645877838], [-86.5554504395, 1.9863576889, 26.2883415222, 18.0218906403, 6.578125, -8.97291278839, -6.02731800079, 9.30504512787, 11.5719594955, 0.345920503139, 0.32055029273, 16.8645877838, 47.7753257751]],
        "icov": [[0.00156741309911, -0.00131639000028, 0.00147614639718, -0.00120033929124, 0.001566477702, -0.000316747871693, 0.0012569562532, -0.00122185004875, 0.00266922125593, -0.0024115012493, 0.00331356283277, -0.00244065606967, 0.0028666111175], [-0.00131639000028, 0.00657671876252, -0.00161874957848, 0.00208477000706, 0.000166843121406, 0.00139927689452, -0.00143928430043, 0.00096374982968, -0.000382005178835, 0.00075366825331, -0.00576690444723, 0.00278143468313, -0.00353960343637], [0.00147614639718, -0.00161874957848, 0.00630076881498, 0.00135158048943, -0.00337456143461, -0.0023271671962, 0.00351139600389, -0.00239659496583, 0.00056105828844, -0.00122923392337, 0.00265558063984, -0.000105439110484, -0.000405433296692], [-0.00120033929124, 0.00208477000706, 0.00135158048943, 0.0086369337514, -0.00411980971694, -0.00251785200089, 0.00275077181868, 0.00157313805539, -0.00785845983773, 0.0034479694441, -0.000617749523371, 0.00232680188492, -0.00506682787091], [0.001566477702, 0.000166843121406, -0.00337456143461, -0.00411980971694, 0.015014404431, -0.000414640497183, -0.00235157692805, 0.00150656001642, 0.00346803944558, -0.00765595957637, 0.00687971990556, -0.00614318624139, 0.00484450999647], [-0.000316747871693, 0.00139927689452, -0.0023271671962, -0.00251785200089, -0.000414640497183, 0.0138089824468, -0.00867680087686, 0.000419370946474, 0.00384787935764, 0.00112492975313, -0.00801403820515, 0.00449554761872, 0.000599243445322], [0.0012569562532, -0.00143928430043, 0.00351139600389, 0.00275077181868, -0.00235157692805, -0.00867680087686, 0.0197472181171, -0.00857239123434, 0.000128648505779, 0.000807301199529, 0.00177440780681, -0.00511331809685, 0.00397844985127], [-0.00122185004875, 0.00096374982968, -0.00239659496583, 0.00157313805539, 0.00150656001642, 0.000419370946474, -0.00857239123434, 0.0198704302311, -0.00968744512647, 0.00583965331316, -0.00154613354243, -0.000306265545078, -0.00418601790443], [0.00266922125593, -0.000382005178835, 0.00056105828844, -0.00785845983773, 0.00346803944558, 0.00384787935764, 0.000128648505779, -0.00968744512647, 0.038060400635, -0.0171656124294, 0.00417027296498, -0.00223365589045, 0.00132155814208], [-0.0024115012493, 0.00075366825331, -0.00122923392337, 0.0034479694441, -0.00765595957637, 0.00112492975313, 0.000807301199529, 0.00583965331316, -0.0171656124294, 0.027915943414, -0.0134652554989, 0.00622452748939, -0.00294590112753], [0.00331356283277, -0.00576690444723, 0.00265558063984, -0.000617749523371, 0.00687971990556, -0.00801403820515, 0.00177440780681, -0.00154613354243, 0.00417027296498, -0.0134652554989, 0.0342800840735, -0.0134900137782, 0.00670672161505], [-0.00244065606967, 0.00278143468313, -0.000105439110484, 0.00232680188492, -0.00614318624139, 0.00449554761872, -0.00511331809685, -0.000306265545078, -0.00223365589045, 0.00622452748939, -0.0134900137782, 0.0289778783917, -0.0138950534165], [0.0028666111175, -0.00353960343637, -0.000405433296692, -0.00506682787091, 0.00484450999647, 0.000599243445322, 0.00397844985127, -0.00418601790443, 0.00132155814208, -0.00294590112753, 0.00670672161505, -0.0138950534165, 0.0337302535772]]
    }
}

}