{
"metadata": {
    "version": {
        "essentia": "2.0.1",
        "extractor": "archive-music 1.0 mod ismir14"
    },
    "audio_properties": {
        "analysis_sample_rate": 44100,
        "bitrate": 32,
        "channels": 2,
        "equal_loudness": 0,
        "length": 30.0408172607,
        "replay_gain": -8.39121818542,
        "downmix": "mix"
    },
    "tags": {
        "track": 7,
        "year": 0,
        "album": "The Cool Jazz Collection",
        "artist": "Astrud Gilberto",
        "comment": "",
        "genre": "Jazz",
        "title": "Girl From Ipanema"
    }
},
"rhythm": {
    "bpm": 130.063034058,
    "bpm_histogram_first_peak": 129,
    "bpm_histogram_first_peak_spread": 0.509090900421,
    "bpm_histogram_first_peak_weight": 0.428571432829,
    "bpm_histogram_second_peak": 136,
    "bpm_histogram_second_peak_spread": 0.199999988079,
    "bpm_histogram_second_peak_weight": 0.0634920671582
},
"tonal": {
    "tuning_frequency": {
        "dmean": 0.26571598649,
        "dmean2": 0.489439576864,
        "dvar": 1.40972721577,
        "dvar2": 2.90933442116,
        "max": 443.316436768,
        "mean": 440.292419434,
        "median": 442.548919678,
        "min": 431.692352295,
        "var": 7.43313074112
    },
    "hpcp": {
        "dmean": [0.079104013741, 0.238998323679, 0.126775160432, 0.260991543531, 0.124424807727, 0.124089345336, 0.208307906985, 0.0500458069146, 0.215900048614, 0.152730181813, 0.203725412488, 0.181853488088],
        "dmean2": [0.14106310904, 0.412522494793, 0.221776142716, 0.466070890427, 0.223229587078, 0.229284822941, 0.378798753023, 0.0945834740996, 0.399132430553, 0.285340517759, 0.39147618413, 0.322955310345],
        "dvar": [0.0350346378982, 0.0918789878488, 0.0540179423988, 0.108335837722, 0.0482523217797, 0.0594453327358, 0.08743904531, 0.0236493442208, 0.084334179759, 0.0780067592859, 0.0958614423871, 0.084242425859],
        "dvar2": [0.0896151736379, 0.171917766333, 0.130304828286, 0.252192825079, 0.104083307087, 0.154750108719, 0.178359255195, 0.0582774430513, 0.241075769067, 0.22997584939, 0.278174012899, 0.201132655144],
        "max": [1, 1, 1, 1, 1, 1, 1, 1, 1, 1, 1, 1],
        "mean": [0.0619441904128, 0.307929217815, 0.0962590351701, 0.31470361352, 0.123994134367, 0.120263338089, 0.235483437777, 0.0630896985531, 0.212991848588, 0.115477308631, 0.16740244627, 0.171512082219],
        "median": [0.00757256196812, 0.118253581226, 0.00960447546095, 0.0884540826082, 0.0293156094849, 0.0148652959615, 0.0703997835517, 0.00674600200728, 0.049901727587, 0.0162852946669, 0.0345309898257, 0.0297365020961],
        "min": [9.0534624178e-05, 3.43549691024e-05, 4.23993369623e-05, 0.000180682473001, 5.90402196394e-05, 0.000204122610739, 0.000171418098034, 7.15638379916e-05, 3.42080566043e-05, 7.82587521826e-05, 9.70543405856e-05, 0.000416080816649],
        "var": [0.028159853071, 0.1386795789, 0.043607968837, 0.154202654958, 0.0561252497137, 0.0645262226462, 0.114196494222, 0.0413531735539, 0.104294829071, 0.0643157660961, 0.0913764834404, 0.0900623053312]
    }
},
"lowlevel": {
    "melbands": {
        "dmean": [0.000125395294162, 0.000306424190057, 0.000310100062052, 0.000158734968863, 0.000102228252217, 3.11168187181e-05, 1.57250615302e-05, 2.22867111006e-05, 9.25797939999e-06, 6.85907707521e-06, 6.9640732363e-06, 9.21330138226e-06, 1.29934392135e-06, 1.00577199191e-06, 1.57404633683e-06, 1.0606718206e-06, 8.25534925752e-07, 2.71618631587e-07, 3.14747012453e-07, 3.02346364833e-07, 1.25589451727e-07, 1.77732630391e-07, 2.21808775791e-07, 1.87940372598e-07, 7.19588086895e-08, 5.57520571931e-08, 7.01324864849e-08, 1.14236051729e-07, 9.81285168677e-08, 1.32371468453e-07, 2.31761148939e-07, 4.12368137859e-07, 4.81186191337e-07, 2.89512200879e-07, 1.32816964538e-07, 8.30057231838e-08, 6.82371066318e-08, 4.75442902825e-08, 5.56494583748e-08, 9.95606654897e-08],
        "dmean2": [0.000199624730158, 0.000475231499877, 0.000501794856973, 0.000258980260696, 0.000160985146067, 5.06447031512e-05, 2.78879433608e-05, 3.95846072934e-05, 1.64552766364e-05, 1.22634328363e-05, 1.27061221065e-05, 1.7124822989e-05, 2.28707767747e-06, 1.86410034075e-06, 2.77954154626e-06, 1.97648046196e-06, 1.56735222845e-06, 4.92856258916e-07, 5.99456029704e-07, 5.67053291434e-07, 2.24218780431e-07, 3.12551321713e-07, 3.90792365579e-07, 3.42160120681e-07, 1.24924085299e-07, 9.85262929021e-08, 1.24354528452e-07, 2.1364567715e-07, 1.7607047198e-07, 2.41905411258e-07, 4.1851461674e-07, 7.66078187553e-07, 9.14727309009e-07, 5.18262083915e-07, 2.38347737991e-07, 1.49173402519e-07, 1.25523300198e-07, 8.53507700072e-08, 1.00956135896e-07, 1.83983303259e-07],
        "dvar": [7.13317405143e-08, 9.26486265485e-08, 1.31406395099e-07, 8.7694644435e-08, 1.79578716342e-08, 1.99868588346e-09, 1.18350662603e-09, 1.49396317539e-09, 3.47025713721e-10, 2.48012749227e-10, 1.63437013923e-10, 2.25579044333e-09, 6.09764972889e-12, 3.92990241044e-12, 1.67958372904e-11, 7.74653431679e-12, 8.84145794772e-12, 2.3436900207e-13, 9.00424374818e-13, 8.51056855197e-13, 5.71709969947e-14, 7.88697246076e-14, 1.73264262096e-13, 1.50534383678e-13, 1.55587162213e-14, 1.39216124455e-14, 2.78125216407e-14, 1.66687017379e-13, 4.12965018085e-14, 1.18726168762e-13, 4.21531434975e-13, 1.41633883441e-12, 2.14872087137e-12, 9.74037690782e-13, 9.7767110976e-14, 2.34173168053e-14, 1.54591729093e-14, 8.86549236529e-15, 1.8642986799e-14, 7.16923062257e-14],
        "dvar2": [1.71744133581e-07, 2.10303966242e-07, 2.83113735122e-07, 2.13327851384e-07, 3.64596068891e-08, 3.73212216687e-09, 3.19562554196e-09, 4.18913082001e-09, 1.01819130904e-09, 6.98912594466e-10, 4.74799422001e-10, 6.55052057041e-09, 1.67983370269e-11, 1.13525586501e-11, 4.28220479909e-11, 2.23323477766e-11, 2.59152508481e-11, 6.43035809062e-13, 2.56708673416e-12, 2.41302052124e-12, 1.64787400305e-13, 2.14894616858e-13, 4.90908149634e-13, 4.30754634436e-13, 4.01505509341e-14, 3.76884531613e-14, 7.87846079608e-14, 4.88931432233e-13, 1.16142176172e-13, 3.42580510401e-13, 1.17653911787e-12, 3.98647087563e-12, 6.0619616965e-12, 2.56965108913e-12, 2.56459052128e-13, 6.2655813155e-14, 4.04174205226e-14, 2.26096658079e-14, 4.79264014813e-14, 1.95186003319e-13],
        "max": [0.00183438265231, 0.00182639842387, 0.00281677441671, 0.0035244517494, 0.00106493360363, 0.000328498426825, 0.000273026322247, 0.000263194466243, 0.000105432714918, 0.000153380271513, 6.80644370732e-05, 0.000444771372713, 1.70867733686e-05, 1.47647897393e-05, 3.44903237419e-05, 2.05258656933e-05, 2.5712130082e-05, 2.85259511656e-06, 7.4779809438e-06, 6.33726676824e-06, 1.53707640038e-06, 1.70808891653e-06, 2.5590122732e-06, 2.93587163469e-06, 1.02535864244e-06, 1.08371932583e-06, 1.34331162371e-06, 3.4665010844e-06, 1.2326831893e-06, 2.66043048214e-06, 4.66098117613e-06, 7.28820759832e-06, 9.84368580248e-06, 9.17392389965e-06, 1.8608989194e-06, 7.03316459294e-07, 5.08638493102e-07, 4.94196854106e-07, 7.89951002389e-07, 1.42020496696e-06],
        "mean": [0.000108684136649, 0.000389523716876, 0.000500987749547, 0.000185778670129, 0.000139331677929, 3.97968869947e-05, 1.55685374921e-05, 1.95226293727e-05, 7.76936394686e-06, 5.21579886481e-06, 5.00118949276e-06, 5.82555776418e-06, 1.0461377542e-06, 8.07436947525e-07, 1.22449375795e-06, 7.30345675493e-07, 5.28568136815e-07, 2.10942928902e-07, 2.09228886661e-07, 2.08355771747e-07, 1.06583073034e-07, 1.65549138842e-07, 1.93120939684e-07, 1.54522339813e-07, 6.66534702987e-08, 4.87370712676e-08, 6.18154771814e-08, 8.62430198367e-08, 7.39024059726e-08, 9.50276017875e-08, 1.60916002301e-07, 2.66659327508e-07, 2.96393608323e-07, 1.93743147747e-07, 9.56037595756e-08, 6.08947772207e-08, 5.25543413232e-08, 3.86000245101e-08, 4.54183961551e-08, 7.27847790927e-08],
        "median": [3.57266399078e-05, 0.000267493189313, 0.00027196915471, 0.000111764915346, 5.83273613302e-05, 2.13807197724e-05, 5.83370638196e-06, 5.36410743734e-06, 2.26843349083e-06, 9.80495428848e-07, 8.87447072273e-07, 7.50830224661e-07, 3.34970366112e-07, 3.7676102238e-07, 2.96640337183e-07, 1.33213291065e-07, 8.95733691664e-08, 6.41846469307e-08, 2.55753764833e-08, 2.65497028806e-08, 2.95973361375e-08, 6.20165465648e-08, 6.08640036148e-08, 3.13547445785e-08, 1.94588221092e-08, 1.49115031434e-08, 1.9545687735e-08, 1.93551947802e-08, 1.28587203108e-08, 1.40927411962e-08, 1.34802418117e-08, 9.80370629122e-09, 1.19999610249e-08, 9.92803972366e-09, 9.02752539389e-09, 8.99437768709e-09, 8.34826874296e-09, 6.95691149133e-09, 6.61627508336e-09, 7.15589942857e-09],
        "min": [1.28158296775e-06, 2.28126691582e-06, 4.83035591969e-06, 9.39072435813e-07, 1.30228602302e-06, 2.17800945279e-07, 1.20806760151e-07, 6.54122942478e-08, 2.78115415142e-08, 1.87754469749e-08, 1.5005232612e-08, 1.07573683295e-08, 7.49468576089e-09, 7.26928028882e-09, 2.73794964478e-09, 2.81922618584e-09, 1.81253967391e-09, 1.3494784179e-09, 7.79933229111e-10, 4.16887357968e-10, 5.12086872906e-10, 7.85790099656e-10, 7.81423481477e-10, 5.65435698263e-10, 4.17337553404e-10, 6.50763387622e-10, 9.48013556545e-10, 1.28475341477e-09, 7.70420116591e-10, 1.23391574736e-09, 1.52013013288e-09, 5.99443217286e-10, 9.70236224695e-10, 1.45963163778e-09, 7.01966207384e-10, 9.04134267454e-10, 7.87937159963e-10, 6.94146018443e-10, 8.10541744833e-10, 5.87637050131e-10],
        "var": [6.39531592128e-08, 1.61660622666e-07, 3.87977081573e-07, 9.81754695317e-08, 3.86606160419e-08, 2.94796986822e-09, 9.96720816993e-10, 1.28920685238e-09, 2.66851984954e-10, 2.06982736506e-10, 1.17856238657e-10, 1.26671462208e-09, 4.69986029261e-12, 2.51685629803e-12, 1.36352335672e-11, 4.82324857137e-12, 4.79959605046e-12, 1.74168188552e-13, 5.31007854875e-13, 5.29099604841e-13, 3.97127094393e-14, 6.56670491638e-14, 1.24465474277e-13, 1.04802586965e-13, 1.56227468299e-14, 1.10887819041e-14, 1.92185016409e-14, 9.06723020234e-14, 2.65293226298e-14, 7.5491066035e-14, 2.80763070128e-13, 8.60524759089e-13, 1.28201908724e-12, 6.779588284e-13, 7.08226270056e-14, 1.69261458826e-14, 1.18251923485e-14, 7.34264316964e-15, 1.50203048106e-14, 4.9175839453e-14]
    },
    "mfcc": {
        "dmean": [46.1023521423, 34.2833862305, 21.3702125549, 16.3160934448, 11.0574178696, 13.2428674698, 10.3902578354, 9.03164100647, 7.7562994957, 10.1331291199, 7.38486719131, 7.25275182724, 6.4550447464],
        "dmean2": [72.1705322266, 54.0959472656, 33.0416221619, 26.1755180359, 16.4964904785, 21.4874610901, 17.0974445343, 14.1537780762, 12.6811275482, 15.9243135452, 11.8725624084, 12.1808137894, 9.80613899231],
        "dvar": [1128.63964844, 839.269104004, 290.764312744, 156.132354736, 71.9098510742, 112.348846436, 68.5047836304, 53.9944763184, 33.2186126709, 60.1373939514, 35.6821632385, 31.1313018799, 26.0799674988],
        "dvar2": [3057.72802734, 1965.08459473, 812.061889648, 356.997467041, 150.173568726, 289.14630127, 160.748352051, 135.778778076, 95.3281784058, 148.563827515, 88.2868118286, 71.6807403564, 70.9211502075],
        "max": [-725.52923584, 210.384033203, 126.525939941, 99.9049377441, 35.527545929, 55.2252044678, 29.4545898438, 36.6755027771, 20.2232246399, 21.4437236786, 27.5570449829, 36.4402885437, 13.9225997925],
        "mean": [-848.688659668, 149.5418396, 63.0881118774, 29.3847408295, 7.20280742645, 6.90543317795, 1.35376250744, 3.13181114197, -5.70010995865, -11.0762443542, -4.57640123367, -1.21515011787, -6.5876493454],
        "median": [-842.578369141, 155.873977661, 63.2095565796, 26.9901809692, 9.04052734375, 8.55525588989, 3.4572429657, 3.33740997314, -5.85318374634, -11.0680999756, -4.55646133423, -2.02603912354, -5.81425094604],
        "min": [-992.536499023, 41.6652030945, 3.48141098022, -16.0891990662, -37.382850647, -39.1419143677, -41.7290496826, -20.0145874023, -31.1140117645, -39.6993522644, -38.3732566833, -24.2790565491, -35.4169921875],
        "var": [3105.35205078, 1357.76049805, 639.706542969, 437.602508545, 179.338668823, 203.655273438, 173.551544189, 120.762557983, 74.5306930542, 152.053939819, 121.188316345, 98.88697052, 70.0745849609],
        "cov": [[3124.52075195, -526.782836914, -325.973571777, -71.9501953125, -132.135787964, -53.4603118896, -247.81137085, 24.6717700958, 109.806541443, 170.013046265, 139.587280273, 20.2199821472, -119.975189209], [-526.782836914, 1366.14172363, -383.028320312, -230.861465454, 141.965667725, -115.539878845, 131.213439941, 86.7581176758, -45.6462936401, -19.3059921265, -33.9334716797, 6.71219873428, -67.5267410278], [-325.973571777, -383.028320312, 643.655334473, 101.145843506, -128.449768066, 149.615081787, 16.8521881104, -66.6672058105, -4.55814599991, -111.874443054, 54.648853302, -26.4770469666, 92.3175735474], [-71.9501953125, -230.861465454, 101.145843506, 440.303771973, 120.66734314, -104.232696533, -80.1797943115, 18.8682327271, -20.7125892639, -113.602226257, -6.09380054474, -44.3994941711, 45.4846534729], [-132.135787964, 141.965667725, -128.449768066, 120.66734314, 180.44569397, -56.0881614685, -24.0604476929, 16.1355838776, -4.50684642792, -18.3122386932, -34.8649291992, 13.864315033, -11.9638137817], [-53.4603118896, -115.539878845, 149.615081787, -104.232696533, -56.0881614685, 204.912399292, 58.4208259583, -7.89184474945, 29.285358429, 46.5409011841, 39.3609046936, 10.6773071289, 20.2193069458], [-247.81137085, 131.213439941, 16.8521881104, -80.1797943115, -24.0604476929, 58.4208259583, 174.622848511, 23.8399658203, -10.8325271606, 23.6605796814, -4.03146409988, 34.2913093567, 5.85499858856], [24.6717700958, 86.7581176758, -66.6672058105, 18.8682327271, 16.1355838776, -7.89184474945, 23.8399658203, 121.508003235, 14.360244751, -6.97908830643, 31.7035083771, -5.41261100769, -3.09759783745], [109.806541443, -45.6462936401, -4.55814599991, -20.7125892639, -4.50684642792, 29.285358429, -10.8325271606, 14.360244751, 74.9907608032, 48.0276222229, 14.5803070068, -14.0377664566, 2.50087976456], [170.013046265, -19.3059921265, -111.874443054, -113.602226257, -18.3122386932, 46.5409011841, 23.6605796814, -6.97908830643, 48.0276222229, 152.992538452, 3.60450911522, 18.6476593018, -30.9173622131], [139.587280273, -33.9334716797, 54.648853302, -6.09380054474, -34.8649291992, 39.3609046936, -4.03146409988, 31.7035083771, 14.5803070068, 3.60450911522, 121.936393738, -20.3631191254, 13.7055950165], [20.2199821472, 6.71219873428, -26.4770469666, -44.3994941711, 13.864315033, 10.6773071289, 34.2913093567, -5.41261100769, -14.0377664566, 18.6476593018, -20.3631191254, 99.4973831177, -8.73481273651], [-119.975189209, -67.5267410278, 92.3175735474, 45.4846534729, -11.9638137817, 20.2193069458, 5.85499858856, -3.09759783745, 2.50087976456, -30.9173622131, 13.7055950165, -8.73481273651, 70.5071411133]],
        "icov": [[0.000571860698983, 0.000177258538315, 0.000524691597093, -0.000216005690163, 0.000816801679321, -3.86286774301e-05, 0.000658962642774, 0.000107760388346, -0.000677746080328, 9.33196060942e-05, -0.000727134756744, -0.000605248613283, 0.00082620565081], [0.000177258538315, 0.00165321282111, 0.000338579382515, 0.00175459287129, -0.00189654272981, 0.00115783803631, -0.00114228739403, -0.000518701737747, 0.000238671607804, 0.00103557959665, -0.000565212976653, 0.00099057063926, 0.000406187929912], [0.000524691597093, 0.000338579382515, 0.00503073073924, -0.00208426546305, 0.00391204981133, -0.00342657743022, -0.000177527530468, 0.00285872304812, -0.0024152547121, 0.00414297683164, -0.0013842129847, -0.00109990977217, -0.000203310744837], [-0.000216005690163, 0.00175459287129, -0.00208426546305, 0.0073069492355, -0.00680732121691, 0.00401720497757, -0.000597117235884, -0.00224488973618, 0.0017052431358, 0.000949903100263, -0.000107863153971, 0.0030738429632, -0.00227020564489], [0.000816801679321, -0.00189654272981, 0.00391204981133, -0.00680732121691, 0.014724470675, -0.00373117136769, 0.00258751166984, 0.00184029771481, -0.00370178092271, 0.00144267536234, 0.0007893286529, -0.00490871677175, 0.00227956939489], [-3.86286774301e-05, 0.00115783803631, -0.00342657743022, 0.00401720497757, -0.00373117136769, 0.0109037887305, -0.00253893923946, -0.00127657991834, -0.000441893091192, -0.00300573254935, -0.00176205055322, 0.000974055961706, -0.00150620646309], [0.000658962642774, -0.00114228739403, -0.000177527530468, -0.000597117235884, 0.00258751166984, -0.00253893923946, 0.00996073894203, -0.0025836287532, 0.00210349494591, -0.00249991263263, 0.000931770249736, -0.00315258651972, -0.000871078576893], [0.000107760388346, -0.000518701737747, 0.00285872304812, -0.00224488973618, 0.00184029771481, -0.00127657991834, -0.0025836287532, 0.0124930087477, -0.00500402832404, 0.00385771668516, -0.00387041922659, -0.000880297156982, 0.00134590710513], [-0.000677746080328, 0.000238671607804, -0.0024152547121, 0.0017052431358, -0.00370178092271, -0.000441893091192, 0.00210349494591, -0.00500402832404, 0.0226039811969, -0.00912121403962, 0.00127503764816, 0.00459338352084, -0.00423848628998], [9.33196060942e-05, 0.00103557959665, 0.00414297683164, 0.000949903100263, 0.00144267536234, -0.00300573254935, -0.00249991263263, 0.00385771668516, -0.00912121403962, 0.0158322621137, -0.0014131088974, -0.00156663602684, 0.0039436602965], [-0.000727134756744, -0.000565212976653, -0.0013842129847, -0.000107863153971, 0.0007893286529, -0.00176205055322, 0.000931770249736, -0.00387041922659, 0.00127503764816, -0.0014131088974, 0.0117918234318, 0.00198029913008, -0.00221651652828], [-0.000605248613283, 0.00099057063926, -0.00109990977217, 0.0030738429632, -0.00490871677175, 0.000974055961706, -0.00315258651972, -0.000880297156982, 0.00459338352084, -0.00156663602684, 0.00198029913008, 0.0140624344349, -0.00100583862513], [0.00082620565081, 0.000406187929912, -0.000203310744837, -0.00227020564489, 0.00227956939489, -0.00150620646309, -0.000871078576893, 0.00134590710513, -0.00423848628998, 0.0039436602965, -0.00221651652828, -0.00100583862513, 0.0208446662873]]
    }
}

}