{
"metadata": {
    "version": {
        "essentia": "2.0.1",
        "extractor": "archive-music 1.0 mod ismir14"
    },
    "audio_properties": {
        "analysis_sample_rate": 44100,
        "bitrate": 32,
        "channels": 2,
        "equal_loudness": 0,
        "length": 30.0408172607,
        "replay_gain": -14.8404006958,
        "downmix": "mix"
    },
    "tags": {
        "track": 0,
        "year": 0,
        "album": "",
        "artist": "",
        "comment": "",
        "genre": "",
        "title": ""
    }
},
"rhythm": {
    "bpm": 109.314041138,
    "bpm_histogram_first_peak": 110,
    "bpm_histogram_first_peak_spread": 0.396226406097,
    "bpm_histogram_first_peak_weight": 0.603773593903,
    "bpm_histogram_second_peak": 0,
    "bpm_histogram_second_peak_spread": 0,
    "bpm_histogram_second_peak_weight": 0
},
"tonal": {
    "tuning_frequency": {
        "dmean": 0.0498388856649,
        "dmean2": 0.0835936442018,
        "dvar": 0.275066047907,
        "dvar2": 0.613983035088,
        "max": 448.208557129,
        "mean": 442.050598145,
        "median": 442.293365479,
        "min": 437.718536377,
        "var": 0.936259150505
    },
    "hpcp": {
        "dmean": [0.100474245846, 0.0731387212873, 0.058391712606, 0.126151964068, 0.0629967600107, 0.110035091639, 0.0515586175025, 0.0764771103859, 0.109656885266, 0.050427492708, 0.111250720918, 0.0854468643665],
        "dmean2": [0.175406530499, 0.137940272689, 0.107113406062, 0.219998478889, 0.115288220346, 0.192671194673, 0.0975761190057, 0.135879144073, 0.185791611671, 0.0929879397154, 0.193043321371, 0.159598261118],
        "dvar": [0.0461141578853, 0.0420432537794, 0.0288397483528, 0.0549946501851, 0.0281763710082, 0.0470703318715, 0.0250106137246, 0.0273194201291, 0.0408368371427, 0.0218120664358, 0.0461732931435, 0.0514520183206],
        "dvar2": [0.10847684741, 0.109561011195, 0.0797364935279, 0.125872507691, 0.0750226974487, 0.119871668518, 0.0719902440906, 0.0711546987295, 0.100743770599, 0.0602357275784, 0.116451181471, 0.146802410483],
        "max": [1, 1, 1, 1, 1, 1, 1, 1, 1, 1, 1, 1],
        "mean": [0.160703793168, 0.213934227824, 0.0407252982259, 0.417527616024, 0.0442403629422, 0.216126263142, 0.0323161259294, 0.091369047761, 0.209440425038, 0.0319383591413, 0.20492297411, 0.0543899536133],
        "median": [0.0216739550233, 0.00509342970327, 0.00334799150005, 0.179703980684, 0.0025396309793, 0.0333449952304, 0.00250407750718, 0.00986069627106, 0.0696137696505, 0.00244826776907, 0.0586830154061, 0.00230174930766],
        "min": [4.98554470596e-07, 3.6213571093e-06, 3.62448577107e-06, 6.75306500852e-06, 2.59998887486e-06, 2.13720409192e-06, 5.95630751832e-07, 2.86189570033e-05, 1.25546625895e-06, 1.75266836777e-06, 5.83570590607e-06, 9.71068743638e-07],
        "var": [0.0893707871437, 0.150015577674, 0.0188825763762, 0.189858064055, 0.0214501619339, 0.119367823005, 0.0146604245529, 0.042926479131, 0.099619910121, 0.0132901929319, 0.0992893725634, 0.0326227359474]
    }
},
"lowlevel": {
    "melbands": {
        "dmean": [0.000517743930686, 0.000876971054822, 0.000617460929789, 0.000376826181309, 0.000164664801559, 0.000148677077959, 8.3681945398e-05, 0.000119675074529, 0.000177219917532, 0.000110839122499, 2.68205822067e-05, 3.28377755068e-05, 1.8871116481e-05, 2.01577822736e-05, 2.21053232963e-05, 1.91058297787e-05, 2.0168870833e-05, 1.79560702236e-05, 1.02743933894e-05, 1.68032856891e-05, 7.18010687706e-06, 5.03153160025e-06, 5.526642326e-06, 3.21986271956e-06, 1.89066292933e-06, 1.42654766933e-06, 9.15316263672e-07, 6.55253529658e-07, 6.8064576908e-07, 5.08077107497e-07, 4.0167438442e-07, 4.02582401193e-07, 3.70094028312e-07, 2.93865440426e-07, 2.41306594262e-07, 1.99816128088e-07, 1.77002291935e-07, 1.13375087096e-07, 8.94542111496e-08, 8.04009090416e-08],
        "dmean2": [0.000880950363353, 0.00144922360778, 0.000971314904746, 0.000618676480372, 0.000270302814897, 0.000220683839871, 0.000131535023684, 0.000182202114956, 0.000283205125015, 0.000172527186805, 3.98226511606e-05, 4.97003129567e-05, 2.83629215119e-05, 3.15752840834e-05, 3.60375561286e-05, 2.95556892524e-05, 3.30416078214e-05, 2.77624894807e-05, 1.65634355653e-05, 2.68580224656e-05, 1.13061187221e-05, 8.35440550873e-06, 8.89961575012e-06, 5.28174950887e-06, 3.00650526697e-06, 2.21920754484e-06, 1.42485725974e-06, 1.02579008399e-06, 1.01377133888e-06, 7.53156371047e-07, 5.84174642881e-07, 5.79905190534e-07, 5.42548036719e-07, 4.24623578965e-07, 3.67958676861e-07, 3.12675211944e-07, 2.66202334842e-07, 1.73718291308e-07, 1.37625065122e-07, 1.25471743218e-07],
        "dvar": [1.95961570171e-06, 1.37907920816e-06, 6.27034467016e-07, 5.16221973612e-07, 4.38158629379e-08, 6.2127647027e-08, 1.77350685249e-08, 5.90110964538e-08, 1.38039382591e-07, 8.19513346073e-08, 5.20156406836e-09, 8.84624995479e-09, 2.5792377123e-09, 2.55555998585e-09, 4.54390880478e-09, 1.91505811209e-09, 1.89931737005e-09, 1.78831649489e-09, 6.11081851787e-10, 3.70753294732e-09, 2.74462758076e-10, 7.97528501573e-11, 1.75455094897e-10, 4.13334921845e-11, 9.83333033056e-12, 5.60916504216e-12, 2.93489776752e-12, 1.58795697945e-12, 1.50655844137e-12, 1.05795515577e-12, 6.85572800786e-13, 7.56089255875e-13, 6.5633983708e-13, 6.70262077177e-13, 5.41756201532e-13, 6.06393190869e-13, 9.32976135584e-13, 2.60560317896e-13, 1.09242191573e-13, 1.18863374547e-13],
        "dvar2": [5.36830111741e-06, 3.41517397828e-06, 1.50911296259e-06, 1.43110548834e-06, 1.17167346048e-07, 1.23770846017e-07, 3.91664585209e-08, 1.25070044987e-07, 3.20543136922e-07, 1.90392668742e-07, 9.18443809894e-09, 1.74695955479e-08, 5.8046878415e-09, 6.06985928187e-09, 1.16968310593e-08, 4.09381728517e-09, 5.07211694867e-09, 4.04120470421e-09, 1.51638546164e-09, 1.01041610634e-08, 6.99401703219e-10, 2.01343663964e-10, 4.74148054153e-10, 1.04879847862e-10, 2.30774375304e-11, 1.33829405891e-11, 7.16862550224e-12, 3.66558172704e-12, 3.16574262464e-12, 2.46498199456e-12, 1.52817168642e-12, 1.60472579235e-12, 1.34646699172e-12, 1.36621649324e-12, 1.03099614349e-12, 1.18009020524e-12, 1.99156424859e-12, 4.93809095177e-13, 2.04402372307e-13, 2.25421176408e-13],
        "max": [0.0122193228453, 0.0099298004061, 0.00842413213104, 0.00559064466506, 0.00170104450081, 0.00231887609698, 0.00122173002455, 0.00292049883865, 0.00500014703721, 0.00387476035394, 0.00155294546857, 0.00192351348232, 0.00104517047293, 0.000500916037709, 0.000806521100458, 0.000477203429909, 0.000499072950333, 0.000646289845463, 0.000220135931158, 0.00119862833526, 0.000264159985818, 8.40379216243e-05, 0.000234493461903, 8.70668009156e-05, 3.56289165211e-05, 2.14340288949e-05, 1.45355716086e-05, 1.03562624645e-05, 1.39185185617e-05, 8.29251530376e-06, 7.33353726901e-06, 9.26469238038e-06, 1.04305199784e-05, 1.48663420987e-05, 1.33004523377e-05, 1.44427358464e-05, 2.00995091291e-05, 1.00558099803e-05, 6.2122358031e-06, 6.41763108433e-06],
        "mean": [0.000635611941107, 0.00263900123537, 0.00191234459635, 0.000705486978404, 0.000303248205455, 0.00026793818688, 0.000138626390253, 0.000173737862497, 0.000237373984419, 0.000174777087523, 3.77262404072e-05, 3.91580688301e-05, 2.55577015196e-05, 2.53038160736e-05, 2.4789796953e-05, 2.74635276583e-05, 2.51835608651e-05, 2.40533536271e-05, 1.31890710691e-05, 2.62181620201e-05, 1.13741843961e-05, 7.82180723036e-06, 1.04019318314e-05, 6.0946836129e-06, 3.02444823319e-06, 1.9153494577e-06, 1.09628513201e-06, 7.61671685723e-07, 8.32410421481e-07, 5.85328223224e-07, 4.73700140446e-07, 4.69765467415e-07, 4.28939529229e-07, 3.35984907451e-07, 2.77271198001e-07, 2.19048928329e-07, 1.82044644248e-07, 1.23541667563e-07, 9.60475219358e-08, 8.65887841428e-08],
        "median": [0.000342345039826, 0.00243250117637, 0.00173714198172, 0.000521235808264, 0.000209223100683, 9.09823720576e-05, 6.31653529126e-05, 5.97248181293e-05, 5.88396906096e-05, 3.55872689397e-05, 1.18483176266e-05, 1.10859273263e-05, 7.51455672798e-06, 5.45906004845e-06, 5.79317656957e-06, 6.52740254736e-06, 5.07155709784e-06, 5.43831356481e-06, 3.47434342984e-06, 3.1548820516e-06, 3.303471658e-06, 3.22315645462e-06, 2.32376123677e-06, 1.43144836784e-06, 1.1235722468e-06, 7.086486562e-07, 3.75072659153e-07, 2.39188295836e-07, 2.43731761884e-07, 1.34270123908e-07, 1.06056418758e-07, 1.05117479166e-07, 9.56558636744e-08, 7.94268544269e-08, 5.83999444359e-08, 5.66169902072e-08, 4.04725675196e-08, 2.67950106547e-08, 2.20059312994e-08, 1.66723630457e-08],
        "min": [3.48571148834e-07, 3.84408934906e-07, 9.18814521356e-07, 2.22052949539e-06, 5.92159631196e-06, 1.7582806322e-07, 4.4491787321e-07, 4.30949889108e-08, 2.48920258628e-07, 9.58088293146e-08, 1.21738139569e-08, 1.36446764998e-08, 1.10415356858e-08, 1.00339914155e-08, 4.0642529342e-09, 2.76267853039e-09, 3.31295013645e-09, 2.64913380121e-09, 2.57858268071e-09, 2.20161622266e-09, 2.6234894257e-09, 2.10071404716e-09, 1.88538717971e-09, 1.26002608347e-09, 8.48622727645e-10, 9.81341896633e-10, 4.75084027673e-10, 2.6474730741e-10, 2.14524856212e-10, 1.23125482032e-10, 4.67336828958e-11, 1.80775706904e-11, 1.5420590152e-11, 1.05252716265e-11, 8.74415470586e-12, 5.50135891703e-12, 5.7081075977e-12, 4.86912376738e-12, 2.86418154818e-12, 2.63538626685e-12],
        "var": [1.44880618791e-06, 3.5892521737e-06, 1.57697525083e-06, 5.22151140103e-07, 8.54221653412e-08, 1.66288771197e-07, 3.67261030476e-08, 1.10365888872e-07, 2.15711935425e-07, 1.90355464724e-07, 9.50385548038e-09, 1.27641026637e-08, 4.55426585333e-09, 3.28454863308e-09, 4.51807613544e-09, 3.81762488288e-09, 3.19013326866e-09, 3.37395755778e-09, 7.92703125363e-10, 1.00797645786e-08, 5.41708566892e-10, 1.41910774798e-10, 5.65581248502e-10, 1.62639429702e-10, 2.15178846963e-11, 8.86178023324e-12, 3.36294772411e-12, 1.89258417965e-12, 2.24026678285e-12, 1.31731745737e-12, 8.70166677429e-13, 9.75097932086e-13, 8.81892269714e-13, 8.52005044207e-13, 6.97380955067e-13, 7.005414044e-13, 9.43152240335e-13, 3.17549453529e-13, 1.36864965975e-13, 1.41510650311e-13]
    },
    "mfcc": {
        "dmean": [32.7377738953, 17.6110229492, 12.3053121567, 9.37585926056, 8.14675998688, 7.17925262451, 6.72041845322, 6.56395339966, 5.75447940826, 6.2361536026, 5.74752950668, 5.56132364273, 5.89630079269],
        "dmean2": [41.4992218018, 23.3293914795, 16.3291835785, 13.9114627838, 11.9503421783, 10.9309272766, 10.254488945, 10.395989418, 8.88629817963, 9.81900310516, 8.97574520111, 8.85942173004, 9.30484294891],
        "dvar": [1265.38195801, 319.467102051, 149.686752319, 80.6974868774, 64.6682815552, 41.1702842712, 31.4515342712, 34.1314125061, 23.2299289703, 31.5365123749, 25.7030677795, 20.9241352081, 24.2685623169],
        "dvar2": [2580.63842773, 597.01763916, 237.187759399, 167.640991211, 115.286727905, 82.8996734619, 66.5748214722, 79.697769165, 48.2686920166, 72.3915710449, 57.3305931091, 52.8153495789, 62.7252006531],
        "max": [-578.415100098, 247.962158203, 120.781799316, 93.4484100342, 67.4267272949, 41.0800170898, 31.0904445648, 50.8757019043, 29.2498245239, 37.488658905, 38.6899223328, 28.8962478638, 24.342010498],
        "mean": [-713.903991699, 170.138870239, 7.56756830215, 31.9666786194, 17.7680740356, 6.52577733994, -4.32512617111, 4.89510679245, -0.676655769348, 2.15289354324, 1.68439996243, -1.02421188354, -5.75681877136],
        "median": [-701.969787598, 170.883331299, 6.91551780701, 29.7134647369, 16.8550224304, 7.64141273499, -3.16580295563, 4.63986778259, -0.442886352539, 1.66371536255, 0.43977355957, -1.30372047424, -5.17552661896],
        "min": [-953.488586426, 23.7927951813, -93.3662338257, -48.038860321, -29.6259880066, -30.7845420837, -44.5044784546, -28.424331665, -36.7116012573, -27.8948249817, -23.2493782043, -23.9539203644, -30.5492286682],
        "var": [5116.94384766, 1230.2286377, 1124.89099121, 431.893707275, 261.651672363, 168.158279419, 181.931610107, 102.850418091, 72.3061676025, 131.166549683, 85.9556655884, 63.9534339905, 62.2091407776],
        "cov": [[5124.85253906, -1431.42736816, -741.793273926, -87.9894485474, -325.307922363, -63.7694969177, -218.057907104, 2.91071105003, -20.4362812042, 50.7062034607, 9.58120059967, -18.1928215027, -42.2648544312], [-1431.42736816, 1232.13012695, -371.503112793, -245.614547729, 35.6096572876, -100.83631134, 78.881111145, -30.3986129761, -36.6310310364, 28.8497219086, 45.9439239502, 13.6995630264, -4.22094583511], [-741.793273926, -371.503112793, 1126.62963867, 221.362197876, -26.7322711945, 209.886642456, 126.761878967, 42.8753623962, 16.0175704956, -74.273399353, -40.3556213379, -8.59220409393, 15.6157245636], [-87.9894485474, -245.614547729, 221.362197876, 432.561248779, 115.640007019, 4.53184652328, -97.5472183228, 25.8329944611, 43.8361358643, -70.1455841064, -59.0520477295, 1.59576749802, 16.0035247803], [-325.307922363, 35.6096572876, -26.7322711945, 115.640007019, 262.056091309, -28.4369411469, -45.5394554138, 18.4217433929, 14.1685056686, 13.2519292831, -3.81685495377, 17.9627666473, -2.03138065338], [-63.7694969177, -100.83631134, 209.886642456, 4.53184652328, -28.4369411469, 168.418182373, 72.9291687012, -2.29396486282, 8.07009506226, -2.25810027122, 10.8243608475, -1.96675443649, -4.00520086288], [-218.057907104, 78.881111145, 126.761878967, -97.5472183228, -45.5394554138, 72.9291687012, 182.212814331, 18.7350177765, -30.4508247375, 26.127363205, 28.6801185608, 6.45970153809, -4.9452252388], [2.91071105003, -30.3986129761, 42.8753623962, 25.8329944611, 18.4217433929, -2.29396486282, 18.7350177765, 103.009384155, 3.18169379234, -8.34006404877, 9.01878547668, 18.3573970795, -2.76475477219], [-20.4362812042, -36.6310310364, 16.0175704956, 43.8361358643, 14.1685056686, 8.07009506226, -30.4508247375, 3.18169379234, 72.4179229736, 12.064043045, -14.4234685898, -2.27497291565, -0.224168375134], [50.7062034607, 28.8497219086, -74.273399353, -70.1455841064, 13.2519292831, -2.25810027122, 26.127363205, -8.34006404877, 12.064043045, 131.369277954, 57.1677093506, -8.28925323486, -25.7975158691], [9.58120059967, 45.9439239502, -40.3556213379, -59.0520477295, -3.81685495377, 10.8243608475, 28.6801185608, 9.01878547668, -14.4234685898, 57.1677093506, 86.0885238647, 14.9044704437, -12.8403015137], [-18.1928215027, 13.6995630264, -8.59220409393, 1.59576749802, 17.9627666473, -1.96675443649, 6.45970153809, 18.3573970795, -2.27497291565, -8.28925323486, 14.9044704437, 64.0522766113, 19.8757457733], [-42.2648544312, -4.22094583511, 15.6157245636, 16.0035247803, -2.03138065338, -4.00520086288, -4.9452252388, -2.76475477219, -0.224168375134, -25.7975158691, -12.8403015137, 19.8757457733, 62.3052902222]],
        "icov": [[0.00059624313144, 0.000877040904015, 0.000653078954201, 0.000101753612398, 0.00069856015034, -9.09098162083e-05, 0.000267823459581, -0.000217573222471, 0.000441656477051, -0.000168810423929, 9.08880101633e-05, -0.00022455859289, 0.000324653170537], [0.000877040904015, 0.0024111517705, 0.0012111623073, 0.000609463313594, 0.000546313473023, 0.000631632574368, -0.000584959343541, 0.000177451089257, 0.000224048650125, 0.000483468727907, -0.000447698694188, -0.000224982446525, 0.000498539942782], [0.000653078954201, 0.0012111623073, 0.00226655951701, -0.000688537431415, 0.000870655581821, -0.0013114331523, -0.000934267183766, -0.000475385313621, 0.000318077887641, 0.00033232010901, 0.000261974404566, 0.000147160608321, 0.000128471074277], [0.000101753612398, 0.000609463313594, -0.000688537431415, 0.00429846858606, -0.00157367519569, 0.000152242573677, 0.00175834796391, -0.000584545836318, -0.00118005101103, 0.0013803121401, 0.000506152922753, 0.000197875051526, -0.000140643896884], [0.00069856015034, 0.000546313473023, 0.000870655581821, -0.00157367519569, 0.0058636055328, -0.000156583206262, 0.00121881917585, -0.00102115469053, 0.00116709887516, -0.00215047807433, 0.00104339234531, -0.00199958938174, 0.000896112294868], [-9.09098162083e-05, 0.000631632574368, -0.0013114331523, 0.000152242573677, -0.000156583206262, 0.0100806802511, -0.00408287812024, 0.00217642029747, -0.00332849053666, 0.00212619476952, -0.00288731581531, 0.000368340493878, 0.000841971836053], [0.000267823459581, -0.000584959343541, -0.000934267183766, 0.00175834796391, 0.00121881917585, -0.00408287812024, 0.010948985815, -0.00284848106094, 0.00465381518006, -0.00327514344826, 0.00140785286203, -0.00124467280693, -0.000207660603337], [-0.000217573222471, 0.000177451089257, -0.000475385313621, -0.000584545836318, -0.00102115469053, 0.00217642029747, -0.00284848106094, 0.0118784094229, -0.00227691000327, 0.00245790206827, -0.0025850222446, -0.00265261554159, 0.0018643096555], [0.000441656477051, 0.000224048650125, 0.000318077887641, -0.00118005101103, 0.00116709887516, -0.00332849053666, 0.00465381518006, -0.00227691000327, 0.0191213935614, -0.00645150151104, 0.0060617774725, -0.00159682636149, -0.000213213337702], [-0.000168810423929, 0.000483468727907, 0.00033232010901, 0.0013803121401, -0.00215047807433, 0.00212619476952, -0.00327514344826, 0.00245790206827, -0.00645150151104, 0.0152578828856, -0.0101076541469, 0.00347509747371, 0.00249877665192], [9.08880101633e-05, -0.000447698694188, 0.000261974404566, 0.000506152922753, 0.00104339234531, -0.00288731581531, 0.00140785286203, -0.0025850222446, 0.0060617774725, -0.0101076541469, 0.0216634385288, -0.00640003243461, 0.0020240326412], [-0.00022455859289, -0.000224982446525, 0.000147160608321, 0.000197875051526, -0.00199958938174, 0.000368340493878, -0.00124467280693, -0.00265261554159, -0.00159682636149, 0.00347509747371, -0.00640003243461, 0.021171040833, -0.007152821403], [0.000324653170537, 0.000498539942782, 0.000128471074277, -0.000140643896884, 0.000896112294868, 0.000841971836053, -0.000207660603337, 0.0018643096555, -0.000213213337702, 0.00249877665192, 0.0020240326412, -0.007152821403, 0.0201902873814]]
    }
}

}