{
"metadata": {
    "version": {
        "essentia": "2.0.1",
        "extractor": "archive-music 1.0 mod ismir14"
    },
    "audio_properties": {
        "analysis_sample_rate": 44100,
        "bitrate": 112,
        "channels": 2,
        "equal_loudness": 0,
        "length": 30.0669155121,
        "replay_gain": -10.2191314697,
        "downmix": "mix"
    },
    "tags": {
        "track": 0,
        "year": 0,
        "album": "",
        "artist": "",
        "comment": "",
        "genre": "",
        "title": ""
    }
},
"rhythm": {
    "bpm": 172.265609741,
    "bpm_histogram_first_peak": 172,
    "bpm_histogram_first_peak_spread": 0,
    "bpm_histogram_first_peak_weight": 0.5,
    "bpm_histogram_second_peak": 178,
    "bpm_histogram_second_peak_spread": 0,
    "bpm_histogram_second_peak_weight": 0.27380952239
},
"tonal": {
    "tuning_frequency": {
        "dmean": 0.0657489001751,
        "dmean2": 0.110063888133,
        "dvar": 0.549288809299,
        "dvar2": 1.29737687111,
        "max": 447.691040039,
        "mean": 434.517333984,
        "median": 433.691802979,
        "min": 432.690917969,
        "var": 2.99868106842
    },
    "hpcp": {
        "dmean": [0.0834107175469, 0.148225143552, 0.156656682491, 0.155030086637, 0.0325104482472, 0.0813140794635, 0.0805412828922, 0.122135385871, 0.053653229028, 0.0587885864079, 0.143707573414, 0.0617551803589],
        "dmean2": [0.147437795997, 0.26896739006, 0.287091344595, 0.278420418501, 0.0576692782342, 0.142422571778, 0.144374936819, 0.21534076333, 0.0966027081013, 0.103672012687, 0.242811456323, 0.113145656884],
        "dvar": [0.0407425649464, 0.0697006210685, 0.0795577764511, 0.0852178037167, 0.0191166438162, 0.0436888970435, 0.0446143485606, 0.0675914958119, 0.0293541122228, 0.0251459870487, 0.059826914221, 0.0290146172047],
        "dvar2": [0.103444829583, 0.177784889936, 0.210239559412, 0.169357910752, 0.0467147491872, 0.101873829961, 0.0895635411143, 0.134402349591, 0.0702862292528, 0.0608988814056, 0.121845543385, 0.0747550353408],
        "max": [1, 1, 1, 1, 1, 1, 1, 1, 1, 1, 1, 1],
        "mean": [0.080777220428, 0.186734870076, 0.145058885217, 0.313486665487, 0.0254824869335, 0.10864379257, 0.123677879572, 0.187442436814, 0.0526413992047, 0.0619634203613, 0.331171512604, 0.0511597618461],
        "median": [0.0101202037185, 0.034280564636, 0.0315400399268, 0.0504386983812, 0.00118978740647, 0.0115568488836, 0.00139565463178, 0.0104558775201, 0.00268475571647, 0.00442042667419, 0.0987410396338, 0.00361087196507],
        "min": [1.49690376929e-05, 0, 4.29534748037e-06, 6.8862682383e-06, 2.06147342396e-06, 2.53330345004e-05, 0, 2.59476450992e-06, 0, 2.37072913478e-06, 1.74325373337e-06, 0],
        "var": [0.0420476533473, 0.101591594517, 0.0715391933918, 0.172467723489, 0.0151303689927, 0.0682207122445, 0.0875285938382, 0.118750482798, 0.0343077927828, 0.033615976572, 0.159312292933, 0.0239395815879]
    }
},
"lowlevel": {
    "melbands": {
        "dmean": [1.71943634086e-06, 4.16230177507e-05, 5.51133598492e-05, 0.000504242489114, 0.000502565468196, 0.000269109004876, 0.000113090434752, 9.66751467786e-05, 5.6825181673e-05, 3.95448296331e-05, 3.2699208532e-05, 2.00465074158e-05, 3.41143240803e-05, 1.30184334921e-05, 1.01674741018e-05, 8.55146663525e-06, 1.75342465809e-05, 8.48591207614e-06, 9.90357784758e-06, 2.76701075563e-06, 3.97618350689e-06, 3.89396154787e-06, 2.22325002142e-06, 2.75216643786e-06, 7.07150502421e-06, 7.35303592592e-06, 2.11774204217e-06, 1.15204738904e-06, 3.96351680365e-07, 2.54936253441e-07, 9.88554020864e-08, 1.59545390233e-08, 2.95036639564e-09, 6.55649035064e-10, 2.65493488305e-10, 1.11656135726e-10, 4.62775928689e-11, 2.1747282794e-11, 1.53607768866e-11, 4.03024445414e-12],
        "dmean2": [2.75866364063e-06, 6.43069433863e-05, 8.26098694233e-05, 0.000777877576184, 0.000787572818808, 0.000417183822719, 0.000176290166564, 0.00014950428158, 9.10697563086e-05, 6.45593754598e-05, 4.93105326314e-05, 3.1064315408e-05, 5.28980126546e-05, 2.0057985239e-05, 1.66513673321e-05, 1.35402224259e-05, 2.84028374153e-05, 1.34507245093e-05, 1.50844070959e-05, 4.21671029471e-06, 6.43508474241e-06, 6.45441605229e-06, 3.64217521565e-06, 4.22915627496e-06, 1.09539269033e-05, 1.12524339784e-05, 3.38743961947e-06, 1.86303736882e-06, 6.17368755229e-07, 3.94655586433e-07, 1.52615342586e-07, 2.55719854181e-08, 4.7619161947e-09, 1.04897146525e-09, 4.15711021162e-10, 1.73249206648e-10, 7.15197137624e-11, 3.34352649733e-11, 2.38032666494e-11, 6.69981865126e-12],
        "dvar": [4.85206666512e-12, 8.04685207356e-09, 1.15118234945e-08, 1.81807843092e-06, 8.2739654772e-07, 1.46759305153e-07, 4.95228782427e-08, 6.25386462616e-08, 4.44877983341e-08, 1.55166688387e-08, 1.299268515e-08, 5.47522915895e-09, 1.49911123515e-08, 2.00911909332e-09, 1.73199998788e-09, 4.07568728766e-10, 3.35368177673e-09, 3.19085702305e-10, 4.35505465024e-10, 2.59644875045e-11, 5.20512695446e-11, 7.23596460528e-11, 2.83894973502e-11, 3.68006354556e-11, 3.99493105263e-10, 3.91163379465e-10, 2.01860264615e-11, 7.83120616965e-12, 1.60945215488e-12, 1.69705818408e-12, 3.34534510553e-13, 4.09419050176e-15, 5.79323684412e-16, 7.86621217424e-18, 7.62403323302e-19, 1.67483084334e-19, 6.11725266142e-20, 4.49665333001e-20, 3.07167833605e-20, 8.94659547194e-22],
        "dvar2": [1.18896628654e-11, 1.29317960784e-08, 2.2205354e-08, 3.80869187211e-06, 1.87805915175e-06, 3.46364686266e-07, 1.25107902704e-07, 1.52828661726e-07, 1.10647143003e-07, 3.54017188897e-08, 2.81555863069e-08, 1.17475211781e-08, 3.27878879602e-08, 3.8114755796e-09, 3.78478270946e-09, 8.85825246488e-10, 5.79000003498e-09, 7.75736141989e-10, 8.21752277336e-10, 5.69443485421e-11, 1.27781341064e-10, 1.82129533677e-10, 6.57197213316e-11, 7.02862421043e-11, 9.53100154355e-10, 7.74751041099e-10, 5.01870489611e-11, 1.89566886494e-11, 3.66250172551e-12, 4.1431233444e-12, 7.92852328929e-13, 9.20431909672e-15, 1.46809200962e-15, 1.63744670507e-17, 1.78956968649e-18, 4.24792218776e-19, 1.55270874114e-19, 1.12584425398e-19, 7.69584155748e-20, 2.24572064218e-21],
        "max": [3.07508889819e-05, 0.00225993897766, 0.00162320618983, 0.0302296299487, 0.0138693135232, 0.00363138713874, 0.00218689837493, 0.00280050933361, 0.00276370369829, 0.00147973618004, 0.00142467045225, 0.000910456175916, 0.00170651543885, 0.000614324118942, 0.000541539338883, 0.000281430635368, 0.00127688003704, 0.00018238966004, 0.000425024190918, 8.17087639007e-05, 7.11462271283e-05, 0.000108969172288, 5.30236902705e-05, 9.02932515601e-05, 0.000304695073282, 0.000317823927617, 4.27396698797e-05, 2.62213761744e-05, 2.00684298761e-05, 2.51739584201e-05, 1.20367758427e-05, 1.07652203951e-06, 4.98087388223e-07, 4.05888691546e-08, 1.137042549e-08, 4.92891727433e-09, 3.56212503938e-09, 3.42130257458e-09, 2.79674750026e-09, 4.35758845674e-10],
        "mean": [2.27171813094e-06, 7.2676295531e-05, 0.00010723160085, 0.000877795566339, 0.000837639847305, 0.000386671046726, 0.000148875551531, 0.000147941638716, 6.55988405924e-05, 4.17226146965e-05, 3.98751835746e-05, 2.14146566577e-05, 3.8052949094e-05, 1.43102724905e-05, 1.19130154417e-05, 9.52042137214e-06, 2.01195271075e-05, 9.68356107478e-06, 1.29784848468e-05, 3.66549056707e-06, 4.32161141362e-06, 3.8707830754e-06, 2.45990599979e-06, 3.36354355568e-06, 7.13854569767e-06, 7.9824567365e-06, 2.15985710383e-06, 1.0770429526e-06, 3.71583098513e-07, 2.16091791572e-07, 8.59347011328e-08, 1.47608227863e-08, 2.558169232e-09, 7.17525483473e-10, 2.99259145242e-10, 1.27689567253e-10, 4.96689391005e-11, 1.69530448707e-11, 8.44741117334e-12, 2.49548363744e-12],
        "median": [1.37297911351e-06, 3.68981345673e-05, 4.80446324218e-05, 0.000258032756392, 0.000397065770812, 0.000184500429896, 5.65919435758e-05, 3.74078626919e-05, 1.11401150207e-05, 3.68858923139e-06, 2.80384688267e-06, 1.38849748055e-06, 2.3799527753e-06, 2.08446863326e-06, 1.67944449458e-06, 1.83159659173e-06, 4.087830348e-06, 2.96257667287e-06, 3.90998320654e-06, 1.16508181236e-06, 1.37838799219e-06, 9.88718738881e-07, 4.81253266571e-07, 7.20207651739e-07, 1.51567360263e-06, 1.31417823468e-06, 3.89505089515e-07, 1.40893305911e-07, 3.64029304478e-08, 1.37542555123e-08, 4.74001948803e-09, 1.08045805636e-09, 4.22576779124e-10, 2.16679368892e-10, 1.29136076832e-10, 5.66338469177e-11, 2.32212860052e-11, 5.81149624951e-12, 7.33387146585e-13, 4.44859914964e-13],
        "min": [1.68554625812e-09, 2.23875806782e-09, 8.33877855655e-10, 1.04909536613e-09, 3.54836626748e-09, 1.12854348089e-09, 1.90756604956e-10, 4.49859399732e-10, 2.22760559998e-10, 8.12853256926e-11, 9.0080491677e-11, 1.6882004128e-10, 3.14658563962e-12, 6.77795874982e-11, 7.9272227671e-11, 1.31093469413e-10, 5.35875177565e-10, 2.40776870664e-10, 2.01525671151e-10, 1.97222810999e-11, 4.92734108723e-13, 1.65994249596e-11, 1.97013499265e-11, 4.06513746276e-11, 1.03581431626e-11, 1.62867341141e-11, 1.08135384327e-11, 4.68895582084e-12, 1.4539054639e-12, 4.82456034758e-13, 9.02773732506e-13, 8.78787114692e-13, 9.41475955356e-13, 8.37076610284e-13, 8.00971810579e-13, 7.21649357025e-13, 6.34626086491e-13, 4.58549864746e-13, 5.3842543759e-14, 1.50027796989e-14],
        "var": [7.73160615392e-12, 3.3584729664e-08, 2.50928238188e-08, 4.08467303714e-06, 1.43025124544e-06, 2.39728677798e-07, 5.91456768007e-08, 9.29999544041e-08, 5.52398944365e-08, 1.78634849135e-08, 1.85833428645e-08, 7.73513164631e-09, 2.17058424568e-08, 2.77782641334e-09, 2.22337170896e-09, 6.28063434593e-10, 6.23488194407e-09, 3.89317633687e-10, 7.41904648827e-10, 4.26247266649e-11, 6.38459216051e-11, 7.01321639651e-11, 3.48038993458e-11, 6.34627836393e-11, 4.21029711095e-10, 5.86121651214e-10, 2.40345000846e-11, 8.32715407045e-12, 1.74375563902e-12, 1.46389335116e-12, 3.05943828214e-13, 4.57517392569e-15, 4.40392281612e-16, 8.65481721892e-18, 7.06934245786e-19, 1.2707770248e-19, 3.51427780178e-20, 2.26159774396e-20, 1.54231751087e-20, 4.52788287164e-22]
    },
    "mfcc": {
        "dmean": [37.8129577637, 11.8895149231, 21.9809532166, 13.5552358627, 10.6558074951, 9.44606971741, 7.85154819489, 9.73910617828, 7.29070425034, 7.04435586929, 7.24201107025, 6.52869319916, 6.21877384186],
        "dmean2": [53.8744392395, 17.0206794739, 31.446849823, 19.2905368805, 15.2620029449, 14.1752033234, 11.7596187592, 14.8649978638, 11.0614490509, 10.7069272995, 11.466006279, 9.95420646667, 9.54477119446],
        "dvar": [1519.54785156, 207.159454346, 498.998901367, 130.612365723, 83.0002975464, 87.3078613281, 38.3497009277, 64.7536621094, 34.9369430542, 33.4126472473, 35.2039680481, 31.9877605438, 25.0952453613],
        "dvar2": [2763.2980957, 296.437957764, 886.219177246, 260.996520996, 157.281784058, 181.875259399, 85.7022705078, 142.530960083, 81.631477356, 80.958152771, 80.3861160278, 68.6061477661, 59.2373199463],
        "max": [-690.831115723, 246.612121582, 101.299499512, 131.793060303, 63.3785743713, 29.275604248, 36.4197311401, 27.187204361, 9.39280319214, 29.5233707428, 18.2624473572, 18.7174320221, 24.4738082886],
        "mean": [-808.867004395, 196.998352051, -39.9045600891, 34.4855995178, 11.587097168, -25.5154953003, -4.91291809082, -29.8316669464, -25.2679176331, -5.22797775269, -11.341758728, -14.2089662552, -7.04782295227],
        "median": [-801.119018555, 198.770843506, -47.9349937439, 33.227191925, 14.4779205322, -25.9493675232, -4.11924362183, -31.4003295898, -25.5759124756, -5.1891784668, -10.1917972565, -14.0613098145, -6.77978897095],
        "min": [-1132.44140625, 8.25440597534, -122.414916992, -22.5581169128, -58.9730148315, -75.4649963379, -38.0742263794, -71.6491851807, -60.1613693237, -47.7896881104, -45.1001319885, -46.219493866, -37.3140525818],
        "var": [3751.56591797, 630.64855957, 1711.14123535, 577.754638672, 386.800140381, 286.141235352, 138.462310791, 252.702041626, 109.450584412, 164.930801392, 112.286682129, 90.1892929077, 88.3101654053],
        "cov": [[3757.35522461, 179.544174194, -2258.60620117, 673.332824707, -550.544494629, -575.234069824, 289.313720703, -264.843383789, 1.77797293663, -86.6484680176, -78.0739364624, 54.939617157, -128.2709198], [179.544174194, 631.621765137, 228.219451904, -345.071044922, 26.56483078, -80.1939468384, -63.9326095581, 113.607192993, -54.6619720459, -24.9940509796, -13.0773410797, -39.4517021179, -16.5841350555], [-2258.60620117, 228.219451904, 1713.78186035, -493.803192139, 288.575164795, 360.871002197, -238.411621094, 176.230834961, -15.5919570923, 6.58472061157, 42.9383468628, -53.564201355, 46.7851486206], [673.332824707, -345.071044922, -493.803192139, 578.646240234, -16.147977829, -62.5820655823, 60.9664230347, -233.098236084, -0.12265188992, 25.3478794098, -37.4235229492, 13.3619670868, -14.4487724304], [-550.544494629, 26.56483078, 288.575164795, -16.147977829, 387.397064209, 150.163803101, -101.632049561, -48.0539703369, -60.6715011597, 102.971405029, 12.7165088654, -42.9941215515, 59.4838981628], [-575.234069824, -80.1939468384, 360.871002197, -62.5820655823, 150.163803101, 286.582794189, -32.9519386292, -57.8450584412, 14.0650148392, 42.9376525879, 52.2872238159, 11.5838842392, 26.7962360382], [289.313720703, -63.9326095581, -238.411621094, 60.9664230347, -101.632049561, -32.9519386292, 138.675979614, 14.5082702637, -5.7152557373, -2.96374034882, -8.0346698761, 19.3906402588, -6.22574043274], [-264.843383789, 113.607192993, 176.230834961, -233.098236084, -48.0539703369, -57.8450584412, 14.5082702637, 253.092010498, 39.5216636658, -85.82472229, -5.95093536377, -9.50720787048, -13.1484193802], [1.77797293663, -54.6619720459, -15.5919570923, -0.12265188992, -60.6715011597, 14.0650148392, -5.7152557373, 39.5216636658, 109.619491577, -20.2205924988, -22.0726718903, 18.5462493896, -14.3993721008], [-86.6484680176, -24.9940509796, 6.58472061157, 25.3478794098, 102.971405029, 42.9376525879, -2.96374034882, -85.82472229, -20.2205924988, 165.185333252, 45.3695068359, -33.6912574768, 37.9468841553], [-78.0739364624, -13.0773410797, 42.9383468628, -37.4235229492, 12.7165088654, 52.2872238159, -8.0346698761, -5.95093536377, -22.0726718903, 45.3695068359, 112.459960938, 20.532793045, -2.99801325798], [54.939617157, -39.4517021179, -53.564201355, 13.3619670868, -42.9941215515, 11.5838842392, 19.3906402588, -9.50720787048, 18.5462493896, -33.6912574768, 20.532793045, 90.3284759521, 18.3071861267], [-128.2709198, -16.5841350555, 46.7851486206, -14.4487724304, 59.4838981628, 26.7962360382, -6.22574043274, -13.1484193802, -14.3993721008, 37.9468841553, -2.99801325798, 18.3071861267, 88.4464492798]],
        "icov": [[0.3187289536, -0.444351345301, 0.435233682394, -0.410487115383, 0.383956104517, -0.347013622522, 0.307253390551, -0.256416171789, 0.209130689502, -0.157143801451, 0.11081007123, -0.0679000094533, 0.0313361361623], [-0.444351345301, 0.622871994972, -0.607410788536, 0.575787365437, -0.537463366985, 0.487846672535, -0.430844813585, 0.361624151468, -0.293372422457, 0.222044095397, -0.156157165766, 0.0964722856879, -0.0434666909277], [0.435233682394, -0.607410788536, 0.597452104092, -0.563316047192, 0.529393553734, -0.482881516218, 0.43018206954, -0.36069303751, 0.295419722795, -0.223411783576, 0.159545049071, -0.0983527824283, 0.0458868145943], [-0.410487115383, 0.575787365437, -0.563316047192, 0.540320038795, -0.505172371864, 0.462714016438, -0.413382321596, 0.352567583323, -0.286954760551, 0.220154196024, -0.156442239881, 0.0989889502525, -0.0451965518296], [0.383956104517, -0.537463366985, 0.529393553734, -0.505172371864, 0.482812345028, -0.442342668772, 0.399533182383, -0.338650763035, 0.281733691692, -0.217791467905, 0.15791927278, -0.0987277850509, 0.0456836298108], [-0.347013622522, 0.487846672535, -0.482881516218, 0.462714016438, -0.442342668772, 0.417463421822, -0.375371724367, 0.324236154556, -0.269997179508, 0.210248976946, -0.156772717834, 0.0991812720895, -0.0479802675545], [0.307253390551, -0.430844813585, 0.43018206954, -0.413382321596, 0.399533182383, -0.375371724367, 0.354872822762, -0.300990194082, 0.25354000926, -0.200745582581, 0.150310650468, -0.0991924777627, 0.0480188764632], [-0.256416171789, 0.361624151468, -0.36069303751, 0.352567583323, -0.338650763035, 0.324236154556, -0.300990194082, 0.270689547062, -0.2240639925, 0.181498423219, -0.135734811425, 0.0918792486191, -0.0450636856258], [0.209130689502, -0.293372422457, 0.295419722795, -0.286954760551, 0.281733691692, -0.269997179508, 0.25354000926, -0.2240639925, 0.200844019651, -0.154631376266, 0.120585650206, -0.0818365588784, 0.0420690439641], [-0.157143801451, 0.222044095397, -0.223411783576, 0.220154196024, -0.217791467905, 0.210248976946, -0.200745582581, 0.181498423219, -0.154631376266, 0.137510374188, -0.102867752314, 0.0734796598554, -0.0393652543426], [0.11081007123, -0.156157165766, 0.159545049071, -0.156442239881, 0.15791927278, -0.156772717834, 0.150310650468, -0.135734811425, 0.120585650206, -0.102867752314, 0.090126901865, -0.05928286165, 0.0322565250099], [-0.0679000094533, 0.0964722856879, -0.0983527824283, 0.0989889502525, -0.0987277850509, 0.0991812720895, -0.0991924777627, 0.0918792486191, -0.0818365588784, 0.0734796598554, -0.05928286165, 0.0560754500329, -0.0276263598353], [0.0313361361623, -0.0434666909277, 0.0458868145943, -0.0451965518296, 0.0456836298108, -0.0479802675545, 0.0480188764632, -0.0450636856258, 0.0420690439641, -0.0393652543426, 0.0322565250099, -0.0276263598353, 0.0279888156801]]
    }
}

}