{
"metadata": {
    "version": {
        "essentia": "2.0.1",
        "extractor": "archive-music 1.0 mod ismir14"
    },
    "audio_properties": {
        "analysis_sample_rate": 44100,
        "bitrate": 128,
        "channels": 2,
        "equal_loudness": 0,
        "length": 30.0669155121,
        "replay_gain": -14.7827281952,
        "downmix": "mix"
    },
    "tags": {
        "track": 0,
        "year": 0,
        "album": "",
        "artist": "",
        "comment": "",
        "genre": "",
        "title": ""
    }
},
"rhythm": {
    "bpm": 109.23135376,
    "bpm_histogram_first_peak": 110,
    "bpm_histogram_first_peak_spread": 0.509433984756,
    "bpm_histogram_first_peak_weight": 0.490566045046,
    "bpm_histogram_second_peak": 0,
    "bpm_histogram_second_peak_spread": 0,
    "bpm_histogram_second_peak_weight": 0
},
"tonal": {
    "tuning_frequency": {
        "dmean": 0.0561110414565,
        "dmean2": 0.0911552011967,
        "dvar": 0.187677323818,
        "dvar2": 0.2748221457,
        "max": 452.108886719,
        "mean": 441.928924561,
        "median": 441.527557373,
        "min": 438.477722168,
        "var": 2.16179418564
    },
    "hpcp": {
        "dmean": [0.13667781651, 0.0783612057567, 0.0627002641559, 0.134931176901, 0.0735349357128, 0.112971246243, 0.0534163527191, 0.0822822451591, 0.112266920507, 0.0503042116761, 0.118064701557, 0.0752860084176],
        "dmean2": [0.243656039238, 0.14339338243, 0.111957199872, 0.231036737561, 0.137055546045, 0.199758633971, 0.0996177792549, 0.14234419167, 0.189128920436, 0.0924357026815, 0.198265582323, 0.13798174262],
        "dvar": [0.0719129219651, 0.0430901758373, 0.0268596652895, 0.0605333894491, 0.0383418947458, 0.0472823902965, 0.0240589696914, 0.0310416668653, 0.0468106307089, 0.0224619936198, 0.0511053055525, 0.0390793681145],
        "dvar2": [0.189447924495, 0.109362006187, 0.0719427317381, 0.131192445755, 0.100467413664, 0.120424352586, 0.0688760653138, 0.077026553452, 0.117248088121, 0.0627902671695, 0.127684220672, 0.103996962309],
        "max": [1, 1, 1, 1, 1, 1, 1, 1, 1, 1, 1, 1],
        "mean": [0.171934112906, 0.212225496769, 0.0454031452537, 0.416759520769, 0.0509233623743, 0.216655358672, 0.0329218134284, 0.0976862981915, 0.20963819325, 0.0339773483574, 0.216320261359, 0.0506504699588],
        "median": [0.0220723245293, 0.00495309196413, 0.00354724191129, 0.171863228083, 0.00259175873362, 0.0359807349741, 0.00245686038397, 0.0109688211232, 0.0632434859872, 0.00229121022858, 0.0519409030676, 0.00247518182732],
        "min": [1.01452383205e-06, 9.78086973191e-06, 3.02230205307e-06, 1.13645774036e-05, 0, 0, 1.14626220693e-06, 3.22939922626e-05, 2.59409034697e-07, 0, 8.02805607236e-06, 1.62481148891e-06],
        "var": [0.0970126390457, 0.145937979221, 0.0194812137634, 0.18998169899, 0.0284692421556, 0.118322178721, 0.0141951758415, 0.0478871352971, 0.102484054863, 0.0144087625667, 0.107082270086, 0.0268607009202]
    }
},
"lowlevel": {
    "melbands": {
        "dmean": [0.000507766380906, 0.00087225245079, 0.000634541152976, 0.000398329983, 0.000165805933648, 0.000153299377416, 8.8692358986e-05, 0.000122683981317, 0.000169251143234, 0.000113283917017, 2.76569062407e-05, 3.33064490405e-05, 2.02171195269e-05, 2.24151317525e-05, 2.16063253902e-05, 2.10131183849e-05, 1.95598531718e-05, 1.68661026692e-05, 9.56762323767e-06, 1.53704004333e-05, 7.16982685844e-06, 5.04663148604e-06, 5.05319212607e-06, 3.40343353855e-06, 2.03835384127e-06, 1.42156227412e-06, 8.56365488744e-07, 6.21646449872e-07, 6.77218508827e-07, 5.02676584802e-07, 4.33739330674e-07, 4.31434330039e-07, 3.95514803131e-07, 2.7722893492e-07, 2.18102826466e-07, 1.50373850261e-07, 8.64684182034e-08, 3.04396081674e-08, 7.54246975987e-09, 6.57807863735e-10],
        "dmean2": [0.000871855649166, 0.0014264897909, 0.000969030545093, 0.000654571107589, 0.000267260969849, 0.000230376652326, 0.000141790485941, 0.000187425699551, 0.000261615175987, 0.000180699134944, 4.20485594077e-05, 5.58002357138e-05, 3.06345646095e-05, 3.58973884431e-05, 3.45370754076e-05, 3.33507268806e-05, 3.23639069393e-05, 2.62197390839e-05, 1.49105899254e-05, 2.34056224144e-05, 1.1396440641e-05, 7.99564804765e-06, 8.10748588265e-06, 5.35254230272e-06, 3.25989094563e-06, 2.29207785196e-06, 1.32174920964e-06, 9.35175421546e-07, 1.00588374607e-06, 7.58462476824e-07, 6.4620928697e-07, 6.13621580214e-07, 5.7800605191e-07, 4.02090392981e-07, 3.01308091366e-07, 2.05011431831e-07, 1.20862679864e-07, 4.29075583952e-08, 1.07302042807e-08, 1.06218633888e-09],
        "dvar": [1.84342104603e-06, 1.49667323512e-06, 5.71952455175e-07, 5.29812325567e-07, 4.61443576683e-08, 7.41426831041e-08, 2.21746780937e-08, 6.36791810393e-08, 9.91964412833e-08, 7.69218715391e-08, 4.64019755952e-09, 1.03449391275e-08, 2.92333868224e-09, 3.19975534957e-09, 3.82069575977e-09, 2.45902165297e-09, 1.63155278177e-09, 1.69400593553e-09, 4.43610287393e-10, 2.46914599877e-09, 2.117097192e-10, 7.95902233008e-11, 1.26461063843e-10, 4.42776475207e-11, 1.22886102336e-11, 8.2936209983e-12, 2.50192900252e-12, 1.35457476399e-12, 1.46135122232e-12, 9.87995059029e-13, 8.14858217794e-13, 7.94478577978e-13, 7.40314764786e-13, 5.04411725062e-13, 3.87380530214e-13, 2.41115151933e-13, 1.58860338079e-13, 1.48483469579e-14, 8.70971898289e-16, 1.49185332196e-17],
        "dvar2": [4.98975987284e-06, 3.74986166207e-06, 1.44254101997e-06, 1.50029927681e-06, 1.25949370045e-07, 1.57278691404e-07, 5.2922171534e-08, 1.37491170449e-07, 2.11581863141e-07, 1.78860460665e-07, 8.14694889328e-09, 2.47052955871e-08, 6.5862866272e-09, 7.8512316648e-09, 8.88782913933e-09, 5.65069901981e-09, 4.08505718141e-09, 3.40808714583e-09, 9.5298513525e-10, 5.99842309157e-09, 5.29392529813e-10, 2.17551338055e-10, 2.95922092386e-10, 1.09168722673e-10, 2.95427397823e-11, 2.142997238e-11, 6.0419087268e-12, 3.08158056364e-12, 3.18184909844e-12, 2.23815172125e-12, 1.82793754092e-12, 1.60543258375e-12, 1.40934540514e-12, 9.43113317477e-13, 6.21680712552e-13, 3.87740675071e-13, 3.05939382985e-13, 2.3275833504e-14, 1.77369514424e-15, 3.69030880772e-17],
        "max": [0.00976754073054, 0.00930984225124, 0.00861992593855, 0.00587479863316, 0.00165139103774, 0.00250188284554, 0.0014513717033, 0.00261412723921, 0.00367857539095, 0.00417506182566, 0.00122279603966, 0.00156400527339, 0.000883420347236, 0.000519713386893, 0.000666659499984, 0.000514634768479, 0.000398741103709, 0.000620549020823, 0.000221974565648, 0.00113463075832, 0.000254053011304, 9.89639593172e-05, 0.000168270009453, 9.08533766051e-05, 3.47608256561e-05, 3.58319412044e-05, 1.76490284503e-05, 1.06321276689e-05, 1.0227607163e-05, 9.82402252703e-06, 9.82658002613e-06, 8.58585553942e-06, 1.26212617033e-05, 1.10297232823e-05, 1.38001796586e-05, 1.1588860616e-05, 9.43010763876e-06, 2.88105661639e-06, 6.51348898373e-07, 8.1462829371e-08],
        "mean": [0.000648557324894, 0.00266355788335, 0.00193218362983, 0.000727597158402, 0.000305365974782, 0.00026842954685, 0.000142450109706, 0.000175739449332, 0.000240160021349, 0.000178923466592, 3.80799792765e-05, 3.91927787859e-05, 2.65860708168e-05, 2.63187976088e-05, 2.54883725574e-05, 2.77836879832e-05, 2.48591786658e-05, 2.37788481172e-05, 1.31704355226e-05, 2.73414061667e-05, 1.16142846309e-05, 7.95849973656e-06, 1.05352255559e-05, 6.30830390946e-06, 3.10512018586e-06, 1.95305665329e-06, 1.09526479264e-06, 7.64483104376e-07, 8.50675291986e-07, 6.08050243045e-07, 5.09751544087e-07, 5.08059770254e-07, 4.65224417212e-07, 3.43913740153e-07, 2.67637716433e-07, 1.72512002905e-07, 9.46988052419e-08, 3.43577681861e-08, 7.78843833871e-09, 5.53193768571e-10],
        "median": [0.000363733386621, 0.00239866692573, 0.00179317744914, 0.000510803773068, 0.000211467748159, 9.5794457593e-05, 6.59853540128e-05, 5.90101408307e-05, 6.26648470643e-05, 3.79762677767e-05, 1.12644893306e-05, 1.04191285573e-05, 7.3309806794e-06, 5.86228043176e-06, 6.24576978225e-06, 5.97053985985e-06, 4.98862300446e-06, 5.43347596249e-06, 3.65397386304e-06, 3.30377292812e-06, 3.33498428517e-06, 3.18554566547e-06, 2.45492833528e-06, 1.55607438046e-06, 1.08785491193e-06, 7.53553138111e-07, 4.15755749827e-07, 2.50054114304e-07, 2.59205080511e-07, 1.33638224042e-07, 1.08712320923e-07, 1.06128140942e-07, 9.63725099723e-08, 7.96542707349e-08, 5.56193171519e-08, 4.08350935288e-08, 2.05445811474e-08, 7.12151893012e-09, 1.66489966258e-09, 7.41307223939e-11],
        "min": [2.51869469725e-10, 1.14370077853e-08, 8.36410229965e-09, 5.01911312512e-09, 2.37939334902e-09, 6.60331789248e-10, 6.49805431685e-10, 1.20705945239e-09, 1.83383808139e-09, 1.37086142438e-09, 8.47304892915e-10, 8.52327597389e-10, 5.32855315427e-10, 2.83194023787e-10, 3.87996385021e-10, 2.88956053529e-10, 1.91547777639e-10, 1.31242350321e-10, 1.02092480303e-10, 6.31803429019e-11, 4.46155994094e-11, 2.84591673144e-11, 1.87646911898e-11, 2.23023405299e-11, 1.17001694791e-11, 4.90045113863e-12, 2.16924759405e-11, 2.52478229296e-11, 8.14363387922e-13, 2.08263475909e-11, 1.68790762617e-11, 9.68966400172e-12, 7.66907110733e-12, 7.48088223312e-12, 7.51612747735e-12, 4.31307030022e-12, 2.94586490618e-12, 9.7445077181e-13, 4.82583503052e-14, 1.17708517968e-14],
        "var": [1.39457904424e-06, 3.69054578186e-06, 1.54839733568e-06, 5.35853928341e-07, 8.48660164365e-08, 1.70832365143e-07, 4.02396693744e-08, 1.14589788325e-07, 2.04320727448e-07, 1.97767050736e-07, 8.94227003556e-09, 1.17514469267e-08, 5.06771868913e-09, 3.77542530572e-09, 4.54625626034e-09, 4.08790645778e-09, 2.93201463109e-09, 3.32177796381e-09, 7.313834538e-10, 1.04875512719e-08, 5.4235749225e-10, 1.42080930354e-10, 5.62443980279e-10, 1.72241387819e-10, 2.33878368061e-11, 1.02283207945e-11, 3.00562938253e-12, 1.73499192443e-12, 2.17883740564e-12, 1.33486288429e-12, 1.02016637325e-12, 1.1072975219e-12, 1.07119120431e-12, 7.70611764504e-13, 6.24053163745e-13, 3.73072476774e-13, 1.91347155135e-13, 2.28351730835e-14, 1.00447392578e-15, 1.23669564811e-17]
    },
    "mfcc": {
        "dmean": [30.786813736, 14.835185051, 11.7131290436, 9.50986003876, 9.46321296692, 8.0570306778, 7.05743837357, 6.47594451904, 6.11530780792, 6.42309045792, 5.74442243576, 5.6310377121, 5.20634460449],
        "dmean2": [39.5857124329, 19.0676498413, 15.6935062408, 13.9508867264, 13.0560216904, 11.9538793564, 10.579949379, 9.84105682373, 9.47421646118, 9.69442367554, 9.00261211395, 8.82095718384, 8.03630065918],
        "dvar": [1464.68969727, 258.272705078, 149.53767395, 78.6492538452, 77.25440979, 51.7768783569, 36.5281066895, 29.448009491, 27.7751636505, 32.1091346741, 24.6234741211, 22.3114337921, 17.7624149323],
        "dvar2": [2397.48461914, 405.490234375, 253.358123779, 159.662155151, 145.194549561, 103.500411987, 78.6498718262, 62.769241333, 65.2450790405, 68.6464920044, 54.7256584167, 49.9203987122, 41.9649772644],
        "max": [-589.601135254, 246.00604248, 112.228530884, 97.3488388062, 57.0070838928, 56.4488677979, 22.7582130432, 53.3681182861, 21.1448173523, 44.4056510925, 29.9477958679, 28.0559616089, 18.7737121582],
        "mean": [-722.200805664, 181.654785156, -4.53261709213, 43.6984710693, 7.15187597275, 16.1628227234, -12.7835044861, 12.1624937057, -6.50648593903, 7.21454286575, -2.25040531158, 2.11491465569, -8.25789546967],
        "median": [-710.23614502, 184.239776611, -6.45888519287, 42.7436637878, 7.05648803711, 17.1384181976, -12.5986328125, 12.5902309418, -6.36378097534, 6.03511619568, -3.52553939819, 1.7943611145, -7.78849220276],
        "min": [-1123.72851562, 19.9622917175, -100.887481689, -41.5891723633, -36.6284561157, -31.9259910583, -57.9734687805, -28.2099456787, -41.8850631714, -27.5093460083, -26.857465744, -23.05493927, -29.7657241821],
        "var": [5040.2890625, 983.423706055, 1050.44006348, 490.17376709, 307.773040771, 215.422668457, 202.863220215, 129.687744141, 84.374458313, 138.582550049, 93.3851394653, 68.6147842407, 63.1629142761],
        "cov": [[5048.06738281, -818.240539551, -1087.59057617, 224.748840332, -585.915893555, 191.670425415, -449.423706055, 232.65687561, -208.870056152, 205.162109375, -134.040405273, 123.295959473, -149.552398682], [-818.240539551, 984.941345215, -202.585723877, -349.627319336, 141.011352539, -200.287719727, 167.862442017, -119.389717102, 40.2417297363, -42.5489501953, 112.205207825, -54.3849945068, 49.0876274109], [-1087.59057617, -202.585723877, 1052.06103516, 231.408416748, -26.0253543854, 205.335235596, 115.206092834, 44.4736061096, 5.47949457169, -67.9328155518, -51.8739013672, 1.9897466898, 9.89131832123], [224.748840332, -349.627319336, 231.408416748, 490.930206299, 59.5299491882, 58.470413208, -133.852798462, 60.5346488953, 20.1291217804, -44.8718032837, -79.6695632935, 16.1714572906, 2.4848780632], [-585.915893555, 141.011352539, -26.0253543854, 59.5299491882, 308.24798584, -76.4288101196, -8.1762304306, -21.1935501099, 39.3027038574, -8.66860580444, 21.0409107208, -4.31422805786, 17.1065406799], [191.670425415, -200.287719727, 205.335235596, 58.470413208, -76.4288101196, 215.755111694, 36.6960716248, 32.9480552673, -18.3342838287, 20.9215183258, -12.8278608322, 12.9021310806, -18.6934509277], [-449.423706055, 167.862442017, 115.206092834, -133.852798462, -8.1762304306, 36.6960716248, 203.17628479, -4.36781072617, -13.5968952179, 10.0741233826, 43.6360664368, -4.77633047104, 6.27658510208], [232.65687561, -119.389717102, 44.4736061096, 60.5346488953, -21.1935501099, 32.9480552673, -4.36781072617, 129.887878418, -14.7002649307, 11.6184568405, -3.73334264755, 29.8615055084, -13.170085907], [-208.870056152, 40.2417297363, 5.47949457169, 20.1291217804, 39.3027038574, -18.3342838287, -13.5968952179, -14.7002649307, 84.5046691895, 2.40012693405, -3.38326525688, -11.3042650223, 6.27602529526], [205.162109375, -42.5489501953, -67.9328155518, -44.8718032837, -8.66860580444, 20.9215183258, 10.0741233826, 11.6184568405, 2.40012693405, 138.796417236, 44.8916244507, -1.51929783821, -31.4681015015], [-134.040405273, 112.205207825, -51.8739013672, -79.6695632935, 21.0409107208, -12.8278608322, 43.6360664368, -3.73334264755, -3.38326525688, 44.8916244507, 93.5292510986, 8.12104034424, -6.88879299164], [123.295959473, -54.3849945068, 1.9897466898, 16.1714572906, -4.31422805786, 12.9021310806, -4.77633047104, 29.8615055084, -11.3042650223, -1.51929783821, 8.12104034424, 68.7206726074, 14.9623584747], [-149.552398682, 49.0876274109, 9.89131832123, 2.4848780632, 17.1065406799, -18.6934509277, 6.27658510208, -13.170085907, 6.27602529526, -31.4681015015, -6.88879299164, 14.9623584747, 63.2603874207]],
        "icov": [[0.00152738578618, -0.000758970156312, 0.00197483133525, -0.00130786641967, 0.00243897899054, -0.00201960024424, 0.00206510000862, -0.00129487458616, 0.00260218931362, -0.00206213444471, 0.00263810437173, -0.00215682480484, 0.00172504386865], [-0.000758970156312, 0.00290715112351, -0.000874853867572, 0.00165212550201, -0.00184603990056, 0.00240002339706, -0.00240907212719, 0.00125583645422, -0.00212068669498, 0.00244714668952, -0.00333647546358, 0.00251050712541, -0.00179874629248], [0.00197483133525, -0.000874853867572, 0.00412468565628, -0.00252010324039, 0.00316996802576, -0.0036561912857, 0.00125015818048, -0.0016951415455, 0.00297835213132, -0.00193730625324, 0.00356354448013, -0.00248501985334, 0.0021036490798], [-0.00130786641967, 0.00165212550201, -0.00252010324039, 0.00541640957817, -0.00344622484408, 0.00142882892396, 0.000478421075968, -2.80199456029e-05, -0.00285370461643, 0.00263230223209, -0.00160071591381, 0.00222662463784, -0.00200020405464], [0.00243897899054, -0.00184603990056, 0.00316996802576, -0.00344622484408, 0.0082116862759, -0.00207292474806, 0.00303140259348, -0.00170052226167, 0.00298191816546, -0.00355492485687, 0.00324856699444, -0.00378737435676, 0.00253555295058], [-0.00201960024424, 0.00240002339706, -0.0036561912857, 0.00142882892396, -0.00207292474806, 0.0106434850022, -0.00484657054767, 0.00195633526891, -0.00321811973117, 0.00181117595639, -0.0035828044638, 0.00217501120642, -0.00121177919209], [0.00206510000862, -0.00240907212719, 0.00125015818048, 0.000478421075968, 0.00303140259348, -0.00484657054767, 0.0120051437989, -0.00290066283196, 0.00478768674657, -0.00317850266583, 0.00187568424735, -0.00232863053679, 0.00118915562052], [-0.00129487458616, 0.00125583645422, -0.0016951415455, -2.80199456029e-05, -0.00170052226167, 0.00195633526891, -0.00290066283196, 0.0111766159534, -0.00149992736988, 0.00129243917763, -0.00227725831792, -0.0023210356012, 0.000975775474217], [0.00260218931362, -0.00212068669498, 0.00297835213132, -0.00285370461643, 0.00298191816546, -0.00321811973117, 0.00478768674657, -0.00149992736988, 0.0181607604027, -0.00530114676803, 0.00558961974457, -0.0021180419717, 0.0015700829681], [-0.00206213444471, 0.00244714668952, -0.00193730625324, 0.00263230223209, -0.00355492485687, 0.00181117595639, -0.00317850266583, 0.00129243917763, -0.00530114676803, 0.0138918599114, -0.00927975587547, 0.00404679682106, 0.000975107774138], [0.00263810437173, -0.00333647546358, 0.00356354448013, -0.00160071591381, 0.00324856699444, -0.0035828044638, 0.00187568424735, -0.00227725831792, 0.00558961974457, -0.00927975587547, 0.0226280298084, -0.0081417998299, 0.00495311664417], [-0.00215682480484, 0.00251050712541, -0.00248501985334, 0.00222662463784, -0.00378737435676, 0.00217501120642, -0.00232863053679, -0.0023210356012, -0.0021180419717, 0.00404679682106, -0.0081417998299, 0.0229094401002, -0.00941315013915], [0.00172504386865, -0.00179874629248, 0.0021036490798, -0.00200020405464, 0.00253555295058, -0.00121177919209, 0.00118915562052, 0.000975775474217, 0.0015700829681, 0.000975107774138, 0.00495311664417, -0.00941315013915, 0.0231677088886]]
    }
}

}