{
"metadata": {
    "version": {
        "essentia": "2.0.1",
        "extractor": "archive-music 1.0 mod ismir14"
    },
    "audio_properties": {
        "analysis_sample_rate": 44100,
        "bitrate": 96,
        "channels": 2,
        "equal_loudness": 0,
        "length": 30.0669155121,
        "replay_gain": -12.9685745239,
        "downmix": "mix"
    },
    "tags": {
        "track": 0,
        "year": 0,
        "album": "",
        "artist": "",
        "comment": "",
        "genre": "",
        "title": ""
    }
},
"rhythm": {
    "bpm": 88.2881317139,
    "bpm_histogram_first_peak": 89,
    "bpm_histogram_first_peak_spread": 0.309523820877,
    "bpm_histogram_first_peak_weight": 0.674418628216,
    "bpm_histogram_second_peak": 94,
    "bpm_histogram_second_peak_spread": 0,
    "bpm_histogram_second_peak_weight": 0.0232558138669
},
"tonal": {
    "tuning_frequency": {
        "dmean": 0.145620942116,
        "dmean2": 0.272933840752,
        "dvar": 2.28535366058,
        "dvar2": 5.25132989883,
        "max": 456.570251465,
        "mean": 436.915893555,
        "median": 434.444000244,
        "min": 431.692352295,
        "var": 16.1768016815
    },
    "hpcp": {
        "dmean": [0.170247212052, 0.145409032702, 0.184733688831, 0.234013855457, 0.0957559645176, 0.146943464875, 0.205611258745, 0.231112256646, 0.181973472238, 0.118272900581, 0.254578888416, 0.080448679626],
        "dmean2": [0.290940076113, 0.254867047071, 0.320748507977, 0.398285895586, 0.171536460519, 0.247439593077, 0.35774692893, 0.389282047749, 0.311529815197, 0.21267850697, 0.435835301876, 0.139394894242],
        "dvar": [0.0463081039488, 0.0481668040156, 0.0662839710712, 0.0721796378493, 0.0289188399911, 0.0510014891624, 0.062935128808, 0.0622675903141, 0.0584469176829, 0.0339327715337, 0.0743597596884, 0.0203983727843],
        "dvar2": [0.111051402986, 0.127715930343, 0.153820216656, 0.176292538643, 0.0806674957275, 0.104481950402, 0.148413062096, 0.14543646574, 0.14699305594, 0.0942750349641, 0.155453711748, 0.0537561662495],
        "max": [1, 1, 1, 1, 1, 1, 1, 1, 1, 1, 1, 1],
        "mean": [0.234069287777, 0.129257977009, 0.180806100368, 0.278965473175, 0.0813815593719, 0.244835600257, 0.279085993767, 0.320466309786, 0.210276037455, 0.106789186597, 0.634808897972, 0.0776880756021],
        "median": [0.122023560107, 0.0419021546841, 0.0593251101673, 0.13259126246, 0.0298873316497, 0.0811548754573, 0.140348270535, 0.206666409969, 0.0665458366275, 0.0370676927269, 0.682704865932, 0.028734145686],
        "min": [0.00166441837791, 0, 0.00117008888628, 0, 0, 0.001599588315, 0.000520788191352, 0, 0.000366517371731, 0, 0, 0.000428620027378],
        "var": [0.0707180425525, 0.0436169840395, 0.0758481398225, 0.102415524423, 0.0214342977852, 0.107300430536, 0.106200300157, 0.105116806924, 0.0837315544486, 0.0319024883211, 0.129148557782, 0.0188564565033]
    }
},
"lowlevel": {
    "melbands": {
        "dmean": [4.69894912385e-05, 0.000212548096897, 0.000218474044232, 0.000106112471258, 6.71903908369e-05, 0.000117444549687, 0.000129341322463, 0.000131904147565, 0.000130217405967, 6.96356219123e-05, 5.03142364323e-05, 2.98049144476e-05, 2.3899903681e-05, 1.53894088726e-05, 2.47997231781e-05, 1.44688610817e-05, 1.58668244694e-05, 1.26164140966e-05, 9.90353510133e-06, 8.75507066667e-06, 7.05980619387e-06, 7.07028539182e-06, 8.60668933456e-06, 9.50399953581e-06, 6.93482752467e-06, 5.44982003703e-06, 4.48655555374e-06, 2.55496888713e-06, 1.38808388783e-06, 1.18938521609e-06, 8.76505964698e-07, 5.14482735525e-07, 2.48004596415e-07, 1.83473588322e-07, 1.73510485979e-07, 1.30723122993e-07, 8.03838204888e-08, 3.33359047033e-08, 5.89956172803e-09, 2.92435159421e-10],
        "dmean2": [6.96064307704e-05, 0.000334359850967, 0.000347406836227, 0.000141132826684, 0.000108656444354, 0.000190582199139, 0.00021151661349, 0.000223859387916, 0.000187697907677, 0.000101390083728, 7.37417140044e-05, 4.78022484458e-05, 3.6510398786e-05, 2.4276361728e-05, 3.84352206311e-05, 2.09937552427e-05, 2.38098036789e-05, 1.99274472834e-05, 1.57587910508e-05, 1.3405282516e-05, 1.11423205453e-05, 1.07072555693e-05, 1.24358066387e-05, 1.36381540869e-05, 1.06511188278e-05, 7.93879098637e-06, 6.82576910549e-06, 3.99843884225e-06, 2.21373397835e-06, 1.87343380276e-06, 1.35160462378e-06, 7.97855079782e-07, 3.88129592466e-07, 2.92358521392e-07, 2.7882290965e-07, 2.09226271863e-07, 1.30501405238e-07, 5.54401502484e-08, 9.73622427125e-09, 4.69496053146e-10],
        "dvar": [3.44160722143e-09, 9.36844557486e-08, 7.58557234803e-08, 2.82076353386e-08, 8.78407924176e-09, 2.08945838409e-08, 3.26224771641e-08, 5.69615004054e-08, 4.84283582125e-08, 2.48008173998e-08, 6.60414922748e-09, 1.08267830257e-08, 6.00352478841e-09, 1.49346868206e-09, 4.63068960954e-09, 1.32936794905e-09, 2.22339213707e-09, 7.18424986168e-10, 4.67667238269e-10, 5.99870930706e-10, 1.96189134383e-10, 1.87926910145e-10, 2.99749558508e-10, 4.215900129e-10, 1.97675223412e-10, 1.07047253006e-10, 1.24894788955e-10, 5.06720811144e-11, 6.00187261002e-12, 7.37601733164e-12, 5.21785045726e-12, 1.51185249216e-12, 1.98731574816e-13, 6.93403193479e-14, 6.75125509967e-14, 2.76483073632e-14, 1.11578532058e-14, 3.02964224651e-15, 8.8215900653e-17, 1.83776009161e-19],
        "dvar2": [5.59905721786e-09, 2.04201512588e-07, 1.69428517438e-07, 4.87471112365e-08, 2.20820570718e-08, 5.07422939222e-08, 8.41305620725e-08, 1.51944973936e-07, 7.4128614358e-08, 4.04661086861e-08, 1.27587993504e-08, 2.56717989089e-08, 1.21165539824e-08, 3.05999448003e-09, 1.03563495557e-08, 2.54091125917e-09, 5.20762766243e-09, 1.67403024776e-09, 1.17072573858e-09, 1.49994638932e-09, 4.24493384887e-10, 4.19156431786e-10, 4.94149554608e-10, 9.00197860698e-10, 4.33194868865e-10, 2.27362184635e-10, 2.65447386294e-10, 9.14819955899e-11, 1.45257295775e-11, 1.54023512694e-11, 1.16097140582e-11, 3.37899760255e-12, 4.39817670131e-13, 1.46947097502e-13, 1.54218312925e-13, 6.72217273165e-14, 2.8419822241e-14, 7.96830998536e-15, 2.19515973349e-16, 4.4694496861e-19],
        "max": [0.0008291763952, 0.00320853921585, 0.00252981623635, 0.00232186936773, 0.00123160087969, 0.00126159575302, 0.00141715037171, 0.00168830761686, 0.00388081860729, 0.00261959806085, 0.00109807180706, 0.00117647473235, 0.00100669194944, 0.000517957669217, 0.000911635579541, 0.000572778750211, 0.000719544827007, 0.000339203106705, 0.000201935690711, 0.000400252029067, 0.000144271441968, 0.000131947206683, 0.000186160890735, 0.000290654221317, 0.000197848770767, 0.00012040346337, 0.000155507063027, 0.000101257042843, 2.66358019871e-05, 5.43316891708e-05, 3.75371782866e-05, 2.12739178096e-05, 7.00532109477e-06, 4.32595561506e-06, 3.55514498551e-06, 1.82709277396e-06, 1.20032757422e-06, 7.35259504836e-07, 9.47705345311e-08, 4.75553774137e-09],
        "mean": [7.92742648628e-05, 0.000294114026474, 0.000326736859279, 0.000169418999576, 9.24050036701e-05, 0.000168000900885, 0.000166168276337, 0.000124535232317, 0.0002005341521, 0.000102113917819, 7.75237131165e-05, 3.47173554474e-05, 2.74944995908e-05, 1.94230433408e-05, 3.11334042635e-05, 1.79322869371e-05, 1.89790098375e-05, 1.56756777869e-05, 1.11265335363e-05, 1.00510860648e-05, 9.19489502849e-06, 9.31422346184e-06, 1.41376749525e-05, 1.55623929459e-05, 9.91191882349e-06, 8.49357638799e-06, 7.03667728885e-06, 3.96259110857e-06, 2.14564261114e-06, 1.76063156232e-06, 1.41304337831e-06, 8.6976632474e-07, 4.28741941505e-07, 3.32865113251e-07, 3.03019419334e-07, 2.11859585875e-07, 1.30651855557e-07, 5.14456566236e-08, 9.04267505319e-09, 4.36803343495e-10],
        "median": [4.78680522065e-05, 0.000174159838934, 0.000229275930906, 9.52705740929e-05, 5.96990503254e-05, 0.00011304916552, 9.01246457943e-05, 3.97425792471e-05, 8.47770279506e-05, 4.24197496613e-05, 3.79393859475e-05, 9.26943994273e-06, 6.17179239271e-06, 6.33808303974e-06, 1.19732521853e-05, 5.5477744354e-06, 4.78454012409e-06, 3.73364355255e-06, 3.31508090312e-06, 2.1733255835e-06, 2.19579055738e-06, 2.11653468796e-06, 1.8813357201e-06, 1.54011877385e-06, 2.19777484745e-06, 2.34124922827e-06, 1.04058369743e-06, 1.13175724437e-06, 1.10387327368e-06, 6.14168754964e-07, 3.8661050894e-07, 3.36822580493e-07, 2.12493105778e-07, 1.95593685248e-07, 1.66802720969e-07, 1.19613517313e-07, 8.36785432057e-08, 3.19249657821e-08, 5.17140374967e-09, 2.41716591187e-10],
        "min": [3.41878164667e-10, 4.92680007902e-10, 7.16470160977e-10, 2.77900435997e-09, 1.17839671354e-09, 5.15609110963e-10, 2.52854126526e-10, 2.55485188561e-10, 2.09660691586e-10, 4.8585521023e-11, 3.27320961134e-12, 4.83974622531e-12, 4.05036247597e-11, 1.17640133745e-10, 9.39865962835e-11, 4.18174696259e-11, 3.73758073102e-11, 2.15942350806e-11, 3.50201950772e-11, 2.33202346323e-11, 1.70828646368e-11, 1.79868619998e-11, 4.53956004731e-11, 7.00017196986e-11, 3.20512262564e-11, 9.39922445431e-12, 1.37799112399e-11, 1.1788404454e-11, 1.12533298652e-11, 1.86229451998e-11, 3.22686300423e-12, 5.72896070861e-12, 6.74803138714e-12, 1.76218035389e-12, 3.09536857951e-12, 4.36614199656e-12, 3.11701510956e-12, 1.11981452756e-12, 4.7694243303e-13, 7.05909423187e-15],
        "var": [9.98989158063e-09, 1.23634265492e-07, 1.05708082287e-07, 5.97919793677e-08, 1.1145572465e-08, 2.8161714738e-08, 3.86643392858e-08, 4.75555239632e-08, 1.81971444135e-07, 5.65263924557e-08, 1.52249413077e-08, 1.14852207744e-08, 8.17489276272e-09, 2.21295270997e-09, 5.5718509806e-09, 2.0139496737e-09, 2.91324164792e-09, 1.36822464469e-09, 5.08406095001e-10, 8.20997492212e-10, 3.53550216881e-10, 3.16275200474e-10, 8.22353740659e-10, 1.17219989271e-09, 4.12586825815e-10, 2.55069326771e-10, 2.89175072776e-10, 1.01517454165e-10, 1.08264421733e-11, 1.5366307185e-11, 9.73956418987e-12, 2.44374485925e-12, 4.4567862313e-13, 1.95216808213e-13, 1.86847323095e-13, 6.26617694907e-14, 1.7968596107e-14, 3.39029045248e-15, 1.27819931954e-16, 3.05655152909e-19]
    },
    "mfcc": {
        "dmean": [28.5031204224, 10.0964717865, 12.0678043365, 7.8910279274, 8.39424610138, 6.8827996254, 7.14216804504, 6.76657438278, 5.82873678207, 6.42582130432, 6.03176498413, 5.26665830612, 5.91225004196],
        "dmean2": [40.4711761475, 15.0677576065, 17.2844219208, 11.7225046158, 12.5695981979, 10.1819353104, 10.309709549, 10.5266532898, 9.09032440186, 10.078994751, 9.43168258667, 8.01561355591, 9.1072101593],
        "dvar": [939.702758789, 102.469856262, 101.542488098, 45.5140953064, 49.4634246826, 31.6732139587, 37.1984786987, 28.8115062714, 19.8683757782, 24.1245002747, 23.4746189117, 17.6292152405, 22.8714847565],
        "dvar2": [1225.19189453, 192.867645264, 182.4165802, 85.126373291, 106.046279907, 66.322303772, 71.2725830078, 69.5976486206, 49.6996879578, 56.1979522705, 58.4164543152, 41.6855697632, 54.7728157043],
        "max": [-588.705566406, 181.734039307, 36.5565986633, 91.0628204346, 16.4478263855, 36.8985977173, 30.8265457153, 36.8134803772, 5.86131668091, 43.2330169678, 22.332736969, 30.6351776123, 10.3911590576],
        "mean": [-697.844848633, 138.442947388, -18.24077034, 39.8596801758, -21.1064281464, 7.0947561264, -13.9816818237, 8.95001125336, -13.2740135193, 12.9638872147, -4.48038959503, 7.14122819901, -11.7354602814],
        "median": [-706.498535156, 141.725830078, -16.4024276733, 37.8421401978, -22.0936698914, 7.27834320068, -15.0607795715, 8.38308906555, -12.394695282, 13.5456943512, -4.8510055542, 7.35956001282, -10.2193412781],
        "min": [-1136.66821289, 2.37668991089, -82.0254516602, -2.76178741455, -61.7138748169, -22.174118042, -42.0035476685, -16.9182357788, -45.0105743408, -27.7746582031, -25.0714454651, -18.5862541199, -48.6058235168],
        "var": [2261.29223633, 455.61050415, 465.733825684, 218.901367188, 170.616638184, 115.636276245, 150.93031311, 86.5901641846, 76.2383270264, 86.8181610107, 65.4929580688, 52.7125740051, 88.9531936646],
        "cov": [[2264.78173828, -203.197143555, -694.32800293, 172.191223145, 3.96428465843, -82.9326400757, -77.8188400269, 117.570037842, -85.8011932373, -7.93800163269, -49.8706703186, 30.1359558105, -105.997024536], [-203.197143555, 456.313598633, 161.787445068, -155.23677063, -79.6635971069, 28.0676307678, -0.724730312824, -74.7311325073, 36.2716064453, 29.68400383, 29.336977005, 26.2144432068, 53.4784736633], [-694.32800293, 161.787445068, 466.452545166, -4.43138504028, 11.3536815643, 55.4561195374, 9.80607700348, -15.6465110779, 20.8003101349, 4.02673721313, -2.03644180298, -14.2430992126, 37.708366394], [172.191223145, -155.23677063, -4.43138504028, 219.23916626, 105.952217102, -48.8148956299, -39.1287918091, 43.3538398743, -15.5071144104, -19.5314922333, -15.6730775833, -15.0767383575, -11.4158916473], [3.96428465843, -79.6635971069, 11.3536815643, 105.952217102, 170.879928589, -7.92763137817, -44.3979187012, 27.3839035034, -8.7989988327, -10.3083314896, -20.6855220795, -11.5160388947, -0.611556410789], [-82.9326400757, 28.0676307678, 55.4561195374, -48.8148956299, -7.92763137817, 115.814727783, 74.9402313232, 4.66349172592, -1.17997777462, -18.9319725037, -6.25571155548, -4.39805269241, -21.6757602692], [-77.8188400269, -0.724730312824, 9.80607700348, -39.1287918091, -44.3979187012, 74.9402313232, 151.163223267, 31.1685390472, -26.1332759857, -22.6696739197, -9.701379776, 2.99753952026, -15.7302427292], [117.570037842, -74.7311325073, -15.6465110779, 43.3538398743, 27.3839035034, 4.66349172592, 31.1685390472, 86.7237930298, -3.75686717033, -25.5270881653, -12.3975419998, -3.23528456688, -9.96135234833], [-85.8011932373, 36.2716064453, 20.8003101349, -15.5071144104, -8.7989988327, -1.17997777462, -26.1332759857, -3.75686717033, 76.35597229, 32.9794006348, 5.84259271622, -0.673155903816, 6.53257465363], [-7.93800163269, 29.68400383, 4.02673721313, -19.5314922333, -10.3083314896, -18.9319725037, -22.6696739197, -25.5270881653, 32.9794006348, 86.9521408081, 21.3053874969, -0.149393767118, 11.5747289658], [-49.8706703186, 29.336977005, -2.03644180298, -15.6730775833, -20.6855220795, -6.25571155548, -9.701379776, -12.3975419998, 5.84259271622, 21.3053874969, 65.5940246582, 19.3899021149, -5.0193810463], [30.1359558105, 26.2144432068, -14.2430992126, -15.0767383575, -11.5160388947, -4.39805269241, 2.99753952026, -3.23528456688, -0.673155903816, -0.149393767118, 19.3899021149, 52.7939224243, 27.1912441254], [-105.997024536, 53.4784736633, 37.708366394, -11.4158916473, -0.611556410789, -21.6757602692, -15.7302427292, -9.96135234833, 6.53257465363, 11.5747289658, -5.0193810463, 27.1912441254, 89.090461731]],
        "icov": [[0.00276515842415, -0.00246280245483, 0.00444851536304, -0.00411954708397, 0.00362661178224, -0.00433342019096, 0.0055452985689, -0.00607310188934, 0.00548681011423, -0.00474365614355, 0.00533729419112, -0.00426687020808, 0.00344510702416], [-0.00246280245483, 0.00616223365068, -0.00517807574943, 0.00593320373446, -0.0032314688433, 0.0043035489507, -0.00515962019563, 0.00738991610706, -0.00607212819159, 0.00488585140556, -0.0056766695343, 0.00324659002945, -0.0042373444885], [0.00444851536304, -0.00517807574943, 0.010169448331, -0.00785916484892, 0.0058645461686, -0.00908370595425, 0.00917499139905, -0.00985200703144, 0.00857667345554, -0.00756939081475, 0.0080273989588, -0.00485018407926, 0.00372530450113], [-0.00411954708397, 0.00593320373446, -0.00785916484892, 0.0158004872501, -0.00992163084447, 0.0110210413113, -0.00874370709062, 0.00776973785833, -0.00829931627959, 0.008539439179, -0.00850351434201, 0.00673289177939, -0.00420843111351], [0.00362661178224, -0.0032314688433, 0.0058645461686, -0.00992163084447, 0.0152089865878, -0.0102735944092, 0.0122424094006, -0.0106926960871, 0.00957104749978, -0.00786625035107, 0.00933160912246, -0.00583849195391, 0.00369976530783], [-0.00433342019096, 0.0043035489507, -0.00908370595425, 0.0110210413113, -0.0102735944092, 0.025359949097, -0.01823018305, 0.0125387515873, -0.0127048613504, 0.0113299647346, -0.00851106643677, 0.00629136152565, -0.00113946176134], [0.0055452985689, -0.00515962019563, 0.00917499139905, -0.00874370709062, 0.0122424094006, -0.01823018305, 0.0259900018573, -0.0186444148421, 0.0169756710529, -0.0119510479271, 0.0131359063089, -0.0103676952422, 0.00705621903762], [-0.00607310188934, 0.00738991610706, -0.00985200703144, 0.00776973785833, -0.0106926960871, 0.0125387515873, -0.0186444148421, 0.0314005725086, -0.0169256944209, 0.0153672620654, -0.0121656069532, 0.00924364570528, -0.00756181264296], [0.00548681011423, -0.00607212819159, 0.00857667345554, -0.00829931627959, 0.00957104749978, -0.0127048613504, 0.0169756710529, -0.0169256944209, 0.0297854598612, -0.0171535313129, 0.0124078178778, -0.00900166481733, 0.00704979291186], [-0.00474365614355, 0.00488585140556, -0.00756939081475, 0.008539439179, -0.00786625035107, 0.0113299647346, -0.0119510479271, 0.0153672620654, -0.0171535313129, 0.0259382724762, -0.0151078049093, 0.0112360594794, -0.00836062431335], [0.00533729419112, -0.0056766695343, 0.0080273989588, -0.00850351434201, 0.00933160912246, -0.00851106643677, 0.0131359063089, -0.0121656069532, 0.0124078178778, -0.0151078049093, 0.0322478935122, -0.0190281067044, 0.0129002118483], [-0.00426687020808, 0.00324659002945, -0.00485018407926, 0.00673289177939, -0.00583849195391, 0.00629136152565, -0.0103676952422, 0.00924364570528, -0.00900166481733, 0.0112360594794, -0.0190281067044, 0.0360869131982, -0.0163020715117], [0.00344510702416, -0.0042373444885, 0.00372530450113, -0.00420843111351, 0.00369976530783, -0.00113946176134, 0.00705621903762, -0.00756181264296, 0.00704979291186, -0.00836062431335, 0.0129002118483, -0.0163020715117, 0.0221711397171]]
    }
}

}