{
"metadata": {
    "version": {
        "essentia": "2.0.1",
        "extractor": "archive-music 1.0 mod ismir14"
    },
    "audio_properties": {
        "analysis_sample_rate": 44100,
        "bitrate": 96,
        "channels": 2,
        "equal_loudness": 0,
        "length": 30.0669155121,
        "replay_gain": -13.4233722687,
        "downmix": "mix"
    },
    "tags": {
        "track": 0,
        "year": 0,
        "album": "",
        "artist": "",
        "comment": "",
        "genre": "",
        "title": ""
    }
},
"rhythm": {
    "bpm": 90.2956161499,
    "bpm_histogram_first_peak": 91,
    "bpm_histogram_first_peak_spread": 0.341463446617,
    "bpm_histogram_first_peak_weight": 0.62790697813,
    "bpm_histogram_second_peak": 83,
    "bpm_histogram_second_peak_spread": 0.5,
    "bpm_histogram_second_peak_weight": 0.0232558138669
},
"tonal": {
    "tuning_frequency": {
        "dmean": 0.0890659317374,
        "dmean2": 0.175248816609,
        "dvar": 0.779106020927,
        "dvar2": 2.00844788551,
        "max": 456.570251465,
        "mean": 446.554901123,
        "median": 446.91595459,
        "min": 431.443084717,
        "var": 9.32242107391
    },
    "hpcp": {
        "dmean": [0.228975459933, 0.145100057125, 0.11937841773, 0.149350777268, 0.234535858035, 0.279211759567, 0.199641034007, 0.21161006391, 0.130165234208, 0.0812292918563, 0.104519158602, 0.115753747523],
        "dmean2": [0.394012510777, 0.272841572762, 0.206808879972, 0.270156621933, 0.421357005835, 0.493994653225, 0.379021018744, 0.374142020941, 0.232503712177, 0.145803406835, 0.183705568314, 0.20392075181],
        "dvar": [0.084741063416, 0.0673741027713, 0.0348755829036, 0.0625818297267, 0.084853939712, 0.0964168161154, 0.0997941643, 0.0766956582665, 0.055601336062, 0.0276170950383, 0.0328827127814, 0.036917835474],
        "dvar2": [0.182692572474, 0.194114148617, 0.0932032391429, 0.156961172819, 0.21876077354, 0.209217697382, 0.278450220823, 0.191561669111, 0.140894576907, 0.0749681890011, 0.085037894547, 0.102035537362],
        "max": [1, 1, 1, 1, 1, 1, 1, 1, 1, 1, 1, 1],
        "mean": [0.439682036638, 0.0961612015963, 0.134242668748, 0.136821612716, 0.222419917583, 0.443033516407, 0.144269630313, 0.262683838606, 0.128815919161, 0.0745142474771, 0.0983714461327, 0.103008814156],
        "median": [0.240713790059, 0.0177835226059, 0.0474773384631, 0.0260885134339, 0.0654125511646, 0.287841618061, 0.0189805850387, 0.104278348386, 0.0316202789545, 0.0257911980152, 0.0309270974249, 0.0319432988763],
        "min": [0.00187135778833, 0.000441440555733, 0.00107509351801, 0.000211798993405, 0.00150872045197, 0.00107630970888, 0.000465589022497, 0.00124700332526, 0.000412297202274, 0.000481688039145, 0.000463095348096, 0.000728537153918],
        "var": [0.169896900654, 0.0448125228286, 0.0458642393351, 0.0684204101562, 0.0925360247493, 0.161528334022, 0.0789933353662, 0.105470500886, 0.0604991354048, 0.0213918611407, 0.0328815206885, 0.031839415431]
    }
},
"lowlevel": {
    "melbands": {
        "dmean": [0.000237057116465, 0.000516518834047, 0.00017683240003, 0.000112979658297, 7.98456676421e-05, 5.9251771745e-05, 8.04776427685e-05, 0.000105334263935, 0.00018270307919, 0.000134266534587, 5.34270802746e-05, 6.97822106304e-05, 5.80520099902e-05, 2.87464790745e-05, 5.24663555552e-05, 6.37941557216e-05, 1.39133844641e-05, 9.86468330666e-06, 4.78434094475e-06, 6.10093775322e-06, 9.21963237488e-06, 6.8714293775e-06, 1.3357910575e-05, 1.17326026157e-05, 6.42073109702e-06, 6.39412382952e-06, 5.66637208976e-06, 3.67782627109e-06, 1.66993970652e-06, 1.4087972886e-06, 6.75618139212e-07, 2.85197188532e-07, 1.59992623594e-07, 1.31779373191e-07, 1.24610465946e-07, 9.47930729467e-08, 5.74001752796e-08, 3.67719010796e-08, 1.13878728669e-08, 8.73177530281e-10],
        "dmean2": [0.000404871883802, 0.000793662096839, 0.000283537374344, 0.000175777415279, 0.000129732856294, 8.85061817826e-05, 0.000123855599668, 0.000160128198331, 0.000282156019239, 0.000225776180741, 8.29057098599e-05, 0.000111284382001, 8.23526424938e-05, 4.83418079966e-05, 8.61278676894e-05, 0.000101893900137, 2.2727976102e-05, 1.52185939442e-05, 7.32964736017e-06, 9.77047329798e-06, 1.45869544212e-05, 1.07763371489e-05, 2.11378628592e-05, 1.88392750715e-05, 1.01375535451e-05, 9.78095431492e-06, 8.85592089617e-06, 5.91728758081e-06, 2.63435481429e-06, 2.21281311497e-06, 1.08963899947e-06, 4.4421190637e-07, 2.5216994004e-07, 2.00875689416e-07, 1.93571153773e-07, 1.50703272084e-07, 8.83734188051e-08, 5.71748017819e-08, 1.79809926948e-08, 1.4018816108e-09],
        "dvar": [7.06758740421e-08, 2.14649503505e-07, 3.55381644113e-08, 1.9146121133e-08, 1.6485554255e-08, 7.42837569234e-09, 1.84534414416e-08, 3.25725864059e-08, 1.10147745147e-07, 1.51662760572e-07, 5.37110054211e-08, 4.82470312591e-08, 2.01296366242e-08, 4.57039606161e-09, 1.99015399716e-08, 3.44253301421e-08, 2.56854448821e-09, 6.60545396158e-10, 4.27167537453e-11, 6.50249645795e-11, 1.78466491585e-10, 1.00181259122e-10, 4.08214684278e-10, 3.64887647875e-10, 9.95627053024e-11, 9.06457756078e-11, 8.4138723766e-11, 3.97382023121e-11, 8.85330177225e-12, 7.06277007365e-12, 1.38169022664e-12, 1.31454824239e-13, 4.04786711691e-14, 3.03658228391e-14, 3.02781346002e-14, 1.2575439076e-14, 5.6345008581e-15, 2.24986413878e-15, 2.76531693323e-16, 1.77209446208e-18],
        "dvar2": [2.00247598059e-07, 5.19418847489e-07, 7.89253462585e-08, 4.45490258016e-08, 4.08307663236e-08, 1.52929260366e-08, 3.59531959759e-08, 6.70917685852e-08, 2.36792701003e-07, 3.45058310813e-07, 8.75608492379e-08, 1.27626137214e-07, 3.57019231956e-08, 1.13598757068e-08, 5.25128918127e-08, 8.21450854005e-08, 4.83802597984e-09, 1.40601175147e-09, 9.16363651626e-11, 1.66825511738e-10, 4.31215452235e-10, 2.37284247806e-10, 9.4126217931e-10, 8.96550944596e-10, 2.47087017513e-10, 2.00888403135e-10, 1.95411090087e-10, 1.01833666499e-10, 2.25785570795e-11, 1.71068124943e-11, 3.48978506683e-12, 3.0484363406e-13, 9.76796226369e-14, 7.2925227055e-14, 7.5284444206e-14, 2.79785231577e-14, 1.38289605936e-14, 5.31423770074e-15, 6.45746896405e-16, 4.57544202486e-18],
        "max": [0.00225176662207, 0.00386914610863, 0.00209941063076, 0.00177583028562, 0.00154425401706, 0.00123735319357, 0.00251098209992, 0.00165019696578, 0.00387963606045, 0.00449593504891, 0.00530193187296, 0.00315196649171, 0.00162009813357, 0.000792052887846, 0.00160150532611, 0.0026801051572, 0.000948961125687, 0.000379390083253, 7.58081732783e-05, 5.42640773347e-05, 0.000119884993182, 8.17740510684e-05, 0.000180427217856, 0.000142900651554, 7.71282575442e-05, 9.80830518529e-05, 8.82366584847e-05, 5.21554429724e-05, 2.6157747925e-05, 2.66123824986e-05, 1.11477756946e-05, 4.31121770816e-06, 1.83961344646e-06, 1.82288567885e-06, 2.25059193326e-06, 1.18978221053e-06, 7.33182957902e-07, 4.59344164483e-07, 1.71501980617e-07, 1.61758677564e-08],
        "mean": [0.000403227866627, 0.00105080229696, 0.0003436615807, 0.000159399016411, 0.000105558043288, 8.74702382134e-05, 0.000116938310384, 0.000138181902003, 0.000229728582781, 0.000144105841173, 5.46939190826e-05, 6.97180585121e-05, 7.93464569142e-05, 3.26249464706e-05, 5.67602437513e-05, 6.17874611635e-05, 1.46274887811e-05, 1.08332005766e-05, 6.25682378086e-06, 7.54677967052e-06, 1.12068746603e-05, 8.41570090415e-06, 1.4423491848e-05, 1.1338157492e-05, 7.08746028977e-06, 7.83353698353e-06, 6.24314225206e-06, 3.7916643123e-06, 1.84887483101e-06, 1.46286538438e-06, 7.8745074461e-07, 4.03343761946e-07, 2.48534860248e-07, 2.11497805935e-07, 1.92300831259e-07, 1.64117011536e-07, 8.93876759278e-08, 6.01694409852e-08, 1.76843393263e-08, 1.26186472382e-09],
        "median": [0.000341792736435, 0.000784476404078, 0.000291987031233, 0.000107826897874, 4.88590303576e-05, 4.37333292211e-05, 4.61934578198e-05, 4.78909969388e-05, 7.50088001951e-05, 2.324811976e-05, 1.24225380205e-05, 1.85317821888e-05, 1.20489594337e-05, 1.19826245282e-05, 1.59821665875e-05, 1.20198446893e-05, 3.79957464247e-06, 3.16483442475e-06, 3.11184680868e-06, 3.55301290256e-06, 3.70446309716e-06, 3.02205899061e-06, 4.49086974186e-06, 2.91187666335e-06, 2.7491939818e-06, 3.15610282087e-06, 1.94117865249e-06, 1.10584869617e-06, 7.7429791645e-07, 5.22129596447e-07, 3.44763236626e-07, 2.47238091333e-07, 1.76417643161e-07, 1.4023603967e-07, 1.34225970783e-07, 1.23538413277e-07, 6.15523561009e-08, 4.32657998317e-08, 1.16880194412e-08, 8.47400372095e-10],
        "min": [4.33922675569e-09, 4.12176126563e-10, 4.30246061001e-09, 2.86922019477e-09, 9.96662419261e-10, 2.61906801802e-10, 4.65809335548e-10, 1.37083910889e-09, 2.23863247384e-10, 3.54911944278e-09, 6.05192618242e-10, 4.89506005175e-11, 1.06094417973e-10, 2.15546622218e-10, 6.68007094085e-10, 1.80562467755e-10, 5.588987953e-11, 2.59624155508e-10, 3.44061751312e-10, 1.43226083771e-10, 4.30089935888e-10, 4.96225893709e-10, 3.83531401082e-10, 7.18357706653e-10, 2.69331890124e-10, 1.64162794469e-10, 2.4093849138e-10, 8.6934133503e-11, 2.05124649905e-11, 2.36774298085e-11, 7.75542546849e-11, 8.63725896361e-11, 5.98149030306e-11, 5.01144403753e-11, 2.95193001987e-11, 4.4445645081e-12, 1.20256252872e-11, 1.31212341339e-11, 1.11212974593e-11, 3.59613467477e-12],
        "var": [1.12482133829e-07, 6.88597879162e-07, 8.09952638292e-08, 3.0473909618e-08, 2.53264627048e-08, 1.60494781909e-08, 4.08506615202e-08, 5.32141299914e-08, 1.63128746067e-07, 1.97431461402e-07, 7.7767722928e-08, 3.93264407705e-08, 3.99033481813e-08, 4.52320225719e-09, 1.81905086549e-08, 3.3886458084e-08, 3.19914694735e-09, 8.20891854492e-10, 6.76559017143e-11, 7.85359277611e-11, 2.55813203953e-10, 1.41230527273e-10, 4.98740604371e-10, 3.56802226653e-10, 1.00681407655e-10, 1.22457918805e-10, 9.82028833252e-11, 3.9471266533e-11, 8.16887269633e-12, 6.5498643835e-12, 1.28661816444e-12, 1.86992728159e-13, 5.65809606199e-14, 4.03804695573e-14, 3.43580619142e-14, 1.79622145608e-14, 7.58190456626e-15, 3.45569939546e-15, 3.62227737132e-16, 1.94639465203e-18]
    },
    "mfcc": {
        "dmean": [32.6249580383, 10.0674772263, 13.5739879608, 9.5065536499, 7.92142677307, 7.95610666275, 6.82645893097, 6.24098014832, 5.5879650116, 5.88407659531, 6.05532360077, 5.92145824432, 5.52372264862],
        "dmean2": [41.0496025085, 15.340965271, 19.9825496674, 14.0621795654, 11.8045139313, 11.5731287003, 10.0544719696, 9.38613128662, 8.76182174683, 9.49448013306, 9.5513381958, 9.47624015808, 8.8417301178],
        "dvar": [1096.66430664, 95.9046630859, 153.414611816, 62.5332527161, 41.0663146973, 44.2453994751, 29.5483970642, 24.0222225189, 19.5441761017, 22.3874931335, 23.876543045, 20.5306854248, 18.245475769],
        "dvar2": [1734.29602051, 170.076187134, 311.84072876, 114.585746765, 84.8619995117, 84.7969055176, 55.1056938171, 54.5162582397, 49.832447052, 53.1086425781, 58.7027854919, 50.5120315552, 46.9508666992],
        "max": [-596.306274414, 187.450958252, 29.3868789673, 85.5482177734, 27.1665420532, 46.3871994019, 38.5132369995, 56.1888542175, 8.59872817993, 40.3497619629, 24.0218276978, 39.1312980652, 14.0195884705],
        "mean": [-691.274414062, 143.77130127, -19.9384498596, 41.2419662476, -8.14167499542, 9.67419719696, 1.75459861755, 17.8247852325, -9.2002325058, 11.9656438828, -1.85435903072, 13.7539815903, -3.42092823982],
        "median": [-692.94732666, 144.601882935, -18.7073326111, 40.1112976074, -8.61862182617, 10.5801944733, 1.79870986938, 18.2490081787, -8.8232460022, 11.2881965637, -2.04685211182, 14.1548213959, -3.21315765381],
        "min": [-1129.1105957, 10.89686203, -68.3673782349, -9.04943466187, -40.5491638184, -27.8311538696, -31.7352428436, -9.72087478638, -33.8522262573, -18.1387786865, -21.9643592834, -9.32917022705, -25.4151954651],
        "var": [2297.56982422, 255.176300049, 410.996002197, 244.677627563, 153.438949585, 159.424591064, 126.926994324, 87.4138183594, 53.533821106, 74.6968002319, 65.2384872437, 56.9622421265, 46.823841095],
        "cov": [[2301.11547852, 131.198165894, -643.847961426, 111.667404175, -283.781280518, -186.688796997, -129.914489746, -55.1491966248, -76.6533432007, -19.5311985016, -90.5693511963, 17.8468818665, -81.985168457], [131.198165894, 255.570098877, 5.66813087463, -93.0778884888, -48.3316078186, -4.84596347809, 13.7534809113, 4.97837209702, -20.2921180725, 10.3488273621, 44.0328598022, 4.48592281342, 3.26303672791], [-643.847961426, 5.66813087463, 411.630249023, -49.0630683899, 135.721511841, 61.5647354126, 13.4377441406, 20.7712078094, 20.8818969727, 25.4005870819, 13.6824874878, -9.08629798889, 24.2197418213], [111.667404175, -93.0778884888, -49.0630683899, 245.055221558, 39.818813324, -16.6679115295, -52.2445678711, -19.8666591644, 43.2205963135, 12.2696228027, -37.5452079773, -4.70638370514, 16.5648765564], [-283.781280518, -48.3316078186, 135.721511841, 39.818813324, 153.675735474, 26.2548351288, 9.36864089966, -7.68800640106, 19.0851688385, 30.2173671722, -8.48105239868, 3.80165910721, 5.226146698], [-186.688796997, -4.84596347809, 61.5647354126, -16.6679115295, 26.2548351288, 159.670608521, 83.1084289551, 27.4520969391, -8.84565544128, -5.22536659241, 41.1908378601, -2.46394133568, -9.41048145294], [-129.914489746, 13.7534809113, 13.4377441406, -52.2445678711, 9.36864089966, 83.1084289551, 127.12286377, 53.1966629028, -7.25449037552, -15.067191124, 29.4570579529, 16.464761734, -6.44445133209], [-55.1491966248, 4.97837209702, 20.7712078094, -19.8666591644, -7.68800640106, 27.4520969391, 53.1966629028, 87.5487213135, 12.5536527634, -16.1465358734, 11.0317163467, 13.8514585495, 10.5906877518], [-76.6533432007, -20.2921180725, 20.8818969727, 43.2205963135, 19.0851688385, -8.84565544128, -7.25449037552, 12.5536527634, 53.6164321899, 28.3171863556, -1.06172776222, 1.23811662197, 10.2224283218], [-19.5311985016, 10.3488273621, 25.4005870819, 12.2696228027, 30.2173671722, -5.22536659241, -15.067191124, -16.1465358734, 28.3171863556, 74.8120727539, 17.3582897186, -3.30133509636, 0.452401340008], [-90.5693511963, 44.0328598022, 13.6824874878, -37.5452079773, -8.48105239868, 41.1908378601, 29.4570579529, 11.0317163467, -1.06172776222, 17.3582897186, 65.3391647339, 15.503153801, 0.255907297134], [17.8468818665, 4.48592281342, -9.08629798889, -4.70638370514, 3.80165910721, -2.46394133568, 16.464761734, 13.8514585495, 1.23811662197, -3.30133509636, 15.503153801, 57.0501480103, 17.4891033173], [-81.985168457, 3.26303672791, 24.2197418213, 16.5648765564, 5.226146698, -9.41048145294, -6.44445133209, 10.5906877518, 10.2224283218, 0.452401340008, 0.255907297134, 17.4891033173, 46.8961029053]],
        "icov": [[0.00145389128011, -0.00114555016626, 0.00144520914182, -0.000999280484393, 0.00146176433191, -0.000259485503193, 0.00124251644593, -0.00127315602731, 0.00254665385, -0.00221293582581, 0.00306773954071, -0.00223660166375, 0.00275491457433], [-0.00114555016626, 0.00627508806065, -0.0015815886436, 0.00183223350905, 0.000358788180165, 0.00148402864579, -0.00153355230577, 0.0010140867671, -0.000211504753679, 0.000429412903031, -0.0055107162334, 0.00254854816012, -0.00333002535626], [0.00144520914182, -0.0015815886436, 0.00627476582304, 0.0013202134287, -0.00334500637837, -0.00224518403411, 0.00360984588042, -0.00257680984214, 0.000617892306764, -0.00126414629631, 0.00272178603336, -0.000307432375848, -9.28276640479e-05], [-0.000999280484393, 0.00183223350905, 0.0013202134287, 0.00816702097654, -0.00373706175014, -0.00236234907061, 0.0026199023705, 0.00149064755533, -0.00756550347432, 0.00284036318772, 8.81417145138e-05, 0.00176994234789, -0.00451410096139], [0.00146176433191, 0.000358788180165, -0.00334500637837, -0.00373706175014, 0.014862918295, -0.000416518916609, -0.00233759894036, 0.00126279017422, 0.00392081076279, -0.00748213473707, 0.00675954995677, -0.00571473268792, 0.00454362016171], [-0.000259485503193, 0.00148402864579, -0.00224518403411, -0.00236234907061, -0.000416518916609, 0.0134987980127, -0.00853535439819, 0.000861218897626, 0.00276788137853, 0.0015813576756, -0.00854105409235, 0.0044472287409, 0.000594326353166], [0.00124251644593, -0.00153355230577, 0.00360984588042, 0.0026199023705, -0.00233759894036, -0.00853535439819, 0.0201013293117, -0.00935368612409, 0.00134001905099, -6.20887367404e-05, 0.00237863929942, -0.00530493771657, 0.00458551198244], [-0.00127315602731, 0.0010140867671, -0.00257680984214, 0.00149064755533, 0.00126279017422, 0.000861218897626, -0.00935368612409, 0.0208529569209, -0.0109560657293, 0.00723066646606, -0.00298912986182, 0.000743685523048, -0.00539721222594], [0.00254665385, -0.000211504753679, 0.000617892306764, -0.00756550347432, 0.00392081076279, 0.00276788137853, 0.00134001905099, -0.0109560657293, 0.0390783660114, -0.0179585888982, 0.00537824910134, -0.00327176810242, 0.00244266423397], [-0.00221293582581, 0.000429412903031, -0.00126414629631, 0.00284036318772, -0.00748213473707, 0.0015813576756, -6.20887367404e-05, 0.00723066646606, -0.0179585888982, 0.027655068785, -0.0137346507981, 0.00627177068964, -0.00335549213924], [0.00306773954071, -0.0055107162334, 0.00272178603336, 8.81417145138e-05, 0.00675954995677, -0.00854105409235, 0.00237863929942, -0.00298912986182, 0.00537824910134, -0.0137346507981, 0.0353369489312, -0.0134066445753, 0.00661155069247], [-0.00223660166375, 0.00254854816012, -0.000307432375848, 0.00176994234789, -0.00571473268792, 0.0044472287409, -0.00530493771657, 0.000743685523048, -0.00327176810242, 0.00627177068964, -0.0134066445753, 0.0283454954624, -0.0137666547671], [0.00275491457433, -0.00333002535626, -9.28276640479e-05, -0.00451410096139, 0.00454362016171, 0.000594326353166, 0.00458551198244, -0.00539721222594, 0.00244266423397, -0.00335549213924, 0.00661155069247, -0.0137666547671, 0.0340739004314]]
    }
}

}