{
"metadata": {
    "version": {
        "essentia": "2.0.1",
        "extractor": "archive-music 1.0 mod ismir14"
    },
    "audio_properties": {
        "analysis_sample_rate": 44100,
        "bitrate": 32,
        "channels": 2,
        "equal_loudness": 0,
        "length": 30.0408172607,
        "replay_gain": -14.3674125671,
        "downmix": "mix"
    },
    "tags": {
        "track": 0,
        "year": 0,
        "album": "",
        "artist": "",
        "comment": "",
        "genre": "",
        "title": ""
    }
},
"rhythm": {
    "bpm": 109.314041138,
    "bpm_histogram_first_peak": 110,
    "bpm_histogram_first_peak_spread": 0.396226406097,
    "bpm_histogram_first_peak_weight": 0.603773593903,
    "bpm_histogram_second_peak": 0,
    "bpm_histogram_second_peak_spread": 0,
    "bpm_histogram_second_peak_weight": 0
},
"tonal": {
    "tuning_frequency": {
        "dmean": 0.242754340172,
        "dmean2": 0.459911853075,
        "dvar": 0.737529933453,
        "dvar2": 1.7787771225,
        "max": 446.142181396,
        "mean": 441.286560059,
        "median": 441.272583008,
        "min": 437.971466064,
        "var": 2.55735015869
    },
    "hpcp": {
        "dmean": [0.108149267733, 0.0897069051862, 0.0372502319515, 0.152322083712, 0.0380302667618, 0.140557512641, 0.0342364422977, 0.0993305742741, 0.126496493816, 0.0315955765545, 0.171776115894, 0.066662825644],
        "dmean2": [0.203001230955, 0.159643381834, 0.0687992945313, 0.258188664913, 0.0665756985545, 0.230388641357, 0.061690337956, 0.166355967522, 0.22707913816, 0.0594691857696, 0.288529068232, 0.12523457408],
        "dvar": [0.0393998026848, 0.0546277314425, 0.00255610770546, 0.0680308938026, 0.0102576073259, 0.0452852584422, 0.00598132703453, 0.0311993025243, 0.0331540592015, 0.00403825612739, 0.0670782625675, 0.0208923853934],
        "dvar2": [0.0961196050048, 0.106100261211, 0.00639534229413, 0.157608538866, 0.0277772191912, 0.0998563244939, 0.0162441805005, 0.0800704285502, 0.0691012144089, 0.0116407787427, 0.142032504082, 0.0580886416137],
        "max": [1, 1, 0.225898340344, 1, 1, 1, 0.679124951363, 1, 1, 0.521342396736, 1, 0.92310076952],
        "mean": [0.159798830748, 0.246570721269, 0.0297885406762, 0.462179630995, 0.0310002230108, 0.25229844451, 0.027701176703, 0.101120367646, 0.228454336524, 0.0240274127573, 0.222542539239, 0.0451262369752],
        "median": [0.0402447059751, 0.0178226735443, 0.0114717697725, 0.287212669849, 0.00965891778469, 0.070747345686, 0.00987087655813, 0.0227519720793, 0.104046225548, 0.00961455143988, 0.0855957716703, 0.0108473077416],
        "min": [8.41365690576e-05, 0.000244333059527, 0.000154246299644, 0.000865475798491, 0.000225524185225, 0.000472713814816, 0.000173916603671, 0.000883907021489, 0.000660079298541, 5.87751928833e-05, 0.000551254895981, 0.000395752431359],
        "var": [0.0761275142431, 0.165546730161, 0.00212970701978, 0.193954959512, 0.0077371802181, 0.123480953276, 0.00397125910968, 0.0365641601384, 0.0915268063545, 0.00235913018696, 0.0991626828909, 0.0131360255182]
    }
},
"lowlevel": {
    "melbands": {
        "dmean": [0.000141816839459, 0.000270016083959, 0.000171135703567, 0.000108884138172, 4.40587500634e-05, 5.81735985179e-05, 2.57286519627e-05, 3.86668216379e-05, 5.86025307712e-05, 4.33290624642e-05, 1.01153518699e-05, 1.10083446998e-05, 7.7660097304e-06, 7.60887587603e-06, 6.41201586404e-06, 6.92228059052e-06, 6.35431615592e-06, 6.95895596436e-06, 3.79445009457e-06, 5.37444248039e-06, 2.40613780988e-06, 1.63525328389e-06, 1.79952292001e-06, 1.10743542336e-06, 6.59132865621e-07, 4.57678424937e-07, 2.91253087426e-07, 2.16764760808e-07, 2.39106952904e-07, 1.77069082952e-07, 1.46643287735e-07, 1.52540181375e-07, 1.43667875818e-07, 1.15426985303e-07, 9.68278399682e-08, 8.73048477956e-08, 7.10137868509e-08, 4.62072584639e-08, 3.55127944829e-08, 3.19502078128e-08],
        "dmean2": [0.00026224143221, 0.000455538305687, 0.000281581626041, 0.000186044635484, 7.00729797245e-05, 0.00010178356024, 4.37135022366e-05, 6.46209882689e-05, 9.7432435723e-05, 7.0437839895e-05, 1.83826832654e-05, 2.03846921067e-05, 1.41105838338e-05, 1.3806719835e-05, 1.11573745016e-05, 1.22335131891e-05, 1.12448378786e-05, 1.22525243569e-05, 6.60895875626e-06, 7.89335899753e-06, 4.07094330512e-06, 2.89912418339e-06, 2.73575960819e-06, 1.70872795024e-06, 1.16753892598e-06, 8.26299242362e-07, 5.39751795259e-07, 4.00528222144e-07, 4.31085766195e-07, 3.22105336181e-07, 2.6828425348e-07, 2.83000701984e-07, 2.66750447508e-07, 2.15618641164e-07, 1.80580656206e-07, 1.67636926562e-07, 1.37577501391e-07, 8.88493829621e-08, 6.78799310094e-08, 6.13178769981e-08],
        "dvar": [4.24337009974e-08, 8.54313739751e-08, 3.68749759616e-08, 1.15471943118e-08, 1.48900480834e-09, 7.58160911829e-09, 1.11856335305e-09, 4.26878932203e-09, 1.1149301038e-08, 7.38847116821e-09, 6.24330198651e-10, 1.0514766835e-09, 3.88541254726e-10, 1.73293240868e-10, 1.60180355091e-10, 1.99243094245e-10, 1.43088249582e-10, 2.21343068874e-10, 4.4043456382e-11, 2.19401843915e-10, 1.55882806663e-11, 5.44296508906e-12, 1.06933698008e-11, 3.18516892549e-12, 8.37905970736e-13, 3.14230005948e-13, 9.74320857284e-14, 5.9206058025e-14, 8.63409550019e-14, 4.84919518277e-14, 3.4679466872e-14, 4.80384808809e-14, 5.42834820063e-14, 5.17829458783e-14, 6.97210775983e-14, 1.04910912314e-13, 7.95981322846e-14, 2.43065404636e-14, 1.13127712967e-14, 1.19220598834e-14],
        "dvar2": [1.14884002755e-07, 2.15704886841e-07, 8.69971472639e-08, 3.1173033932e-08, 3.56065843476e-09, 2.02787706627e-08, 2.31487273794e-09, 1.08065112414e-08, 3.33601164471e-08, 1.79071264483e-08, 1.86470661134e-09, 3.07245318076e-09, 1.10769149408e-09, 4.9614251596e-10, 4.53096726805e-10, 5.2676396578e-10, 3.67962271763e-10, 6.02588867693e-10, 1.19904072782e-10, 3.15357767677e-10, 3.45021060333e-11, 1.66118837436e-11, 1.93387476172e-11, 5.55170709751e-12, 2.13067866302e-12, 8.48617508729e-13, 2.64019817293e-13, 1.46604814876e-13, 2.18522980744e-13, 1.17520468183e-13, 9.00697431135e-14, 1.29320138582e-13, 1.50574810866e-13, 1.48783735983e-13, 2.05039463056e-13, 3.11807762769e-13, 2.36543288212e-13, 7.14770514369e-14, 3.30887559377e-14, 3.50319952084e-14],
        "max": [0.000889584305696, 0.0018513671821, 0.00177430070471, 0.000655152543914, 0.000257611594861, 0.000469070131658, 0.000175344117451, 0.000431247288361, 0.000792348699179, 0.000671667687129, 0.000181129929842, 0.000281716580503, 0.000157820410095, 8.42734370963e-05, 9.93331268546e-05, 9.59316894296e-05, 8.37775951368e-05, 0.000126777638798, 4.10553911934e-05, 0.000200323484023, 4.3581603677e-05, 1.37163578984e-05, 2.69523370662e-05, 1.69253235072e-05, 5.28142754774e-06, 3.4315380617e-06, 1.42555518323e-06, 1.16413491469e-06, 1.99457440431e-06, 1.03563672837e-06, 8.62366277943e-07, 1.25936480799e-06, 1.68497513187e-06, 1.82836470231e-06, 2.368675041e-06, 2.96829716717e-06, 2.58892123384e-06, 1.42725241403e-06, 9.6990891052e-07, 1.00868669506e-06],
        "mean": [0.000151697007823, 0.000663489976432, 0.000476844055811, 0.000176855624886, 7.39439346944e-05, 6.79753939039e-05, 3.44652617059e-05, 4.22301563958e-05, 6.06405337749e-05, 4.31805128756e-05, 9.08152105694e-06, 9.83903191809e-06, 6.3578049776e-06, 6.33429999652e-06, 5.9323961068e-06, 6.58124690744e-06, 6.23175583314e-06, 6.1984014792e-06, 3.44156410392e-06, 6.54148470858e-06, 2.83524309452e-06, 1.96868541025e-06, 2.59788816948e-06, 1.53082919496e-06, 7.72878195221e-07, 4.86707392611e-07, 2.70928637747e-07, 1.85533977515e-07, 2.07424534437e-07, 1.48046851223e-07, 1.16969353314e-07, 1.18211879396e-07, 1.08601120985e-07, 8.51045172112e-08, 7.24834592347e-08, 6.06895724786e-08, 4.78499657675e-08, 3.15968442521e-08, 2.48509408607e-08, 2.2431033031e-08],
        "median": [0.0001059541828, 0.000668773427606, 0.000461712479591, 0.000149011990288, 5.67259376112e-05, 2.651068462e-05, 1.98698762688e-05, 2.0332121494e-05, 2.33002247114e-05, 1.07527876025e-05, 3.75313675249e-06, 4.29265128332e-06, 2.4006158128e-06, 1.88516594335e-06, 2.28495514421e-06, 2.13129487747e-06, 2.09165841625e-06, 1.72255136022e-06, 1.1705635643e-06, 1.04804769308e-06, 1.17904824037e-06, 9.99596750262e-07, 7.54923178192e-07, 5.414473776e-07, 3.9309514932e-07, 2.65425654788e-07, 1.42324793728e-07, 8.77791777043e-08, 9.71914531078e-08, 4.68665461995e-08, 4.20322052719e-08, 4.02304571878e-08, 3.79886877511e-08, 2.83524972389e-08, 2.3525965176e-08, 1.8447126493e-08, 1.28140893452e-08, 9.83628556384e-09, 8.69248939495e-09, 7.49131068289e-09],
        "min": [1.23643894767e-06, 1.39137603128e-06, 2.48475680564e-06, 7.66225002735e-06, 5.19753484696e-06, 8.09797654711e-07, 7.02844829448e-07, 2.02916456971e-08, 3.46107185578e-07, 8.59462190306e-08, 2.33028245589e-08, 1.48134553513e-08, 2.91876496306e-08, 1.34828237464e-08, 1.06080042528e-08, 4.36366009993e-09, 8.09334643748e-09, 8.50902459604e-09, 7.00906355178e-09, 9.27090049174e-09, 5.72253222586e-09, 4.65471972078e-09, 4.35240998797e-09, 2.99102520529e-09, 2.32632757502e-09, 1.93386151537e-09, 6.06189543007e-10, 2.95411611839e-10, 2.64735650068e-10, 1.84632018008e-10, 6.30632560061e-11, 2.68176297141e-11, 1.00830082131e-11, 3.63250206824e-12, 2.39776102619e-12, 1.78504639455e-12, 2.08193900487e-12, 1.50436325723e-12, 1.2368713909e-12, 9.84880146188e-13],
        "var": [3.12014449833e-08, 1.76926377549e-07, 6.97215583045e-08, 1.56336401602e-08, 3.24844795507e-09, 8.6210469874e-09, 1.53362744726e-09, 4.48941062103e-09, 9.97848470519e-09, 9.46923961465e-09, 4.11851497351e-10, 6.36175390145e-10, 2.51384246752e-10, 1.38900224655e-10, 1.28818303247e-10, 1.62987498498e-10, 1.40850733854e-10, 1.7252035911e-10, 3.71626722451e-11, 5.02169694716e-10, 2.45868117532e-11, 6.85673653272e-12, 2.77151305378e-11, 8.62352290271e-12, 1.07116746029e-12, 3.75964884225e-13, 9.53421776207e-14, 5.24692289128e-14, 7.85543166431e-14, 4.49375102017e-14, 2.76189373428e-14, 3.44700464461e-14, 3.64419493117e-14, 3.16896879018e-14, 3.94868972318e-14, 5.57558861548e-14, 4.19743958287e-14, 1.31993050997e-14, 6.30421973983e-15, 6.5432384615e-15]
    },
    "mfcc": {
        "dmean": [44.4065513611, 23.9875030518, 18.9397659302, 11.0690593719, 9.94311523438, 8.30532646179, 7.99129390717, 6.90304231644, 6.29238462448, 6.87016296387, 5.56164932251, 5.62980127335, 5.04053163528],
        "dmean2": [71.9281845093, 39.6022758484, 30.0894832611, 17.9677429199, 15.4807767868, 13.4725170135, 11.8791093826, 11.1994190216, 10.6364459991, 10.7986755371, 8.98301029205, 8.89525032043, 7.88870382309],
        "dvar": [1350.54394531, 376.793121338, 245.68977356, 94.7406387329, 76.7744293213, 42.7841720581, 44.2337265015, 28.6113128662, 24.605386734, 38.700302124, 23.7141532898, 19.3327884674, 19.5138511658],
        "dvar2": [3481.875, 1033.42675781, 668.942810059, 209.155471802, 187.005325317, 100.912765503, 110.742469788, 72.9428482056, 74.7720489502, 66.3563995361, 61.6765518188, 51.863948822, 47.3662567139],
        "max": [-666.405578613, 226.722717285, 98.3677368164, 72.2388916016, 44.7674865723, 35.1835098267, 24.4261703491, 26.1621303558, 16.9823913574, 30.193025589, 20.502243042, 20.7073440552, 7.79862213135],
        "mean": [-768.46307373, 162.371688843, 8.38740444183, 29.6181259155, 15.5216779709, 6.96497774124, -4.74531173706, 3.99965143204, 0.0431622713804, 2.61054849625, 2.50119924545, -1.05876529217, -5.64917516708],
        "median": [-762.149230957, 167.429397583, 8.65454101562, 26.9025154114, 15.8956680298, 6.83565139771, -3.68045806885, 3.46797943115, 0.158950805664, 2.67877960205, 1.47137832642, -1.30370330811, -5.2212600708],
        "min": [-965.744750977, 53.250289917, -82.1268463135, -14.660243988, -18.2017478943, -26.6302452087, -38.5275497437, -20.4165649414, -21.8539085388, -19.3654060364, -10.2366313934, -15.2966747284, -22.3005638123],
        "var": [3218.12426758, 737.108459473, 802.31060791, 318.217834473, 169.904037476, 124.02230835, 137.875686646, 68.9311523438, 43.4046821594, 89.263923645, 52.8593215942, 41.1474380493, 35.1837882996],
        "cov": [[3237.98925781, -802.329345703, -573.716125488, 24.04986763, -114.313575745, -38.6893997192, -132.47026062, 17.7509498596, -27.4405536652, -15.3669643402, -17.1827373505, -16.4035358429, -35.8673095703], [-802.329345703, 741.658508301, -270.286712646, -240.182098389, -24.0017471313, -78.0585174561, 51.7551498413, -40.1718635559, -19.6600875854, 40.1809082031, 51.8656387329, 16.6541690826, -0.0215461030602], [-573.716125488, -270.286712646, 807.263183594, 170.715332031, -48.2926979065, 165.995483398, 102.351005554, 58.5052490234, 8.05013084412, -49.0409355164, -37.4221496582, 0.0122650992125, 15.0166769028], [24.04986763, -240.182098389, 170.715332031, 320.182159424, 96.4059448242, 8.3418636322, -93.0332565308, 26.0639953613, 31.4130191803, -45.9836616516, -41.8522148132, 1.30104482174, 10.947385788], [-114.313575745, -24.0017471313, -48.2926979065, 96.4059448242, 170.952819824, -15.3314390182, -57.1017494202, 2.83968448639, 7.67940330505, 15.8668842316, 10.6232995987, 9.52003002167, 2.51758098602], [-38.6893997192, -78.0585174561, 165.995483398, 8.3418636322, -15.3314390182, 124.787879944, 67.420715332, 10.8333845139, -1.14744901657, 5.00641489029, 10.6297950745, 6.98647117615, -5.40595197678], [-132.47026062, 51.7551498413, 102.351005554, -93.0332565308, -57.1017494202, 67.420715332, 138.726760864, 20.7142009735, -18.296749115, 18.4532585144, 26.9538536072, 13.0739402771, -0.446283370256], [17.7509498596, -40.1718635559, 58.5052490234, 26.0639953613, 2.83968448639, 10.8333845139, 20.7142009735, 69.3566513062, 6.69048023224, -9.31753349304, 9.81144237518, 20.3883018494, 1.22821521759], [-27.4405536652, -19.6600875854, 8.05013084412, 31.4130191803, 7.67940330505, -1.14744901657, -18.296749115, 6.69048023224, 43.6726150513, 14.4294986725, -10.027215004, -2.64193868637, 0.868340313435], [-15.3669643402, 40.1809082031, -49.0409355164, -45.9836616516, 15.8668842316, 5.00641489029, 18.4532585144, -9.31753349304, 14.4294986725, 89.8149337769, 40.5682525635, -8.32603549957, -21.5692672729], [-17.1827373505, 51.8656387329, -37.4221496582, -41.8522148132, 10.6232995987, 10.6297950745, 26.9538536072, 9.81144237518, -10.027215004, 40.5682525635, 53.1856117249, 14.2808456421, -13.3456115723], [-16.4035358429, 16.6541690826, 0.0122650992125, 1.30104482174, 9.52003002167, 6.98647117615, 13.0739402771, 20.3883018494, -2.64193868637, -8.32603549957, 14.2808456421, 41.4014320374, 13.5399503708], [-35.8673095703, -0.0215461030602, 15.0166769028, 10.947385788, 2.51758098602, -5.40595197678, -0.446283370256, 1.22821521759, 0.868340313435, -21.5692672729, -13.3456115723, 13.5399503708, 35.400970459]],
        "icov": [[0.00105838815216, 0.00162055657711, 0.00146825728007, -3.08795679302e-05, 0.00152060226537, -0.000641323218588, 0.000620112172328, -0.000849598494824, 0.00150029035285, -0.000602775253356, 0.000353896844899, -0.000463100528577, 0.000197744113393], [0.00162055657711, 0.00467616552487, 0.00236039375886, 0.00122043956071, 0.00175312662032, 0.000806614581961, -0.000373930786736, 0.000337093602866, 0.000769004109316, 0.00036409223685, -0.00145201478153, -0.00138362543657, 0.000432967877714], [0.00146825728007, 0.00236039375886, 0.00455793971196, -0.00176588143222, 0.00289043691009, -0.00311638135463, -0.000912188086659, -0.00233885576017, 0.00259401719086, -0.000976208015345, 0.00184692756739, 0.00054182781605, -0.000679499469697], [-3.08795679302e-05, 0.00122043956071, -0.00176588143222, 0.00816413294524, -0.00364489341155, -0.00018594856374, 0.00422876002267, -0.00112224312034, -0.00330605637282, 0.00276852119714, 0.000453643879155, -0.000722570926882, 0.000732201326173], [0.00152060226537, 0.00175312662032, 0.00289043691009, -0.00364489341155, 0.0116517040879, -0.00233632302843, 0.00419419165701, -0.00220364285633, 0.0052397986874, -0.00508691836149, -0.000746582983993, -0.00219814665616, -0.00228193379007], [-0.000641323218588, 0.000806614581961, -0.00311638135463, -0.00018594856374, -0.00233632302843, 0.0170351248235, -0.00887188781053, 0.00574217690155, -0.00558311212808, 0.00355653185397, -0.00478685786948, -0.00243534427136, 0.00461738323793], [0.000620112172328, -0.000373930786736, -0.000912188086659, 0.00422876002267, 0.00419419165701, -0.00887188781053, 0.0204770155251, -0.00727076595649, 0.0082293394953, -0.00610473426059, 0.000629562535323, -0.00152595469262, -0.00453577982262], [-0.000849598494824, 0.000337093602866, -0.00233885576017, -0.00112224312034, -0.00220364285633, 0.00574217690155, -0.00727076595649, 0.0245367269963, -0.011264427565, 0.00891829561442, -0.0100970715284, -0.00792867783457, 0.00550536531955], [0.00150029035285, 0.000769004109316, 0.00259401719086, -0.00330605637282, 0.0052397986874, -0.00558311212808, 0.0082293394953, -0.011264427565, 0.0422967150807, -0.0219519510865, 0.0222192108631, -0.00521709304303, -0.00332889496349], [-0.000602775253356, 0.00036409223685, -0.000976208015345, 0.00276852119714, -0.00508691836149, 0.00355653185397, -0.00610473426059, 0.00891829561442, -0.0219519510865, 0.0333281047642, -0.0284700337797, 0.0109988637269, 0.00537117663771], [0.000353896844899, -0.00145201478153, 0.00184692756739, 0.000453643879155, -0.000746582983993, -0.00478685786948, 0.000629562535323, -0.0100970715284, 0.0222192108631, -0.0284700337797, 0.0596551187336, -0.022443626076, 0.0122960899025], [-0.000463100528577, -0.00138362543657, 0.00054182781605, -0.000722570926882, -0.00219814665616, -0.00243534427136, -0.00152595469262, -0.00792867783457, -0.00521709304303, 0.0109988637269, -0.022443626076, 0.045889031142, -0.0196190066636], [0.000197744113393, 0.000432967877714, -0.000679499469697, 0.000732201326173, -0.00228193379007, 0.00461738323793, -0.00453577982262, 0.00550536531955, -0.00332889496349, 0.00537117663771, 0.0122960899025, -0.0196190066636, 0.0446228571236]]
    }
}

}