{
"metadata": {
    "version": {
        "essentia": "2.0.1",
        "extractor": "archive-music 1.0 mod ismir14"
    },
    "audio_properties": {
        "analysis_sample_rate": 44100,
        "bitrate": 96,
        "channels": 2,
        "equal_loudness": 0,
        "length": 30.0669155121,
        "replay_gain": -13.4713459015,
        "downmix": "mix"
    },
    "tags": {
        "track": 0,
        "year": 0,
        "album": "",
        "artist": "",
        "comment": "",
        "genre": "",
        "title": ""
    }
},
"rhythm": {
    "bpm": 88.4114303589,
    "bpm_histogram_first_peak": 89,
    "bpm_histogram_first_peak_spread": 0.292683005333,
    "bpm_histogram_first_peak_weight": 0.674418568611,
    "bpm_histogram_second_peak": 83,
    "bpm_histogram_second_peak_spread": 0,
    "bpm_histogram_second_peak_weight": 0.0232558138669
},
"tonal": {
    "tuning_frequency": {
        "dmean": 0.315662562847,
        "dmean2": 0.597495615482,
        "dvar": 4.41032123566,
        "dvar2": 10.8196630478,
        "max": 455.516601562,
        "mean": 438.090820312,
        "median": 438.984558105,
        "min": 431.443084717,
        "var": 35.9715423584
    },
    "hpcp": {
        "dmean": [0.171732082963, 0.169320464134, 0.163381844759, 0.23297342658, 0.088771507144, 0.150217577815, 0.204720556736, 0.247885733843, 0.158976778388, 0.132188558578, 0.258527636528, 0.0736666992307],
        "dmean2": [0.289175152779, 0.300041288137, 0.285766869783, 0.410661220551, 0.158379539847, 0.25499433279, 0.354613006115, 0.416668653488, 0.270447582006, 0.234495699406, 0.438031166792, 0.12952272594],
        "dvar": [0.0419674925506, 0.0610068403184, 0.056177970022, 0.0764172375202, 0.0209735110402, 0.0502205900848, 0.0616611205041, 0.0691446214914, 0.0478936806321, 0.0367595180869, 0.0718903392553, 0.0186493843794],
        "dvar2": [0.101652778685, 0.157707571983, 0.133091151714, 0.178284645081, 0.0580354966223, 0.105196781456, 0.149816468358, 0.164803177118, 0.114301539958, 0.0983875021338, 0.150528118014, 0.0495015345514],
        "max": [1, 1, 1, 1, 1, 1, 1, 1, 1, 1, 1, 1],
        "mean": [0.240149661899, 0.147725597024, 0.167755693197, 0.276134461164, 0.0777200162411, 0.257956832647, 0.278698801994, 0.332429587841, 0.190747871995, 0.118978448212, 0.619148433208, 0.0736773908138],
        "median": [0.134707137942, 0.042274300009, 0.0588091500103, 0.120549097657, 0.0274523105472, 0.0871290713549, 0.14844751358, 0.208022415638, 0.0699487626553, 0.0456683449447, 0.667447209358, 0.0312292613089],
        "min": [0, 0, 0.00092021364253, 0, 0, 0.00234978552908, 0, 0, 0.00046746051521, 0, 0, 0],
        "var": [0.0712585374713, 0.0561437904835, 0.0642114207149, 0.104729019105, 0.0173665229231, 0.113820642233, 0.102241963148, 0.110396407545, 0.0729738324881, 0.035275850445, 0.129397735, 0.0165641400963]
    }
},
"lowlevel": {
    "melbands": {
        "dmean": [4.65148259536e-05, 0.000209624427953, 0.000215495121665, 0.000105435210571, 6.61216472508e-05, 0.00011685773643, 0.000127780294861, 0.000129396285047, 0.000127928302391, 6.78225405863e-05, 4.98284425703e-05, 2.93300690828e-05, 2.36816249526e-05, 1.51673430082e-05, 2.43084996328e-05, 1.42596009027e-05, 1.5696603441e-05, 1.24383877846e-05, 9.7822958196e-06, 8.75392015587e-06, 6.9595162131e-06, 6.98441635905e-06, 8.61388707563e-06, 9.33763203648e-06, 7.0333048825e-06, 5.37945152246e-06, 4.41484007752e-06, 2.49247864303e-06, 1.37380379783e-06, 1.17103274988e-06, 8.76950082329e-07, 5.07312108766e-07, 2.43598947236e-07, 1.85669378538e-07, 1.71325339693e-07, 1.29022623696e-07, 7.91536862721e-08, 3.32023404326e-08, 5.91799365068e-09, 2.94658797362e-10],
        "dmean2": [6.86419225531e-05, 0.000330086040776, 0.000343199179042, 0.000140754680615, 0.000107294727059, 0.000190179140191, 0.000208857687539, 0.000219213674427, 0.00018532879767, 9.88197425613e-05, 7.30139217922e-05, 4.71282255603e-05, 3.6206391087e-05, 2.38778029598e-05, 3.77941105398e-05, 2.08710443985e-05, 2.35400912061e-05, 1.9757737391e-05, 1.55846955749e-05, 1.35516083901e-05, 1.101302405e-05, 1.05982035166e-05, 1.2358242202e-05, 1.34859628815e-05, 1.0912702237e-05, 7.88796569395e-06, 6.7405471782e-06, 3.91946468881e-06, 2.17867341235e-06, 1.85611418146e-06, 1.34926756346e-06, 7.9170644085e-07, 3.84877523629e-07, 2.96742285855e-07, 2.72057377515e-07, 2.06643406386e-07, 1.29992940856e-07, 5.4896219126e-08, 9.81856818072e-09, 4.8113341089e-10],
        "dvar": [3.37902661407e-09, 9.0852516621e-08, 7.33629974548e-08, 2.78445977386e-08, 8.36389890679e-09, 2.06888213228e-08, 3.17386401605e-08, 5.44163327731e-08, 4.72007641861e-08, 2.29718821743e-08, 6.5984688824e-09, 1.02837969251e-08, 5.93418914008e-09, 1.46117717925e-09, 4.40039071847e-09, 1.32954869336e-09, 2.20191331834e-09, 6.93977986188e-10, 4.55129101073e-10, 6.43316289128e-10, 1.97289851123e-10, 1.87530782569e-10, 2.99464869569e-10, 4.03144961858e-10, 2.10761796904e-10, 1.0235139819e-10, 1.22842097605e-10, 4.74175317067e-11, 6.10793924119e-12, 7.57941626128e-12, 4.98350753025e-12, 1.44586816478e-12, 1.80936930477e-13, 6.78965821825e-14, 6.34008497829e-14, 2.66382612312e-14, 1.10499378202e-14, 3.18984285837e-15, 9.16306544229e-17, 2.02679386754e-19],
        "dvar2": [5.64097346611e-09, 1.9668557627e-07, 1.63206038906e-07, 4.78718540364e-08, 2.08561701243e-08, 5.03137655983e-08, 8.18939867031e-08, 1.45277851971e-07, 7.25516215994e-08, 3.61364698165e-08, 1.29288357797e-08, 2.41805686585e-08, 1.19911840457e-08, 2.99442515228e-09, 9.74348957072e-09, 2.59569565841e-09, 5.16497911107e-09, 1.62955116068e-09, 1.13681786207e-09, 1.63594116032e-09, 4.31009172797e-10, 4.24263152388e-10, 4.87461127019e-10, 8.24865842297e-10, 4.74797645644e-10, 2.10551492907e-10, 2.59015447979e-10, 8.32188831734e-11, 1.43143118886e-11, 1.56444926458e-11, 1.07765515261e-11, 3.2157967695e-12, 3.94748849494e-13, 1.47028304245e-13, 1.45174535371e-13, 6.44219378364e-14, 2.83211039391e-14, 8.5354307308e-15, 2.31540188371e-16, 5.09543929417e-19],
        "max": [0.000800592126325, 0.0031550207641, 0.00242418213747, 0.00228891032748, 0.00122086785268, 0.00124485453125, 0.00138989521656, 0.00164138001855, 0.00377290602773, 0.0025691089686, 0.00114185293205, 0.00111824111082, 0.000982080586255, 0.000511165766511, 0.000893401505891, 0.000564341957215, 0.00071698310785, 0.000327760208165, 0.000206760916626, 0.000413589063101, 0.000144525241922, 0.000125552818645, 0.000183560929145, 0.0002784121898, 0.00021146137442, 0.000124454294564, 0.000157594462507, 9.54510469455e-05, 2.71620065178e-05, 5.53484533157e-05, 3.49101210304e-05, 2.07017565117e-05, 6.23876530881e-06, 3.9112956074e-06, 3.71388114218e-06, 1.88458886896e-06, 1.17668071198e-06, 7.91001014022e-07, 9.40209403666e-08, 4.34379865411e-09],
        "mean": [7.81923736213e-05, 0.0002899444371, 0.000322518841131, 0.00016757506819, 9.12210525712e-05, 0.000166430079844, 0.000164460390806, 0.000122548328363, 0.000197323883185, 0.000100422039395, 7.65159493312e-05, 3.41809281963e-05, 2.71355820587e-05, 1.91429462575e-05, 3.06752554025e-05, 1.77088459168e-05, 1.88294670806e-05, 1.54520512297e-05, 1.09934026113e-05, 9.95137361315e-06, 9.0589037427e-06, 9.17913985177e-06, 1.4038205336e-05, 1.54697463586e-05, 9.83395511867e-06, 8.45844715514e-06, 6.99974589224e-06, 3.93759864892e-06, 2.14290366785e-06, 1.73805960912e-06, 1.41029681799e-06, 8.65453671395e-07, 4.26214711524e-07, 3.31512353569e-07, 3.02594486357e-07, 2.09520720773e-07, 1.28620229134e-07, 5.10229654083e-08, 8.91849349927e-09, 4.42162195746e-10],
        "median": [4.75354754599e-05, 0.000168191792909, 0.000227496420848, 9.42985716392e-05, 5.90462332184e-05, 0.000111756489787, 8.78194987308e-05, 3.91128924093e-05, 8.38556370582e-05, 4.16080401919e-05, 3.73226685042e-05, 9.42043607211e-06, 6.04132492299e-06, 6.22556035523e-06, 1.18672314784e-05, 5.47687523067e-06, 4.68134749099e-06, 3.78140248358e-06, 3.28232476932e-06, 2.16075932258e-06, 2.19365188059e-06, 2.09313361665e-06, 1.86501279131e-06, 1.51472158905e-06, 2.20590254685e-06, 2.36714254243e-06, 1.01115074358e-06, 1.10368898731e-06, 1.09069389964e-06, 6.07157744525e-07, 3.76300846483e-07, 3.29488358375e-07, 2.1068700562e-07, 1.93293161033e-07, 1.69377813108e-07, 1.18747578881e-07, 8.2873313545e-08, 3.20001412035e-08, 5.14515097194e-09, 2.4968946355e-10],
        "min": [4.32883107138e-09, 7.05386860034e-09, 5.13165021587e-09, 2.85704571112e-09, 1.18777010449e-09, 5.33518673684e-10, 3.52051054975e-10, 3.90966287123e-10, 2.2190116411e-10, 5.13437937999e-11, 3.31259932679e-12, 4.9719022302e-12, 4.08593020529e-11, 1.18778861746e-10, 9.28773932762e-11, 4.03332194032e-11, 4.39965876231e-11, 1.89344859236e-11, 3.2762039609e-11, 2.35417917799e-11, 1.77398009477e-11, 1.85201350783e-11, 4.27581720031e-11, 6.77500208712e-11, 3.13881594327e-11, 9.3836986792e-12, 1.33661103019e-11, 1.19152179442e-11, 1.13617891137e-11, 1.8609017105e-11, 1.32397754869e-13, 5.50724353274e-12, 6.69894565167e-12, 1.73180968264e-12, 2.96705563764e-12, 4.25901588302e-12, 2.91989154209e-12, 1.06033964161e-12, 4.54424339954e-13, 1.60424093036e-14],
        "var": [9.59413437585e-09, 1.20676475035e-07, 1.02747101494e-07, 5.906008127e-08, 1.07795949944e-08, 2.76879763561e-08, 3.77231934579e-08, 4.56179414243e-08, 1.76015305442e-07, 5.44682841053e-08, 1.48932910449e-08, 1.10165956357e-08, 8.03310040709e-09, 2.16133844155e-09, 5.36465583068e-09, 1.97184557571e-09, 2.8644404626e-09, 1.30815713817e-09, 4.9451609474e-10, 8.42143133006e-10, 3.45234896226e-10, 3.07274622413e-10, 8.22229007102e-10, 1.13965770154e-09, 4.11702200109e-10, 2.52900228537e-10, 2.85771878383e-10, 9.88639656252e-11, 1.12195903609e-11, 1.55690703385e-11, 9.80867817524e-12, 2.4033190802e-12, 4.3111122853e-13, 1.91975477399e-13, 1.85586287549e-13, 6.1068683476e-14, 1.70286267048e-14, 3.43515101144e-15, 1.24758119607e-16, 3.08649960317e-19]
    },
    "mfcc": {
        "dmean": [28.3860912323, 10.0733394623, 12.104300499, 7.84455871582, 8.38551521301, 6.96632575989, 7.21243238449, 6.8000254631, 5.89765548706, 6.44530487061, 6.02726364136, 5.18892765045, 5.93497133255],
        "dmean2": [40.3218536377, 15.0904912949, 17.2563896179, 11.5366888046, 12.4769611359, 10.3472061157, 10.4041728973, 10.5532884598, 9.17508792877, 10.1719322205, 9.38962650299, 7.94044303894, 9.0979719162],
        "dvar": [894.797851562, 95.4686508179, 101.719619751, 43.4740066528, 47.950466156, 32.6408576965, 37.7237586975, 29.7088012695, 19.6903171539, 24.7384853363, 23.6154289246, 17.0052433014, 23.4683303833],
        "dvar2": [1180.16687012, 186.286026001, 183.432754517, 83.842338562, 102.300727844, 68.3613586426, 72.6911621094, 72.6841049194, 50.5860328674, 56.3289451599, 58.4436569214, 40.347743988, 56.6516304016],
        "max": [-589.430053711, 182.090362549, 36.2511863708, 91.1307754517, 16.7564544678, 36.171257019, 31.7595977783, 36.176864624, 5.9959526062, 42.4373703003, 22.7983436584, 31.8491458893, 9.63319396973],
        "mean": [-698.387878418, 138.343551636, -18.1942806244, 39.8768424988, -21.1133880615, 7.10489320755, -13.9691047668, 8.90150356293, -13.3352813721, 12.9693403244, -4.43098020554, 7.08344125748, -11.6923885345],
        "median": [-707.303833008, 141.811523438, -15.9309310913, 37.8082008362, -21.7280426025, 7.21612930298, -15.0952529907, 8.32057762146, -12.4716529846, 13.5649795532, -4.8768119812, 7.26655769348, -10.0735435486],
        "min": [-1128.87255859, 13.3144340515, -81.5512542725, -2.95598983765, -61.0853042603, -21.9578933716, -43.0233612061, -18.0380859375, -45.0411529541, -27.0798568726, -25.435043335, -19.2125816345, -49.3331832886],
        "var": [2210.79931641, 447.97769165, 469.497558594, 218.322113037, 172.245391846, 117.413375854, 151.279632568, 86.8560256958, 76.2580566406, 87.5363006592, 66.4215087891, 51.8442115784, 89.9115066528],
        "cov": [[2214.2109375, -225.740783691, -698.246520996, 163.342773438, -2.17716312408, -85.341468811, -84.5444946289, 115.581848145, -84.5692214966, -11.1746311188, -52.8236465454, 28.9511413574, -108.240776062], [-225.740783691, 448.669036865, 162.908721924, -161.122848511, -80.320526123, 26.6699619293, -1.25853550434, -76.0941162109, 38.8452758789, 28.9504871368, 27.8800811768, 25.7946529388, 52.7340393066], [-698.246520996, 162.908721924, 470.222076416, -4.97785520554, 13.2140617371, 55.5398025513, 11.5919532776, -15.8624677658, 21.5505046844, 3.78495836258, -1.60197162628, -14.3938980103, 38.9720458984], [163.342773438, -161.122848511, -4.97785520554, 218.6590271, 106.093688965, -49.2711296082, -38.8387336731, 43.2974281311, -15.0721931458, -19.4093322754, -15.1158714294, -14.9979248047, -11.4455699921], [-2.17716312408, -80.320526123, 13.2140617371, 106.093688965, 172.511199951, -7.25996780396, -44.0468177795, 28.1022281647, -8.23253631592, -9.63011455536, -19.6145935059, -11.6089801788, -0.70541280508], [-85.341468811, 26.6699619293, 55.5398025513, -49.2711296082, -7.25996780396, 117.594566345, 75.4943466187, 4.09223365784, -1.65597176552, -19.1563796997, -5.8624548912, -4.33697795868, -21.8967418671], [-84.5444946289, -1.25853550434, 11.5919532776, -38.8387336731, -44.0468177795, 75.4943466187, 151.513092041, 30.1538410187, -25.5423870087, -23.1997032166, -9.65754413605, 2.70371127129, -14.8199443817], [115.581848145, -76.0941162109, -15.8624677658, 43.2974281311, 28.1022281647, 4.09223365784, 30.1538410187, 86.9900665283, -3.27714252472, -25.7842521667, -12.3722963333, -2.931432724, -9.54805850983], [-84.5692214966, 38.8452758789, 21.5505046844, -15.0721931458, -8.23253631592, -1.65597176552, -25.5423870087, -3.27714252472, 76.3757324219, 33.0007781982, 6.16314268112, -0.682630479336, 6.81735801697], [-11.1746311188, 28.9504871368, 3.78495836258, -19.4093322754, -9.63011455536, -19.1563796997, -23.1997032166, -25.7842521667, 33.0007781982, 87.6713867188, 21.1781139374, -0.969772338867, 12.3446712494], [-52.8236465454, 27.8800811768, -1.60197162628, -15.1158714294, -19.6145935059, -5.8624548912, -9.65754413605, -12.3722963333, 6.16314268112, 21.1781139374, 66.5240097046, 19.4713973999, -5.3442029953], [28.9511413574, 25.7946529388, -14.3938980103, -14.9979248047, -11.6089801788, -4.33697795868, 2.70371127129, -2.931432724, -0.682630479336, -0.969772338867, 19.4713973999, 51.9242210388, 27.1207714081], [-108.240776062, 52.7340393066, 38.9720458984, -11.4455699921, -0.70541280508, -21.8967418671, -14.8199443817, -9.54805850983, 6.81735801697, 12.3446712494, -5.3442029953, 27.1207714081, 90.0502548218]],
        "icov": [[0.00276797730476, -0.00240698177367, 0.00435722665861, -0.0040687485598, 0.00357900606468, -0.00417423062027, 0.00539527926594, -0.00597585504875, 0.00531484326348, -0.00458119157702, 0.00522813294083, -0.00424137385562, 0.00341443670914], [-0.00240698177367, 0.00635592639446, -0.00511063169688, 0.00619472796097, -0.00322710350156, 0.0043453797698, -0.0049676829949, 0.00739972246811, -0.00610098987818, 0.00484586879611, -0.00539168994874, 0.00302286283113, -0.00405054399744], [0.00435722665861, -0.00511063169688, 0.00989863928407, -0.00773177761585, 0.00564459804446, -0.00868179742247, 0.00870159361511, -0.00952872540802, 0.00813390314579, -0.00710978498682, 0.00758986128494, -0.0045300507918, 0.00349205569364], [-0.0040687485598, 0.00619472796097, -0.00773177761585, 0.016021836549, -0.00986083783209, 0.0109153101221, -0.00852998718619, 0.00784308183938, -0.00819083955139, 0.0084049385041, -0.00827361270785, 0.00658210692927, -0.00413650460541], [0.00357900606468, -0.00322710350156, 0.00564459804446, -0.00986083783209, 0.0149425361305, -0.00996430963278, 0.0118113588542, -0.0105257397518, 0.00913988333195, -0.00755368173122, 0.0088523523882, -0.0055802683346, 0.00356705253944], [-0.00417423062027, 0.0043453797698, -0.00868179742247, 0.0109153101221, -0.00996430963278, 0.0245394911617, -0.0174444280565, 0.0121093802154, -0.0119043206796, 0.0106390556321, -0.00798595231026, 0.00583828194067, -0.000904909567907], [0.00539527926594, -0.0049676829949, 0.00870159361511, -0.00852998718619, 0.0118113588542, -0.0174444280565, 0.0250025447458, -0.017890041694, 0.0159884374589, -0.0111371520907, 0.0123506709933, -0.00980464275926, 0.00661499705166], [-0.00597585504875, 0.00739972246811, -0.00952872540802, 0.00784308183938, -0.0105257397518, 0.0121093802154, -0.017890041694, 0.0309467446059, -0.0164487566799, 0.0149230025709, -0.0115838702768, 0.00886422023177, -0.00735407881439], [0.00531484326348, -0.00610098987818, 0.00813390314579, -0.00819083955139, 0.00913988333195, -0.0119043206796, 0.0159884374589, -0.0164487566799, 0.0290302969515, -0.0164678078145, 0.0116362273693, -0.0085990363732, 0.00680423574522], [-0.00458119157702, 0.00484586879611, -0.00710978498682, 0.0084049385041, -0.00755368173122, 0.0106390556321, -0.0111371520907, 0.0149230025709, -0.0164678078145, 0.0253729019314, -0.0146223744377, 0.0113794971257, -0.0084484461695], [0.00522813294083, -0.00539168994874, 0.00758986128494, -0.00827361270785, 0.0088523523882, -0.00798595231026, 0.0123506709933, -0.0115838702768, 0.0116362273693, -0.0146223744377, 0.0314899906516, -0.019114555791, 0.0127863669768], [-0.00424137385562, 0.00302286283113, -0.0045300507918, 0.00658210692927, -0.0055802683346, 0.00583828194067, -0.00980464275926, 0.00886422023177, -0.0085990363732, 0.0113794971257, -0.019114555791, 0.0369206480682, -0.0165319144726], [0.00341443670914, -0.00405054399744, 0.00349205569364, -0.00413650460541, 0.00356705253944, -0.000904909567907, 0.00661499705166, -0.00735407881439, 0.00680423574522, -0.0084484461695, 0.0127863669768, -0.0165319144726, 0.0220417100936]]
    }
}

}