{
"metadata": {
    "version": {
        "essentia": "2.0.1",
        "extractor": "archive-music 1.0 mod ismir14"
    },
    "audio_properties": {
        "analysis_sample_rate": 44100,
        "bitrate": 128,
        "channels": 2,
        "equal_loudness": 0,
        "length": 30.0669155121,
        "replay_gain": -13.8431720734,
        "downmix": "mix"
    },
    "tags": {
        "track": 0,
        "year": 0,
        "album": "",
        "artist": "",
        "comment": "",
        "genre": "",
        "title": ""
    }
},
"rhythm": {
    "bpm": 90.2956161499,
    "bpm_histogram_first_peak": 91,
    "bpm_histogram_first_peak_spread": 0.341463446617,
    "bpm_histogram_first_peak_weight": 0.62790697813,
    "bpm_histogram_second_peak": 83,
    "bpm_histogram_second_peak_spread": 0.5,
    "bpm_histogram_second_peak_weight": 0.0232558138669
},
"tonal": {
    "tuning_frequency": {
        "dmean": 0.150551825762,
        "dmean2": 0.282830685377,
        "dvar": 1.47378802299,
        "dvar2": 3.50596094131,
        "max": 456.570251465,
        "mean": 448.518432617,
        "median": 447.174194336,
        "min": 431.193908691,
        "var": 14.888053894
    },
    "hpcp": {
        "dmean": [0.220211192966, 0.122703574598, 0.122219286859, 0.157509893179, 0.247122913599, 0.298146933317, 0.183181643486, 0.220569133759, 0.117529891431, 0.0862413272262, 0.105856962502, 0.127334564924],
        "dmean2": [0.381777405739, 0.232165545225, 0.21047334373, 0.289606243372, 0.44079631567, 0.534976422787, 0.339365810156, 0.386244446039, 0.211045771837, 0.156617134809, 0.184376478195, 0.227714806795],
        "dvar": [0.0791156664491, 0.0541134923697, 0.0356329604983, 0.0692966431379, 0.0902699157596, 0.102733179927, 0.0897207409143, 0.0812395960093, 0.0485641211271, 0.0318471901119, 0.0339972376823, 0.0430457852781],
        "dvar2": [0.162284269929, 0.149687975645, 0.0957552194595, 0.179781734943, 0.219828635454, 0.245115175843, 0.25714841485, 0.198344901204, 0.134007185698, 0.0846286043525, 0.0876712203026, 0.117065772414],
        "max": [1, 1, 1, 1, 1, 1, 1, 1, 1, 1, 1, 1],
        "mean": [0.443699300289, 0.0851159840822, 0.136298626661, 0.140075787902, 0.247314050794, 0.428820937872, 0.13225209713, 0.282605350018, 0.104418091476, 0.0780676230788, 0.0968281254172, 0.115825138986],
        "median": [0.244576603174, 0.015972154215, 0.0448822230101, 0.0247614104301, 0.0789931863546, 0.252056270838, 0.0198850110173, 0.114752262831, 0.0274874698371, 0.0273378863931, 0.0299127362669, 0.0365798734128],
        "min": [0.000989889143966, 0.000443258380983, 0.000488678982947, 0.000244356691837, 0.000985175604001, 0.00102823181078, 0, 0.00153267604765, 0.000535244878847, 0.000643568986561, 0, 0],
        "var": [0.171709463, 0.0363793112338, 0.0473712645471, 0.0718555301428, 0.105013489723, 0.161921069026, 0.0693145915866, 0.117336325347, 0.0421467162669, 0.0246310904622, 0.0316774398088, 0.0375868976116]
    }
},
"lowlevel": {
    "melbands": {
        "dmean": [0.000237434069277, 0.000516924075782, 0.000178752234206, 0.000113221540232, 7.99925110186e-05, 6.01072315476e-05, 8.17494292278e-05, 0.00010637138621, 0.000184259086382, 0.000135930386023, 5.42250709259e-05, 6.994294381e-05, 5.89437331655e-05, 2.92211625492e-05, 5.26615331182e-05, 6.41907172394e-05, 1.3956579096e-05, 9.91737306322e-06, 4.85033024233e-06, 6.12983239989e-06, 9.22689559957e-06, 6.96116921972e-06, 1.35673690238e-05, 1.18827874758e-05, 6.53464121569e-06, 6.4312230279e-06, 5.72158978684e-06, 3.72325052922e-06, 1.67335667811e-06, 1.40617032685e-06, 6.67776816954e-07, 2.83695300141e-07, 1.59110541631e-07, 1.30915495333e-07, 1.2486574974e-07, 9.74153948619e-08, 5.72957361555e-08, 3.64845220702e-08, 1.12227560578e-08, 8.58841164852e-10],
        "dmean2": [0.000405986589612, 0.000795697502326, 0.000285562709905, 0.000176169123733, 0.000130164029542, 8.94931217772e-05, 0.000126265091239, 0.000161205651239, 0.00028349267086, 0.000227956334129, 8.36917897686e-05, 0.000111841749458, 8.3500839537e-05, 4.92030812893e-05, 8.65168331075e-05, 0.000102426514786, 2.29131037486e-05, 1.52893735503e-05, 7.44849967305e-06, 9.79338983598e-06, 1.45607737068e-05, 1.09506445369e-05, 2.14460760617e-05, 1.91245653696e-05, 1.03564771052e-05, 9.82131950877e-06, 8.96914752957e-06, 5.97702592131e-06, 2.65396374743e-06, 2.21217942453e-06, 1.0663957255e-06, 4.46719468528e-07, 2.48821976356e-07, 1.98106562266e-07, 1.94799667952e-07, 1.55796328727e-07, 8.82237429778e-08, 5.67326559064e-08, 1.7491544213e-08, 1.37325872895e-09],
        "dvar": [7.09604321969e-08, 2.17560611304e-07, 3.58982283899e-08, 1.94536067255e-08, 1.65475029235e-08, 7.68022268005e-09, 1.9015308439e-08, 3.26732561007e-08, 1.13472253815e-07, 1.55124041612e-07, 5.57868560236e-08, 4.75810395528e-08, 2.05538217557e-08, 4.8425752297e-09, 1.99542125046e-08, 3.44834205634e-08, 2.54141596656e-09, 6.51351972358e-10, 4.44049033654e-11, 6.42657593808e-11, 1.77515266375e-10, 1.01066259528e-10, 4.2367401254e-10, 3.78428649528e-10, 1.05139619233e-10, 8.9555383942e-11, 8.54742804313e-11, 4.04502646656e-11, 9.07774116293e-12, 7.22496498393e-12, 1.25658739056e-12, 1.31922020508e-13, 3.9037512372e-14, 2.97231653895e-14, 3.07790156751e-14, 1.35374821569e-14, 5.77207891401e-15, 2.33461020867e-15, 2.57729785355e-16, 1.94025283598e-18],
        "dvar2": [2.00210237722e-07, 5.23729738688e-07, 8.03644155667e-08, 4.49639117051e-08, 4.08562890186e-08, 1.57043231752e-08, 3.73570756551e-08, 6.78043576841e-08, 2.4472245741e-07, 3.54645948164e-07, 9.16946234497e-08, 1.25520756455e-07, 3.64138159625e-08, 1.21384813312e-08, 5.25086178982e-08, 8.21660250949e-08, 4.78982764562e-09, 1.40332745424e-09, 9.60510559977e-11, 1.65114297235e-10, 4.30314867073e-10, 2.39942760105e-10, 9.82986803066e-10, 9.3086616193e-10, 2.61353078068e-10, 1.9907983595e-10, 1.98812646901e-10, 1.03823769027e-10, 2.29456419143e-11, 1.75101790706e-11, 3.15615437431e-12, 3.02697239019e-13, 9.36656622489e-14, 7.05514544897e-14, 7.75294542107e-14, 3.05111059302e-14, 1.39965706261e-14, 5.64648129211e-15, 6.2527405713e-16, 5.05527543613e-18],
        "max": [0.00223465566523, 0.00390818808228, 0.00218177423812, 0.00180537102278, 0.00150592019781, 0.00125922984444, 0.00259657204151, 0.00159113050904, 0.00391181139275, 0.0045452285558, 0.00547145213932, 0.00310421176255, 0.0016828404041, 0.00082391576143, 0.00159336102661, 0.00270067900419, 0.000928408349864, 0.000358101940947, 7.92444770923e-05, 5.2312239859e-05, 0.000122731100419, 8.37075567688e-05, 0.000185231081559, 0.00014781113714, 7.89477562648e-05, 8.53989549796e-05, 8.88385256985e-05, 5.35603285243e-05, 2.70208402071e-05, 2.64518857875e-05, 1.02959847936e-05, 4.10103984905e-06, 1.73174009888e-06, 1.85058740954e-06, 2.10292591873e-06, 1.21037498957e-06, 7.94441064045e-07, 4.78331287468e-07, 1.68498203834e-07, 1.55314214823e-08],
        "mean": [0.000405117258197, 0.00105559104122, 0.000345706532244, 0.000160594179761, 0.000106246545329, 8.84972469066e-05, 0.000117883348139, 0.000138993083965, 0.000232111720834, 0.000145616882946, 5.51032826479e-05, 6.99686788721e-05, 7.99921399448e-05, 3.29692447849e-05, 5.71530945308e-05, 6.21695071459e-05, 1.46903612404e-05, 1.0842237316e-05, 6.30247313893e-06, 7.56732742957e-06, 1.1222631656e-05, 8.45116937853e-06, 1.45207486639e-05, 1.14365329864e-05, 7.16514023225e-06, 7.89442037785e-06, 6.33241961623e-06, 3.8261600821e-06, 1.86232534816e-06, 1.45764875015e-06, 7.83010705163e-07, 4.03194377441e-07, 2.45862594284e-07, 2.11001847106e-07, 1.89452848076e-07, 1.64178331374e-07, 8.85510189619e-08, 5.87477302361e-08, 1.7170869171e-08, 1.26671440004e-09],
        "median": [0.000340363301802, 0.000786408141721, 0.00029032243765, 0.000107238156488, 4.95703279739e-05, 4.40446965513e-05, 4.65906050522e-05, 4.8777754273e-05, 7.60804105084e-05, 2.34555664065e-05, 1.26924060169e-05, 1.84989930858e-05, 1.23412301036e-05, 1.23062891362e-05, 1.66114077729e-05, 1.2004018572e-05, 3.77163860321e-06, 3.22090363625e-06, 3.09008714794e-06, 3.42909788742e-06, 3.68849987353e-06, 2.9382779303e-06, 4.57657006336e-06, 3.05604066853e-06, 2.80044332612e-06, 3.21925358548e-06, 1.98299744625e-06, 1.16176545362e-06, 7.81787321102e-07, 5.29470185029e-07, 3.53453629032e-07, 2.43622253038e-07, 1.65000841434e-07, 1.42313552942e-07, 1.30917413799e-07, 1.24869487195e-07, 6.12209660744e-08, 4.1161140274e-08, 1.15046043803e-08, 8.43324965416e-10],
        "min": [3.43176008444e-11, 1.07982789377e-10, 4.27979429674e-09, 3.87985510386e-09, 2.5783710722e-09, 9.57183443617e-10, 3.24364340942e-10, 1.58319701793e-09, 3.36919581123e-09, 1.09520381653e-09, 3.01796199143e-10, 1.04129382894e-09, 2.2308820069e-10, 6.88354928613e-10, 6.5875416233e-10, 1.72351050098e-10, 4.55287370305e-11, 2.65417465783e-10, 4.07529066049e-10, 1.47962017638e-10, 4.27779811574e-10, 4.98476482313e-10, 3.76608577657e-10, 5.64850555218e-10, 1.77633949217e-10, 1.1593432464e-10, 1.85608473036e-10, 6.9417527282e-11, 1.80580508879e-10, 2.66073990098e-12, 1.53507442868e-10, 7.21093879053e-11, 2.0706495546e-11, 3.90547524876e-11, 2.11372794268e-11, 1.99897268877e-11, 1.34837410334e-11, 1.05605975353e-11, 7.17616981463e-12, 2.29446561577e-12],
        "var": [1.13383421763e-07, 6.9310993922e-07, 8.23507093628e-08, 3.13116537143e-08, 2.53515164417e-08, 1.66470144336e-08, 4.19550367781e-08, 5.32013082477e-08, 1.66688778336e-07, 2.00690436714e-07, 7.98593333684e-08, 3.91193317739e-08, 4.06287412602e-08, 4.71142147518e-09, 1.83473378712e-08, 3.41640600254e-08, 3.15261372563e-09, 8.01468391654e-10, 6.97655822002e-11, 7.85604428732e-11, 2.5443616658e-10, 1.4226927969e-10, 5.12487163817e-10, 3.66973812449e-10, 1.05488430491e-10, 1.21857676727e-10, 9.99439211946e-11, 4.0134839896e-11, 8.38402524489e-12, 6.65165578867e-12, 1.22391951175e-12, 1.89292957936e-13, 5.62257285544e-14, 4.043982285e-14, 3.38709298781e-14, 1.87231330564e-14, 7.66407269137e-15, 3.40654819111e-15, 3.38287674367e-16, 2.00129959237e-18]
    },
    "mfcc": {
        "dmean": [32.6493225098, 10.0969467163, 13.697520256, 9.56277656555, 7.93466806412, 8.02514839172, 6.86001873016, 6.3425283432, 5.59937429428, 5.93885612488, 6.07989788055, 5.86718654633, 5.56372690201],
        "dmean2": [41.1836051941, 15.4087285995, 20.1399288177, 14.1060333252, 11.8585548401, 11.6322574615, 10.0745630264, 9.49692630768, 8.98529243469, 9.54166603088, 9.55764389038, 9.35970401764, 8.93413639069],
        "dvar": [1085.9630127, 95.8921356201, 155.396682739, 61.6081504822, 41.1168289185, 43.9876480103, 30.2618999481, 23.9802036285, 20.6727409363, 22.5517406464, 24.2838306427, 21.8694858551, 18.9835586548],
        "dvar2": [1726.50598145, 170.57460022, 315.494689941, 112.267784119, 84.0107345581, 83.3812255859, 56.9563903809, 55.1506538391, 50.103427887, 52.3635215759, 60.3881072998, 52.9980316162, 48.946811676],
        "max": [-595.588989258, 189.335845947, 29.0014648438, 85.4593811035, 27.78540802, 45.6395950317, 39.0328598022, 56.2491264343, 9.57291793823, 42.1448059082, 25.0275230408, 40.0885658264, 13.6411590576],
        "mean": [-691.243713379, 144.166549683, -20.137802124, 41.3719978333, -8.2801361084, 9.63114547729, 1.82809925079, 17.7860164642, -9.27493000031, 11.9849433899, -1.88465559483, 13.7373332977, -3.33342170715],
        "median": [-693.463500977, 144.858276367, -18.953868866, 40.2842559814, -8.74252319336, 10.6484489441, 1.83850860596, 18.1386528015, -8.78712272644, 11.2433586121, -2.09831619263, 14.1256217957, -3.09392547607],
        "min": [-1123.41918945, 16.4457206726, -67.0634460449, -8.54120254517, -40.4600143433, -29.7337341309, -32.2875213623, -10.2593765259, -34.7955131531, -18.0199661255, -22.8663597107, -9.96000671387, -25.9862442017],
        "var": [2284.25878906, 254.59588623, 416.752166748, 244.285797119, 154.694061279, 161.142990112, 127.376152039, 89.0102386475, 54.3230743408, 75.8727111816, 65.9982452393, 56.9173355103, 47.9262199402],
        "cov": [[2287.78393555, 126.018035889, -643.590637207, 113.968849182, -284.077728271, -182.289352417, -124.642829895, -49.356716156, -67.7545776367, -13.4541559219, -87.7066497803, 21.4122085571, -77.6654968262], [126.018035889, 254.98878479, 5.29907655716, -92.2497558594, -49.4766120911, -4.1827249527, 13.718711853, 6.08851003647, -17.5791549683, 12.8094568253, 45.233669281, 4.9669046402, 4.06241512299], [-643.590637207, 5.29907655716, 417.395294189, -51.8537559509, 137.502838135, 61.6774330139, 12.3892211914, 20.5063724518, 18.3102035522, 26.2291126251, 12.7972383499, -9.69929695129, 24.3419570923], [113.968849182, -92.2497558594, -51.8537559509, 244.662780762, 38.6723365784, -16.258014679, -51.2638244629, -20.4136180878, 44.0153007507, 12.2943544388, -36.6547203064, -4.50534105301, 16.6613922119], [-284.077728271, -49.4766120911, 137.502838135, 38.6723365784, 154.932785034, 25.9451770782, 9.3393945694, -8.10159683228, 18.3259220123, 30.4985179901, -9.21306419373, 4.91964006424, 5.01669931412], [-182.289352417, -4.1827249527, 61.6774330139, -16.258014679, 25.9451770782, 161.391677856, 82.9959640503, 27.5631752014, -9.42829704285, -4.80546140671, 41.4238891602, -2.85686039925, -9.68918800354], [-124.642829895, 13.718711853, 12.3892211914, -51.2638244629, 9.3393945694, 82.9959640503, 127.572723389, 53.8206977844, -6.97210025787, -15.1186599731, 29.6075763702, 17.0928096771, -6.72420024872], [-49.356716156, 6.08851003647, 20.5063724518, -20.4136180878, -8.10159683228, 27.5631752014, 53.8206977844, 89.1475982666, 12.4557313919, -16.2418804169, 11.3415594101, 14.1555147171, 10.6803636551], [-67.7545776367, -17.5791549683, 18.3102035522, 44.0153007507, 18.3259220123, -9.42829704285, -6.97210025787, 12.4557313919, 54.4069061279, 28.0467643738, -1.09655511379, 1.25567114353, 10.4987297058], [-13.4541559219, 12.8094568253, 26.2291126251, 12.2943544388, 30.4985179901, -4.80546140671, -15.1186599731, -16.2418804169, 28.0467643738, 75.9897994995, 17.398979187, -3.26550292969, 0.671418428421], [-87.7066497803, 45.233669281, 12.7972383499, -36.6547203064, -9.21306419373, 41.4238891602, 29.6075763702, 11.3415594101, -1.09655511379, 17.398979187, 66.1000900269, 15.7607660294, -0.153513088822], [21.4122085571, 4.9669046402, -9.69929695129, -4.50534105301, 4.91964006424, -2.85686039925, 17.0928096771, 14.1555147171, 1.25567114353, -3.26550292969, 15.7607660294, 57.0051727295, 17.45013237], [-77.6654968262, 4.06241512299, 24.3419570923, 16.6613922119, 5.01669931412, -9.68918800354, -6.72420024872, 10.6803636551, 10.4987297058, 0.671418428421, -0.153513088822, 17.45013237, 48.0001792908]],
        "icov": [[0.00143389496952, -0.00110574101564, 0.00141018780414, -0.000970964727458, 0.00151838886086, -0.000303884939058, 0.00119631609414, -0.00126115593594, 0.00240004761145, -0.00227480311878, 0.00312894769013, -0.00232268241234, 0.00262500182725], [-0.00110574101564, 0.00626526586711, -0.00149367924314, 0.00186618824955, 0.000407665706007, 0.00143637834117, -0.00146424339619, 0.00101597188041, -0.000395469658542, 0.000358694436727, -0.00550475716591, 0.00253253383562, -0.00325031857938], [0.00141018780414, -0.00149367924314, 0.0061937882565, 0.0013513781596, -0.00334222824313, -0.00221696239896, 0.00354257784784, -0.00261275051162, 0.000715529778972, -0.00138732115738, 0.00265797716565, -0.000222351038246, -0.000270290067419], [-0.000970964727458, 0.00186618824955, 0.0013513781596, 0.00814671162516, -0.00370590691455, -0.00229523424059, 0.00260853441432, 0.00148807745427, -0.00745731871575, 0.00280406558886, -0.000116934133985, 0.00181894435082, -0.00435356609523], [0.00151838886086, 0.000407665706007, -0.00334222824313, -0.00370590691455, 0.0150920981541, -0.000512662052643, -0.00229270174168, 0.00126765132882, 0.00370430061594, -0.00764640280977, 0.00716878753155, -0.00638137292117, 0.00475908024237], [-0.000303884939058, 0.00143637834117, -0.00221696239896, -0.00229523424059, -0.000512662052643, 0.0132558969781, -0.00842199660838, 0.000830498232972, 0.00278090126812, 0.0014962030109, -0.0084530506283, 0.00472859293222, 0.000297233520541], [0.00119631609414, -0.00146424339619, 0.00354257784784, 0.00260853441432, -0.00229270174168, -0.00842199660838, 0.0198655556887, -0.00913875922561, 0.000940882833675, 5.49952128495e-05, 0.0022896360606, -0.00545127876103, 0.0044960770756], [-0.00126115593594, 0.00101597188041, -0.00261275051162, 0.00148807745427, 0.00126765132882, 0.000830498232972, -0.00913875922561, 0.0203495286405, -0.0103074470535, 0.00689670722932, -0.00294626364484, 0.000705712358467, -0.00519906217232], [0.00240004761145, -0.000395469658542, 0.000715529778972, -0.00745731871575, 0.00370430061594, 0.00278090126812, 0.000940882833675, -0.0103074470535, 0.037286490202, -0.016956012696, 0.00511294929311, -0.00303921801969, 0.00194495322648], [-0.00227480311878, 0.000358694436727, -0.00138732115738, 0.00280406558886, -0.00764640280977, 0.0014962030109, 5.49952128495e-05, 0.00689670722932, -0.016956012696, 0.0270642433316, -0.0136348446831, 0.00658371159807, -0.00351348379627], [0.00312894769013, -0.00550475716591, 0.00265797716565, -0.000116934133985, 0.00716878753155, -0.0084530506283, 0.0022896360606, -0.00294626364484, 0.00511294929311, -0.0136348446831, 0.0352853648365, -0.0140531426296, 0.00703620864078], [-0.00232268241234, 0.00253253383562, -0.000222351038246, 0.00181894435082, -0.00638137292117, 0.00472859293222, -0.00545127876103, 0.000705712358467, -0.00303921801969, 0.00658371159807, -0.0140531426296, 0.0291153471917, -0.0138473184779], [0.00262500182725, -0.00325031857938, -0.000270290067419, -0.00435356609523, 0.00475908024237, 0.000297233520541, 0.0044960770756, -0.00519906217232, 0.00194495322648, -0.00351348379627, 0.00703620864078, -0.0138473184779, 0.033033516258]]
    }
}

}