{
"metadata": {
    "version": {
        "essentia": "2.0.1",
        "extractor": "archive-music 1.0 mod ismir14"
    },
    "audio_properties": {
        "analysis_sample_rate": 44100,
        "bitrate": 32,
        "channels": 2,
        "equal_loudness": 0,
        "length": 30.0408172607,
        "replay_gain": -9.58625411987,
        "downmix": "mix"
    },
    "tags": {
        "track": 0,
        "year": 0,
        "album": "",
        "artist": "",
        "comment": "",
        "genre": "",
        "title": ""
    }
},
"rhythm": {
    "bpm": 172.265594482,
    "bpm_histogram_first_peak": 172,
    "bpm_histogram_first_peak_spread": 0,
    "bpm_histogram_first_peak_weight": 0.529411792755,
    "bpm_histogram_second_peak": 178,
    "bpm_histogram_second_peak_spread": 0,
    "bpm_histogram_second_peak_weight": 0.258823543787
},
"tonal": {
    "tuning_frequency": {
        "dmean": 0.0279282927513,
        "dmean2": 0.0483855269849,
        "dvar": 0.0437163859606,
        "dvar2": 0.0773637294769,
        "max": 436.456176758,
        "mean": 434.235809326,
        "median": 434.193115234,
        "min": 433.691802979,
        "var": 0.139249995351
    },
    "hpcp": {
        "dmean": [0.120634794235, 0.20298948884, 0.187210708857, 0.277981519699, 0.0479006208479, 0.148277282715, 0.158504158258, 0.280518531799, 0.0940156280994, 0.106000885367, 0.261185526848, 0.0855547115207],
        "dmean2": [0.214659869671, 0.377178519964, 0.323045313358, 0.487981468439, 0.0878905057907, 0.262951076031, 0.280491918325, 0.497283220291, 0.168944120407, 0.18476703763, 0.475145578384, 0.15410721302],
        "dvar": [0.046623300761, 0.0732726305723, 0.0560815893114, 0.110036976635, 0.0150417946279, 0.0750661417842, 0.0836951509118, 0.11903449893, 0.0411060079932, 0.04251601547, 0.0955591350794, 0.0226756092161],
        "dvar2": [0.119844779372, 0.156412214041, 0.147523641586, 0.251358360052, 0.0438432618976, 0.169560998678, 0.187181606889, 0.313816696405, 0.116081297398, 0.112504638731, 0.192664429545, 0.066076554358],
        "max": [1, 1, 1, 1, 0.795313537121, 1, 1, 1, 1, 1, 1, 1],
        "mean": [0.100402317941, 0.239288523793, 0.170947298408, 0.396125942469, 0.0363046079874, 0.150233387947, 0.18267929554, 0.234673663974, 0.0678254887462, 0.0824723318219, 0.383455753326, 0.0692711174488],
        "median": [0.0293271653354, 0.105013050139, 0.0730948671699, 0.178081721067, 0.00649566808715, 0.0298310201615, 0.0108893709257, 0.0468859821558, 0.0121601615101, 0.0181023664773, 0.189248025417, 0.0225845780224],
        "min": [0.000858115265146, 0.00327207427472, 0.00100926368032, 0.000128890140331, 8.98635626072e-05, 0.000687307212502, 7.15240093996e-05, 0.000273207988357, 0.00029427325353, 0.000111316941911, 0.000211735765333, 0.000400660181185],
        "var": [0.0391072332859, 0.10255215317, 0.0578947551548, 0.170646831393, 0.0100263543427, 0.085280328989, 0.114805564284, 0.119777739048, 0.0296278242022, 0.0336429104209, 0.153822109103, 0.016744332388]
    }
},
"lowlevel": {
    "melbands": {
        "dmean": [3.16215647445e-07, 1.42201542985e-05, 1.80916413228e-05, 0.00019905679801, 0.00015557424922, 8.01711794338e-05, 3.82303187507e-05, 3.2910356822e-05, 2.09741629078e-05, 1.56166242959e-05, 1.38961722769e-05, 8.9677005235e-06, 1.37904944495e-05, 5.22018171978e-06, 4.42778082288e-06, 3.19150080941e-06, 7.00277405485e-06, 2.82039650301e-06, 3.77729952561e-06, 8.66692118962e-07, 1.11119516077e-06, 9.62293597695e-07, 6.89027956469e-07, 1.08606514004e-06, 2.48874880526e-06, 3.00765873362e-06, 6.44084138912e-07, 3.66738760249e-07, 1.5424463129e-07, 1.09368400558e-07, 4.38607763442e-08, 6.51147624708e-09, 1.24778420929e-09, 2.93582130828e-10, 7.79009634577e-11, 3.37652336646e-11, 1.76346524189e-11, 6.90486903765e-12, 3.74119225183e-12, 2.35500963348e-12],
        "dmean2": [5.02289196902e-07, 2.46188319579e-05, 2.96163361782e-05, 0.000340232189046, 0.000265391980065, 0.000138064540806, 6.58264398226e-05, 5.60111584491e-05, 3.90280329157e-05, 2.94248238788e-05, 2.64379777946e-05, 1.717718078e-05, 2.64900772891e-05, 9.86228224065e-06, 8.32121713756e-06, 5.97614007347e-06, 1.30297321448e-05, 4.97410110256e-06, 6.87592137183e-06, 1.52263680775e-06, 1.92083916772e-06, 1.71821807271e-06, 1.24110067645e-06, 1.91330741472e-06, 4.50747211289e-06, 5.6705462157e-06, 1.15208683837e-06, 6.66264043048e-07, 2.90957615334e-07, 2.08740189578e-07, 8.66911165076e-08, 1.23273551367e-08, 2.43257924915e-09, 5.68550706515e-10, 1.44917799982e-10, 6.18806186847e-11, 3.04515614113e-11, 1.0828489147e-11, 5.70017167148e-12, 3.16447844491e-12],
        "dvar": [1.34276636576e-13, 1.55348434117e-09, 5.53301460204e-10, 2.78144852928e-07, 2.88100867607e-08, 6.35353369915e-09, 1.94767335593e-09, 2.47945908249e-09, 3.0731637235e-09, 1.17408727185e-09, 1.2158666296e-09, 6.50180465023e-10, 1.78247394622e-09, 1.52522383612e-10, 1.77714232219e-10, 4.28037189026e-11, 6.59837073869e-10, 1.96414030873e-11, 5.62662173798e-11, 1.59394329333e-12, 2.36565628198e-12, 1.68921322242e-12, 1.93476549885e-12, 2.64908320974e-12, 3.41184788755e-11, 5.87954129827e-11, 8.3576700248e-13, 4.66326521668e-13, 1.35477417587e-13, 1.27843997324e-13, 3.45513988785e-14, 4.68306517087e-16, 4.27671997414e-17, 1.12196575918e-18, 2.75770642492e-20, 7.69860631174e-21, 2.56116322228e-21, 2.8539202832e-22, 1.63766085042e-22, 1.29887386927e-22],
        "dvar2": [3.21117617089e-13, 3.19722093245e-09, 1.34996769319e-09, 7.37162565656e-07, 7.91441507886e-08, 1.80993051657e-08, 5.26627097486e-09, 5.63349411564e-09, 8.75355432584e-09, 3.56948426372e-09, 3.71955377609e-09, 1.94899363315e-09, 5.27149923712e-09, 4.48852260915e-10, 5.32589528035e-10, 1.2064703403e-10, 1.97325200624e-09, 5.53568579864e-11, 1.62397900683e-10, 4.58385282856e-12, 6.54979109144e-12, 4.83829165968e-12, 5.63147141766e-12, 7.55458109264e-12, 1.00709912632e-10, 1.75437983585e-10, 2.19569783362e-12, 1.32287583665e-12, 3.81938404515e-13, 3.63398140789e-13, 1.03667041043e-13, 1.35806507675e-15, 1.27303996244e-16, 3.5066709067e-18, 8.13775375245e-20, 2.25178321368e-20, 7.17503329574e-21, 3.61212895665e-22, 1.95632948034e-22, 1.21635157174e-22],
        "max": [2.44063789978e-06, 0.000396289135097, 0.000191432700376, 0.00522173615173, 0.00114277319517, 0.000480508198962, 0.00022182345856, 0.000378449301934, 0.000372977548977, 0.000203455463634, 0.000191806262592, 0.000150696592755, 0.000315893965308, 8.24458984425e-05, 9.38560915529e-05, 5.84130320931e-05, 0.00023460695229, 3.21324514516e-05, 7.04954509274e-05, 1.16168248496e-05, 9.99496751319e-06, 6.98915800967e-06, 8.93781907507e-06, 8.87151509232e-06, 3.9212860429e-05, 6.13111333223e-05, 4.44481793238e-06, 3.86059991797e-06, 2.60406568486e-06, 3.00485680782e-06, 1.68318251781e-06, 1.95233539557e-07, 5.9537260455e-08, 7.60110729914e-09, 1.21266963138e-09, 7.72129193916e-10, 4.49564274696e-10, 1.76682085629e-10, 1.31418764759e-10, 1.21012561083e-10],
        "mean": [4.57366610362e-07, 1.91191174963e-05, 2.62107805611e-05, 0.000223719631322, 0.000207026925636, 9.83558202279e-05, 3.79629200324e-05, 3.72014001186e-05, 1.63954555319e-05, 1.11059925985e-05, 1.03673319245e-05, 5.76520096729e-06, 9.82859000942e-06, 3.59253249371e-06, 3.24184384226e-06, 2.45089859163e-06, 5.30780789632e-06, 2.50846369454e-06, 3.52366691914e-06, 9.5758491625e-07, 1.10881239834e-06, 9.55119276114e-07, 6.45278305456e-07, 8.84750647856e-07, 1.93711753127e-06, 2.18109380512e-06, 5.5588276382e-07, 2.82154132947e-07, 1.03309403698e-07, 6.68032669182e-08, 2.70725166729e-08, 4.25982049634e-09, 7.64403984554e-10, 2.07500294724e-10, 7.78401648693e-11, 3.77457232137e-11, 2.0382102256e-11, 1.00588929547e-11, 5.71589260298e-12, 3.7607039878e-12],
        "median": [3.47869388406e-07, 1.0707389265e-05, 1.56004116434e-05, 8.44231399242e-05, 0.000130269763758, 7.10711319698e-05, 2.06088934647e-05, 1.44489195009e-05, 3.30105513058e-06, 1.45327840073e-06, 1.13456144391e-06, 5.8776709011e-07, 9.97282768367e-07, 8.65475954015e-07, 5.83333132909e-07, 8.13928124899e-07, 1.65259120877e-06, 1.22386859402e-06, 1.73810917659e-06, 4.91406524361e-07, 5.45027035059e-07, 5.35797653356e-07, 2.2416588763e-07, 2.66305676178e-07, 5.53427526029e-07, 6.27244332918e-07, 2.18755374704e-07, 7.54167359673e-08, 1.91225808521e-08, 7.58927054534e-09, 3.18621795614e-09, 5.502205358e-10, 1.2630832491e-10, 6.70007729853e-11, 3.96168479966e-11, 2.00087516e-11, 1.08290095641e-11, 6.16644365778e-12, 3.55903783007e-12, 2.03748736632e-12],
        "min": [3.1160141134e-08, 1.06967479496e-06, 6.97205450706e-07, 1.64114430845e-06, 2.42381088356e-06, 2.63579835291e-07, 2.40578884814e-07, 2.51408124541e-07, 1.46631990106e-07, 3.55955265263e-08, 2.93828730236e-08, 1.37116300536e-08, 3.63800900516e-08, 9.28373555809e-09, 8.55271053979e-09, 2.54664076493e-08, 2.44494255952e-08, 3.42013564136e-08, 3.20271205112e-08, 4.02630551122e-09, 3.18821680168e-09, 1.24575316729e-09, 3.89991483551e-10, 4.95801844025e-10, 6.51700415855e-10, 4.18966333848e-10, 2.02452166143e-10, 1.22340887421e-10, 1.01922165152e-10, 8.847494265e-11, 4.16163180306e-11, 2.1328381769e-11, 5.93402063598e-12, 4.37105256504e-12, 3.17364775952e-12, 1.86385824309e-12, 2.09771588121e-12, 2.05604153494e-12, 1.59829571453e-12, 1.14728647589e-12],
        "var": [1.47791338629e-13, 1.75971692773e-09, 9.23596865654e-10, 2.21739540507e-07, 4.87072178146e-08, 9.13489373033e-09, 2.16643636364e-09, 3.67285135638e-09, 2.29161645215e-09, 7.59736551448e-10, 8.61142324116e-10, 4.0434572357e-10, 1.10888243032e-09, 9.35899760468e-11, 1.13234491228e-10, 3.03975594695e-11, 3.61292745721e-10, 1.61828103001e-11, 4.30278347674e-11, 1.8977697018e-12, 2.28736994623e-12, 1.60412362647e-12, 1.51375027964e-12, 2.28885291796e-12, 2.04775450069e-11, 3.49271792044e-11, 7.70299568489e-13, 3.2206892318e-13, 8.42307181035e-14, 7.74738820731e-14, 2.00784806397e-14, 3.00694525753e-16, 2.24198156415e-17, 5.94267748561e-19, 2.0243285785e-20, 4.99618947907e-21, 1.67735961283e-21, 3.65375127749e-22, 1.82870907771e-22, 1.4902715935e-22]
    },
    "mfcc": {
        "dmean": [36.4679374695, 14.3816308975, 24.1822948456, 16.4867687225, 12.7393074036, 9.44114208221, 8.70251274109, 11.378692627, 7.29152870178, 7.40199041367, 8.14911079407, 7.95465517044, 7.17560482025],
        "dmean2": [63.7767677307, 21.6351985931, 40.65001297, 25.5375652313, 20.9735164642, 16.0526447296, 14.4481258392, 19.3218402863, 12.0956163406, 12.2499170303, 13.5195388794, 12.3105249405, 11.7688589096],
        "dvar": [945.455749512, 160.673339844, 429.12677002, 238.30821228, 102.382606506, 74.7599029541, 51.8792076111, 82.9190750122, 30.5982112885, 38.0544662476, 36.6208992004, 32.3845291138, 29.8400421143],
        "dvar2": [2720.4128418, 383.660491943, 1094.34130859, 577.19152832, 299.947875977, 186.090530396, 130.085662842, 188.436508179, 80.2618789673, 81.1837158203, 92.2141189575, 101.644363403, 73.3308029175],
        "max": [-757.846313477, 217.155334473, 71.8770446777, 111.102531433, 42.8141212463, 4.91062164307, 26.5685195923, 22.5718784332, -4.92622375488, 25.0024433136, 6.86556625366, 4.08540344238, 11.9212036133],
        "mean": [-843.048034668, 179.27722168, -36.5181312561, 29.6866664886, 10.216219902, -28.7092876434, -5.74491739273, -28.8850803375, -27.6965084076, -4.66347122192, -12.235408783, -15.4061946869, -6.80973815918],
        "median": [-840.63494873, 179.189147949, -39.036693573, 28.8663978577, 12.6026763916, -28.0198173523, -6.33169555664, -32.4193267822, -27.8703994751, -4.07151031494, -12.179983139, -15.4286499023, -5.87258911133],
        "min": [-979.953613281, 113.619789124, -101.653625488, -19.1260795593, -37.5825920105, -68.5805053711, -30.6621704102, -56.7551803589, -56.6909561157, -37.1286697388, -37.9986152649, -40.8451194763, -28.332775116],
        "var": [1524.97521973, 314.354156494, 875.701477051, 407.099945068, 268.698852539, 162.546127319, 92.2562103271, 225.237686157, 70.6618728638, 148.405166626, 75.7136611938, 64.9026260376, 71.1111755371],
        "cov": [[1534.3885498, -32.091632843, -1046.24560547, 265.344818115, -280.833221436, -226.193099976, 231.460617065, -48.5995979309, 35.7757225037, -90.432975769, -38.4248924255, 75.8258209229, -117.284591675], [-32.091632843, 316.294616699, 174.243362427, -263.895172119, -32.2307853699, -53.1574630737, -10.238948822, 164.747833252, -12.4391183853, -49.5815887451, -5.89377689362, -20.0724601746, 1.30457961559], [-1046.24560547, 174.243362427, 881.107055664, -233.467880249, 135.089706421, 140.169723511, -171.942779541, 93.923248291, -15.462635994, 0.3771096766, 18.1845989227, -57.6220588684, 50.3124732971], [265.344818115, -263.895172119, -233.467880249, 409.612884521, 74.5613250732, 22.5970439911, 17.3685207367, -211.49546814, -9.1921081543, 38.0716400146, -20.9292507172, 14.8834857941, -23.390707016], [-280.833221436, -32.2307853699, 135.089706421, 74.5613250732, 270.35748291, 113.63092041, -74.9938049316, -106.423347473, -51.6660881042, 98.282661438, 4.47539520264, -27.8003444672, 59.495552063], [-226.193099976, -53.1574630737, 140.169723511, 22.5970439911, 113.63092041, 163.549499512, -30.657869339, -96.3142089844, -0.289123058319, 54.1121368408, 26.0073509216, 7.19018173218, 21.5201663971], [231.460617065, -10.238948822, -171.942779541, 17.3685207367, -74.9938049316, -30.657869339, 92.8256912231, 21.4075679779, -4.99516868591, -12.4881038666, -1.71934318542, 18.9501132965, -15.8994264603], [-48.5995979309, 164.747833252, 93.923248291, -211.49546814, -106.423347473, -96.3142089844, 21.4075679779, 226.628036499, 25.2904949188, -102.222328186, -12.4415044785, -2.69095230103, -7.85930871964], [35.7757225037, -12.4391183853, -15.462635994, -9.1921081543, -51.6660881042, -0.289123058319, -4.99516868591, 25.2904949188, 71.0980529785, -16.7551593781, -17.6224899292, 15.6428747177, -9.30794143677], [-90.432975769, -49.5815887451, 0.3771096766, 38.0716400146, 98.282661438, 54.1121368408, -12.4881038666, -102.222328186, -16.7551593781, 149.321258545, 38.3574523926, -30.7228374481, 36.3990745544], [-38.4248924255, -5.89377689362, 18.1845989227, -20.9292507172, 4.47539520264, 26.0073509216, -1.71934318542, -12.4415044785, -17.6224899292, 38.3574523926, 76.1810302734, 12.2384262085, -2.98626303673], [75.8258209229, -20.0724601746, -57.6220588684, 14.8834857941, -27.8003444672, 7.19018173218, 18.9501132965, -2.69095230103, 15.6428747177, -30.7228374481, 12.2384262085, 65.3032608032, 5.7335319519], [-117.284591675, 1.30457961559, 50.3124732971, -23.390707016, 59.495552063, 21.5201663971, -15.8994264603, -7.85930871964, -9.30794143677, 36.3990745544, -2.98626303673, 5.7335319519, 71.5501327515]],
        "icov": [[102.942008972, -142.904647827, 135.465209961, -123.033714294, 107.840156555, -90.7764205933, 72.2554016113, -54.7077903748, 39.1155052185, -25.3183956146, 15.2018260956, -7.57265329361, 2.75807666779], [-142.904647827, 198.392044067, -188.060211182, 170.81288147, -149.7237854, 126.042167664, -100.334838867, 75.9736785889, -54.3254966736, 35.1716079712, -21.1203022003, 10.5255765915, -3.83128881454], [135.465209961, -188.060211182, 178.283050537, -161.936248779, 141.959411621, -119.52355957, 95.1678848267, -72.075592041, 51.5515594482, -33.3871955872, 20.059671402, -10.0060195923, 3.6463265419], [-123.033714294, 170.81288147, -161.936248779, 147.117492676, -128.983825684, 108.621566772, -86.5140075684, 65.5491256714, -46.8983306885, 30.3977088928, -18.2732944489, 9.1315908432, -3.32698273659], [107.840156555, -149.7237854, 141.959411621, -128.983825684, 113.123168945, -95.2898178101, 75.934425354, -57.5520477295, 41.2090148926, -26.7338752747, 16.0909996033, -8.05829238892, 2.93779063225], [-90.7764205933, 126.042167664, -119.52355957, 108.621566772, -95.2898178101, 80.3159942627, -64.0353012085, 48.5707092285, -34.800075531, 22.6041755676, -13.6257104874, 6.84265327454, -2.50094342232], [72.2554016113, -100.334838867, 95.1678848267, -86.5140075684, 75.934425354, -64.0353012085, 51.1304893494, -38.8058815002, 27.8408546448, -18.1219654083, 10.9466619492, -5.53074502945, 2.02650427818], [-54.7077903748, 75.9736785889, -72.075592041, 65.5491256714, -57.5520477295, 48.5707092285, -38.8058815002, 29.5018081665, -21.1799049377, 13.8191003799, -8.36212921143, 4.24526023865, -1.56107139587], [39.1155052185, -54.3254966736, 51.5515594482, -46.8983306885, 41.2090148926, -34.800075531, 27.8408546448, -21.1799049377, 15.2510480881, -9.96220397949, 6.05063962936, -3.09103417397, 1.13980352879], [-25.3183956146, 35.1716079712, -33.3871955872, 30.3977088928, -26.7338752747, 22.6041755676, -18.1219654083, 13.8191003799, -9.96220397949, 6.55622386932, -3.99459242821, 2.06623840332, -0.769931852818], [15.2018260956, -21.1203022003, 20.059671402, -18.2732944489, 16.0909996033, -13.6257104874, 10.9466619492, -8.36212921143, 6.05063962936, -3.99459242821, 2.46169018745, -1.28133130074, 0.481370538473], [-7.57265329361, 10.5255765915, -10.0060195923, 9.1315908432, -8.05829238892, 6.84265327454, -5.53074502945, 4.24526023865, -3.09103417397, 2.06623840332, -1.28133130074, 0.705238640308, -0.267066061497], [2.75807666779, -3.83128881454, 3.6463265419, -3.32698273659, 2.93779063225, -2.50094342232, 2.02650427818, -1.56107139587, 1.13980352879, -0.769931852818, 0.481370538473, -0.267066061497, 0.122868493199]]
    }
}

}