{
"metadata": {
    "version": {
        "essentia": "2.0.1",
        "extractor": "archive-music 1.0 mod ismir14"
    },
    "audio_properties": {
        "analysis_sample_rate": 44100,
        "bitrate": 32,
        "channels": 2,
        "equal_loudness": 0,
        "length": 30.0408172607,
        "replay_gain": -14.3899002075,
        "downmix": "mix"
    },
    "tags": {
        "track": 0,
        "year": 0,
        "album": "",
        "artist": "",
        "comment": "",
        "genre": "",
        "title": ""
    }
},
"rhythm": {
    "bpm": 109.314041138,
    "bpm_histogram_first_peak": 110,
    "bpm_histogram_first_peak_spread": 0.396226406097,
    "bpm_histogram_first_peak_weight": 0.603773593903,
    "bpm_histogram_second_peak": 0,
    "bpm_histogram_second_peak_spread": 0,
    "bpm_histogram_second_peak_weight": 0
},
"tonal": {
    "tuning_frequency": {
        "dmean": 0.167221441865,
        "dmean2": 0.307907760143,
        "dvar": 0.542169690132,
        "dvar2": 1.30270183086,
        "max": 446.142181396,
        "mean": 441.118713379,
        "median": 441.782684326,
        "min": 439.745910645,
        "var": 2.10616588593
    },
    "hpcp": {
        "dmean": [0.10819349438, 0.0906034708023, 0.0354644916952, 0.151859179139, 0.0383498072624, 0.139804691076, 0.0351528674364, 0.0997406169772, 0.126317918301, 0.031464189291, 0.171835869551, 0.0662545785308],
        "dmean2": [0.203106611967, 0.160930290818, 0.06519331038, 0.257646083832, 0.0669004842639, 0.22966966033, 0.0636042803526, 0.166656851768, 0.226704970002, 0.0592950731516, 0.289551407099, 0.124535866082],
        "dvar": [0.0396365635097, 0.0545610561967, 0.00241145375185, 0.067705579102, 0.0103051131591, 0.0451788827777, 0.00731089245528, 0.0315473861992, 0.0331774391234, 0.00392045127228, 0.0687825158238, 0.0206082798541],
        "dvar2": [0.096747867763, 0.105806596577, 0.00605898816139, 0.156650513411, 0.0278795491904, 0.0992786288261, 0.0201002284884, 0.0809230804443, 0.0690369233489, 0.0113141844049, 0.145850673318, 0.0571918673813],
        "max": [1, 1, 0.233014091849, 1, 1, 1, 0.762873291969, 1, 1, 0.514158725739, 1, 0.921313583851],
        "mean": [0.159832447767, 0.247032240033, 0.0288899186999, 0.461524486542, 0.031225245446, 0.251945108175, 0.0280080866069, 0.101281687617, 0.228623256087, 0.0237874351442, 0.22217579186, 0.0448391288519],
        "median": [0.0406725294888, 0.0176457427442, 0.0112865362316, 0.288945704699, 0.00952523946762, 0.0714371278882, 0.0097597874701, 0.0258278772235, 0.108493290842, 0.00973219424486, 0.0843445286155, 0.0111185461283],
        "min": [8.08799013612e-05, 0.000233493556152, 0.000125287639094, 0.000796005246229, 0.000227876385907, 0.000480628572404, 0.00011104211444, 0.000883161381353, 0.000667702232022, 7.75512817199e-05, 0.000519392779097, 0.000409518164815],
        "var": [0.0762224718928, 0.16543456912, 0.00203125784174, 0.19360896945, 0.00779125606641, 0.123439662158, 0.00469387229532, 0.0368131026626, 0.0917138159275, 0.00229258346371, 0.100051917136, 0.0129897315055]
    }
},
"lowlevel": {
    "melbands": {
        "dmean": [0.000140868025483, 0.000269005366135, 0.000170187224285, 0.00010824281344, 4.3773005018e-05, 5.78588733333e-05, 2.57055871771e-05, 3.85161329177e-05, 5.81829881412e-05, 4.32726701547e-05, 1.01253117464e-05, 1.08967578853e-05, 7.72439216234e-06, 7.55024802856e-06, 6.31988223176e-06, 6.83105554344e-06, 6.28753241472e-06, 6.9048946898e-06, 3.763885843e-06, 5.3578837651e-06, 2.37637186729e-06, 1.60958279594e-06, 1.79875087269e-06, 1.10634641715e-06, 6.41048131911e-07, 4.45557333251e-07, 2.83567203496e-07, 2.11037914255e-07, 2.4046028102e-07, 1.71170370322e-07, 1.4298123574e-07, 1.48431141156e-07, 1.41449149282e-07, 1.07010571071e-07, 9.20139271443e-08, 7.86430618405e-08, 6.44511359837e-08, 4.35839702106e-08, 3.45133059909e-08, 2.88030150841e-08],
        "dmean2": [0.000260566885117, 0.000453188316897, 0.000280129374005, 0.000184891861863, 6.96415227139e-05, 0.000101288933365, 4.36509872088e-05, 6.44394676783e-05, 9.67510059127e-05, 7.02918696334e-05, 1.83905485756e-05, 2.01684288186e-05, 1.40244856084e-05, 1.3719346498e-05, 1.10032042357e-05, 1.21149196275e-05, 1.11265235319e-05, 1.21728980957e-05, 6.57569626128e-06, 7.86974123912e-06, 4.03030799134e-06, 2.85524220089e-06, 2.71319572676e-06, 1.71623992173e-06, 1.14080808089e-06, 8.05544289051e-07, 5.24790891632e-07, 3.89870081108e-07, 4.34753729905e-07, 3.12709545369e-07, 2.60752187842e-07, 2.74973018577e-07, 2.62497735548e-07, 1.99060636419e-07, 1.71519616288e-07, 1.50531704435e-07, 1.24859511175e-07, 8.38077767185e-08, 6.62252048755e-08, 5.49987042575e-08],
        "dvar": [4.20425863012e-08, 8.47970724749e-08, 3.63983474472e-08, 1.13888560804e-08, 1.48014400736e-09, 7.44741512904e-09, 1.10633957551e-09, 4.26708091084e-09, 1.09765458944e-08, 7.35369543037e-09, 6.24488238898e-10, 1.03720265709e-09, 3.85708770478e-10, 1.71514080716e-10, 1.53176693551e-10, 1.92620280837e-10, 1.36908637205e-10, 2.1715954035e-10, 4.36669728154e-11, 2.21471258e-10, 1.54511368977e-11, 5.14556799946e-12, 1.05888076085e-11, 3.16091944286e-12, 7.57161748664e-13, 3.07363319909e-13, 9.21292867841e-14, 5.62494353125e-14, 8.78175028356e-14, 4.58848318499e-14, 3.44172796816e-14, 4.6848064165e-14, 5.21010880652e-14, 4.00891139404e-14, 6.42263138831e-14, 7.42150549457e-14, 6.11961111126e-14, 2.28157624765e-14, 1.17653350712e-14, 9.69362207826e-15],
        "dvar2": [1.13807253399e-07, 2.14822492239e-07, 8.59467874648e-08, 3.08266301374e-08, 3.56849394478e-09, 1.98672669427e-08, 2.30227947817e-09, 1.08602238313e-08, 3.28602141053e-08, 1.77972818705e-08, 1.86329507379e-09, 3.02974401123e-09, 1.0998969513e-09, 4.89997931119e-10, 4.32671481976e-10, 5.08116770881e-10, 3.49776707598e-10, 5.92169313585e-10, 1.19193849235e-10, 3.17539189387e-10, 3.39100102165e-11, 1.57947162294e-11, 1.91453953385e-11, 5.54483021997e-12, 1.87329058515e-12, 8.24534125872e-13, 2.51893151519e-13, 1.39794480245e-13, 2.22007498106e-13, 1.11444192633e-13, 9.02886028746e-14, 1.26977624921e-13, 1.44349511727e-13, 1.15204110899e-13, 1.89230711179e-13, 2.2040657873e-13, 1.81677887795e-13, 6.72238347345e-14, 3.45740315988e-14, 2.84908273189e-14],
        "max": [0.000883919594344, 0.00183555518743, 0.00175901106559, 0.000651119509712, 0.000254445127212, 0.000455094239442, 0.00017380254576, 0.000429828418419, 0.000785957614426, 0.00067060458241, 0.000178950504051, 0.000281068467302, 0.000157162037794, 8.40212451294e-05, 9.62747944868e-05, 9.49231616687e-05, 8.02370050224e-05, 0.000125002421555, 4.03815793106e-05, 0.000200239795959, 4.33940076618e-05, 1.25911492432e-05, 2.68898565992e-05, 1.64315533766e-05, 4.89882313559e-06, 3.68279984286e-06, 1.3832101331e-06, 1.10404414499e-06, 1.95774532585e-06, 9.35487662446e-07, 9.23685263388e-07, 1.25283258967e-06, 1.61953062161e-06, 1.57132569711e-06, 2.2787985472e-06, 2.49145614362e-06, 2.26778138313e-06, 1.3830468788e-06, 9.86989334706e-07, 9.13187932383e-07],
        "mean": [0.000150623600348, 0.000660066492856, 0.000474182423204, 0.000175905282958, 7.34463828849e-05, 6.7577304435e-05, 3.42860112141e-05, 4.19176067226e-05, 6.01800020377e-05, 4.31371008744e-05, 9.07601406652e-06, 9.76227420324e-06, 6.3308971221e-06, 6.29596070212e-06, 5.86795613344e-06, 6.50537594993e-06, 6.17274736214e-06, 6.1524906414e-06, 3.41168129125e-06, 6.52644484944e-06, 2.81839470517e-06, 1.955961352e-06, 2.59033299699e-06, 1.52252437147e-06, 7.58889086683e-07, 4.77442824831e-07, 2.655685023e-07, 1.81363347451e-07, 2.0670681522e-07, 1.43602008507e-07, 1.14225237269e-07, 1.15105066811e-07, 1.06600914762e-07, 7.98430761506e-08, 6.92765667054e-08, 5.55252590573e-08, 4.37521734398e-08, 2.95446316301e-08, 2.3664718185e-08, 2.02191721144e-08],
        "median": [0.000105578183138, 0.000669376750011, 0.000457627436845, 0.0001464652305, 5.74150872126e-05, 2.62045978161e-05, 1.94844778889e-05, 2.0057799702e-05, 2.31865305977e-05, 1.07748001028e-05, 3.7142679048e-06, 4.31314720117e-06, 2.43655495069e-06, 1.88003036783e-06, 2.21683148993e-06, 2.02776368496e-06, 2.05824380828e-06, 1.67572329701e-06, 1.17614126793e-06, 1.00359886801e-06, 1.11877307063e-06, 1.00068962183e-06, 7.2348058211e-07, 5.3023535429e-07, 3.86191004509e-07, 2.47696249289e-07, 1.41307964441e-07, 8.64421139113e-08, 9.0660215335e-08, 4.73471608586e-08, 4.0968689774e-08, 3.68799675243e-08, 3.69481440998e-08, 2.8886740111e-08, 2.28378258527e-08, 1.78270180839e-08, 1.23378045558e-08, 9.09322928067e-09, 7.97018984144e-09, 6.42098463288e-09],
        "min": [1.2329535366e-06, 1.38602399602e-06, 2.27684699894e-06, 7.55022711019e-06, 5.16155614605e-06, 8.0358051946e-07, 6.98076632943e-07, 2.02848955411e-08, 3.52412087068e-07, 8.13909935005e-08, 2.29139800467e-08, 1.44788341316e-08, 2.86596737453e-08, 1.40110616442e-08, 1.08684021782e-08, 4.54631265967e-09, 7.77776154592e-09, 9.15784337252e-09, 6.91884993742e-09, 8.23193246902e-09, 5.32738519965e-09, 4.39605640778e-09, 3.93306631707e-09, 3.11210901494e-09, 2.26879226517e-09, 1.8738515184e-09, 6.05005767707e-10, 2.88462170817e-10, 2.33387059678e-10, 1.80646331227e-10, 6.38222322213e-11, 2.77378363334e-11, 9.7170804389e-12, 3.9243335144e-12, 2.3588891257e-12, 1.48795439945e-12, 1.9022481073e-12, 1.30594894707e-12, 1.00788659103e-12, 8.92357097503e-13],
        "var": [3.08598124832e-08, 1.7520622464e-07, 6.88098822366e-08, 1.54341339709e-08, 3.20751469829e-09, 8.49599413044e-09, 1.5200819492e-09, 4.43515668636e-09, 9.8247383562e-09, 9.42919076152e-09, 4.11336881223e-10, 6.277647846e-10, 2.49518350426e-10, 1.37435979264e-10, 1.24003432522e-10, 1.57999419104e-10, 1.36659586425e-10, 1.68678848667e-10, 3.65161997862e-11, 5.05426422936e-10, 2.44661062243e-11, 6.55173311437e-12, 2.76885701866e-11, 8.52122799405e-12, 1.01994866546e-12, 3.68015351266e-13, 9.10687337715e-14, 4.97820846503e-14, 7.92413891123e-14, 4.18412964595e-14, 2.70124905517e-14, 3.33266874926e-14, 3.48476503458e-14, 2.50639081972e-14, 3.62949450496e-14, 3.97508462507e-14, 3.24069452371e-14, 1.23410836942e-14, 6.4541678649e-15, 5.34968094739e-15]
    },
    "mfcc": {
        "dmean": [44.43775177, 23.9995594025, 19.0122852325, 11.1027183533, 9.95004844666, 8.3741569519, 7.93851327896, 6.87104177475, 6.22455310822, 6.82772636414, 5.58128738403, 5.56460905075, 5.13896465302],
        "dmean2": [72.1203536987, 39.7262001038, 30.2541427612, 17.931350708, 15.5220756531, 13.7138614655, 11.763510704, 11.1212558746, 10.4990682602, 10.803809166, 9.07557678223, 8.8648223877, 7.9120426178],
        "dvar": [1358.65466309, 375.949615479, 248.81086731, 93.427230835, 77.1805343628, 43.9401931763, 44.7305335999, 29.7530403137, 23.7164649963, 39.8286361694, 23.5181255341, 19.1669387817, 18.6354198456],
        "dvar2": [3490.94726562, 1026.77416992, 681.57232666, 207.738204956, 186.34552002, 103.174850464, 112.144493103, 76.3091659546, 71.8044281006, 67.222076416, 60.2648010254, 50.3786277771, 46.4651527405],
        "max": [-669.400085449, 226.988128662, 98.0444412231, 71.3933258057, 44.1264610291, 35.4298782349, 24.6453666687, 26.2821388245, 17.3372573853, 30.6117591858, 19.9290618896, 20.7720489502, 8.10286712646],
        "mean": [-769.605895996, 163.312133789, 7.81629180908, 29.9343242645, 15.3099660873, 7.13309955597, -4.87131404877, 4.09976196289, -0.00657513411716, 2.61384415627, 2.49749135971, -1.07809507847, -5.65127372742],
        "median": [-762.884155273, 168.054382324, 7.92293167114, 27.1918258667, 15.3908805847, 7.1873626709, -3.55053329468, 3.78514099121, 0.187202453613, 2.42347717285, 1.41672134399, -1.34076499939, -4.91701126099],
        "min": [-966.111572266, 54.5590629578, -81.8140716553, -14.480594635, -18.4826011658, -26.4621543884, -38.5792007446, -20.0726318359, -21.3801727295, -19.769115448, -10.0248603821, -15.7743988037, -21.528055191],
        "var": [3209.97460938, 730.886535645, 800.034484863, 320.672424316, 170.51651001, 125.725723267, 139.048294067, 69.1000442505, 43.1300888062, 90.3687744141, 52.0370597839, 40.5802955627, 35.215259552],
        "cov": [[3229.7890625, -791.482910156, -588.807556152, 32.5145874023, -118.828857422, -38.751411438, -136.610244751, 20.7110481262, -27.9653568268, -14.3713531494, -19.3886013031, -15.307970047, -37.6625747681], [-791.482910156, 735.398193359, -263.31842041, -242.310760498, -22.369260788, -77.352973938, 52.0738945007, -39.6468200684, -18.8901958466, 41.9108810425, 51.6095848083, 15.9378681183, 0.574330508709], [-588.807556152, -263.31842041, 804.972961426, 170.07194519, -49.2190361023, 164.867752075, 104.32182312, 56.4937667847, 6.2370839119, -49.019744873, -36.1964530945, -0.758500814438, 15.3206110001], [32.5145874023, -242.310760498, 170.07194519, 322.651885986, 95.9010925293, 8.41069030762, -92.5737533569, 25.0318012238, 31.1477470398, -46.2532653809, -40.4958381653, 0.993905723095, 11.1380815506], [-118.828857422, -22.369260788, -49.2190361023, 95.9010925293, 171.569076538, -15.8895320892, -56.4697151184, 2.61916518211, 8.74872398376, 14.7297048569, 11.2707824707, 9.7329120636, 3.66302108765], [-38.751411438, -77.352973938, 164.867752075, 8.41069030762, -15.8895320892, 126.501808167, 66.8266448975, 9.83953952789, -1.70891499519, 5.47579050064, 10.9542722702, 7.12863874435, -6.22922277451], [-136.610244751, 52.0738945007, 104.32182312, -92.5737533569, -56.4697151184, 66.8266448975, 139.906616211, 20.3921031952, -18.1051197052, 18.0886058807, 25.9174633026, 13.3163576126, 0.292902320623], [20.7110481262, -39.6468200684, 56.4937667847, 25.0318012238, 2.61916518211, 9.83953952789, 20.3921031952, 69.5265884399, 6.2294511795, -9.23633098602, 10.1401395798, 20.3519649506, 1.58720421791], [-27.9653568268, -18.8901958466, 6.2370839119, 31.1477470398, 8.74872398376, -1.70891499519, -18.1051197052, 6.2294511795, 43.3963241577, 14.6716222763, -9.74606800079, -2.32044363022, 1.066188097], [-14.3713531494, 41.9108810425, -49.019744873, -46.2532653809, 14.7297048569, 5.47579050064, 18.0886058807, -9.23633098602, 14.6716222763, 90.9266052246, 39.9257049561, -8.2930355072, -22.3639507294], [-19.3886013031, 51.6095848083, -36.1964530945, -40.4958381653, 11.2707824707, 10.9542722702, 25.9174633026, 10.1401395798, -9.74606800079, 39.9257049561, 52.3582763672, 14.8725500107, -13.0474433899], [-15.307970047, 15.9378681183, -0.758500814438, 0.993905723095, 9.7329120636, 7.12863874435, 13.3163576126, 20.3519649506, -2.32044363022, -8.2930355072, 14.8725500107, 40.8307876587, 13.5582761765], [-37.6625747681, 0.574330508709, 15.3206110001, 11.1380815506, 3.66302108765, -6.22922277451, 0.292902320623, 1.58720421791, 1.066188097, -22.3639507294, -13.0474433899, 13.5582761765, 35.4326400757]],
        "icov": [[0.00107546290383, 0.00161381193902, 0.00151857803576, -0.000113057642011, 0.00156981591135, -0.000648234854452, 0.000574534584302, -0.000903174921405, 0.00159383541904, -0.000698475574609, 0.000433651031926, -0.000433863257058, 9.22592516872e-05], [0.00161381193902, 0.00463615637273, 0.00237188418396, 0.00113657221664, 0.00181709532626, 0.000765288248658, -0.000350587186404, 0.000245344795985, 0.000960660283454, 0.000119476397231, -0.00138293066993, -0.0012506947387, 0.000211819351534], [0.00151857803576, 0.00237188418396, 0.00466257147491, -0.00188864127267, 0.0029835132882, -0.0031063251663, -0.00100081146229, -0.00243266532198, 0.00273485807702, -0.0010547406273, 0.00183380732778, 0.000730269821361, -0.000936126103625], [-0.000113057642011, 0.00113657221664, -0.00188864127267, 0.00804458372295, -0.00367723940872, -8.39565764181e-05, 0.00409248145297, -0.000928740832023, -0.00337341264822, 0.0026959371753, 0.000445233279606, -0.000763358082622, 0.000781561655458], [0.00156981591135, 0.00181709532626, 0.0029835132882, -0.00367723940872, 0.0115538602695, -0.00210391217843, 0.00378924747929, -0.00201495434158, 0.00469496566802, -0.00459008151665, -0.00133291445673, -0.00183517090045, -0.00282731140032], [-0.000648234854452, 0.000765288248658, -0.0031063251663, -8.39565764181e-05, -0.00210391217843, 0.0164267346263, -0.00813663937151, 0.00556122511625, -0.00507442606613, 0.00319043709897, -0.00454700784758, -0.00277492683381, 0.00514549762011], [0.000574534584302, -0.000350587186404, -0.00100081146229, 0.00409248145297, 0.00378924747929, -0.00813663937151, 0.0194409638643, -0.00665158871561, 0.0074573229067, -0.00563820870593, 0.000469737336971, -0.00152238004375, -0.00494982209057], [-0.000903174921405, 0.000245344795985, -0.00243266532198, -0.000928740832023, -0.00201495434158, 0.00556122511625, -0.00665158871561, 0.0240418277681, -0.010660530068, 0.00839134771377, -0.00979998800904, -0.00795156788081, 0.00559495436028], [0.00159383541904, 0.000960660283454, 0.00273485807702, -0.00337341264822, 0.00469496566802, -0.00507442606613, 0.0074573229067, -0.010660530068, 0.0420565083623, -0.0214811023325, 0.0222602598369, -0.00581290991977, -0.00380754633807], [-0.000698475574609, 0.000119476397231, -0.0010547406273, 0.0026959371753, -0.00459008151665, 0.00319043709897, -0.00563820870593, 0.00839134771377, -0.0214811023325, 0.0324378311634, -0.0279894713312, 0.011357315816, 0.00603796774521], [0.000433651031926, -0.00138293066993, 0.00183380732778, 0.000445233279606, -0.00133291445673, -0.00454700784758, 0.000469737336971, -0.00979998800904, 0.0222602598369, -0.0279894713312, 0.060578789562, -0.02406924963, 0.0125052733347], [-0.000433863257058, -0.0012506947387, 0.000730269821361, -0.000763358082622, -0.00183517090045, -0.00277492683381, -0.00152238004375, -0.00795156788081, -0.00581290991977, 0.011357315816, -0.02406924963, 0.0476863868535, -0.0202129967511], [9.22592516872e-05, 0.000211819351534, -0.000936126103625, 0.000781561655458, -0.00282731140032, 0.00514549762011, -0.00494982209057, 0.00559495436028, -0.00380754633807, 0.00603796774521, 0.0125052733347, -0.0202129967511, 0.0457283481956]]
    }
}

}