{
"metadata": {
    "version": {
        "essentia": "2.0.1",
        "extractor": "archive-music 1.0 mod ismir14"
    },
    "audio_properties": {
        "analysis_sample_rate": 44100,
        "bitrate": 32,
        "channels": 2,
        "equal_loudness": 0,
        "length": 30.0408172607,
        "replay_gain": -8.37414169312,
        "downmix": "mix"
    },
    "tags": {
        "track": 7,
        "year": 0,
        "album": "The Cool Jazz Collection",
        "artist": "Astrud Gilberto",
        "comment": "",
        "genre": "Jazz",
        "title": "Girl From Ipanema"
    }
},
"rhythm": {
    "bpm": 129.900985718,
    "bpm_histogram_first_peak": 129,
    "bpm_histogram_first_peak_spread": 0.537037074566,
    "bpm_histogram_first_peak_weight": 0.396825402975,
    "bpm_histogram_second_peak": 136,
    "bpm_histogram_second_peak_spread": 0.33333337307,
    "bpm_histogram_second_peak_weight": 0.0634920671582
},
"tonal": {
    "tuning_frequency": {
        "dmean": 0.100117146969,
        "dmean2": 0.18280339241,
        "dvar": 1.48796701431,
        "dvar2": 3.1216905117,
        "max": 456.570251465,
        "mean": 436.016235352,
        "median": 434.193115234,
        "min": 431.941772461,
        "var": 24.0202445984
    },
    "hpcp": {
        "dmean": [0.119851633906, 0.117850482464, 0.151854991913, 0.180199325085, 0.162474319339, 0.125046104193, 0.138537809253, 0.153704792261, 0.222949683666, 0.139271333814, 0.129080370069, 0.115453034639],
        "dmean2": [0.23255392909, 0.225740373135, 0.292914897203, 0.342610448599, 0.31520229578, 0.240930721164, 0.265028983355, 0.29629522562, 0.428985804319, 0.270844548941, 0.247764959931, 0.223886832595],
        "dvar": [0.0833393856883, 0.0766472294927, 0.0997758880258, 0.105898991227, 0.10696657747, 0.0806493014097, 0.0849082916975, 0.101232372224, 0.130715921521, 0.0979750305414, 0.0823023542762, 0.0809284821153],
        "dvar2": [0.242310732603, 0.220273807645, 0.279735535383, 0.297786474228, 0.30386441946, 0.235020026565, 0.23961378634, 0.286488860846, 0.364222466946, 0.279276162386, 0.233793377876, 0.237155079842],
        "max": [1, 1, 1, 1, 1, 1, 1, 1, 1, 1, 1, 1],
        "mean": [0.0745860114694, 0.103905454278, 0.110945485532, 0.207753941417, 0.114443555474, 0.0936297178268, 0.13066957891, 0.118096753955, 0.196847081184, 0.0967597812414, 0.0937253907323, 0.0808832347393],
        "median": [0.000361166457878, 0.00161710917018, 0.000730595493224, 0.0034324019216, 0.00111037469469, 0.00107457058039, 0.00156369514298, 0.00109469366726, 0.00379336485639, 0.000308059796225, 0.00183102092706, 0.000546322553419],
        "min": [0, 0, 0, 0, 0, 0, 0, 0, 0, 0, 0, 0],
        "var": [0.0551915131509, 0.0735156536102, 0.0812152996659, 0.135271444917, 0.0821928903461, 0.0671504214406, 0.0911879315972, 0.0855474621058, 0.129594117403, 0.0748084783554, 0.0616614371538, 0.060669220984]
    }
},
"lowlevel": {
    "melbands": {
        "dmean": [0.000822582805995, 0.0034266486764, 0.00360150611959, 0.00186605914496, 0.00100298097823, 0.000379114120733, 0.000131007182063, 0.000122268524137, 5.29307508259e-05, 2.71641583822e-05, 2.86071554001e-05, 2.85180121864e-05, 9.20590900932e-06, 6.94991604178e-06, 7.99890676717e-06, 4.91865466756e-06, 4.02837713409e-06, 1.867008109e-06, 1.6580954707e-06, 1.69903103142e-06, 1.11984877549e-06, 1.48697768054e-06, 1.61671971455e-06, 1.64236416822e-06, 6.75770763792e-07, 4.19031607635e-07, 6.28394502655e-07, 9.1369116717e-07, 7.53389088004e-07, 9.70918790699e-07, 1.56280123065e-06, 2.62417665908e-06, 3.03350770992e-06, 1.76706714683e-06, 8.77512150055e-07, 5.29978592567e-07, 4.7387095492e-07, 3.48034291164e-07, 4.3073237066e-07, 7.12471035058e-07],
        "dmean2": [0.00140341441147, 0.00586458016187, 0.00619964161888, 0.00312199583277, 0.00167604908347, 0.000638866447844, 0.000193629093701, 0.000174831307959, 7.3952935054e-05, 3.62199752999e-05, 3.79764678655e-05, 3.60873091267e-05, 1.31294909806e-05, 1.09041538963e-05, 1.13500354928e-05, 7.22781896911e-06, 5.79365269004e-06, 2.82754967884e-06, 2.39186329054e-06, 2.60323804468e-06, 1.70067301042e-06, 2.23104711949e-06, 2.43537988354e-06, 2.60760884885e-06, 1.09472944132e-06, 6.40962753096e-07, 9.54274696596e-07, 1.49289087403e-06, 1.13521332423e-06, 1.44728983287e-06, 2.37854987972e-06, 3.99726013711e-06, 4.80377320855e-06, 2.71142562269e-06, 1.37986853588e-06, 7.62529964504e-07, 7.107997817e-07, 5.34028458787e-07, 6.58410385768e-07, 1.07883772671e-06],
        "dvar": [2.64441428044e-06, 2.91979467875e-05, 3.60275516869e-05, 9.26186112338e-06, 2.6632301342e-06, 4.33675495515e-07, 1.45561457998e-07, 1.53109283474e-07, 2.03851300284e-08, 9.63938884269e-09, 7.00575908397e-09, 1.83619022209e-08, 1.20333554232e-09, 4.99648933339e-10, 7.12033987327e-10, 4.33003383149e-10, 5.89217841185e-10, 5.30547827893e-11, 8.69814498206e-11, 8.03672337013e-11, 1.64219401966e-11, 2.14538751347e-11, 2.46601246368e-11, 5.28795236765e-11, 6.40115391248e-12, 1.48461440624e-12, 4.81632919311e-12, 1.45030940382e-11, 7.7749542915e-12, 2.17392302077e-11, 6.03462141369e-11, 2.2522414489e-10, 7.6510536795e-10, 1.29461774634e-10, 2.0062821196e-11, 3.30638359573e-12, 3.13827479628e-12, 2.43524579842e-12, 7.60988234233e-12, 1.51093131062e-11],
        "dvar2": [7.08432480678e-06, 8.81564992596e-05, 0.000116419068945, 2.56401144725e-05, 7.15838132237e-06, 1.20516529023e-06, 2.24415501293e-07, 2.40472303403e-07, 3.29387397358e-08, 1.29141426441e-08, 1.20787966296e-08, 1.8881902264e-08, 2.90152057936e-09, 1.19684351318e-09, 1.14931175688e-09, 7.89206311413e-10, 1.04886699326e-09, 1.06484376872e-10, 1.44625048049e-10, 1.70873773464e-10, 3.06442371478e-11, 4.56133499027e-11, 5.2778840326e-11, 1.38329875332e-10, 1.65729860391e-11, 3.41817199545e-12, 1.0142896939e-11, 3.92958096618e-11, 1.72894476513e-11, 4.6240046514e-11, 1.4035836382e-10, 5.38101951886e-10, 1.96796179353e-09, 2.50370252308e-10, 5.54551717047e-11, 7.22779345055e-12, 7.61618892953e-12, 6.44001432043e-12, 2.24137097771e-11, 3.90783794213e-11],
        "max": [0.0332237519324, 0.0732256770134, 0.0703514069319, 0.0826225876808, 0.0258827302605, 0.0124500505626, 0.00935200043023, 0.00950419623405, 0.00384165206924, 0.00391440000385, 0.00213077687658, 0.0100930854678, 0.000928053166717, 0.000608426111285, 0.00152175000403, 0.000829934375361, 0.00116981519386, 0.000296152429655, 0.000376521493308, 0.000331746152369, 0.000151867527165, 0.000100712903077, 9.91664419416e-05, 0.000183170108357, 8.41116270749e-05, 2.82193523162e-05, 6.1159102188e-05, 0.000110694963951, 7.1635004133e-05, 0.000127260704176, 0.00021311888122, 0.000367866654415, 0.00108006154187, 0.000548896146938, 0.000161792268045, 5.2839237469e-05, 3.85742678191e-05, 5.32782214577e-05, 9.98630275717e-05, 0.000128962434246],
        "mean": [0.00153312727343, 0.00622939690948, 0.00753062032163, 0.00367454392835, 0.00228202505969, 0.00082538893912, 0.0003068659571, 0.000303184235236, 0.000143150260556, 8.77220081748e-05, 8.57305785757e-05, 8.67734124768e-05, 2.29088473134e-05, 1.30271082526e-05, 1.99163878278e-05, 1.16569581223e-05, 8.3335180534e-06, 3.53913037543e-06, 3.38000131705e-06, 3.27582438331e-06, 1.8304817786e-06, 2.76968921753e-06, 3.28469923261e-06, 2.61580839833e-06, 1.13007581604e-06, 7.56466306484e-07, 1.07730761556e-06, 1.3662325955e-06, 1.17698743907e-06, 1.54530357577e-06, 2.66706842922e-06, 4.37371227235e-06, 4.60695491711e-06, 3.3023220567e-06, 1.63931099451e-06, 1.02472222352e-06, 8.90875696768e-07, 6.3084547719e-07, 7.63130628911e-07, 1.24815403524e-06],
        "median": [0.000358606688678, 0.00294177280739, 0.00322805601172, 0.00197095796466, 0.000793257378973, 0.000303935084958, 9.19441663427e-05, 5.09435049025e-05, 1.92131174117e-05, 7.24533856555e-06, 8.04503270047e-06, 7.93010440248e-06, 3.40374845109e-06, 3.43263081959e-06, 2.74790590993e-06, 1.08735457616e-06, 6.8671124609e-07, 4.89989986363e-07, 2.32974372238e-07, 2.02946210948e-07, 2.11634869629e-07, 3.59297985142e-07, 3.5995020653e-07, 2.21640291898e-07, 1.2495570445e-07, 8.65691305307e-08, 1.47301932429e-07, 1.75656495571e-07, 9.09086068646e-08, 1.15170792014e-07, 1.12478367953e-07, 6.72123476875e-08, 9.27424110841e-08, 6.50146674275e-08, 6.80673224451e-08, 6.7064547693e-08, 6.0095317167e-08, 3.61167877827e-08, 3.19771373825e-08, 3.71463144688e-08],
        "min": [1.3940650934e-12, 3.2646552562e-12, 3.6350995998e-12, 3.04832309568e-12, 6.8489797167e-12, 1.15903744935e-11, 3.63911678569e-12, 2.84372048479e-12, 1.20640173198e-11, 2.83725343567e-12, 4.07016304341e-12, 1.14911173025e-12, 1.63456582796e-13, 1.47600668124e-13, 3.07072509781e-12, 4.97412571202e-12, 5.56033138369e-13, 7.33814525529e-14, 1.64991143577e-12, 3.33249530401e-12, 5.01389023615e-13, 5.39036263542e-13, 3.2077027666e-12, 1.04694866058e-12, 1.21489840757e-12, 2.43446235393e-12, 2.97127188305e-12, 3.24575847969e-12, 7.74529312214e-12, 7.13145200445e-13, 1.80837929267e-12, 1.05701851352e-13, 7.28613065606e-14, 2.75351925505e-13, 7.09057988648e-14, 1.12509455149e-13, 3.35395936284e-13, 1.86867435046e-13, 3.03003146662e-13, 3.10637068368e-14],
        "var": [1.29348945848e-05, 5.8206369431e-05, 9.14960619411e-05, 3.08155213133e-05, 1.20373651953e-05, 1.80505765002e-06, 7.65116283219e-07, 7.43599457564e-07, 1.44603063745e-07, 9.97377682666e-08, 5.43704068434e-08, 2.56981053326e-07, 5.6250546443e-09, 1.19388499087e-09, 7.04837788135e-09, 2.04974837104e-09, 1.86545334735e-09, 1.28291890999e-10, 2.97899094281e-10, 2.66516753111e-10, 3.86546558651e-11, 5.02861433049e-11, 8.27581475571e-11, 8.42764816267e-11, 1.30628112494e-11, 4.3282135688e-12, 1.41748305801e-11, 3.55681838149e-11, 1.85279760284e-11, 5.17585141413e-11, 1.79107811915e-10, 5.34967570243e-10, 9.45042932798e-10, 4.68811101051e-10, 5.6210019278e-11, 1.23959297688e-11, 9.0747383566e-12, 6.2631900534e-12, 1.43452524165e-11, 4.06065320258e-11]
    },
    "mfcc": {
        "dmean": [18.3147277832, 15.062707901, 12.034286499, 9.95015335083, 9.05767536163, 9.39511585236, 8.88875007629, 8.36407089233, 8.24394512177, 8.16226100922, 8.33061122894, 8.08855342865, 7.41982698441],
        "dmean2": [22.8170471191, 19.0548973083, 17.0604095459, 14.844291687, 13.9706430435, 14.4657316208, 13.6679735184, 13.2059278488, 12.9996604919, 13.0506486893, 13.0819997787, 12.5543327332, 11.8828792572],
        "dvar": [481.688171387, 234.035980225, 119.531433105, 66.1768112183, 51.9228782654, 60.6068382263, 48.534072876, 46.1334190369, 41.6804847717, 42.6017303467, 40.5738716125, 40.2665748596, 36.4156303406],
        "dvar2": [759.609375, 317.737731934, 223.98576355, 140.925338745, 124.276306152, 137.774551392, 114.346633911, 108.144493103, 104.120796204, 99.4754867554, 104.713531494, 102.214836121, 92.4554595947],
        "max": [-549.416137695, 278.101898193, 238.021621704, 123.357368469, 67.8581771851, 111.390960693, 75.4780273438, 76.8229904175, 58.1931762695, 49.4026794434, 44.4665222168, 72.3527679443, 43.5036773682],
        "mean": [-745.472961426, 168.875900269, 60.7556419373, 32.663608551, 5.89555120468, 8.63409137726, 0.970216631889, 1.62113690376, -6.62617015839, -11.0429544449, -7.47591590881, -0.245691239834, -7.55528926849],
        "median": [-736.503173828, 179.293930054, 58.3181533813, 30.8917942047, 7.30544281006, 9.30053710938, 1.52845001221, 1.69261360168, -6.4931602478, -10.1148777008, -5.95846748352, -1.45198631287, -6.47310066223],
        "min": [-1138.42004395, -62.8375930786, -45.8200263977, -55.8366584778, -84.9170837402, -69.2403717041, -59.432472229, -82.7020339966, -57.9824943542, -63.8571853638, -82.533782959, -62.6537513733, -78.4796142578],
        "var": [5667.77441406, 3248.76831055, 1384.77258301, 759.060546875, 378.02444458, 466.872344971, 321.784912109, 249.746810913, 184.398498535, 322.229156494, 307.715301514, 297.748596191, 186.728134155],
        "cov": [[5669.96435547, -469.246185303, -450.576904297, -157.370071411, -110.230773926, -268.095336914, -261.398925781, 78.9194488525, -117.796417236, 134.694091797, 24.5401725769, -22.8278121948, -185.247665405], [-469.246185303, 3250.02368164, -1072.51940918, -294.623565674, 260.58102417, -334.729644775, -2.11540126801, 203.346435547, -150.170227051, -238.654556274, -81.5421676636, 142.75177002, -177.197891235], [-450.576904297, -1072.51940918, 1385.30761719, 82.1858673096, -234.316772461, 355.196563721, 54.8572616577, -158.389877319, 90.033782959, -58.9810562134, 80.8760299683, -120.031227112, 126.574356079], [-157.370071411, -294.623565674, 82.1858673096, 759.353820801, 102.109069824, -156.167327881, -15.5856466293, 29.172952652, 4.06334114075, -139.377792358, 75.0597000122, -134.408416748, 102.980682373], [-110.230773926, 260.58102417, -234.316772461, 102.109069824, 378.170532227, -106.828414917, -17.693572998, 42.3877334595, 7.93908643723, -38.4465789795, -44.4186782837, 56.6894798279, -32.4847869873], [-268.095336914, -334.729644775, 355.196563721, -156.167327881, -106.828414917, 467.052734375, 21.7353878021, -48.8473167419, 65.0204620361, 74.7398605347, 42.8105545044, -0.331686347723, 50.073600769], [-261.398925781, -2.11540126801, 54.8572616577, -15.5856466293, -17.693572998, 21.7353878021, 321.909240723, 10.2910003662, 9.56225204468, 23.4993534088, 44.0009613037, 2.79969859123, 22.7279338837], [78.9194488525, 203.346435547, -158.389877319, 29.172952652, 42.3877334595, -48.8473167419, 10.2910003662, 249.843322754, -0.378770887852, -12.1427640915, 28.5468025208, 0.538635969162, -4.60672616959], [-117.796417236, -150.170227051, 90.033782959, 4.06334114075, 7.93908643723, 65.0204620361, 9.56225204468, -0.378770887852, 184.46975708, 30.3317470551, 24.9930229187, -39.5014228821, 33.5890312195], [134.694091797, -238.654556274, -58.9810562134, -139.377792358, -38.4465789795, 74.7398605347, 23.4993534088, -12.1427640915, 30.3317470551, 322.353637695, -48.314201355, 61.9040756226, -37.7265510559], [24.5401725769, -81.5421676636, 80.8760299683, 75.0597000122, -44.4186782837, 42.8105545044, 44.0009613037, 28.5468025208, 24.9930229187, -48.314201355, 307.834197998, -123.201751709, 78.1849822998], [-22.8278121948, 142.75177002, -120.031227112, -134.408416748, 56.6894798279, -0.331686347723, 2.79969859123, 0.538635969162, -39.5014228821, 61.9040756226, -123.201751709, 297.863647461, -79.8570022583], [-185.247665405, -177.197891235, 126.574356079, 102.980682373, -32.4847869873, 50.073600769, 22.7279338837, -4.60672616959, 33.5890312195, -37.7265510559, 78.1849822998, -79.8570022583, 186.80027771]],
        "icov": [[0.000218709814362, 8.72195450938e-05, 8.29830969451e-05, 8.14081504359e-05, 7.82807619544e-05, 0.000131637629238, 0.000163450386026, -7.76582019171e-05, 0.000104340266262, -2.54074930126e-05, -9.75534276222e-05, 6.08370974078e-05, 0.000197989982553], [8.72195450938e-05, 0.000563303241506, 0.000376236566808, 0.000304952176521, -9.37074728427e-05, 9.07768990146e-05, -4.0008329961e-05, -0.000214137282455, 0.00016588937433, 0.000552807119675, -1.71649353433e-05, 1.19000969789e-05, 0.000250836426858], [8.29830969451e-05, 0.000376236566808, 0.00140695110895, -7.35198555049e-05, 0.00047142841504, -0.000722534488887, -0.000172382046003, 0.000381245219614, -0.000189758182387, 0.000727800943423, 7.2277704021e-05, 0.000134665795485, 4.08482883358e-05], [8.14081504359e-05, 0.000304952176521, -7.35198555049e-05, 0.00201819255017, -0.000619294471107, 0.00078864779789, 0.000114232403575, -0.000272687000688, 0.000197279980057, 0.000555820413865, -0.000132668443257, 0.000535076134838, -0.000671450397931], [7.82807619544e-05, -9.37074728427e-05, 0.00047142841504, -0.000619294471107, 0.00347326556221, 0.000175706867594, 8.11241479823e-05, -0.000136234186357, -0.000763040035963, 0.000359431607649, 0.000222967180889, -0.000681884994265, 0.000379355624318], [0.000131637629238, 9.07768990146e-05, -0.000722534488887, 0.00078864779789, 0.000175706867594, 0.00339780445211, 0.000220018206164, -2.42839632847e-05, -0.000516771804541, -0.000597950245719, -0.000489600468427, -0.000305219989968, -0.000589561939705], [0.000163450386026, -4.0008329961e-05, -0.000172382046003, 0.000114232403575, 8.11241479823e-05, 0.000220018206164, 0.00340356095694, -0.000209234814974, 4.21794611611e-05, -0.000452373613371, -0.000605307635851, -0.000247472518822, -0.000237561136601], [-7.76582019171e-05, -0.000214137282455, 0.000381245219614, -0.000272687000688, -0.000136234186357, -2.42839632847e-05, -0.000209234814974, 0.00455666566268, -0.000310207658913, -2.9250388252e-05, -0.000503080082126, -0.000110853790829, -5.44479989912e-05], [0.000104340266262, 0.00016588937433, -0.000189758182387, 0.000197279980057, -0.000763040035963, -0.000516771804541, 4.21794611611e-05, -0.000310207658913, 0.00634817546234, -0.000706110906322, -0.000104518032458, 0.000872035801876, -0.000593842880335], [-2.54074930126e-05, 0.000552807119675, 0.000727800943423, 0.000555820413865, 0.000359431607649, -0.000597950245719, -0.000452373613371, -2.9250388252e-05, -0.000706110906322, 0.00439928239211, 0.000434906774899, -0.00044996914221, 0.000617799989413], [-9.75534276222e-05, -1.71649353433e-05, 7.2277704021e-05, -0.000132668443257, 0.000222967180889, -0.000489600468427, -0.000605307635851, -0.000503080082126, -0.000104518032458, 0.000434906774899, 0.00437783729285, 0.00137301476207, -0.000996350427158], [6.08370974078e-05, 1.19000969789e-05, 0.000134665795485, 0.000535076134838, -0.000681884994265, -0.000305219989968, -0.000247472518822, -0.000110853790829, 0.000872035801876, -0.00044996914221, 0.00137301476207, 0.00480423169211, 0.000907456385903], [0.000197989982553, 0.000250836426858, 4.08482883358e-05, -0.000671450397931, 0.000379355624318, -0.000589561939705, -0.000237561136601, -5.44479989912e-05, -0.000593842880335, 0.000617799989413, -0.000996350427158, 0.000907456385903, 0.0074181612581]]
    }
}

}