{
"metadata": {
    "version": {
        "essentia": "2.0.1",
        "extractor": "archive-music 1.0 mod ismir14"
    },
    "audio_properties": {
        "analysis_sample_rate": 44100,
        "bitrate": 32,
        "channels": 2,
        "equal_loudness": 0,
        "length": 30.0408172607,
        "replay_gain": -11.8030014038,
        "downmix": "mix"
    },
    "tags": {
        "track": 6,
        "year": 0,
        "album": "Swing Classics (Jazz & Tzaz 70)",
        "artist": "Benny Carter",
        "comment": "",
        "genre": "Jazz",
        "title": "Babalu"
    }
},
"rhythm": {
    "bpm": 92.8061752319,
    "bpm_histogram_first_peak": 92,
    "bpm_histogram_first_peak_spread": 0.5,
    "bpm_histogram_first_peak_weight": 0.444444447756,
    "bpm_histogram_second_peak": 86,
    "bpm_histogram_second_peak_spread": 0,
    "bpm_histogram_second_peak_weight": 0.0666666701436
},
"tonal": {
    "tuning_frequency": {
        "dmean": 0.0442163385451,
        "dmean2": 0.0852365493774,
        "dvar": 0.455222040415,
        "dvar2": 1.09897816181,
        "max": 454.727905273,
        "mean": 436.571105957,
        "median": 436.204162598,
        "min": 435.197479248,
        "var": 1.73873817921
    },
    "hpcp": {
        "dmean": [0.148491948843, 0.146301209927, 0.150928765535, 0.195823147893, 0.144015073776, 0.120243526995, 0.153421893716, 0.129034504294, 0.197224244475, 0.144220709801, 0.188759729266, 0.198879897594],
        "dmean2": [0.275688260794, 0.263585984707, 0.284041315317, 0.352611005306, 0.264515519142, 0.219996884465, 0.268089771271, 0.240395277739, 0.353343904018, 0.270833075047, 0.344705551863, 0.354342639446],
        "dvar": [0.0676579847932, 0.0618148520589, 0.0813847705722, 0.0803797841072, 0.0639872699976, 0.0548335127532, 0.0576128549874, 0.0608911588788, 0.0774458870292, 0.0703227445483, 0.0746265351772, 0.0768333598971],
        "dvar2": [0.193935483694, 0.172286137938, 0.235642552376, 0.215481474996, 0.177977502346, 0.157336711884, 0.154785722494, 0.17218002677, 0.20452581346, 0.204326197505, 0.201423585415, 0.207977965474],
        "max": [1, 1, 1, 1, 1, 1, 1, 1, 1, 1, 1, 1],
        "mean": [0.112782865763, 0.150813117623, 0.110089637339, 0.39356431365, 0.167475253344, 0.0994390100241, 0.235991686583, 0.100290261209, 0.290697276592, 0.10272987932, 0.193625032902, 0.235619425774],
        "median": [0.0120684029534, 0.0210761483759, 0.00390227464959, 0.192974075675, 0.0137011781335, 0.013358254917, 0.0623197779059, 0.00844889506698, 0.10338050127, 0.00921648647636, 0.0640214979649, 0.0626673027873],
        "min": [0, 0, 0, 0, 0, 0, 0, 0, 0, 0, 0, 0],
        "var": [0.0566444136202, 0.0687497034669, 0.067035600543, 0.171771600842, 0.0939032360911, 0.0470141582191, 0.113178767264, 0.0511282235384, 0.131532803178, 0.0506983920932, 0.0801297053695, 0.106416076422]
    }
},
"lowlevel": {
    "melbands": {
        "dmean": [2.84222060145e-05, 0.000123169855215, 0.000138608069392, 0.000255804363405, 0.000309462251607, 0.00034451301326, 0.000266621325864, 0.000365987740224, 0.000262382935034, 0.000164245124324, 0.000119558717415, 0.000103622769529, 9.49184541241e-05, 7.84988078522e-05, 0.00014716606529, 0.000132772591314, 7.56627414376e-05, 4.03859703511e-05, 4.23197452619e-05, 4.56160632893e-05, 1.58341536007e-05, 2.23501301662e-05, 1.1046927284e-05, 7.52579171603e-06, 9.765062714e-06, 3.49897527485e-06, 2.06158597393e-06, 2.46528929893e-06, 1.90481785012e-06, 1.86305760508e-06, 9.49612569912e-07, 4.84145630253e-07, 3.44842504774e-07, 1.31776673129e-07, 6.06068226716e-08, 5.62947306548e-08, 1.68112119781e-08, 2.04427008654e-09, 4.53838994163e-10, 1.37158923108e-10],
        "dmean2": [4.42277923867e-05, 0.000200664042495, 0.000241964677116, 0.000463268137537, 0.0005626307684, 0.000591920921579, 0.000416401278926, 0.000524585950188, 0.000372553738998, 0.000232408041484, 0.00018502122839, 0.000159536517458, 0.000149114857777, 0.000123513105791, 0.000222605682211, 0.000210366953979, 0.000117019582831, 5.9143458202e-05, 6.23267114861e-05, 6.92231260473e-05, 2.51482579188e-05, 3.5674591345e-05, 1.82031617442e-05, 1.17827785289e-05, 1.44596469909e-05, 5.14269231644e-06, 3.30313810082e-06, 3.78546474167e-06, 2.90517323265e-06, 2.73727414424e-06, 1.42463943575e-06, 7.42197471482e-07, 5.38990889254e-07, 2.00312243237e-07, 8.78582682162e-08, 8.63619220581e-08, 2.67082462813e-08, 3.15122972161e-09, 7.11447289969e-10, 2.23194907001e-10],
        "dvar": [1.4292294015e-09, 2.44837519148e-08, 4.65594354182e-08, 1.47723213217e-07, 2.08130629176e-07, 2.83134966139e-07, 1.44354061149e-07, 5.57791167921e-07, 2.35621286038e-07, 9.30727139803e-08, 7.25748350305e-08, 6.16778379481e-08, 4.98711010266e-08, 2.84538419493e-08, 8.47467660492e-08, 1.18683914252e-07, 4.27290309801e-08, 1.07606021871e-08, 1.34681190644e-08, 1.22082601806e-08, 8.93227380949e-10, 3.60375396191e-09, 6.47188469483e-10, 2.49014864284e-10, 5.57517421118e-10, 8.26773302598e-11, 2.41431961229e-11, 6.25310636604e-11, 2.08932489365e-11, 1.80841955993e-11, 5.52145005064e-12, 1.99679205462e-12, 1.42109566302e-12, 1.93195218395e-13, 2.85270193427e-14, 2.67981827457e-14, 1.86090491534e-15, 6.94991922886e-17, 6.54038516815e-18, 6.70951113658e-19],
        "dvar2": [3.13404280305e-09, 6.08957932968e-08, 1.32235868477e-07, 4.41630049863e-07, 6.50539334401e-07, 8.26503594453e-07, 3.5638817053e-07, 1.20044160212e-06, 5.27760448676e-07, 1.98190136302e-07, 1.7675763786e-07, 1.59386246423e-07, 1.25738907286e-07, 7.40035162039e-08, 1.88922015809e-07, 3.093102805e-07, 1.12779140693e-07, 2.31221459757e-08, 3.07962402246e-08, 2.72321312167e-08, 2.1341401979e-09, 9.63508028917e-09, 1.88230897535e-09, 6.16756146155e-10, 1.24507615329e-09, 1.79732687067e-10, 5.94328267156e-11, 1.52866649894e-10, 4.94275939622e-11, 3.9557305348e-11, 1.23251712655e-11, 4.44027063382e-12, 3.89543822546e-12, 4.58051782268e-13, 6.35235069299e-14, 6.82365879838e-14, 4.63357388279e-15, 1.55719317882e-16, 1.4489616911e-17, 1.65426289401e-18],
        "max": [0.000532370002475, 0.00200051930733, 0.00413456885144, 0.00862287171185, 0.00593170197681, 0.00778882252052, 0.0061840028502, 0.0173520352691, 0.009930559434, 0.00531134009361, 0.0055208648555, 0.00478597683832, 0.00430712662637, 0.00384434685111, 0.00570051139221, 0.00548187969252, 0.00482711801305, 0.00273251673207, 0.00213939836249, 0.00278536230326, 0.000649615773, 0.00131777126808, 0.000423319172114, 0.000275420403341, 0.000432409433415, 0.000225215480896, 8.19698761916e-05, 0.000192571271327, 6.77273856127e-05, 7.2757655289e-05, 5.2002051234e-05, 2.85831119982e-05, 2.40386179939e-05, 9.19642752706e-06, 2.88157048089e-06, 3.47290097125e-06, 5.02248610701e-07, 1.78554415697e-07, 6.10162018688e-08, 1.81607848759e-08],
        "mean": [3.92981019104e-05, 0.000175476525328, 0.000175475361175, 0.000323626183672, 0.000410895911045, 0.00056119565852, 0.000608095142525, 0.00122789165471, 0.000762369076256, 0.000427416089224, 0.00029615679523, 0.000242646070546, 0.00018824970175, 0.000145590893226, 0.000295010424452, 0.000239447967033, 0.000178534173756, 9.38100492931e-05, 7.51882398617e-05, 9.88722968032e-05, 3.17835510941e-05, 4.02271471103e-05, 2.19206121983e-05, 1.71520587173e-05, 2.40292538365e-05, 8.15935527498e-06, 4.21743925472e-06, 4.55665622212e-06, 4.69594806418e-06, 5.09229221279e-06, 2.39413088821e-06, 1.17037575365e-06, 7.51290087919e-07, 2.96420466839e-07, 1.29436230623e-07, 1.17661549837e-07, 2.93368405124e-08, 2.6540052378e-09, 4.92540508379e-10, 1.58621657476e-10],
        "median": [2.04381158255e-05, 0.000102663900179, 9.61403857218e-05, 0.000169956067111, 0.000231272133533, 0.000280163076241, 0.000227292242926, 0.000255102728261, 0.00019566892297, 0.000101497964351, 6.68179927743e-05, 4.40119183622e-05, 4.71453022328e-05, 5.33550555701e-05, 6.10723218415e-05, 4.97632790939e-05, 2.4499006031e-05, 2.10307352972e-05, 1.117010288e-05, 1.97159133677e-05, 1.00501292764e-05, 9.6179837783e-06, 7.76099386712e-06, 5.83172823099e-06, 4.10438451581e-06, 2.23096208174e-06, 1.10879773274e-06, 6.00918099281e-07, 1.06644370135e-06, 9.01485009308e-07, 3.3168961977e-07, 1.62429813599e-07, 6.20673148433e-08, 1.82575519148e-08, 8.48101233686e-09, 6.92976209749e-09, 1.43416567511e-09, 2.88371618251e-11, 7.67842300159e-12, 6.09632440016e-12],
        "min": [4.65974307751e-12, 3.46329258674e-12, 2.99615410607e-12, 2.36016067801e-12, 1.06292036804e-12, 1.36375204749e-13, 2.14793731846e-13, 1.77994365124e-13, 1.21119233349e-13, 9.08088599975e-13, 1.46848635682e-12, 5.21003162487e-13, 2.50691633251e-12, 1.86407638457e-12, 1.95752875715e-12, 7.64269236005e-13, 7.15331548336e-13, 1.27739594076e-12, 7.9255840172e-13, 1.57845047796e-12, 1.32186514339e-12, 2.11656836805e-13, 1.46127229241e-12, 9.51775008633e-13, 8.05271539554e-13, 5.06505807348e-13, 4.20352934318e-13, 1.08026120601e-12, 6.29357406034e-14, 7.88987961336e-13, 5.2783672615e-13, 1.8472980849e-13, 2.22439525566e-14, 4.35354267285e-14, 3.11180931283e-14, 5.99775220808e-14, 2.17490854157e-14, 3.4515498234e-14, 3.31788633026e-14, 6.17685766359e-14],
        "var": [2.69454636381e-09, 4.60003306557e-08, 5.8778837797e-08, 1.99570308723e-07, 2.8281291975e-07, 5.66540052205e-07, 7.39430845442e-07, 4.90021329824e-06, 1.613316158e-06, 4.78127105907e-07, 2.66988962494e-07, 1.91495331592e-07, 1.33848601536e-07, 7.45848751649e-08, 3.17524097682e-07, 3.13654254569e-07, 1.57355586339e-07, 4.8465476965e-08, 3.32012390913e-08, 5.49655645443e-08, 2.91949153741e-09, 7.85700660089e-09, 1.44695411208e-09, 8.54289472496e-10, 2.27961138854e-09, 3.70379504844e-10, 7.28186677623e-11, 1.64069424713e-10, 8.34692454044e-11, 9.41939443111e-11, 2.65565468921e-11, 9.02703085892e-12, 5.28558837323e-12, 8.27811614829e-13, 1.24138018116e-13, 9.58953443454e-14, 4.60665051705e-15, 1.18734894789e-16, 8.83911388658e-18, 1.00188798216e-18]
    },
    "mfcc": {
        "dmean": [16.1353874207, 9.95819377899, 9.98730564117, 8.12557220459, 7.90291976929, 7.00647306442, 7.09064674377, 7.1646270752, 7.13940000534, 6.90125083923, 6.75352716446, 6.49268484116, 6.4711561203],
        "dmean2": [17.7657089233, 14.6384038925, 14.59745121, 12.6943340302, 11.8449573517, 11.0408601761, 11.280254364, 11.7341880798, 11.708612442, 11.2225894928, 11.2546882629, 10.7244987488, 10.6978406906],
        "dvar": [475.500732422, 86.1907196045, 100.920516968, 44.6667823792, 42.2961387634, 32.8765563965, 32.2552070618, 31.0552196503, 31.9511413574, 28.5217704773, 25.5581989288, 25.8776988983, 24.3206558228],
        "dvar2": [469.901916504, 153.293548584, 153.097686768, 103.704071045, 86.7840957642, 81.4945220947, 79.290222168, 83.017791748, 87.2077713013, 77.3776779175, 70.9794616699, 68.604019165, 66.4656677246],
        "max": [-534.20904541, 250.175354004, 78.7227783203, 86.4734954834, 45.3692817688, 61.9832382202, 30.1570663452, 37.4602241516, 28.4727745056, 27.9843559265, 32.3010826111, 40.9513244629, 31.1777305603],
        "mean": [-714.42175293, 186.712020874, -53.3762016296, 25.1349754333, -23.8105106354, 2.53936338425, -14.9882087708, -7.2558722496, -5.78799676895, -4.70505809784, 0.241005793214, 3.72298812866, -6.21785068512],
        "median": [-677.964050293, 193.765777588, -68.7995758057, 24.3466682434, -26.3128852844, 1.77947235107, -14.9504547119, -6.9376449585, -5.86991882324, -4.51103210449, 0.383037567139, 2.2801361084, -6.25986099243],
        "min": [-1138.42004395, 1.14440917969e-05, -137.225006104, -32.1529922485, -78.7858276367, -38.3735923767, -67.4952697754, -50.3478088379, -39.5997047424, -42.413230896, -31.219751358, -28.4827537537, -34.6385955811],
        "var": [12357.3535156, 1042.80822754, 1858.08093262, 363.049621582, 561.953063965, 196.144958496, 227.293182373, 114.362724304, 114.606254578, 116.233985901, 87.6812362671, 136.437286377, 75.0379180908],
        "cov": [[12362.1279297, -193.20993042, -4424.63232422, 403.653533936, -2139.93920898, 209.129562378, -1154.5760498, 119.783050537, -441.643493652, 15.8832082748, -119.246742249, 416.112792969, -244.766906738], [-193.20993042, 1043.21118164, 98.8822479248, -287.041503906, 50.3628692627, -257.613647461, 109.865905762, -109.9298172, 84.5318984985, -146.210083008, 24.8359336853, 4.61338233948, 12.2233543396], [-4424.63232422, 98.8822479248, 1858.79882812, -85.2788009644, 784.82244873, -9.66890907288, 393.788879395, 10.3412017822, 143.31930542, 35.1766853333, 27.3908309937, -156.298477173, 80.4583206177], [403.653533936, -287.041503906, -85.2788009644, 363.189910889, 31.0391101837, 123.140815735, -41.4919013977, 11.2514829636, -31.5287151337, 13.1682872772, -11.9641294479, -52.4208984375, -8.25655937195], [-2139.93920898, 50.3628692627, 784.82244873, 31.0391101837, 562.170227051, 21.3330116272, 222.212295532, -11.1069869995, 46.6190795898, 3.716329813, 13.5372800827, -108.519477844, 31.0980873108], [209.129562378, -257.613647461, -9.66890907288, 123.140815735, 21.3330116272, 196.220748901, 2.6074950695, 60.3219604492, -24.8396530151, 45.426158905, 0.163724124432, -20.5800380707, 2.22642540932], [-1154.5760498, 109.865905762, 393.788879395, -41.4919013977, 222.212295532, 2.6074950695, 227.381011963, 6.96609115601, 63.8510475159, -19.7264690399, 12.9449920654, -39.2879943848, 23.8185920715], [119.783050537, -109.9298172, 10.3412017822, 11.2514829636, -11.1069869995, 60.3219604492, 6.96609115601, 114.406913757, 6.14632368088, 47.0496444702, -0.124283604324, 14.2152299881, 5.23582172394], [-441.643493652, 84.5318984985, 143.31930542, -31.5287151337, 46.6190795898, -24.8396530151, 63.8510475159, 6.14632368088, 114.650535583, 11.4543228149, 31.785030365, 5.25015878677, 16.7531700134], [15.8832082748, -146.210083008, 35.1766853333, 13.1682872772, 3.716329813, 45.426158905, -19.7264690399, 47.0496444702, 11.4543228149, 116.278892517, 26.2078914642, 24.0126647949, -0.422487527132], [-119.246742249, 24.8359336853, 27.3908309937, -11.9641294479, 13.5372800827, 0.163724124432, 12.9449920654, -0.124283604324, 31.785030365, 26.2078914642, 87.7151184082, 31.0562324524, 15.8069610596], [416.112792969, 4.61338233948, -156.298477173, -52.4208984375, -108.519477844, -20.5800380707, -39.2879943848, 14.2152299881, 5.25015878677, 24.0126647949, 31.0562324524, 136.490005493, 1.37341427803], [-244.766906738, 12.2233543396, 80.4583206177, -8.25655937195, 31.0980873108, 2.22642540932, 23.8185920715, 5.23582172394, 16.7531700134, -0.422487527132, 15.8069610596, 1.37341427803, 75.06690979]],
        "icov": [[0.0031055950094, -0.00334791094065, 0.00461581908166, -0.00320766470395, 0.00386297376826, -0.00415152404457, 0.00348159205168, -0.0031280068215, 0.00301189976744, -0.00274443277158, 0.00216344813816, -0.00167205824982, 0.00189494737424], [-0.00334791094065, 0.00559730501845, -0.00475104572251, 0.00442902417853, -0.00445827050135, 0.00595920719206, -0.00420847116038, 0.00367115763947, -0.00404280843213, 0.00469834124669, -0.00306874536909, 0.0020850263536, -0.00196215510368], [0.00461581908166, -0.00475104572251, 0.00848036725074, -0.00422814767808, 0.00388055550866, -0.00581188639626, 0.00448658550158, -0.00473997462541, 0.00370426452719, -0.00459747947752, 0.00347441225313, -0.00197645905428, 0.00219346769154], [-0.00320766470395, 0.00442902417853, -0.00422814767808, 0.00786610879004, -0.00510980654508, 0.00240707048215, -0.00251270993613, 0.00390403741039, -0.00394076388329, 0.0039432104677, -0.00255713169463, 0.00303721404634, -0.00182825187221], [0.00386297376826, -0.00445827050135, 0.00388055550866, -0.00510980654508, 0.0105053074658, -0.00523367337883, 0.0016435344005, -0.00303466082551, 0.00532406847924, -0.00431385263801, 0.00190382101573, -0.000696643197443, 0.00249318964779], [-0.00415152404457, 0.00595920719206, -0.00581188639626, 0.00240707048215, -0.00523367337883, 0.0154612082988, -0.00653198128566, 0.000824649876449, -0.00223202374764, 0.00264577474445, -0.00413698609918, 0.00351989339106, -0.00296854320914], [0.00348159205168, -0.00420847116038, 0.00448658550158, -0.00251270993613, 0.0016435344005, -0.00653198128566, 0.0138437841088, -0.00487293442711, -0.000151301224832, -0.000108238753455, 0.00232954975218, -0.0020103265997, 0.00199187872931], [-0.0031280068215, 0.00367115763947, -0.00473997462541, 0.00390403741039, -0.00303466082551, 0.000824649876449, -0.00487293442711, 0.0159224327654, -0.00400017388165, -0.00119252735749, 4.89683188789e-05, 0.000514538201969, -0.00275268428959], [0.00301189976744, -0.00404280843213, 0.00370426452719, -0.00394076388329, 0.00532406847924, -0.00223202374764, -0.000151301224832, -0.00400017388165, 0.0159980766475, -0.00485186325386, -0.00122992810793, -0.00153926794883, 0.000952352711465], [-0.00274443277158, 0.00469834124669, -0.00459747947752, 0.0039432104677, -0.00431385263801, 0.00264577474445, -0.000108238753455, -0.00119252735749, -0.00485186325386, 0.0171715561301, -0.00576017098501, -2.41973839366e-06, -0.000133695764816], [0.00216344813816, -0.00306874536909, 0.00347441225313, -0.00255713169463, 0.00190382101573, -0.00413698609918, 0.00232954975218, 4.89683188789e-05, -0.00122992810793, -0.00576017098501, 0.017216142267, -0.00478497007862, -0.00115545780864], [-0.00167205824982, 0.0020850263536, -0.00197645905428, 0.00303721404634, -0.000696643197443, 0.00351989339106, -0.0020103265997, 0.000514538201969, -0.00153926794883, -2.41973839366e-06, -0.00478497007862, 0.0117640458047, -0.0014169877395], [0.00189494737424, -0.00196215510368, 0.00219346769154, -0.00182825187221, 0.00249318964779, -0.00296854320914, 0.00199187872931, -0.00275268428959, 0.000952352711465, -0.000133695764816, -0.00115545780864, -0.0014169877395, 0.0159387178719]]
    }
}

}