{
"metadata": {
    "version": {
        "essentia": "2.0.1",
        "extractor": "archive-music 1.0 mod ismir14"
    },
    "audio_properties": {
        "analysis_sample_rate": 44100,
        "bitrate": 32,
        "channels": 2,
        "equal_loudness": 0,
        "length": 30.0408172607,
        "replay_gain": -13.0509872437,
        "downmix": "mix"
    },
    "tags": {
        "track": 0,
        "year": 0,
        "album": "",
        "artist": "",
        "comment": "",
        "genre": "",
        "title": ""
    }
},
"rhythm": {
    "bpm": 172.265625,
    "bpm_histogram_first_peak": 172,
    "bpm_histogram_first_peak_spread": 0,
    "bpm_histogram_first_peak_weight": 0.441860467196,
    "bpm_histogram_second_peak": 178,
    "bpm_histogram_second_peak_spread": 0,
    "bpm_histogram_second_peak_weight": 0.430232554674
},
"tonal": {
    "tuning_frequency": {
        "dmean": 0.237641319633,
        "dmean2": 0.456691861153,
        "dvar": 3.29426717758,
        "dvar2": 7.06734704971,
        "max": 456.570251465,
        "mean": 445.963195801,
        "median": 443.572570801,
        "min": 436.960693359,
        "var": 33.6179962158
    },
    "hpcp": {
        "dmean": [0.166974321008, 0.162494555116, 0.160623311996, 0.215903803706, 0.0941240936518, 0.158047601581, 0.198733538389, 0.262179851532, 0.159506842494, 0.110294289887, 0.260887145996, 0.0761908963323],
        "dmean2": [0.282724350691, 0.283809781075, 0.272857159376, 0.360881268978, 0.166889637709, 0.271077036858, 0.333924293518, 0.45085734129, 0.274378627539, 0.195646613836, 0.453732103109, 0.134442731738],
        "dvar": [0.0433522202075, 0.0577150844038, 0.0483079329133, 0.0623592212796, 0.0231688003987, 0.0525928139687, 0.0547231547534, 0.0730804875493, 0.0489782318473, 0.0307666100562, 0.0712472349405, 0.0189341511577],
        "dvar2": [0.109664328396, 0.148460879922, 0.118903003633, 0.133587017655, 0.0591937303543, 0.113229967654, 0.127599969506, 0.179055765271, 0.11985835433, 0.0806913375854, 0.142859607935, 0.049225628376],
        "max": [1, 1, 1, 1, 1, 1, 1, 1, 1, 1, 1, 1],
        "mean": [0.236488059163, 0.151554360986, 0.162752479315, 0.269822984934, 0.0873063132167, 0.258862048388, 0.278007477522, 0.341625243425, 0.192690640688, 0.110177144408, 0.633968710899, 0.0762070044875],
        "median": [0.139153748751, 0.0410320907831, 0.0615378990769, 0.133272603154, 0.0312428027391, 0.091153383255, 0.13477255404, 0.205783456564, 0.0669316500425, 0.0396778024733, 0.671068310738, 0.0315462201834],
        "min": [0.00166388519574, 0.000251967838267, 0.000863960769493, 0.000535126193427, 0.000720309384633, 0.00331342732534, 0.000594789627939, 0.000885995454155, 0.000559274689294, 9.52028494794e-05, 0.0101089170203, 0.000583413639106],
        "var": [0.0688498020172, 0.0584552437067, 0.0570933446288, 0.0948049277067, 0.0229019019753, 0.11383857578, 0.101580217481, 0.113811835647, 0.0771387666464, 0.032996173948, 0.127331733704, 0.0176081974059]
    }
},
"lowlevel": {
    "melbands": {
        "dmean": [4.99234083691e-05, 0.000215081468923, 0.000196713910555, 0.000107623236545, 6.49553330732e-05, 0.00011584731692, 0.000116663388326, 0.000124276892166, 0.000131148175569, 6.9487701694e-05, 5.14682578796e-05, 3.02367679978e-05, 2.46865311055e-05, 1.58150978677e-05, 2.53323432844e-05, 1.3720545212e-05, 1.52427810463e-05, 1.14702716019e-05, 8.66970185598e-06, 7.5747034316e-06, 6.71851194056e-06, 6.67745462124e-06, 8.94607546797e-06, 8.60240106704e-06, 6.64647131998e-06, 5.08676612299e-06, 4.95140420753e-06, 3.0756614251e-06, 1.27036116737e-06, 1.13420412617e-06, 8.56211045175e-07, 5.01428644384e-07, 2.36235393913e-07, 1.8127022372e-07, 1.75317495632e-07, 1.52825720079e-07, 1.48445266746e-07, 1.11028022332e-07, 6.19675759594e-08, 3.10481489407e-08],
        "dmean2": [7.47527519707e-05, 0.000330887327436, 0.000307978451019, 0.000149048064486, 0.00010364366608, 0.000186092802323, 0.000188618039829, 0.000206918193726, 0.000196252440219, 0.000104271326563, 7.93153958512e-05, 4.6029308578e-05, 3.77605501853e-05, 2.32494003285e-05, 4.05497630709e-05, 2.14225710806e-05, 2.30199475482e-05, 1.77362835529e-05, 1.41225928019e-05, 1.09991615318e-05, 1.01000450741e-05, 1.02837802842e-05, 1.30764201458e-05, 1.25231172206e-05, 1.00762672446e-05, 7.77453715273e-06, 7.41746953281e-06, 4.9379077609e-06, 1.98288489628e-06, 1.69044278664e-06, 1.26592783545e-06, 7.64129651998e-07, 3.63927881608e-07, 2.74837532288e-07, 2.74374002629e-07, 2.42249740268e-07, 2.38957341026e-07, 1.80836082109e-07, 9.96564608613e-08, 4.86693885193e-08],
        "dvar": [4.54019355445e-09, 9.27547390006e-08, 5.62665327664e-08, 2.79405938386e-08, 6.97998725485e-09, 1.79560846192e-08, 2.53123850769e-08, 5.27098045211e-08, 5.42692077943e-08, 2.88952435312e-08, 8.20455436923e-09, 8.79603145876e-09, 7.13776726613e-09, 1.25876464807e-09, 7.13675296637e-09, 1.25365362535e-09, 1.74269476627e-09, 6.33041008502e-10, 2.92838475691e-10, 3.35911326532e-10, 1.51826939909e-10, 1.63837513001e-10, 3.17117138104e-10, 3.53422513477e-10, 2.01517982856e-10, 9.56101933736e-11, 1.43412892673e-10, 8.43496175684e-11, 4.37848238569e-12, 6.87596767718e-12, 4.48430528821e-12, 1.65069054345e-12, 1.83592466859e-13, 6.66875409061e-14, 5.70033115762e-14, 3.36471641022e-14, 3.97870213338e-14, 2.57219409888e-14, 7.81853846666e-15, 1.76667557045e-15],
        "dvar2": [9.15148046232e-09, 2.13036003061e-07, 1.1642801212e-07, 4.81785313866e-08, 1.71959957385e-08, 4.48190853319e-08, 6.40825348341e-08, 1.37817195878e-07, 9.7139498223e-08, 5.33844506379e-08, 1.90436217906e-08, 1.94147080634e-08, 1.72410619115e-08, 2.82059042789e-09, 1.80495778324e-08, 2.57628496314e-09, 3.50593798437e-09, 1.42916634083e-09, 6.37361496914e-10, 6.78296419032e-10, 3.26184329547e-10, 3.38245292886e-10, 5.72434766255e-10, 5.91939330885e-10, 4.62898386289e-10, 1.84192910924e-10, 3.45019568471e-10, 2.14086220973e-10, 1.05106028048e-11, 1.31187552141e-11, 8.93619813563e-12, 3.92896435872e-12, 3.96644441467e-13, 1.33830622908e-13, 1.12010396889e-13, 7.72170074734e-14, 1.01277235838e-13, 6.4176975908e-14, 1.99479664151e-14, 4.02437508163e-15],
        "max": [0.00091712991707, 0.00255188602023, 0.00167207384948, 0.00195355573669, 0.00092521350598, 0.000981305958703, 0.00117718463298, 0.0018486045301, 0.00437066564336, 0.00278744427487, 0.00106599449646, 0.00116656837054, 0.00109705305658, 0.000462198338937, 0.00123429810628, 0.000455812813016, 0.000657718046568, 0.000377077463781, 0.000163091579452, 0.000351636263076, 0.000116820367111, 0.000142031130963, 0.00019507840625, 0.000237420739722, 0.000167417558259, 0.00011658850417, 0.000137555965921, 0.000131306995172, 2.45007340709e-05, 5.54660327907e-05, 3.41312334058e-05, 2.26516112889e-05, 5.61862952964e-06, 4.22032371716e-06, 3.82143161914e-06, 2.17212505049e-06, 2.47837556344e-06, 2.03107811103e-06, 8.20700449822e-07, 6.38806170628e-07],
        "mean": [7.72381317802e-05, 0.000292314274702, 0.000313943746733, 0.000166860219906, 9.14940537768e-05, 0.000164484081324, 0.000160012205015, 0.000120950207929, 0.000194339882, 9.99986223178e-05, 7.5903510151e-05, 3.40957121807e-05, 2.65534763457e-05, 1.88454359886e-05, 3.09293791361e-05, 1.73724092747e-05, 1.86715842574e-05, 1.51712001752e-05, 1.06739980765e-05, 9.44796647673e-06, 8.75481055118e-06, 8.96494202607e-06, 1.39302965181e-05, 1.54218450916e-05, 9.76567662292e-06, 8.25245388114e-06, 6.79445383867e-06, 3.90195236832e-06, 2.0396405489e-06, 1.71342230715e-06, 1.37319727855e-06, 8.55864414007e-07, 4.21394418026e-07, 3.33034165578e-07, 3.22485504967e-07, 2.65324871407e-07, 2.46675256221e-07, 1.75568459326e-07, 9.6639425351e-08, 5.09942736926e-08],
        "median": [4.56844718428e-05, 0.000174160610186, 0.000211327089346, 8.93344549695e-05, 5.89435949223e-05, 0.000110437016701, 8.51877703099e-05, 3.93911141146e-05, 8.6989661213e-05, 4.04617712775e-05, 3.69397384929e-05, 9.60607394518e-06, 6.08738582741e-06, 6.41441783955e-06, 1.2253281966e-05, 5.54274629394e-06, 4.64098320663e-06, 3.71544820155e-06, 3.28000533045e-06, 2.13660064219e-06, 2.27176678891e-06, 2.13030489249e-06, 1.80264510163e-06, 1.55008717684e-06, 2.23189135795e-06, 2.40454050981e-06, 9.46532850321e-07, 1.03661704998e-06, 1.0482383459e-06, 6.67587073622e-07, 3.82816267575e-07, 3.45443197602e-07, 2.18722377099e-07, 1.93457296405e-07, 1.80114142267e-07, 1.53145379045e-07, 1.6172502626e-07, 1.08300319823e-07, 5.45213190151e-08, 3.28859108834e-08],
        "min": [2.72764964393e-06, 1.31846154545e-05, 2.5174260827e-06, 3.85465727959e-06, 1.41167868151e-06, 6.35914830127e-07, 9.45437705013e-07, 3.39080514777e-07, 1.19307955515e-07, 1.3844370983e-07, 1.27589970589e-07, 3.9301308874e-08, 6.78723566239e-08, 8.69181278063e-08, 3.86747736059e-08, 3.67113557331e-08, 1.84337238807e-08, 2.66752024913e-08, 2.53505003656e-08, 3.6471359266e-08, 5.92475331018e-08, 5.58342350132e-08, 5.4545118644e-08, 5.05431323461e-08, 4.80016524307e-08, 2.99713498464e-08, 1.1429370339e-08, 1.06223643215e-08, 3.31440581647e-08, 1.28703563362e-08, 1.20497150036e-08, 1.22531726987e-08, 1.05972413067e-08, 4.92415219711e-09, 4.74304062692e-09, 4.93467933183e-09, 8.12507394699e-09, 5.73132385995e-09, 2.98030200518e-09, 9.69019975372e-10],
        "var": [1.0613132595e-08, 1.2002828953e-07, 8.83999646817e-08, 5.68664546563e-08, 1.01200434699e-08, 2.57045229546e-08, 3.27666285216e-08, 4.52424906427e-08, 1.72336058313e-07, 5.7080548288e-08, 1.435690411e-08, 1.05079225321e-08, 8.14415024308e-09, 1.89621451874e-09, 6.84616940916e-09, 1.83984427693e-09, 2.75501776947e-09, 1.28107946473e-09, 3.99979632748e-10, 6.62503052418e-10, 3.14367643028e-10, 2.92981777728e-10, 8.14507072899e-10, 1.14151998964e-09, 4.05910471901e-10, 2.37710462425e-10, 2.74749473173e-10, 1.09283762595e-10, 8.99332865123e-12, 1.50214909955e-11, 9.15489385689e-12, 2.40913994483e-12, 4.14544727755e-13, 1.88014168579e-13, 1.95114933867e-13, 8.82925527937e-14, 6.15755479916e-14, 3.54743090372e-14, 1.23301696747e-14, 3.00858331337e-15]
    },
    "mfcc": {
        "dmean": [27.5843715668, 9.99198055267, 11.8791360855, 7.84659528732, 8.47390937805, 6.85438108444, 7.36839294434, 6.63167762756, 6.09192466736, 6.00271987915, 5.77026796341, 5.47070407867, 5.93988466263],
        "dmean2": [38.9393424988, 15.1699037552, 17.3068695068, 11.7368297577, 12.5336008072, 10.2669725418, 11.143078804, 10.3569355011, 9.52848529816, 9.29790115356, 8.93113422394, 8.50698757172, 9.32619857788],
        "dvar": [624.232543945, 71.1167984009, 94.4627838135, 39.0691795349, 46.5579338074, 30.1127376556, 37.6312446594, 29.3392524719, 20.0028152466, 25.6873855591, 19.5924491882, 17.8575115204, 22.871931076],
        "dvar2": [1095.96594238, 156.513458252, 173.60168457, 79.3255844116, 98.1640777588, 62.4066505432, 71.7941818237, 71.9737701416, 51.8103942871, 57.5239677429, 49.0208625793, 42.3750991821, 51.513961792],
        "max": [-578.9921875, 178.702362061, 49.043346405, 74.53465271, 34.2816543579, 27.3426265717, 40.2301025391, 29.6485691071, 16.4018554688, 32.466217041, 29.980134964, 24.2196426392, 18.3411045074],
        "mean": [-686.695495605, 122.966400146, -3.01438236237, 25.5530052185, -7.89364051819, -4.8005194664, -3.58790445328, -0.219442367554, -5.51748466492, 6.38832235336, 1.07687699795, 2.62625074387, -7.9590754509],
        "median": [-693.589172363, 125.55947876, -1.08544540405, 23.191192627, -9.07992362976, -4.48984718323, -4.93926811218, -0.803071022034, -5.00305843353, 7.09133338928, 0.886817932129, 2.75091648102, -6.71191596985],
        "min": [-908.910949707, 57.7738952637, -67.2980194092, -19.9735946655, -44.6500320435, -34.4702682495, -33.7471199036, -25.5405883789, -37.3143119812, -32.4272003174, -22.3560752869, -19.65666008, -42.650844574],
        "var": [1831.01660156, 430.678375244, 443.102142334, 202.464981079, 178.346420288, 116.73626709, 148.716308594, 81.676109314, 74.0336990356, 88.5389022827, 64.4177093506, 57.1573295593, 86.0390930176],
        "cov": [[1833.84655762, -429.888916016, -619.161132812, 79.0559921265, 74.2415924072, -137.301895142, -8.54968643188, 68.1476974487, -24.1614665985, -64.4592819214, 1.57210898399, -24.7710323334, -58.1500740051], [-429.888916016, 431.344024658, 167.504364014, -157.547973633, -92.9416503906, 48.1930580139, -12.0038805008, -65.8062362671, 25.0453624725, 41.1672973633, 13.4318561554, 40.0975914001, 42.3921051025], [-619.161132812, 167.504364014, 443.786987305, 9.14556884766, 8.11137580872, 63.5997085571, -1.90347278118, -7.31136512756, 9.44801807404, 14.4991321564, -13.2004899979, -5.4252576828, 27.0389728546], [79.0559921265, -157.547973633, 9.14556884766, 202.777923584, 109.173881531, -49.1270141602, -30.1737518311, 33.0062522888, -8.95815467834, -21.4700584412, -9.91552639008, -19.4356479645, -4.6144952774], [74.2415924072, -92.9416503906, 8.11137580872, 109.173881531, 178.622070312, -14.7339448929, -39.0884170532, 28.0618457794, -8.72357654572, -15.6015911102, -19.105009079, -15.1726360321, -0.399999469519], [-137.301895142, 48.1930580139, 63.5997085571, -49.1270141602, -14.7339448929, 116.916694641, 71.4389190674, -0.580738306046, -3.00159287453, -16.2071418762, -6.48691225052, -0.170728206635, -19.5782546997], [-8.54968643188, -12.0038805008, -1.90347278118, -30.1737518311, -39.0884170532, 71.4389190674, 148.946166992, 37.6562309265, -26.9293289185, -22.9936122894, -11.5903463364, 3.4830262661, -18.3500957489], [68.1476974487, -65.8062362671, -7.31136512756, 33.0062522888, 28.0618457794, -0.580738306046, 37.6562309265, 81.8023529053, 1.87584388256, -28.1014499664, -6.73360538483, -7.42733764648, -5.146879673], [-24.1614665985, 25.0453624725, 9.44801807404, -8.95815467834, -8.72357654572, -3.00159287453, -26.9293289185, 1.87584388256, 74.1481246948, 32.5456390381, 3.88645386696, -0.0880025923252, 3.71525120735], [-64.4592819214, 41.1672973633, 14.4991321564, -21.4700584412, -15.6015911102, -16.2071418762, -22.9936122894, -28.1014499664, 32.5456390381, 88.6757507324, 24.8260192871, 1.03089845181, 12.7325458527], [1.57210898399, 13.4318561554, -13.2004899979, -9.91552639008, -19.105009079, -6.48691225052, -11.5903463364, -6.73360538483, 3.88645386696, 24.8260192871, 64.5172729492, 20.8038215637, -8.57873153687], [-24.7710323334, 40.0975914001, -5.4252576828, -19.4356479645, -15.1726360321, -0.170728206635, 3.4830262661, -7.42733764648, -0.0880025923252, 1.03089845181, 20.8038215637, 57.2456703186, 28.3984279633], [-58.1500740051, 42.3921051025, 27.0389728546, -4.6144952774, -0.399999469519, -19.5782546997, -18.3500957489, -5.146879673, 3.71525120735, 12.7325458527, -8.57873153687, 28.3984279633, 86.1720733643]],
        "icov": [[0.00122188124806, 0.000547023257241, 0.00136186310556, 0.000372909475118, -0.000437966984464, 0.000789107754827, -0.000233532613493, -0.00010397555161, -0.000285747810267, 0.000636221200693, -0.000240350767854, 0.000337630102877, 5.25104842382e-05], [0.000547023257241, 0.00512558873743, -0.00123318471014, 0.00346061820164, -4.36663649452e-05, 0.000425111444201, 0.000176201079739, 0.00205784384161, -0.00109059025999, 0.000433620502008, -0.000240239140112, -0.00154793646652, -0.000854139856528], [0.00136186310556, -0.00123318471014, 0.00504131475464, -0.00179273390677, 0.00012112136028, -0.00225255079567, 0.00113389326725, -0.00163749128114, 0.000648083572742, -0.000568861200009, 0.000455878995126, 0.00133792252745, -0.000859176856466], [0.000372909475118, 0.00346061820164, -0.00179273390677, 0.0115841217339, -0.00548915565014, 0.00556051451713, -0.00194165157154, 0.00146431976464, -0.00179400539491, 0.00305373780429, -0.00209382083267, 0.00124671368394, -0.000349262001691], [-0.000437966984464, -4.36663649452e-05, 0.00012112136028, -0.00548915565014, 0.0110610174015, -0.00539298541844, 0.00633342983201, -0.00525379180908, 0.00396296754479, -0.00346167641692, 0.00436274288222, -0.00202553370036, 0.000697412644513], [0.000789107754827, 0.000425111444201, -0.00225255079567, 0.00556051451713, -0.00539298541844, 0.0206023473293, -0.0121200317517, 0.00743923569098, -0.00635138479993, 0.0070926938206, -0.00341135985218, 0.00215063849464, 0.00202462263405], [-0.000233532613493, 0.000176201079739, 0.00113389326725, -0.00194165157154, 0.00633342983201, -0.0121200317517, 0.0184208545834, -0.0117319244891, 0.00908648502082, -0.00652605341747, 0.00676994491369, -0.00552466418594, 0.00286080432124], [-0.00010397555161, 0.00205784384161, -0.00163749128114, 0.00146431976464, -0.00525379180908, 0.00743923569098, -0.0117319244891, 0.023964477703, -0.00953662674874, 0.0102924890816, -0.00641674455255, 0.00508510135114, -0.00331567157991], [-0.000285747810267, -0.00109059025999, 0.000648083572742, -0.00179400539491, 0.00396296754479, -0.00635138479993, 0.00908648502082, -0.00953662674874, 0.021741874516, -0.0113268429413, 0.00589562533423, -0.00384961813688, 0.00257679168135], [0.000636221200693, 0.000433620502008, -0.000568861200009, 0.00305373780429, -0.00346167641692, 0.0070926938206, -0.00652605341747, 0.0102924890816, -0.0113268429413, 0.0226991157979, -0.0115796215832, 0.00822721607983, -0.00535125145689], [-0.000240350767854, -0.000240239140112, 0.000455878995126, -0.00209382083267, 0.00436274288222, -0.00341135985218, 0.00676994491369, -0.00641674455255, 0.00589562533423, -0.0115796215832, 0.026856534183, -0.0146982995793, 0.00897874310613], [0.000337630102877, -0.00154793646652, 0.00133792252745, 0.00124671368394, -0.00202553370036, 0.00215063849464, -0.00552466418594, 0.00508510135114, -0.00384961813688, 0.00822721607983, -0.0146982995793, 0.0311149507761, -0.0125242359936], [5.25104842382e-05, -0.000854139856528, -0.000859176856466, -0.000349262001691, 0.000697412644513, 0.00202462263405, 0.00286080432124, -0.00331567157991, 0.00257679168135, -0.00535125145689, 0.00897874310613, -0.0125242359936, 0.0188864730299]]
    }
}

}