{
"metadata": {
    "version": {
        "essentia": "2.0.1",
        "extractor": "archive-music 1.0 mod ismir14"
    },
    "audio_properties": {
        "analysis_sample_rate": 44100,
        "bitrate": 32,
        "channels": 2,
        "equal_loudness": 0,
        "length": 30.0408172607,
        "replay_gain": -13.2441959381,
        "downmix": "mix"
    },
    "tags": {
        "track": 0,
        "year": 0,
        "album": "",
        "artist": "",
        "comment": "",
        "genre": "",
        "title": ""
    }
},
"rhythm": {
    "bpm": 90.2969741821,
    "bpm_histogram_first_peak": 91,
    "bpm_histogram_first_peak_spread": 0.365853667259,
    "bpm_histogram_first_peak_weight": 0.604651153088,
    "bpm_histogram_second_peak": 85,
    "bpm_histogram_second_peak_spread": 0,
    "bpm_histogram_second_peak_weight": 0.0465116277337
},
"tonal": {
    "tuning_frequency": {
        "dmean": 0.172242820263,
        "dmean2": 0.326064884663,
        "dvar": 2.47297620773,
        "dvar2": 6.35292243958,
        "max": 456.306610107,
        "mean": 446.999847412,
        "median": 444.085327148,
        "min": 432.940917969,
        "var": 19.416179657
    },
    "hpcp": {
        "dmean": [0.229290187359, 0.145679503679, 0.112760566175, 0.126585960388, 0.228362962604, 0.311995506287, 0.186954841018, 0.20126272738, 0.147199943662, 0.0855372324586, 0.0900767147541, 0.101935476065],
        "dmean2": [0.390393435955, 0.27490234375, 0.194768384099, 0.230954289436, 0.403591662645, 0.573462605476, 0.356353193521, 0.345695883036, 0.26906093955, 0.155330881476, 0.156160250306, 0.176885157824],
        "dvar": [0.0817679092288, 0.0658618062735, 0.0303424801677, 0.049875870347, 0.0803353637457, 0.114177674055, 0.0942877158523, 0.0693583115935, 0.0612487085164, 0.0289584156126, 0.0262286998332, 0.0298290811479],
        "dvar2": [0.180962219834, 0.184512346983, 0.0760506913066, 0.12218143791, 0.207486584783, 0.27124145627, 0.259320229292, 0.160363644361, 0.175114303827, 0.0795393586159, 0.0624412745237, 0.0766684412956],
        "max": [1, 1, 1, 1, 1, 1, 1, 1, 1, 1, 1, 1],
        "mean": [0.435295373201, 0.0992466285825, 0.133716359735, 0.126033738256, 0.219109281898, 0.455749988556, 0.135826870799, 0.262974888086, 0.130685210228, 0.077278777957, 0.09611851722, 0.0995895713568],
        "median": [0.237003564835, 0.0175194460899, 0.0471449196339, 0.0253943391144, 0.0681915134192, 0.30933791399, 0.0227664671838, 0.107310414314, 0.0321059077978, 0.0240652170032, 0.0298277810216, 0.0335419178009],
        "min": [0.00192639126908, 0.000437484792201, 0.000957687967457, 0.000302071799524, 0.00135441950988, 0.00119792274199, 0.000402695208322, 0.00174791470636, 0.000476483546663, 0.000430782791227, 0.000587556278333, 0.000754823500756],
        "var": [0.167680710554, 0.0443988330662, 0.0447620823979, 0.0610688626766, 0.0905289053917, 0.167448043823, 0.0748951137066, 0.107147581875, 0.0592737793922, 0.0240477882326, 0.0317635647953, 0.0296284649521]
    }
},
"lowlevel": {
    "melbands": {
        "dmean": [0.000236270789173, 0.000487767509185, 0.000175858789589, 0.00012000996503, 8.81663581822e-05, 6.24745662208e-05, 8.15021921881e-05, 0.000120801938465, 0.000194801803445, 0.000149468280142, 5.62923960388e-05, 6.94861810189e-05, 6.67075946694e-05, 3.45170155924e-05, 5.57914863748e-05, 6.57121490804e-05, 1.40494312291e-05, 1.03241918623e-05, 5.3597123042e-06, 6.24181939202e-06, 9.78120260697e-06, 7.37745040169e-06, 1.42591989061e-05, 1.2134233657e-05, 6.65534616928e-06, 6.75089086144e-06, 6.3323464019e-06, 3.93327536585e-06, 1.65614449088e-06, 1.49199411226e-06, 7.28070688183e-07, 3.04974662413e-07, 1.64917594248e-07, 1.49208958078e-07, 1.42520406143e-07, 1.38771056868e-07, 1.13832719251e-07, 1.50968602952e-07, 1.45221250136e-07, 1.15768301612e-07],
        "dmean2": [0.000385409308365, 0.000715228670742, 0.00027408124879, 0.000192675855942, 0.00014222493337, 9.59690150921e-05, 0.000126256578369, 0.000189421669347, 0.000318489561323, 0.000247487449087, 9.06356290216e-05, 0.000108413834823, 0.000100317964097, 5.83794608247e-05, 9.44014609559e-05, 0.000108335640107, 2.14097890421e-05, 1.67478192452e-05, 8.5496903921e-06, 9.78078151093e-06, 1.53966702783e-05, 1.16508863357e-05, 2.34543404076e-05, 1.94670028577e-05, 1.06378565761e-05, 1.03362226582e-05, 1.016331953e-05, 6.33377476333e-06, 2.62683329311e-06, 2.41223119701e-06, 1.16777425774e-06, 4.79702123357e-07, 2.54590815985e-07, 2.34900866758e-07, 2.25573501211e-07, 2.22641986625e-07, 1.75869516283e-07, 2.37466622366e-07, 2.22422087859e-07, 1.8015808223e-07],
        "dvar": [6.02631331503e-08, 2.13599719245e-07, 3.37222481051e-08, 2.94859727745e-08, 2.25153122813e-08, 7.63406760029e-09, 1.82555037753e-08, 4.59683064946e-08, 1.47845810261e-07, 1.79680128554e-07, 7.82157769663e-08, 3.40562351653e-08, 3.13320676071e-08, 7.73224595463e-09, 1.78110468596e-08, 3.57122758032e-08, 2.46890796696e-09, 7.34981076e-10, 7.24172874444e-11, 5.80962951358e-11, 2.11250808513e-10, 1.22909335487e-10, 5.57715762461e-10, 3.8706404748e-10, 1.00883794374e-10, 1.0205580131e-10, 1.26753774143e-10, 4.75158141999e-11, 7.0299803305e-12, 7.1432235127e-12, 1.27686663326e-12, 1.83648845371e-13, 4.02487085002e-14, 3.69302265363e-14, 3.61734534199e-14, 2.68693758649e-14, 1.81182871576e-14, 3.85056536081e-14, 4.70821908479e-14, 2.30566332357e-14],
        "dvar2": [1.63662164709e-07, 4.66855027526e-07, 6.95963962016e-08, 7.46223847159e-08, 5.6366335599e-08, 1.6556212401e-08, 3.77694107101e-08, 1.06999948457e-07, 3.622384952e-07, 4.18662835955e-07, 1.6001882841e-07, 8.08581006595e-08, 6.76305305092e-08, 2.09126529427e-08, 4.64527225574e-08, 8.63408118335e-08, 4.0499261722e-09, 1.69109737325e-09, 1.70828323709e-10, 1.45595063783e-10, 5.05260389083e-10, 3.15057979705e-10, 1.41216760507e-09, 9.52987466718e-10, 2.42492498304e-10, 2.44907510938e-10, 3.31064925474e-10, 1.24614790709e-10, 1.62224435274e-11, 1.75749883397e-11, 3.24484774987e-12, 4.66595078547e-13, 9.39889306792e-14, 8.68813281409e-14, 8.69690604255e-14, 6.07573344934e-14, 3.87384656959e-14, 8.39447936618e-14, 1.1442737491e-13, 4.8958548397e-14],
        "max": [0.00218441872858, 0.0046063689515, 0.00247768266127, 0.00203448021784, 0.00149717507884, 0.00127908599097, 0.00224207388237, 0.00166586693376, 0.00450173253193, 0.00471163913608, 0.00590835884213, 0.00201810966246, 0.00265691196546, 0.000705228885636, 0.00133274262771, 0.00233116815798, 0.00109723152127, 0.000372452806914, 9.78736570687e-05, 4.82227515022e-05, 0.000145391371916, 9.18731457205e-05, 0.000209075951716, 0.000139050447615, 7.90737758507e-05, 9.97811293928e-05, 0.000104349463072, 7.62200943427e-05, 2.17092438106e-05, 2.77013896266e-05, 8.58375824464e-06, 4.67598511023e-06, 1.60080855949e-06, 1.59629314567e-06, 1.71318276898e-06, 1.56561418407e-06, 1.29868362819e-06, 1.95261327463e-06, 2.88420073957e-06, 1.6611055571e-06],
        "mean": [0.000418489973526, 0.00108186970465, 0.000353725452442, 0.000166363621247, 0.000112103123683, 9.18265868677e-05, 0.000120337848784, 0.000146853009937, 0.000241994901444, 0.000152305830852, 5.74421937927e-05, 7.19234958524e-05, 8.43598827487e-05, 3.54206276825e-05, 5.95112542214e-05, 6.49263965897e-05, 1.53321525431e-05, 1.12244015327e-05, 6.60836622046e-06, 7.82328243076e-06, 1.1816312508e-05, 8.66540995048e-06, 1.49558472913e-05, 1.17196859719e-05, 7.32798662284e-06, 8.10763776826e-06, 6.56357769913e-06, 4.01423994845e-06, 1.92633592633e-06, 1.51880783505e-06, 8.11305142179e-07, 4.19949600428e-07, 2.58359875716e-07, 2.32815963841e-07, 2.21805862566e-07, 2.28010975434e-07, 1.82848964414e-07, 2.55209954503e-07, 2.34184824421e-07, 1.92867872784e-07],
        "median": [0.000344576372299, 0.000829587690532, 0.000293013872579, 0.0001072196319, 5.1177747082e-05, 4.65118937427e-05, 5.08228695253e-05, 5.10243698955e-05, 7.90721533122e-05, 2.32429847529e-05, 1.37599781738e-05, 1.97918052436e-05, 1.31852339109e-05, 1.2057922504e-05, 1.79142698471e-05, 1.32371224026e-05, 4.46930062026e-06, 3.59071691491e-06, 3.35328240908e-06, 3.86696956411e-06, 4.05744322052e-06, 2.96260850519e-06, 4.72125020679e-06, 3.03703836835e-06, 2.79462346953e-06, 3.5500879676e-06, 1.91429126062e-06, 1.13137753033e-06, 7.5975128766e-07, 5.39260952337e-07, 3.9024271814e-07, 2.56755299688e-07, 1.83379228247e-07, 1.54352562731e-07, 1.58319181764e-07, 1.72689681222e-07, 1.23105110106e-07, 1.77235108367e-07, 1.57821915536e-07, 1.39201901561e-07],
        "min": [6.8147633101e-06, 1.6310301362e-05, 9.19418653211e-06, 1.53323287577e-06, 6.73116105077e-08, 1.74163318434e-07, 1.76113019279e-06, 1.01740386071e-06, 4.98881661315e-07, 1.8177433958e-07, 1.50861225734e-07, 9.92403172972e-08, 1.03841458099e-07, 9.42116642477e-08, 3.63324318187e-07, 1.42077936971e-07, 1.2045958897e-07, 7.85974236805e-08, 1.64491964938e-07, 1.54880780201e-07, 1.69778999748e-07, 1.46911176557e-07, 3.05799602529e-07, 2.55019898532e-07, 2.85475522332e-07, 7.01691362792e-08, 1.38627214596e-07, 7.6533559934e-08, 4.61176199451e-08, 2.05953636367e-08, 2.38754953585e-08, 2.02823002837e-08, 7.63148566563e-09, 8.34522495552e-09, 4.44654446596e-09, 3.56457419137e-09, 7.97058508084e-09, 4.27967483674e-09, 6.18555695553e-09, 4.04493905037e-09],
        "var": [1.13356755094e-07, 7.23302434835e-07, 8.64948290769e-08, 3.70702721852e-08, 2.9497220666e-08, 1.63263091935e-08, 4.17070893377e-08, 6.2732134154e-08, 1.8216189801e-07, 2.23558942025e-07, 9.06530104317e-08, 3.43458665952e-08, 4.91743072928e-08, 6.47067954773e-09, 1.72136420673e-08, 3.58899647779e-08, 3.5986384983e-09, 8.48400294462e-10, 8.64062849049e-11, 7.66485555581e-11, 2.95002827722e-10, 1.54555063192e-10, 5.66508118194e-10, 3.74642733503e-10, 1.05837887066e-10, 1.30131613818e-10, 1.20918025592e-10, 4.54899555524e-11, 7.75703720007e-12, 6.6179258254e-12, 1.2644225944e-12, 2.19224066526e-13, 5.77347753481e-14, 4.83563384647e-14, 4.22652262852e-14, 3.66726099358e-14, 2.83390322385e-14, 6.3690745115e-14, 6.22722427551e-14, 3.55163252595e-14]
    },
    "mfcc": {
        "dmean": [32.3028030396, 10.0676307678, 13.3382787704, 9.96173858643, 7.68832874298, 8.27022266388, 6.98653030396, 5.96412086487, 5.75937461853, 5.8695898056, 5.8920788765, 5.6559715271, 5.45198059082],
        "dmean2": [42.8339729309, 15.6131801605, 19.8319664001, 15.12733078, 11.2358169556, 11.8459129333, 10.416182518, 8.99925899506, 9.00216674805, 9.15995025635, 9.36872005463, 8.98326206207, 8.71903991699],
        "dvar": [793.561401367, 68.9099578857, 143.850112915, 69.579498291, 39.8665084839, 47.478302002, 29.8797302246, 21.9073314667, 19.6231460571, 22.240814209, 21.7609939575, 21.0986652374, 18.0680599213],
        "dvar2": [1664.20703125, 151.344650269, 262.70904541, 148.198028564, 78.0493392944, 97.8482971191, 59.1417732239, 46.4362983704, 50.4255180359, 55.21434021, 51.7782707214, 52.5532302856, 45.9355964661],
        "max": [-574.221435547, 176.485641479, 54.6315231323, 68.3511734009, 43.7945861816, 31.6816196442, 55.8931427002, 39.4486579895, 19.5040187836, 30.9386138916, 26.2281990051, 33.773853302, 22.4218215942],
        "mean": [-674.91784668, 125.538101196, -2.20565128326, 24.3510303497, 7.47030973434, -4.58100366592, 14.4840135574, 6.45875310898, 0.82410544157, 3.62728285789, 5.51848936081, 7.5390625, 1.99466633797],
        "median": [-676.15612793, 126.34753418, -0.807348251343, 23.3272686005, 7.10507392883, -3.29082012177, 13.9520320892, 6.88946914673, 1.22432994843, 2.7564496994, 5.18586826324, 7.78275203705, 2.05476474762],
        "min": [-877.02935791, 80.7403869629, -52.8453369141, -28.1882095337, -26.8137702942, -47.623550415, -17.777715683, -20.5723705292, -24.8512973785, -28.1051864624, -17.7324371338, -15.7450866699, -20.7031574249],
        "var": [1849.70373535, 205.306350708, 409.691802979, 254.838851929, 156.752670288, 169.029373169, 123.052230835, 86.1580657959, 54.8067016602, 73.1716079712, 61.2645339966, 54.7555580139, 46.707901001],
        "cov": [[1852.56262207, -39.4127426147, -587.145751953, 38.554775238, -255.273712158, -217.268432617, -117.626426697, -88.342010498, -51.0776672363, -39.3249053955, -81.8502197266, -15.2130947113, -73.1554870605], [-39.4127426147, 205.623672485, 5.17023563385, -102.793228149, -50.3005256653, 2.17701816559, 11.4541254044, 3.61817955971, -15.6491155624, 12.3431529999, 45.4846763611, 0.647421300411, 0.128791585565], [-587.145751953, 5.17023563385, 410.325012207, -49.5063972473, 145.045791626, 58.6305961609, 15.532866478, 15.21616745, 22.7912254333, 21.7687950134, 9.62538146973, -14.9811010361, 22.7017173767], [38.554775238, -102.793228149, -49.5063972473, 255.232727051, 33.6227722168, -15.9720039368, -54.5766410828, -16.6135749817, 44.9112243652, 16.3598480225, -39.6691894531, -2.90467643738, 18.6470813751], [-255.273712158, -50.3005256653, 145.045791626, 33.6227722168, 156.994934082, 20.3351974487, 13.3751249313, -13.2753257751, 21.3862476349, 27.0986194611, -8.06151771545, 2.7940633297, 5.25210952759], [-217.268432617, 2.17701816559, 58.6305961609, -15.9720039368, 20.3351974487, 169.290618896, 78.5848846436, 31.3360462189, -14.677236557, -3.70795726776, 40.3883209229, -0.613577961922, -12.4244937897], [-117.626426697, 11.4541254044, 15.532866478, -54.5766410828, 13.3751249313, 78.5848846436, 123.242416382, 50.7978363037, -8.32934570312, -17.6609458923, 28.0636177063, 17.8537139893, -7.79313993454], [-88.342010498, 3.61817955971, 15.21616745, -16.6135749817, -13.2753257751, 31.3360462189, 50.7978363037, 86.291229248, 12.431643486, -15.1411685944, 12.3069057465, 13.0839767456, 10.1472635269], [-51.0776672363, -15.6491155624, 22.7912254333, 44.9112243652, 21.3862476349, -14.677236557, -8.32934570312, 12.431643486, 54.8914108276, 29.2981395721, -3.29912805557, 4.38894224167, 10.0646839142], [-39.3249053955, 12.3431529999, 21.7687950134, 16.3598480225, 27.0986194611, -3.70795726776, -17.6609458923, -15.1411685944, 29.2981395721, 73.2847061157, 18.7473392487, -2.36882996559, 1.30746757984], [-81.8502197266, 45.4846763611, 9.62538146973, -39.6691894531, -8.06151771545, 40.3883209229, 28.0636177063, 12.3069057465, -3.29912805557, 18.7473392487, 61.3592224121, 17.4572372437, -3.27014899254], [-15.2130947113, 0.647421300411, -14.9811010361, -2.90467643738, 2.7940633297, -0.613577961922, 17.8537139893, 13.0839767456, 4.38894224167, -2.36882996559, 17.4572372437, 54.8401870728, 17.8032779694], [-73.1554870605, 0.128791585565, 22.7017173767, 18.6470813751, 5.25210952759, -12.4244937897, -7.79313993454, 10.1472635269, 10.0646839142, 1.30746757984, -3.27014899254, 17.8032779694, 46.780090332]],
        "icov": [[0.0013477683533, 0.000324945372995, 0.0013170101447, 0.000193412721273, 0.000992043060251, 0.000845176284201, 0.000182071162271, 0.00043991568964, 0.000512439990416, -0.000532304868102, 0.00128479895648, -0.000460321927676, 0.00160817359574], [0.000324945372995, 0.00776413409039, -0.00020011041488, 0.00219493731856, 0.00262861233205, 0.00124519551173, -0.000327797344653, 0.000885284563992, 0.000432415894466, -0.00130840588827, -0.00450550252572, 0.00166839419398, -0.00150844827294], [0.0013170101447, -0.00020011041488, 0.0066147451289, 0.00257111736573, -0.00459785666317, -0.00127439002972, 0.00268791033886, -0.000868988689035, -0.00206758757122, 0.00114077411126, 0.000421135831857, 0.00255802017637, -0.00189190718811], [0.000193412721273, 0.00219493731856, 0.00257111736573, 0.00774133997038, -0.00209961645305, -0.00274252914824, 0.00384755013511, 0.000496971188113, -0.00588640570641, 0.000823495036457, 0.00199882872403, 0.000643576961011, -0.00285836099647], [0.000992043060251, 0.00262861233205, -0.00459785666317, -0.00209961645305, 0.0151477549225, 0.00147600332275, -0.0050125354901, 0.00460577290505, 0.00088103802409, -0.00546522205696, 0.004165250808, -0.00403613643721, 0.00325999851339], [0.000845176284201, 0.00124519551173, -0.00127439002972, -0.00274252914824, 0.00147600332275, 0.0123283183202, -0.00680531654507, -0.000439138442744, 0.00506462343037, -0.000797673361376, -0.00624768948182, 0.00284218974411, 0.00251431949437], [0.000182071162271, -0.000327797344653, 0.00268791033886, 0.00384755013511, -0.0050125354901, -0.00680531654507, 0.0190807394683, -0.00784196518362, -0.00160394806881, 0.00369269074872, -0.00088162656175, -0.00343509973027, 0.00257013714872], [0.00043991568964, 0.000885284563992, -0.000868988689035, 0.000496971188113, 0.00460577290505, -0.000439138442744, -0.00784196518362, 0.0205984562635, -0.00921725761145, 0.00499869510531, -0.00146450253669, -6.92264948157e-05, -0.00373176764697], [0.000512439990416, 0.000432415894466, -0.00206758757122, -0.00588640570641, 0.00088103802409, 0.00506462343037, -0.00160394806881, -0.00921725761145, 0.0360347479582, -0.0157942734659, 0.00401718588546, -0.00328959315084, 0.00134965311736], [-0.000532304868102, -0.00130840588827, 0.00114077411126, 0.000823495036457, -0.00546522205696, -0.000797673361376, 0.00369269074872, 0.00499869510531, -0.0157942734659, 0.026788180694, -0.0129212988541, 0.00529693905264, -0.00204778881744], [0.00128479895648, -0.00450550252572, 0.000421135831857, 0.00199882872403, 0.004165250808, -0.00624768948182, -0.00088162656175, -0.00146450253669, 0.00401718588546, -0.0129212988541, 0.0362570881844, -0.0134544922039, 0.00621609482914], [-0.000460321927676, 0.00166839419398, 0.00255802017637, 0.000643576961011, -0.00403613643721, 0.00284218974411, -0.00343509973027, -6.92264948157e-05, -0.00328959315084, 0.00529693905264, -0.0134544922039, 0.0292103495449, -0.0130691071972], [0.00160817359574, -0.00150844827294, -0.00189190718811, -0.00285836099647, 0.00325999851339, 0.00251431949437, 0.00257013714872, -0.00373176764697, 0.00134965311736, -0.00204778881744, 0.00621609482914, -0.0130691071972, 0.0326677151024]]
    }
}

}