{
"metadata": {
    "version": {
        "essentia": "2.0.1",
        "extractor": "archive-music 1.0 mod ismir14"
    },
    "audio_properties": {
        "analysis_sample_rate": 44100,
        "bitrate": 160,
        "channels": 2,
        "equal_loudness": 0,
        "length": 30.0669155121,
        "replay_gain": -8.42432594299,
        "downmix": "mix"
    },
    "tags": {
        "track": 7,
        "year": 0,
        "album": "The Cool Jazz Collection",
        "artist": "Astrud Gilberto",
        "comment": "",
        "genre": "Jazz",
        "title": "Girl From Ipanema"
    }
},
"rhythm": {
    "bpm": 130.002792358,
    "bpm_histogram_first_peak": 129,
    "bpm_histogram_first_peak_spread": 0.490909099579,
    "bpm_histogram_first_peak_weight": 0.444444447756,
    "bpm_histogram_second_peak": 136,
    "bpm_histogram_second_peak_spread": 0.199999988079,
    "bpm_histogram_second_peak_weight": 0.0634920671582
},
"tonal": {
    "tuning_frequency": {
        "dmean": 0.128436714411,
        "dmean2": 0.248645573854,
        "dvar": 1.14220571518,
        "dvar2": 2.94911789894,
        "max": 454.990661621,
        "mean": 440.664672852,
        "median": 442.804626465,
        "min": 434.695007324,
        "var": 6.48233318329
    },
    "hpcp": {
        "dmean": [0.0903645977378, 0.14006280899, 0.11500620842, 0.163679927588, 0.10393307358, 0.0895051285625, 0.12094655633, 0.0416335053742, 0.120060428977, 0.0998774394393, 0.122085310519, 0.0948368906975],
        "dmean2": [0.168071597815, 0.238696679473, 0.215155273676, 0.297468781471, 0.183583676815, 0.159845069051, 0.214896172285, 0.0761510357261, 0.209520056844, 0.182826772332, 0.225670933723, 0.169519916177],
        "dvar": [0.04982136935, 0.063326112926, 0.0675447583199, 0.0869915857911, 0.0478377714753, 0.0472576655447, 0.0604631155729, 0.0239441804588, 0.0552680566907, 0.0604278594255, 0.0666429027915, 0.0470099933445],
        "dvar2": [0.129556074739, 0.131709709764, 0.186258092523, 0.192060679197, 0.113176219165, 0.122985288501, 0.129765793681, 0.058364957571, 0.121065109968, 0.145804911852, 0.165893644094, 0.107688866556],
        "max": [1, 1, 1, 1, 1, 1, 1, 1, 1, 1, 1, 1],
        "mean": [0.068500675261, 0.243451118469, 0.0709515437484, 0.263389706612, 0.12199793011, 0.0918236076832, 0.216791003942, 0.0616908036172, 0.161805063486, 0.0863237529993, 0.112228631973, 0.138354405761],
        "median": [0.00205295928754, 0.0343160219491, 0.00108191580512, 0.0206429194659, 0.00653276406229, 0.00390243227594, 0.0246891006827, 0.0010461397469, 0.0132388090715, 0.00121976924129, 0.00620255898684, 0.00716325175017],
        "min": [0, 0, 0, 0, 0, 0, 0, 0, 0, 0, 0, 0],
        "var": [0.0411161184311, 0.131741389632, 0.0451869219542, 0.157210871577, 0.0704249441624, 0.0577402636409, 0.127428144217, 0.0464014969766, 0.0938147678971, 0.060202524066, 0.0657008141279, 0.0851915404201]
    }
},
"lowlevel": {
    "melbands": {
        "dmean": [0.000257731822785, 0.000725727819372, 0.000799895555247, 0.000429248961154, 0.00024882183061, 9.50980975176e-05, 5.93269032834e-05, 6.52534945402e-05, 2.50958946708e-05, 1.69031791302e-05, 1.49183288158e-05, 1.44469513543e-05, 3.57136559614e-06, 2.53041844189e-06, 3.78806180379e-06, 2.4350597414e-06, 1.98377711058e-06, 6.7890033506e-07, 6.88754766998e-07, 6.65222557927e-07, 4.15769193296e-07, 5.90650188315e-07, 7.29202611183e-07, 6.46381010938e-07, 2.59605030806e-07, 1.54151834408e-07, 2.00381776949e-07, 3.14359084541e-07, 2.66008498784e-07, 3.57295192543e-07, 6.31155842257e-07, 9.05824663278e-07, 1.17480919926e-06, 6.8049297397e-07, 2.88072214971e-07, 1.47952661678e-07, 8.77996342297e-08, 3.23427151727e-08, 1.07830722129e-08, 1.16988252419e-09],
        "dmean2": [0.000357186887413, 0.00104211142752, 0.00116225541569, 0.00065247999737, 0.000359687226592, 0.000143236829899, 9.12204486667e-05, 9.47454609559e-05, 3.6661636841e-05, 2.28478220379e-05, 2.15163527173e-05, 2.00167523872e-05, 5.21147967447e-06, 3.6501953673e-06, 4.97517430631e-06, 3.37774690706e-06, 2.87637840302e-06, 1.04408854895e-06, 1.05008780338e-06, 1.00931117686e-06, 6.62979516619e-07, 9.41109306041e-07, 1.10839050649e-06, 1.07418497919e-06, 4.19138018515e-07, 2.26222653055e-07, 2.90998684704e-07, 4.60850827722e-07, 4.0191562789e-07, 5.45633326965e-07, 9.17664806366e-07, 1.27545456508e-06, 1.96326641344e-06, 9.10380435926e-07, 3.94861785935e-07, 2.03128678322e-07, 1.15788317601e-07, 4.29170619043e-08, 1.4331849485e-08, 1.63545943455e-09],
        "dvar": [3.8612185449e-07, 1.35342941121e-06, 1.06393781607e-06, 5.17908574693e-07, 1.66221695963e-07, 4.26116528729e-08, 3.6787220381e-08, 3.17078843182e-08, 4.99880759008e-09, 3.62866980907e-09, 1.68018021718e-09, 9.12132769315e-09, 8.1400802765e-11, 3.97133576024e-11, 2.25844357105e-10, 8.51702944282e-11, 9.6125531146e-11, 3.6786650115e-12, 8.57198947241e-12, 1.02013415076e-11, 1.95833648776e-12, 2.44020493916e-12, 3.5083787004e-12, 4.46762982512e-12, 6.8739127888e-13, 1.57270206515e-13, 3.67176937726e-13, 1.55481953267e-12, 5.85633971872e-13, 2.04295217895e-12, 7.11118967531e-12, 1.52428746708e-11, 5.37157263114e-11, 1.28189420884e-11, 1.18979717571e-12, 1.79022636017e-13, 5.25153210577e-14, 8.94309752392e-15, 1.40849043041e-15, 2.95957546935e-17],
        "dvar2": [7.37412506169e-07, 2.64085133495e-06, 1.84424311556e-06, 1.04865273443e-06, 3.33974327305e-07, 9.15199436236e-08, 7.85585712038e-08, 6.38869650516e-08, 9.38977606779e-09, 6.62728005807e-09, 2.85336998473e-09, 1.55218238262e-08, 1.58821317209e-10, 7.9136128206e-11, 4.01735728017e-10, 1.86006779423e-10, 2.21943505241e-10, 7.63108673474e-12, 1.90700389507e-11, 1.81988833725e-11, 5.02316330891e-12, 6.17585583368e-12, 8.13885937812e-12, 1.13856910011e-11, 1.74406962396e-12, 3.20703750015e-13, 6.66219737797e-13, 3.21173036083e-12, 1.25440586737e-12, 4.74514351423e-12, 1.56155175596e-11, 2.77830362883e-11, 1.46511164312e-10, 2.06608705838e-11, 1.89566136226e-12, 3.13471389688e-13, 8.62349877921e-14, 1.40736828116e-14, 2.29131221375e-15, 6.43081574888e-17],
        "max": [0.00998999737203, 0.0113780209795, 0.0116367740557, 0.0140451630577, 0.00507891969755, 0.00208836374804, 0.00235362001695, 0.00206089555286, 0.00102233677171, 0.000991684035398, 0.000413444591686, 0.00214633462019, 0.000114442424092, 0.000123125399114, 0.00034736719681, 0.000163013159181, 0.000196457374841, 2.39049913944e-05, 4.11327564507e-05, 4.04480961151e-05, 1.80667047971e-05, 1.68219921761e-05, 1.7340424165e-05, 2.53870421147e-05, 1.22550172819e-05, 6.52587004879e-06, 1.01791174529e-05, 2.41538491537e-05, 8.37750303617e-06, 2.3352831704e-05, 3.89214110328e-05, 6.0207246861e-05, 0.000117817078717, 8.35013852338e-05, 1.98555408133e-05, 5.08119546794e-06, 2.69847919299e-06, 1.54718259182e-06, 5.54382779683e-07, 9.54083247962e-08],
        "mean": [0.00045418573427, 0.00156585604418, 0.00200083013624, 0.000755788991228, 0.000556852144655, 0.000166896075825, 6.81701567373e-05, 7.84901130828e-05, 3.21406623698e-05, 2.19909288717e-05, 2.06715194508e-05, 2.15185846173e-05, 4.6874392865e-06, 3.16017872137e-06, 5.05150637764e-06, 2.87673583443e-06, 2.04175785257e-06, 8.13512770037e-07, 7.91487593688e-07, 8.02900444796e-07, 4.2406833245e-07, 6.58847170598e-07, 7.75897888161e-07, 6.17041962414e-07, 2.63121307853e-07, 1.81701750535e-07, 2.43972635872e-07, 3.20613992244e-07, 2.73338571333e-07, 3.3962507473e-07, 6.13211796008e-07, 9.8083762623e-07, 1.06898289687e-06, 7.19532692983e-07, 3.23876435004e-07, 1.74700986122e-07, 9.98946703135e-08, 3.71206141381e-08, 1.18952394601e-08, 1.15573628445e-09],
        "median": [0.000117458213936, 0.000721720280126, 0.000834529404528, 0.000355412776116, 0.000184343429282, 6.21745930403e-05, 1.76434732566e-05, 1.44133509821e-05, 5.05076332047e-06, 2.05789410757e-06, 1.84934276604e-06, 2.05363426176e-06, 8.86400073341e-07, 1.04083676433e-06, 8.73647081789e-07, 3.00384812135e-07, 2.03662438025e-07, 1.38815948958e-07, 7.3028644465e-08, 6.39390620449e-08, 6.00100307224e-08, 1.09629866074e-07, 9.67628182025e-08, 6.82506140492e-08, 4.43522445437e-08, 3.51832163403e-08, 4.79200963355e-08, 5.12049673773e-08, 2.74757763208e-08, 3.58188216865e-08, 3.71189052828e-08, 2.55757193202e-08, 3.34273906333e-08, 2.43933442334e-08, 2.09005275309e-08, 1.61463535875e-08, 1.10482316629e-08, 4.29634861021e-09, 1.25984456201e-09, 1.00701551264e-10],
        "min": [5.01010517795e-11, 4.02785062248e-11, 3.1644711157e-11, 1.64914089329e-11, 2.78772022827e-11, 2.80545187775e-11, 1.05665979439e-11, 1.58270029027e-11, 3.64952295814e-12, 1.49167605351e-11, 1.42503222764e-11, 3.44093416954e-12, 6.67414474381e-12, 6.46019219022e-12, 6.45593908194e-12, 3.87276755803e-12, 5.34712074965e-12, 2.28913719577e-12, 6.21622675209e-12, 9.97026029445e-13, 2.74644196274e-12, 1.96643916428e-12, 9.39760205418e-13, 1.02369187346e-12, 6.96022287115e-13, 2.17197809217e-12, 4.33966274374e-12, 5.76513880038e-12, 1.7513953612e-12, 4.07646616116e-12, 2.42426586618e-12, 4.09462784859e-12, 4.48536780634e-12, 2.95410571005e-12, 5.64208835901e-12, 1.92391718876e-12, 7.90424203954e-13, 2.17785034798e-12, 2.04309334208e-12, 1.8681737201e-13],
        "var": [1.12902705496e-06, 3.57391991201e-06, 6.83197777107e-06, 1.85534395314e-06, 7.30390581793e-07, 8.25737132004e-08, 4.5238305546e-08, 4.45879528854e-08, 8.4201969841e-09, 6.53846399246e-09, 3.15980885901e-09, 1.82066006715e-08, 1.53463047825e-10, 5.75032972627e-11, 4.54275644879e-10, 1.15779032195e-10, 1.0124804467e-10, 4.78030462436e-12, 1.16271913972e-11, 1.42702724637e-11, 1.67284643169e-12, 2.4158448679e-12, 3.96057795934e-12, 3.88452421271e-12, 6.2828241958e-13, 2.19507233028e-13, 5.4858727153e-13, 1.76697762325e-12, 6.74635965581e-13, 2.04668552072e-12, 8.0529012278e-12, 2.08691466885e-11, 3.97070779035e-11, 2.00353830748e-11, 1.90422937835e-12, 2.78485540834e-13, 8.76280859398e-14, 1.48214265568e-14, 2.22446267949e-15, 3.1623137979e-17]
    },
    "mfcc": {
        "dmean": [38.8198623657, 24.6799869537, 14.4088964462, 12.0078878403, 8.93736553192, 10.4247207642, 8.71042156219, 7.19307613373, 6.96966552734, 7.68858957291, 6.49926614761, 6.10241174698, 5.56075906754],
        "dmean2": [49.9151077271, 33.9705352783, 19.9602680206, 17.168762207, 12.6771755219, 15.0301704407, 12.753118515, 10.6276540756, 10.4799184799, 11.1204204559, 9.70505332947, 9.27550125122, 8.54922771454],
        "dvar": [1339.8125, 702.258239746, 188.531356812, 121.11567688, 63.4803009033, 97.1362380981, 58.2565574646, 37.1147003174, 33.672290802, 44.5979270935, 28.6463909149, 25.7479171753, 22.9162464142],
        "dvar2": [2098.89990234, 1039.33630371, 349.097595215, 220.652282715, 134.976531982, 157.374588013, 125.572921753, 83.9144821167, 67.3001480103, 87.1090011597, 60.6888580322, 53.9355697632, 47.1497383118],
        "max": [-646.913330078, 250.073760986, 117.061096191, 118.599105835, 42.0929145813, 75.6707763672, 35.0266952515, 42.345123291, 21.9587211609, 35.8505134583, 26.4983100891, 40.8680000305, 17.1435470581],
        "mean": [-814.18737793, 169.693115234, 49.473236084, 42.808265686, -2.24924015999, 17.8322696686, -5.64635324478, 10.1506052017, -11.737862587, -5.94490814209, -8.93832874298, 2.25685429573, -8.64950466156],
        "median": [-805.936401367, 178.751068115, 49.1606788635, 40.5582695007, -0.457397460938, 18.4198989868, -3.83883285522, 9.84825134277, -11.7588043213, -4.62609863281, -8.78941917419, 1.94102096558, -7.67525672913],
        "min": [-1138.42004395, -9.79512023926, -35.1590919495, -17.6078987122, -45.9549865723, -40.3262138367, -56.8052825928, -28.0530548096, -42.7987709045, -46.7055511475, -48.4097824097, -28.3058586121, -39.830909729],
        "var": [4910.42333984, 2073.71484375, 711.113586426, 564.229187012, 237.985412598, 319.668792725, 225.740875244, 134.855651855, 109.164604187, 211.659576416, 138.807952881, 121.158798218, 88.1951293945],
        "cov": [[4918.00097656, -92.3770751953, -710.377197266, 176.335647583, -364.292449951, 55.6010513306, -444.343597412, 241.897155762, -212.083572388, 284.414276123, -74.7168960571, 97.3121871948, -274.014434814], [-92.3770751953, 2076.91503906, -261.295440674, -390.185638428, 189.887557983, -345.019073486, 138.844467163, 18.4807949066, -23.1867847443, -222.939071655, 44.8289489746, -45.436088562, -28.1798706055], [-710.377197266, -261.295440674, 712.210998535, 125.590324402, -68.2128448486, 204.180145264, 46.672039032, -46.4976425171, 18.9759197235, -82.9979858398, 18.9719638824, -18.182636261, 72.4901504517], [176.335647583, -390.185638428, 125.590324402, 565.099914551, 83.4658355713, -71.8084106445, -98.0050354004, 44.1177406311, -20.5281391144, -69.2484054565, -19.1871471405, -35.2955169678, 37.3894348145], [-364.292449951, 189.887557983, -68.2128448486, 83.4658355713, 238.352676392, -69.5586013794, 17.4377040863, -3.95169711113, 29.0841255188, -41.1297569275, -13.7829141617, 11.3286790848, 11.1156835556], [55.6010513306, -345.019073486, 204.180145264, -71.8084106445, -69.5586013794, 320.162109375, 40.9495162964, -9.7611913681, 32.4509773254, 85.8247451782, 33.7864494324, 28.6151618958, 16.2744102478], [-444.343597412, 138.844467163, 46.672039032, -98.0050354004, 17.4377040863, 40.9495162964, 226.089233398, 18.8925056458, 24.9463729858, -0.246877133846, 24.1110057831, 12.382440567, 28.3593273163], [241.897155762, 18.4807949066, -46.4976425171, 44.1177406311, -3.95169711113, -9.7611913681, 18.8925056458, 135.063766479, 19.1644229889, -1.90614807606, 25.7417240143, -6.82578897476, -4.36061811447], [-212.083572388, -23.1867847443, 18.9759197235, -20.5281391144, 29.0841255188, 32.4509773254, 24.9463729858, 19.1644229889, 109.333068848, 49.1651763916, 19.5644721985, -15.6652030945, 17.0484638214], [284.414276123, -222.939071655, -82.9979858398, -69.2484054565, -41.1297569275, 85.8247451782, -0.246877133846, -1.90614807606, 49.1651763916, 211.986206055, 12.038725853, 25.3590278625, -26.8687915802], [-74.7168960571, 44.8289489746, 18.9719638824, -19.1871471405, -13.7829141617, 33.7864494324, 24.1110057831, 25.7417240143, 19.5644721985, 12.038725853, 139.022155762, -12.4932985306, 19.5939388275], [97.3121871948, -45.436088562, -18.182636261, -35.2955169678, 11.3286790848, 28.6151618958, 12.382440567, -6.82578897476, -15.6652030945, 25.3590278625, -12.4932985306, 121.34577179, -1.97426140308], [-274.014434814, -28.1798706055, 72.4901504517, 37.3894348145, 11.1156835556, 16.2744102478, 28.3593273163, -4.36061811447, 17.0484638214, -26.8687915802, 19.5939388275, -1.97426140308, 88.331237793]],
        "icov": [[0.00100533885416, -0.000779355526902, 0.00111902982462, -0.00144724652637, 0.00199888297357, -0.00173404859379, 0.00154384283815, -0.00146066152956, 0.00129668763839, -0.00120378227439, 0.000727831968106, -0.000854197831359, 0.00126750208437], [-0.000779355526902, 0.00166989758145, -0.000993215828203, 0.00222862814553, -0.00244888407178, 0.00242369598709, -0.00146653119009, 0.000772766128648, -0.000754995271564, 0.00171415088698, -0.00108486774843, 0.00102090346627, -0.000711962697096], [0.00111902982462, -0.000993215828203, 0.00396988773718, -0.00276551255956, 0.00349416676909, -0.00401759287342, 0.00109235278796, -0.000127159437397, 8.14178565633e-05, 0.000580003135838, 0.000870449468493, -0.000981776276603, 0.000956376898102], [-0.00144724652637, 0.00222862814553, -0.00276551255956, 0.00605447078124, -0.00525073381141, 0.00435203080997, -0.00100054754876, -3.92898255086e-05, -0.000205339893, 0.00185874348972, -0.00118531892076, 0.00232018786483, -0.00297373719513], [0.00199888297357, -0.00244888407178, 0.00349416676909, -0.00525073381141, 0.0108241271228, -0.00401346944273, 0.0021533772815, -0.000931332935579, -0.00113122281618, -0.000957677664701, 0.00203690910712, -0.00355030572973, 0.00281040137634], [-0.00173404859379, 0.00242369598709, -0.00401759287342, 0.00435203080997, -0.00401346944273, 0.00955756660551, -0.00302918744273, 0.00166797428392, -0.00189385283738, 0.000257598207099, -0.00241193594411, 0.000900859595276, -0.00235301419161], [0.00154384283815, -0.00146653119009, 0.00109235278796, -0.00100054754876, 0.0021533772815, -0.00302918744273, 0.00814924761653, -0.00374831771478, 0.00201693410054, -0.00222357572056, 0.00100821990054, -0.0016146551352, 8.72077998793e-06], [-0.00146066152956, 0.000772766128648, -0.000127159437397, -3.92898255086e-05, -0.000931332935579, 0.00166797428392, -0.00374831771478, 0.0117695406079, -0.00498643051833, 0.00317846587859, -0.00256087398157, 0.000595802091993, -5.8680489019e-05], [0.00129668763839, -0.000754995271564, 8.14178565633e-05, -0.000205339893, -0.00113122281618, -0.00189385283738, 0.00201693410054, -0.00498643051833, 0.0160113852471, -0.00627122400329, 0.000536617357284, 0.0021014502272, -0.00167066045105], [-0.00120378227439, 0.00171415088698, 0.000580003135838, 0.00185874348972, -0.000957677664701, 0.000257598207099, -0.00222357572056, 0.00317846587859, -0.00627122400329, 0.0104654543102, -0.00162347953301, -0.000474586966448, 0.00123697309755], [0.000727831968106, -0.00108486774843, 0.000870449468493, -0.00118531892076, 0.00203690910712, -0.00241193594411, 0.00100821990054, -0.00256087398157, 0.000536617357284, -0.00162347953301, 0.00898791849613, 0.000242669033469, -0.00114866357762], [-0.000854197831359, 0.00102090346627, -0.000981776276603, 0.00232018786483, -0.00355030572973, 0.000900859595276, -0.0016146551352, 0.000595802091993, 0.0021014502272, -0.000474586966448, 0.000242669033469, 0.0105154924095, -0.00204068119638], [0.00126750208437, -0.000711962697096, 0.000956376898102, -0.00297373719513, 0.00281040137634, -0.00235301419161, 8.72077998793e-06, -5.8680489019e-05, -0.00167066045105, 0.00123697309755, -0.00114866357762, -0.00204068119638, 0.0164817869663]]
    }
}

}