{
"metadata": {
    "version": {
        "essentia": "2.0.1",
        "extractor": "archive-music 1.0 mod ismir14"
    },
    "audio_properties": {
        "analysis_sample_rate": 44100,
        "bitrate": 160,
        "channels": 2,
        "equal_loudness": 0,
        "length": 30.0669155121,
        "replay_gain": -11.7208919525,
        "downmix": "mix"
    },
    "tags": {
        "track": 6,
        "year": 0,
        "album": "Swing Classics (Jazz & Tzaz 70)",
        "artist": "Benny Carter",
        "comment": "",
        "genre": "Jazz",
        "title": "Babalu"
    }
},
"rhythm": {
    "bpm": 92.6367721558,
    "bpm_histogram_first_peak": 94,
    "bpm_histogram_first_peak_spread": 0.555555582047,
    "bpm_histogram_first_peak_weight": 0.355555564165,
    "bpm_histogram_second_peak": 89,
    "bpm_histogram_second_peak_spread": 0,
    "bpm_histogram_second_peak_weight": 0.177777782083
},
"tonal": {
    "tuning_frequency": {
        "dmean": 0.0925877392292,
        "dmean2": 0.175569981337,
        "dvar": 1.20886957645,
        "dvar2": 3.44146990776,
        "max": 452.37008667,
        "mean": 439.04385376,
        "median": 440.254241943,
        "min": 431.941772461,
        "var": 4.26302957535
    },
    "hpcp": {
        "dmean": [0.109216734767, 0.127892747521, 0.0688289031386, 0.165343314409, 0.12150991708, 0.101513110101, 0.14900226891, 0.0814893841743, 0.185003757477, 0.0900809019804, 0.18228495121, 0.195862129331],
        "dmean2": [0.199958577752, 0.212883338332, 0.124551020563, 0.277279376984, 0.20834197104, 0.179699078202, 0.25553548336, 0.145453989506, 0.314315736294, 0.16168358922, 0.316665142775, 0.335181623697],
        "dvar": [0.052351962775, 0.0362715125084, 0.0298317652196, 0.0547254644334, 0.0478606931865, 0.0289137307554, 0.0450900495052, 0.0280371680856, 0.0462267100811, 0.0308028850704, 0.0616847835481, 0.0591178759933],
        "dvar2": [0.148836284876, 0.0912487432361, 0.0741150081158, 0.118883870542, 0.11093275249, 0.0741595551372, 0.0957321897149, 0.0746999457479, 0.107824407518, 0.0793600603938, 0.165033593774, 0.12644995749],
        "max": [1, 1, 1, 1, 1, 1, 1, 1, 1, 1, 1, 1],
        "mean": [0.0972045511007, 0.209500044584, 0.0646688789129, 0.431322902441, 0.225093737245, 0.104838274419, 0.309908330441, 0.067651540041, 0.368499159813, 0.0786259174347, 0.232413977385, 0.338765233755],
        "median": [0.0149821052328, 0.0656264722347, 0.00926129054278, 0.281253129244, 0.0425102598965, 0.0397768616676, 0.146101400256, 0.0160243567079, 0.238730356097, 0.0140325808898, 0.117445968091, 0.200760900974],
        "min": [0, 0, 0, 0, 0, 0, 0, 0, 0, 0, 0, 0],
        "var": [0.0442858971655, 0.0748935937881, 0.0315109081566, 0.158941537142, 0.117485046387, 0.0304407496005, 0.128408834338, 0.0237473379821, 0.117772191763, 0.0271270703524, 0.0792492926121, 0.123159483075]
    }
},
"lowlevel": {
    "melbands": {
        "dmean": [8.68215192895e-06, 4.06638464483e-05, 2.58716754615e-05, 5.11065227329e-05, 5.27182346559e-05, 8.33158337628e-05, 6.36046097497e-05, 0.000142213975778, 9.51788242674e-05, 7.14725974831e-05, 4.13630950789e-05, 3.48108296748e-05, 3.30436632794e-05, 2.47500447585e-05, 4.9598475016e-05, 4.23722813139e-05, 2.46417293965e-05, 1.64165048773e-05, 1.31930837597e-05, 1.65340061358e-05, 4.8759470701e-06, 6.5108056333e-06, 3.02272883346e-06, 2.79285063698e-06, 3.99521422878e-06, 1.22950962123e-06, 6.46609521482e-07, 7.59647321047e-07, 7.83140421845e-07, 7.73406270582e-07, 3.83968085771e-07, 1.88683301872e-07, 1.31352976496e-07, 4.98277969996e-08, 2.00971559394e-08, 1.55418700132e-08, 2.97708457886e-09, 3.04465147538e-10, 3.5309477564e-11, 2.69985639748e-12],
        "dmean2": [1.46128095366e-05, 6.93909460097e-05, 4.02319601562e-05, 7.60843395256e-05, 8.00147099653e-05, 0.000128357845824, 9.89003165159e-05, 0.000212526647374, 0.000144588600961, 0.000109688691737, 6.57069249428e-05, 5.40728142369e-05, 5.14445200679e-05, 3.81015597668e-05, 7.89755576989e-05, 6.89703374519e-05, 3.73353868781e-05, 2.4375927751e-05, 2.04594052775e-05, 2.49148142757e-05, 7.60332250138e-06, 9.84542475635e-06, 4.52463427791e-06, 4.22452922066e-06, 6.013642178e-06, 1.83482063676e-06, 9.47012438246e-07, 1.17637273434e-06, 1.13924784273e-06, 1.18856496556e-06, 5.37210610219e-07, 2.6740821113e-07, 1.80949569994e-07, 6.93250967743e-08, 2.83854877381e-08, 2.3344526312e-08, 4.49385906265e-09, 4.57355348038e-10, 5.42633472878e-11, 4.43340112885e-12],
        "dvar": [1.13975537341e-10, 2.42197217837e-09, 2.00969618724e-09, 5.82212722477e-09, 5.04787545097e-09, 1.7015425513e-08, 8.02920840925e-09, 8.20598273776e-08, 2.66509712077e-08, 1.39815004019e-08, 5.72855007874e-09, 5.03793362583e-09, 5.78857894951e-09, 2.30196994799e-09, 1.00032400141e-08, 1.00432764327e-08, 2.90049451124e-09, 1.3673147059e-09, 8.36201496934e-10, 1.35895417142e-09, 7.33178864842e-11, 1.81937506727e-10, 2.77135276533e-11, 2.6368341538e-11, 6.54683599e-11, 7.80139494672e-12, 1.7807070922e-12, 4.09041463895e-12, 2.2359221679e-12, 2.22642650843e-12, 6.43664592112e-13, 2.12922480211e-13, 1.28859122266e-13, 1.9296760709e-14, 2.20756776032e-15, 1.29284756322e-15, 3.6103214351e-17, 5.27087189438e-19, 7.61746748691e-21, 3.1263810385e-23],
        "dvar2": [2.62002364249e-10, 5.75054093233e-09, 5.24356158493e-09, 1.39487976725e-08, 1.00541956982e-08, 3.51211042471e-08, 1.71184453279e-08, 1.49787965142e-07, 5.34139452668e-08, 3.15367216785e-08, 1.21231149564e-08, 1.16267564465e-08, 1.4704136575e-08, 4.70405403519e-09, 2.21275513468e-08, 2.48454590235e-08, 6.44797015781e-09, 2.75714540088e-09, 1.87780746508e-09, 2.92715784944e-09, 1.55908827515e-10, 3.84474646564e-10, 5.70680759593e-11, 5.30066095183e-11, 1.36422262376e-10, 1.66123902828e-11, 3.51764472585e-12, 8.79956784522e-12, 4.53102659559e-12, 4.27240447881e-12, 1.14213228718e-12, 3.97013558097e-13, 2.37510776021e-13, 3.2633075929e-14, 3.81532184454e-15, 2.65181303599e-15, 6.97380357273e-17, 1.14239743051e-18, 1.68218922881e-20, 7.85930381621e-23],
        "max": [8.30839999253e-05, 0.000561729364563, 0.000720911368262, 0.00114507856779, 0.000853289384395, 0.00123256456573, 0.00139891298022, 0.00401640264317, 0.00187990383711, 0.00107615708839, 0.000734893372282, 0.000880304258317, 0.0010413719574, 0.000710182939656, 0.00106682814658, 0.0010874257423, 0.000661478377879, 0.000429147301475, 0.000273547397228, 0.0005846931017, 0.00011112455104, 0.000153637462063, 7.37741720513e-05, 6.03817206866e-05, 6.91354798619e-05, 4.02386576752e-05, 1.29789441417e-05, 2.74595677183e-05, 1.1799143067e-05, 1.31302549562e-05, 7.88123179518e-06, 5.10051722813e-06, 4.07987408835e-06, 1.61602724802e-06, 4.42287472424e-07, 4.11160783642e-07, 5.80995447308e-08, 6.55108634007e-09, 8.99945895583e-10, 5.9043069045e-11],
        "mean": [1.14217909868e-05, 5.51357843506e-05, 3.88774496969e-05, 8.32051009638e-05, 0.000104850434582, 0.000148450111737, 0.000139848139952, 0.000336348079145, 0.000185834913282, 0.000109057858936, 7.24431083654e-05, 5.84656008868e-05, 4.83801086375e-05, 3.66636486433e-05, 7.64819487813e-05, 6.35969918221e-05, 4.36275731772e-05, 2.21603222599e-05, 1.84377695405e-05, 2.52825575444e-05, 7.5669099715e-06, 1.03419170046e-05, 5.27921429239e-06, 4.2760384531e-06, 6.08014715908e-06, 1.96945666175e-06, 1.01828595689e-06, 1.12770476335e-06, 1.15638090392e-06, 1.2284370996e-06, 5.79283891966e-07, 2.71302383226e-07, 1.75648224854e-07, 6.97998672194e-08, 2.88790946712e-08, 2.34813253286e-08, 5.01066166336e-09, 4.17643142292e-10, 4.54900526969e-11, 3.26462489854e-12],
        "median": [6.83618554831e-06, 3.64667102986e-05, 2.5150284273e-05, 5.44769645785e-05, 7.56989829824e-05, 8.49568532431e-05, 5.50222575839e-05, 7.8048913565e-05, 4.76286222693e-05, 3.24546163029e-05, 1.85815424629e-05, 1.19747774079e-05, 1.40921547427e-05, 1.45160438478e-05, 1.61412681337e-05, 1.29737236421e-05, 6.03468151894e-06, 5.47667104911e-06, 2.69314023171e-06, 5.40061137144e-06, 2.90473735731e-06, 3.2594575714e-06, 1.92152401723e-06, 1.54871770519e-06, 1.10943028631e-06, 6.15610758814e-07, 3.26397127992e-07, 1.6801497793e-07, 3.05120011035e-07, 2.64801769845e-07, 1.03604477886e-07, 4.85492890334e-08, 1.67916720528e-08, 5.79931658251e-09, 2.89343038418e-09, 2.40549202779e-09, 8.08833222621e-10, 6.39404848513e-11, 1.07076422382e-11, 1.16729531856e-12],
        "min": [3.24974070084e-24, 2.61067383189e-24, 4.32734619383e-24, 4.97905298105e-24, 8.6039291884e-24, 2.75918419426e-24, 5.96896573759e-24, 4.78491746772e-24, 4.42406251296e-24, 6.14195267892e-24, 1.22174209496e-23, 8.14258755381e-24, 5.20866435815e-24, 4.42914198833e-24, 5.18569391188e-24, 5.09676798862e-24, 5.55459800889e-24, 6.04190855005e-24, 6.51362094454e-24, 4.5477689191e-24, 6.00842653222e-24, 3.80123907892e-24, 5.17384246007e-24, 5.22432245826e-24, 7.21094913563e-24, 6.75991475763e-24, 3.26825250527e-24, 2.77946225826e-24, 4.54339665754e-24, 3.02233379553e-24, 4.23978933867e-24, 4.56329370172e-24, 3.86227600817e-24, 2.95268388571e-24, 6.55623363291e-24, 5.82894095476e-24, 5.39617935634e-24, 5.89291086886e-24, 6.64777817995e-24, 4.92518561414e-24],
        "var": [1.63069308057e-10, 3.4045550823e-09, 2.32379337994e-09, 9.10479336369e-09, 1.17979217507e-08, 3.29122009646e-08, 3.53006832654e-08, 3.40950577993e-07, 8.6648775266e-08, 2.7578488826e-08, 1.35648834387e-08, 9.5026813085e-09, 8.05468758358e-09, 3.89268173251e-09, 1.89450179988e-08, 2.02909209435e-08, 8.92315377143e-09, 2.3478121669e-09, 1.48352252705e-09, 3.32108163192e-09, 1.39169037405e-10, 3.83174131313e-10, 6.96413898771e-11, 4.63944230256e-11, 1.29165692031e-10, 1.92427844492e-11, 3.54782587857e-12, 8.23969625169e-12, 4.39441495345e-12, 4.75824631432e-12, 1.38990121495e-12, 4.04259877526e-13, 2.44001623377e-13, 3.92826877526e-14, 4.93670833989e-15, 3.14582721479e-15, 9.17186267354e-17, 9.16963106432e-19, 1.09038657541e-20, 3.58670693579e-23]
    },
    "mfcc": {
        "dmean": [39.5893249512, 13.6631612778, 16.6829528809, 9.66651725769, 10.2004137039, 7.29764938354, 6.94925022125, 5.94700431824, 5.51322221756, 5.57116699219, 4.76638269424, 5.08784914017, 4.71558141708],
        "dmean2": [48.3921928406, 18.9697589874, 22.3218631744, 14.9298143387, 14.7124586105, 10.8548269272, 10.4782028198, 9.57321739197, 8.89256954193, 8.54357814789, 7.66100072861, 7.70158481598, 7.52799224854],
        "dvar": [2127.67041016, 248.757034302, 345.442504883, 71.4797668457, 99.0866470337, 35.2245101929, 31.6446456909, 24.0796012878, 20.9468612671, 17.9936561584, 15.7592487335, 16.5239868164, 15.0389614105],
        "dvar2": [3148.00732422, 360.182373047, 534.559448242, 152.170806885, 163.380966187, 71.6527175903, 74.0732803345, 54.6046600342, 51.3928833008, 39.5799942017, 38.8022575378, 37.6247787476, 38.37084198],
        "max": [-609.31060791, 229.122009277, 75.1107788086, 78.0000610352, 32.6228523254, 55.3415489197, 19.7119178772, 15.6946392059, 22.7042350769, 17.4502658844, 22.0023765564, 31.2740154266, 21.4754180908],
        "mean": [-773.904602051, 177.437133789, -44.3338279724, 19.2598342896, -17.9297161102, -0.588482797146, -10.8525867462, -7.97382068634, -3.21294546127, -5.5988779068, 1.6286329031, 4.06853675842, -4.70049333572],
        "median": [-740.107788086, 185.4972229, -59.8230018616, 18.2370491028, -19.3704338074, -1.89511871338, -10.8564376831, -8.25715637207, -3.23316192627, -5.21656036377, 1.42925643921, 2.66529846191, -4.95761108398],
        "min": [-1138.42004395, 1.14440917969e-05, -115.381210327, -35.5638809204, -65.5994186401, -28.182094574, -53.0838241577, -32.4863739014, -28.8960647583, -29.4869766235, -18.4444446564, -18.3849411011, -25.2591819763],
        "var": [10429.9394531, 893.670288086, 1779.0682373, 312.718811035, 464.128997803, 162.230895996, 151.217666626, 73.3325271606, 63.3765411377, 80.9804534912, 55.285030365, 95.7959518433, 39.8223419189],
        "cov": [[10446.0351562, 372.170654297, -4056.3515625, 458.998565674, -1802.98925781, 68.2559585571, -876.557800293, -30.5633201599, -216.494400024, -166.709838867, 8.91788005829, 265.149841309, -143.719360352], [372.170654297, 895.049377441, -46.3316459656, -279.667358398, -27.2838058472, -245.18711853, 48.819568634, -101.872924805, 45.0377349854, -139.07383728, -3.47756052017, 33.0087661743, -8.68237781525], [-4056.3515625, -46.3316459656, 1781.81359863, -151.566726685, 704.245483398, 16.028591156, 327.804962158, 36.2762184143, 75.9788589478, 76.2637710571, -13.3537902832, -111.518325806, 50.091381073], [458.998565674, -279.667358398, -151.566726685, 313.201385498, 5.12304592133, 115.095748901, -44.3456840515, 11.0140476227, -33.4764823914, 15.3995437622, -13.088467598, -45.1509437561, -18.0564155579], [-1802.98925781, -27.2838058472, 704.245483398, 5.12304592133, 464.845245361, 25.8454532623, 166.73840332, 4.92048025131, 4.09943056107, 26.3989562988, -15.9663715363, -90.4705429077, 9.99885845184], [68.2559585571, -245.18711853, 16.028591156, 115.095748901, 25.8454532623, 162.481246948, -3.25220632553, 54.7710762024, -26.4205150604, 46.250541687, -6.27963542938, -33.3256187439, -2.8043179512], [-876.557800293, 48.819568634, 327.804962158, -44.3456840515, 166.73840332, -3.25220632553, 151.451034546, 12.4620523453, 29.9244194031, -7.582010746, -11.014377594, -26.9692420959, 10.7973451614], [-30.5633201599, -101.872924805, 36.2762184143, 11.0140476227, 4.92048025131, 54.7710762024, 12.4620523453, 73.4456939697, 3.94672393799, 33.6335449219, 3.49743056297, 1.91449713707, 8.21373081207], [-216.494400024, 45.0377349854, 75.9788589478, -33.4764823914, 4.09943056107, -26.4205150604, 29.9244194031, 3.94672393799, 63.4743423462, 4.74634695053, 17.5557975769, 17.9087047577, 8.59529876709], [-166.709838867, -139.07383728, 76.2637710571, 15.3995437622, 26.3989562988, 46.250541687, -7.582010746, 33.6335449219, 4.74634695053, 81.1054229736, 25.1934299469, 1.91050493717, 6.86223602295], [8.91788005829, -3.47756052017, -13.3537902832, -13.088467598, -15.9663715363, -6.27963542938, -11.014377594, 3.49743056297, 17.5557975769, 25.1934299469, 55.3703460693, 36.314414978, 7.33048820496], [265.149841309, 33.0087661743, -111.518325806, -45.1509437561, -90.4705429077, -33.3256187439, -26.9692420959, 1.91449713707, 17.9087047577, 1.91050493717, 36.314414978, 95.9437866211, 8.76344203949], [-143.719360352, -8.68237781525, 50.091381073, -18.0564155579, 9.99885845184, -2.8043179512, 10.7973451614, 8.21373081207, 8.59529876709, 6.86223602295, 7.33048820496, 8.76344203949, 39.8837966919]],
        "icov": [[0.0910802781582, -0.12591072917, 0.12554231286, -0.116533190012, 0.120559088886, -0.114632099867, 0.106318496168, -0.0977321490645, 0.086146466434, -0.0759864598513, 0.0677603557706, -0.0552588030696, 0.0376200042665], [-0.12591072917, 0.176865905523, -0.173202320933, 0.162907898426, -0.167106077075, 0.160321056843, -0.147298082709, 0.13573859632, -0.119892276824, 0.108331158757, -0.0949528515339, 0.0772982463241, -0.0511731207371], [0.12554231286, -0.173202320933, 0.174978002906, -0.159551054239, 0.163699477911, -0.158135935664, 0.145648986101, -0.134423077106, 0.117193229496, -0.105554513633, 0.0941124930978, -0.076067045331, 0.0511037819088], [-0.116533190012, 0.162907898426, -0.159551054239, 0.155694410205, -0.156056314707, 0.143619164824, -0.134585946798, 0.126876950264, -0.111903376877, 0.099976696074, -0.0875122696161, 0.072502374649, -0.0469899885356], [0.120559088886, -0.167106077075, 0.163699477911, -0.156056314707, 0.167564630508, -0.150906011462, 0.136340811849, -0.128371015191, 0.117992863059, -0.102229475975, 0.087533518672, -0.0700801238418, 0.050183467567], [-0.114632099867, 0.160321056843, -0.158135935664, 0.143619164824, -0.150906011462, 0.159766405821, -0.135548099875, 0.115485221148, -0.104076646268, 0.0932530090213, -0.0862684994936, 0.0726610124111, -0.0462893731892], [0.106318496168, -0.147298082709, 0.145648986101, -0.134585946798, 0.136340811849, -0.135548099875, 0.139965027571, -0.117443017662, 0.0941337943077, -0.0834937915206, 0.0808551236987, -0.0644741877913, 0.0431605353951], [-0.0977321490645, 0.13573859632, -0.134423077106, 0.126876950264, -0.128371015191, 0.115485221148, -0.117443017662, 0.128221914172, -0.0947277098894, 0.0753070637584, -0.0692529752851, 0.0566660054028, -0.0429313778877], [0.086146466434, -0.119892276824, 0.117193229496, -0.111903376877, 0.117992863059, -0.104076646268, 0.0941337943077, -0.0947277098894, 0.105771444738, -0.0742749869823, 0.0578594766557, -0.0531349182129, 0.0346280373633], [-0.0759864598513, 0.108331158757, -0.105554513633, 0.099976696074, -0.102229475975, 0.0932530090213, -0.0834937915206, 0.0753070637584, -0.0742749869823, 0.0903574004769, -0.0686508566141, 0.0489681698382, -0.0308003798127], [0.0677603557706, -0.0949528515339, 0.0941124930978, -0.0875122696161, 0.087533518672, -0.0862684994936, 0.0808551236987, -0.0692529752851, 0.0578594766557, -0.0686508566141, 0.0833858624101, -0.0530460216105, 0.0257173627615], [-0.0552588030696, 0.0772982463241, -0.076067045331, 0.072502374649, -0.0700801238418, 0.0726610124111, -0.0644741877913, 0.0566660054028, -0.0531349182129, 0.0489681698382, -0.0530460216105, 0.0534007586539, -0.0244318898767], [0.0376200042665, -0.0511731207371, 0.0511037819088, -0.0469899885356, 0.050183467567, -0.0462893731892, 0.0431605353951, -0.0429313778877, 0.0346280373633, -0.0308003798127, 0.0257173627615, -0.0244318898767, 0.0438377670944]]
    }
}

}