{
"metadata": {
    "version": {
        "essentia": "2.0.1",
        "extractor": "archive-music 1.0 mod ismir14"
    },
    "audio_properties": {
        "analysis_sample_rate": 44100,
        "bitrate": 96,
        "channels": 2,
        "equal_loudness": 0,
        "length": 30.0669155121,
        "replay_gain": -8.41567611694,
        "downmix": "mix"
    },
    "tags": {
        "track": 7,
        "year": 0,
        "album": "The Cool Jazz Collection",
        "artist": "Astrud Gilberto",
        "comment": "",
        "genre": "Jazz",
        "title": "Girl From Ipanema"
    }
},
"rhythm": {
    "bpm": 130.002792358,
    "bpm_histogram_first_peak": 129,
    "bpm_histogram_first_peak_spread": 0.490909099579,
    "bpm_histogram_first_peak_weight": 0.444444447756,
    "bpm_histogram_second_peak": 136,
    "bpm_histogram_second_peak_spread": 0.199999988079,
    "bpm_histogram_second_peak_weight": 0.0634920671582
},
"tonal": {
    "tuning_frequency": {
        "dmean": 0.256859302521,
        "dmean2": 0.419124633074,
        "dvar": 3.70291256905,
        "dvar2": 9.44285488129,
        "max": 454.727905273,
        "mean": 438.424499512,
        "median": 436.456176758,
        "min": 436.456176758,
        "var": 5.20425605774
    },
    "hpcp": {
        "dmean": [0.0586727708578, 0.240317568183, 0.078678265214, 0.256333529949, 0.151178345084, 0.0719834342599, 0.214871883392, 0.0550096109509, 0.196011081338, 0.122132286429, 0.175737068057, 0.18625099957],
        "dmean2": [0.111864425242, 0.420480579138, 0.141287595034, 0.472393453121, 0.267663955688, 0.132255643606, 0.36183026433, 0.102579377592, 0.355999827385, 0.228042811155, 0.318588674068, 0.329347103834],
        "dvar": [0.022494122386, 0.0981709286571, 0.0320743732154, 0.113297402859, 0.0603745132685, 0.025946656242, 0.0830320268869, 0.0216639749706, 0.0743850544095, 0.0547000207007, 0.0789905115962, 0.0778281986713],
        "dvar2": [0.0630228817463, 0.216746479273, 0.0867369249463, 0.243368044496, 0.12565536797, 0.0629947036505, 0.182115718722, 0.0489882901311, 0.191567704082, 0.155816137791, 0.221278175712, 0.180281206965],
        "max": [1, 1, 1, 1, 1, 1, 1, 1, 1, 1, 1, 1],
        "mean": [0.0417325757444, 0.313021749258, 0.0489530190825, 0.324781000614, 0.151980996132, 0.0749840736389, 0.278465986252, 0.0609070844948, 0.20249594748, 0.0859618186951, 0.133291780949, 0.179669380188],
        "median": [0.00524074165151, 0.0985288247466, 0.00658621545881, 0.0615914873779, 0.031490392983, 0.00922907888889, 0.0841420590878, 0.0074108177796, 0.0382543094456, 0.0103313662112, 0.0310573019087, 0.0229166019708],
        "min": [7.93097933638e-05, 5.7348406699e-05, 2.95253012155e-05, 0.000311609794153, 3.82424805139e-05, 0.000179383830982, 3.1816882256e-05, 7.766593626e-05, 1.09273414637e-05, 0.000110395412776, 6.88271829858e-05, 0.000400067714509],
        "var": [0.0162122435868, 0.146725818515, 0.0190119836479, 0.16713437438, 0.0708202719688, 0.0387301109731, 0.133089199662, 0.0355765298009, 0.100566744804, 0.0413621254265, 0.0678646415472, 0.0928295403719]
    }
},
"lowlevel": {
    "melbands": {
        "dmean": [0.000129936292069, 0.000322545209201, 0.000324597407598, 0.000158994211233, 0.000106556595711, 3.42581770383e-05, 1.93156756723e-05, 2.61172626779e-05, 1.02193607745e-05, 8.00816360425e-06, 7.51614106775e-06, 8.29470081953e-06, 1.37510642162e-06, 1.02136493751e-06, 1.67028736087e-06, 1.16934893413e-06, 9.07616140466e-07, 2.80382181472e-07, 3.36184911021e-07, 2.95100988978e-07, 1.14993341072e-07, 1.76417543685e-07, 2.19148077463e-07, 1.94013452415e-07, 6.96813557965e-08, 5.07551547457e-08, 7.70872929934e-08, 1.21698136013e-07, 9.97704603378e-08, 1.38939043381e-07, 2.63887528718e-07, 4.63969371367e-07, 4.40985047589e-07, 2.3672382099e-07, 1.22312115991e-07, 6.56768648355e-08, 3.74663109426e-08, 1.3804059229e-08, 4.24205603977e-09, 3.9527237039e-10],
        "dmean2": [0.000212443381315, 0.000515178253409, 0.000518210581504, 0.000250711309491, 0.00016912681167, 5.72830358578e-05, 3.46392589563e-05, 4.88659243274e-05, 1.8590802938e-05, 1.49445559146e-05, 1.37782290039e-05, 1.46934607983e-05, 2.5034717055e-06, 1.90565810954e-06, 3.09606980409e-06, 2.2080346298e-06, 1.74374167727e-06, 5.17805744948e-07, 6.32243484233e-07, 5.41289466582e-07, 2.0037214199e-07, 3.29733069293e-07, 3.95828777755e-07, 3.62151638456e-07, 1.19344093719e-07, 8.94040752542e-08, 1.43116182016e-07, 2.30974478654e-07, 1.81579764558e-07, 2.65071605554e-07, 5.11334349085e-07, 8.93179844752e-07, 8.36477454413e-07, 4.54522847804e-07, 2.28751062537e-07, 1.24914095068e-07, 7.09319394332e-08, 2.60599630764e-08, 8.06892330729e-09, 7.45585038153e-10],
        "dvar": [6.85876955231e-08, 1.1091601948e-07, 1.26527339717e-07, 7.24129094465e-08, 1.74749974491e-08, 2.36671660048e-09, 1.91648408254e-09, 2.53707277409e-09, 4.67767546919e-10, 4.72806516161e-10, 2.07845532452e-10, 1.45697176546e-09, 8.24843058439e-12, 3.4121182442e-12, 2.49239309746e-11, 9.6868580865e-12, 1.00419039403e-11, 2.95361310279e-13, 1.04897145657e-12, 8.24714537113e-13, 4.24006634653e-14, 1.01449705299e-13, 1.38448890481e-13, 1.61610498204e-13, 1.69434219666e-14, 8.95883116092e-15, 3.47196873844e-14, 1.51623586733e-13, 4.36575892083e-14, 1.31252213958e-13, 5.42779146281e-13, 1.75069529186e-12, 1.43441335199e-12, 4.28902275024e-13, 7.9583590423e-14, 1.64908844501e-14, 4.88824365575e-15, 7.98929416784e-16, 1.11331456253e-16, 1.13633543739e-18],
        "dvar2": [1.54610361847e-07, 2.5898975764e-07, 2.68030305506e-07, 1.66464673157e-07, 3.48850939247e-08, 4.85142548357e-09, 5.5588209591e-09, 7.85080445098e-09, 1.43605138891e-09, 1.52246748542e-09, 6.15482553812e-10, 4.03460287401e-09, 2.29234721483e-11, 9.77018813075e-12, 7.0112027295e-11, 2.84561575692e-11, 2.94162472159e-11, 8.25598053464e-13, 3.01248457603e-12, 2.25087808635e-12, 1.17313670171e-13, 2.80807630837e-13, 3.88133833884e-13, 4.48336761596e-13, 4.47920949734e-14, 2.35241158015e-14, 9.88994923825e-14, 4.43590910532e-13, 1.23888380566e-13, 3.89001710618e-13, 1.57161219802e-12, 5.02433424726e-12, 4.03255684053e-12, 1.00877975678e-12, 2.16964345253e-13, 4.55745907864e-14, 1.36200424582e-14, 2.241147958e-15, 3.07438231502e-16, 3.1498057517e-18],
        "max": [0.00181825121399, 0.00220682192594, 0.00279305665754, 0.00326969055459, 0.000938362674788, 0.000304302811855, 0.000295249337796, 0.000333134172251, 0.000139128605952, 0.000184350457857, 6.53442257317e-05, 0.000372747948859, 1.86496617971e-05, 1.14968834168e-05, 4.44324359705e-05, 2.14739775402e-05, 2.65435865003e-05, 3.69132089872e-06, 7.99100325821e-06, 5.7533452491e-06, 1.0464884781e-06, 2.29634497373e-06, 2.5839490263e-06, 2.56731232184e-06, 9.65340291259e-07, 8.24991275294e-07, 1.28063629745e-06, 3.17002854899e-06, 1.16560192964e-06, 2.3128554858e-06, 4.76962213725e-06, 7.2543080023e-06, 6.33739136902e-06, 4.62179377791e-06, 1.57228487296e-06, 5.97838777594e-07, 3.13014680842e-07, 1.73609151943e-07, 6.83996574935e-08, 6.76230760277e-09],
        "mean": [0.000112677989819, 0.000389619643101, 0.000497209141031, 0.000187243043911, 0.000139223455335, 4.04318961955e-05, 1.64475986821e-05, 2.02211922442e-05, 7.9067540355e-06, 5.44179692952e-06, 5.12649603479e-06, 5.62736113352e-06, 1.09899451672e-06, 7.96028928107e-07, 1.20946390325e-06, 7.55165103783e-07, 5.57733926598e-07, 2.10147803159e-07, 2.14843808521e-07, 2.11730124988e-07, 1.02979733185e-07, 1.60391991244e-07, 1.88975704418e-07, 1.56775186611e-07, 6.45647517672e-08, 4.51899104803e-08, 6.14346902239e-08, 8.46509990993e-08, 7.20350072925e-08, 8.89862974418e-08, 1.5897352057e-07, 2.69346543291e-07, 2.68901402478e-07, 1.65733865742e-07, 8.07810636161e-08, 4.48816166454e-08, 2.60757229142e-08, 9.88891279974e-09, 3.13308712308e-09, 2.88126855708e-10],
        "median": [3.2072814065e-05, 0.000268831761787, 0.000249862729106, 0.00010708298214, 5.02346774738e-05, 1.88624053408e-05, 5.39712982572e-06, 5.62221885048e-06, 2.17862316276e-06, 9.90428020486e-07, 8.20847276373e-07, 6.92691457971e-07, 3.41217997857e-07, 3.94009703086e-07, 3.05843656179e-07, 1.17839967118e-07, 8.94157921039e-08, 6.39884731868e-08, 2.53014906804e-08, 2.67802580112e-08, 3.21107229695e-08, 5.72915794805e-08, 5.46087619568e-08, 3.36009939872e-08, 1.83026429568e-08, 1.51459182973e-08, 1.73337539877e-08, 1.96043892231e-08, 1.28191084414e-08, 1.47690215613e-08, 1.24703820603e-08, 8.63380744676e-09, 1.07935029803e-08, 9.372901566e-09, 8.2316367056e-09, 6.23339868611e-09, 4.16388878932e-09, 1.81697878965e-09, 4.09809519653e-10, 3.00550764831e-11],
        "min": [6.01785473009e-07, 2.61877789853e-06, 1.1616325537e-06, 1.44819864545e-06, 1.00215277143e-06, 1.91178500586e-07, 1.02470181673e-07, 5.26848324967e-08, 1.39632385654e-08, 2.07624406556e-08, 1.07851976239e-08, 1.29834631935e-08, 6.92419810377e-09, 1.0611783452e-08, 7.29796667542e-09, 3.60635721286e-09, 1.21480037141e-09, 7.80451092641e-10, 8.18635048638e-10, 1.53442081263e-09, 8.43462855116e-10, 5.97700444693e-10, 6.25783647124e-10, 5.86610704456e-10, 5.88310511418e-10, 5.72371650076e-10, 1.08385866948e-09, 1.20221221867e-09, 6.94776070009e-10, 1.65043867462e-09, 1.53330526054e-09, 1.09600351017e-09, 1.16580145537e-09, 1.23748888914e-09, 7.73980934898e-10, 7.07534753008e-10, 5.62141611038e-10, 2.05910233309e-10, 6.30838090099e-11, 8.08706400457e-13],
        "var": [6.68408333127e-08, 1.7425320209e-07, 3.86458822277e-07, 9.70987059645e-08, 3.82342868477e-08, 3.17270942851e-09, 1.39470546223e-09, 1.72898728668e-09, 3.17524312399e-10, 2.91069807146e-10, 1.39147401934e-10, 9.2743202007e-10, 5.79929160249e-12, 2.23155348367e-12, 1.62572715706e-11, 5.70248535892e-12, 5.45914355388e-12, 2.02437120344e-13, 6.14669339732e-13, 5.4378138277e-13, 3.25486131916e-14, 7.1923641088e-14, 1.04633431097e-13, 1.12078356036e-13, 1.58263803267e-14, 7.91902283223e-15, 2.2267459415e-14, 8.25711298381e-14, 2.70433598204e-14, 7.58931627395e-14, 3.16485417517e-13, 9.98090715978e-13, 8.81445307369e-13, 3.48131300263e-13, 5.22532761689e-14, 1.05609440057e-14, 3.26091294605e-15, 5.45882664836e-16, 7.62426995143e-17, 7.69901974049e-19]
    },
    "mfcc": {
        "dmean": [44.2629470825, 32.1826095581, 20.5596866608, 16.4811477661, 12.4024534225, 15.2341098785, 10.8658065796, 8.88752365112, 7.79000043869, 10.6583766937, 7.62391328812, 7.16426515579, 6.43954181671],
        "dmean2": [69.553817749, 52.1110496521, 33.1286964417, 26.3093662262, 18.3233470917, 24.880569458, 17.5930576324, 14.2789506912, 13.0507860184, 16.5034580231, 12.3549442291, 12.1124839783, 10.0655078888],
        "dvar": [1142.12609863, 777.783203125, 292.858398438, 162.014801025, 96.1948699951, 157.227111816, 80.5862960815, 47.1600990295, 33.6486663818, 71.1272735596, 32.5713119507, 34.2762374878, 24.8291950226],
        "dvar2": [2872.03369141, 1952.4510498, 853.000976562, 397.460632324, 221.309875488, 405.337310791, 205.084777832, 108.739593506, 84.6019668579, 184.384078979, 90.9131698608, 73.0561676025, 62.6495170593],
        "max": [-733.465454102, 217.371246338, 107.261016846, 106.823677063, 30.3551063538, 69.7835083008, 23.7857093811, 41.0962409973, 14.0649375916, 27.2381668091, 24.0898094177, 39.523399353, 12.9818572998],
        "mean": [-859.313720703, 162.276107788, 51.3562469482, 39.5267906189, -2.4466984272, 15.0596179962, -5.66563796997, 9.07590866089, -10.5375242233, -7.5219950676, -7.29426193237, 0.689349770546, -7.98078393936],
        "median": [-855.287414551, 167.221893311, 51.959400177, 36.1285743713, 0.640151977539, 16.0219783783, -2.23722457886, 8.53211402893, -10.6202163696, -6.80501556396, -7.08310127258, -0.556926727295, -7.3883190155],
        "min": [-1019.36395264, 49.8781661987, -12.9839630127, -5.4778175354, -51.4524383545, -32.4353294373, -50.4968833923, -14.4758720398, -37.3049430847, -39.8370361328, -40.7556800842, -24.9443435669, -34.3587150574],
        "var": [2943.72363281, 1141.22302246, 604.132507324, 444.391296387, 222.300033569, 249.093215942, 202.473022461, 111.759727478, 73.6394119263, 166.283538818, 108.12297821, 98.3852844238, 66.0308914185],
        "cov": [[2961.89477539, -215.089187622, -514.105224609, 76.022644043, -259.709289551, 98.9527359009, -361.550415039, 176.933517456, -12.5902204514, 290.598388672, 43.8566398621, 100.943214417, -195.25718689], [-215.089187622, 1148.26757812, -255.162353516, -299.032043457, 201.673690796, -207.674865723, 168.71321106, 3.25100660324, 27.0370578766, -91.2092971802, 49.9179840088, -64.9532165527, -18.0481777191], [-514.105224609, -255.162353516, 607.861755371, 113.981117249, -121.341384888, 165.079269409, 24.5449256897, -42.0355567932, -22.4110050201, -91.7863464355, 25.325969696, -10.59486866, 73.2518005371], [76.022644043, -299.032043457, 113.981117249, 447.134460449, 78.6083831787, -71.1288452148, -99.0759658813, 28.2323913574, -28.9442253113, -86.7521438599, -14.3879880905, -19.8480110168, 30.6636104584], [-259.709289551, 201.673690796, -121.341384888, 78.6083831787, 223.67225647, -100.499351501, 18.3787307739, -3.46170353889, 15.5178918839, -48.2092704773, -23.1489830017, -8.74695396423, 7.17798757553], [98.9527359009, -207.674865723, 165.079269409, -71.1288452148, -100.499351501, 250.630828857, 23.9437923431, 0.359205752611, 20.8349552155, 80.3474578857, 32.886051178, 28.0730819702, 10.2139434814], [-361.550415039, 168.71321106, 24.5449256897, -99.0759658813, 18.3787307739, 23.9437923431, 203.722854614, 7.01406812668, 4.26811408997, -11.1931324005, 10.4540615082, 10.7262449265, 21.134393692], [176.933517456, 3.25100660324, -42.0355567932, 28.2323913574, -3.46170353889, 0.359205752611, 7.01406812668, 112.449607849, 20.3545837402, -0.843766212463, 41.234664917, -1.83295059204, -0.731245994568], [-12.5902204514, 27.0370578766, -22.4110050201, -28.9442253113, 15.5178918839, 20.8349552155, 4.26811408997, 20.3545837402, 74.0939788818, 44.2837028503, 6.31726884842, -13.9881858826, 5.02008008957], [290.598388672, -91.2092971802, -91.7863464355, -86.7521438599, -48.2092704773, 80.3474578857, -11.1931324005, -0.843766212463, 44.2837028503, 167.3099823, 5.53232049942, 23.2795162201, -32.6897697449], [43.8566398621, 49.9179840088, 25.325969696, -14.3879880905, -23.1489830017, 32.886051178, 10.4540615082, 41.234664917, 6.31726884842, 5.53232049942, 108.790397644, -10.3111133575, 9.02217388153], [100.943214417, -64.9532165527, -10.59486866, -19.8480110168, -8.74695396423, 28.0730819702, 10.7262449265, -1.83295059204, -13.9881858826, 23.2795162201, -10.3111133575, 98.9926071167, -6.74503135681], [-195.25718689, -18.0481777191, 73.2518005371, 30.6636104584, 7.17798757553, 10.2139434814, 21.134393692, -0.731245994568, 5.02008008957, -32.6897697449, 9.02217388153, -6.74503135681, 66.4384918213]],
        "icov": [[0.00211121793836, -0.00207050261088, 0.00238922401331, -0.00320340972394, 0.00452676415443, -0.00304162153043, 0.00335868750699, -0.00237874058075, 0.00146624038462, -0.00192448322196, 0.0012320067035, -0.00212378287688, 0.00192980794236], [-0.00207050261088, 0.00459678377956, -0.00241552805528, 0.00543353892863, -0.00657969946042, 0.00476323254406, -0.00430255942047, 0.00244828942232, -0.00200172653422, 0.00315822986886, -0.00302266771905, 0.00313785858452, -0.000872394652106], [0.00238922401331, -0.00241552805528, 0.00697457091883, -0.00540297431871, 0.00776293734089, -0.00664989976212, 0.00294210063294, 0.000106882587716, -0.000311431620503, 0.00176727422513, 0.000765065546148, -0.00241747731343, 0.000962045800406], [-0.00320340972394, 0.00543353892863, -0.00540297431871, 0.0109775466844, -0.0110761653632, 0.00731994584203, -0.0036668102257, 0.00102289346978, -0.000267006427748, 0.00316181313246, -0.00252865790389, 0.00453854491934, -0.00341892265715], [0.00452676415443, -0.00657969946042, 0.00776293734089, -0.0110761653632, 0.019677311182, -0.00753695610911, 0.00608509778976, -0.00228003133088, -0.00142620503902, -0.00146154186223, 0.00394293060526, -0.00636760285124, 0.00334810302593], [-0.00304162153043, 0.00476323254406, -0.00664989976212, 0.00731994584203, -0.00753695610911, 0.0141589334235, -0.00569052109495, 0.00225761719048, -0.00219789822586, -0.0015244736569, -0.00395353185013, 0.00239008315839, -0.00302357575856], [0.00335868750699, -0.00430255942047, 0.00294210063294, -0.0036668102257, 0.00608509778976, -0.00569052109495, 0.0123510509729, -0.00555095775053, 0.00380776287057, -0.00359948724508, 0.00290173664689, -0.00423739710823, 0.000495011219755], [-0.00237874058075, 0.00244828942232, 0.000106882587716, 0.00102289346978, -0.00228003133088, 0.00225761719048, -0.00555095775053, 0.016618302092, -0.00819681119174, 0.00620696973056, -0.0067024664022, 0.000973742280621, -0.000385426130379], [0.00146624038462, -0.00200172653422, -0.000311431620503, -0.000267006427748, -0.00142620503902, -0.00219789822586, 0.00380776287057, -0.00819681119174, 0.0242423936725, -0.0107908481732, 0.00321756768972, 0.00307396100834, -0.00384355476126], [-0.00192448322196, 0.00315822986886, 0.00176727422513, 0.00316181313246, -0.00146154186223, -0.0015244736569, -0.00359948724508, 0.00620696973056, -0.0107908481732, 0.0173291824758, -0.00304288836196, -3.6373770854e-05, 0.00315121700987], [0.0012320067035, -0.00302266771905, 0.000765065546148, -0.00252865790389, 0.00394293060526, -0.00395353185013, 0.00290173664689, -0.0067024664022, 0.00321756768972, -0.00304288836196, 0.0139342714101, -0.000102958307252, -0.00133483624086], [-0.00212378287688, 0.00313785858452, -0.00241747731343, 0.00453854491934, -0.00636760285124, 0.00239008315839, -0.00423739710823, 0.000973742280621, 0.00307396100834, -3.6373770854e-05, -0.000102958307252, 0.0145168695599, -0.00190173671581], [0.00192980794236, -0.000872394652106, 0.000962045800406, -0.00341892265715, 0.00334810302593, -0.00302357575856, 0.000495011219755, -0.000385426130379, -0.00384355476126, 0.00315121700987, -0.00133483624086, -0.00190173671581, 0.0227738227695]]
    }
}

}