{
"metadata": {
    "version": {
        "essentia": "2.0.1",
        "extractor": "archive-music 1.0 mod ismir14"
    },
    "audio_properties": {
        "analysis_sample_rate": 44100,
        "bitrate": 96,
        "channels": 2,
        "equal_loudness": 0,
        "length": 30.0669155121,
        "replay_gain": -11.7147388458,
        "downmix": "mix"
    },
    "tags": {
        "track": 6,
        "year": 0,
        "album": "Swing Classics (Jazz & Tzaz 70)",
        "artist": "Benny Carter",
        "comment": "",
        "genre": "Jazz",
        "title": "Babalu"
    }
},
"rhythm": {
    "bpm": 92.6367721558,
    "bpm_histogram_first_peak": 94,
    "bpm_histogram_first_peak_spread": 0.555555582047,
    "bpm_histogram_first_peak_weight": 0.355555564165,
    "bpm_histogram_second_peak": 89,
    "bpm_histogram_second_peak_spread": 0,
    "bpm_histogram_second_peak_weight": 0.177777782083
},
"tonal": {
    "tuning_frequency": {
        "dmean": 0.365346848965,
        "dmean2": 0.678574442863,
        "dvar": 2.72514557838,
        "dvar2": 6.75933122635,
        "max": 455.779724121,
        "mean": 436.459259033,
        "median": 437.465789795,
        "min": 432.940917969,
        "var": 5.55892896652
    },
    "hpcp": {
        "dmean": [0.106044702232, 0.169497042894, 0.0830800160766, 0.223697096109, 0.151224896312, 0.107708968222, 0.207338899374, 0.0820160284638, 0.188645705581, 0.0997706726193, 0.139236077666, 0.219194442034],
        "dmean2": [0.188887655735, 0.290411949158, 0.150983646512, 0.393644154072, 0.267967998981, 0.199987560511, 0.35987791419, 0.152915373445, 0.319716721773, 0.179255828261, 0.231461331248, 0.370515197515],
        "dvar": [0.0433504059911, 0.0500265583396, 0.0304085947573, 0.0745498239994, 0.0563095659018, 0.02403912507, 0.0751010626554, 0.0212537236512, 0.0453045517206, 0.0242336988449, 0.0322761163116, 0.0494679100811],
        "dvar2": [0.126211583614, 0.123888976872, 0.086570776999, 0.159828618169, 0.113803900778, 0.0706095248461, 0.12602108717, 0.0601663514972, 0.0983541682363, 0.0697853639722, 0.0738875195384, 0.114499241114],
        "max": [1, 1, 1, 1, 1, 1, 1, 0.746616482735, 1, 1, 1, 1],
        "mean": [0.0878974571824, 0.238811001182, 0.0678053274751, 0.459513247013, 0.267604678869, 0.113916620612, 0.3591979146, 0.0712969005108, 0.425125181675, 0.0852360799909, 0.210538834333, 0.398325115442],
        "median": [0.027683025226, 0.120806977153, 0.0264891050756, 0.328419297934, 0.0941055566072, 0.0677867084742, 0.190925851464, 0.0335722491145, 0.290511906147, 0.0408989228308, 0.139522001147, 0.295016497374],
        "min": [0.00163176259957, 0.00214306358248, 0.00124314066488, 0.00123064045329, 0.00137103209272, 0.00382996047847, 0.00164795410819, 0.00231802370399, 0.0135374674574, 0.0023063221015, 0.00260510621592, 0.00382542354055],
        "var": [0.0284139532596, 0.0700880438089, 0.0199414994568, 0.138298436999, 0.120334893465, 0.0174252260476, 0.14128819108, 0.0135003859177, 0.1167980358, 0.0169301480055, 0.0463272482157, 0.11101577431]
    }
},
"lowlevel": {
    "melbands": {
        "dmean": [1.81005509603e-06, 1.01809700936e-05, 7.25725658413e-06, 1.61338666658e-05, 1.60379950103e-05, 2.63671499852e-05, 2.10225152841e-05, 6.05965542491e-05, 3.32685340254e-05, 2.25664953177e-05, 1.50609030243e-05, 1.21937300719e-05, 9.30973692448e-06, 8.68950064614e-06, 1.79036542249e-05, 1.47088858284e-05, 7.890103916e-06, 5.12389624419e-06, 4.71980274597e-06, 6.16514580543e-06, 1.68905876308e-06, 2.16904390982e-06, 1.05550543594e-06, 9.40342260947e-07, 1.3622136521e-06, 4.26233413009e-07, 2.7116561796e-07, 2.87066512783e-07, 2.83585166017e-07, 3.18464600468e-07, 1.49371302882e-07, 7.68011716445e-08, 5.21471932302e-08, 2.1487387869e-08, 8.97017926604e-09, 6.81427447802e-09, 1.23364685134e-09, 1.17699100466e-10, 1.13826248774e-11, 4.93693681856e-13],
        "dmean2": [3.205904477e-06, 1.78157897608e-05, 1.30756388899e-05, 2.9166782042e-05, 2.79813757516e-05, 4.45071455033e-05, 3.2672262023e-05, 9.657155897e-05, 5.29601493326e-05, 3.81698991987e-05, 2.34771869145e-05, 1.83601387107e-05, 1.46130296343e-05, 1.52763495862e-05, 3.0258886909e-05, 2.29392571782e-05, 1.22278952404e-05, 8.69697305461e-06, 7.6619835454e-06, 1.03519341792e-05, 2.84178304355e-06, 3.68678547602e-06, 1.77175934368e-06, 1.63990955571e-06, 2.34467302107e-06, 7.13576639555e-07, 4.6760678174e-07, 4.98242968661e-07, 4.75227892593e-07, 5.57944417778e-07, 2.56356941009e-07, 1.36273840212e-07, 9.10896815753e-08, 3.88752106062e-08, 1.59263358057e-08, 1.18633964874e-08, 2.1483907986e-09, 2.14131504195e-10, 2.04820639615e-11, 8.43287028748e-13],
        "dvar": [3.51232346159e-12, 1.46717180072e-10, 4.51512473243e-11, 2.68931793501e-10, 2.69861799573e-10, 9.48094602826e-10, 7.08153757856e-10, 1.09027071815e-08, 2.9335593954e-09, 9.45167943911e-10, 4.67974992091e-10, 3.40653227848e-10, 1.55455370798e-10, 2.19001747293e-10, 6.95488722169e-10, 6.80782152873e-10, 1.91032634156e-10, 7.6745158839e-11, 5.21293251621e-11, 1.3064739568e-10, 4.08232562338e-12, 9.56700170474e-12, 1.84292685279e-12, 1.47846036629e-12, 4.02940571534e-12, 6.94256555456e-13, 1.85008990549e-13, 2.5920473992e-13, 1.44991061258e-13, 1.86586152345e-13, 5.15678096741e-14, 1.83544043679e-14, 9.60696044336e-15, 1.98842339621e-15, 2.32857933409e-16, 1.34630751829e-16, 3.38245981156e-18, 4.78524242856e-20, 4.08094987615e-22, 5.68620258903e-25],
        "dvar2": [9.44318841872e-12, 4.15785517127e-10, 1.25303364906e-10, 8.14389555792e-10, 8.43640435289e-10, 2.94402724421e-09, 1.63335434067e-09, 2.57601691089e-08, 7.42878114579e-09, 2.67832245271e-09, 1.12071563141e-09, 8.35976898816e-10, 3.62990720815e-10, 6.36838803914e-10, 1.67617386637e-09, 1.34554589692e-09, 3.97827659704e-10, 2.34510688646e-10, 1.19014173516e-10, 3.38971267722e-10, 1.04828619743e-11, 2.33717559195e-11, 4.03844188993e-12, 4.10354823038e-12, 1.12433144392e-11, 1.83021349812e-12, 5.70069761795e-13, 6.64835699514e-13, 4.12701502746e-13, 5.35826916691e-13, 1.52341165941e-13, 5.35345862963e-14, 2.64227320037e-14, 5.75431536256e-15, 6.50379901929e-16, 3.43971000746e-16, 9.30488522744e-18, 1.2241646218e-19, 1.13121310852e-21, 1.46946021614e-24],
        "max": [1.05235449155e-05, 8.76842896105e-05, 4.5437940571e-05, 0.000118045958516, 9.66606821748e-05, 0.000174398082891, 0.000266866700258, 0.000736027199309, 0.000349424197339, 0.000190420076251, 0.000123367717606, 0.000133793990244, 8.15237872303e-05, 0.000107236199256, 0.000156290378072, 0.000177994501428, 0.000114040492917, 6.90562446835e-05, 5.79243824177e-05, 0.000100046680018, 1.35558675538e-05, 2.53712587437e-05, 1.05691769932e-05, 7.03910063748e-06, 1.25305168694e-05, 6.7434984885e-06, 2.36951882471e-06, 3.77778019356e-06, 1.97482677322e-06, 2.52444988291e-06, 1.33700336846e-06, 9.25438996546e-07, 5.53463280539e-07, 3.14489341235e-07, 8.13864318161e-08, 9.1421888726e-08, 1.21136407571e-08, 1.26393784328e-09, 1.24475776908e-10, 4.64671573788e-12],
        "mean": [2.48446804108e-06, 1.43578745337e-05, 9.36719425226e-06, 2.08801466215e-05, 2.61324621533e-05, 3.67057764379e-05, 3.43687897839e-05, 8.47123374115e-05, 4.64351469418e-05, 2.72190427495e-05, 1.8218295736e-05, 1.48786020873e-05, 1.21052453324e-05, 9.24616415432e-06, 1.93051837414e-05, 1.56345540745e-05, 1.11299814307e-05, 5.40075370736e-06, 4.61972967969e-06, 6.48096147415e-06, 1.86696911442e-06, 2.61691047854e-06, 1.29470936372e-06, 1.06165953184e-06, 1.44845262184e-06, 4.86156352508e-07, 2.57698673067e-07, 2.74254063015e-07, 2.87225930151e-07, 3.07565272806e-07, 1.43756821558e-07, 6.72192328466e-08, 4.26927329045e-08, 1.74048793156e-08, 7.43906891643e-09, 6.02026117846e-09, 1.26185784044e-09, 1.0333016387e-10, 1.04063693426e-11, 4.74046474817e-13],
        "median": [1.79152107194e-06, 1.15029351946e-05, 7.07973686076e-06, 1.70514067577e-05, 2.09799818549e-05, 2.62121375272e-05, 1.82157928066e-05, 2.76974587905e-05, 1.49014040289e-05, 1.30140933834e-05, 6.38115352558e-06, 4.19954312747e-06, 4.98907638757e-06, 5.36527022632e-06, 6.8017270678e-06, 3.98612519348e-06, 2.2433578124e-06, 1.92269976651e-06, 9.81263610811e-07, 1.6695839804e-06, 9.15194050322e-07, 1.11415374704e-06, 7.32491571398e-07, 5.75898241095e-07, 3.6508893686e-07, 2.00396897299e-07, 9.83922348041e-08, 5.16723659416e-08, 1.27982360709e-07, 1.15741073614e-07, 4.95756218299e-08, 1.8084994835e-08, 6.28015595083e-09, 1.96871829949e-09, 1.11231202027e-09, 9.65625912563e-10, 3.36517369526e-10, 2.4845160651e-11, 3.19949925928e-12, 2.1183152888e-13],
        "min": [3.64031649269e-07, 1.45721878653e-06, 9.73130909188e-07, 1.72006338062e-07, 8.06408593235e-08, 1.28436454361e-07, 1.34888978209e-07, 1.56773921844e-07, 5.55027277471e-08, 2.66617821154e-08, 1.57620156926e-08, 1.27843806652e-08, 1.51485171074e-08, 9.4982119947e-09, 1.11407372216e-08, 5.87200954527e-09, 8.06697553202e-09, 3.82777898267e-09, 6.19723383721e-09, 2.03201278026e-09, 1.20453136354e-09, 2.29705854338e-09, 1.25435439813e-09, 7.85198905895e-10, 4.85279538776e-10, 2.67937450005e-10, 2.28353363996e-10, 1.20193702213e-10, 1.28285923551e-10, 6.87632659147e-11, 6.30408503177e-11, 4.8077809095e-11, 3.87647067224e-11, 2.6098852246e-11, 1.66263513374e-11, 1.16174726089e-11, 5.52412109112e-12, 1.56545490546e-12, 4.26934556501e-13, 2.66791932513e-14],
        "var": [3.71657088785e-12, 1.38107580927e-10, 5.99212762742e-11, 3.2273297923e-10, 4.56849419406e-10, 1.28922217346e-09, 1.81296644364e-09, 1.83045880675e-08, 4.28993729429e-09, 1.19495868756e-09, 6.50986653472e-10, 4.7864340269e-10, 2.86586060438e-10, 1.70942135447e-10, 8.0548195891e-10, 9.22297349604e-10, 4.43387132565e-10, 8.27395096881e-11, 6.4023363e-11, 1.77971345994e-10, 5.44820612236e-12, 1.6666810293e-11, 3.06264627374e-12, 1.77349443724e-12, 4.69054005706e-12, 8.42455770943e-13, 1.64606257227e-13, 3.06402906519e-13, 1.67354248948e-13, 2.07932656553e-13, 5.50239446563e-14, 1.5595985671e-14, 8.78125917385e-15, 1.63676051574e-15, 2.1603660023e-16, 1.52299541471e-16, 4.3329110149e-18, 4.22190205837e-20, 3.37092305974e-22, 5.21175649569e-25]
    },
    "mfcc": {
        "dmean": [51.5057754517, 17.555273056, 21.7686786652, 9.96140003204, 11.8314647675, 8.97595787048, 6.63121795654, 6.25097942352, 5.47129440308, 4.89455127716, 4.75050163269, 5.7321805954, 4.63052988052],
        "dmean2": [83.2403411865, 29.3879680634, 36.311832428, 16.0286159515, 20.4352245331, 14.8360319138, 10.8982582092, 10.2364187241, 9.32422828674, 8.41361045837, 7.27612447739, 10.0504665375, 7.59464550018],
        "dvar": [2317.52661133, 242.533004761, 516.420410156, 70.7821350098, 124.145751953, 61.1324768066, 36.7679786682, 21.4700298309, 22.6519260406, 18.6434288025, 16.1460952759, 24.4261436462, 11.5291233063],
        "dvar2": [6012.79931641, 647.848999023, 1190.46887207, 209.648269653, 339.121002197, 157.090209961, 99.1035614014, 65.3015213013, 60.8748664856, 39.8975868225, 37.6282196045, 63.3923339844, 26.7486438751],
        "max": [-692.939941406, 208.321899414, 53.6341285706, 57.5635070801, 21.0380401611, 40.2633895874, 13.6054420471, 4.50106811523, 20.5970420837, 10.2457675934, 21.1951789856, 22.2139759064, 6.26287078857],
        "mean": [-816.397155762, 166.337554932, -42.0624809265, 13.1173629761, -15.3880081177, -3.65364575386, -8.97345638275, -10.5307226181, -1.82394433022, -7.04438495636, 1.86822092533, 3.7887980938, -4.97260379791],
        "median": [-796.34161377, 170.339172363, -52.2998924255, 10.4568061829, -14.9788322449, -6.21692657471, -9.74823760986, -11.3215484619, -1.41641235352, -7.25495147705, 2.12051010132, 3.39445495605, -4.96971893311],
        "min": [-1021.18127441, 84.8631057739, -93.1668243408, -19.0275993347, -45.8007469177, -27.3215293884, -40.5442810059, -25.388458252, -16.6994285583, -25.9783325195, -12.2583293915, -16.1913909912, -14.8474998474],
        "var": [5924.36181641, 642.79699707, 1305.24230957, 267.863433838, 276.224182129, 157.436416626, 85.6137161255, 46.4490661621, 45.1085510254, 54.6572685242, 42.7742271423, 77.4187927246, 25.0117855072],
        "cov": [[5960.93212891, 155.014892578, -2694.40307617, 295.172546387, -1017.33758545, 35.9326972961, -407.025177002, -43.8120040894, 8.00023841858, -131.894592285, 143.653213501, 130.176330566, -78.1121444702], [155.014892578, 646.764892578, -26.9518165588, -290.461334229, -55.2236938477, -255.904205322, 56.3840065002, -76.9686203003, 52.0868492126, -94.8381652832, -2.27594804764, 95.744178772, -20.0883369446], [-2694.40307617, -26.9518165588, 1313.29943848, -134.668182373, 444.347137451, -7.57884168625, 175.413619995, 33.0298690796, -9.3512802124, 67.744468689, -71.3815383911, -56.7027015686, 34.8346443176], [295.172546387, -290.461334229, -134.668182373, 269.516906738, 29.6599445343, 115.442695618, -47.2534408569, 7.58501815796, -39.877368927, 12.8306941986, -4.95680475235, -64.0914230347, -9.92804431915], [-1017.33758545, -55.2236938477, 444.347137451, 29.6599445343, 277.929290771, 22.4159755707, 64.9713439941, -4.24440383911, -39.2371139526, 19.5896282196, -39.7360572815, -61.0341186523, 1.98878026009], [35.9326972961, -255.904205322, -7.57884168625, 115.442695618, 22.4159755707, 158.408248901, -10.0558815002, 48.3250312805, -29.8734741211, 36.2277030945, -6.97779130936, -59.1516494751, 5.46964263916], [-407.025177002, 56.3840065002, 175.413619995, -47.2534408569, 64.9713439941, -10.0558815002, 86.1421966553, 12.581577301, 6.34618854523, -12.9647445679, -23.9795722961, -7.39349222183, 1.56783986092], [-43.8120040894, -76.9686203003, 33.0298690796, 7.58501815796, -4.24440383911, 48.3250312805, 12.581577301, 46.7357902527, 1.34369504452, 21.691411972, 0.288853079081, -9.02512741089, 10.1724081039], [8.00023841858, 52.0868492126, -9.3512802124, -39.877368927, -39.2371139526, -29.8734741211, 6.34618854523, 1.34369504452, 45.3869972229, -5.46781682968, 14.8853778839, 27.9302444458, 2.10742402077], [-131.894592285, -94.8381652832, 67.744468689, 12.8306941986, 19.5896282196, 36.2277030945, -12.9647445679, 21.691411972, -5.46781682968, 54.9946594238, 15.029047966, -11.8110666275, 10.4743204117], [143.653213501, -2.27594804764, -71.3815383911, -4.95680475235, -39.7360572815, -6.97779130936, -23.9795722961, 0.288853079081, 14.8853778839, 15.029047966, 43.0382652283, 27.2951622009, 2.58980917931], [130.176330566, 95.744178772, -56.7027015686, -64.0914230347, -61.0341186523, -59.1516494751, -7.39349222183, -9.02512741089, 27.9302444458, -11.8110666275, 27.2951622009, 77.8966827393, 5.42451429367], [-78.1121444702, -20.0883369446, 34.8346443176, -9.92804431915, 1.98878026009, 5.46964263916, 1.56783986092, 10.1724081039, 2.10742402077, 10.4743204117, 2.58980917931, 5.42451429367, 25.166179657]],
        "icov": [[0.487314641476, -0.695188522339, 0.665179014206, -0.633646845818, 0.61961966753, -0.579332113266, 0.572474002838, -0.494818836451, 0.395268052816, -0.3461779356, 0.312701404095, -0.269768476486, 0.165172979236], [-0.695188522339, 1.00032198429, -0.947883427143, 0.910212278366, -0.884864449501, 0.834627687931, -0.818985641003, 0.707117676735, -0.563071668148, 0.500262737274, -0.447903096676, 0.386719942093, -0.232752129436], [0.665179014206, -0.947883427143, 0.910907447338, -0.862976968288, 0.841444969177, -0.789735913277, 0.779720366001, -0.675789475441, 0.537167370319, -0.475172370672, 0.42950707674, -0.368992477655, 0.224536791444], [-0.633646845818, 0.910212278366, -0.862976968288, 0.836325705051, -0.809299230576, 0.7540974617, -0.742480754852, 0.645635604858, -0.513626813889, 0.456757843494, -0.408621907234, 0.354289889336, -0.211807534099], [0.61961966753, -0.884864449501, 0.841444969177, -0.809299230576, 0.801432490349, -0.736676454544, 0.723149597645, -0.623261630535, 0.510020017624, -0.44174388051, 0.395427137613, -0.339309513569, 0.210146695375], [-0.579332113266, 0.834627687931, -0.789735913277, 0.7540974617, -0.736676454544, 0.716019392014, -0.682208061218, 0.572597026825, -0.464177787304, 0.415292352438, -0.375548958778, 0.330498039722, -0.19422750175], [0.572474002838, -0.818985641003, 0.779720366001, -0.742480754852, 0.723149597645, -0.682208061218, 0.698904514313, -0.594631195068, 0.458763033152, -0.396952718496, 0.372824013233, -0.316298991442, 0.195499807596], [-0.494818836451, 0.707117676735, -0.675789475441, 0.645635604858, -0.623261630535, 0.572597026825, -0.594631195068, 0.553678572178, -0.406060725451, 0.337388545275, -0.31311699748, 0.269945859909, -0.175619453192], [0.395268052816, -0.563071668148, 0.537167370319, -0.513626813889, 0.510020017624, -0.464177787304, 0.458763033152, -0.406060725451, 0.3585087955, -0.275607973337, 0.240566819906, -0.220434769988, 0.134809479117], [-0.3461779356, 0.500262737274, -0.475172370672, 0.456757843494, -0.44174388051, 0.415292352438, -0.396952718496, 0.337388545275, -0.275607973337, 0.292423248291, -0.244882702827, 0.201604291797, -0.121125392616], [0.312701404095, -0.447903096676, 0.42950707674, -0.408621907234, 0.395427137613, -0.375548958778, 0.372824013233, -0.31311699748, 0.240566819906, -0.244882702827, 0.252149611712, -0.191105380654, 0.108064487576], [-0.269768476486, 0.386719942093, -0.368992477655, 0.354289889336, -0.339309513569, 0.330498039722, -0.316298991442, 0.269945859909, -0.220434769988, 0.201604291797, -0.191105380654, 0.18094855547, -0.0973228514194], [0.165172979236, -0.232752129436, 0.224536791444, -0.211807534099, 0.210146695375, -0.19422750175, 0.195499807596, -0.175619453192, 0.134809479117, -0.121125392616, 0.108064487576, -0.0973228514194, 0.105656310916]]
    }
}

}