{
"metadata": {
    "version": {
        "essentia": "2.0.1",
        "extractor": "archive-music 1.0 mod ismir14"
    },
    "audio_properties": {
        "analysis_sample_rate": 44100,
        "bitrate": 32,
        "channels": 2,
        "equal_loudness": 0,
        "length": 30.0408172607,
        "replay_gain": -8.82925224304,
        "downmix": "mix"
    },
    "tags": {
        "track": 7,
        "year": 0,
        "album": "The Cool Jazz Collection",
        "artist": "Astrud Gilberto",
        "comment": "",
        "genre": "Jazz",
        "title": "Girl From Ipanema"
    }
},
"rhythm": {
    "bpm": 130.229049683,
    "bpm_histogram_first_peak": 129,
    "bpm_histogram_first_peak_spread": 0.542372882366,
    "bpm_histogram_first_peak_weight": 0.428571432829,
    "bpm_histogram_second_peak": 123,
    "bpm_histogram_second_peak_spread": 0,
    "bpm_histogram_second_peak_weight": 0.0317460335791
},
"tonal": {
    "tuning_frequency": {
        "dmean": 0.116951994598,
        "dmean2": 0.182515054941,
        "dvar": 1.08135414124,
        "dvar2": 1.99532485008,
        "max": 456.570251465,
        "mean": 446.98727417,
        "median": 442.03793335,
        "min": 433.441375732,
        "var": 78.7309875488
    },
    "hpcp": {
        "dmean": [0.136020794511, 0.0956512838602, 0.136432528496, 0.116949819028, 0.0732438117266, 0.146348237991, 0.0723443776369, 0.12874776125, 0.0930609330535, 0.121699124575, 0.137427464128, 0.102023035288],
        "dmean2": [0.243489101529, 0.182546928525, 0.241640090942, 0.202537938952, 0.136996626854, 0.253949344158, 0.134381234646, 0.226852327585, 0.170555859804, 0.223869070411, 0.247466236353, 0.191168174148],
        "dvar": [0.0627086013556, 0.0581942461431, 0.0716433376074, 0.0503928400576, 0.0422994494438, 0.070854537189, 0.0410843379796, 0.0637444779277, 0.0496392585337, 0.0646836161613, 0.0701933056116, 0.0504592247307],
        "dvar2": [0.134663879871, 0.149985983968, 0.153216034174, 0.119249299169, 0.117659799755, 0.153913974762, 0.105537474155, 0.151301652193, 0.126727968454, 0.16620182991, 0.170685201883, 0.143685922027],
        "max": [1, 1, 1, 1, 1, 1, 1, 1, 1, 1, 1, 1],
        "mean": [0.235281273723, 0.0739482790232, 0.268245309591, 0.14001211524, 0.0637467652559, 0.256923168898, 0.087287299335, 0.156089439988, 0.0725209265947, 0.103586494923, 0.152199700475, 0.0686254352331],
        "median": [0.0307220928371, 0.00165443564765, 0.0148012433201, 0.00907378643751, 0.00290754111484, 0.038314845413, 0.00210717506707, 0.0115686636418, 0.00201427517459, 0.00691945943981, 0.00763768423349, 0.00239674258046],
        "min": [9.0667144832e-06, 2.35305060414e-06, 8.14065333543e-06, 5.256149052e-06, 4.05433638662e-06, 3.30302736984e-06, 1.3241520719e-05, 3.0803437312e-06, 3.03705382976e-06, 9.912517271e-06, 6.44916235615e-06, 3.96704808736e-06],
        "var": [0.132894024253, 0.0503379628062, 0.163838267326, 0.0793453678489, 0.0398033820093, 0.145121484995, 0.062280330807, 0.0910631716251, 0.0455048307776, 0.0603553764522, 0.0915937051177, 0.0371253453195]
    }
},
"lowlevel": {
    "melbands": {
        "dmean": [0.000257860519923, 0.000731081760023, 0.000853148347232, 0.000454570312286, 0.00025673082564, 9.52605478233e-05, 5.7495686633e-05, 6.98393632774e-05, 2.51714664046e-05, 1.66477493622e-05, 1.64016728377e-05, 1.6014690118e-05, 3.49144011125e-06, 2.46368881562e-06, 3.64898801308e-06, 2.34972822e-06, 1.9528579287e-06, 7.81835410635e-07, 8.75970158631e-07, 8.05266552106e-07, 4.44417196377e-07, 5.91886646362e-07, 7.04739591129e-07, 6.14163070622e-07, 2.50032172744e-07, 1.5537838749e-07, 2.31043344456e-07, 3.07369276698e-07, 2.91645903872e-07, 3.27793287624e-07, 5.78172603127e-07, 1.02801107005e-06, 1.01661908047e-06, 7.73305032453e-07, 3.19503413948e-07, 2.00672374717e-07, 1.62407701509e-07, 1.32203368253e-07, 1.7442428657e-07, 2.45674385724e-07],
        "dmean2": [0.000361835234798, 0.00105380953755, 0.0012968047522, 0.000656404066831, 0.00037873655674, 0.000143532874063, 8.7432024884e-05, 0.000110132139525, 3.54942239937e-05, 2.42262667598e-05, 2.29862362175e-05, 1.90824994206e-05, 5.09491428602e-06, 3.59438695341e-06, 4.66292294732e-06, 3.32898230226e-06, 2.83489134745e-06, 1.15715045013e-06, 1.40307349739e-06, 1.19515027563e-06, 7.23053688034e-07, 9.09210768896e-07, 1.08708889002e-06, 9.6974099506e-07, 3.82814448585e-07, 2.2331062155e-07, 3.37722525501e-07, 4.73924700373e-07, 4.62008898694e-07, 5.21991523783e-07, 8.61992816681e-07, 1.56905582571e-06, 1.57682359259e-06, 1.31803540171e-06, 4.53895097507e-07, 2.92771574095e-07, 2.47202024184e-07, 1.90844602344e-07, 2.54261067312e-07, 3.4679538885e-07],
        "dvar": [3.85470883657e-07, 1.23025142784e-06, 1.30457203795e-06, 5.97687176196e-07, 2.1635911196e-07, 3.67311514538e-08, 3.49355495644e-08, 4.56176003638e-08, 4.32934799122e-09, 4.01513844395e-09, 2.08694861392e-09, 8.22911072618e-09, 7.5419594181e-11, 3.24693848197e-11, 1.68136546352e-10, 7.10522404801e-11, 8.64668128764e-11, 5.63298973438e-12, 2.14049264424e-11, 1.36211745008e-11, 2.76079224586e-12, 1.74874210165e-12, 3.56609425149e-12, 3.4268690316e-12, 5.45889939155e-13, 1.61168252138e-13, 5.23945036662e-13, 1.3187280044e-12, 8.27469820094e-13, 1.72186397085e-12, 6.79779019533e-12, 2.46092850958e-11, 2.11337752853e-11, 3.22836375688e-11, 1.31236850814e-12, 3.24616012239e-13, 2.06442041196e-13, 1.86705170638e-13, 4.38518199617e-13, 8.99051124346e-13],
        "dvar2": [7.38999062833e-07, 2.3011139092e-06, 2.51931442108e-06, 1.17907552522e-06, 4.72928007866e-07, 7.83347360311e-08, 7.15257684192e-08, 1.02753652698e-07, 7.19459114507e-09, 7.40542915878e-09, 4.25688462258e-09, 1.16162786057e-08, 1.42261258329e-10, 6.85769288578e-11, 2.19081780495e-10, 1.31972988093e-10, 1.90317664406e-10, 1.38604657265e-11, 5.93172316821e-11, 3.07449378456e-11, 7.4651708426e-12, 3.96755458348e-12, 7.71733111443e-12, 7.94026389778e-12, 1.28606598027e-12, 3.34663557717e-13, 1.00869323744e-12, 2.64627143982e-12, 2.02633222701e-12, 3.41383193415e-12, 1.52296838335e-11, 5.3339825612e-11, 4.7959136662e-11, 9.18405421158e-11, 2.2965969404e-12, 5.85834928745e-13, 3.6910267052e-13, 3.02391548216e-13, 8.28588120425e-13, 1.48293584443e-12],
        "max": [0.00940524414182, 0.0120588112622, 0.0122232967988, 0.0202393960208, 0.00537441577762, 0.00240438594483, 0.00232050893828, 0.00197206344455, 0.000987326144241, 0.000945975538343, 0.000487136363517, 0.00252767978236, 0.000120753080409, 8.43883753987e-05, 0.000326483597746, 0.000134541667649, 0.000168541067978, 3.8002133806e-05, 7.94610386947e-05, 5.79560510232e-05, 2.81630218524e-05, 1.33429612106e-05, 1.95615939447e-05, 2.27854288823e-05, 1.22231895148e-05, 6.84361430103e-06, 1.01308869489e-05, 1.90275823115e-05, 1.00091510831e-05, 1.73074586201e-05, 3.82632097171e-05, 6.63321843604e-05, 5.73944671487e-05, 0.000113826747111, 1.99039895961e-05, 6.08803748037e-06, 4.26517908636e-06, 7.17991315469e-06, 8.26149971545e-06, 1.29655309138e-05],
        "mean": [0.00046403176384, 0.00156955269631, 0.00200976524502, 0.000765832315665, 0.000571147887968, 0.000167694073753, 6.8913672294e-05, 8.16697138362e-05, 3.30934053636e-05, 2.22572562052e-05, 2.08668698178e-05, 2.20031724893e-05, 4.69541964776e-06, 3.15521447192e-06, 5.05974549014e-06, 2.95911445392e-06, 2.10611460716e-06, 8.20463810669e-07, 8.35890944018e-07, 8.17636816919e-07, 4.30468190871e-07, 6.58364172068e-07, 7.79706681442e-07, 6.1494597503e-07, 2.60875566482e-07, 1.8135966684e-07, 2.51755579939e-07, 3.18069965033e-07, 2.83421002223e-07, 3.40941681998e-07, 5.98097528837e-07, 1.01682257991e-06, 9.97244455903e-07, 7.41490737255e-07, 3.54636085831e-07, 2.31331497957e-07, 1.92445568814e-07, 1.54954761911e-07, 1.92536433019e-07, 2.72201901907e-07],
        "median": [0.000117673218483, 0.000794993131422, 0.000801870017312, 0.000343541614711, 0.000188626290765, 6.05511813774e-05, 1.75823697646e-05, 1.50125351865e-05, 4.89978083351e-06, 2.0184920686e-06, 2.0513571144e-06, 2.02866021937e-06, 8.99100768947e-07, 1.01457123947e-06, 8.40697111926e-07, 2.94529456824e-07, 2.19048644112e-07, 1.44303413663e-07, 7.30681435357e-08, 6.16416855337e-08, 6.26901055512e-08, 1.1823978241e-07, 1.14638552873e-07, 7.14880314945e-08, 4.00955855184e-08, 3.58045504356e-08, 5.22528722513e-08, 4.98255552372e-08, 3.01194553742e-08, 3.8645389111e-08, 3.88212058056e-08, 2.68856155117e-08, 3.32432250616e-08, 2.48342928444e-08, 2.39382327294e-08, 2.46681928218e-08, 2.289316825e-08, 1.91243039183e-08, 1.96005771613e-08, 1.93618028277e-08],
        "min": [4.08391514384e-07, 5.85135012443e-07, 5.86237661082e-07, 2.52165023085e-07, 6.50621132081e-07, 3.54734737584e-07, 9.58174837251e-08, 8.45354861667e-08, 2.76759255513e-08, 1.39915155017e-08, 1.06995399207e-08, 1.03200994417e-08, 7.63543095417e-09, 5.47199707768e-09, 2.22928764337e-09, 3.19163429019e-09, 1.68873226514e-09, 1.09448361485e-09, 9.93100490732e-10, 1.21256227281e-09, 4.8095499805e-10, 6.00077931789e-10, 8.01058552824e-10, 5.55648416167e-10, 5.77113579148e-10, 4.4423795198e-10, 6.48137932213e-10, 8.04751987271e-10, 6.37169206286e-10, 6.33482044599e-10, 5.82570935936e-10, 6.87380874442e-10, 5.3768794972e-10, 4.22900409136e-10, 4.76617412204e-10, 4.3429329577e-10, 5.89456816691e-10, 5.07003605765e-10, 4.99666197307e-10, 2.91878299308e-10],
        "var": [1.15221484975e-06, 3.51734979631e-06, 7.04631884219e-06, 2.16553962673e-06, 7.87176134054e-07, 7.9918017093e-08, 4.67531080517e-08, 5.32516111207e-08, 8.49403036796e-09, 6.72706912397e-09, 3.35367023041e-09, 1.9135542928e-08, 1.51308493512e-10, 5.11297358619e-11, 4.32002211781e-10, 1.14506550075e-10, 1.01031731592e-10, 5.57725914063e-12, 1.7231195637e-11, 1.50082359734e-11, 2.06885268465e-12, 2.1946112462e-12, 4.22697250466e-12, 3.50965307164e-12, 5.66245672313e-13, 2.14312169899e-13, 6.81613890764e-13, 1.55422864249e-12, 7.78472284465e-13, 1.98514121807e-12, 7.61305601893e-12, 2.69335439368e-11, 2.31401512535e-11, 2.73358159025e-11, 2.05522166126e-12, 4.79220721265e-13, 3.15313909965e-13, 2.94356824072e-13, 6.16042861255e-13, 1.38788622522e-12]
    },
    "mfcc": {
        "dmean": [41.0994644165, 28.3375377655, 14.3982372284, 10.7821216583, 8.19099235535, 9.64724349976, 7.82581710815, 6.76870584488, 6.86533164978, 7.08616924286, 5.98775243759, 6.09045648575, 5.42203330994],
        "dmean2": [52.831741333, 38.8808937073, 20.3830013275, 14.9941482544, 12.1374473572, 13.8473596573, 11.8704385757, 10.1670780182, 10.6091327667, 9.95974063873, 9.03917694092, 9.21974372864, 8.14185142517],
        "dvar": [1351.46508789, 771.377624512, 192.455307007, 92.5785675049, 51.1234436035, 93.295501709, 44.0676269531, 37.1295623779, 36.1179504395, 32.1973381042, 24.1406879425, 25.3321704865, 20.2486515045],
        "dvar2": [2369.83203125, 1332.49511719, 347.942932129, 171.634490967, 107.052947998, 157.013244629, 90.0878295898, 78.2136306763, 78.6658554077, 61.4631500244, 48.5189170837, 57.2016448975, 47.5584144592],
        "max": [-627.137207031, 244.035202026, 136.389587402, 115.778640747, 45.5341072083, 60.5127334595, 40.8398933411, 36.1518440247, 27.52277565, 25.4893283844, 29.7938270569, 37.265838623, 15.8323249817],
        "mean": [-803.293273926, 156.319503784, 63.1820373535, 30.2592201233, 8.80510234833, 7.9703783989, 3.43704342842, 2.70641493797, -5.62631177902, -10.9495868683, -4.75799846649, -0.971035897732, -6.03154230118],
        "median": [-793.19744873, 164.991760254, 62.5705986023, 28.851688385, 10.0913352966, 10.1421175003, 5.03288078308, 2.27713775635, -5.01908969879, -10.2509269714, -4.18853664398, -1.23146533966, -5.06751060486],
        "min": [-1015.64984131, -42.5328941345, -20.3336906433, -31.1132621765, -35.2740516663, -52.8431434631, -46.5133476257, -31.9330940247, -38.4512672424, -47.4432029724, -42.9844207764, -34.8162078857, -35.0230522156],
        "var": [5122.29394531, 2279.42407227, 730.563293457, 498.503234863, 202.664398193, 301.482177734, 191.663925171, 133.808502197, 106.707221985, 187.856811523, 134.139953613, 121.621841431, 82.5733718872],
        "cov": [[5130.2109375, -657.778381348, -488.135528564, -88.1549072266, -109.401000977, -183.498687744, -246.811798096, 29.3337345123, -11.4700336456, 124.097251892, 89.1201553345, -30.3098621368, -164.162017822], [-657.778381348, 2282.94702148, -420.438079834, -301.430236816, 92.5261611938, -243.650161743, 49.4130516052, 120.261817932, -114.924255371, -146.157577515, -36.0071983337, 25.7811107635, -92.3758544922], [-488.135528564, -420.438079834, 731.692443848, 127.278686523, -91.4035644531, 206.921127319, 38.2083053589, -57.4773597717, 23.1847114563, -76.9246368408, 26.5773849487, -27.9220046997, 76.27003479], [-88.1549072266, -301.430236816, 127.278686523, 499.273712158, 126.49571228, -110.726837158, -55.018535614, 21.70246315, 4.51067733765, -95.3512573242, -2.43515944481, -45.693107605, 52.6807632446], [-109.401000977, 92.5261611938, -91.4035644531, 126.49571228, 202.977630615, -40.5685539246, -19.073589325, 12.8188028336, 8.3477306366, -11.0810289383, -25.6571292877, 22.5241565704, -5.30737781525], [-183.498687744, -243.650161743, 206.921127319, -110.726837158, -40.5685539246, 301.948150635, 71.9828338623, -22.8152122498, 45.4497337341, 62.6958274841, 45.0631408691, 21.8847618103, 30.9418430328], [-246.811798096, 49.4130516052, 38.2083053589, -55.018535614, -19.073589325, 71.9828338623, 191.960159302, 37.4421691895, 3.05597639084, 23.872587204, 9.39713668823, 27.6035881042, 11.8104362488], [29.3337345123, 120.261817932, -57.4773597717, 21.70246315, 12.8188028336, -22.8152122498, 37.4421691895, 134.015319824, 23.8627872467, -14.2410087585, 25.015794754, -8.08954906464, -2.01736593246], [-11.4700336456, -114.924255371, 23.1847114563, 4.51067733765, 8.3477306366, 45.4497337341, 3.05597639084, 23.8627872467, 106.872146606, 62.2761001587, 15.8632106781, -17.6010456085, 10.2662668228], [124.097251892, -146.157577515, -76.9246368408, -95.3512573242, -11.0810289383, 62.6958274841, 23.872587204, -14.2410087585, 62.2761001587, 188.147155762, 22.2398319244, 16.4504680634, -14.6035366058], [89.1201553345, -36.0071983337, 26.5773849487, -2.43515944481, -25.6571292877, 45.0631408691, 9.39713668823, 25.015794754, 15.8632106781, 22.2398319244, 134.34727478, -10.1488904953, 14.0860700607], [-30.3098621368, 25.7811107635, -27.9220046997, -45.693107605, 22.5241565704, 21.8847618103, 27.6035881042, -8.08954906464, -17.6010456085, 16.4504680634, -10.1488904953, 121.809822083, 1.49645555019], [-164.162017822, -92.3758544922, 76.27003479, 52.6807632446, -5.30737781525, 30.9418430328, 11.8104362488, -2.01736593246, 10.2662668228, -14.6035366058, 14.0860700607, 1.49645555019, 82.7009963989]],
        "icov": [[0.000272019475233, 0.000144189121784, 0.000171859879629, 5.49792566744e-05, 0.000164705794305, 9.64989158092e-05, 0.000298270460917, -0.000182796022273, 0.000116503120807, -1.69854101841e-05, -0.000224002753384, -3.54779258487e-05, 0.00045624471386], [0.000144189121784, 0.00083875405835, 0.000130605374579, 0.000961859419476, -0.000703224679455, 0.000723758595996, -0.000133981026011, -0.000566978938878, 0.000350621819962, 0.000720998388715, -0.000322749809129, 0.000164345619851, 0.000315110926749], [0.000171859879629, 0.000130605374579, 0.00291376258247, -0.00127206195612, 0.00175254326314, -0.00208984571509, -0.000242143127252, 0.00121222215239, -0.000962089106906, 0.0017787637189, -3.24260290654e-05, 1.06023526314e-05, 7.52913911128e-06], [5.49792566744e-05, 0.000961859419476, -0.00127206195612, 0.00514217698947, -0.00377350859344, 0.00287977373227, 0.000123793099192, -0.00112922326662, 0.000209152101888, 0.00127549981698, -0.000847760704346, 0.00133623357397, -0.00196426850744], [0.000164705794305, -0.000703224679455, 0.00175254326314, -0.00377350859344, 0.00864842906594, -0.00192925683223, 0.000640412501525, 0.000561457069125, -0.00167945830617, -9.5721843536e-06, 0.00129678461235, -0.00233684200794, 0.00155619590078], [9.64989158092e-05, 0.000723758595996, -0.00208984571509, 0.00287977373227, -0.00192925683223, 0.00727968430147, -0.0014652220998, 0.000210655431147, -0.00107098033186, -0.000733498542104, -0.00179955910426, -0.000323671614751, -0.00122437078971], [0.000298270460917, -0.000133981026011, -0.000242143127252, 0.000123793099192, 0.000640412501525, -0.0014652220998, 0.0072378362529, -0.0030205801595, 0.00163389730733, -0.00149709323887, 0.000505574804265, -0.00111634749919, -0.000464239827124], [-0.000182796022273, -0.000566978938878, 0.00121222215239, -0.00112922326662, 0.000561457069125, 0.000210655431147, -0.0030205801595, 0.0110349776223, -0.00463470071554, 0.0026113698259, -0.00205067149363, 3.28863438881e-06, 0.000648647954222], [0.000116503120807, 0.000350621819962, -0.000962089106906, 0.000209152101888, -0.00167945830617, -0.00107098033186, 0.00163389730733, -0.00463470071554, 0.015557859093, -0.0059886360541, 0.000550724857021, 0.0027625404764, -0.00180911552161], [-1.69854101841e-05, 0.000720998388715, 0.0017787637189, 0.00127549981698, -9.5721843536e-06, -0.000733498542104, -0.00149709323887, 0.0026113698259, -0.0059886360541, 0.0102740321308, -0.00151120510418, -0.00102407194208, 0.00170355592854], [-0.000224002753384, -0.000322749809129, -3.24260290654e-05, -0.000847760704346, 0.00129678461235, -0.00179955910426, 0.000505574804265, -0.00205067149363, 0.000550724857021, -0.00151120510418, 0.00907966215163, 0.000578398641665, -0.00149311579298], [-3.54779258487e-05, 0.000164345619851, 1.06023526314e-05, 0.00133623357397, -0.00233684200794, -0.000323671614751, -0.00111634749919, 3.28863438881e-06, 0.0027625404764, -0.00102407194208, 0.000578398641665, 0.0100161647424, -0.00142070220318], [0.00045624471386, 0.000315110926749, 7.52913911128e-06, -0.00196426850744, 0.00155619590078, -0.00122437078971, -0.000464239827124, 0.000648647954222, -0.00180911552161, 0.00170355592854, -0.00149311579298, -0.00142070220318, 0.0160391740501]]
    }
}

}