{
"metadata": {
    "version": {
        "essentia": "2.0.1",
        "extractor": "archive-music 1.0 mod ismir14"
    },
    "audio_properties": {
        "analysis_sample_rate": 44100,
        "bitrate": 32,
        "channels": 2,
        "equal_loudness": 0,
        "length": 30.0408172607,
        "replay_gain": -12.2329673767,
        "downmix": "mix"
    },
    "tags": {
        "track": 6,
        "year": 0,
        "album": "Swing Classics (Jazz & Tzaz 70)",
        "artist": "Benny Carter",
        "comment": "",
        "genre": "Jazz",
        "title": "Babalu"
    }
},
"rhythm": {
    "bpm": 92.5154342651,
    "bpm_histogram_first_peak": 94,
    "bpm_histogram_first_peak_spread": 0.514285683632,
    "bpm_histogram_first_peak_weight": 0.377777785063,
    "bpm_histogram_second_peak": 89,
    "bpm_histogram_second_peak_spread": 0,
    "bpm_histogram_second_peak_weight": 0.20000000298
},
"tonal": {
    "tuning_frequency": {
        "dmean": 0.0695301294327,
        "dmean2": 0.108039073646,
        "dvar": 1.14573085308,
        "dvar2": 1.88299393654,
        "max": 456.04309082,
        "mean": 440.222137451,
        "median": 441.017791748,
        "min": 432.191345215,
        "var": 3.05721998215
    },
    "hpcp": {
        "dmean": [0.0885460600257, 0.13251504302, 0.0705356523395, 0.192295759916, 0.132165446877, 0.111844621599, 0.146385684609, 0.0635233670473, 0.19863717258, 0.104253709316, 0.189703032374, 0.199952796102],
        "dmean2": [0.159184157848, 0.22607037425, 0.128215268254, 0.33482632041, 0.224197357893, 0.191744536161, 0.240812703967, 0.109912872314, 0.336973428726, 0.18453335762, 0.330012410879, 0.337431192398],
        "dvar": [0.0309071689844, 0.0429585427046, 0.0301205851138, 0.0663965642452, 0.0489700362086, 0.0300828758627, 0.0446501784027, 0.0192672703415, 0.0590368509293, 0.0406103990972, 0.0565745681524, 0.0627281293273],
        "dvar2": [0.0786948129535, 0.109414741397, 0.0764411985874, 0.145998001099, 0.109786041081, 0.073889374733, 0.0932366251945, 0.050833567977, 0.143811270595, 0.107868172228, 0.142765700817, 0.140273526311],
        "max": [1, 1, 1, 1, 1, 1, 1, 1, 1, 1, 1, 1],
        "mean": [0.0843431800604, 0.226415544748, 0.0645678341389, 0.432704359293, 0.221720382571, 0.123313330114, 0.308629482985, 0.0581631138921, 0.374456375837, 0.0832567587495, 0.251072496176, 0.343375653028],
        "median": [0.0160547159612, 0.0679318159819, 0.00863971747458, 0.279747784138, 0.0387570783496, 0.0459261462092, 0.132125362754, 0.0153046669438, 0.248419255018, 0.0193639025092, 0.132780343294, 0.220002681017],
        "min": [0.000223365423153, 0.000102141406387, 6.42069935566e-05, 0.000220375630306, 5.84708213864e-05, 0.000337562727509, 0.000605819164775, 6.81902820361e-05, 0.000386994535802, 8.41624641907e-05, 4.9441572628e-05, 0.000191195242223],
        "var": [0.0313285216689, 0.0863421559334, 0.0311562623829, 0.157175377011, 0.113395504653, 0.0395206436515, 0.130285650492, 0.0171275567263, 0.122291706502, 0.0308072865009, 0.0865710377693, 0.125318005681]
    }
},
"lowlevel": {
    "melbands": {
        "dmean": [8.70545136422e-06, 3.97983531002e-05, 2.3645336114e-05, 5.19184322911e-05, 5.18023152836e-05, 8.13373408164e-05, 6.24250242254e-05, 0.000139002673677, 8.98467988009e-05, 6.66931373416e-05, 4.14422174799e-05, 3.46980523318e-05, 3.05266403302e-05, 2.44704697252e-05, 4.98480912938e-05, 3.95114038838e-05, 2.46547915594e-05, 1.63455988513e-05, 1.41804530358e-05, 1.54270383064e-05, 5.06847027282e-06, 7.0265323302e-06, 3.00032752421e-06, 2.74365606856e-06, 3.70418774764e-06, 1.16869466638e-06, 6.55972314689e-07, 8.09141909031e-07, 7.69034841142e-07, 7.74238628765e-07, 3.65667915503e-07, 1.96812109721e-07, 1.27405826333e-07, 5.32260528985e-08, 2.29200782798e-08, 1.84118302826e-08, 5.08365083363e-09, 9.78014336184e-10, 3.89649701393e-10, 2.00016544993e-10],
        "dmean2": [1.40396905408e-05, 6.68514403515e-05, 3.58355064236e-05, 7.83569339546e-05, 7.59812974138e-05, 0.000125010978081, 9.8557320598e-05, 0.000216253843973, 0.000134875503136, 0.000101840611023, 6.37773555354e-05, 5.29277531314e-05, 4.61665185867e-05, 3.68980472558e-05, 7.76752349338e-05, 6.35884061921e-05, 3.76254938601e-05, 2.38359589275e-05, 2.07125904126e-05, 2.45638693741e-05, 7.84256462794e-06, 1.08654176074e-05, 4.54021937912e-06, 4.00340150009e-06, 5.72836916035e-06, 1.75235527422e-06, 9.4806961215e-07, 1.24772134313e-06, 1.1411474361e-06, 1.15646867016e-06, 5.33265563263e-07, 2.69264319286e-07, 1.79705210712e-07, 7.60797789212e-08, 3.283855321e-08, 2.64430433106e-08, 7.66836549815e-09, 1.57560775538e-09, 6.16295181555e-10, 3.10358377886e-10],
        "dvar": [1.03334528434e-10, 2.25498109074e-09, 1.43253864326e-09, 6.66247101933e-09, 4.74911932002e-09, 1.92976905566e-08, 8.1255713269e-09, 9.10523070274e-08, 2.45553533063e-08, 1.21241363615e-08, 6.24140339411e-09, 5.00295183059e-09, 3.60316776415e-09, 1.86023052517e-09, 8.95411123025e-09, 9.96739579762e-09, 3.37513905713e-09, 1.3320349268e-09, 1.13783804601e-09, 1.17054721471e-09, 6.80962508603e-11, 3.17561560381e-10, 2.55712655911e-11, 2.43384600668e-11, 5.95911237022e-11, 6.68054934289e-12, 1.8670453638e-12, 4.52042700147e-12, 2.31682012984e-12, 2.01749467826e-12, 5.99338449963e-13, 2.06879869138e-13, 1.19048488515e-13, 2.18435126486e-14, 3.00413151996e-15, 1.75699758375e-15, 1.00680685304e-16, 6.95738221778e-18, 9.70974588312e-19, 1.86845534242e-19],
        "dvar2": [2.31663355166e-10, 5.32830268796e-09, 3.44316664069e-09, 1.56968429366e-08, 9.6451460152e-09, 4.26892228234e-08, 1.73830123629e-08, 1.83218205052e-07, 4.86093441054e-08, 2.42544242468e-08, 1.40032083706e-08, 1.16449134779e-08, 7.61047047604e-09, 3.60713126035e-09, 1.99014991153e-08, 2.55618584077e-08, 7.95911514473e-09, 2.68177902107e-09, 2.6616893134e-09, 2.47006681775e-09, 1.51531981407e-10, 7.49419915014e-10, 5.5138379973e-11, 5.00771646372e-11, 1.21972390521e-10, 1.23708985764e-11, 3.86670079636e-12, 1.03095015164e-11, 4.51328124179e-12, 3.68939124043e-12, 1.00343919372e-12, 3.41876565035e-13, 2.06175842458e-13, 3.99766618463e-14, 5.5830935815e-15, 3.12179074908e-15, 2.01843742636e-16, 1.73043570255e-17, 2.46165021188e-18, 4.38507674664e-19],
        "max": [9.22438630369e-05, 0.000633429794107, 0.000614322605543, 0.00118079956155, 0.000778666930273, 0.00133801135235, 0.00119346694555, 0.00404552696273, 0.00178698229138, 0.00101563264616, 0.000808273151051, 0.000823079957627, 0.000835675571579, 0.00052019074792, 0.000852081400808, 0.00139345251955, 0.000715604284778, 0.000425497215474, 0.000358112389222, 0.000529064389411, 0.000112313573482, 0.000239799715928, 5.38133281225e-05, 6.01211177127e-05, 6.84958286001e-05, 3.43037318089e-05, 1.43021707117e-05, 2.36206378759e-05, 1.32349050546e-05, 1.37470360642e-05, 9.19188551052e-06, 5.76097454541e-06, 3.60384933629e-06, 1.73416856342e-06, 5.14055159329e-07, 5.28464397576e-07, 8.76651071735e-08, 2.82607039992e-08, 1.1919063958e-08, 4.31476987472e-09],
        "mean": [1.12013776743e-05, 5.35873587069e-05, 3.85713356081e-05, 8.34874153952e-05, 0.000103131234937, 0.000146397054777, 0.000139668671181, 0.000330351671437, 0.000180905481102, 0.000107808569737, 7.11234388291e-05, 5.74194054934e-05, 4.76510031149e-05, 3.57752578566e-05, 7.52956111683e-05, 6.12853473285e-05, 4.45160403615e-05, 2.22184062295e-05, 1.89268648683e-05, 2.46471736318e-05, 7.46438718124e-06, 1.04889431896e-05, 5.25501354787e-06, 4.19539355789e-06, 5.93269032834e-06, 1.93808409676e-06, 1.0028509223e-06, 1.09141103621e-06, 1.15303873827e-06, 1.22332448882e-06, 5.70985321247e-07, 2.74320001381e-07, 1.77371290988e-07, 7.24130728713e-08, 3.20050475011e-08, 3.0032911269e-08, 8.32217583735e-09, 1.25862198441e-09, 4.83408313379e-10, 2.94312491045e-10],
        "median": [6.74413649904e-06, 3.56346281478e-05, 2.55013401329e-05, 5.53671961825e-05, 7.51564512029e-05, 8.59881693032e-05, 5.24506394868e-05, 7.79080874054e-05, 5.02319307998e-05, 3.11001276714e-05, 1.97668268811e-05, 1.2275930203e-05, 1.43635334098e-05, 1.4478171579e-05, 1.697719199e-05, 1.24304406199e-05, 5.82522670811e-06, 5.85376119489e-06, 2.74270223599e-06, 5.42827410754e-06, 2.96167877423e-06, 3.12923293677e-06, 2.03325203074e-06, 1.63721369972e-06, 1.15154443847e-06, 5.95984772644e-07, 2.96150460599e-07, 1.65705927202e-07, 3.18602332072e-07, 2.72378599675e-07, 9.81066961003e-08, 5.01259762586e-08, 1.79321446581e-08, 5.69637848002e-09, 3.47471362794e-09, 3.06164582575e-09, 1.34127309259e-09, 2.25915133822e-10, 1.19487114647e-10, 9.34558957999e-11],
        "min": [1.36415083674e-08, 2.53423468877e-08, 2.53847986187e-07, 8.49611510034e-08, 1.85615753878e-08, 3.79524500715e-08, 9.31090795575e-08, 5.00164532014e-08, 3.20086748218e-08, 1.2507113567e-08, 7.44170947087e-09, 5.18129983362e-09, 4.05794997604e-09, 4.0790735234e-09, 4.9663713142e-09, 2.6165032363e-09, 4.11519840426e-09, 1.12258258245e-09, 6.74770350706e-10, 6.75669797889e-10, 5.65772317884e-10, 5.61355795181e-10, 5.17848319781e-10, 3.48531453698e-10, 1.84215795396e-10, 1.17592144355e-10, 1.01090372184e-10, 6.47243925123e-11, 7.03946068104e-11, 5.94640309215e-11, 4.91058860241e-11, 5.08568465118e-11, 4.19960351217e-11, 2.67640510448e-11, 2.01264317712e-11, 1.52348966775e-11, 1.18009603825e-11, 4.69825133659e-12, 6.13197600335e-12, 6.77120425702e-12],
        "var": [1.61831409384e-10, 3.24269322505e-09, 1.93727478504e-09, 9.75781766499e-09, 1.14714948651e-08, 3.30879217358e-08, 3.48028024177e-08, 3.32724567897e-07, 8.24570989266e-08, 2.64972772612e-08, 1.33489059806e-08, 9.39503852493e-09, 7.1712498162e-09, 3.46563666653e-09, 1.74883147963e-08, 1.87523028217e-08, 9.48872802553e-09, 2.34997754589e-09, 1.80945636252e-09, 3.08802339255e-09, 1.33495145493e-10, 4.701852796e-10, 6.56524279385e-11, 4.45998203646e-11, 1.20767201794e-10, 1.86257589213e-11, 3.50420950937e-12, 7.84996980613e-12, 4.41357497424e-12, 4.66942543659e-12, 1.31058347768e-12, 4.2374767974e-13, 2.40453544662e-13, 4.24501606826e-14, 6.11812406022e-15, 4.98217283333e-15, 2.46301060966e-16, 8.94697079383e-18, 1.1713124594e-18, 2.97179239967e-19]
    },
    "mfcc": {
        "dmean": [40.1651420593, 14.5453777313, 16.36561203, 8.9921169281, 9.84955883026, 7.25516605377, 6.62233352661, 5.85696077347, 5.23876333237, 5.46058797836, 5.12470769882, 5.04457378387, 4.93655538559],
        "dmean2": [47.0119056702, 20.6763439178, 22.7074737549, 13.9301395416, 13.6881771088, 11.107008934, 10.3952913284, 9.55009078979, 8.38916969299, 8.54686927795, 8.23580360413, 8.10343360901, 7.87807798386],
        "dvar": [2118.5090332, 207.886489868, 406.140319824, 69.6325378418, 83.334854126, 35.9006309509, 33.1774978638, 25.3249454498, 20.0187034607, 18.6852931976, 15.9365053177, 20.7173576355, 14.5961494446],
        "dvar2": [3330.4152832, 377.2550354, 670.644897461, 144.399368286, 140.992248535, 75.7709350586, 68.9226226807, 58.8219070435, 49.508354187, 43.6817817688, 39.4728660583, 46.5254364014, 36.5279197693],
        "max": [-606.918640137, 232.922851562, 77.0830688477, 69.6243972778, 29.9692878723, 49.1349029541, 19.3561439514, 24.2004451752, 18.1040458679, 19.817407608, 27.6095848083, 34.015663147, 24.1951828003],
        "mean": [-772.619567871, 176.007278442, -42.7546691895, 18.1503601074, -17.4203624725, -0.889669895172, -11.1720457077, -7.8431854248, -3.79101490974, -5.00099563599, 0.900166332722, 4.65357208252, -5.40815877914],
        "median": [-741.262878418, 183.326293945, -57.5836982727, 16.4847564697, -18.6266269684, -1.44512176514, -10.9971542358, -8.01049423218, -4.00294876099, -4.64776611328, 1.21324157715, 2.87063217163, -5.25870227814],
        "min": [-1040.81848145, 60.1585273743, -113.810134888, -31.6028213501, -64.5992736816, -26.4234580994, -53.3179092407, -32.5797805786, -27.0727844238, -31.2219314575, -18.8160762787, -19.6309127808, -27.4529685974],
        "var": [10462.7001953, 886.614013672, 1762.56677246, 291.784515381, 434.276611328, 147.687545776, 144.689254761, 69.6679458618, 62.1141738892, 78.6474761963, 56.0031700134, 101.869384766, 43.4101066589],
        "cov": [[10478.8710938, 79.2488174438, -4056.60791016, 345.959533691, -1715.12268066, 8.81205940247, -833.847106934, -6.3595495224, -249.744995117, -126.829910278, -33.4938735962, 323.54510498, -207.253982544], [79.2488174438, 887.984375, -18.4549827576, -272.963409424, -17.5929679871, -243.679168701, 59.4847450256, -91.9100875854, 50.0708312988, -134.462371826, 6.56312179565, 25.7305164337, 2.0072658062], [-4056.60791016, -18.4549827576, 1765.29101562, -109.052619934, 661.003479004, 50.5731391907, 307.988830566, 38.3626937866, 86.4877624512, 68.5238647461, 1.3653883934, -137.310836792, 73.971496582], [345.959533691, -272.963409424, -109.052619934, 292.235473633, 32.7439155579, 96.7263031006, -34.1055984497, 5.86782503128, -32.7624740601, 13.8906450272, -14.6572599411, -41.4192771912, -18.4731006622], [-1715.12268066, -17.5929679871, 661.003479004, 32.7439155579, 434.947845459, 43.9219245911, 148.142089844, 3.67533111572, 5.1163892746, 23.5801029205, -7.10456705093, -101.582366943, 21.3464546204], [8.81205940247, -243.679168701, 50.5731391907, 96.7263031006, 43.9219245911, 147.915817261, 8.76751708984, 49.7515869141, -20.5238647461, 39.7724266052, -6.59372758865, -32.5960083008, -3.87872934341], [-833.847106934, 59.4847450256, 307.988830566, -34.1055984497, 148.142089844, 8.76751708984, 144.912872314, 16.2354240417, 30.6158885956, -7.98051548004, -7.6997961998, -33.4873466492, 16.0752906799], [-6.3595495224, -91.9100875854, 38.3626937866, 5.86782503128, 3.67533111572, 49.7515869141, 16.2354240417, 69.7756195068, 6.90077400208, 30.490146637, 2.31524515152, 2.31127047539, 4.35164499283], [-249.744995117, 50.0708312988, 86.4877624512, -32.7624740601, 5.1163892746, -20.5238647461, 30.6158885956, 6.90077400208, 62.2101783752, 8.81609630585, 17.8603515625, 14.5260848999, 9.6844625473], [-126.829910278, -134.462371826, 68.5238647461, 13.8906450272, 23.5801029205, 39.7724266052, -7.98051548004, 30.490146637, 8.81609630585, 78.7690353394, 24.8326644897, 4.32105827332, 5.00609016418], [-33.4938735962, 6.56312179565, 1.3653883934, -14.6572599411, -7.10456705093, -6.59372758865, -7.6997961998, 2.31524515152, 17.8603515625, 24.8326644897, 56.0897293091, 34.8776168823, 9.56365203857], [323.54510498, 25.7305164337, -137.310836792, -41.4192771912, -101.582366943, -32.5960083008, -33.4873466492, 2.31127047539, 14.5260848999, 4.32105827332, 34.8776168823, 102.026832581, 7.74229478836], [-207.253982544, 2.0072658062, 73.971496582, -18.4731006622, 21.3464546204, -3.87872934341, 16.0752906799, 4.35164499283, 9.6844625473, 5.00609016418, 9.56365203857, 7.74229478836, 43.4771995544]],
        "icov": [[0.00657814415172, -0.00786862615496, 0.0097293658182, -0.00674715079367, 0.00919748377055, -0.0103238234296, 0.00825135409832, -0.00775001803413, 0.0077389148064, -0.00660368287936, 0.00601777015254, -0.00287088286132, 0.00281289056875], [-0.00786862615496, 0.0127682797611, -0.0112100904807, 0.0101154241711, -0.011757209897, 0.0154903242365, -0.0105678066611, 0.00954002235085, -0.0104847252369, 0.0120162516832, -0.00923465751112, 0.00463826162741, -0.00246402784251], [0.0097293658182, -0.0112100904807, 0.01625046134, -0.00888668932021, 0.0111703472212, -0.0152615606785, 0.011351426132, -0.011307050474, 0.00969453062862, -0.0101770870388, 0.00936413928866, -0.00393020082265, 0.00321396603249], [-0.00674715079367, 0.0101154241711, -0.00888668932021, 0.0136116435751, -0.0115826791152, 0.00858946796507, -0.0072200098075, 0.00957817770541, -0.00955367926508, 0.00955956336111, -0.00697107985616, 0.0045118983835, -0.00180591759272], [0.00919748377055, -0.011757209897, 0.0111703472212, -0.0115826791152, 0.0211488679051, -0.014379250817, 0.00749359605834, -0.00932582560927, 0.0150990206748, -0.011432884261, 0.00606292346492, -0.00075661984738, 0.00371083151549], [-0.0103238234296, 0.0154903242365, -0.0152615606785, 0.00858946796507, -0.014379250817, 0.0335233919322, -0.0151528902352, 0.004187959712, -0.0083798263222, 0.0102483546361, -0.0118966596201, 0.00817597378045, -0.00323136360385], [0.00825135409832, -0.0105678066611, 0.011351426132, -0.0072200098075, 0.00749359605834, -0.0151528902352, 0.0263374652714, -0.0137575156987, 0.00316600198857, -0.00324830715545, 0.00944940652698, -0.00329163763672, 0.00222517573275], [-0.00775001803413, 0.00954002235085, -0.011307050474, 0.00957817770541, -0.00932582560927, 0.004187959712, -0.0137575156987, 0.0334159694612, -0.0114658251405, 0.000879999483004, -0.00335595267825, 0.000691901950631, -0.00431493204087], [0.0077389148064, -0.0104847252369, 0.00969453062862, -0.00955367926508, 0.0150990206748, -0.0083798263222, 0.00316600198857, -0.0114658251405, 0.0346350334585, -0.0119603630155, 0.0013384395279, -0.00416427198797, 0.00274723907933], [-0.00660368287936, 0.0120162516832, -0.0101770870388, 0.00955956336111, -0.011432884261, 0.0102483546361, -0.00324830715545, 0.000879999483004, -0.0119603630155, 0.034016598016, -0.0176472384483, 0.00529606686905, -0.00133063225076], [0.00601777015254, -0.00923465751112, 0.00936413928866, -0.00697107985616, 0.00606292346492, -0.0118966596201, 0.00944940652698, -0.00335595267825, 0.0013384395279, -0.0176472384483, 0.0373359285295, -0.0136979185045, -0.00101686327253], [-0.00287088286132, 0.00463826162741, -0.00393020082265, 0.0045118983835, -0.00075661984738, 0.00817597378045, -0.00329163763672, 0.000691901950631, -0.00416427198797, 0.00529606686905, -0.0136979185045, 0.0203452575952, -0.00333909736946], [0.00281289056875, -0.00246402784251, 0.00321396603249, -0.00180591759272, 0.00371083151549, -0.00323136360385, 0.00222517573275, -0.00431493204087, 0.00274723907933, -0.00133063225076, -0.00101686327253, -0.00333909736946, 0.0281462222338]]
    }
}

}