{
"metadata": {
    "version": {
        "essentia": "2.0.1",
        "extractor": "archive-music 1.0 mod ismir14"
    },
    "audio_properties": {
        "analysis_sample_rate": 44100,
        "bitrate": 128,
        "channels": 2,
        "equal_loudness": 0,
        "length": 30.0669155121,
        "replay_gain": -8.88451004028,
        "downmix": "mix"
    },
    "tags": {
        "track": 7,
        "year": 0,
        "album": "The Cool Jazz Collection",
        "artist": "Astrud Gilberto",
        "comment": "",
        "genre": "Jazz",
        "title": "Girl From Ipanema"
    }
},
"rhythm": {
    "bpm": 130.002792358,
    "bpm_histogram_first_peak": 129,
    "bpm_histogram_first_peak_spread": 0.490909099579,
    "bpm_histogram_first_peak_weight": 0.444444447756,
    "bpm_histogram_second_peak": 136,
    "bpm_histogram_second_peak_spread": 0.199999988079,
    "bpm_histogram_second_peak_weight": 0.0634920671582
},
"tonal": {
    "tuning_frequency": {
        "dmean": 0.131249934435,
        "dmean2": 0.24222381413,
        "dvar": 1.18371272087,
        "dvar2": 2.9361550808,
        "max": 454.727905273,
        "mean": 436.544769287,
        "median": 434.695007324,
        "min": 431.443084717,
        "var": 4.80811071396
    },
    "hpcp": {
        "dmean": [0.0906124189496, 0.143381714821, 0.115342237055, 0.164549544454, 0.10394372046, 0.0933408290148, 0.122791409492, 0.0411610715091, 0.123311057687, 0.100685097277, 0.123664550483, 0.0945213958621],
        "dmean2": [0.166998133063, 0.244244351983, 0.215208634734, 0.301533043385, 0.18231973052, 0.166357412934, 0.217641368508, 0.0760914087296, 0.215604171157, 0.182520747185, 0.227437630296, 0.167204588652],
        "dvar": [0.0493167750537, 0.0643960013986, 0.0673829466105, 0.0857878476381, 0.0456968396902, 0.0501233153045, 0.0604811049998, 0.0234060361981, 0.0572561509907, 0.0601012445986, 0.0669892728329, 0.0455551482737],
        "dvar2": [0.126401856542, 0.132755741477, 0.184888482094, 0.190404772758, 0.107317008078, 0.132686316967, 0.135096609592, 0.0560202226043, 0.123887851834, 0.14490661025, 0.168145596981, 0.102999314666],
        "max": [1, 1, 1, 1, 1, 1, 1, 1, 1, 1, 1, 1],
        "mean": [0.0700563043356, 0.245680585504, 0.0715518221259, 0.262165695429, 0.121294692159, 0.092917971313, 0.214701667428, 0.0640029236674, 0.164102748036, 0.0869599804282, 0.112974084914, 0.138011649251],
        "median": [0.00209465343505, 0.0368491671979, 0.00110601936467, 0.0205042678863, 0.00769544253126, 0.00378180411644, 0.0255028549582, 0.00116320559755, 0.012707320042, 0.00131942750886, 0.00742803141475, 0.00774443568662],
        "min": [0, 2.52610630014e-06, 0, 8.977743164e-06, 2.63942365564e-06, 0, 0, 9.93096546154e-06, 3.07356003759e-06, 0, 0, 0],
        "var": [0.0416125878692, 0.132293388247, 0.0453720651567, 0.155606031418, 0.0680008158088, 0.0588803291321, 0.125945493579, 0.0479556433856, 0.0948863625526, 0.0601669289172, 0.0655570030212, 0.0835417881608]
    }
},
"lowlevel": {
    "melbands": {
        "dmean": [0.00025807711063, 0.000727322534658, 0.000801121175755, 0.000426833779784, 0.000249203090789, 9.57868469413e-05, 5.9676978708e-05, 6.48760033073e-05, 2.48329342867e-05, 1.66290283232e-05, 1.49102743308e-05, 1.43785409819e-05, 3.65677942682e-06, 2.56997486758e-06, 3.88779153582e-06, 2.42547912421e-06, 1.98317616196e-06, 6.70482052101e-07, 7.02791908225e-07, 6.46509079161e-07, 4.16118439261e-07, 6.10576194049e-07, 7.3782950949e-07, 6.51898972137e-07, 2.64986596221e-07, 1.62515064517e-07, 2.09264598539e-07, 3.319854045e-07, 2.93521821959e-07, 3.52733962927e-07, 6.52998664918e-07, 9.55008999881e-07, 1.14755050618e-06, 6.81583117057e-07, 3.0449061228e-07, 1.65221806014e-07, 9.98128086849e-08, 3.69176476056e-08, 1.20128387238e-08, 1.18166709751e-09],
        "dmean2": [0.000356167351129, 0.00104612926953, 0.00116249441635, 0.000650075729936, 0.000359645375283, 0.000144865582115, 9.14852207643e-05, 9.44630955928e-05, 3.62963837688e-05, 2.23534407269e-05, 2.14597930608e-05, 2.00216236408e-05, 5.35336448593e-06, 3.72933595827e-06, 5.09453730047e-06, 3.36313178195e-06, 2.89598847303e-06, 1.03618890535e-06, 1.08441895463e-06, 9.86547206594e-07, 6.60233240524e-07, 9.75876787379e-07, 1.13200405849e-06, 1.07401115201e-06, 4.20993330863e-07, 2.40437742605e-07, 3.06431786612e-07, 4.89702983941e-07, 4.43229822622e-07, 5.24851259343e-07, 9.44634962252e-07, 1.33897640353e-06, 1.89381819382e-06, 9.00417262528e-07, 4.21526834771e-07, 2.27513368145e-07, 1.33910774025e-07, 4.81343747083e-08, 1.65991309586e-08, 1.74150693866e-09],
        "dvar": [3.83104804769e-07, 1.3495954363e-06, 1.06138736555e-06, 5.12389078722e-07, 1.66444351635e-07, 4.3341188416e-08, 3.67911958676e-08, 3.10286623062e-08, 4.80455941698e-09, 3.46016038044e-09, 1.71392244841e-09, 8.56371329405e-09, 8.29182625339e-11, 4.18946786984e-11, 2.62408622609e-10, 8.17211784354e-11, 9.19469569927e-11, 3.61692663667e-12, 9.07759804825e-12, 9.4712258869e-12, 1.81979865205e-12, 2.51578315472e-12, 3.606569687e-12, 4.60034571201e-12, 7.0701951238e-13, 1.72927942582e-13, 3.90858379733e-13, 1.51588323057e-12, 7.36059271259e-13, 1.67583384236e-12, 7.3239565454e-12, 1.66279680996e-11, 4.50323493772e-11, 1.20114196367e-11, 1.27079466741e-12, 2.39606213559e-13, 7.08493593654e-14, 1.28768430448e-14, 2.02168278016e-15, 3.80408650836e-17],
        "dvar2": [7.32008345494e-07, 2.64514073933e-06, 1.84732459729e-06, 1.03671288798e-06, 3.37541194995e-07, 9.39104722875e-08, 7.86501459515e-08, 6.22257445571e-08, 8.93763907328e-09, 6.28481000575e-09, 2.88176393859e-09, 1.41525982045e-08, 1.63887819982e-10, 8.4867370076e-11, 5.03590169565e-10, 1.74956937826e-10, 2.05370706552e-10, 7.27928307909e-12, 2.06971592642e-11, 1.65931417911e-11, 4.52151857622e-12, 6.35004722416e-12, 8.22357546643e-12, 1.1801076609e-11, 1.75273619403e-12, 3.45493246642e-13, 7.22191729162e-13, 3.10735920502e-12, 1.6142824924e-12, 3.70067171351e-12, 1.60543349448e-11, 3.13095660509e-11, 1.20359569533e-10, 1.88509052118e-11, 2.0534945272e-12, 4.19784378699e-13, 1.19851814562e-13, 2.02410381208e-14, 3.276542398e-15, 8.50975290054e-17],
        "max": [0.00996336340904, 0.0113673424348, 0.0117451054975, 0.0139457471669, 0.00509394472465, 0.0020960746333, 0.00232965080068, 0.00200175493956, 0.000983776873909, 0.000968607899267, 0.000433295732364, 0.00205206987448, 0.000115757749882, 0.000125671576825, 0.000377176504117, 0.000155458270456, 0.000190234306501, 2.26961947192e-05, 3.86504507333e-05, 4.06699509767e-05, 1.68266233231e-05, 1.6813421098e-05, 1.8654836822e-05, 2.69960655714e-05, 1.30503522087e-05, 6.7406404014e-06, 1.10469673018e-05, 2.18628865696e-05, 9.51773836277e-06, 1.94192089111e-05, 3.87921900256e-05, 6.38026904198e-05, 0.000105123333924, 8.05045856396e-05, 1.98790221475e-05, 6.28395537206e-06, 2.68357644018e-06, 1.85018473076e-06, 7.2872455803e-07, 1.12090908999e-07],
        "mean": [0.000453068816569, 0.00155999825802, 0.00199451809749, 0.000752022664528, 0.000554218539037, 0.000166593526956, 6.81951278239e-05, 7.82310089562e-05, 3.19199716614e-05, 2.17163196794e-05, 2.07576340472e-05, 2.13975617953e-05, 4.71804878543e-06, 3.18145953315e-06, 5.10427025802e-06, 2.87118291453e-06, 2.055309551e-06, 8.1280603581e-07, 7.94966751982e-07, 7.88858187661e-07, 4.26253990327e-07, 6.65525988097e-07, 7.82031065683e-07, 6.24965423413e-07, 2.71634860383e-07, 1.92557422452e-07, 2.5285660854e-07, 3.34706953709e-07, 2.93921004868e-07, 3.40648313113e-07, 6.30213833119e-07, 1.01919977169e-06, 1.07574533104e-06, 7.35032188004e-07, 3.49171159542e-07, 1.94720541913e-07, 1.12314801015e-07, 4.17141698961e-08, 1.30738264659e-08, 1.03254493844e-09],
        "median": [0.000117106392281, 0.00072540610563, 0.000827801413834, 0.000350867427187, 0.000187765544979, 6.23729501967e-05, 1.81138966582e-05, 1.44490868479e-05, 5.02481407239e-06, 2.06305412576e-06, 1.89590241462e-06, 1.96789915208e-06, 8.39208723846e-07, 1.01620958048e-06, 8.52491098158e-07, 2.97762341006e-07, 1.97319806716e-07, 1.42322278407e-07, 7.01728595232e-08, 6.24849718633e-08, 6.39866968299e-08, 1.15237703824e-07, 1.03399159457e-07, 6.79692391259e-08, 4.77948027822e-08, 3.73639359452e-08, 4.9599655938e-08, 5.14264471008e-08, 3.20346273952e-08, 3.8516692058e-08, 4.07135374303e-08, 2.64549786522e-08, 3.49303448388e-08, 2.54301575353e-08, 2.23589573523e-08, 1.77382624145e-08, 1.21571890332e-08, 4.72227190684e-09, 1.2043962494e-09, 5.63858196245e-11],
        "min": [1.39584359696e-11, 1.54412801989e-10, 2.05260114461e-10, 8.7915751068e-11, 8.81446166057e-11, 1.74069370029e-10, 2.422565204e-10, 3.26384197447e-10, 1.20771587175e-10, 1.21065990566e-10, 4.96249985549e-11, 3.97168131716e-11, 6.11677791751e-11, 4.03656864878e-11, 9.61634504665e-12, 5.72826768658e-12, 6.50011034581e-12, 2.2581808385e-12, 6.17645127751e-12, 4.72657980463e-12, 2.49494847525e-12, 2.14783160875e-12, 1.0621929768e-12, 1.11402792373e-12, 8.71677242106e-13, 2.20011617431e-12, 1.60525603227e-11, 1.05079608209e-11, 5.62277394783e-12, 6.37926647271e-12, 6.86021985746e-12, 7.46501645221e-12, 1.35180113631e-11, 1.06239123401e-11, 1.91629646179e-11, 2.84982003274e-11, 1.87291154807e-11, 6.36247001265e-12, 1.43709669815e-13, 3.07106906095e-14],
        "var": [1.11650251711e-06, 3.55194401891e-06, 6.80249468132e-06, 1.82935343673e-06, 7.22882020909e-07, 8.27636270628e-08, 4.52618138524e-08, 4.39130189989e-08, 8.19163048504e-09, 6.24470608557e-09, 3.21830806449e-09, 1.74992536017e-08, 1.54374332761e-10, 5.94309809698e-11, 4.82980988536e-10, 1.14611181656e-10, 1.01337584157e-10, 4.82289121834e-12, 1.17296563087e-11, 1.34336751792e-11, 1.6513412816e-12, 2.52085179987e-12, 4.10462983047e-12, 3.98368968021e-12, 6.75969263203e-13, 2.52956455695e-13, 5.7278704349e-13, 1.76120392142e-12, 8.172318074e-13, 1.83516656732e-12, 8.25422542816e-12, 2.22125321608e-11, 3.53394397079e-11, 1.95468762704e-11, 2.02828964561e-12, 3.68924129527e-13, 1.14967022989e-13, 2.14002467548e-14, 3.1375724552e-15, 3.82239830189e-17]
    },
    "mfcc": {
        "dmean": [38.3400611877, 24.4858932495, 14.1768388748, 12.0324115753, 8.97665500641, 10.3087587357, 8.82600212097, 7.28469276428, 7.02795410156, 7.66838264465, 6.6403875351, 6.16731739044, 5.71924829483],
        "dmean2": [49.4314155579, 33.3322906494, 19.5967235565, 17.2610683441, 12.5756902695, 14.932311058, 12.7861118317, 10.6932067871, 10.6162519455, 11.1133651733, 9.83652973175, 9.35342884064, 8.7259311676],
        "dvar": [1330.71643066, 670.82409668, 179.798965454, 121.309860229, 60.695980072, 96.7379150391, 57.498500824, 37.0931739807, 34.4598236084, 44.7870178223, 29.7641201019, 25.3185424805, 24.259311676],
        "dvar2": [2058.60498047, 982.557861328, 328.563995361, 218.257537842, 126.522109985, 154.402770996, 123.167732239, 85.2827682495, 68.4732208252, 86.100151062, 63.7136917114, 52.9382896423, 51.455280304],
        "max": [-647.129089355, 248.013366699, 116.628753662, 117.659332275, 41.5548286438, 76.3287353516, 34.1997299194, 42.192237854, 24.0135154724, 36.6486816406, 28.6563987732, 40.8391723633, 19.7735977173],
        "mean": [-813.197998047, 168.382263184, 49.6812019348, 43.3767547607, -2.63040423393, 18.0724506378, -6.0069975853, 10.6274213791, -12.2679824829, -5.45142173767, -9.22609329224, 2.41011667252, -8.68252086639],
        "median": [-804.566223145, 177.458068848, 49.6307411194, 41.4685935974, -0.422248840332, 18.7978057861, -4.47409057617, 10.3873271942, -12.5008544922, -4.34178924561, -8.95241737366, 2.33059692383, -8.0447807312],
        "min": [-1138.42004395, -13.0329818726, -34.4411087036, -17.787979126, -47.0216026306, -39.8919639587, -57.1008262634, -26.448928833, -42.9734802246, -46.332862854, -51.8225326538, -29.9100608826, -39.8163146973],
        "var": [4841.48242188, 2064.26196289, 701.836303711, 571.610961914, 242.351165771, 318.352355957, 232.738616943, 139.164855957, 110.959182739, 218.00378418, 144.463195801, 123.690124512, 92.2535705566],
        "cov": [[4848.95410156, -68.9962539673, -694.744140625, 163.480255127, -355.195251465, 47.1697845459, -449.112945557, 253.125961304, -230.175979614, 297.316497803, -71.2211227417, 102.256004333, -268.882202148], [-68.9962539673, 2067.44750977, -255.099639893, -408.786224365, 185.274246216, -341.651123047, 139.856399536, 6.31388187408, -23.5290470123, -222.811920166, 51.1847267151, -55.732170105, -23.6768474579], [-694.744140625, -255.099639893, 702.919372559, 137.310546875, -75.034034729, 201.379852295, 44.0543479919, -45.5105323792, 19.6596717834, -86.7559967041, 18.647403717, -14.2226009369, 69.4626693726], [163.480255127, -408.786224365, 137.310546875, 572.493041992, 82.2335891724, -62.8615341187, -105.234481812, 45.800403595, -16.616809845, -73.6221237183, -17.3603839874, -32.3693885803, 37.8063163757], [-355.195251465, 185.274246216, -75.034034729, 82.2335891724, 242.725158691, -71.8746337891, 20.5628414154, -5.9182806015, 31.4261512756, -40.8324279785, -11.3947124481, 8.121717453, 9.22012424469], [47.1697845459, -341.651123047, 201.379852295, -62.8615341187, -71.8746337891, 318.843658447, 40.9075965881, -7.24687004089, 28.106470108, 86.2710189819, 32.5826072693, 30.7581958771, 14.7469272614], [-449.112945557, 139.856399536, 44.0543479919, -105.234481812, 20.5628414154, 40.9075965881, 233.09777832, 13.5846624374, 28.5989742279, -2.48415923119, 26.2686367035, 13.6990728378, 28.7880401611], [253.125961304, 6.31388187408, -45.5105323792, 45.800403595, -5.9182806015, -7.24687004089, 13.5846624374, 139.379623413, 17.8569507599, 1.16801297665, 29.2323799133, -10.2506122589, -5.33317756653], [-230.175979614, -23.5290470123, 19.6596717834, -16.616809845, 31.4261512756, 28.106470108, 28.5989742279, 17.8569507599, 111.13041687, 46.1848640442, 18.0756778717, -17.4507732391, 18.4945735931], [297.316497803, -222.811920166, -86.7559967041, -73.6221237183, -40.8324279785, 86.2710189819, -2.48415923119, 1.16801297665, 46.1848640442, 218.340209961, 7.51406812668, 27.2778320312, -28.8883857727], [-71.2211227417, 51.1847267151, 18.647403717, -17.3603839874, -11.3947124481, 32.5826072693, 26.2686367035, 29.2323799133, 18.0756778717, 7.51406812668, 144.686141968, -16.3447303772, 21.7096176147], [102.256004333, -55.732170105, -14.2226009369, -32.3693885803, 8.121717453, 30.7581958771, 13.6990728378, -10.2506122589, -17.4507732391, 27.2778320312, -16.3447303772, 123.881004333, -4.34518146515], [-268.882202148, -23.6768474579, 69.4626693726, 37.8063163757, 9.22012424469, 14.7469272614, 28.7880401611, -5.33317756653, 18.4945735931, -28.8883857727, 21.7096176147, -4.34518146515, 92.3959350586]],
        "icov": [[0.000935001065955, -0.000710345921107, 0.00104626500979, -0.00130406476092, 0.0017672542017, -0.00144955934957, 0.00130130304024, -0.00130473298486, 0.00122111837845, -0.00113231549039, 0.000566933420487, -0.000785365933552, 0.00109159050044], [-0.000710345921107, 0.00160401687026, -0.000945494568441, 0.0021146372892, -0.00221336307004, 0.00215514493175, -0.001199191669, 0.000655491603538, -0.000633588060737, 0.00162163854111, -0.000918421603274, 0.000959310214967, -0.000627473695204], [0.00104626500979, -0.000945494568441, 0.00395360495895, -0.00266263494268, 0.00332909659483, -0.00373762589879, 0.000869636249263, -1.39316325658e-05, -8.52096218296e-06, 0.000605151173659, 0.000699653988704, -0.000929126341362, 0.000895056233276], [-0.00130406476092, 0.0021146372892, -0.00266263494268, 0.00579027878121, -0.00479900883511, 0.00378995412029, -0.0005327941617, -0.000206713521038, -0.000246466166573, 0.00191372330301, -0.000893115880899, 0.00198387331329, -0.00264169787988], [0.0017672542017, -0.00221336307004, 0.00332909659483, -0.00479900883511, 0.010033573024, -0.00326175382361, 0.00150050234515, -0.000615690951236, -0.00121091282926, -0.000848934520036, 0.00149088923354, -0.003089139238, 0.00253424653783], [-0.00144955934957, 0.00215514493175, -0.00373762589879, 0.00378995412029, -0.00326175382361, 0.00875358376652, -0.00238705286756, 0.00119900191203, -0.00139986095019, -9.98700488708e-05, -0.00204012542963, 0.000619572587311, -0.00190816586837], [0.00130130304024, -0.001199191669, 0.000869636249263, -0.0005327941617, 0.00150050234515, -0.00238705286756, 0.0074523431249, -0.00303968065418, 0.00132165290415, -0.0016291848151, 0.000573069381062, -0.0016210724134, -0.000207104938454], [-0.00130473298486, 0.000655491603538, -1.39316325658e-05, -0.000206713521038, -0.000615690951236, 0.00119900191203, -0.00303968065418, 0.0110163427889, -0.00430437782779, 0.002607336035, -0.00242594303563, 0.000813235878013, 0.000204190102522], [0.00122111837845, -0.000633588060737, -8.52096218296e-06, -0.000246466166573, -0.00121091282926, -0.00139986095019, 0.00132165290415, -0.00430437782779, 0.0153179941699, -0.00576579384506, 0.000515277555678, 0.00200154562481, -0.00171331712045], [-0.00113231549039, 0.00162163854111, 0.000605151173659, 0.00191372330301, -0.000848934520036, -9.98700488708e-05, -0.0016291848151, 0.002607336035, -0.00576579384506, 0.00998648349196, -0.00128130335361, -0.000428101804573, 0.00119855662342], [0.000566933420487, -0.000918421603274, 0.000699653988704, -0.000893115880899, 0.00149088923354, -0.00204012542963, 0.000573069381062, -0.00242594303563, 0.000515277555678, -0.00128130335361, 0.00855117943138, 0.000545217597391, -0.00137512490619], [-0.000785365933552, 0.000959310214967, -0.000929126341362, 0.00198387331329, -0.003089139238, 0.000619572587311, -0.0016210724134, 0.000813235878013, 0.00200154562481, -0.000428101804573, 0.000545217597391, 0.0102520771325, -0.00157198449597], [0.00109159050044, -0.000627473695204, 0.000895056233276, -0.00264169787988, 0.00253424653783, -0.00190816586837, -0.000207104938454, 0.000204190102522, -0.00171331712045, 0.00119855662342, -0.00137512490619, -0.00157198449597, 0.0153417084366]]
    }
}

}