{
"metadata": {
    "version": {
        "essentia": "2.0.1",
        "extractor": "archive-music 1.0 mod ismir14"
    },
    "audio_properties": {
        "analysis_sample_rate": 44100,
        "bitrate": 128,
        "channels": 2,
        "equal_loudness": 0,
        "length": 30.0669155121,
        "replay_gain": -12.179813385,
        "downmix": "mix"
    },
    "tags": {
        "track": 6,
        "year": 0,
        "album": "Swing Classics (Jazz & Tzaz 70)",
        "artist": "Benny Carter",
        "comment": "",
        "genre": "Jazz",
        "title": "Babalu"
    }
},
"rhythm": {
    "bpm": 92.6367721558,
    "bpm_histogram_first_peak": 94,
    "bpm_histogram_first_peak_spread": 0.555555582047,
    "bpm_histogram_first_peak_weight": 0.355555564165,
    "bpm_histogram_second_peak": 89,
    "bpm_histogram_second_peak_spread": 0,
    "bpm_histogram_second_peak_weight": 0.177777782083
},
"tonal": {
    "tuning_frequency": {
        "dmean": 0.108570054173,
        "dmean2": 0.206001251936,
        "dvar": 1.2959215641,
        "dvar2": 3.6882712841,
        "max": 452.37008667,
        "mean": 437.411224365,
        "median": 437.971466064,
        "min": 431.941772461,
        "var": 6.33679819107
    },
    "hpcp": {
        "dmean": [0.11032345891, 0.126156330109, 0.0663831830025, 0.161786481738, 0.121055535972, 0.0992759391665, 0.147125095129, 0.0815683454275, 0.186088785529, 0.0873923376203, 0.180790215731, 0.199649363756],
        "dmean2": [0.202382668853, 0.210940629244, 0.120156340301, 0.268913537264, 0.210680037737, 0.176453769207, 0.250020354986, 0.145155102015, 0.316081702709, 0.156993925571, 0.314954519272, 0.341053962708],
        "dvar": [0.0513901598752, 0.0364823006094, 0.0296038873494, 0.0524764694273, 0.0467311069369, 0.0291910879314, 0.0432470664382, 0.0269880443811, 0.0476789735258, 0.0298125129193, 0.0614726319909, 0.0596856288612],
        "dvar2": [0.145961254835, 0.0895156562328, 0.0739324912429, 0.115000508726, 0.106865718961, 0.0748878419399, 0.0919651463628, 0.070910282433, 0.112249456346, 0.0767879784107, 0.16632913053, 0.127829521894],
        "max": [1, 1, 1, 1, 1, 1, 1, 1, 1, 1, 1, 1],
        "mean": [0.0979961901903, 0.207368984818, 0.063783839345, 0.430834323168, 0.228217452765, 0.103330418468, 0.309649646282, 0.0689230486751, 0.369002431631, 0.0772665068507, 0.229321166873, 0.33768132329],
        "median": [0.0163968745619, 0.0667044222355, 0.00946395006031, 0.27525857091, 0.0450383760035, 0.0391678959131, 0.142119735479, 0.0163355953991, 0.244339361787, 0.014874056913, 0.11183437705, 0.203611806035],
        "min": [0, 0, 0, 0.000716481008567, 3.52659626515e-05, 0.000443470868049, 0, 0, 0.000556916173082, 0, 0, 0],
        "var": [0.04350175336, 0.0740272179246, 0.0310953631997, 0.158706739545, 0.11841981858, 0.0303871016949, 0.127939119935, 0.0241576880217, 0.118148721755, 0.0262267980725, 0.0779401808977, 0.122049748898]
    }
},
"lowlevel": {
    "melbands": {
        "dmean": [8.83103712113e-06, 4.1082919779e-05, 2.56269704551e-05, 5.05145289935e-05, 5.30977704329e-05, 8.34487873362e-05, 6.36281620245e-05, 0.000141974771395, 9.51640613494e-05, 7.11607572157e-05, 4.14522182837e-05, 3.50631853507e-05, 3.3181393519e-05, 2.47049702011e-05, 4.96351349284e-05, 4.24255158578e-05, 2.48664855462e-05, 1.63893582794e-05, 1.32595196192e-05, 1.661533679e-05, 4.86825547341e-06, 6.53624874758e-06, 3.04202217194e-06, 2.7773594411e-06, 4.00350427299e-06, 1.24762107134e-06, 6.88439456553e-07, 7.69795519773e-07, 8.05276556548e-07, 7.9525551655e-07, 3.90253035221e-07, 1.89231315062e-07, 1.35954110192e-07, 5.23822478726e-08, 2.20435705245e-08, 1.71781699976e-08, 3.14284553937e-09, 3.05849706672e-10, 2.93197480183e-11, 2.12792327162e-12],
        "dmean2": [1.48148374137e-05, 6.97069044691e-05, 3.95715469494e-05, 7.55333603593e-05, 8.14581508166e-05, 0.00012783978309, 9.8240096122e-05, 0.000209264268051, 0.000144334859215, 0.000109423075628, 6.57202617731e-05, 5.45884286112e-05, 5.18532142451e-05, 3.8116624637e-05, 7.86663367762e-05, 6.91101595294e-05, 3.76454881916e-05, 2.44938037213e-05, 2.05674041354e-05, 2.50355205935e-05, 7.65696313465e-06, 9.88770898402e-06, 4.56588395537e-06, 4.19104344473e-06, 6.05522700425e-06, 1.86929253232e-06, 1.01308319245e-06, 1.19756032291e-06, 1.16567537134e-06, 1.24478356156e-06, 5.42452653463e-07, 2.68276352244e-07, 1.88666632539e-07, 7.42411288002e-08, 3.16486676866e-08, 2.60192596357e-08, 4.87042539632e-09, 4.83830420173e-10, 4.66962302159e-11, 3.80195831415e-12],
        "dvar": [1.16450335486e-10, 2.44586328968e-09, 1.92903915064e-09, 5.54463630564e-09, 4.99716268365e-09, 1.69211453738e-08, 8.25542301186e-09, 8.07651758805e-08, 2.6942416298e-08, 1.40195046683e-08, 5.66536328961e-09, 5.15651654709e-09, 5.86733550634e-09, 2.25256457931e-09, 9.75438751993e-09, 1.00569366168e-08, 2.9184425987e-09, 1.37430267166e-09, 8.52816817165e-10, 1.37039712911e-09, 7.05925179423e-11, 1.81122075671e-10, 2.80937443448e-11, 2.67157875683e-11, 6.42729688916e-11, 7.58468548384e-12, 2.09022469472e-12, 4.21170954015e-12, 2.24941918391e-12, 2.38450535359e-12, 6.66705623001e-13, 2.13134333316e-13, 1.40660310548e-13, 2.0298350064e-14, 2.65856134748e-15, 1.65675674016e-15, 4.04770641888e-17, 5.80555161957e-19, 7.28647326506e-21, 2.69141197061e-23],
        "dvar2": [2.69495065153e-10, 5.85390091956e-09, 4.99013896871e-09, 1.31004407322e-08, 9.90182247307e-09, 3.50926221415e-08, 1.78865846578e-08, 1.47243511606e-07, 5.40396740689e-08, 3.16736539219e-08, 1.20622445365e-08, 1.20007701554e-08, 1.48946277534e-08, 4.58301707695e-09, 2.1502048142e-08, 2.47620679517e-08, 6.43358433194e-09, 2.75440870112e-09, 1.92959803691e-09, 2.96708480008e-09, 1.48435819192e-10, 3.83288373262e-10, 5.79899774034e-11, 5.36712410626e-11, 1.3279004285e-10, 1.58278598561e-11, 4.26583031052e-12, 9.05405264651e-12, 4.56601770282e-12, 4.76143256767e-12, 1.19281852191e-12, 3.89618404813e-13, 2.66852702045e-13, 3.45978264484e-14, 5.13071361316e-15, 3.71121514257e-15, 8.25687849332e-17, 1.33768639793e-18, 1.55453700416e-20, 7.41366430017e-23],
        "max": [8.40143184178e-05, 0.000574551697355, 0.000696460600011, 0.00110600795597, 0.000848542840686, 0.00122883275617, 0.00142927281559, 0.00405086623505, 0.00191292632371, 0.00106447236612, 0.000719950301573, 0.000925818050746, 0.0010482959915, 0.000696457456797, 0.00104939728044, 0.00112975027878, 0.000650945235975, 0.000439880182967, 0.000275973667158, 0.000590125157032, 0.00011072216148, 0.000149106621393, 7.33944398235e-05, 6.12973963143e-05, 6.62377715344e-05, 3.69692716049e-05, 1.54763220053e-05, 2.85873138637e-05, 1.32380500872e-05, 1.41580021591e-05, 7.98716610007e-06, 4.98216240885e-06, 4.17199134972e-06, 1.38646919368e-06, 4.83058272494e-07, 4.20495524622e-07, 6.88253223302e-08, 8.98022367579e-09, 8.07776401324e-10, 5.58972798603e-11],
        "mean": [1.15140246635e-05, 5.51710836589e-05, 3.86833817174e-05, 8.28094416647e-05, 0.000104365681182, 0.000148235048982, 0.000139897834742, 0.000334511772962, 0.000185609329492, 0.000109306056402, 7.22604527255e-05, 5.8381974668e-05, 4.85498931084e-05, 3.66013555322e-05, 7.63279313105e-05, 6.37811463093e-05, 4.37248127128e-05, 2.22526450671e-05, 1.84115633601e-05, 2.53829657595e-05, 7.593045666e-06, 1.03658458102e-05, 5.32098556505e-06, 4.27608028986e-06, 6.05569675827e-06, 1.97893700715e-06, 1.03175943877e-06, 1.12748284664e-06, 1.17000047339e-06, 1.23919937778e-06, 5.80059065669e-07, 2.73813697049e-07, 1.75577781647e-07, 7.08051786091e-08, 2.9337535068e-08, 2.39528752388e-08, 4.87972684482e-09, 3.36695948899e-10, 3.23209965736e-11, 1.57834151564e-12],
        "median": [6.7374739956e-06, 3.59371842933e-05, 2.47004463745e-05, 5.34235950909e-05, 7.65389777371e-05, 8.49639618536e-05, 5.47030431335e-05, 7.79736437835e-05, 4.74779080832e-05, 3.16902624036e-05, 1.84941109183e-05, 1.22182927953e-05, 1.4217586795e-05, 1.4351739992e-05, 1.58966304298e-05, 1.24148491523e-05, 6.13267593508e-06, 5.52968640477e-06, 2.57998044617e-06, 5.48387970412e-06, 2.98027021017e-06, 3.16832279168e-06, 1.92779361896e-06, 1.62001151693e-06, 1.17934393984e-06, 6.4626499352e-07, 3.26222078684e-07, 1.75838408722e-07, 3.094888541e-07, 2.62778058868e-07, 1.05046048304e-07, 4.78037698315e-08, 1.73265917169e-08, 5.90272408729e-09, 2.9836433324e-09, 2.48398768221e-09, 7.89872556251e-10, 2.14131143372e-11, 5.57288915536e-13, 3.29931340495e-13],
        "min": [1.81373166486e-10, 2.98664912246e-11, 1.32905778397e-11, 7.53699880285e-11, 9.99171301252e-11, 3.3889731299e-11, 2.14803955872e-11, 3.12337170016e-11, 7.45991983464e-12, 2.08946939612e-11, 1.53309500511e-11, 3.23299091491e-12, 4.11985679946e-12, 1.2160290136e-11, 2.63587502519e-11, 9.93451588355e-12, 5.98286220913e-12, 5.3933667428e-12, 4.26695267661e-12, 4.19668813589e-12, 1.83760927482e-12, 1.20131313751e-12, 1.10661273981e-12, 1.09276216548e-12, 1.29179056774e-12, 1.38733198107e-12, 1.3604915805e-12, 8.67523826213e-13, 8.4909699714e-13, 6.42968046426e-13, 5.84519357829e-13, 5.50412905358e-13, 4.95560081686e-13, 7.64610746137e-14, 2.84532488716e-13, 1.38460342367e-13, 4.90948631033e-14, 4.59753695075e-14, 4.19081205827e-14, 1.03547880448e-14],
        "var": [1.66933050716e-10, 3.43421424631e-09, 2.29428032128e-09, 8.92315377143e-09, 1.16456799759e-08, 3.28151230633e-08, 3.54635893984e-08, 3.36631728715e-07, 8.70345999715e-08, 2.78533835996e-08, 1.35046143157e-08, 9.57647294797e-09, 8.16810885595e-09, 3.83666565185e-09, 1.86141679848e-08, 2.03622345651e-08, 8.93843221661e-09, 2.3586408382e-09, 1.47276302265e-09, 3.35821770392e-09, 1.37966471581e-10, 3.81934400773e-10, 6.99646660052e-11, 4.64460969685e-11, 1.26972266035e-10, 1.86799430091e-11, 3.87987472011e-12, 8.22377582699e-12, 4.54269130992e-12, 4.91914625353e-12, 1.42812790673e-12, 4.09067907586e-13, 2.48008671976e-13, 4.03686178723e-14, 5.19715487754e-15, 3.4173711546e-15, 9.10344226373e-17, 9.09589308259e-19, 1.03307192547e-20, 1.8107787742e-23]
    },
    "mfcc": {
        "dmean": [39.3398780823, 13.5977210999, 16.6152534485, 9.54194450378, 10.2793064117, 7.34432792664, 6.98070383072, 6.02294874191, 5.58366250992, 5.67110729218, 4.82904863358, 5.19987487793, 4.87058115005],
        "dmean2": [47.8166999817, 18.8700809479, 22.160741806, 14.6848144531, 14.6562452316, 10.9237117767, 10.5718193054, 9.70456123352, 9.03271961212, 8.71931171417, 7.78126049042, 7.93280982971, 7.72881746292],
        "dvar": [2098.64892578, 246.067932129, 338.388275146, 69.3602600098, 97.2333068848, 35.7672653198, 32.9042015076, 24.7736568451, 21.6144142151, 18.9787425995, 15.550526619, 16.7830944061, 15.1083335876],
        "dvar2": [3089.72192383, 363.946777344, 519.982177734, 148.039093018, 161.043640137, 72.499671936, 75.4398727417, 56.99477005, 52.606967926, 42.9475631714, 38.2854614258, 38.5575447083, 39.1203956604],
        "max": [-607.639038086, 229.135162354, 75.0166015625, 79.4541931152, 32.13879776, 55.433429718, 20.3916816711, 15.7861232758, 22.3105278015, 16.6141529083, 22.3499031067, 31.2888584137, 22.2266082764],
        "mean": [-773.422729492, 177.04864502, -44.721157074, 19.6978530884, -18.0432891846, -0.564364790916, -10.8570518494, -7.96744632721, -3.24560332298, -5.54220867157, 1.67740178108, 3.99640417099, -4.59351730347],
        "median": [-740.225524902, 184.872467041, -59.9792442322, 18.8596839905, -18.7974967957, -1.4211807251, -10.4483184814, -8.15238189697, -3.21668243408, -5.27127075195, 1.658618927, 2.68745422363, -4.79038238525],
        "min": [-1138.42004395, 1.14440917969e-05, -116.96647644, -33.4370498657, -65.4367370605, -28.6775474548, -50.4114570618, -32.649307251, -28.8434028625, -29.8111572266, -17.3030109406, -19.3943405151, -26.1298408508],
        "var": [10325.2460938, 884.35345459, 1757.95373535, 309.709106445, 461.749847412, 163.864456177, 153.807678223, 74.4443817139, 63.3737182617, 80.7816314697, 55.9583435059, 97.1429443359, 41.4787635803],
        "cov": [[10341.1806641, 409.382171631, -4007.62548828, 421.250152588, -1792.31225586, 69.17162323, -874.945861816, -29.2065753937, -212.093460083, -163.264450073, 1.59827637672, 270.284667969, -138.838745117], [409.382171631, 885.718200684, -55.9483642578, -276.827423096, -37.7010002136, -243.279434204, 47.0516777039, -100.056343079, 45.4804534912, -137.65864563, -5.74560165405, 38.2449455261, -11.2830486298], [-4007.62548828, -55.9483642578, 1760.66662598, -136.447219849, 700.311218262, 15.9382190704, 326.282806396, 34.5127983093, 73.7615661621, 74.3526382446, -10.7658491135, -114.672264099, 49.6279029846], [421.250152588, -276.827423096, -136.447219849, 310.187072754, 13.0774230957, 115.313224792, -41.9355773926, 10.8281803131, -33.7145805359, 16.5768756866, -13.7395772934, -48.0649871826, -16.9067344666], [-1792.31225586, -37.7010002136, 700.311218262, 13.0774230957, 462.462432861, 27.0649261475, 167.216766357, 6.06165504456, 4.8525018692, 26.4532699585, -14.6957149506, -90.0634613037, 8.86999320984], [69.17162323, -243.279434204, 15.9382190704, 115.313224792, 27.0649261475, 164.117324829, -4.77159786224, 55.2186851501, -27.2128639221, 46.143196106, -5.70257377625, -33.7245445251, -1.74459934235], [-874.945861816, 47.0516777039, 326.282806396, -41.9355773926, 167.216766357, -4.77159786224, 154.045043945, 12.1164293289, 30.1073646545, -7.98814868927, -11.1180944443, -26.0797348022, 8.41340446472], [-29.2065753937, -100.056343079, 34.5127983093, 10.8281803131, 6.06165504456, 55.2186851501, 12.1164293289, 74.5592651367, 4.0072183609, 33.7113265991, 4.03179121017, 0.491495400667, 9.55640125275], [-212.093460083, 45.4804534912, 73.7615661621, -33.7145805359, 4.8525018692, -27.2128639221, 30.1073646545, 4.0072183609, 63.4715156555, 4.88921689987, 17.0399017334, 17.8874893188, 8.00323009491], [-163.264450073, -137.65864563, 74.3526382446, 16.5768756866, 26.4532699585, 46.143196106, -7.98814868927, 33.7113265991, 4.88921689987, 80.9062957764, 25.8154754639, 0.692505657673, 7.70691585541], [1.59827637672, -5.74560165405, -10.7658491135, -13.7395772934, -14.6957149506, -5.70257377625, -11.1180944443, 4.03179121017, 17.0399017334, 25.8154754639, 56.0447006226, 35.6275024414, 7.71641111374], [270.284667969, 38.2449455261, -114.672264099, -48.0649871826, -90.0634613037, -33.7245445251, -26.0797348022, 0.491495400667, 17.8874893188, 0.692505657673, 35.6275024414, 97.2928543091, 7.56596326828], [-138.838745117, -11.2830486298, 49.6279029846, -16.9067344666, 8.86999320984, -1.74459934235, 8.41340446472, 9.55640125275, 8.00323009491, 7.70691585541, 7.71641111374, 7.56596326828, 41.5427742004]],
        "icov": [[0.0845464617014, -0.116638429463, 0.116244517267, -0.108220547438, 0.11168782413, -0.104750476778, 0.0976441651583, -0.0890668034554, 0.0779930353165, -0.0699818134308, 0.0618440061808, -0.0510797090828, 0.0362104289234], [-0.116638429463, 0.163675427437, -0.160031706095, 0.151070326567, -0.154492110014, 0.14628764987, -0.134988740087, 0.123495735228, -0.108420796692, 0.0997229591012, -0.08639536798, 0.0712750703096, -0.0491872876883], [0.116244517267, -0.160031706095, 0.16177842021, -0.147712871432, 0.151077851653, -0.144171237946, 0.133345276117, -0.122083544731, 0.105784319341, -0.0970286503434, 0.0856214389205, -0.069997869432, 0.0488852374256], [-0.108220547438, 0.151070326567, -0.147712871432, 0.145136982203, -0.144777610898, 0.131051421165, -0.123624809086, 0.115934483707, -0.101459182799, 0.0920909866691, -0.0798264667392, 0.0672956332564, -0.0453055910766], [0.11168782413, -0.154492110014, 0.151077851653, -0.144777610898, 0.155509203672, -0.137647300959, 0.124692171812, -0.116782069206, 0.10672518611, -0.0939550548792, 0.0796722322702, -0.0646382495761, 0.0483769290149], [-0.104750476778, 0.14628764987, -0.144171237946, 0.131051421165, -0.137647300959, 0.144870817661, -0.122418701649, 0.102918304503, -0.092287607491, 0.0844126492739, -0.0772861987352, 0.0658454149961, -0.0437129922211], [0.0976441651583, -0.134988740087, 0.133345276117, -0.123624809086, 0.124692171812, -0.122418701649, 0.128075391054, -0.106092378497, 0.0838870257139, -0.0758899003267, 0.0733032673597, -0.0592267103493, 0.0418525375426], [-0.0890668034554, 0.123495735228, -0.122083544731, 0.115934483707, -0.116782069206, 0.102918304503, -0.106092378497, 0.116720542312, -0.0845724493265, 0.0676399767399, -0.0621292889118, 0.0518472567201, -0.0413649715483], [0.0779930353165, -0.108420796692, 0.105784319341, -0.101459182799, 0.10672518611, -0.092287607491, 0.0838870257139, -0.0845724493265, 0.0959301888943, -0.0671419501305, 0.0514001809061, -0.0482875555754, 0.0325721949339], [-0.0699818134308, 0.0997229591012, -0.0970286503434, 0.0920909866691, -0.0939550548792, 0.0844126492739, -0.0758899003267, 0.0676399767399, -0.0671419501305, 0.0845541954041, -0.062930598855, 0.045010779053, -0.0292524732649], [0.0618440061808, -0.08639536798, 0.0856214389205, -0.0798264667392, 0.0796722322702, -0.0772861987352, 0.0733032673597, -0.0621292889118, 0.0514001809061, -0.062930598855, 0.0770431235433, -0.0485151037574, 0.0239368006587], [-0.0510797090828, 0.0712750703096, -0.069997869432, 0.0672956332564, -0.0646382495761, 0.0658454149961, -0.0592267103493, 0.0518472567201, -0.0482875555754, 0.045010779053, -0.0485151037574, 0.0498558208346, -0.0228268038481], [0.0362104289234, -0.0491872876883, 0.0488852374256, -0.0453055910766, 0.0483769290149, -0.0437129922211, 0.0418525375426, -0.0413649715483, 0.0325721949339, -0.0292524732649, 0.0239368006587, -0.0228268038481, 0.0426298826933]]
    }
}

}