{
"metadata": {
    "version": {
        "essentia": "2.0.1",
        "extractor": "archive-music 1.0 mod ismir14"
    },
    "audio_properties": {
        "analysis_sample_rate": 44100,
        "bitrate": 96,
        "channels": 2,
        "equal_loudness": 0,
        "length": 30.0669155121,
        "replay_gain": -13.4506072998,
        "downmix": "mix"
    },
    "tags": {
        "track": 0,
        "year": 0,
        "album": "",
        "artist": "",
        "comment": "",
        "genre": "",
        "title": ""
    }
},
"rhythm": {
    "bpm": 88.3257827759,
    "bpm_histogram_first_peak": 89,
    "bpm_histogram_first_peak_spread": 0.309523761272,
    "bpm_histogram_first_peak_weight": 0.674418628216,
    "bpm_histogram_second_peak": 94,
    "bpm_histogram_second_peak_spread": 0,
    "bpm_histogram_second_peak_weight": 0.0232558138669
},
"tonal": {
    "tuning_frequency": {
        "dmean": 0.114532008767,
        "dmean2": 0.212734088302,
        "dvar": 1.56347680092,
        "dvar2": 3.30754518509,
        "max": 455.253540039,
        "mean": 441.95413208,
        "median": 441.782684326,
        "min": 431.692352295,
        "var": 25.9988174438
    },
    "hpcp": {
        "dmean": [0.150370806456, 0.155307233334, 0.169049471617, 0.169757783413, 0.120927400887, 0.16133736074, 0.240096181631, 0.239093795419, 0.236393868923, 0.210494279861, 0.245178759098, 0.21145914495],
        "dmean2": [0.273359328508, 0.284091234207, 0.315747439861, 0.313281238079, 0.22792597115, 0.295835494995, 0.441698759794, 0.435664325953, 0.435746699572, 0.394931614399, 0.436651349068, 0.398139476776],
        "dvar": [0.0600163824856, 0.0725499540567, 0.0853757187724, 0.080473035574, 0.0593205504119, 0.0658623501658, 0.094427652657, 0.0963559895754, 0.0976814702153, 0.0941712930799, 0.0812453627586, 0.0957154035568],
        "dvar2": [0.166013821959, 0.200483307242, 0.238649860024, 0.218919426203, 0.167954027653, 0.176606997848, 0.252842456102, 0.245731636882, 0.261211484671, 0.261759638786, 0.207108721137, 0.272471576929],
        "max": [1, 1, 1, 1, 1, 1, 1, 1, 1, 1, 1, 1],
        "mean": [0.145517796278, 0.125906452537, 0.132219240069, 0.179299175739, 0.0848234519362, 0.181620255113, 0.257432878017, 0.249566480517, 0.210090219975, 0.16015419364, 0.37123927474, 0.151721701026],
        "median": [0.0349851697683, 0.0140144526958, 0.0202666912228, 0.0256427824497, 0.0131120728329, 0.03565428406, 0.0732437744737, 0.0686748996377, 0.0487485639751, 0.0257339160889, 0.213491544127, 0.0238612405956],
        "min": [0, 0, 0, 0, 0, 0, 0, 0, 0, 0, 0, 0],
        "var": [0.0648754090071, 0.0632879287004, 0.0691827461123, 0.0976966172457, 0.0404838956892, 0.0903817266226, 0.121037565172, 0.116650447249, 0.101635321975, 0.0803962722421, 0.139916166663, 0.0768689736724]
    }
},
"lowlevel": {
    "melbands": {
        "dmean": [0.000215308842598, 0.000786900811363, 0.000969084328972, 0.000491920742206, 0.000280097010545, 0.000440256349975, 0.000541112851351, 0.000384271959774, 0.000424933678005, 0.000257973297266, 0.000131142311147, 7.95242958702e-05, 6.37614793959e-05, 4.42038617621e-05, 6.12688309047e-05, 4.13474044763e-05, 4.27853519795e-05, 3.67437205568e-05, 2.82684486592e-05, 2.38200664171e-05, 2.11781898543e-05, 1.98820143851e-05, 2.50219254667e-05, 2.67121286015e-05, 1.99821861315e-05, 1.66096870089e-05, 1.22529772852e-05, 7.71594022808e-06, 4.55068857264e-06, 3.57671410711e-06, 2.75727120425e-06, 1.6414038555e-06, 8.41668281737e-07, 6.51611344438e-07, 5.5333077853e-07, 4.10130468254e-07, 2.6041681167e-07, 1.09700856399e-07, 1.99345091545e-08, 9.33272348291e-10],
        "dmean2": [0.000370590452803, 0.00135296443477, 0.00168088707142, 0.000837264000438, 0.000471740902867, 0.000742594420444, 0.000959048280492, 0.000625378219411, 0.000719183648471, 0.000438227987615, 0.000204140334972, 0.00011790413555, 0.000100757002656, 6.810069317e-05, 9.03319814824e-05, 6.56125557725e-05, 6.93788388162e-05, 5.9118403442e-05, 4.60579067294e-05, 3.86438659916e-05, 3.5126820876e-05, 3.18628444802e-05, 3.93931513827e-05, 4.30680847785e-05, 3.13684540743e-05, 2.68716230494e-05, 1.92109473574e-05, 1.22072251543e-05, 7.49838864067e-06, 5.76820548304e-06, 4.43477665613e-06, 2.67697032541e-06, 1.37174765769e-06, 1.07833966467e-06, 8.94479910585e-07, 6.74451143823e-07, 4.25420807915e-07, 1.77273975055e-07, 3.2527356808e-08, 1.44451417494e-09],
        "dvar": [9.18460187904e-08, 1.17805984701e-06, 1.56578300903e-06, 5.98163296672e-07, 1.64472965025e-07, 3.21974511053e-07, 8.58089492795e-07, 8.84364396825e-07, 5.55468659513e-07, 2.55406547467e-07, 8.63446913968e-08, 4.68713317048e-08, 4.21453592026e-08, 1.51775640944e-08, 4.35947811184e-08, 1.17415508427e-08, 1.78829377973e-08, 9.40699251828e-09, 6.81623779641e-09, 6.20839468723e-09, 3.32246274937e-09, 2.81246093081e-09, 3.37941763462e-09, 4.40641256816e-09, 2.50576759342e-09, 1.25499088899e-09, 1.09706688178e-09, 5.05870789702e-10, 8.93911680788e-11, 7.08605604749e-11, 4.88784429598e-11, 1.30877444299e-11, 2.89510147626e-12, 1.28966661569e-12, 1.01608109947e-12, 4.95625567497e-13, 2.15440255154e-13, 5.53137857783e-14, 3.23971361721e-15, 3.22859615261e-18],
        "dvar2": [2.66850975095e-07, 3.06049105347e-06, 4.41058773504e-06, 1.71707574737e-06, 4.35081915384e-07, 8.54529560002e-07, 2.43486579166e-06, 2.16944408749e-06, 1.59986507242e-06, 7.03688783688e-07, 2.1792698135e-07, 8.34837265984e-08, 9.1965688398e-08, 3.38316361592e-08, 9.71146718598e-08, 2.8575668054e-08, 4.19450998379e-08, 2.31507701898e-08, 1.77973831228e-08, 1.6436002781e-08, 8.9290734806e-09, 7.57962759224e-09, 8.84994744155e-09, 1.09105675605e-08, 5.91140514317e-09, 3.18913251363e-09, 2.32895591701e-09, 1.0105080106e-09, 2.23403850974e-10, 1.58850210763e-10, 1.19225698758e-10, 3.10743757115e-11, 7.38974333114e-12, 3.5515360184e-12, 2.86365093964e-12, 1.33226426852e-12, 5.64625765847e-13, 1.47485661379e-13, 9.1366504816e-15, 8.20930849435e-18],
        "max": [0.00400557694957, 0.0137095740065, 0.0141225187108, 0.0123123442754, 0.00552902417257, 0.00601325323805, 0.0100059090182, 0.0108395274729, 0.0164417698979, 0.013167463243, 0.00628382014111, 0.00557946832851, 0.00587942264974, 0.00337420171127, 0.00787066482008, 0.00290397321805, 0.00364594208077, 0.00210643722676, 0.00116265239194, 0.00174655625597, 0.000842965848278, 0.00133666349575, 0.00113565754145, 0.00165198533796, 0.000913116324227, 0.000734309665859, 0.000754653825425, 0.000670840905514, 0.000163999124197, 0.00026859776699, 0.000202389332117, 0.000106024133856, 3.49255278707e-05, 2.60632368736e-05, 1.68166479853e-05, 1.14656877486e-05, 7.93312301539e-06, 4.89567082695e-06, 1.38671271088e-06, 2.47418618926e-08],
        "mean": [0.000258080661297, 0.00106713513378, 0.00126416073181, 0.000720832438674, 0.000375995674403, 0.000648434215691, 0.000649306341074, 0.000500989204738, 0.000765045115259, 0.000440407107817, 0.000282184511889, 0.000156086593051, 0.000110144377686, 7.82902789069e-05, 0.000118813943118, 7.4055402365e-05, 7.51050756662e-05, 6.30708454992e-05, 4.40082403657e-05, 3.85547973565e-05, 3.61203419743e-05, 3.68383407476e-05, 5.61516062589e-05, 6.23294326942e-05, 4.03437079513e-05, 3.3762993553e-05, 2.78672596323e-05, 1.62389205798e-05, 8.7303278633e-06, 7.15723081157e-06, 5.87249269302e-06, 3.60814601663e-06, 1.82451321962e-06, 1.41254633945e-06, 1.26497525343e-06, 8.80947766291e-07, 5.38712527032e-07, 2.16232407979e-07, 3.7554155341e-08, 1.4314660568e-09],
        "median": [0.000128520536236, 0.000557557563297, 0.000702180084772, 0.000376992364181, 0.00020948422025, 0.000372343522031, 0.000287692382699, 0.000158922746778, 0.000270910706604, 0.000153184184455, 0.000123096688185, 4.988650835e-05, 2.21472346311e-05, 2.20616384468e-05, 3.93477384932e-05, 1.92632160179e-05, 1.72342515725e-05, 1.33479697979e-05, 1.15988923426e-05, 7.64075412008e-06, 7.49295668356e-06, 7.67941583035e-06, 6.6753673309e-06, 5.93942104388e-06, 8.3036502474e-06, 8.96761321201e-06, 3.58603256245e-06, 3.82051030101e-06, 4.0673503463e-06, 2.46217814492e-06, 1.49558070461e-06, 1.34952415465e-06, 8.20847105842e-07, 7.81554149398e-07, 6.54521613797e-07, 4.57285864286e-07, 3.20354075711e-07, 1.25073071899e-07, 1.90708160375e-08, 5.98893157289e-10],
        "min": [4.5478887583e-13, 5.72391933113e-14, 2.17193935227e-14, 2.78974190753e-13, 7.84195570893e-13, 1.06161303706e-12, 5.37034609491e-13, 7.08565693099e-14, 1.70130280848e-13, 4.32896177672e-13, 2.75686998187e-13, 7.8080811673e-14, 6.45968806332e-14, 3.46054328043e-14, 4.18358246266e-14, 6.45152469858e-14, 4.43100824045e-14, 6.8459642252e-14, 5.33063278577e-14, 2.58238498944e-13, 2.61086833576e-13, 3.17482504045e-13, 6.71028445483e-14, 6.23150484122e-14, 8.8113551015e-14, 2.04358719617e-13, 1.9441033798e-13, 1.06720852316e-13, 7.34987361229e-14, 2.43459579889e-14, 2.22798582833e-14, 5.51339810124e-14, 5.99485400015e-14, 3.41809913706e-14, 4.33052201141e-14, 3.95831845491e-14, 3.80409984383e-14, 2.75668397343e-14, 2.23326877282e-14, 7.47967277172e-15],
        "var": [1.54996726565e-07, 2.09207018997e-06, 2.48055403063e-06, 1.14201066026e-06, 2.48274290016e-07, 5.82493669299e-07, 9.66610741671e-07, 1.08828453449e-06, 2.6451884878e-06, 1.04401317458e-06, 2.43846386638e-07, 1.98005949414e-07, 1.52156459876e-07, 4.31982414284e-08, 1.05267510264e-07, 3.87221454901e-08, 5.45783045425e-08, 2.65621089568e-08, 1.06449062898e-08, 1.37162778913e-08, 6.95897517389e-09, 6.30467544838e-09, 1.47674645845e-08, 2.14389750397e-08, 8.16959477845e-09, 4.58677762438e-09, 5.09915709657e-09, 2.14707451818e-09, 2.26819410476e-10, 2.88139789806e-10, 1.88870502571e-10, 4.78573985996e-11, 9.81336192862e-12, 4.32852234958e-12, 3.51088841159e-12, 1.34968371115e-12, 4.17664194246e-13, 8.26069627199e-14, 3.69182359379e-15, 5.84902554423e-18]
    },
    "mfcc": {
        "dmean": [12.8194665909, 9.62550640106, 9.98162651062, 8.1126871109, 8.23947715759, 7.79921483994, 7.69742155075, 7.4434928894, 7.26873207092, 7.15822029114, 6.9206404686, 6.83662080765, 6.72744846344],
        "dmean2": [17.090713501, 15.5606060028, 15.8001441956, 13.3064374924, 13.3406972885, 13.0678625107, 12.6620330811, 12.2530145645, 12.0170278549, 11.7676324844, 11.5315618515, 11.4959030151, 11.1463460922],
        "dvar": [232.629852295, 63.7151985168, 71.4615020752, 41.6331939697, 42.4183044434, 36.1716957092, 36.0784759521, 33.5887489319, 30.9864959717, 29.5222606659, 29.1149044037, 28.3613758087, 27.1409111023],
        "dvar2": [371.552703857, 154.462081909, 181.712722778, 107.109298706, 112.077697754, 98.3771362305, 95.4732131958, 89.5194091797, 85.6920166016, 80.5708236694, 76.588394165, 80.8440322876, 74.0872192383],
        "max": [-506.582733154, 199.014709473, 44.7250099182, 101.672821045, 27.4919776917, 46.5685386658, 39.0517120361, 53.2797813416, 15.3458709717, 54.003036499, 36.4356117249, 41.387336731, 18.3165588379],
        "mean": [-630.086914062, 137.757568359, -20.1163711548, 40.0730209351, -25.380865097, 8.15911102295, -16.7166538239, 10.7346992493, -15.9603347778, 13.9392366409, -7.47037744522, 7.63287830353, -14.5321817398],
        "median": [-637.230895996, 140.209106445, -17.3625564575, 38.524597168, -26.4895935059, 8.72447395325, -17.4892120361, 10.2715797424, -15.4874324799, 14.5188350677, -8.11100769043, 7.92479324341, -13.7630691528],
        "min": [-1138.42004395, 1.14440917969e-05, -97.4325637817, -13.8229904175, -81.7925567627, -33.371471405, -56.9391784668, -27.2081832886, -56.0197982788, -33.9114608765, -39.7522773743, -22.4486999512, -59.8380813599],
        "var": [2221.38085938, 521.145019531, 547.078979492, 267.43170166, 234.325958252, 159.749053955, 188.695007324, 123.920639038, 110.450080872, 122.345603943, 99.9669799805, 85.4957427979, 119.416297913],
        "cov": [[2222.23852539, -327.41494751, -688.171020508, 143.104034424, 27.3391075134, -90.3496780396, -57.4823722839, 121.808166504, -53.0643081665, -18.6760921478, -27.2040691376, 14.3744754791, -96.7432632446], [-327.41494751, 521.346252441, 208.766235352, -164.188568115, -87.7077331543, 41.8618049622, -1.72813522816, -77.1063308716, 32.4895095825, 30.6489200592, 22.0020141602, 28.0771865845, 49.6632766724], [-688.171020508, 208.766235352, 547.290222168, 26.4032402039, 20.1907444, 62.7530212402, 10.7939090729, -16.2047996521, 14.7325983047, 7.30239295959, -7.48359441757, -11.2926282883, 29.9768161774], [143.104034424, -164.188568115, 26.4032402039, 267.534973145, 139.776306152, -42.5464935303, -30.3264636993, 42.1924209595, -12.3168535233, -23.9573669434, -13.4467334747, -16.8958644867, -7.85171031952], [27.3391075134, -87.7077331543, 20.1907444, 139.776306152, 234.416427612, 10.138710022, -34.6072845459, 31.9034442902, -9.69748592377, -16.8937339783, -19.7860851288, -13.6926727295, 1.79788243771], [-90.3496780396, 41.8618049622, 62.7530212402, -42.5464935303, 10.138710022, 159.81072998, 93.0311431885, 10.00527668, 0.499387353659, -16.0318584442, -7.86261367798, -0.0835218131542, -19.0592746735], [-57.4823722839, -1.72813522816, 10.7939090729, -30.3264636993, -34.6072845459, 93.0311431885, 188.767852783, 49.7268447876, -24.1894168854, -21.0658626556, -9.25559043884, 6.91810750961, -17.38539505], [121.808166504, -77.1063308716, -16.2047996521, 42.1924209595, 31.9034442902, 10.00527668, 49.7268447876, 123.968482971, 13.2191839218, -21.8984584808, -5.25792074203, -3.67414474487, -9.00006484985], [-53.0643081665, 32.4895095825, 14.7325983047, -12.3168535233, -9.69748592377, 0.499387353659, -24.1894168854, 13.2191839218, 110.492721558, 47.1141471863, 11.2024068832, 1.27969574928, 6.8141040802], [-18.6760921478, 30.6489200592, 7.30239295959, -23.9573669434, -16.8937339783, -16.0318584442, -21.0658626556, -21.8984584808, 47.1141471863, 122.392845154, 37.0264701843, 4.71074485779, 17.1408882141], [-27.2040691376, 22.0020141602, -7.48359441757, -13.4467334747, -19.7860851288, -7.86261367798, -9.25559043884, -5.25792074203, 11.2024068832, 37.0264701843, 100.005577087, 32.427444458, -2.96630883217], [14.3744754791, 28.0771865845, -11.2926282883, -16.8958644867, -13.6926727295, -0.0835218131542, 6.91810750961, -3.67414474487, 1.27969574928, 4.71074485779, 32.427444458, 85.528755188, 42.349521637], [-96.7432632446, 49.6632766724, 29.9768161774, -7.85171031952, 1.79788243771, -19.0592746735, -17.38539505, -9.00006484985, 6.8141040802, 17.1408882141, -2.96630883217, 42.349521637, 119.462402344]],
        "icov": [[0.00105380197056, -0.000386495346902, 0.00143694039434, -0.00102335389238, 0.00060612661764, -0.000652250484563, 0.00108759431168, -0.00146175001282, 0.00101501110476, -0.000886337424163, 0.000974179769401, -0.00091829476878, 0.000940207275562], [-0.000386495346902, 0.00352740986273, -0.00182250421494, 0.00231077242643, -0.00028177027707, 0.000317948783049, -0.000570883159526, 0.0019867180381, -0.00129404070321, 0.000807623961009, -0.000905076856725, 9.55690265982e-05, -0.00114707928151], [0.00143694039434, -0.00182250421494, 0.00452076783404, -0.00268105207942, 0.00104046904016, -0.00212716800161, 0.00170812092256, -0.00213555595838, 0.00147731520701, -0.00139614858199, 0.00136094237678, -0.000420604483224, 0.000642328348476], [-0.00102335389238, 0.00231077242643, -0.00268105207942, 0.00849281810224, -0.00436691707, 0.0033358684741, -0.00165270839352, 0.00111287401523, -0.0013756393455, 0.00185842544306, -0.001431948971, 0.00103425886482, -0.000707557017449], [0.00060612661764, -0.00028177027707, 0.00104046904016, -0.00436691707, 0.00771949021146, -0.00355603825301, 0.00346111389808, -0.00259546888992, 0.0018657471519, -0.00116680562496, 0.00149411021266, -0.000383565144148, -8.1395766756e-05], [-0.000652250484563, 0.000317948783049, -0.00212716800161, 0.0033358684741, -0.00355603825301, 0.0118993278593, -0.00689150253311, 0.00288768811151, -0.00289347395301, 0.00218337681144, -0.000731443054974, 0.000201844246476, 0.00102127762511], [0.00108759431168, -0.000570883159526, 0.00170812092256, -0.00165270839352, 0.00346111389808, -0.00689150253311, 0.0116659887135, -0.00640262570232, 0.00460270419717, -0.00230771908537, 0.00238540652208, -0.00242129457183, 0.00163082580548], [-0.00146175001282, 0.0019867180381, -0.00213555595838, 0.00111287401523, -0.00259546888992, 0.00288768811151, -0.00640262570232, 0.014256847091, -0.00568365491927, 0.00424795458093, -0.00260846246965, 0.0019867203664, -0.00181296502706], [0.00101501110476, -0.00129404070321, 0.00147731520701, -0.0013756393455, 0.0018657471519, -0.00289347395301, 0.00460270419717, -0.00568365491927, 0.0138481464237, -0.00630326801911, 0.00204149936326, -0.00143259740435, 0.00132381857838], [-0.000886337424163, 0.000807623961009, -0.00139614858199, 0.00185842544306, -0.00116680562496, 0.00218337681144, -0.00230771908537, 0.00424795458093, -0.00630326801911, 0.0132119813934, -0.00566552532837, 0.00328745110892, -0.00307319755666], [0.000974179769401, -0.000905076856725, 0.00136094237678, -0.001431948971, 0.00149411021266, -0.000731443054974, 0.00238540652208, -0.00260846246965, 0.00204149936326, -0.00566552532837, 0.0152270365506, -0.00779529521242, 0.00457900203764], [-0.00091829476878, 9.55690265982e-05, -0.000420604483224, 0.00103425886482, -0.000383565144148, 0.000201844246476, -0.00242129457183, 0.0019867203664, -0.00143259740435, 0.00328745110892, -0.00779529521242, 0.0189844127744, -0.00808811746538], [0.000940207275562, -0.00114707928151, 0.000642328348476, -0.000707557017449, -8.1395766756e-05, 0.00102127762511, 0.00163082580548, -0.00181296502706, 0.00132381857838, -0.00307319755666, 0.00457900203764, -0.00808811746538, 0.013012714684]]
    }
}

}