{
"metadata": {
    "version": {
        "essentia": "2.0.1",
        "extractor": "archive-music 1.0 mod ismir14"
    },
    "audio_properties": {
        "analysis_sample_rate": 44100,
        "bitrate": 128,
        "channels": 2,
        "equal_loudness": 0,
        "length": 30.0669155121,
        "replay_gain": -13.8585624695,
        "downmix": "mix"
    },
    "tags": {
        "track": 0,
        "year": 0,
        "album": "",
        "artist": "",
        "comment": "",
        "genre": "",
        "title": ""
    }
},
"rhythm": {
    "bpm": 90.2956161499,
    "bpm_histogram_first_peak": 91,
    "bpm_histogram_first_peak_spread": 0.341463446617,
    "bpm_histogram_first_peak_weight": 0.62790697813,
    "bpm_histogram_second_peak": 83,
    "bpm_histogram_second_peak_spread": 0.5,
    "bpm_histogram_second_peak_weight": 0.0232558138669
},
"tonal": {
    "tuning_frequency": {
        "dmean": 0.0786653757095,
        "dmean2": 0.129322692752,
        "dvar": 0.945537805557,
        "dvar2": 1.75434362888,
        "max": 456.570251465,
        "mean": 444.119110107,
        "median": 445.369720459,
        "min": 431.193908691,
        "var": 28.9811515808
    },
    "hpcp": {
        "dmean": [0.188711613417, 0.17071980238, 0.178342342377, 0.127563282847, 0.165752023458, 0.197084128857, 0.196850687265, 0.227724730968, 0.219707399607, 0.172925010324, 0.178648844361, 0.181820735335],
        "dmean2": [0.349367111921, 0.328698635101, 0.330801874399, 0.237765952945, 0.304092258215, 0.367854177952, 0.371467977762, 0.418156683445, 0.406682878733, 0.325769275427, 0.332602083683, 0.335793107748],
        "dvar": [0.0902662798762, 0.0993763431907, 0.0857131108642, 0.0657938867807, 0.0741025209427, 0.0979888886213, 0.108213245869, 0.0976667478681, 0.107266634703, 0.0916834399104, 0.0918674916029, 0.0846209898591],
        "dvar2": [0.239440917969, 0.283470332623, 0.248934164643, 0.187074095011, 0.19968432188, 0.275507003069, 0.289297729731, 0.252743422985, 0.292877435684, 0.261191010475, 0.263849824667, 0.240837350488],
        "max": [1, 1, 1, 1, 1, 1, 1, 1, 1, 1, 1, 1],
        "mean": [0.184401422739, 0.117360815406, 0.162046357989, 0.116835154593, 0.165180161595, 0.205962583423, 0.144081830978, 0.265440225601, 0.170609071851, 0.125580251217, 0.131936445832, 0.145742893219],
        "median": [0.0336620733142, 0.00855467095971, 0.0278735663742, 0.0103894881904, 0.0211275219917, 0.0284611228853, 0.0080647226423, 0.0720424130559, 0.0205041766167, 0.0144312726334, 0.0130749056116, 0.0259058643132],
        "min": [0, 0, 0, 0, 0, 0, 0, 0, 0, 0, 0, 0],
        "var": [0.0979875922203, 0.0736448317766, 0.0827390030026, 0.0680487751961, 0.0867814943194, 0.114636048675, 0.0898767858744, 0.130684405565, 0.0932733565569, 0.0691983252764, 0.0738378241658, 0.0721276625991]
    }
},
"lowlevel": {
    "melbands": {
        "dmean": [0.000758600479458, 0.00248932512477, 0.00122022489086, 0.000473844673252, 0.000333757692715, 0.00025347279734, 0.000282589549897, 0.000316777412081, 0.000455515692011, 0.000310146337142, 0.000143106502946, 0.000157742440933, 0.000142153949128, 9.64565042523e-05, 0.000137195675052, 0.000135938360472, 3.27334855683e-05, 2.51259207289e-05, 1.48686967805e-05, 1.81266186701e-05, 2.76077553281e-05, 2.05326105061e-05, 3.54046169377e-05, 2.50211469393e-05, 1.49555125972e-05, 1.74777014763e-05, 1.35307864184e-05, 8.20113200461e-06, 4.0341087697e-06, 3.29311228597e-06, 1.78664163286e-06, 8.61295916366e-07, 5.13601321472e-07, 4.06680442211e-07, 3.7754278992e-07, 3.19975100638e-07, 1.66417692071e-07, 1.13746217778e-07, 3.22322968316e-08, 2.9944018376e-09],
        "dmean2": [0.00124693918042, 0.00451025599614, 0.00213741813786, 0.000804340408649, 0.000568895135075, 0.000433158624219, 0.000470861763461, 0.000497304368764, 0.000671411806252, 0.000424910103902, 0.000212751750951, 0.000221972048166, 0.000187630328583, 0.000152392793098, 0.000202705501579, 0.000195058993995, 4.78672882309e-05, 3.78430340788e-05, 2.35753796005e-05, 2.88707688014e-05, 4.48363825853e-05, 3.34002579621e-05, 5.6197764934e-05, 3.72173417418e-05, 2.2240474209e-05, 2.73049972748e-05, 2.00361209863e-05, 1.21039174701e-05, 6.13615293332e-06, 4.97342898598e-06, 2.78124957731e-06, 1.38471614264e-06, 8.25754000289e-07, 6.46627881906e-07, 6.07939966812e-07, 5.2091689895e-07, 2.63261000555e-07, 1.83628216632e-07, 5.09487279032e-08, 4.9263872981e-09],
        "dvar": [6.56609131511e-07, 8.24758899398e-06, 1.85678663911e-06, 4.61738238755e-07, 5.30791112396e-07, 1.89411636597e-07, 2.38411814735e-07, 3.86314439993e-07, 8.35548348732e-07, 1.01013120002e-06, 3.13270675179e-07, 2.16020225707e-07, 1.3874614524e-07, 8.94971776688e-08, 1.34072394076e-07, 1.71245744696e-07, 9.12938169506e-09, 4.19932399964e-09, 6.38053831992e-10, 9.24353982246e-10, 3.25089932751e-09, 2.10315209692e-09, 6.11348305313e-09, 2.84937407002e-09, 8.77944605904e-10, 1.13869058627e-09, 9.0270485531e-10, 2.92571411542e-10, 6.61446314387e-11, 5.5059994758e-11, 1.45006272614e-11, 2.8115665178e-12, 6.27440807643e-13, 3.5079244739e-13, 4.21255017631e-13, 2.10433965175e-13, 6.32541572289e-14, 3.1777874196e-14, 3.3194774393e-15, 2.95091224136e-17],
        "dvar2": [1.8491945184e-06, 2.74322428595e-05, 5.39509301234e-06, 1.19574269775e-06, 1.48298033764e-06, 5.21346521509e-07, 6.33042304798e-07, 9.06901902908e-07, 1.63876552506e-06, 1.74867795977e-06, 5.47861816358e-07, 3.36037516036e-07, 2.23599656124e-07, 2.08398645896e-07, 2.36806997123e-07, 2.9501921972e-07, 1.23878365343e-08, 8.67347083044e-09, 1.45595580037e-09, 2.25303486978e-09, 8.05342104115e-09, 5.49373568859e-09, 1.62099471623e-08, 5.83719872438e-09, 1.90839122283e-09, 2.85673840139e-09, 1.86859305806e-09, 5.44759348742e-10, 1.27016439033e-10, 1.05360976888e-10, 3.34257899137e-11, 7.02492794838e-12, 1.57244529897e-12, 8.38794365996e-13, 9.97455590346e-13, 5.07778769119e-13, 1.4456784294e-13, 7.99519548874e-14, 7.43518998946e-15, 7.8329530616e-17],
        "max": [0.00839522108436, 0.02409562096, 0.0127328131348, 0.0086517855525, 0.0112918717787, 0.00593769876286, 0.00962764210999, 0.0110209546983, 0.0175433661789, 0.0202733948827, 0.0258526150137, 0.0158991571516, 0.0147197898477, 0.00737731484696, 0.00862524006516, 0.0116903446615, 0.00438414188102, 0.00167695549317, 0.000449096318334, 0.000368610431906, 0.000874359044246, 0.000709411629941, 0.00110797653906, 0.000721470278222, 0.000579140789341, 0.000517389446031, 0.000598689366598, 0.000360519276001, 0.000169640217791, 0.000148155333591, 7.50439648982e-05, 4.1916842747e-05, 1.17504578157e-05, 9.69702978182e-06, 1.47683704199e-05, 6.91681270837e-06, 5.54991675017e-06, 3.45518947142e-06, 1.0955950529e-06, 9.69794342609e-08],
        "mean": [0.00128743809182, 0.00345666147768, 0.00181371811777, 0.000679050921462, 0.000441256881459, 0.000382102589356, 0.000444082019385, 0.000595937133767, 0.00089820305584, 0.000605209963396, 0.000235020474065, 0.000269534939434, 0.000312848744215, 0.000144615754834, 0.000231192068895, 0.000248319644015, 6.14921373199e-05, 4.23297460657e-05, 2.59921434917e-05, 3.0574232369e-05, 4.48879072792e-05, 3.47102395608e-05, 5.72023491259e-05, 4.51290106867e-05, 2.83973768092e-05, 3.13934615406e-05, 2.5532737709e-05, 1.53780674736e-05, 7.65434197092e-06, 5.99211807639e-06, 3.23071117236e-06, 1.67283758401e-06, 1.03368154214e-06, 8.92184630175e-07, 7.9702988387e-07, 6.74482407703e-07, 3.70923117998e-07, 2.46081015121e-07, 7.29390308152e-08, 5.25241627969e-09],
        "median": [0.000935621268582, 0.00241961330175, 0.00128248031251, 0.000395031471271, 0.000195798202185, 0.000179030714207, 0.000168977145222, 0.000185491837328, 0.00024375205976, 8.86444977368e-05, 4.98042027175e-05, 6.0171023506e-05, 4.64983750135e-05, 4.40812764282e-05, 5.56359445909e-05, 4.07876068493e-05, 1.3620297068e-05, 1.11212948468e-05, 1.08375788841e-05, 1.21755047076e-05, 1.30776716105e-05, 1.0263126569e-05, 1.4396973711e-05, 9.88588544715e-06, 9.34884246817e-06, 1.17967838378e-05, 6.45769114271e-06, 3.63278536497e-06, 2.6997479381e-06, 1.858319024e-06, 1.32875459258e-06, 9.17252009458e-07, 6.41234748855e-07, 5.57991370442e-07, 5.15148656177e-07, 4.69914425594e-07, 2.32133288591e-07, 1.56722990141e-07, 4.40509779764e-08, 3.07765901653e-09],
        "min": [3.34153906387e-23, 2.93634413089e-23, 2.56567795528e-23, 1.09838862519e-23, 3.45475480326e-24, 7.61855987625e-24, 9.92691361305e-24, 9.7611510599e-24, 7.37213077351e-24, 8.17533948087e-24, 6.07112638026e-24, 3.00446889649e-23, 3.58019220689e-23, 2.6103508328e-23, 1.06250176488e-23, 3.06669771568e-23, 2.46173811572e-23, 5.97379908836e-24, 8.35425155646e-24, 1.18697778373e-23, 2.64978693608e-23, 2.79531441815e-23, 2.34619618329e-23, 4.22956104705e-23, 1.80836233548e-23, 1.60093404258e-23, 3.11599742018e-23, 2.14999196112e-23, 8.19594373886e-24, 1.84599068511e-23, 1.1529217907e-23, 3.04518295444e-23, 1.59602527671e-23, 1.48301543001e-23, 2.30468963567e-23, 2.84154892472e-23, 1.77278076435e-23, 1.35361179152e-23, 1.83703869156e-23, 2.66356454956e-23],
        "var": [1.4650547655e-06, 1.05319904833e-05, 2.96311213788e-06, 7.05017214386e-07, 5.92805292854e-07, 3.36156318781e-07, 6.03384364695e-07, 1.05510423509e-06, 2.75468573818e-06, 3.68855421584e-06, 1.21114464946e-06, 6.62575359911e-07, 6.97372854574e-07, 1.28580907699e-07, 3.50261132098e-07, 6.26289761385e-07, 5.76916434625e-08, 1.39699647406e-08, 1.62884061794e-09, 1.80785908466e-09, 5.91490989521e-09, 3.53140960918e-09, 1.14010454411e-08, 7.16939174694e-09, 2.14886552996e-09, 2.557611678e-09, 2.29757324277e-09, 8.32793223271e-10, 1.74810069198e-10, 1.39852518455e-10, 2.92147278591e-11, 5.15804499807e-12, 1.36944871675e-12, 9.23300173296e-13, 8.25175919348e-13, 4.42753201723e-13, 1.67104950211e-13, 7.61997480088e-14, 8.12352623185e-15, 5.23145580762e-17]
    },
    "mfcc": {
        "dmean": [13.6200408936, 9.28945636749, 9.87423419952, 8.28702926636, 8.01677131653, 7.89613962173, 7.47003269196, 7.29988908768, 6.91948080063, 6.77256965637, 6.81845140457, 6.78629350662, 6.42874336243],
        "dmean2": [16.9180183411, 14.8072023392, 15.304974556, 13.1514959335, 12.9636955261, 12.7388153076, 12.2756319046, 12.2148313522, 11.5055580139, 11.0767049789, 11.1975774765, 11.1892776489, 10.4950942993],
        "dvar": [268.025238037, 53.948299408, 67.9693069458, 43.5794067383, 36.7123603821, 36.9965934753, 32.1662979126, 30.088722229, 28.2325191498, 27.1376934052, 28.0741004944, 28.3148956299, 23.2727565765],
        "dvar2": [291.031829834, 132.124984741, 147.267776489, 107.2396698, 96.8490524292, 94.9623794556, 91.3563461304, 82.0516815186, 76.76927948, 73.7359771729, 76.4621124268, 74.8171386719, 61.9347839355],
        "max": [-510.357971191, 199.16885376, 49.6006851196, 95.7579040527, 37.297580719, 57.3225326538, 46.3017845154, 59.7691764832, 20.0285491943, 48.88123703, 29.2297401428, 46.8736190796, 25.4291915894],
        "mean": [-621.870788574, 143.623764038, -19.2324409485, 41.4704666138, -9.98391151428, 10.2312936783, 0.193434163928, 18.0398788452, -10.890879631, 11.7382936478, -3.81517982483, 13.1708478928, -5.06627941132],
        "median": [-624.801330566, 143.881378174, -17.3942680359, 40.7427635193, -10.1781234741, 11.0715637207, -0.110069274902, 18.3226928711, -10.694103241, 11.5114860535, -3.6001739502, 13.2806930542, -5.01921844482],
        "min": [-1138.42004395, 1.14440917969e-05, -82.5143356323, -19.0523757935, -56.7817001343, -39.3323898315, -39.4942245483, -18.1041870117, -46.5189704895, -31.5667762756, -36.3380699158, -23.1339759827, -33.556060791],
        "var": [2373.45141602, 311.330383301, 513.403381348, 312.560516357, 222.48651123, 223.643432617, 169.480712891, 127.179832458, 85.9292831421, 105.060043335, 93.1643218994, 89.5839691162, 75.0332565308],
        "cov": [[2374.36767578, 85.6048049927, -683.286560059, 51.9073600769, -312.467559814, -228.737426758, -136.522354126, -69.0216140747, -48.3488121033, -4.88345813751, -68.592628479, 11.5761013031, -77.7259292603], [85.6048049927, 311.450592041, 8.03081893921, -91.7143554688, -63.3530960083, 0.834513962269, 13.4678316116, 6.75234985352, -17.7653484344, 17.6565666199, 47.9190864563, -0.577098667622, -3.17334318161], [-683.286560059, 8.03081893921, 513.6015625, -23.1172904968, 169.439926147, 73.9992675781, 22.550409317, 16.4440326691, 21.4746208191, 18.2336082458, 8.15399360657, -14.4513998032, 25.8417167664], [51.9073600769, -91.7143554688, -23.1172904968, 312.681213379, 66.6786804199, -7.77059316635, -59.6457099915, -20.1232242584, 48.2044258118, 16.3066883087, -43.5623626709, -3.79309248924, 22.6461429596], [-312.467559814, -63.3530960083, 169.439926147, 66.6786804199, 222.572418213, 44.1805725098, 16.994764328, -13.6204242706, 21.1944656372, 24.2549362183, -12.9217662811, 0.629794001579, 7.92906904221], [-228.737426758, 0.834513962269, 73.9992675781, -7.77059316635, 44.1805725098, 223.729782104, 104.182754517, 36.1366539001, -18.9846324921, -8.39826393127, 36.2236976624, -5.04434680939, -15.8898553848], [-136.522354126, 13.4678316116, 22.550409317, -59.6457099915, 16.994764328, 104.182754517, 169.546157837, 68.0537490845, -10.3902053833, -22.2504119873, 23.7156143188, 13.3011960983, -10.9087524414], [-69.0216140747, 6.75234985352, 16.4440326691, -20.1232242584, -13.6204242706, 36.1366539001, 68.0537490845, 127.228935242, 22.4761333466, -16.7752723694, 7.83352422714, 12.9528160095, 6.19413566589], [-48.3488121033, -17.7653484344, 21.4746208191, 48.2044258118, 21.1944656372, -18.9846324921, -10.3902053833, 22.4761333466, 85.9624557495, 39.1897277832, -3.67635011673, 0.206794291735, 7.39552116394], [-4.88345813751, 17.6565666199, 18.2336082458, 16.3066883087, 24.2549362183, -8.39826393127, -22.2504119873, -16.7752723694, 39.1897277832, 105.100601196, 28.4880752563, -1.69256663322, -2.01377916336], [-68.592628479, 47.9190864563, 8.15399360657, -43.5623626709, -12.9217662811, 36.2236976624, 23.7156143188, 7.83352422714, -3.67635011673, 28.4880752563, 93.2002944946, 29.2766838074, -4.29730415344], [11.5761013031, -0.577098667622, -14.4513998032, -3.79309248924, 0.629794001579, -5.04434680939, 13.3011960983, 12.9528160095, 0.206794291735, -1.69256663322, 29.2766838074, 89.6185531616, 26.3057193756], [-77.7259292603, -3.17334318161, 25.8417167664, 22.6461429596, 7.92906904221, -15.8898553848, -10.9087524414, 6.19413566589, 7.39552116394, -2.01377916336, -4.29730415344, 26.3057193756, 75.0622253418]],
        "icov": [[0.000849030329846, -0.00030341045931, 0.000831943878438, -0.00022192094184, 0.000481487542856, 0.000321848259773, 0.000226733201998, -1.58660877787e-05, 0.000492410501465, -0.000470393511932, 0.000868156028446, -0.000555954815354, 0.000881805608515], [-0.00030341045931, 0.0040719374083, -0.000673603732139, 0.000682995188981, 0.000960691366345, 0.00018494980759, -0.000320431980072, -8.19831839181e-05, 0.000523832684848, -0.0006651620497, -0.00186272920109, 0.000846348411869, -0.00069102155976], [0.000831943878438, -0.000673603732139, 0.00389018561691, 0.00071178667713, -0.00213136221282, -0.000516137864906, 0.00104983674828, -0.000565329799429, -0.000249282544246, -9.37833319767e-05, 0.000491578655783, 0.000445964193204, -0.000512028404046], [-0.00022192094184, 0.000682995188981, 0.00071178667713, 0.00484178029001, -0.00162942055613, -0.00142600771505, 0.00195647892542, 0.000186342964298, -0.00256006489508, 0.000295423000352, 0.00124641670845, -8.40649772726e-06, -0.00143305805977], [0.000481487542856, 0.000960691366345, -0.00213136221282, -0.00162942055613, 0.00815536174923, -0.000342826999258, -0.00165409152396, 0.00177285098471, 0.000115198905405, -0.00208268105052, 0.001997474581, -0.00155189156067, 0.00103480718099], [0.000321848259773, 0.00018494980759, -0.000516137864906, -0.00142600771505, -0.000342826999258, 0.00782258901745, -0.00432678870857, -0.000404564110795, 0.00235778093338, -7.13312692824e-05, -0.00274325441569, 0.00151945010293, 0.00112198921852], [0.000226733201998, -0.000320431980072, 0.00104983674828, 0.00195647892542, -0.00165409152396, -0.00432678870857, 0.0116882910952, -0.00466119032353, 0.000123481484479, 0.00125805556308, 0.000147243597894, -0.00143258704338, 0.00114369392395], [-1.58660877787e-05, -8.19831839181e-05, -0.000565329799429, 0.000186342964298, 0.00177285098471, -0.000404564110795, -0.00466119032353, 0.0121754202992, -0.00535492179915, 0.00257585267536, -4.95446802233e-05, -0.00082815909991, -0.000952432106715], [0.000492410501465, 0.000523832684848, -0.000249282544246, -0.00256006489508, 0.000115198905405, 0.00235778093338, 0.000123481484479, -0.00535492179915, 0.0190292559564, -0.00783022679389, 0.00165365159046, -0.00017281336477, 0.000407301791711], [-0.000470393511932, -0.0006651620497, -9.37833319767e-05, 0.000295423000352, -0.00208268105052, -7.13312692824e-05, 0.00125805556308, 0.00257585267536, -0.00783022679389, 0.0153775699437, -0.00628654193133, 0.00194201362319, -0.000253335485468], [0.000868156028446, -0.00186272920109, 0.000491578655783, 0.00124641670845, 0.001997474581, -0.00274325441569, 0.000147243597894, -4.95446802233e-05, 0.00165365159046, -0.00628654193133, 0.0185384862125, -0.00716055510566, 0.00274788332172], [-0.000555954815354, 0.000846348411869, 0.000445964193204, -8.40649772726e-06, -0.00155189156067, 0.00151945010293, -0.00143258704338, -0.00082815909991, -0.00017281336477, 0.00194201362319, -0.00716055510566, 0.0159548781812, -0.00627740984783], [0.000881805608515, -0.00069102155976, -0.000512028404046, -0.00143305805977, 0.00103480718099, 0.00112198921852, 0.00114369392395, -0.000952432106715, 0.000407301791711, -0.000253335485468, 0.00274788332172, -0.00627740984783, 0.0174981243908]]
    }
}

}