{
"metadata": {
    "version": {
        "essentia": "2.0.1",
        "extractor": "archive-music 1.0 mod ismir14"
    },
    "audio_properties": {
        "analysis_sample_rate": 44100,
        "bitrate": 96,
        "channels": 2,
        "equal_loudness": 0,
        "length": 30.0669155121,
        "replay_gain": -12.9685745239,
        "downmix": "mix"
    },
    "tags": {
        "track": 0,
        "year": 0,
        "album": "",
        "artist": "",
        "comment": "",
        "genre": "",
        "title": ""
    }
},
"rhythm": {
    "bpm": 88.2881317139,
    "bpm_histogram_first_peak": 89,
    "bpm_histogram_first_peak_spread": 0.309523820877,
    "bpm_histogram_first_peak_weight": 0.674418628216,
    "bpm_histogram_second_peak": 94,
    "bpm_histogram_second_peak_spread": 0,
    "bpm_histogram_second_peak_weight": 0.0232558138669
},
"tonal": {
    "tuning_frequency": {
        "dmean": 0.274850159883,
        "dmean2": 0.42847058177,
        "dvar": 3.09754943848,
        "dvar2": 4.02922296524,
        "max": 455.516601562,
        "mean": 436.96572876,
        "median": 434.444000244,
        "min": 432.441040039,
        "var": 15.4334621429
    },
    "hpcp": {
        "dmean": [0.218105763197, 0.152583435178, 0.225478157401, 0.256445258856, 0.121516428888, 0.22748529911, 0.253310769796, 0.274127304554, 0.188544183969, 0.106032252312, 0.240513861179, 0.081762753427],
        "dmean2": [0.373569577932, 0.274654328823, 0.408314108849, 0.449038207531, 0.213601887226, 0.378680258989, 0.434806019068, 0.477825909853, 0.331800043583, 0.184418007731, 0.420735269785, 0.151375502348],
        "dvar": [0.042008113116, 0.0323498919606, 0.058722037822, 0.059646371752, 0.0303974188864, 0.0640175193548, 0.062950707972, 0.0474610365927, 0.048710629344, 0.0197925139219, 0.0596343502402, 0.0146359512582],
        "dvar2": [0.0996583476663, 0.0878074318171, 0.162542954087, 0.17855347693, 0.0830389335752, 0.148359388113, 0.147109985352, 0.135073840618, 0.130864754319, 0.0480006784201, 0.152995422482, 0.0427604056895],
        "max": [1, 1, 1, 1, 1, 1, 1, 1, 1, 1, 1, 1],
        "mean": [0.304844647646, 0.171965748072, 0.236052617431, 0.305826753378, 0.132922112942, 0.320712327957, 0.350033968687, 0.392750829458, 0.245177209377, 0.131548255682, 0.77751326561, 0.0975888818502],
        "median": [0.230747669935, 0.107988364995, 0.137052699924, 0.205138638616, 0.0794165208936, 0.146923452616, 0.265118092299, 0.328790336847, 0.130127221346, 0.0823711082339, 0.945463299751, 0.0677808299661],
        "min": [0.0186013113707, 0.00577899813652, 0.00595626141876, 0.00615993700922, 0.0028415103443, 0.0259795729071, 0.0153143573552, 0.00847536604851, 0.00663848454133, 0.00426401942968, 0.0900070667267, 0.00449574738741],
        "var": [0.0667896047235, 0.0347790531814, 0.0650398656726, 0.0741328522563, 0.0287755951285, 0.1085299775, 0.0946053266525, 0.0845164656639, 0.0698126927018, 0.0244039501995, 0.0765518695116, 0.0104911867529]
    }
},
"lowlevel": {
    "melbands": {
        "dmean": [1.44485156852e-05, 6.60220757709e-05, 5.74604528083e-05, 3.80671444873e-05, 1.64272223628e-05, 2.84821580863e-05, 3.0700051866e-05, 3.81895551982e-05, 4.32593042206e-05, 2.45576575253e-05, 1.70116309164e-05, 1.08653002826e-05, 9.602499631e-06, 5.28562031832e-06, 8.8432643679e-06, 5.25048017153e-06, 6.35001606497e-06, 3.91667754229e-06, 2.90665593639e-06, 3.02067041957e-06, 2.29067791224e-06, 2.45159640144e-06, 3.96615632781e-06, 4.12034842157e-06, 2.5515478228e-06, 1.68031772318e-06, 1.6113339143e-06, 9.84684220384e-07, 4.42041226734e-07, 4.15435124523e-07, 3.42018182664e-07, 1.72061078274e-07, 7.75745334636e-08, 5.03482162628e-08, 4.38854996787e-08, 3.01922717938e-08, 1.74907839323e-08, 7.85844722628e-09, 1.51637025159e-09, 7.06343109003e-11],
        "dmean2": [2.5889454264e-05, 0.000126108221593, 0.00010470385314, 6.77789139445e-05, 2.99296043522e-05, 5.09673627676e-05, 5.6427274103e-05, 6.86589119141e-05, 7.14708003215e-05, 4.39943432866e-05, 2.94924429909e-05, 1.99012283701e-05, 1.71454757947e-05, 9.4751449069e-06, 1.6135720216e-05, 9.54156166699e-06, 1.1584229469e-05, 7.00574264556e-06, 5.23981634615e-06, 5.2307345868e-06, 4.02546766054e-06, 4.25497955803e-06, 7.20213711247e-06, 6.83859980199e-06, 4.58886552224e-06, 2.91967035082e-06, 2.69414090326e-06, 1.65819267295e-06, 7.51108132135e-07, 7.17735929356e-07, 5.92786761899e-07, 2.925335707e-07, 1.31473939291e-07, 8.64492619712e-08, 7.28354407897e-08, 5.1117506672e-08, 3.1795934774e-08, 1.37809479384e-08, 2.69211497539e-09, 1.26403262857e-10],
        "dvar": [4.29135588176e-10, 5.06747799278e-09, 3.35864180911e-09, 2.54927789989e-09, 2.66955069161e-10, 5.99158056502e-10, 8.09463718277e-10, 1.56379986738e-09, 6.99967817042e-09, 4.59386173546e-09, 5.83475323612e-10, 6.53958220909e-10, 5.65114788298e-10, 1.03862474177e-10, 3.36865119133e-10, 8.87647177983e-11, 2.19340129393e-10, 6.1135020657e-11, 1.7340909958e-11, 4.73137154455e-11, 1.05735220926e-11, 1.21012063217e-11, 4.54297918728e-11, 4.42627184905e-11, 1.86774224559e-11, 7.98748914232e-12, 9.19484714063e-12, 4.2694827708e-12, 4.06662523751e-13, 6.51527117847e-13, 4.26917290582e-13, 9.03658590556e-14, 1.49667553877e-14, 6.76823455273e-15, 4.27615308411e-15, 1.2738374969e-15, 3.9426101442e-16, 4.84069072316e-17, 1.92374169057e-18, 6.01968614272e-21],
        "dvar2": [1.09268527559e-09, 1.62104925039e-08, 9.38771105297e-09, 6.89878154603e-09, 7.37307437326e-10, 1.96935290298e-09, 2.12861683835e-09, 4.2666008504e-09, 1.53053765217e-08, 1.30178152702e-08, 1.44600442731e-09, 1.84853421459e-09, 1.56926993622e-09, 2.94675922552e-10, 1.02656505518e-09, 2.54741644445e-10, 6.19800877288e-10, 1.59110724596e-10, 4.67171093477e-11, 1.24819557468e-10, 2.35354929989e-11, 3.46099954251e-11, 1.33344654762e-10, 1.20571913564e-10, 4.49327762497e-11, 2.21122321842e-11, 2.23947822092e-11, 1.11357052052e-11, 1.01464561579e-12, 1.60677721128e-12, 1.11261900301e-12, 2.45455457175e-13, 3.55939439706e-14, 1.61326504998e-14, 8.24191263876e-15, 2.72652663589e-15, 9.16962399193e-16, 1.36028700299e-16, 4.51526546247e-18, 1.61889197893e-20],
        "max": [0.000139112395118, 0.0004395111755, 0.000282109482214, 0.000293862947728, 0.000113956950372, 0.000139874828164, 0.000138838469866, 0.000169359802385, 0.000864975503646, 0.000559438660275, 0.000160125549883, 0.000159319766681, 0.000140206990181, 6.25131142442e-05, 0.000114026704978, 5.255411088e-05, 9.64589999057e-05, 7.30039537302e-05, 2.1140464014e-05, 6.02220206929e-05, 2.18010063691e-05, 2.33032787946e-05, 3.52495990228e-05, 4.91620412504e-05, 2.86321883323e-05, 1.75070708792e-05, 2.44571237999e-05, 1.31462984427e-05, 5.47193940292e-06, 7.31182853997e-06, 4.0327613533e-06, 1.71812325789e-06, 8.58866485487e-07, 6.60524392515e-07, 6.11442317222e-07, 2.9707589988e-07, 1.46612990193e-07, 4.83255249151e-08, 1.13460494333e-08, 5.95065385856e-10],
        "mean": [1.89683578355e-05, 7.50320687075e-05, 8.02926297183e-05, 4.16608854721e-05, 2.2676653316e-05, 4.13551206293e-05, 4.13845518779e-05, 3.15822871926e-05, 4.88973018946e-05, 2.52385252679e-05, 1.96499913727e-05, 8.92146181286e-06, 7.3080632319e-06, 4.81579672851e-06, 7.73925876274e-06, 4.38498000221e-06, 4.91799437441e-06, 3.94758626499e-06, 2.73067303169e-06, 2.45626733886e-06, 2.19827165893e-06, 2.27729537983e-06, 3.59998875865e-06, 3.80684173251e-06, 2.48041510531e-06, 2.07023163057e-06, 1.66426059423e-06, 9.53827793637e-07, 5.2760555036e-07, 4.390568904e-07, 3.54154053639e-07, 2.14122152897e-07, 1.05605423073e-07, 8.20595786877e-08, 7.39472056921e-08, 5.17126679256e-08, 3.20315365343e-08, 1.26585968374e-08, 2.17391127322e-09, 1.05914665927e-10],
        "median": [1.3380659766e-05, 5.38940621482e-05, 6.74401890137e-05, 2.54183796642e-05, 1.75575460162e-05, 3.77902542823e-05, 2.91213254968e-05, 1.72561321961e-05, 2.88442606688e-05, 1.40162374009e-05, 1.29250493046e-05, 2.90934531222e-06, 2.04517914426e-06, 2.15128625314e-06, 4.08759660786e-06, 1.94232416106e-06, 1.64841299011e-06, 1.43796887642e-06, 1.17561341995e-06, 8.51158972637e-07, 8.60542570535e-07, 8.70715950896e-07, 8.48061347369e-07, 6.74477519169e-07, 8.86193618044e-07, 7.07371953013e-07, 3.45397637602e-07, 3.45740858165e-07, 3.19402431614e-07, 1.95922709167e-07, 1.12463929725e-07, 9.20542149174e-08, 6.13424404605e-08, 5.27115560089e-08, 4.79124118158e-08, 3.54577842643e-08, 2.35267414439e-08, 9.26625709496e-09, 1.56540280738e-09, 7.47738329587e-11],
        "min": [2.30596401707e-06, 7.27272254153e-06, 1.21947186926e-05, 3.58485408469e-06, 2.93348466585e-06, 2.1533362542e-06, 2.25601093007e-06, 2.13114094549e-06, 3.40017550116e-07, 2.84192196887e-07, 2.92126401291e-07, 7.8951174487e-08, 2.28021519888e-07, 2.24610232635e-07, 1.16771694536e-07, 7.72798429693e-08, 8.36151059502e-08, 4.58876279197e-08, 4.56264714899e-08, 6.33995327348e-08, 9.5302411296e-08, 7.91103005326e-08, 7.39184997656e-08, 5.23331991076e-08, 9.8624404643e-08, 1.01054503432e-07, 2.86599775023e-08, 1.89339175449e-08, 6.31382164329e-08, 4.8293252064e-08, 1.95458440544e-08, 1.63276201448e-08, 1.65141624819e-08, 1.06210347184e-08, 6.60430687915e-09, 8.51712655958e-09, 5.09768183221e-09, 2.0552648472e-09, 2.81808382185e-10, 1.3966315951e-11],
        "var": [4.02256367105e-10, 4.06410238796e-09, 2.79432277317e-09, 2.0211932128e-09, 3.19966247941e-10, 7.76358088928e-10, 1.09296260931e-09, 1.27944954631e-09, 7.28805993333e-09, 2.79138268056e-09, 6.20513418426e-10, 4.52932774619e-10, 3.91305293723e-10, 7.22396656383e-11, 2.07332012669e-10, 6.15598128029e-11, 1.3954151723e-10, 6.99236224477e-11, 1.59907503905e-11, 3.47886962293e-11, 1.23475465963e-11, 1.18800334153e-11, 4.22101624487e-11, 5.31980397234e-11, 1.87162455673e-11, 1.06029776972e-11, 1.10461553099e-11, 3.6170007961e-12, 4.33623270754e-13, 6.24791668055e-13, 4.19633105391e-13, 9.1987242747e-14, 1.82589014031e-14, 8.68493797522e-15, 7.63544297775e-15, 2.51905904448e-15, 6.16472802473e-16, 8.85633032754e-17, 3.77376339059e-18, 9.91570480836e-21]
    },
    "mfcc": {
        "dmean": [32.7574768066, 11.349855423, 18.3430995941, 9.14835071564, 10.0152988434, 9.51090812683, 10.6426172256, 7.75011062622, 6.13861131668, 6.48670339584, 6.27210140228, 6.30103969574, 6.28382539749],
        "dmean2": [57.0301094055, 18.5494537354, 28.5549354553, 15.742524147, 17.2285804749, 16.2168045044, 17.8435993195, 14.0189809799, 10.126868248, 10.1431360245, 10.3807592392, 10.2145881653, 9.83513641357],
        "dvar": [633.901611328, 86.3881149292, 157.765991211, 86.3142089844, 69.787109375, 51.1117744446, 78.7996749878, 32.9688224792, 32.5113563538, 25.4952926636, 28.0007286072, 24.8629322052, 28.5719432831],
        "dvar2": [1615.47363281, 200.192306519, 525.378173828, 185.352752686, 179.07093811, 138.967803955, 196.576293945, 107.121795654, 91.7982330322, 67.5044403076, 74.4259414673, 70.627532959, 76.0584411621],
        "max": [-670.517700195, 167.417938232, 23.8399848938, 84.6175384521, 16.8717422485, 28.7678966522, 20.9903335571, 28.9332542419, 3.52109527588, 32.2886047363, 18.7391700745, 23.5212249756, 5.00238037109],
        "mean": [-758.577148438, 137.940994263, -18.5000324249, 37.2006835938, -17.7128505707, 3.59478497505, -12.2976102829, 6.54156064987, -10.5127162933, 10.6392145157, -2.56726121902, 5.43436908722, -8.98510456085],
        "median": [-761.450561523, 141.325866699, -17.0277748108, 34.0264015198, -19.5706100464, 3.2042350769, -13.0629768372, 5.88684082031, -9.3099155426, 11.14220047, -2.31467056274, 5.94341278076, -7.75262832642],
        "min": [-882.320922852, 84.7253265381, -73.5422973633, 2.67742919922, -42.1911392212, -18.9884681702, -35.3499679565, -11.8356552124, -37.2625617981, -19.4956130981, -19.3844184875, -12.4824447632, -37.7673683167],
        "var": [1199.14526367, 296.079864502, 373.859802246, 179.338409424, 118.936950684, 82.3330535889, 121.046722412, 62.2510948181, 59.6172218323, 59.1415367126, 43.2689743042, 36.9716949463, 62.4082260132],
        "cov": [[1206.54748535, -310.070678711, -555.604431152, 113.574462891, -18.910369873, -51.2997131348, -26.6103935242, 78.0188674927, -76.625541687, -16.1566200256, 13.5174455643, 26.3749675751, -107.106361389], [-310.070678711, 297.907531738, 166.40927124, -158.437561035, -66.6473999023, 34.2336502075, 19.5195522308, -69.6441955566, 42.4834594727, 19.2978973389, 24.6975440979, 20.4279518127, 44.9228973389], [-555.604431152, 166.40927124, 376.167572021, -17.0306358337, 8.99971961975, 34.9359550476, -2.60277295113, -24.9137630463, 36.5618247986, 1.85666000843, -6.24856138229, -9.39905643463, 48.7619781494], [113.574462891, -158.437561035, -17.0306358337, 180.44543457, 86.7290496826, -47.1236877441, -43.4104232788, 33.7749671936, -20.3094806671, -10.008433342, -10.8255472183, -16.5511360168, -14.5172357559], [-18.910369873, -66.6473999023, 8.99971961975, 86.7290496826, 119.671127319, -18.2237625122, -43.1348724365, 21.4434070587, -7.47124242783, -4.07233715057, -17.7135047913, -12.8310785294, -1.67163312435], [-51.2997131348, 34.2336502075, 34.9359550476, -47.1236877441, -18.2237625122, 82.8412857056, 62.7281646729, 3.4625275135, -0.432990700006, -22.6724491119, -5.83467292786, -4.54744291306, -18.6829776764], [-26.6103935242, 19.5195522308, -2.60277295113, -43.4104232788, -43.1348724365, 62.7281646729, 121.793922424, 19.5086555481, -27.9005012512, -26.1476573944, -12.5955686569, 1.2455971241, -12.3962926865], [78.0188674927, -69.6441955566, -24.9137630463, 33.7749671936, 21.4434070587, 3.4625275135, 19.5086555481, 62.6353607178, -10.1654281616, -23.4113311768, -10.7442369461, -3.2676897049, -11.1238384247], [-76.625541687, 42.4834594727, 36.5618247986, -20.3094806671, -7.47124242783, -0.432990700006, -27.9005012512, -10.1654281616, 59.9852294922, 23.8877620697, -0.570033490658, -6.16498756409, 4.00293970108], [-16.1566200256, 19.2978973389, 1.85666000843, -10.008433342, -4.07233715057, -22.6724491119, -26.1476573944, -23.4113311768, 23.8877620697, 59.5066070557, 11.5295848846, -5.14358568192, 10.3392086029], [13.5174455643, 24.6975440979, -6.24856138229, -10.8255472183, -17.7135047913, -5.83467292786, -12.5955686569, -10.7442369461, -0.570033490658, 11.5295848846, 43.5360679626, 14.4902629852, -3.84994840622], [26.3749675751, 20.4279518127, -9.39905643463, -16.5511360168, -12.8310785294, -4.54744291306, 1.2455971241, -3.2676897049, -6.16498756409, -5.14358568192, 14.4902629852, 37.1999168396, 18.5032711029], [-107.106361389, 44.9228973389, 48.7619781494, -14.5172357559, -1.67163312435, -18.6829776764, -12.3962926865, -11.1238384247, 4.00293970108, 10.3392086029, -3.84994840622, 18.5032711029, 62.7934646606]],
        "icov": [[0.00969415251166, -0.0101995868608, 0.0152666456997, -0.0156839732081, 0.0147119099274, -0.0156306177378, 0.0180308502167, -0.0173159297556, 0.0154240736738, -0.0132325114682, 0.0152001185343, -0.0139281312004, 0.0108156315982], [-0.0101995868608, 0.0277379211038, -0.0216983724385, 0.0299393422902, -0.0209035668522, 0.0240171216428, -0.0267012566328, 0.0303740222007, -0.0250046085566, 0.0208388734609, -0.0259954724461, 0.0153072420508, -0.0147125162184], [0.0152666456997, -0.0216983724385, 0.0298822894692, -0.0300225131214, 0.0243714693934, -0.0299484003335, 0.0307178422809, -0.0296591855586, 0.0245037488639, -0.0213206876069, 0.0252311378717, -0.0187845025212, 0.0129963960499], [-0.0156839732081, 0.0299393422902, -0.0300225131214, 0.0479397699237, -0.0345553047955, 0.0386191979051, -0.0353536941111, 0.0344197675586, -0.0293355453759, 0.0286619886756, -0.0330896154046, 0.0256392154843, -0.016518259421], [0.0147119099274, -0.0209035668522, 0.0243714693934, -0.0345553047955, 0.0415134727955, -0.0334721468389, 0.0393421053886, -0.0349349491298, 0.0317251645029, -0.0262146499008, 0.03354395926, -0.022073822096, 0.0167132988572], [-0.0156306177378, 0.0240171216428, -0.0299484003335, 0.0386191979051, -0.0334721468389, 0.0617433674634, -0.049484424293, 0.0378413684666, -0.0369236767292, 0.0347942113876, -0.0326330512762, 0.0248397029936, -0.00993969943374], [0.0180308502167, -0.0267012566328, 0.0307178422809, -0.0353536941111, 0.0393421053886, -0.049484424293, 0.0614757426083, -0.0462817586958, 0.0458708629012, -0.033522285521, 0.041922621429, -0.0288833975792, 0.0217684842646], [-0.0173159297556, 0.0303740222007, -0.0296591855586, 0.0344197675586, -0.0349349491298, 0.0378413684666, -0.0462817586958, 0.0645041316748, -0.0399649217725, 0.038093637675, -0.0353865884244, 0.0262212194502, -0.0212778244168], [0.0154240736738, -0.0250046085566, 0.0245037488639, -0.0293355453759, 0.0317251645029, -0.0369236767292, 0.0458708629012, -0.0399649217725, 0.0589161813259, -0.0376475378871, 0.0375424511731, -0.0236603207886, 0.021938033402], [-0.0132325114682, 0.0208388734609, -0.0213206876069, 0.0286619886756, -0.0262146499008, 0.0347942113876, -0.033522285521, 0.038093637675, -0.0376475378871, 0.0524713210762, -0.0367477796972, 0.0313816964626, -0.0222509708256], [0.0152001185343, -0.0259954724461, 0.0252311378717, -0.0330896154046, 0.03354395926, -0.0326330512762, 0.041922621429, -0.0353865884244, 0.0375424511731, -0.0367477796972, 0.0681681707501, -0.0425339117646, 0.0308423116803], [-0.0139281312004, 0.0153072420508, -0.0187845025212, 0.0256392154843, -0.022073822096, 0.0248397029936, -0.0288833975792, 0.0262212194502, -0.0236603207886, 0.0313816964626, -0.0425339117646, 0.0679730847478, -0.0347436182201], [0.0108156315982, -0.0147125162184, 0.0129963960499, -0.016518259421, 0.0167132988572, -0.00993969943374, 0.0217684842646, -0.0212778244168, 0.021938033402, -0.0222509708256, 0.0308423116803, -0.0347436182201, 0.0433973148465]]
    }
}

}