{
"metadata": {
    "version": {
        "essentia": "2.0.1",
        "extractor": "archive-music 1.0 mod ismir14"
    },
    "audio_properties": {
        "analysis_sample_rate": 44100,
        "bitrate": 96,
        "channels": 2,
        "equal_loudness": 0,
        "length": 30.0669155121,
        "replay_gain": -13.4233722687,
        "downmix": "mix"
    },
    "tags": {
        "track": 0,
        "year": 0,
        "album": "",
        "artist": "",
        "comment": "",
        "genre": "",
        "title": ""
    }
},
"rhythm": {
    "bpm": 90.2956161499,
    "bpm_histogram_first_peak": 91,
    "bpm_histogram_first_peak_spread": 0.341463446617,
    "bpm_histogram_first_peak_weight": 0.62790697813,
    "bpm_histogram_second_peak": 83,
    "bpm_histogram_second_peak_spread": 0.5,
    "bpm_histogram_second_peak_weight": 0.0232558138669
},
"tonal": {
    "tuning_frequency": {
        "dmean": 0.133047223091,
        "dmean2": 0.2451171875,
        "dvar": 0.618995308876,
        "dvar2": 1.13877725601,
        "max": 452.37008667,
        "mean": 450.112915039,
        "median": 450.544708252,
        "min": 445.627075195,
        "var": 3.26242113113
    },
    "hpcp": {
        "dmean": [0.282162666321, 0.0787008628249, 0.159205466509, 0.165635570884, 0.380835741758, 0.293102473021, 0.118832796812, 0.317295134068, 0.129706636071, 0.0892100557685, 0.122700512409, 0.143133491278],
        "dmean2": [0.501150786877, 0.1278668046, 0.266377836466, 0.300854831934, 0.676987290382, 0.524466216564, 0.201305299997, 0.531355559826, 0.222128465772, 0.153708904982, 0.213186532259, 0.251483201981],
        "dvar": [0.0979053378105, 0.00967037677765, 0.0380014739931, 0.0561823323369, 0.0943166911602, 0.0782260447741, 0.0152192898095, 0.0904105082154, 0.0272193159908, 0.016012551263, 0.0259267836809, 0.0367028936744],
        "dvar2": [0.173378825188, 0.0239031650126, 0.0900915563107, 0.163594856858, 0.244345381856, 0.18434214592, 0.0360471084714, 0.185093104839, 0.0836478248239, 0.0458460450172, 0.069158539176, 0.102127835155],
        "max": [1, 0.738411486149, 1, 1, 1, 1, 0.675542712212, 1, 1, 1, 1, 1],
        "mean": [0.565795242786, 0.0821602866054, 0.186186611652, 0.150098502636, 0.407656252384, 0.383439153433, 0.130625203252, 0.430644541979, 0.117814689875, 0.0944152995944, 0.121584877372, 0.145731806755],
        "median": [0.562534272671, 0.0530162677169, 0.105782181025, 0.0714953914285, 0.273692041636, 0.258944809437, 0.0739727094769, 0.259588301182, 0.0691405311227, 0.0637622326612, 0.071398973465, 0.0836598202586],
        "min": [0.00527751585469, 0.00273556192406, 0.010113844648, 0.0065272860229, 0.0129120862111, 0.0117396824062, 0.00504373712465, 0.00580604048446, 0.00137986207847, 0.00433721393347, 0.00273953564465, 0.00528451707214],
        "var": [0.15770997107, 0.0111004710197, 0.0467362217605, 0.0499378405511, 0.119907416403, 0.125764265656, 0.0192752294242, 0.149578079581, 0.0238598864526, 0.0134517718107, 0.0237882304937, 0.0317499376833]
    }
},
"lowlevel": {
    "melbands": {
        "dmean": [6.58934150124e-05, 0.000168413898791, 4.83381154481e-05, 3.00218471239e-05, 2.79077739833e-05, 1.98954421649e-05, 2.8475678846e-05, 3.84395680157e-05, 6.82155441609e-05, 4.8405949201e-05, 1.93293071789e-05, 2.17206397792e-05, 2.81103421003e-05, 9.45960255194e-06, 1.71813371708e-05, 1.93271935132e-05, 5.01314934809e-06, 3.09450183522e-06, 1.40897134315e-06, 1.64690675319e-06, 3.19578748531e-06, 2.27812233788e-06, 4.12513963965e-06, 3.20113349517e-06, 1.79379969723e-06, 2.16109924622e-06, 1.92153879652e-06, 1.12767395422e-06, 4.84037968818e-07, 4.33715939607e-07, 1.96515173911e-07, 7.91370169395e-08, 4.29902904386e-08, 3.67181733907e-08, 3.17402317762e-08, 2.53606646794e-08, 1.69583440623e-08, 1.08070352667e-08, 3.43897355037e-09, 2.52387666322e-10],
        "dmean2": [0.000105241131678, 0.000278340070508, 8.54368918226e-05, 5.27070733369e-05, 4.94991872984e-05, 3.50989794242e-05, 4.99495727126e-05, 7.09226587787e-05, 0.000124236481497, 8.87484202394e-05, 3.71593669115e-05, 4.02520345233e-05, 5.14187013323e-05, 1.75581972144e-05, 3.07214904751e-05, 3.5275661503e-05, 9.45620922721e-06, 5.72525550524e-06, 2.57064789366e-06, 2.94012261293e-06, 5.8348505263e-06, 4.30120871897e-06, 7.81442304287e-06, 5.88529928791e-06, 3.33614684678e-06, 4.02602245231e-06, 3.57190697287e-06, 2.07661764762e-06, 8.94581887678e-07, 8.18602700292e-07, 3.69153468682e-07, 1.47072398704e-07, 7.97806762876e-08, 6.76119569221e-08, 5.78194203626e-08, 4.5281151273e-08, 3.13593702117e-08, 1.95036573558e-08, 6.20541262819e-09, 4.61789939621e-10],
        "dvar": [2.30475749596e-09, 1.76905317062e-08, 2.83330869877e-09, 6.1535615492e-10, 1.33411959258e-09, 4.35398161969e-10, 2.3411923511e-09, 2.51619169944e-09, 6.60112808859e-09, 9.66131352698e-09, 5.85753667792e-09, 1.17636278496e-09, 2.95292679198e-09, 2.11336989575e-10, 5.59857993299e-10, 9.89562320974e-10, 2.87466939142e-10, 3.94809636373e-11, 2.38353694421e-12, 1.71636142798e-12, 9.03095393606e-12, 5.45199909524e-12, 1.99026767289e-11, 8.02770523667e-12, 2.45370542461e-12, 4.81298551361e-12, 3.86863327831e-12, 1.36260349792e-12, 2.3313100582e-13, 2.15544446983e-13, 3.54532890675e-14, 5.11821310093e-15, 1.46471700684e-15, 9.29028701164e-16, 8.54642532434e-16, 5.18809850715e-16, 2.58978576618e-16, 1.32699265246e-16, 1.31067057572e-17, 6.6300471263e-20],
        "dvar2": [5.64655522339e-09, 4.72836028109e-08, 7.95353383154e-09, 1.72522640618e-09, 3.56931484369e-09, 1.1158709512e-09, 6.07841244005e-09, 7.46093498094e-09, 1.96267588848e-08, 2.61021018133e-08, 1.74683076892e-08, 3.47831297098e-09, 8.11672062895e-09, 6.20638096471e-10, 1.48585055371e-09, 2.62654498151e-09, 8.56174964259e-10, 1.14516784944e-10, 6.6378586655e-12, 4.7658725924e-12, 2.28079517078e-11, 1.47846943022e-11, 5.47597175937e-11, 2.19642758842e-11, 6.81183798604e-12, 1.33123919874e-11, 1.06130139399e-11, 3.77821168449e-12, 6.50682307514e-13, 5.9868326659e-13, 1.00889687772e-13, 1.52996816876e-14, 4.58415755713e-15, 2.62859501587e-15, 2.52577665102e-15, 1.54026016964e-15, 8.25758073658e-16, 4.12902277295e-16, 4.05886177662e-17, 2.15417515822e-19],
        "max": [0.000297229416901, 0.000793539918959, 0.00040299014654, 0.000147333092173, 0.000314927950967, 0.000183507945621, 0.000459746283013, 0.000272382807452, 0.000435521826148, 0.000781774404459, 0.000705697457306, 0.000192035193322, 0.000339261488989, 8.6562235083e-05, 0.000118540461699, 0.000184634889592, 0.000154260880663, 4.38504466729e-05, 1.06529496406e-05, 6.14354439676e-06, 1.69695304066e-05, 1.17709587357e-05, 2.59323005594e-05, 1.46629263327e-05, 8.43128691486e-06, 1.17669442261e-05, 9.94835136225e-06, 7.24854999135e-06, 2.75703314401e-06, 3.09874917548e-06, 1.14113981908e-06, 5.39418806511e-07, 2.29662120432e-07, 1.97941773195e-07, 1.6420669624e-07, 1.31583718144e-07, 8.23311339104e-08, 6.27992804425e-08, 2.12063984151e-08, 1.9945378682e-09],
        "mean": [9.86839877442e-05, 0.000261803652393, 8.44125024742e-05, 3.99384989578e-05, 2.70778036793e-05, 2.15397067223e-05, 2.87526654574e-05, 3.44410582329e-05, 5.85859670537e-05, 3.55226584361e-05, 1.40025194924e-05, 1.72207364812e-05, 2.02738337975e-05, 8.25182178232e-06, 1.42039834827e-05, 1.50562837007e-05, 3.74413889404e-06, 2.69055567514e-06, 1.5383036498e-06, 1.85462886293e-06, 2.81713300865e-06, 2.09785662264e-06, 3.62473542737e-06, 2.76751256933e-06, 1.71964904894e-06, 1.95189045371e-06, 1.5786796439e-06, 9.413350881e-07, 4.54106611869e-07, 3.62579584134e-07, 1.92841554281e-07, 9.87608501646e-08, 6.07559655919e-08, 5.2253099625e-08, 4.73149661673e-08, 4.05764417621e-08, 2.20954294861e-08, 1.49325689591e-08, 4.36375291457e-09, 3.10310832585e-10],
        "median": [9.39119272516e-05, 0.00022389908554, 7.09960004315e-05, 3.2872758311e-05, 1.75661734829e-05, 1.45502699525e-05, 1.59533792612e-05, 1.99324440473e-05, 3.16190453304e-05, 8.02247723186e-06, 5.43072337678e-06, 7.28299437469e-06, 4.04354659622e-06, 3.67501115761e-06, 5.64297852179e-06, 4.07740481023e-06, 1.64248604051e-06, 1.28917861275e-06, 1.18249397474e-06, 1.41907321449e-06, 1.65694700627e-06, 1.33580772399e-06, 2.11999758903e-06, 1.6088912389e-06, 1.19364869988e-06, 1.21901473449e-06, 8.2422621972e-07, 5.39363384178e-07, 3.03880057118e-07, 2.09862633938e-07, 1.4017069816e-07, 8.18914998035e-08, 5.13679587755e-08, 4.40450946826e-08, 4.11791134525e-08, 3.72553365935e-08, 1.7816818243e-08, 1.25164589804e-08, 3.47611917029e-09, 2.61028948456e-10],
        "min": [5.93670802118e-06, 1.17998642963e-05, 1.19748683574e-05, 4.35445008407e-06, 5.3432279401e-07, 1.01421312593e-06, 1.60775232416e-06, 1.06780760234e-06, 6.66364769586e-07, 6.13101121871e-07, 2.19208203589e-07, 5.45869283997e-07, 1.96276616293e-07, 4.36080966892e-07, 6.66451228426e-07, 3.80533521138e-07, 1.14287693975e-07, 2.00800201355e-07, 1.55955632408e-07, 2.03076567118e-07, 2.42065056e-07, 1.70599150806e-07, 1.56847235644e-07, 1.48634967445e-07, 1.50491928252e-07, 1.3861563275e-07, 8.53802148981e-08, 4.88194622505e-08, 3.65944963221e-08, 3.4359629808e-08, 1.84156387917e-08, 1.20952670102e-08, 9.67232161031e-09, 8.79539729937e-09, 6.44065734079e-09, 2.91276536224e-09, 3.31049831992e-09, 2.38468778058e-09, 8.15996659131e-10, 4.02836271285e-11],
        "var": [3.73603947779e-09, 2.98348972194e-08, 3.25212035079e-09, 7.83983822306e-10, 1.14535048112e-09, 5.04320307737e-10, 2.00776284487e-09, 1.99718375171e-09, 5.96953420029e-09, 6.74457911742e-09, 3.16263770728e-09, 8.5482632084e-10, 2.03795558207e-09, 1.55829960047e-10, 4.48107051465e-10, 7.58150653368e-10, 1.55109328159e-10, 2.66798198117e-11, 2.16255702581e-12, 2.05020353992e-12, 8.56636896834e-12, 4.83690474826e-12, 1.59998507498e-11, 7.63793889247e-12, 2.25583158923e-12, 3.92189883e-12, 3.16283219233e-12, 1.13510850025e-12, 2.00314564198e-13, 1.65671485862e-13, 3.0962367815e-14, 5.42893231455e-15, 1.58742878749e-15, 1.07523950511e-15, 7.78579714924e-16, 4.8587546272e-16, 2.36521483255e-16, 1.2282299343e-16, 1.13999542208e-17, 5.84175563477e-20]
    },
    "mfcc": {
        "dmean": [40.7956733704, 11.6547117233, 18.808927536, 12.2112836838, 10.8062839508, 10.8211975098, 10.4046506882, 7.65778923035, 4.91462516785, 6.61694765091, 7.23958539963, 5.67286872864, 6.36108016968],
        "dmean2": [76.0714569092, 19.711353302, 32.4283180237, 19.3368320465, 18.8285312653, 18.060256958, 16.7808513641, 12.62687397, 8.15011501312, 11.2329549789, 12.164059639, 9.50027942657, 10.8805150986],
        "dvar": [801.348754883, 77.0598831177, 169.552246094, 89.8423538208, 58.2355995178, 78.4655456543, 73.3931121826, 41.0465660095, 15.8901395798, 26.7224636078, 29.8075351715, 18.2079849243, 17.7790737152],
        "dvar2": [2494.80566406, 205.043258667, 539.444274902, 211.131362915, 183.935516357, 228.118545532, 199.430648804, 111.330673218, 38.050868988, 73.4812393188, 72.5004348755, 52.4835853577, 56.4614219666],
        "max": [-688.502441406, 175.255371094, 17.9808311462, 72.6370544434, 19.0464477539, 36.1162528992, 27.9257278442, 45.4187927246, 4.77604675293, 34.1357879639, 16.2689819336, 29.2405090332, 11.0141983032],
        "mean": [-749.66003418, 143.788406372, -22.2088222504, 39.8424301147, -8.06113529205, 5.70095300674, 3.64965415001, 15.5266828537, -7.07252788544, 10.3142004013, 0.0487113185227, 12.6932573318, -2.85883831978],
        "median": [-748.56628418, 145.615264893, -23.6571884155, 38.3043022156, -9.38278579712, 6.17255020142, 3.70550918579, 15.0038318634, -7.12564277649, 10.0750694275, -0.24825668335, 12.9660930634, -2.66891479492],
        "min": [-841.955810547, 110.110137939, -54.8715248108, 2.82316589355, -33.163105011, -19.1998558044, -20.0922355652, -3.98274230957, -21.1542053223, -10.7640228271, -17.2884311676, -1.71070861816, -17.0651512146],
        "var": [912.026245117, 141.129577637, 260.100341797, 201.823684692, 101.08265686, 94.7276306152, 98.3871154785, 65.1663818359, 29.9657897949, 55.9687919617, 47.5642814636, 35.1555747986, 33.3071975708],
        "cov": [[917.656066895, -12.2608327866, -361.007629395, 15.7909851074, -179.442276001, -87.5628509521, -45.2590675354, -20.1145877838, -36.8512802124, -19.8813419342, -47.274066925, 4.24662446976, -48.9823188782], [-12.2608327866, 142.000747681, 22.1938152313, -115.038619995, -32.6008224487, 6.90943050385, 23.8176937103, 12.0489845276, -15.8917598724, 0.223985597491, 41.6535987854, 5.42605066299, -0.793038725853], [-361.007629395, 22.1938152313, 261.7059021, -24.6713085175, 94.619644165, 28.6803722382, -13.2237854004, 5.74219512939, 8.84411334991, 25.0284881592, 0.570265233517, -8.99418544769, 13.2091817856], [15.7909851074, -115.038619995, -24.6713085175, 203.069519043, 46.5241394043, -26.9091491699, -52.5118103027, -28.7490539551, 37.9399986267, 16.3403739929, -36.8858108521, -12.3157501221, 18.903011322], [-179.442276001, -32.6008224487, 94.619644165, 46.5241394043, 101.706619263, 10.5785512924, -11.5690364838, -17.5775775909, 17.1275978088, 30.8249607086, -8.64237689972, 0.203470259905, 2.81163048744], [-87.5628509521, 6.90943050385, 28.6803722382, -26.9091491699, 10.5785512924, 95.3123703003, 60.2348442078, 15.9211654663, -8.95961761475, -6.37595081329, 32.8675308228, -6.27805662155, -14.6933488846], [-45.2590675354, 23.8176937103, -13.2237854004, -52.5118103027, -11.5690364838, 60.2348442078, 98.9944458008, 43.0142021179, -8.23857688904, -16.4788188934, 29.7794055939, 14.443769455, -10.1194257736], [-20.1145877838, 12.0489845276, 5.74219512939, -28.7490539551, -17.5775775909, 15.9211654663, 43.0142021179, 65.5686416626, 5.87279558182, -20.4603214264, 9.21465873718, 9.29256439209, 6.66024065018], [-36.8512802124, -15.8917598724, 8.84411334991, 37.9399986267, 17.1275978088, -8.95961761475, -8.23857688904, 5.87279558182, 30.1507644653, 20.3754482269, -2.26695537567, 1.91936087608, 9.28648376465], [-19.8813419342, 0.223985597491, 25.0284881592, 16.3403739929, 30.8249607086, -6.37595081329, -16.4788188934, -20.4603214264, 20.3754482269, 56.3142776489, 7.92357587814, -2.41339945793, -1.84942519665], [-47.274066925, 41.6535987854, 0.570265233517, -36.8858108521, -8.64237689972, 32.8675308228, 29.7794055939, 9.21465873718, -2.26695537567, 7.92357587814, 47.8578872681, 9.79267215729, -4.39788007736], [4.24662446976, 5.42605066299, -8.99418544769, -12.3157501221, 0.203470259905, -6.27805662155, 14.443769455, 9.29256439209, 1.91936087608, -2.41339945793, 9.79267215729, 35.3725852966, 8.58714294434], [-48.9823188782, -0.793038725853, 13.2091817856, 18.903011322, 2.81163048744, -14.6933488846, -10.1194257736, 6.66024065018, 9.28648376465, -1.84942519665, -4.39788007736, 8.58714294434, 33.5127983093]],
        "icov": [[0.00800093263388, -0.00632090028375, 0.00864976644516, -0.00572753977031, 0.00943499337882, -0.00566307501867, 0.00855328701437, -0.00946862529963, 0.0162990167737, -0.0145521396771, 0.0177051853389, -0.011676129885, 0.0125516103581], [-0.00632090028375, 0.0243897624314, -0.00888962578028, 0.0140936905518, -0.00547137437388, 0.0123267192394, -0.00966222118586, 0.0113753089681, -0.0155637515709, 0.0132703734562, -0.0299065094441, 0.016649061814, -0.0155675159767], [0.00864976644516, -0.00888962578028, 0.0185252074152, -0.00287913787179, 0.000248258293141, -0.0108055816963, 0.014855356887, -0.0149497110397, 0.0184457264841, -0.0165969990194, 0.0214781053364, -0.0102578531951, 0.00887238513678], [-0.00572753977031, 0.0140936905518, -0.00287913787179, 0.0206792000681, -0.0122811188921, 0.00444866903126, -0.00362807814963, 0.0123580666259, -0.0279882661998, 0.0163403246552, -0.015989145264, 0.0151444179937, -0.0164593309164], [0.00943499337882, -0.00547137437388, 0.000248258293141, -0.0122811188921, 0.037210021168, -0.00880903750658, 0.00551168248057, -0.00474654743448, 0.0168931502849, -0.024739459157, 0.0259519200772, -0.0216969363391, 0.0190324056894], [-0.00566307501867, 0.0123267192394, -0.0108055816963, 0.00444866903126, -0.00880903750658, 0.0363093614578, -0.0247210487723, 0.0122773209587, -0.00975079834461, 0.0168896429241, -0.035032980144, 0.0239312164485, -0.00657716067508], [0.00855328701437, -0.00966222118586, 0.014855356887, -0.00362807814963, 0.00551168248057, -0.0247210487723, 0.0413440093398, -0.0266910158098, 0.0208887122571, -0.0169426575303, 0.021492658183, -0.023717161268, 0.0171258188784], [-0.00946862529963, 0.0113753089681, -0.0149497110397, 0.0123580666259, -0.00474654743448, 0.0122773209587, -0.0266910158098, 0.0479935407639, -0.0468837507069, 0.0337741747499, -0.0244423244148, 0.0166371762753, -0.0190799757838], [0.0162990167737, -0.0155637515709, 0.0184457264841, -0.0279882661998, 0.0168931502849, -0.00975079834461, 0.0208887122571, -0.0468837507069, 0.12026873976, -0.0649559944868, 0.0374115891755, -0.0281332023442, 0.0171102024615], [-0.0145521396771, 0.0132703734562, -0.0165969990194, 0.0163403246552, -0.024739459157, 0.0168896429241, -0.0169426575303, 0.0337741747499, -0.0649559944868, 0.0686888620257, -0.046903476119, 0.0278023853898, -0.0174668747932], [0.0177051853389, -0.0299065094441, 0.0214781053364, -0.015989145264, 0.0259519200772, -0.035032980144, 0.021492658183, -0.0244423244148, 0.0374115891755, -0.046903476119, 0.0934071987867, -0.044815570116, 0.0303194541484], [-0.011676129885, 0.016649061814, -0.0102578531951, 0.0151444179937, -0.0216969363391, 0.0239312164485, -0.023717161268, 0.0166371762753, -0.0281332023442, 0.0278023853898, -0.044815570116, 0.0630773827434, -0.0320399105549], [0.0125516103581, -0.0155675159767, 0.00887238513678, -0.0164593309164, 0.0190324056894, -0.00657716067508, 0.0171258188784, -0.0190799757838, 0.0171102024615, -0.0174668747932, 0.0303194541484, -0.0320399105549, 0.064569324255]]
    }
}

}