{
"metadata": {
    "version": {
        "essentia": "2.0.1",
        "extractor": "archive-music 1.0 mod ismir14"
    },
    "audio_properties": {
        "analysis_sample_rate": 44100,
        "bitrate": 128,
        "channels": 2,
        "equal_loudness": 0,
        "length": 30.0669155121,
        "replay_gain": -8.42338752747,
        "downmix": "mix"
    },
    "tags": {
        "track": 7,
        "year": 0,
        "album": "The Cool Jazz Collection",
        "artist": "Astrud Gilberto",
        "comment": "",
        "genre": "Jazz",
        "title": "Girl From Ipanema"
    }
},
"rhythm": {
    "bpm": 130.002792358,
    "bpm_histogram_first_peak": 129,
    "bpm_histogram_first_peak_spread": 0.490909099579,
    "bpm_histogram_first_peak_weight": 0.444444447756,
    "bpm_histogram_second_peak": 136,
    "bpm_histogram_second_peak_spread": 0.199999988079,
    "bpm_histogram_second_peak_weight": 0.0634920671582
},
"tonal": {
    "tuning_frequency": {
        "dmean": 0.125622093678,
        "dmean2": 0.242844536901,
        "dvar": 1.81000876427,
        "dvar2": 4.17005872726,
        "max": 456.306610107,
        "mean": 437.942749023,
        "median": 434.193115234,
        "min": 431.692352295,
        "var": 32.6502456665
    },
    "hpcp": {
        "dmean": [0.105190061033, 0.128482878208, 0.164008557796, 0.175994589925, 0.154284015298, 0.123440988362, 0.147301197052, 0.153475269675, 0.235476031899, 0.139710396528, 0.120052844286, 0.110532641411],
        "dmean2": [0.201940909028, 0.248321726918, 0.317685365677, 0.336343675852, 0.297873258591, 0.238833680749, 0.282122313976, 0.296860724688, 0.451402664185, 0.27317494154, 0.230836734176, 0.212460294366],
        "dvar": [0.0698240920901, 0.0850241556764, 0.108442187309, 0.10392832756, 0.0997103154659, 0.0802622362971, 0.0910182073712, 0.100452423096, 0.136775702238, 0.0999336242676, 0.0777706801891, 0.0755229219794],
        "dvar2": [0.197126269341, 0.240575924516, 0.305342167616, 0.286362975836, 0.284906178713, 0.231396466494, 0.259249657393, 0.283506542444, 0.385582119226, 0.283898830414, 0.214440926909, 0.214206904173],
        "max": [1, 1, 1, 1, 1, 1, 1, 1, 1, 1, 1, 1],
        "mean": [0.065875209868, 0.114702701569, 0.115646094084, 0.201537996531, 0.11274446547, 0.094662591815, 0.136920750141, 0.116348780692, 0.205889478326, 0.0910523459315, 0.0943140909076, 0.0867613852024],
        "median": [0.000359131227015, 0.00177101080772, 0.000721685762983, 0.00310273538344, 0.00106782407966, 0.00111529882997, 0.00155151810031, 0.00108314445242, 0.00524931540713, 0.000317235215334, 0.00175325653981, 0.000612299365457],
        "min": [0, 0, 0, 0, 0, 0, 0, 0, 0, 0, 0, 0],
        "var": [0.0463880486786, 0.0816883519292, 0.0851031318307, 0.131817921996, 0.0795097649097, 0.0677470415831, 0.0949991196394, 0.0835492387414, 0.134719729424, 0.0710343718529, 0.0625472143292, 0.0643251612782]
    }
},
"lowlevel": {
    "melbands": {
        "dmean": [0.000785231066402, 0.00344628584571, 0.00357325864024, 0.00183897092938, 0.000990458764136, 0.000365376035916, 0.000128848550958, 0.000118784082588, 4.97730652569e-05, 2.68320836767e-05, 2.70085783995e-05, 2.7022235372e-05, 8.3107906903e-06, 6.11675386608e-06, 7.87649696576e-06, 4.57947953691e-06, 3.67055190509e-06, 1.65456049217e-06, 1.63358959071e-06, 1.58273667239e-06, 1.0214445183e-06, 1.24041389427e-06, 1.4298386759e-06, 1.53272515035e-06, 5.80459243338e-07, 3.71706761371e-07, 5.40575001651e-07, 8.30050339573e-07, 6.72199007568e-07, 8.79527760844e-07, 1.42765281907e-06, 2.1911564545e-06, 2.85011060441e-06, 1.69564566477e-06, 6.7093145617e-07, 3.10749953769e-07, 1.99205985041e-07, 7.4590147392e-08, 2.1872189393e-08, 2.94420154923e-09],
        "dmean2": [0.00132335128728, 0.00594593118876, 0.00619918527082, 0.00310901296325, 0.00163485098165, 0.000616153294686, 0.000190907274373, 0.000168461643625, 6.84588521835e-05, 3.55952433893e-05, 3.57265271305e-05, 3.5255230614e-05, 1.16422397696e-05, 9.04363150767e-06, 1.08780868686e-05, 6.8105500759e-06, 5.03531418872e-06, 2.50137827607e-06, 2.27792997975e-06, 2.28096973842e-06, 1.52549682753e-06, 1.84588157026e-06, 2.05842479772e-06, 2.30627051678e-06, 8.57896282014e-07, 5.70510735542e-07, 7.82768438512e-07, 1.32430307076e-06, 1.0177261629e-06, 1.29950751671e-06, 2.30729870054e-06, 3.47879154106e-06, 4.61185709355e-06, 2.60467504631e-06, 1.05708136289e-06, 4.62753376951e-07, 2.90959064841e-07, 1.17299826741e-07, 3.37873196088e-08, 4.65928584603e-09],
        "dvar": [2.28100930144e-06, 3.04282893921e-05, 3.74708724848e-05, 9.29465932131e-06, 2.57011993199e-06, 3.88656786754e-07, 1.43016279708e-07, 1.31815781401e-07, 1.77127308376e-08, 9.56235979288e-09, 6.46471010057e-09, 1.74627281524e-08, 6.90444146301e-10, 2.87949525335e-10, 6.94031832005e-10, 4.83204753987e-10, 4.96823304719e-10, 4.57206009163e-11, 7.98178190209e-11, 7.60666876709e-11, 1.82020700595e-11, 1.5858932223e-11, 2.0620670102e-11, 5.0204940899e-11, 6.7552773271e-12, 1.38048914747e-12, 3.78873451709e-12, 1.36150977645e-11, 7.0662599036e-12, 2.555631054e-11, 6.25302518098e-11, 1.58156987506e-10, 6.53955112284e-10, 1.62697230688e-10, 1.08044528185e-11, 1.10934991662e-12, 4.51458179651e-13, 8.72694183086e-14, 9.51852003928e-15, 3.53972845196e-16],
        "dvar2": [5.92421156398e-06, 9.1868074378e-05, 0.000121022785606, 2.5720020858e-05, 6.96715414961e-06, 1.06587629034e-06, 2.28244246614e-07, 1.95831859173e-07, 2.74233773467e-08, 1.19655725328e-08, 1.0733581135e-08, 1.96268334918e-08, 1.38739908451e-09, 5.89636062198e-10, 1.14621123704e-09, 9.5367902464e-10, 7.57908735771e-10, 9.10067438076e-11, 1.26542484824e-10, 1.56573115584e-10, 3.87310288008e-11, 3.1852690624e-11, 3.92284746353e-11, 1.34262129192e-10, 1.65350615144e-11, 3.27419862056e-12, 7.8542276849e-12, 3.46682543784e-11, 1.61673226889e-11, 5.60904968305e-11, 1.46661363609e-10, 3.67729624529e-10, 1.7603734026e-09, 3.55731000212e-10, 2.97785442138e-11, 2.4258340562e-12, 1.03418369788e-12, 2.23693039461e-13, 2.20047826396e-14, 9.97272769296e-16],
        "max": [0.0354811660945, 0.0800998210907, 0.0598679892719, 0.0814826339483, 0.0258001405746, 0.0113086700439, 0.00936408527195, 0.00828233454376, 0.00364507338963, 0.0041806162335, 0.00225571845658, 0.00970192346722, 0.000925875501707, 0.000588221068028, 0.00158083019778, 0.000800034205895, 0.00113015249372, 0.000258379295701, 0.000392901536543, 0.000315444252919, 0.000136263857712, 8.88391950866e-05, 8.94792392501e-05, 0.000178893256816, 9.88888787106e-05, 2.88476549031e-05, 6.33674135315e-05, 0.000130460844957, 7.27810474928e-05, 0.000164578304975, 0.000197944333195, 0.000273569283308, 0.000963564205449, 0.000625641550869, 8.41351647978e-05, 2.49958029599e-05, 1.31992483148e-05, 1.02609101305e-05, 3.34356809617e-06, 7.32278579108e-07],
        "mean": [0.00150927971117, 0.00614881888032, 0.00744126411155, 0.00365314236842, 0.0022640901152, 0.000810429279227, 0.000303303648252, 0.000298898929032, 0.000140551201184, 8.69565483299e-05, 8.5036852397e-05, 8.58051207615e-05, 2.2391353923e-05, 1.25628539536e-05, 1.9645140128e-05, 1.18030575322e-05, 8.21307639853e-06, 3.39458983944e-06, 3.2915149859e-06, 3.19328091791e-06, 1.74731246716e-06, 2.61524041889e-06, 3.08216408484e-06, 2.47140383181e-06, 1.0630660654e-06, 7.227249057e-07, 9.85216274785e-07, 1.28086549012e-06, 1.09683423943e-06, 1.37743359119e-06, 2.36327423409e-06, 3.88400030715e-06, 4.1445973693e-06, 2.8604426916e-06, 1.26352483676e-06, 6.84997246481e-07, 4.07953535841e-07, 1.50454738446e-07, 4.7584251206e-08, 4.89449014651e-09],
        "median": [0.000347945810063, 0.0029239631258, 0.00316187925637, 0.00192259217147, 0.000753828324378, 0.000290887925075, 8.87461719685e-05, 5.09948586114e-05, 1.87874538824e-05, 6.78372680341e-06, 7.65729237173e-06, 7.93005892774e-06, 3.29944032273e-06, 3.45657190337e-06, 2.73103864856e-06, 1.04038565496e-06, 6.96878601048e-07, 4.52260167094e-07, 2.43551141921e-07, 2.10265284295e-07, 2.11238656789e-07, 3.58342504114e-07, 3.52348365595e-07, 2.27623459637e-07, 1.41190966474e-07, 1.18338483901e-07, 1.62957192629e-07, 1.69580360421e-07, 9.53729966113e-08, 1.17839071834e-07, 1.25275562368e-07, 8.60751256937e-08, 1.09194076003e-07, 8.05566244821e-08, 7.31150748834e-08, 5.85649786444e-08, 3.94333525833e-08, 1.47408103501e-08, 4.3826755558e-09, 3.59511698189e-10],
        "min": [2.19542261842e-23, 1.04501137755e-23, 1.23987406287e-23, 2.3222594613e-23, 2.0493566599e-23, 6.55240450208e-24, 9.835576142e-24, 1.53671555841e-23, 3.19020524999e-23, 1.55069953791e-23, 6.43194268084e-24, 9.41752719389e-24, 1.39319272967e-23, 6.4057280441e-24, 4.14490554342e-24, 1.19107638945e-23, 2.55863658284e-23, 1.54409203896e-23, 2.99655662161e-23, 4.01120340186e-23, 6.39905743628e-24, 1.0184310249e-23, 1.6862203194e-23, 2.29760093158e-23, 4.05052748689e-23, 2.35564799911e-23, 2.24775217989e-23, 1.98742082365e-23, 2.29034230684e-23, 3.35677701666e-23, 1.38808438199e-23, 1.39277274012e-23, 1.91087891219e-23, 2.05561564009e-23, 2.18996117661e-23, 2.56691031378e-23, 2.09853519536e-23, 1.96890799369e-23, 1.69014995111e-23, 1.2492413128e-23],
        "var": [1.24580164993e-05, 5.74205623707e-05, 9.03843756532e-05, 3.04219192913e-05, 1.19682936202e-05, 1.71785040948e-06, 7.57559291742e-07, 7.15495673376e-07, 1.38341889055e-07, 9.96902542738e-08, 5.39107070097e-08, 2.5354094646e-07, 5.29519139647e-09, 1.00912733725e-09, 6.91233470462e-09, 2.21792895161e-09, 1.85890713933e-09, 1.13356789233e-10, 2.83696538483e-10, 2.65405919464e-10, 3.73432292033e-11, 4.31069485662e-11, 7.24601351143e-11, 8.14698239426e-11, 1.29295896906e-11, 3.99608861626e-12, 1.13628949999e-11, 3.27918907306e-11, 1.52210067467e-11, 4.99556611355e-11, 1.45460476997e-10, 4.20881302032e-10, 7.68937247209e-10, 4.1986233934e-10, 3.31984960356e-11, 4.845182415e-12, 1.71927728131e-12, 2.83895357309e-13, 3.88758137823e-14, 6.37829944145e-16]
    },
    "mfcc": {
        "dmean": [16.7158107758, 12.2231674194, 9.39473152161, 8.14173698425, 7.59339761734, 7.61477422714, 7.27075529099, 6.91064929962, 6.7830953598, 6.7514424324, 6.59437608719, 6.34596395493, 5.89609003067],
        "dmean2": [20.5144691467, 16.2001209259, 14.3093318939, 12.451669693, 12.0448513031, 12.0325860977, 11.610742569, 11.3972797394, 11.1347293854, 10.9965467453, 10.8690624237, 10.3789796829, 9.7608089447],
        "dvar": [458.787506104, 172.963470459, 86.0454559326, 49.0967903137, 36.572177887, 42.3324432373, 35.0582923889, 32.3401184082, 29.9366035461, 29.2990131378, 25.8871803284, 23.9840984344, 22.3059158325],
        "dvar2": [725.465942383, 242.21496582, 196.948623657, 107.928375244, 92.4865341187, 97.7917404175, 84.3114013672, 85.4956512451, 78.9230117798, 73.0462493896, 70.1931991577, 65.6020278931, 60.1793403625],
        "max": [-557.295410156, 268.125213623, 125.41444397, 141.17376709, 47.1732673645, 90.6673355103, 39.6975021362, 54.0990180969, 25.5998954773, 41.3922958374, 24.6943588257, 48.1987457275, 23.3646697998],
        "mean": [-748.536804199, 175.81211853, 48.142036438, 45.7087669373, -5.41943264008, 19.1678962708, -9.05434513092, 11.1734142303, -14.8837890625, -4.94300794601, -11.7263660431, 2.93655991554, -10.6260452271],
        "median": [-740.333435059, 185.490447998, 48.4297676086, 44.2925567627, -4.49144363403, 19.9228744507, -7.73280143738, 10.7696113586, -14.9936141968, -4.02533912659, -11.0864391327, 2.57559394836, -10.216135025],
        "min": [-1138.42004395, -35.3500213623, -35.2639541626, -28.239616394, -58.8592681885, -45.5685310364, -68.8103408813, -36.7763252258, -56.3868675232, -54.5368728638, -59.3751487732, -32.3215293884, -45.3683853149],
        "var": [5842.16992188, 2433.00048828, 746.395141602, 612.007202148, 257.575836182, 333.648193359, 256.740264893, 170.178268433, 139.694549561, 230.345016479, 168.718734741, 144.363800049, 108.301124573],
        "cov": [[5844.42529297, -260.474487305, -733.47479248, 67.143699646, -363.19619751, -43.7675476074, -463.156860352, 230.003540039, -245.249786377, 262.04498291, -123.173225403, 95.8830566406, -323.093353271], [-260.474487305, 2433.93969727, -300.74130249, -361.040557861, 160.746154785, -332.058624268, 119.553741455, 43.7142982483, -60.2992744446, -233.207870483, 28.859167099, -37.3576469421, -52.9326210022], [-733.47479248, -300.74130249, 746.683288574, 167.441864014, -51.5916519165, 202.310531616, 41.4413604736, -53.2983589172, 24.9565143585, -88.8733291626, 15.1201238632, -25.5146389008, 69.1820983887], [67.143699646, -361.040557861, 167.441864014, 612.243469238, 133.747650146, -81.9571456909, -76.5312805176, 41.2840538025, -12.8406219482, -87.3411712646, -10.6221532822, -40.8365516663, 45.4333610535], [-363.19619751, 160.746154785, -51.5916519165, 133.747650146, 257.675292969, -32.138168335, 6.46394395828, 4.59403133392, 21.7664794922, -35.4736061096, -4.73099994659, 12.4510040283, 16.8020324707], [-43.7675476074, -332.058624268, 202.310531616, -81.9571456909, -32.138168335, 333.777038574, 63.4674224854, -17.5854206085, 43.826259613, 63.2741355896, 40.3841743469, 11.3056335449, 23.5989093781], [-463.156860352, 119.553741455, 41.4413604736, -76.5312805176, 6.46394395828, 63.4674224854, 256.839416504, 39.4492263794, 28.9550304413, 8.39745426178, 33.0717811584, 13.5379056931, 30.6946640015], [230.003540039, 43.7142982483, -53.2983589172, 41.2840538025, 4.59403133392, -17.5854206085, 39.4492263794, 170.243972778, 33.6189346313, -3.38840842247, 26.4075145721, -12.5852193832, -8.10741615295], [-245.249786377, -60.2992744446, 24.9565143585, -12.8406219482, 21.7664794922, 43.826259613, 28.9550304413, 33.6189346313, 139.74848938, 60.3923873901, 23.5542049408, -17.6706562042, 22.4375209808], [262.04498291, -233.207870483, -88.8733291626, -87.3411712646, -35.4736061096, 63.2741355896, 8.39745426178, -3.38840842247, 60.3923873901, 230.433959961, 19.471529007, 19.7958316803, -17.4979400635], [-123.173225403, 28.859167099, 15.1201238632, -10.6221532822, -4.73099994659, 40.3841743469, 33.0717811584, 26.4075145721, 23.5542049408, 19.471529007, 168.783874512, -5.40422534943, 27.0705776215], [95.8830566406, -37.3576469421, -25.5146389008, -40.8365516663, 12.4510040283, 11.3056335449, 13.5379056931, -12.5852193832, -17.6706562042, 19.7958316803, -5.40422534943, 144.419540405, 6.3163690567], [-323.093353271, -52.9326210022, 69.1820983887, 45.4333610535, 16.8020324707, 23.5989093781, 30.6946640015, -8.10741615295, 22.4375209808, -17.4979400635, 27.0705776215, 6.3163690567, 108.342941284]],
        "icov": [[0.000525983807165, -0.000226633332204, 0.000567869865336, -0.000681457982864, 0.00105948268902, -0.000841823755763, 0.000895318109542, -0.000864515837748, 0.000826178817078, -0.000662713544443, 0.000344662141288, -0.000512768048793, 0.000747343176045], [-0.000226633332204, 0.000916715711355, -0.000331900751917, 0.00118020933587, -0.00126924330834, 0.00127545045689, -0.000708496489096, 0.00019113063172, -0.000212004568311, 0.00103178597055, -0.000509466219228, 0.000572065240704, -7.24221463315e-05], [0.000567869865336, -0.000331900751917, 0.00302740721963, -0.00186137447599, 0.00233059911989, -0.00260238628834, 0.000595257384703, 0.000174456537934, -5.24043498444e-05, 0.000592418538872, 0.000474994914839, -0.000581690575927, 0.00045031341142], [-0.000681457982864, 0.00118020933587, -0.00186137447599, 0.00452436180785, -0.00381602160633, 0.00293921725824, -0.000531210040208, -0.000344301719451, -5.19854147569e-05, 0.00138081016485, -0.000713541172445, 0.00168214912992, -0.00177398696542], [0.00105948268902, -0.00126924330834, 0.00233059911989, -0.00381602160633, 0.00819181650877, -0.00296305608936, 0.00147596653551, -0.000538452295586, -0.000373490765924, -0.000714881753083, 0.00111247727182, -0.00232535251416, 0.00138750148471], [-0.000841823755763, 0.00127545045689, -0.00260238628834, 0.00293921725824, -0.00296305608936, 0.00698463572189, -0.00222395570017, 0.00113138905726, -0.00131872110069, 0.000381490477594, -0.00155253510457, 0.00105420756154, -0.00114404782653], [0.000895318109542, -0.000708496489096, 0.000595257384703, -0.000531210040208, 0.00147596653551, -0.00222395570017, 0.00647522090003, -0.00294865272008, 0.00137336738408, -0.00145033211447, 0.000418935786001, -0.00124927796423, -0.000183652417036], [-0.000864515837748, 0.00019113063172, 0.000174456537934, -0.000344301719451, -0.000538452295586, 0.00113138905726, -0.00294865272008, 0.00908505637199, -0.00395896052942, 0.00209810817614, -0.00156159314793, 0.000734623055905, 0.000406652485253], [0.000826178817078, -0.000212004568311, -5.24043498444e-05, -5.19854147569e-05, -0.000373490765924, -0.00131872110069, 0.00137336738408, -0.00395896052942, 0.0117985764518, -0.00431270105764, 0.000379992212402, 0.00113699946087, -0.00122592633124], [-0.000662713544443, 0.00103178597055, 0.000592418538872, 0.00138081016485, -0.000714881753083, 0.000381490477594, -0.00145033211447, 0.00209810817614, -0.00431270105764, 0.00805632118136, -0.00122236669995, -0.00015468717902, 0.000674858514685], [0.000344662141288, -0.000509466219228, 0.000474994914839, -0.000713541172445, 0.00111247727182, -0.00155253510457, 0.000418935786001, -0.00156159314793, 0.000379992212402, -0.00122236669995, 0.00703822029755, -9.2847047199e-05, -0.00132433592808], [-0.000512768048793, 0.000572065240704, -0.000581690575927, 0.00168214912992, -0.00232535251416, 0.00105420756154, -0.00124927796423, 0.000734623055905, 0.00113699946087, -0.00015468717902, -9.2847047199e-05, 0.00831872969866, -0.00176595256198], [0.000747343176045, -7.24221463315e-05, 0.00045031341142, -0.00177398696542, 0.00138750148471, -0.00114404782653, -0.000183652417036, 0.000406652485253, -0.00122592633124, 0.000674858514685, -0.00132433592808, -0.00176595256198, 0.0127928266302]]
    }
}

}