{
"metadata": {
    "version": {
        "essentia": "2.0.1",
        "extractor": "archive-music 1.0 mod ismir14"
    },
    "audio_properties": {
        "analysis_sample_rate": 44100,
        "bitrate": 128,
        "channels": 2,
        "equal_loudness": 0,
        "length": 30.0669155121,
        "replay_gain": -11.7153892517,
        "downmix": "mix"
    },
    "tags": {
        "track": 6,
        "year": 0,
        "album": "Swing Classics (Jazz & Tzaz 70)",
        "artist": "Benny Carter",
        "comment": "",
        "genre": "Jazz",
        "title": "Babalu"
    }
},
"rhythm": {
    "bpm": 92.6367721558,
    "bpm_histogram_first_peak": 94,
    "bpm_histogram_first_peak_spread": 0.555555582047,
    "bpm_histogram_first_peak_weight": 0.355555564165,
    "bpm_histogram_second_peak": 89,
    "bpm_histogram_second_peak_spread": 0,
    "bpm_histogram_second_peak_weight": 0.177777782083
},
"tonal": {
    "tuning_frequency": {
        "dmean": 0.0391910858452,
        "dmean2": 0.0705572292209,
        "dvar": 0.407908797264,
        "dvar2": 0.890690982342,
        "max": 456.570251465,
        "mean": 437.85836792,
        "median": 437.213165283,
        "min": 434.193115234,
        "var": 1.59385931492
    },
    "hpcp": {
        "dmean": [0.148914724588, 0.145067363977, 0.152361571789, 0.204293832183, 0.145953923464, 0.126411929727, 0.146700784564, 0.12437491864, 0.194148331881, 0.135281503201, 0.180273294449, 0.18333928287],
        "dmean2": [0.276213616133, 0.264261633158, 0.287954032421, 0.369240045547, 0.270351439714, 0.236769065261, 0.254056572914, 0.231587022543, 0.350963681936, 0.25256717205, 0.325230300426, 0.32973369956],
        "dvar": [0.0679917931557, 0.0612303987145, 0.0808258503675, 0.0869546830654, 0.0692639946938, 0.0597171671689, 0.0525506287813, 0.0559478886425, 0.0734759643674, 0.0613372847438, 0.070367179811, 0.0689809173346],
        "dvar2": [0.191690921783, 0.167876332998, 0.233108446002, 0.236170709133, 0.186692506075, 0.170854002237, 0.139512449503, 0.150542393327, 0.196658179164, 0.174345999956, 0.187210470438, 0.180616036057],
        "max": [1, 1, 1, 1, 1, 1, 1, 1, 1, 1, 1, 1],
        "mean": [0.113289296627, 0.152345329523, 0.108038634062, 0.402270972729, 0.16763484478, 0.103145830333, 0.235693976283, 0.101041942835, 0.287353873253, 0.0995102524757, 0.19512565434, 0.227466389537],
        "median": [0.0125175258145, 0.0204788409173, 0.00385027239099, 0.200212702155, 0.0122684678063, 0.0118556506932, 0.0624986253679, 0.00813126098365, 0.10216716677, 0.0081687355414, 0.0637710914016, 0.0601266287267],
        "min": [0, 0, 0, 0, 0, 0, 0, 0, 0, 0, 0, 0],
        "var": [0.0559601560235, 0.0695163160563, 0.0642401427031, 0.176208376884, 0.0981646105647, 0.0505079515278, 0.112229950726, 0.0504178591073, 0.129167735577, 0.0468430370092, 0.080438233912, 0.103382885456]
    }
},
"lowlevel": {
    "melbands": {
        "dmean": [2.84426951112e-05, 0.000126802609884, 0.000141323471325, 0.000269586395007, 0.000319974613376, 0.000350640795659, 0.000270403310424, 0.000360140780685, 0.000258308573393, 0.000159954914125, 0.000120175318443, 0.000102570156741, 9.52938280534e-05, 8.05647941888e-05, 0.000146601261804, 0.000132536253659, 7.3645322118e-05, 3.78771437681e-05, 3.93795053242e-05, 4.43929275207e-05, 1.48690060087e-05, 2.25094408961e-05, 1.04843265945e-05, 6.9223870014e-06, 8.99417773326e-06, 3.04472246171e-06, 1.83961162747e-06, 2.23139272748e-06, 1.80405436367e-06, 1.68801477685e-06, 8.07447349871e-07, 3.88055241274e-07, 2.60349708014e-07, 9.91925546145e-08, 4.19607282254e-08, 3.42956276711e-08, 7.39425942697e-09, 7.95696286637e-10, 1.01372576999e-10, 2.34600065069e-11],
        "dmean2": [4.37523740402e-05, 0.00020571865025, 0.000247895542998, 0.000490727019496, 0.000584588793572, 0.000596491212491, 0.000419759307988, 0.000501623144373, 0.000353079667548, 0.000215159088839, 0.00018755759811, 0.000159699149663, 0.000146016958752, 0.000127451261505, 0.000225244089961, 0.000213665247429, 0.000111850706162, 5.39733337064e-05, 5.88008915656e-05, 6.66812848067e-05, 2.28965382121e-05, 3.58006109309e-05, 1.69094801095e-05, 1.04895552795e-05, 1.33435269163e-05, 4.64187269245e-06, 2.88167029794e-06, 3.43257624991e-06, 2.75360957858e-06, 2.41391876443e-06, 1.16317903576e-06, 5.69260919292e-07, 3.76826875481e-07, 1.43278938936e-07, 6.09948926922e-08, 5.02069248398e-08, 1.07452917675e-08, 1.24129073686e-09, 1.60557747653e-10, 4.23272944472e-11],
        "dvar": [1.38594169474e-09, 2.69050897117e-08, 5.85663499919e-08, 1.82536865623e-07, 2.28251636258e-07, 2.78499641126e-07, 1.48110800069e-07, 5.3646925835e-07, 2.16585917201e-07, 8.0456182161e-08, 8.65425704433e-08, 7.25597857354e-08, 5.54348247306e-08, 3.3708190017e-08, 9.10785971087e-08, 1.27987675569e-07, 3.95598540592e-08, 8.11445044491e-09, 1.23191812307e-08, 1.25428014641e-08, 7.21406212545e-10, 4.40545555591e-09, 5.64470137299e-10, 1.97670074753e-10, 4.82656803413e-10, 6.37870312126e-11, 2.00949725609e-11, 5.31461506748e-11, 2.0396436276e-11, 1.62852908242e-11, 4.33847055503e-12, 1.24384985818e-12, 7.19462412823e-13, 1.03509235417e-13, 1.40040211279e-14, 9.37884515331e-15, 2.90993801516e-16, 5.63431344544e-18, 8.44067763252e-20, 2.36464643448e-21],
        "dvar2": [2.86870771582e-09, 7.01059761354e-08, 1.72680771016e-07, 5.5065441984e-07, 7.21623564459e-07, 7.96891242771e-07, 3.65423801441e-07, 1.15140335311e-06, 4.56071347799e-07, 1.55844347205e-07, 2.31467026879e-07, 1.98417623665e-07, 1.44045429806e-07, 9.36020398967e-08, 2.14488437678e-07, 3.28899176338e-07, 1.01851860279e-07, 1.59328639171e-08, 2.78655942765e-08, 2.78000396037e-08, 1.65097513438e-09, 1.1825193269e-08, 1.56494550652e-09, 4.53223264474e-10, 1.04003805568e-09, 1.42954634241e-10, 4.72906401539e-11, 1.23452484346e-10, 4.70918790074e-11, 3.50264331428e-11, 9.21254392217e-12, 2.62365628355e-12, 1.5811229279e-12, 2.02760104171e-13, 2.86410333655e-14, 2.04731776644e-14, 6.31761111896e-16, 1.34301201418e-17, 1.9296005333e-19, 6.97274078394e-21],
        "max": [0.000502022914588, 0.002408569213, 0.00593631062657, 0.00962589494884, 0.00641494430602, 0.00830034352839, 0.00634810561314, 0.0180893670768, 0.00846011936665, 0.00562370568514, 0.00661464780569, 0.00564521830529, 0.00504847988486, 0.00363028747961, 0.00538485124707, 0.00582042755559, 0.00456806225702, 0.00237533124164, 0.00195520627312, 0.00249069835991, 0.000552175566554, 0.00152643921319, 0.000483022333356, 0.000297404156299, 0.000408679421525, 0.000194400621695, 9.08976362552e-05, 0.000148315608385, 7.80481277616e-05, 7.22649856471e-05, 4.87178876938e-05, 2.93836128549e-05, 2.20550300583e-05, 7.28719669496e-06, 2.29114084505e-06, 2.20936658479e-06, 2.94200589224e-07, 3.84818399368e-08, 6.29672980423e-09, 8.23795809346e-10],
        "mean": [4.03083031415e-05, 0.000179930313607, 0.000179382928764, 0.00033140621963, 0.000423627614509, 0.000574891048018, 0.000620085222181, 0.001255047624, 0.00079150631791, 0.000442742108135, 0.000302667496726, 0.000249708944466, 0.000194506312255, 0.000148761682794, 0.000300345942378, 0.000243722985033, 0.000179882306838, 9.3764741905e-05, 7.38097951398e-05, 9.92115965346e-05, 3.13560667564e-05, 4.07472689403e-05, 2.2122538212e-05, 1.70471721503e-05, 2.42137884925e-05, 7.99230019766e-06, 4.07651077694e-06, 4.4745456762e-06, 4.65519087811e-06, 4.98237614011e-06, 2.30791010836e-06, 1.0992106354e-06, 7.06704383902e-07, 2.80445959788e-07, 1.17987063675e-07, 9.64448787499e-08, 2.05737844539e-08, 1.75878867026e-09, 1.93310339958e-10, 2.49752458298e-11],
        "median": [2.03856980079e-05, 0.000104740873212, 9.73798451014e-05, 0.000165840101545, 0.000236146501265, 0.000289008603431, 0.000236627558479, 0.000260416272795, 0.000201605173061, 0.000104630373244, 7.01246390236e-05, 4.50722800451e-05, 4.83144031023e-05, 5.45480979781e-05, 6.22886291239e-05, 5.05668613187e-05, 2.47468324233e-05, 2.11838196265e-05, 1.07817932076e-05, 1.96625551325e-05, 9.84249436442e-06, 9.76185674517e-06, 7.42149495636e-06, 5.7622200984e-06, 4.01737497668e-06, 2.04911862056e-06, 1.06956076706e-06, 5.90753415963e-07, 1.04711330096e-06, 8.34960246721e-07, 3.18827630963e-07, 1.64026232596e-07, 6.12400938849e-08, 2.05651904395e-08, 1.06970654556e-08, 8.11666200917e-09, 2.66518696002e-09, 2.30235622234e-10, 4.23905528735e-11, 6.98240206973e-12],
        "min": [2.93250087945e-24, 3.52943247863e-23, 6.15114480173e-23, 1.41496607952e-23, 3.16559941618e-23, 1.35783582613e-23, 5.5141921589e-24, 2.92270993232e-24, 9.85443780625e-24, 6.30881032878e-23, 5.88601054475e-23, 2.38623529185e-23, 8.00520900489e-24, 2.32312910156e-23, 1.22787438409e-23, 1.63931480774e-23, 1.28748970711e-23, 1.93734677328e-23, 2.12385226616e-23, 2.87434849898e-23, 2.86084383137e-23, 3.59557720336e-23, 1.30735740566e-23, 2.02859841626e-23, 2.93040905698e-23, 9.53352682342e-24, 1.0282782178e-23, 1.62088954135e-23, 1.42533013409e-23, 6.01297352648e-24, 1.56694802152e-23, 2.93654734146e-23, 2.79569654238e-23, 2.32320798765e-23, 1.51022403149e-23, 1.99902528311e-23, 2.18721830724e-23, 1.71359079514e-23, 2.41400997992e-23, 2.1610353827e-23],
        "var": [2.81809131586e-09, 4.88830806944e-08, 6.5559490281e-08, 2.22432021246e-07, 3.00802355468e-07, 5.78911112825e-07, 7.59174440645e-07, 5.0875278248e-06, 1.72863144599e-06, 5.13847112416e-07, 2.80812969322e-07, 2.04371673362e-07, 1.46365096043e-07, 7.70328441035e-08, 3.25245139265e-07, 3.31087477434e-07, 1.58526290761e-07, 4.66484095796e-08, 3.06405532058e-08, 5.54549401954e-08, 2.73992362132e-09, 8.57726067949e-09, 1.47999079658e-09, 8.44528724731e-10, 2.28270491398e-09, 3.46362050152e-10, 6.77333467092e-11, 1.56715154742e-10, 8.34442445696e-11, 8.76043612652e-11, 2.41283989316e-11, 7.402146604e-12, 4.28428863566e-12, 6.8530532811e-13, 9.16795664992e-14, 5.86131417382e-14, 1.71114917263e-15, 1.95075989092e-17, 2.24904256397e-19, 2.47087391387e-21]
    },
    "mfcc": {
        "dmean": [15.9150695801, 9.62011146545, 9.70534515381, 8.09900951385, 7.68475294113, 6.88647890091, 6.75531053543, 6.76144933701, 6.71429014206, 6.55134534836, 6.25868415833, 6.11031532288, 5.97803163528],
        "dmean2": [17.7547035217, 14.5585680008, 14.0222110748, 12.7064218521, 11.5069894791, 10.8061733246, 10.7030153275, 11.0797519684, 11.0530529022, 10.8816299438, 10.3526802063, 10.1378126144, 9.89338111877],
        "dvar": [497.093231201, 92.2360610962, 100.08316803, 44.5765113831, 41.732131958, 29.837934494, 29.7852497101, 29.583158493, 27.9314460754, 26.1278438568, 23.4677791595, 21.3015384674, 21.9187259674],
        "dvar2": [478.475708008, 168.123413086, 155.131210327, 105.602996826, 84.3382568359, 75.1469192505, 74.8810806274, 77.1921234131, 77.1795730591, 69.6246185303, 65.030128479, 58.0378952026, 59.5355300903],
        "max": [-534.9296875, 255.383850098, 82.6960449219, 90.2023468018, 46.0273017883, 59.6277694702, 27.6920700073, 29.6337299347, 29.2950325012, 28.9709262848, 32.7666893005, 40.0580596924, 35.8292045593],
        "mean": [-714.73840332, 187.389587402, -52.7292022705, 24.3445301056, -23.8349933624, 2.82010698318, -15.5166368484, -6.55575323105, -6.30875110626, -4.353266716, 0.117953822017, 3.79040122032, -6.0745267868],
        "median": [-677.036071777, 194.435302734, -67.9303283691, 23.2774009705, -26.0438423157, 1.6506729126, -15.7291870117, -6.42191314697, -6.45972442627, -4.22882843018, 0.41605758667, 2.33064651489, -6.15758895874],
        "min": [-1138.42004395, 1.14440917969e-05, -137.350067139, -37.8967056274, -81.7594451904, -35.0094413757, -65.6410369873, -37.8174057007, -37.2062301636, -40.4153671265, -33.679145813, -26.5086669922, -32.1122550964],
        "var": [12615.3496094, 1024.61425781, 1863.6361084, 371.711883545, 573.84777832, 189.865066528, 224.135467529, 105.642280579, 107.637252808, 104.737876892, 83.6682510376, 123.209281921, 66.8829116821],
        "cov": [[12620.2207031, -150.607025146, -4492.31591797, 469.779388428, -2196.38964844, 240.47505188, -1199.23413086, 148.390823364, -460.440795898, 24.016078949, -122.551734924, 426.587310791, -241.424835205], [-150.607025146, 1025.0098877, 142.903305054, -310.52142334, 69.0236129761, -250.016342163, 102.282821655, -97.2764129639, 74.0137557983, -133.545135498, 24.3994312286, 1.12989020348, 19.3487415314], [-4492.31591797, 142.903305054, 1864.35559082, -102.350845337, 799.960388184, -28.6495437622, 417.908630371, -12.1569824219, 161.011322021, 17.4958190918, 31.9333953857, -160.575576782, 80.3577041626], [469.779388428, -310.52142334, -102.350845337, 371.855407715, 24.1140995026, 124.011024475, -49.1572494507, 14.0391254425, -39.104511261, 22.3295688629, -19.9910163879, -43.0126609802, -17.8016643524], [-2196.38964844, 69.0236129761, 799.960388184, 24.1140995026, 574.069335938, 15.3126583099, 230.374679565, -16.7537994385, 50.7771949768, -0.992241680622, 13.345703125, -113.740821838, 33.5645523071], [240.47505188, -250.016342163, -28.6495437622, 124.011024475, 15.3126583099, 189.93838501, 4.08112049103, 59.5180511475, -24.9334163666, 47.2625694275, -4.03216314316, -12.898431778, -5.92107820511], [-1199.23413086, 102.282821655, 417.908630371, -49.1572494507, 230.374679565, 4.08112049103, 224.222000122, 12.8110523224, 59.8695755005, -13.4490871429, 10.7044658661, -41.4700546265, 25.4997310638], [148.390823364, -97.2764129639, -12.1569824219, 14.0391254425, -16.7537994385, 59.5180511475, 12.8110523224, 105.683074951, 14.1871452332, 39.1374015808, 3.52703070641, 15.2088365555, 3.59675168991], [-460.440795898, 74.0137557983, 161.011322021, -39.104511261, 50.7771949768, -24.9334163666, 59.8695755005, 14.1871452332, 107.67881012, 18.9338912964, 28.1441059113, 7.52212905884, 17.3074016571], [24.016078949, -133.545135498, 17.4958190918, 22.3295688629, -0.992241680622, 47.2625694275, -13.4490871429, 39.1374015808, 18.9338912964, 104.778320312, 32.3742446899, 17.3271846771, 1.77163159847], [-122.551734924, 24.3994312286, 31.9333953857, -19.9910163879, 13.345703125, -4.03216314316, 10.7044658661, 3.52703070641, 28.1441059113, 32.3742446899, 83.700553894, 38.3073883057, 12.6527166367], [426.587310791, 1.12989020348, -160.575576782, -43.0126609802, -113.740821838, -12.898431778, -41.4700546265, 15.2088365555, 7.52212905884, 17.3271846771, 38.3073883057, 123.256851196, 9.44238471985], [-241.424835205, 19.3487415314, 80.3577041626, -17.8016643524, 33.5645523071, -5.92107820511, 25.4997310638, 3.59675168991, 17.3074016571, 1.77163159847, 12.6527166367, 9.44238471985, 66.9087371826]],
        "icov": [[0.0184754710644, -0.0244458820671, 0.0256405286491, -0.0228171329945, 0.0244363173842, -0.0252217147499, 0.0232039429247, -0.0219957754016, 0.0202794708312, -0.0189231913537, 0.0166009943932, -0.0122387548909, 0.008560590446], [-0.0244458820671, 0.0343616530299, -0.0336453020573, 0.0312457475811, -0.0326787494123, 0.0347335450351, -0.031153595075, 0.0294866729528, -0.0277102198452, 0.0268857069314, -0.0228665135801, 0.0166004002094, -0.0112304603681], [0.0256405286491, -0.0336453020573, 0.0372905768454, -0.0311324503273, 0.0320542789996, -0.034652877599, 0.0313101969659, -0.03031989187, 0.0270887669176, -0.0265983231366, 0.0231820680201, -0.0164764616638, 0.011367556639], [-0.0228171329945, 0.0312457475811, -0.0311324503273, 0.0327546000481, -0.0313267037272, 0.0291996486485, -0.0274586398154, 0.0278924759477, -0.02581259422, 0.0244089495391, -0.0207897182554, 0.0164201948792, -0.0103519782424], [0.0244363173842, -0.0326787494123, 0.0320542789996, -0.0313267037272, 0.0381080508232, -0.03355717659, 0.0280938502401, -0.0283465385437, 0.0283327326179, -0.025592667982, 0.0207442287356, -0.0142600536346, 0.0109596932307], [-0.0252217147499, 0.0347335450351, -0.034652877599, 0.0291996486485, -0.03355717659, 0.0448994599283, -0.0337597168982, 0.0261901821941, -0.0252900272608, 0.0239552464336, -0.0231092609465, 0.0174048542976, -0.0115770418197], [0.0232039429247, -0.031153595075, 0.0313101969659, -0.0274586398154, 0.0280938502401, -0.0337597168982, 0.0397143252194, -0.0295017790049, 0.0222991835326, -0.0208445675671, 0.0204970184714, -0.0150041459128, 0.0102204969153], [-0.0219957754016, 0.0294866729528, -0.03031989187, 0.0278924759477, -0.0283465385437, 0.0261901821941, -0.0295017790049, 0.0401655547321, -0.026265874505, 0.0190851837397, -0.0175971854478, 0.0129957962781, -0.0106537500396], [0.0202794708312, -0.0277102198452, 0.0270887669176, -0.02581259422, 0.0283327326179, -0.0252900272608, 0.0222991835326, -0.026265874505, 0.0367353037, -0.0240114536136, 0.0157879628241, -0.0138199366629, 0.00834623258561], [-0.0189231913537, 0.0268857069314, -0.0265983231366, 0.0244089495391, -0.025592667982, 0.0239552464336, -0.0208445675671, 0.0190851837397, -0.0240114536136, 0.0359913706779, -0.0229692216963, 0.0127871669829, -0.00794223882258], [0.0166009943932, -0.0228665135801, 0.0231820680201, -0.0207897182554, 0.0207442287356, -0.0231092609465, 0.0204970184714, -0.0175971854478, 0.0157879628241, -0.0229692216963, 0.0332145318389, -0.0170611906797, 0.00647436315194], [-0.0122387548909, 0.0166004002094, -0.0164764616638, 0.0164201948792, -0.0142600536346, 0.0174048542976, -0.0150041459128, 0.0129957962781, -0.0138199366629, 0.0127871669829, -0.0170611906797, 0.0215300153941, -0.00766661111265], [0.008560590446, -0.0112304603681, 0.011367556639, -0.0103519782424, 0.0109596932307, -0.0115770418197, 0.0102204969153, -0.0106537500396, 0.00834623258561, -0.00794223882258, 0.00647436315194, -0.00766661111265, 0.0207396876067]]
    }
}

}