{
"metadata": {
    "version": {
        "essentia": "2.0.1",
        "extractor": "archive-music 1.0 mod ismir14"
    },
    "audio_properties": {
        "analysis_sample_rate": 44100,
        "bitrate": 32,
        "channels": 2,
        "equal_loudness": 0,
        "length": 30.0408172607,
        "replay_gain": -13.4732723236,
        "downmix": "mix"
    },
    "tags": {
        "track": 0,
        "year": 0,
        "album": "",
        "artist": "",
        "comment": "",
        "genre": "",
        "title": ""
    }
},
"rhythm": {
    "bpm": 178.205886841,
    "bpm_histogram_first_peak": 178,
    "bpm_histogram_first_peak_spread": 0,
    "bpm_histogram_first_peak_weight": 0.453488379717,
    "bpm_histogram_second_peak": 172,
    "bpm_histogram_second_peak_spread": 0,
    "bpm_histogram_second_peak_weight": 0.430232554674
},
"tonal": {
    "tuning_frequency": {
        "dmean": 0.204715117812,
        "dmean2": 0.289034247398,
        "dvar": 2.81114673615,
        "dvar2": 3.2246670723,
        "max": 454.990661621,
        "mean": 435.957397461,
        "median": 433.191070557,
        "min": 433.191070557,
        "var": 16.5974292755
    },
    "hpcp": {
        "dmean": [0.228269338608, 0.153971984982, 0.231279820204, 0.251454442739, 0.116982080042, 0.212640851736, 0.263436198235, 0.276818603277, 0.177373543382, 0.113359607756, 0.244638353586, 0.0824563652277],
        "dmean2": [0.391918003559, 0.274616956711, 0.427295058966, 0.444754749537, 0.206901982427, 0.344166725874, 0.458959698677, 0.488073915243, 0.301878213882, 0.195894762874, 0.451340049505, 0.14733915031],
        "dvar": [0.0445785410702, 0.0327074937522, 0.0594212375581, 0.0606126859784, 0.0283416695893, 0.0595078878105, 0.0663259923458, 0.0483870767057, 0.0396536886692, 0.0188316553831, 0.0680551528931, 0.0146682308987],
        "dvar2": [0.122105009854, 0.0849572867155, 0.171747565269, 0.179275542498, 0.0792342722416, 0.140778541565, 0.147972732782, 0.122930541635, 0.0980892851949, 0.0472040697932, 0.172004967928, 0.0431323163211],
        "max": [1, 1, 1, 1, 1, 1, 1, 1, 1, 0.994432985783, 1, 1],
        "mean": [0.307039499283, 0.178802058101, 0.234858065844, 0.306250184774, 0.132493242621, 0.325449883938, 0.35183468461, 0.402447134256, 0.24782332778, 0.13772341609, 0.783919990063, 0.100538946688],
        "median": [0.25090560317, 0.122684977949, 0.130021423101, 0.216272473335, 0.0749257728457, 0.146301388741, 0.246955126524, 0.354059875011, 0.143604516983, 0.0836253538728, 0.996866583824, 0.0742900595069],
        "min": [0.0177764017135, 0.00611835112795, 0.00670268200338, 0.008156131953, 0.00769970938563, 0.019621072337, 0.00823266152292, 0.0137248048559, 0.00653032399714, 0.00425858702511, 0.147074237466, 0.00515926815569],
        "var": [0.0647202506661, 0.0378808788955, 0.0612165257335, 0.0720533952117, 0.0258048735559, 0.110937461257, 0.0962467193604, 0.0872055441141, 0.0662721693516, 0.0243721511215, 0.0775696486235, 0.0109150456265]
    }
},
"lowlevel": {
    "melbands": {
        "dmean": [1.49191064338e-05, 6.37285702396e-05, 5.87725662626e-05, 3.88380831282e-05, 1.59418541443e-05, 2.88634746539e-05, 2.95304762403e-05, 3.62024147762e-05, 4.2476120143e-05, 2.34258332057e-05, 1.63120894285e-05, 1.06354009404e-05, 9.35047410167e-06, 5.17809439771e-06, 8.43194538902e-06, 4.98281178807e-06, 6.49313233225e-06, 3.91193634641e-06, 2.58282307186e-06, 2.39327277995e-06, 2.36075584326e-06, 2.33157788898e-06, 3.70880775336e-06, 3.90579725718e-06, 2.50022048931e-06, 1.56273381435e-06, 1.65231233495e-06, 1.04241951249e-06, 4.67859877062e-07, 4.13058899085e-07, 3.68518328742e-07, 1.85020198273e-07, 7.06987250965e-08, 4.87073670286e-08, 4.55665087884e-08, 3.67241739241e-08, 3.05050988914e-08, 2.63597197403e-08, 1.60029749452e-08, 7.65677654613e-09],
        "dmean2": [2.63362580881e-05, 0.000119720854855, 0.000105524377432, 7.05103157088e-05, 2.88491428364e-05, 5.22426162206e-05, 5.25092618773e-05, 6.61176818539e-05, 7.05828715581e-05, 4.15444410464e-05, 2.79116920865e-05, 1.92167026398e-05, 1.69393279066e-05, 9.01272778719e-06, 1.55100788106e-05, 8.86237376108e-06, 1.19390069813e-05, 6.86696466801e-06, 4.67087829747e-06, 3.91680760004e-06, 4.1760717977e-06, 4.13045700043e-06, 6.72555052006e-06, 6.6588536356e-06, 4.26607675763e-06, 2.65938388111e-06, 2.80436256617e-06, 1.78528034667e-06, 8.10105007076e-07, 7.47550757296e-07, 6.26792200364e-07, 3.21389279634e-07, 1.24982733496e-07, 8.4755242824e-08, 7.85906948408e-08, 6.1928545847e-08, 5.58062858147e-08, 4.60124169877e-08, 2.83379986143e-08, 1.39448186331e-08],
        "dvar": [4.69513039558e-10, 4.9183861428e-09, 2.90083468357e-09, 3.17049497767e-09, 2.11951955986e-10, 6.03546879141e-10, 7.20387416386e-10, 1.50279388933e-09, 6.78205491766e-09, 3.79797260308e-09, 5.30902932727e-10, 6.32201124784e-10, 5.26040322413e-10, 1.13181138073e-10, 3.28119420523e-10, 7.55508156036e-11, 2.24262330928e-10, 5.32245358897e-11, 1.5193646688e-11, 2.6415761939e-11, 1.24203694205e-11, 1.02794127377e-11, 3.93333698945e-11, 4.46604211946e-11, 1.78256819028e-11, 7.85145472942e-12, 1.113015409e-11, 5.30904833984e-12, 4.79813779854e-13, 6.43132953577e-13, 5.37630758055e-13, 1.27497391442e-13, 1.25016819881e-14, 5.3456062954e-15, 5.77776674025e-15, 1.79685270738e-15, 1.36439685979e-15, 6.1417924901e-16, 2.781881986e-16, 1.01058726696e-16],
        "dvar2": [1.22336663022e-09, 1.61519047026e-08, 8.40912051103e-09, 8.78675088245e-09, 5.75850089835e-10, 1.94587901348e-09, 1.9727102174e-09, 3.98171362548e-09, 1.43523584129e-08, 1.05088044933e-08, 1.32605737502e-09, 1.74059100466e-09, 1.45267164964e-09, 3.25116766842e-10, 9.64931357039e-10, 2.15787637758e-10, 6.36735886239e-10, 1.33704658456e-10, 4.03403734028e-11, 6.28262789015e-11, 3.12026827987e-11, 2.90106081519e-11, 1.13114385913e-10, 1.18374449132e-10, 4.20539748858e-11, 2.10882301205e-11, 2.8057219742e-11, 1.38683916781e-11, 1.18830379564e-12, 1.59233964989e-12, 1.53165457747e-12, 3.56155995538e-13, 2.76550107819e-14, 1.17598200397e-14, 1.13368041625e-14, 3.52583414701e-15, 3.32488172126e-15, 1.57160981193e-15, 7.38575937012e-16, 2.596184306e-16],
        "max": [0.000169054488651, 0.000422828656156, 0.000273236888461, 0.000336354074534, 8.76302583492e-05, 0.000148445746163, 0.000153422253788, 0.000151792657562, 0.000879492727108, 0.000514605257194, 0.000155177724082, 0.000139714757097, 0.000143844037666, 7.55914006731e-05, 0.000123058402096, 4.78888032376e-05, 9.20842721825e-05, 7.09662563168e-05, 2.54220358329e-05, 5.03573246533e-05, 2.2831318347e-05, 2.16000880755e-05, 3.15590586979e-05, 4.86840035592e-05, 3.35211043421e-05, 1.95559532585e-05, 2.5288458346e-05, 1.42783510455e-05, 5.07742970512e-06, 5.67971801502e-06, 4.85070495415e-06, 2.47660750574e-06, 7.30482724975e-07, 5.31953048721e-07, 6.60695036458e-07, 3.51338229621e-07, 3.06705999265e-07, 2.0134994827e-07, 1.48337960582e-07, 1.0028067976e-07],
        "mean": [1.89389011211e-05, 7.38084199838e-05, 7.94870138634e-05, 4.15991926275e-05, 2.24370014621e-05, 4.11064211221e-05, 4.05615610362e-05, 3.07415393763e-05, 4.87251563754e-05, 2.47127754847e-05, 1.90820046555e-05, 8.94073491509e-06, 7.08113111614e-06, 4.80595781482e-06, 7.69629696151e-06, 4.26029419032e-06, 4.90981028634e-06, 3.93161417378e-06, 2.65680546363e-06, 2.28126441471e-06, 2.19073876906e-06, 2.23927099796e-06, 3.49593415194e-06, 3.78447748517e-06, 2.46449440056e-06, 2.05558558264e-06, 1.70729549609e-06, 9.95093046186e-07, 5.32795695563e-07, 4.37756170868e-07, 3.5689492961e-07, 2.18985050537e-07, 1.04061491868e-07, 8.36749762811e-08, 8.12613905055e-08, 6.68540849347e-08, 6.12572890191e-08, 4.38188649809e-08, 2.37611832432e-08, 1.26692025759e-08],
        "median": [1.31461065394e-05, 5.7125602325e-05, 6.59317738609e-05, 2.74979829555e-05, 1.79998824024e-05, 3.69593253708e-05, 3.11946678266e-05, 1.58659058798e-05, 3.03310698655e-05, 1.37504357554e-05, 1.22183246276e-05, 2.84035422737e-06, 1.98375732907e-06, 1.95006691683e-06, 3.96272525904e-06, 1.88583476302e-06, 1.83163956535e-06, 1.39930455134e-06, 1.2090281416e-06, 9.72310886027e-07, 9.282547353e-07, 8.5405633854e-07, 9.83866698334e-07, 7.40263089938e-07, 8.48417585075e-07, 6.96132985922e-07, 3.52327305109e-07, 3.3521226328e-07, 3.17802573591e-07, 2.01309461545e-07, 1.17013499334e-07, 9.12069566539e-08, 5.59385249232e-08, 5.19706198077e-08, 5.11872642051e-08, 4.42488179431e-08, 4.66246667941e-08, 3.15145349816e-08, 1.64437565786e-08, 9.45989686585e-09],
        "min": [1.8586134729e-06, 5.98949645791e-06, 4.15724025515e-06, 3.6543922306e-06, 1.13631290333e-06, 6.9351511911e-07, 9.05866215817e-07, 5.60560806662e-07, 1.08835315871e-07, 1.01915020423e-07, 1.03041507771e-07, 2.52028975467e-08, 6.1978276733e-08, 1.51054180719e-07, 4.22696011526e-08, 3.43353327992e-08, 3.78352389419e-08, 1.59983688519e-08, 1.52120982477e-08, 2.14976267898e-08, 3.30375442559e-08, 3.69047121751e-08, 3.30426246364e-08, 2.06676631365e-08, 3.19004307414e-08, 3.63135974624e-08, 1.02652286671e-08, 7.55942330954e-09, 4.34875140343e-08, 1.96580778322e-08, 8.629442938e-09, 7.05586300498e-09, 7.32545180071e-09, 4.12249656634e-09, 2.65158761614e-09, 4.88623941308e-09, 4.17027923305e-09, 4.56432136531e-09, 2.86772650071e-09, 1.08094300177e-09],
        "var": [4.24040830227e-10, 3.8483229936e-09, 2.6653790286e-09, 2.27764318517e-09, 2.9331920226e-10, 7.75992603508e-10, 1.0229520564e-09, 1.17288356805e-09, 7.33969196531e-09, 2.43335618322e-09, 5.60100854585e-10, 4.54237231162e-10, 3.60486668294e-10, 7.65711730133e-11, 2.04288558292e-10, 5.51626730405e-11, 1.39549427569e-10, 6.69114694207e-11, 1.46796828165e-11, 2.46250329156e-11, 1.2771091476e-11, 1.07298519028e-11, 3.88068223389e-11, 5.25441079535e-11, 1.88980428528e-11, 1.06677444656e-11, 1.23273318636e-11, 4.32457541999e-12, 4.8850582867e-13, 5.96007292998e-13, 4.68325356794e-13, 1.12750175136e-13, 1.63629587581e-14, 8.22457387433e-15, 9.58826727325e-15, 4.12205576814e-15, 2.16001469539e-15, 1.15716950809e-15, 4.68928398089e-16, 1.2596901938e-16]
    },
    "mfcc": {
        "dmean": [32.0342674255, 11.5686073303, 17.3365020752, 9.13416194916, 10.5092840195, 9.68055534363, 10.5631809235, 7.24715328217, 6.12865257263, 6.84415817261, 6.28955745697, 6.51317214966, 6.65604782104],
        "dmean2": [56.3410644531, 19.2575798035, 27.3510284424, 15.1638469696, 18.5630149841, 16.4688186646, 17.9766407013, 12.6970262527, 10.3534669876, 11.0314846039, 10.2964839935, 10.8715877533, 10.8877897263],
        "dvar": [754.802734375, 102.308929443, 145.786224365, 88.3154983521, 70.8139648438, 61.3862915039, 87.2877502441, 29.2794418335, 31.9006977081, 31.4262809753, 26.6207523346, 25.0244045258, 27.3497486115],
        "dvar2": [1645.48754883, 215.135284424, 424.10244751, 202.077880859, 182.99810791, 165.032409668, 230.236175537, 95.2098617554, 83.6293258667, 88.5443115234, 67.5384750366, 69.5228424072, 69.4417190552],
        "max": [-656.551269531, 152.134246826, 30.0626525879, 70.2642669678, 24.7370033264, 21.6630973816, 29.8916778564, 21.3704242706, 9.22071456909, 28.8574676514, 26.1031799316, 20.7706890106, 9.96415328979],
        "mean": [-749.872009277, 124.657302856, -5.86663770676, 25.4312419891, -7.00306749344, -5.91242218018, -4.14088916779, -0.0983216017485, -5.16384363174, 6.38448572159, 0.704998373985, 3.17955565453, -7.39001321793],
        "median": [-754.674377441, 129.125350952, -4.82413101196, 23.6047515869, -9.79459381104, -5.22035980225, -5.63582992554, -0.980396270752, -4.307472229, 7.47492599487, 0.812236785889, 3.35907745361, -6.45067214966],
        "min": [-929.502807617, 71.4389953613, -57.9298019409, -11.2749900818, -35.4679985046, -34.2536659241, -22.2140903473, -16.2811470032, -31.3197116852, -27.3112487793, -16.6227035522, -11.3180465698, -33.8425445557],
        "var": [1340.97961426, 330.540313721, 350.519958496, 164.335784912, 123.813446045, 90.7578201294, 123.593811035, 54.6118011475, 56.120388031, 65.061706543, 44.2094154358, 39.3003005981, 59.6283607483],
        "cov": [[1349.25720215, -363.904663086, -535.262329102, 80.3856735229, 25.8719043732, -99.2704238892, 4.89513158798, 43.6913566589, -39.7053871155, -44.2464752197, 45.2606201172, -14.1656389236, -78.0563964844], [-363.904663086, 332.580688477, 166.145706177, -145.639541626, -80.7172164917, 53.6615409851, 0.967063069344, -54.5814170837, 29.308599472, 37.5290031433, 9.17759227753, 34.7851638794, 34.0209732056], [-535.262329102, 166.145706177, 352.683654785, 4.51143026352, 1.82164812088, 39.3927879333, -18.1327533722, -10.1806869507, 24.0402107239, 10.5095052719, -15.0570373535, 1.66743373871, 38.1665992737], [80.3856735229, -145.639541626, 4.51143026352, 165.350204468, 87.4430847168, -52.9855461121, -35.4333381653, 22.0389022827, -9.88606739044, -13.9524106979, -6.89978456497, -22.6458244324, -5.35013246536], [25.8719043732, -80.7172164917, 1.82164812088, 87.4430847168, 124.577728271, -27.6769485474, -41.9783782959, 19.7293395996, -6.49532651901, -7.43204879761, -14.7245178223, -16.0073471069, -0.0365795567632], [-99.2704238892, 53.6615409851, 39.3927879333, -52.9855461121, -27.6769485474, 91.3180541992, 64.7309036255, 2.99723029137, -0.209730014205, -19.5785732269, -6.64738273621, -1.01888489723, -19.8398017883], [4.89513158798, 0.967063069344, -18.1327533722, -35.4333381653, -41.9783782959, 64.7309036255, 124.356735229, 25.8863334656, -30.9636192322, -31.0931282043, -13.7496652603, 1.8543908596, -17.7246227264], [43.6913566589, -54.5814170837, -10.1806869507, 22.0389022827, 19.7293395996, 2.99723029137, 25.8863334656, 54.9489097595, -4.46272182465, -27.779088974, -7.03244876862, -5.55259084702, -6.69089317322], [-39.7053871155, 29.308599472, 24.0402107239, -9.88606739044, -6.49532651901, -0.209730014205, -30.9636192322, -4.46272182465, 56.4668083191, 24.2556705475, -1.24879038334, -4.0445728302, -0.0600020214915], [-44.2464752197, 37.5290031433, 10.5095052719, -13.9524106979, -7.43204879761, -19.5785732269, -31.0931282043, -27.779088974, 24.2556705475, 65.4633178711, 9.81200027466, -4.95445156097, 11.8857727051], [45.2606201172, 9.17759227753, -15.0570373535, -6.89978456497, -14.7245178223, -6.64738273621, -13.7496652603, -7.03244876862, -1.24879038334, 9.81200027466, 44.4823150635, 13.5883846283, -8.16102313995], [-14.1656389236, 34.7851638794, 1.66743373871, -22.6458244324, -16.0073471069, -1.01888489723, 1.8543908596, -5.55259084702, -4.0445728302, -4.95445156097, 13.5883846283, 39.5428962708, 19.4600963593], [-78.0563964844, 34.0209732056, 38.1665992737, -5.35013246536, -0.0365795567632, -19.8398017883, -17.7246227264, -6.69089317322, -0.0600020214915, 11.8857727051, -8.16102313995, 19.4600963593, 59.9964370728]],
        "icov": [[0.00228145648725, 0.000576848979108, 0.00294087361544, -0.000354986055754, 0.000158976850798, 0.00121842010412, -0.000376126350602, 4.60284318251e-05, -0.00081735936692, 0.00148873007856, -0.00190891698003, 0.000743664160836, 0.000239030763623], [0.000576848979108, 0.010359371081, -0.00395905086771, 0.00802907906473, -0.000833521888126, 0.00112280948088, -0.00132293696515, 0.00593933975324, -0.00245536165312, -5.84908957535e-05, -0.00161800323986, -0.00302081904374, -0.000478086381918], [0.00294087361544, -0.00395905086771, 0.00994984805584, -0.00606701616198, 0.00175583257806, -0.00398121867329, 0.00268997275271, -0.00332154310308, -0.00011655860726, 0.00116190186236, -0.00103208306246, 0.00257092970423, -0.00289524928667], [-0.000354986055754, 0.00802907906473, -0.00606701616198, 0.020617313683, -0.00948835350573, 0.0114075290039, -0.00579245015979, 0.00664362637326, -0.00405623344705, 0.00543014565483, -0.00489513482898, 0.00431333808228, 0.000334743526764], [0.000158976850798, -0.000833521888126, 0.00175583257806, -0.00948835350573, 0.0188247133046, -0.00869301054627, 0.0126623678952, -0.0101746954024, 0.00884843431413, -0.00574825983495, 0.00924471952021, -0.00328576099128, 0.00193025136832], [0.00121842010412, 0.00112280948088, -0.00398121867329, 0.0114075290039, -0.00869301054627, 0.0357872992754, -0.0216024871916, 0.0122642684728, -0.013261183165, 0.0134807629511, -0.00767061626539, 0.00657242722809, 0.00545400055125], [-0.000376126350602, -0.00132293696515, 0.00268997275271, -0.00579245015979, 0.0126623678952, -0.0216024871916, 0.0306840036064, -0.0178963709623, 0.0190155170858, -0.00985712278634, 0.0143542457372, -0.00825526751578, 0.00456825410947], [4.60284318251e-05, 0.00593933975324, -0.00332154310308, 0.00664362637326, -0.0101746954024, 0.0122642684728, -0.0178963709623, 0.0388532578945, -0.0156780928373, 0.0178383924067, -0.00990722794086, 0.00767277460545, -0.00489325448871], [-0.00081735936692, -0.00245536165312, -0.00011655860726, -0.00405623344705, 0.00884843431413, -0.013261183165, 0.0190155170858, -0.0156780928373, 0.035185135901, -0.0173999704421, 0.0132474191487, -0.00691008754075, 0.00705632800236], [0.00148873007856, -5.84908957535e-05, 0.00116190186236, 0.00543014565483, -0.00574825983495, 0.0134807629511, -0.00985712278634, 0.0178383924067, -0.0173999704421, 0.0354226902127, -0.0157661177218, 0.0174264591187, -0.00958508439362], [-0.00190891698003, -0.00161800323986, -0.00103208306246, -0.00489513482898, 0.00924471952021, -0.00767061626539, 0.0143542457372, -0.00990722794086, 0.0132474191487, -0.0157661177218, 0.0423458851874, -0.0234723053873, 0.0157689508051], [0.000743664160836, -0.00302081904374, 0.00257092970423, 0.00431333808228, -0.00328576099128, 0.00657242722809, -0.00825526751578, 0.00767277460545, -0.00691008754075, 0.0174264591187, -0.0234723053873, 0.0508123524487, -0.0211154036224], [0.000239030763623, -0.000478086381918, -0.00289524928667, 0.000334743526764, 0.00193025136832, 0.00545400055125, 0.00456825410947, -0.00489325448871, 0.00705632800236, -0.00958508439362, 0.0157689508051, -0.0211154036224, 0.0326297841966]]
    }
}

}