{
"metadata": {
    "version": {
        "essentia": "2.0.1",
        "extractor": "archive-music 1.0 mod ismir14"
    },
    "audio_properties": {
        "analysis_sample_rate": 44100,
        "bitrate": 32,
        "channels": 2,
        "equal_loudness": 0,
        "length": 30.0408172607,
        "replay_gain": -13.7347183228,
        "downmix": "mix"
    },
    "tags": {
        "track": 0,
        "year": 0,
        "album": "",
        "artist": "",
        "comment": "",
        "genre": "",
        "title": ""
    }
},
"rhythm": {
    "bpm": 90.2956161499,
    "bpm_histogram_first_peak": 91,
    "bpm_histogram_first_peak_spread": 0.341463446617,
    "bpm_histogram_first_peak_weight": 0.62790697813,
    "bpm_histogram_second_peak": 85,
    "bpm_histogram_second_peak_spread": 0,
    "bpm_histogram_second_peak_weight": 0.0465116277337
},
"tonal": {
    "tuning_frequency": {
        "dmean": 0.0918422713876,
        "dmean2": 0.170256435871,
        "dvar": 0.194790050387,
        "dvar2": 0.345815896988,
        "max": 454.465301514,
        "mean": 451.622253418,
        "median": 451.586883545,
        "min": 450.024475098,
        "var": 1.55006825924
    },
    "hpcp": {
        "dmean": [0.283069312572, 0.0928727686405, 0.147734507918, 0.172160550952, 0.428840786219, 0.299527615309, 0.138847112656, 0.316857218742, 0.127353951335, 0.100712105632, 0.114797323942, 0.1636095047],
        "dmean2": [0.490175485611, 0.155983552337, 0.239606916904, 0.319253653288, 0.765744805336, 0.532803058624, 0.235422223806, 0.514369308949, 0.220700278878, 0.180886656046, 0.202403739095, 0.29141125083],
        "dvar": [0.0928098484874, 0.0171978957951, 0.02452907525, 0.0597947686911, 0.0900195837021, 0.0865946486592, 0.0209061652422, 0.0841802880168, 0.0247704572976, 0.0179711226374, 0.0256538912654, 0.0349910184741],
        "dvar2": [0.156555846334, 0.0401761904359, 0.0596007071435, 0.169297561049, 0.242837607861, 0.227159127593, 0.0523190535605, 0.191791281104, 0.0748889148235, 0.0513598322868, 0.0707798674703, 0.0993768647313],
        "max": [1, 0.953969955444, 1, 1, 1, 1, 0.872760653496, 1, 1, 1, 1, 1],
        "mean": [0.538095831871, 0.0982671901584, 0.181184634566, 0.154225125909, 0.465579271317, 0.345949500799, 0.148610919714, 0.433028370142, 0.115636944771, 0.101290032268, 0.113607630134, 0.159432530403],
        "median": [0.466460227966, 0.0527176372707, 0.113876588643, 0.0691712349653, 0.3196644485, 0.190810486674, 0.0856063440442, 0.316678345203, 0.0678163170815, 0.0672174543142, 0.0667472109199, 0.097040399909],
        "min": [0.00870088115335, 0.00267022987828, 0.00844062585384, 0.00542303360999, 0.0118447877467, 0.00572269875556, 0.00560074113309, 0.00593693973497, 0.00127646629699, 0.00416845502332, 0.00334959360771, 0.00498654926196],
        "var": [0.157198190689, 0.0188689325005, 0.0378610156476, 0.0505772568285, 0.129062518477, 0.126921668649, 0.0275175850838, 0.145024359226, 0.0209965202957, 0.0146072404459, 0.0204504206777, 0.0325619615614]
    }
},
"lowlevel": {
    "melbands": {
        "dmean": [6.84905171511e-05, 0.000174615721335, 4.99823399878e-05, 3.12381962431e-05, 2.82566652459e-05, 2.0913365006e-05, 2.75526872429e-05, 4.26179794886e-05, 7.31176696718e-05, 5.47951058252e-05, 2.242877963e-05, 2.57482024608e-05, 3.09639217448e-05, 1.03098018371e-05, 1.76638986886e-05, 2.16853241e-05, 5.5475334193e-06, 3.63635399481e-06, 1.53613052589e-06, 1.79029086667e-06, 3.31616979565e-06, 2.439699756e-06, 4.50389779871e-06, 3.54454232365e-06, 1.88694150438e-06, 2.27215241466e-06, 1.99836767933e-06, 1.21403331832e-06, 5.14715850386e-07, 4.60521306422e-07, 2.10566483361e-07, 8.32641902093e-08, 4.58440503337e-08, 4.03598328091e-08, 3.794145087e-08, 3.437051177e-08, 3.19946273919e-08, 4.53772344144e-08, 4.35195737225e-08, 3.28695470841e-08],
        "dmean2": [0.0001075457767, 0.000280025386019, 8.91341551323e-05, 5.48126954527e-05, 5.11471262143e-05, 3.80963319913e-05, 4.70747872896e-05, 8.05416930234e-05, 0.000135208159918, 0.000101943274785, 4.3611653382e-05, 4.85791097162e-05, 5.64021611353e-05, 1.93952491827e-05, 3.20085891872e-05, 3.94250710087e-05, 1.0446552551e-05, 6.73880140312e-06, 2.77103208646e-06, 3.14903923027e-06, 6.0178149397e-06, 4.49535582447e-06, 8.51741242514e-06, 6.54771611153e-06, 3.45999887941e-06, 4.21716276833e-06, 3.69237523046e-06, 2.21417053581e-06, 9.54444317358e-07, 8.72922782946e-07, 3.89157065683e-07, 1.5085251448e-07, 8.61728182144e-08, 7.43138102166e-08, 6.87581831471e-08, 6.16607067627e-08, 5.88175304017e-08, 8.22111658749e-08, 8.02020565516e-08, 6.01118230747e-08],
        "dvar": [2.19282636493e-09, 1.67172640175e-08, 2.70374944655e-09, 6.11023398545e-10, 1.37593847427e-09, 4.35068508997e-10, 1.91301530172e-09, 3.52385121083e-09, 7.48802442274e-09, 1.56155799402e-08, 9.89507853433e-09, 1.99215777208e-09, 3.38034200631e-09, 2.29449070854e-10, 5.92766113972e-10, 1.28870936145e-09, 3.89937249157e-10, 5.95992213914e-11, 2.95258977857e-12, 1.86184206073e-12, 9.76442798145e-12, 5.75533978114e-12, 2.34014023437e-11, 9.50862912713e-12, 2.76170492725e-12, 4.85302553352e-12, 4.07477784153e-12, 1.47517393266e-12, 2.67180537677e-13, 2.44960193622e-13, 3.66807414521e-14, 6.57213922566e-15, 1.89292403129e-15, 1.22242047942e-15, 1.00851268475e-15, 1.08562423492e-15, 1.05455781928e-15, 2.52362772843e-15, 2.09990944921e-15, 1.45099295551e-15],
        "dvar2": [5.57474200136e-09, 4.84304578663e-08, 7.43296491024e-09, 1.65650304584e-09, 3.56743923291e-09, 9.6618268941e-10, 4.85176254728e-09, 1.03467501233e-08, 2.17741220609e-08, 4.42820820012e-08, 2.97701348018e-08, 5.90606674677e-09, 9.46875644559e-09, 6.67417510147e-10, 1.55156887338e-09, 3.58337248763e-09, 1.1677027123e-09, 1.73598954656e-10, 8.62290100434e-12, 5.37012751975e-12, 2.53872860234e-11, 1.66002610963e-11, 6.54002615952e-11, 2.53940531797e-11, 7.98053463591e-12, 1.32321592919e-11, 1.13106581393e-11, 4.18458150075e-12, 7.52530958555e-13, 6.84444634216e-13, 1.11013222269e-13, 2.12167336786e-14, 5.64221944583e-15, 3.4999272208e-15, 2.94482502585e-15, 3.21784576761e-15, 3.35160455196e-15, 7.92738474148e-15, 6.4945743011e-15, 4.41778165157e-15],
        "max": [0.000272802746622, 0.000830681645311, 0.000427632010542, 0.000188395177247, 0.000314609002089, 0.000164294266142, 0.000433941691881, 0.000300315528875, 0.00050120963715, 0.000965469283983, 0.000904826330952, 0.000271228054771, 0.000337405188475, 8.14933300717e-05, 0.000130909334985, 0.000170786675881, 0.000178888090886, 5.10801728524e-05, 1.39915882755e-05, 6.63205673845e-06, 1.68458118424e-05, 1.12013303806e-05, 2.3777000024e-05, 1.65081946761e-05, 9.04449461814e-06, 1.29863256007e-05, 1.15456205094e-05, 7.75635362515e-06, 2.96350026474e-06, 3.25448741023e-06, 1.16676551443e-06, 6.85454665472e-07, 2.63909441856e-07, 2.54470563732e-07, 1.94573331669e-07, 1.95561753458e-07, 1.68378903709e-07, 2.90373037615e-07, 2.95796013461e-07, 2.9309387628e-07],
        "mean": [0.000101580058981, 0.000269324926194, 8.67310518515e-05, 4.11412438552e-05, 2.76598511846e-05, 2.24372670345e-05, 2.90611387754e-05, 3.63453364116e-05, 6.08728951192e-05, 3.84009217669e-05, 1.54753852257e-05, 1.88956946658e-05, 2.15139916691e-05, 8.6174786702e-06, 1.47926793943e-05, 1.59154151333e-05, 4.03421881856e-06, 2.90554635285e-06, 1.6095096953e-06, 1.95043821805e-06, 2.91548417408e-06, 2.17676824832e-06, 3.79267657991e-06, 2.94966207548e-06, 1.80456515864e-06, 2.02137357519e-06, 1.63616323334e-06, 9.89704744825e-07, 4.76607141309e-07, 3.78201235662e-07, 2.01388488108e-07, 1.02538812996e-07, 6.30971399573e-08, 5.53716503759e-08, 5.30297334933e-08, 5.41737215087e-08, 4.37108091944e-08, 6.04621206435e-08, 5.50849073022e-08, 4.59042794887e-08],
        "median": [9.28055524128e-05, 0.000233124097576, 7.60627517593e-05, 3.21752049786e-05, 1.67533817148e-05, 1.54884619405e-05, 1.65316760103e-05, 1.92977549887e-05, 3.00164247165e-05, 9.53155085881e-06, 5.57209295948e-06, 6.9390025601e-06, 4.13881025452e-06, 3.84100712836e-06, 6.08596201346e-06, 4.67641211799e-06, 1.51573146923e-06, 1.19195976822e-06, 1.06230356778e-06, 1.5530406472e-06, 1.704597139e-06, 1.28619467432e-06, 2.19826551984e-06, 1.63608024195e-06, 1.34600122692e-06, 1.25626513636e-06, 8.77018408119e-07, 5.24149129433e-07, 3.24778312688e-07, 2.19527763079e-07, 1.40056172881e-07, 8.10323470546e-08, 5.36546771457e-08, 4.44321699433e-08, 4.41579395272e-08, 4.76620698464e-08, 3.61157610484e-08, 4.59991724711e-08, 4.40661409584e-08, 3.70457762244e-08],
        "min": [4.52196127299e-06, 1.23530553537e-05, 5.57929570277e-06, 5.26174380866e-06, 1.93603818843e-06, 1.58033674325e-06, 1.61668458531e-06, 1.73081991761e-06, 1.42647400025e-06, 6.25028121704e-07, 5.25355176251e-07, 4.03859445441e-07, 3.29263201593e-07, 5.68678785839e-07, 2.84402290163e-07, 2.39411662051e-07, 1.00382997914e-07, 2.07823347864e-07, 1.5513647611e-07, 2.20883578095e-07, 2.14880046201e-07, 1.50206773242e-07, 1.78298336095e-07, 1.88092684539e-07, 2.03459478598e-07, 2.519843747e-07, 8.3813887386e-08, 4.57368756202e-08, 4.75336889849e-08, 3.25202407225e-08, 1.87250837058e-08, 1.36854358956e-08, 1.12371152383e-08, 1.1384946319e-08, 1.08708233526e-08, 7.16430736958e-09, 7.47885486874e-09, 9.48011891211e-09, 5.3831632485e-09, 5.39459099613e-09],
        "var": [3.95622468119e-09, 3.15977430887e-08, 3.36309935456e-09, 8.53588588701e-10, 1.19141740917e-09, 5.5537513477e-10, 1.78318992905e-09, 2.56743915017e-09, 6.66258692661e-09, 9.65507407358e-09, 5.11357844957e-09, 1.31930744107e-09, 2.31222752056e-09, 1.69528877048e-10, 4.72934302831e-10, 9.22064480324e-10, 2.05965355882e-10, 3.74061233377e-11, 2.60301025526e-12, 2.32063370256e-12, 9.13857097634e-12, 5.19554841857e-12, 1.83135607373e-11, 9.18500952379e-12, 2.56514384386e-12, 4.0901800176e-12, 3.33728964602e-12, 1.25338509103e-12, 2.24177691384e-13, 1.86185566747e-13, 3.32182198415e-14, 6.63061329814e-15, 1.92805472278e-15, 1.325550023e-15, 1.03893164959e-15, 9.37315542124e-16, 9.27102971758e-16, 2.23602658504e-15, 1.81857465556e-15, 1.22883495405e-15]
    },
    "mfcc": {
        "dmean": [43.3027992249, 11.5011034012, 19.957113266, 12.7839355469, 11.359003067, 11.5531482697, 9.9602689743, 8.09978580475, 5.23614358902, 6.40892648697, 6.91460132599, 6.12668991089, 5.94949293137],
        "dmean2": [79.7539749146, 19.0583381653, 33.8438568115, 20.5501098633, 19.9592647552, 19.5772209167, 15.9203557968, 13.5444669724, 8.54658412933, 10.8390779495, 11.1986141205, 10.3816776276, 10.0700521469],
        "dvar": [820.176147461, 71.4086685181, 174.056945801, 110.231193542, 70.1314544678, 85.8457107544, 69.4731750488, 49.1389312744, 15.0235080719, 26.2415885925, 26.7575893402, 19.484539032, 16.0371932983],
        "dvar2": [2722.05615234, 201.811523438, 603.226196289, 299.245452881, 217.677627563, 250.783966064, 191.699569702, 140.143264771, 41.9296264648, 69.1850509644, 75.1794052124, 57.6805915833, 46.4994773865],
        "max": [-668.817016602, 153.845672607, 31.2264633179, 60.1312179565, 32.6422080994, 21.0645713806, 42.5846710205, 37.5865783691, 13.2690849304, 23.9337387085, 20.8634738922, 25.133890152, 14.9720516205],
        "mean": [-736.546447754, 127.471122742, -6.59210157394, 24.9916191101, 5.71476984024, -6.56232023239, 14.6690139771, 5.93373250961, 0.938644766808, 3.48179578781, 5.66860532761, 8.21267795563, 0.935172438622],
        "median": [-735.757324219, 128.898193359, -7.92226219177, 23.5659999847, 4.36736679077, -6.67665100098, 14.8817405701, 6.0609588623, 1.36330604553, 2.94858169556, 5.30972671509, 8.43172264099, 1.21436691284],
        "min": [-824.222961426, 96.4608840942, -40.8473625183, -10.8292713165, -22.639787674, -31.9647693634, -8.47038269043, -15.8714160919, -14.8379878998, -16.1352100372, -9.18560600281, -7.14435958862, -15.283000946],
        "var": [989.205322266, 136.757904053, 281.318237305, 212.309173584, 113.007102966, 102.335784912, 95.3270797729, 70.1630783081, 30.3833694458, 54.2507781982, 44.2777557373, 37.1974105835, 30.3921356201],
        "cov": [[995.311523438, -13.816286087, -377.809295654, -0.98999774456, -177.129821777, -107.42162323, -35.3685646057, -34.212348938, -29.5853805542, -26.6299152374, -32.7117385864, -7.23519086838, -44.0331497192], [-13.816286087, 137.602096558, 12.0142841339, -108.712417603, -39.1449317932, 10.7537965775, 21.0973758698, 12.7864761353, -18.4636859894, 0.571630895138, 42.4766540527, 4.75896883011, -3.40975952148], [-377.809295654, 12.0142841339, 283.054748535, -33.3012466431, 109.089866638, 23.5640621185, -7.71996164322, 0.989429593086, 13.363902092, 23.3645458221, 2.26300263405, -13.4047956467, 17.6470012665], [-0.98999774456, -108.712417603, -33.3012466431, 213.619720459, 38.8729629517, -13.426486969, -52.9273834229, -24.0296211243, 36.5894050598, 17.4483146667, -39.9726753235, -4.74210119247, 18.9933490753], [-177.129821777, -39.1449317932, 109.089866638, 38.8729629517, 113.704681396, 5.6996512413, -4.4458489418, -21.2334537506, 19.3125286102, 28.1791362762, -8.69908809662, -1.0797700882, 4.43737888336], [-107.42162323, 10.7537965775, 23.5640621185, -13.426486969, 5.6996512413, 102.967483521, 54.5490951538, 24.5381755829, -9.91338157654, -3.65944123268, 31.1418094635, -1.63785505295, -15.2335882187], [-35.3685646057, 21.0973758698, -7.71996164322, -52.9273834229, -4.4458489418, 54.5490951538, 95.915512085, 42.4745979309, -7.70849227905, -13.7214984894, 25.5648937225, 14.8392982483, -13.7338867188], [-34.212348938, 12.7864761353, 0.989429593086, -24.0296211243, -21.2334537506, 24.5381755829, 42.4745979309, 70.5961837769, 2.67814588547, -18.4394187927, 10.8381652832, 11.8686857224, 5.9403719902], [-29.5853805542, -18.4636859894, 13.363902092, 36.5894050598, 19.3125286102, -9.91338157654, -7.70849227905, 2.67814588547, 30.5709209442, 21.5905990601, -5.58619880676, 1.83310770988, 5.90855503082], [-26.6299152374, 0.571630895138, 23.3645458221, 17.4483146667, 28.1791362762, -3.65944123268, -13.7214984894, -18.4394187927, 21.5905990601, 54.5856590271, 11.8341026306, -2.64344239235, -2.44007301331], [-32.7117385864, 42.4766540527, 2.26300263405, -39.9726753235, -8.69908809662, 31.1418094635, 25.5648937225, 10.8381652832, -5.58619880676, 11.8341026306, 44.5510749817, 11.9236364365, -8.64624118805], [-7.23519086838, 4.75896883011, -13.4047956467, -4.74210119247, -1.0797700882, -1.63785505295, 14.8392982483, 11.8686857224, 1.83310770988, -2.64344239235, 11.9236364365, 37.4270248413, 10.0410614014], [-44.0331497192, -3.40975952148, 17.6470012665, 18.9933490753, 4.43737888336, -15.2335882187, -13.7338867188, 5.9403719902, 5.90855503082, -2.44007301331, -8.64624118805, 10.0410614014, 30.5797405243]],
        "icov": [[0.00284827291034, 0.000384083745303, 0.00278665521182, 0.000393859081669, 0.00181281089317, 0.00216699345037, 5.64003530599e-05, 7.02386823832e-05, 0.00183430558536, -0.00171839701943, 0.00206511979923, -8.61884254846e-05, 0.00324023026042], [0.000384083745303, 0.0172516480088, -0.000732803426217, 0.00625525647774, 0.00462418003008, 0.00220570154488, 9.50517132878e-05, 0.00156968017109, 8.20479690447e-05, -0.000496948254295, -0.0137220192701, 0.0040722428821, -0.00609254837036], [0.00278665521182, -0.000732803426217, 0.012028535828, 0.00494298012927, -0.00863432232291, -0.00175030494574, 0.00464679766446, -0.00268806982785, -0.00132309016772, -0.000646005908493, 0.0021281754598, 0.004610942211, -0.00379874184728], [0.000393859081669, 0.00625525647774, 0.00494298012927, 0.0137745197862, -0.0036952549126, -0.0061837695539, 0.00693314289674, 0.00134158460423, -0.0115562826395, 0.00110114610288, 0.00229165935889, 0.00109716912266, -0.00722603313625], [0.00181281089317, 0.00462418003008, -0.00863432232291, -0.0036952549126, 0.0257321130484, 0.00273719686083, -0.00751079479232, 0.00812931824476, 0.00010984846449, -0.00750967580825, 0.00415430963039, -0.00588938919827, 0.00556899979711], [0.00216699345037, 0.00220570154488, -0.00175030494574, -0.0061837695539, 0.00273719686083, 0.0243338271976, -0.0114460587502, -0.0021023361478, 0.0105910794809, 6.84703481966e-05, -0.0148111684248, 0.0075358483009, 0.00650673080236], [5.64003530599e-05, 9.50517132878e-05, 0.00464679766446, 0.00693314289674, -0.00751079479232, -0.0114460587502, 0.0276793669909, -0.0109811713919, -0.0045952857472, 0.00373239140026, 0.00100923201535, -0.00736445002258, 0.00694560911506], [7.02386823832e-05, 0.00156968017109, -0.00268806982785, 0.00134158460423, 0.00812931824476, -0.0021023361478, -0.0109811713919, 0.0292248874903, -0.0174592658877, 0.0110092423856, -0.00459786783904, -0.000293350691209, -0.00879359804094], [0.00183430558536, 8.20479690447e-05, -0.00132309016772, -0.0115562826395, 0.00010984846449, 0.0105910794809, -0.0045952857472, -0.0174592658877, 0.0792549997568, -0.0352348908782, 0.0119003131986, -0.00502177141607, 0.00406824471429], [-0.00171839701943, -0.000496948254295, -0.000646005908493, 0.00110114610288, -0.00750967580825, 6.84703481966e-05, 0.00373239140026, 0.0110092423856, -0.0352348908782, 0.0456104129553, -0.0249525401741, 0.00770441628993, -0.00131701177452], [0.00206511979923, -0.0137220192701, 0.0021281754598, 0.00229165935889, 0.00415430963039, -0.0148111684248, 0.00100923201535, -0.00459786783904, 0.0119003131986, -0.0249525401741, 0.0683195143938, -0.0244672205299, 0.0152178918943], [-8.61884254846e-05, 0.0040722428821, 0.004610942211, 0.00109716912266, -0.00588938919827, 0.0075358483009, -0.00736445002258, -0.000293350691209, -0.00502177141607, 0.00770441628993, -0.0244672205299, 0.0456263162196, -0.0219688527286], [0.00324023026042, -0.00609254837036, -0.00379874184728, -0.00722603313625, 0.00556899979711, 0.00650673080236, 0.00694560911506, -0.00879359804094, 0.00406824471429, -0.00131701177452, 0.0152178918943, -0.0219688527286, 0.0612542815506]]
    }
}

}