{
"metadata": {
    "version": {
        "essentia": "2.0.1",
        "extractor": "archive-music 1.0 mod ismir14"
    },
    "audio_properties": {
        "analysis_sample_rate": 44100,
        "bitrate": 32,
        "channels": 2,
        "equal_loudness": 0,
        "length": 30.0408172607,
        "replay_gain": -9.58625411987,
        "downmix": "mix"
    },
    "tags": {
        "track": 0,
        "year": 0,
        "album": "",
        "artist": "",
        "comment": "",
        "genre": "",
        "title": ""
    }
},
"rhythm": {
    "bpm": 172.265594482,
    "bpm_histogram_first_peak": 172,
    "bpm_histogram_first_peak_spread": 0,
    "bpm_histogram_first_peak_weight": 0.529411792755,
    "bpm_histogram_second_peak": 178,
    "bpm_histogram_second_peak_spread": 0,
    "bpm_histogram_second_peak_weight": 0.258823543787
},
"tonal": {
    "tuning_frequency": {
        "dmean": 0.0607152171433,
        "dmean2": 0.117256931961,
        "dvar": 1.10534512997,
        "dvar2": 2.25253868103,
        "max": 455.779724121,
        "mean": 445.563720703,
        "median": 454.990661621,
        "min": 431.443084717,
        "var": 125.489425659
    },
    "hpcp": {
        "dmean": [0.120334863663, 0.121568493545, 0.164782986045, 0.131076619029, 0.0830479487777, 0.074392452836, 0.0950808376074, 0.0941155552864, 0.106629796326, 0.0952643826604, 0.112222671509, 0.0846107900143],
        "dmean2": [0.225536927581, 0.225889086723, 0.305587232113, 0.240969792008, 0.156576275826, 0.139531135559, 0.177973389626, 0.177412599325, 0.202763527632, 0.173706099391, 0.202261447906, 0.156728878617],
        "dvar": [0.0714367106557, 0.0691101998091, 0.088092468679, 0.0728657245636, 0.0488898120821, 0.0430449098349, 0.0624196454883, 0.0596396625042, 0.0680438876152, 0.0511737987399, 0.0564014799893, 0.0446191467345],
        "dvar2": [0.197127223015, 0.185338586569, 0.238681763411, 0.197174802423, 0.139035105705, 0.117517068982, 0.171416014433, 0.160102292895, 0.195854395628, 0.143234074116, 0.147921934724, 0.124032579362],
        "max": [1, 1, 1, 1, 1, 1, 1, 1, 1, 1, 1, 1],
        "mean": [0.116994708776, 0.137651145458, 0.150521755219, 0.296511888504, 0.0596990585327, 0.0867721661925, 0.127385124564, 0.120364591479, 0.0810137167573, 0.0920063406229, 0.241741374135, 0.0704125016928],
        "median": [0.00811712816358, 0.00741791864857, 0.0188577566296, 0.0191736221313, 0.000835079583339, 0.00567517755553, 0.000399447599193, 0.00237294775434, 0.00138858705759, 0.00206780713052, 0.0268484521657, 0.00255854497664],
        "min": [0, 0, 0, 0, 0, 0, 0, 0, 0, 0, 0, 0],
        "var": [0.0706324130297, 0.0847785770893, 0.082213357091, 0.175283163786, 0.037584733218, 0.0552337914705, 0.0951364859939, 0.0862599685788, 0.0565879046917, 0.0549380928278, 0.140031769872, 0.0386053733528]
    }
},
"lowlevel": {
    "melbands": {
        "dmean": [8.71144493431e-06, 0.000147662722156, 0.000382993021049, 0.00135136058088, 0.0015385306906, 0.000823279900942, 0.000273514626315, 0.000213840408833, 0.000115392853331, 7.82056158641e-05, 5.02643124491e-05, 3.80967358069e-05, 5.2744835557e-05, 2.6805075322e-05, 2.54714886978e-05, 1.99451224034e-05, 3.63493199984e-05, 2.13494895434e-05, 2.33721748373e-05, 7.02387887941e-06, 1.01345558505e-05, 9.14355678105e-06, 5.61530669074e-06, 6.71445923217e-06, 1.43510878843e-05, 1.36963608384e-05, 5.08128414367e-06, 2.84976135845e-06, 7.94246147962e-07, 5.36749325875e-07, 2.24499316914e-07, 3.71213886297e-08, 5.9832760968e-09, 1.57388413413e-09, 7.42083117178e-10, 4.1051848032e-10, 2.58650462159e-10, 1.71442748886e-10, 1.20034940321e-10, 1.02458277973e-10],
        "dmean2": [1.37792067108e-05, 0.000237063344684, 0.000665259780362, 0.00210531125776, 0.00238657952286, 0.00127221387811, 0.000393895199522, 0.000320785096847, 0.000154972614837, 9.52109548962e-05, 5.89975861658e-05, 4.73902618978e-05, 6.00263774686e-05, 3.15425968438e-05, 3.23537351505e-05, 2.78735697066e-05, 4.77257453895e-05, 3.01634172502e-05, 3.40097503795e-05, 1.01291407191e-05, 1.57297272381e-05, 1.3175526874e-05, 7.62372746976e-06, 9.29061570787e-06, 1.93063278857e-05, 1.77651945705e-05, 7.26539519746e-06, 4.28182693213e-06, 1.14608553758e-06, 7.93110245922e-07, 3.37880265988e-07, 5.53855805663e-08, 8.6979117242e-09, 2.33052710463e-09, 1.17272225264e-09, 6.81799783298e-10, 4.48452081026e-10, 3.18206294647e-10, 2.27558832888e-10, 1.97321728401e-10],
        "dvar": [2.41238057308e-10, 5.426676708e-08, 7.20289392575e-07, 8.0320833149e-06, 9.33834598982e-06, 2.33194327848e-06, 3.11366363803e-07, 2.89916243901e-07, 1.94690812805e-07, 1.45119642525e-07, 4.42271321788e-08, 3.02159257615e-08, 5.3165507552e-08, 1.14323004397e-08, 2.21590603644e-08, 3.26630655856e-09, 1.34066420188e-08, 2.89109025609e-09, 3.31133143128e-09, 2.71332567525e-10, 9.34201160874e-10, 6.94308333049e-10, 3.38021527435e-10, 3.32396443703e-10, 2.23100315999e-09, 2.14762208017e-09, 3.05001968126e-10, 1.29084215539e-10, 9.56172207384e-12, 1.39469902641e-11, 2.42464685482e-12, 5.01196035629e-14, 2.66716339058e-15, 7.00380177396e-17, 1.78510770883e-17, 1.21069380458e-17, 9.41212919386e-18, 7.86461240693e-18, 5.0476695104e-18, 4.26157413169e-18],
        "dvar2": [6.17834616801e-10, 1.36372818815e-07, 2.28844487538e-06, 2.09725749301e-05, 2.45140108746e-05, 5.92363130636e-06, 5.43936266695e-07, 5.48041782622e-07, 3.36375137522e-07, 2.68956341642e-07, 6.83341667695e-08, 5.09306161689e-08, 6.56315393144e-08, 1.74717733614e-08, 4.2282525925e-08, 6.09050809786e-09, 2.32594512539e-08, 5.98619376291e-09, 6.9105947631e-09, 5.89930382322e-10, 2.29786745187e-09, 1.59533697364e-09, 5.64305491224e-10, 6.39115316226e-10, 4.0442671434e-09, 4.3758601187e-09, 7.2407008167e-10, 3.17928128268e-10, 1.91696068741e-11, 2.94460116013e-11, 6.07052255686e-12, 1.13148734631e-13, 6.21527408058e-15, 1.44316983862e-16, 4.88083776876e-17, 3.54207638759e-17, 2.80243563751e-17, 2.35328715281e-17, 1.51109370845e-17, 1.2752306014e-17],
        "max": [0.000294417870464, 0.00799579266459, 0.0166634991765, 0.10600797832, 0.0811289101839, 0.0186735484749, 0.0101242978126, 0.0122384587303, 0.0130203496665, 0.0107336007059, 0.00812783371657, 0.00494015403092, 0.00711989961565, 0.00363992806524, 0.0054567726329, 0.00186270906124, 0.00535227358341, 0.000977463554591, 0.00203420664184, 0.000413904694142, 0.000516130006872, 0.000559772481211, 0.000423875666456, 0.000473491847515, 0.00186280207708, 0.00147063634358, 0.000477783964016, 0.000222591435886, 0.000102551268355, 0.000158935261425, 6.61822778056e-05, 8.31634315546e-06, 2.63508673015e-06, 2.76917091924e-07, 1.18885679967e-07, 1.11626150101e-07, 9.85636035011e-08, 9.24069354369e-08, 7.68015482322e-08, 7.04298130927e-08],
        "mean": [1.19627693493e-05, 0.000255553255556, 0.000601800100412, 0.00323166628368, 0.00360483117402, 0.00176635361277, 0.00070255540777, 0.000558000523597, 0.000295289966743, 0.000177412177436, 0.000161707866937, 9.32601396926e-05, 0.000151158004883, 6.4598643803e-05, 4.94108171551e-05, 4.2548563215e-05, 8.11205100035e-05, 4.18556519435e-05, 5.4003441619e-05, 1.58513812494e-05, 1.83624506462e-05, 1.61560983543e-05, 1.05159797386e-05, 1.41546661325e-05, 3.0409773899e-05, 3.26134722854e-05, 9.26959091885e-06, 4.51329515272e-06, 1.56798137141e-06, 9.44113082824e-07, 3.70805167904e-07, 6.38877892811e-08, 1.02317168071e-08, 3.01757241417e-09, 1.31482302823e-09, 6.66624810908e-10, 3.70137781536e-10, 1.99022354153e-10, 1.24328533579e-10, 9.00481564314e-11],
        "median": [5.74572322876e-06, 0.00011820216605, 0.000236870997469, 0.00107276334893, 0.00151597848162, 0.000847476883791, 0.000286981841782, 0.000145474870806, 6.11342911725e-05, 1.34932124638e-05, 1.08008825919e-05, 6.07641277384e-06, 8.5176579887e-06, 7.72620751377e-06, 6.18585545453e-06, 7.46989144318e-06, 1.46748598127e-05, 1.07132509584e-05, 1.37500110213e-05, 4.02817067879e-06, 4.44718671133e-06, 3.60591843673e-06, 1.64026005223e-06, 2.41547422775e-06, 4.8517954383e-06, 4.08956884712e-06, 1.43960437526e-06, 4.45799145155e-07, 1.1117131038e-07, 4.3138637551e-08, 1.38376909931e-08, 3.68801456041e-09, 1.4592305142e-09, 8.3855966615e-10, 5.11994058261e-10, 2.73763567371e-10, 1.6411787207e-10, 1.00746015697e-10, 6.21468154716e-11, 3.89570771475e-11],
        "min": [1.16801473007e-11, 1.91884494405e-11, 9.84673020205e-12, 3.15200816836e-12, 7.15909189569e-12, 1.32966565276e-12, 6.519231769e-14, 1.01990830603e-13, 6.55948209703e-14, 5.30730299118e-13, 3.10627131656e-12, 4.23004643466e-12, 2.57838650604e-12, 2.95132494832e-12, 5.06500180339e-12, 6.04039691529e-12, 9.08548149908e-12, 5.75448239407e-12, 1.94043934566e-12, 2.90736467019e-12, 2.27328225688e-12, 1.64172278203e-12, 2.65987275608e-12, 6.4402801668e-12, 1.58120673673e-12, 1.11000638748e-13, 4.89055173583e-14, 2.63195850747e-13, 1.97278703248e-13, 1.28526570354e-13, 1.17132201833e-13, 3.11912388279e-13, 6.3475924007e-14, 1.07548206994e-13, 1.44379693205e-13, 1.54330053511e-13, 1.69505970132e-13, 2.04215463984e-12, 5.36148003164e-13, 8.68830086543e-14],
        "var": [4.94663254802e-10, 3.54130406777e-07, 1.36469930112e-06, 4.62087882624e-05, 2.90001898975e-05, 5.34654463991e-06, 1.19170408652e-06, 1.31981039431e-06, 8.81531263985e-07, 3.70414426243e-07, 3.1170881698e-07, 1.48093477037e-07, 3.6187105934e-07, 5.61317676784e-08, 5.27240970882e-08, 1.34127926543e-08, 1.01481369086e-07, 8.38396729819e-09, 1.40194202913e-08, 9.37223743058e-10, 1.62358204658e-09, 1.46492606934e-09, 9.23865428604e-10, 1.30075838989e-09, 8.51481196662e-09, 1.06409379086e-08, 6.00081206947e-10, 2.21435814129e-10, 3.69504878084e-11, 3.59396297445e-11, 6.6764050885e-12, 1.21721250158e-13, 7.45160040578e-15, 2.1388144401e-16, 2.08295857293e-17, 8.34438543402e-18, 5.26631609376e-18, 3.98328741257e-18, 2.54403471255e-18, 2.14763818249e-18]
    },
    "mfcc": {
        "dmean": [17.0099182129, 8.11967182159, 11.5870800018, 8.27471637726, 7.69494724274, 6.79657411575, 6.53358793259, 6.66801023483, 6.18613433838, 5.98690843582, 5.96023750305, 5.71733379364, 5.43779373169],
        "dmean2": [20.1469211578, 11.9491319656, 15.545135498, 11.4893417358, 11.1399784088, 10.2209339142, 10.1606941223, 9.94184303284, 9.5935382843, 9.27785682678, 9.16044807434, 8.90817928314, 8.57636928558],
        "dvar": [635.701904297, 63.1540870667, 205.506958008, 54.5027694702, 42.7858581543, 35.8709373474, 29.334444046, 34.3780632019, 25.9219532013, 24.8499355316, 24.8968791962, 22.0488948822, 20.5187034607],
        "dvar2": [862.435546875, 104.377380371, 300.614593506, 96.344619751, 87.14402771, 74.6104354858, 71.8241271973, 71.9956588745, 60.4388885498, 59.2307815552, 56.0018615723, 52.0744590759, 49.5152931213],
        "max": [-607.553527832, 288.492553711, 111.418212891, 148.895233154, 65.2289428711, 44.7026367188, 48.0479660034, 25.0831394196, 20.2675895691, 33.8335266113, 19.518825531, 20.5611057281, 27.8512496948],
        "mean": [-752.341369629, 219.839630127, -49.6266746521, 40.8647270203, 6.03181409836, -25.8597431183, -5.63499355316, -33.0433082581, -24.5304641724, -7.08743429184, -11.275601387, -14.3733129501, -7.43786382675],
        "median": [-740.663146973, 221.941223145, -58.624370575, 40.2324867249, 9.27478027344, -25.954372406, -5.15389633179, -35.0216522217, -24.6642990112, -6.29539489746, -9.87030982971, -14.125617981, -7.22468948364],
        "min": [-1138.42004395, 1.14440917969e-05, -136.818847656, -28.7612075806, -72.6153717041, -82.784576416, -44.2901687622, -76.5785369873, -63.1458511353, -67.0195922852, -68.6582565308, -57.5483055115, -42.2449836731],
        "var": [5120.04003906, 727.553283691, 2104.43920898, 716.131896973, 536.922790527, 354.349761963, 146.989990234, 272.748046875, 139.586456299, 203.795196533, 152.768814087, 111.288360596, 113.908370972],
        "cov": [[5122.01855469, -26.1860809326, -2976.11328125, 947.068115234, -889.811462402, -641.70513916, 223.993331909, -291.146911621, 1.41484892368, -183.92300415, -61.5702400208, -4.96251392365, -136.01965332], [-26.1860809326, 727.834350586, 332.681304932, -418.38861084, 79.8663330078, -109.071243286, -47.6693534851, 140.062469482, -41.2873725891, -29.4174613953, -29.2536468506, -25.2593269348, -22.8192234039], [-2976.11328125, 332.681304932, 2105.25219727, -610.34375, 457.557342529, 382.579376221, -171.80871582, 205.922332764, 0.356300830841, 59.3964576721, 23.9132347107, -7.12409496307, 44.4325180054], [947.068115234, -418.38861084, -610.34375, 716.408630371, -63.6881599426, -62.0740966797, 54.2862205505, -243.341140747, -6.15793275833, 8.63259029388, -33.7665977478, 0.589270591736, -11.1798295975], [-889.811462402, 79.8663330078, 457.557342529, -63.6881599426, 537.130249023, 196.22819519, -81.3156204224, -32.5933952332, -63.3145484924, 128.914978027, 19.7830982208, -21.5512142181, 64.1008300781], [-641.70513916, -109.071243286, 382.579376221, -62.0740966797, 196.22819519, 354.486694336, -2.33008265495, -50.4619293213, 19.8628501892, 68.5920562744, 68.8262939453, 22.9738502502, 37.6854171753], [223.993331909, -47.6693534851, -171.80871582, 54.2862205505, -81.3156204224, -2.33008265495, 147.046783447, 25.7075767517, -11.7201185226, 1.77426099777, 0.89499360323, 16.3740921021, 5.19975805283], [-291.146911621, 140.062469482, 205.922332764, -243.341140747, -32.5933952332, -50.4619293213, 25.7075767517, 272.853424072, 57.5383872986, -81.8273010254, 1.24335038662, 2.74138689041, -12.6524248123], [1.41484892368, -41.2873725891, 0.356300830841, -6.15793275833, -63.3145484924, 19.8628501892, -11.7201185226, 57.5383872986, 139.640396118, -11.9771356583, -19.8762817383, 16.760925293, -8.47199249268], [-183.92300415, -29.4174613953, 59.3964576721, 8.63259029388, 128.914978027, 68.5920562744, 1.77426099777, -81.8273010254, -11.9771356583, 203.873931885, 69.7128295898, -29.4070796967, 44.8531303406], [-61.5702400208, -29.2536468506, 23.9132347107, -33.7665977478, 19.7830982208, 68.8262939453, 0.89499360323, 1.24335038662, -19.8762817383, 69.7128295898, 152.827850342, 34.9664916992, -0.729045450687], [-4.96251392365, -25.2593269348, -7.12409496307, 0.589270591736, -21.5512142181, 22.9738502502, 16.3740921021, 2.74138689041, 16.760925293, -29.4070796967, 34.9664916992, 111.331359863, 31.6959228516], [-136.01965332, -22.8192234039, 44.4325180054, -11.1798295975, 64.1008300781, 37.6854171753, 5.19975805283, -12.6524248123, -8.47199249268, 44.8531303406, -0.729045450687, 31.6959228516, 113.952384949]],
        "icov": [[0.0269203484058, -0.0366651006043, 0.0369503907859, -0.0345204882324, 0.0332411900163, -0.030407788232, 0.0275460053235, -0.024145340547, 0.0203215070069, -0.0156747270375, 0.0113204214722, -0.00726707978174, 0.00419053900987], [-0.0366651006043, 0.0527183823287, -0.0505845621228, 0.0490408912301, -0.0464705266058, 0.0436118654907, -0.0386756695807, 0.0343220196664, -0.028327068314, 0.0224791765213, -0.0159527081996, 0.0104084340855, -0.0053308904171], [0.0369503907859, -0.0505845621228, 0.0519020669162, -0.0474396124482, 0.0459956526756, -0.0437516309321, 0.0399692170322, -0.0353658609092, 0.0297068431973, -0.0233181193471, 0.0175315402448, -0.0113453501835, 0.00658403802663], [-0.0345204882324, 0.0490408912301, -0.0474396124482, 0.0490535832942, -0.0451053678989, 0.0426298677921, -0.03950599581, 0.0371013320982, -0.0301763266325, 0.0243456047028, -0.0174618717283, 0.011859963648, -0.00611466215923], [0.0332411900163, -0.0464705266058, 0.0459956526756, -0.0451053678989, 0.0470167733729, -0.0429312959313, 0.0402701273561, -0.0360869206488, 0.0319735109806, -0.0265022665262, 0.0198536086828, -0.0128314662725, 0.00642300723121], [-0.030407788232, 0.0436118654907, -0.0437516309321, 0.0426298677921, -0.0429312959313, 0.0457742698491, -0.0401204489172, 0.0378440357745, -0.032863587141, 0.0267363041639, -0.0225224662572, 0.014182456769, -0.00833248440176], [0.0275460053235, -0.0386756695807, 0.0399692170322, -0.03950599581, 0.0402701273561, -0.0401204489172, 0.0463427938521, -0.0382762849331, 0.0333909206092, -0.0285534244031, 0.0228419769555, -0.0167269781232, 0.00844582822174], [-0.024145340547, 0.0343220196664, -0.0353658609092, 0.0371013320982, -0.0360869206488, 0.0378440357745, -0.0382762849331, 0.0419204980135, -0.0336074270308, 0.029965583235, -0.0239546690136, 0.0172812547535, -0.00958631094545], [0.0203215070069, -0.028327068314, 0.0297068431973, -0.0301763266325, 0.0319735109806, -0.032863587141, 0.0333909206092, -0.0336074270308, 0.0366116650403, -0.0262974295765, 0.0228687580675, -0.0169469472021, 0.00960079394281], [-0.0156747270375, 0.0224791765213, -0.0233181193471, 0.0243456047028, -0.0265022665262, 0.0267363041639, -0.0285534244031, 0.029965583235, -0.0262974295765, 0.0318039245903, -0.0239738877863, 0.0188744664192, -0.0119085982442], [0.0113204214722, -0.0159527081996, 0.0175315402448, -0.0174618717283, 0.0198536086828, -0.0225224662572, 0.0228419769555, -0.0239546690136, 0.0228687580675, -0.0239738877863, 0.0270327348262, -0.0174363013357, 0.0105067938566], [-0.00726707978174, 0.0104084340855, -0.0113453501835, 0.011859963648, -0.0128314662725, 0.014182456769, -0.0167269781232, 0.0172812547535, -0.0169469472021, 0.0188744664192, -0.0174363013357, 0.0229972433299, -0.0109903849661], [0.00419053900987, -0.0053308904171, 0.00658403802663, -0.00611466215923, 0.00642300723121, -0.00833248440176, 0.00844582822174, -0.00958631094545, 0.00960079394281, -0.0119085982442, 0.0105067938566, -0.0109903849661, 0.0157611053437]]
    }
}

}