{
"metadata": {
    "version": {
        "essentia": "2.0.1",
        "extractor": "archive-music 1.0 mod ismir14"
    },
    "audio_properties": {
        "analysis_sample_rate": 44100,
        "bitrate": 32,
        "channels": 2,
        "equal_loudness": 0,
        "length": 30.0408172607,
        "replay_gain": -14.3899002075,
        "downmix": "mix"
    },
    "tags": {
        "track": 0,
        "year": 0,
        "album": "",
        "artist": "",
        "comment": "",
        "genre": "",
        "title": ""
    }
},
"rhythm": {
    "bpm": 109.314041138,
    "bpm_histogram_first_peak": 110,
    "bpm_histogram_first_peak_spread": 0.396226406097,
    "bpm_histogram_first_peak_weight": 0.603773593903,
    "bpm_histogram_second_peak": 0,
    "bpm_histogram_second_peak_spread": 0,
    "bpm_histogram_second_peak_weight": 0
},
"tonal": {
    "tuning_frequency": {
        "dmean": 0.0364351347089,
        "dmean2": 0.0667788535357,
        "dvar": 0.374698698521,
        "dvar2": 0.943389594555,
        "max": 450.024475098,
        "mean": 434.35043335,
        "median": 434.193115234,
        "min": 431.193908691,
        "var": 1.69076669216
    },
    "hpcp": {
        "dmean": [0.156694456935, 0.203731909394, 0.24786567688, 0.286543995142, 0.214565485716, 0.153969198465, 0.125867173076, 0.134174123406, 0.205220505595, 0.118238799274, 0.122332848608, 0.127287149429],
        "dmean2": [0.296743452549, 0.391714632511, 0.474945753813, 0.547258496284, 0.412144392729, 0.284975618124, 0.235580861568, 0.25003272295, 0.380002140999, 0.223808079958, 0.230458140373, 0.244823455811],
        "dvar": [0.0890346392989, 0.12565305829, 0.144052937627, 0.149642288685, 0.128114685416, 0.0832623690367, 0.0741510912776, 0.0763391405344, 0.0966767072678, 0.0728748962283, 0.0715920552611, 0.0775273665786],
        "dvar2": [0.241849273443, 0.346698373556, 0.377223312855, 0.39108017087, 0.331901848316, 0.225830122828, 0.208568930626, 0.206286042929, 0.25252828002, 0.215028867126, 0.205952808261, 0.218975886703],
        "max": [1, 1, 1, 1, 1, 1, 1, 1, 1, 1, 1, 1],
        "mean": [0.116526603699, 0.134893804789, 0.182388529181, 0.249942198396, 0.144065633416, 0.127468168736, 0.0930035933852, 0.121911726892, 0.225915536284, 0.077139057219, 0.0968885496259, 0.0819266736507],
        "median": [0.00818786304444, 0.00371460663155, 0.005854383111, 0.0212795622647, 0.0029219801072, 0.00955488998443, 0.00222314056009, 0.00484340731055, 0.0245570987463, 0.00199658563361, 0.00466529326513, 0.00315107242204],
        "min": [0, 0, 0, 0, 6.98130577348e-07, 2.8255254847e-07, 0, 0, 0, 0, 0, 0],
        "var": [0.069221816957, 0.0918120071292, 0.121073238552, 0.147880598903, 0.0982320457697, 0.0727896243334, 0.0588806830347, 0.0767223089933, 0.125090003014, 0.0491347126663, 0.0590022839606, 0.0511002093554]
    }
},
"lowlevel": {
    "melbands": {
        "dmean": [0.00176583766006, 0.00528004067019, 0.0051221861504, 0.00215190229937, 0.000919473415706, 0.000591060786974, 0.00034656826756, 0.000330435985234, 0.000411055225413, 0.000319369486533, 7.21687174519e-05, 8.67989729159e-05, 5.43433998246e-05, 4.95821441291e-05, 5.63832145417e-05, 5.70062693441e-05, 6.36327458778e-05, 4.92808394483e-05, 2.57812771451e-05, 5.07508557348e-05, 2.41861616814e-05, 1.68418955582e-05, 1.96462533495e-05, 1.15075345093e-05, 6.54676205158e-06, 4.46451304015e-06, 2.45811770583e-06, 1.75068691988e-06, 1.90485047824e-06, 1.35839479753e-06, 1.13168778171e-06, 9.86302666206e-07, 9.19082026485e-07, 6.46092644274e-07, 5.87183023981e-07, 4.47821719263e-07, 3.41075093502e-07, 2.36753479044e-07, 1.9679214347e-07, 1.66649201105e-07],
        "dmean2": [0.00286669121124, 0.0089592160657, 0.0085843782872, 0.00355217093602, 0.00153362145647, 0.00102387508377, 0.000586826063227, 0.000502506911289, 0.000602588814218, 0.000462898606202, 0.000106517509266, 0.000129204068799, 7.9905083112e-05, 7.28224113118e-05, 8.12075304566e-05, 8.4876002802e-05, 0.000101436831756, 7.5362266216e-05, 3.8041962398e-05, 7.72502608015e-05, 3.79467601306e-05, 2.59948792518e-05, 3.08211419906e-05, 1.82461390068e-05, 1.04973878479e-05, 7.12136852599e-06, 4.00469889428e-06, 2.8955550988e-06, 3.13715804623e-06, 2.19769799514e-06, 1.8557675503e-06, 1.58873285727e-06, 1.49455286191e-06, 1.02520925793e-06, 9.60284637586e-07, 7.19742217825e-07, 5.33683589765e-07, 3.68827016928e-07, 2.96611773365e-07, 2.4860173653e-07],
        "dvar": [1.92814713955e-05, 4.09166532336e-05, 2.77583621937e-05, 8.21894718683e-06, 1.68684721302e-06, 9.22937090309e-07, 2.9012622349e-07, 3.94283972582e-07, 7.08523657522e-07, 6.57710359064e-07, 2.47819400556e-08, 6.33818828533e-08, 2.00078016377e-08, 2.39594690754e-08, 2.64025636909e-08, 2.74576699155e-08, 3.83199640908e-08, 1.59079363016e-08, 4.0976888549e-09, 4.92903566851e-08, 3.2435676367e-09, 1.41481770743e-09, 2.62388089034e-09, 8.26133494947e-10, 1.88100784948e-10, 1.36109720716e-10, 3.85187784446e-11, 2.10074822121e-11, 2.00897579822e-11, 1.31827604388e-11, 9.28235873582e-12, 7.21631565267e-12, 5.97709555461e-12, 3.79009020349e-12, 4.69309703946e-12, 3.56250706018e-12, 3.61107259546e-12, 1.64609905567e-12, 7.80699994669e-13, 6.23431211169e-13],
        "dvar2": [4.09287858929e-05, 0.000121672077512, 8.08350887382e-05, 2.15615873458e-05, 4.52152562502e-06, 2.77151616501e-06, 7.91031709468e-07, 8.39563710997e-07, 1.34270226226e-06, 1.27010946471e-06, 4.75195136573e-08, 1.24844774518e-07, 3.74373598788e-08, 5.02614661002e-08, 4.62519658129e-08, 6.54518785836e-08, 1.04116132604e-07, 3.63217402821e-08, 8.04845878832e-09, 1.21430545619e-07, 7.52074669208e-09, 3.33510374873e-09, 7.12282099968e-09, 2.29308638744e-09, 4.87469342669e-10, 3.47915724008e-10, 9.77738237595e-11, 5.46368818244e-11, 5.20094210754e-11, 3.33033149669e-11, 2.38736651975e-11, 1.77233418913e-11, 1.4110893877e-11, 8.54002545764e-12, 1.0522884647e-11, 7.65091896088e-12, 8.17239505235e-12, 3.82226021667e-12, 1.44405830609e-12, 1.4066826046e-12],
        "max": [0.0711201131344, 0.0603811331093, 0.0512847080827, 0.0367884263396, 0.0128680318594, 0.0129516851157, 0.00832144916058, 0.0119277182966, 0.0199252162129, 0.0192802604288, 0.00651773624122, 0.00919463019818, 0.00476607773453, 0.00431608315557, 0.00386895285919, 0.00346235255711, 0.00363314989954, 0.00264573819004, 0.00122836255468, 0.00609462615103, 0.00123383419123, 0.000972633075435, 0.00121260050219, 0.000515014631674, 0.000222758986638, 0.00025140089565, 0.000146595702972, 8.64062021719e-05, 7.58898022468e-05, 7.89090699982e-05, 6.85819177306e-05, 5.0763865147e-05, 4.63798787678e-05, 5.18518027093e-05, 8.70778676472e-05, 7.29535604478e-05, 9.20587772271e-05, 6.40295038465e-05, 4.81976712763e-05, 3.79529919883e-05],
        "mean": [0.00233046757057, 0.0091374386102, 0.00807341281325, 0.00314153498039, 0.00134511198848, 0.0010204493301, 0.000616338918917, 0.000701835320797, 0.000922017497942, 0.000725677062292, 0.000169658844243, 0.000155724657816, 0.000108292522782, 0.000103995851532, 0.000103107333416, 0.000106853076431, 0.000100665340142, 9.53109702095e-05, 5.40041910426e-05, 0.000104150611151, 4.64954355266e-05, 3.15443467116e-05, 4.1918909119e-05, 2.48261349043e-05, 1.21412349472e-05, 7.75100033934e-06, 4.38162123828e-06, 3.00126021102e-06, 3.32068793796e-06, 2.33749869949e-06, 1.8879829895e-06, 1.86513750577e-06, 1.73021123828e-06, 1.28681983824e-06, 1.09711845653e-06, 8.55756127294e-07, 6.72915405175e-07, 4.71107796329e-07, 3.78718056027e-07, 3.21637173784e-07],
        "median": [0.00108144013211, 0.00748835969716, 0.00640031509101, 0.0021512452513, 0.000775235123001, 0.000360403268132, 0.00028051782283, 0.000225085779675, 0.000224987074034, 0.000142061078805, 5.00195892528e-05, 3.85624225601e-05, 2.7953314202e-05, 2.05873457162e-05, 2.21712161874e-05, 2.04624629987e-05, 1.96378387045e-05, 1.919143142e-05, 1.2908332792e-05, 1.21444754768e-05, 1.19151181934e-05, 1.10455857794e-05, 7.96448512119e-06, 4.97260589327e-06, 3.5971268062e-06, 2.53376833825e-06, 1.38269354011e-06, 8.20522473077e-07, 8.46749514949e-07, 4.47590338126e-07, 3.46188556932e-07, 3.28444258457e-07, 2.98726604342e-07, 2.50085321341e-07, 1.97107453914e-07, 1.69553771912e-07, 1.2999582566e-07, 8.47906136414e-08, 6.60018599774e-08, 5.21659622166e-08],
        "min": [4.41121791872e-12, 2.92857404993e-11, 6.42865830014e-11, 9.93517212944e-11, 1.04192474093e-10, 8.88398937748e-11, 7.59379295556e-11, 5.89918808247e-11, 3.40265558785e-11, 2.28804926394e-11, 2.21154795865e-11, 2.07475564507e-11, 2.07879113229e-11, 1.59857335702e-11, 6.31870111789e-11, 7.69743505047e-11, 1.22230428903e-11, 6.74443209614e-11, 5.4663953919e-11, 1.26279667279e-10, 2.56999664605e-11, 3.40372452445e-11, 8.22941714773e-12, 1.90682435119e-11, 2.1129254596e-11, 1.18952330624e-11, 1.1736910055e-11, 1.90398183331e-11, 3.23698251363e-12, 7.1930725265e-11, 5.56640532279e-11, 2.832080577e-11, 2.17821732873e-11, 7.70823335716e-12, 6.96292502822e-12, 8.07048004814e-12, 6.99668014498e-12, 2.18985463443e-12, 9.64790660557e-12, 8.26071589605e-12],
        "var": [2.92583263217e-05, 6.05211389484e-05, 4.31217486039e-05, 1.14413460324e-05, 2.53220900959e-06, 2.34045455727e-06, 7.40499501717e-07, 1.70107432496e-06, 3.19445416608e-06, 3.37654614668e-06, 1.661513096e-07, 2.21288175339e-07, 8.88107791752e-08, 6.92276600489e-08, 8.60936637537e-08, 7.18828232493e-08, 6.48814975079e-08, 6.14542372546e-08, 1.48240966169e-08, 1.79616876039e-07, 1.08143076716e-08, 3.00141822507e-09, 1.03036956745e-08, 3.10549785887e-09, 4.37469199754e-10, 2.23544488476e-10, 6.88421680772e-11, 3.8009928538e-11, 4.48782400131e-11, 2.67319569258e-11, 1.83053641689e-11, 1.87387414613e-11, 1.71405199062e-11, 1.14536106294e-11, 1.46454497835e-11, 1.19672986798e-11, 1.18110235134e-11, 5.32775863357e-12, 3.05094816598e-12, 2.20794649924e-12]
    },
    "mfcc": {
        "dmean": [13.7852907181, 10.0193595886, 8.7652015686, 8.01888275146, 7.24993371964, 7.11823797226, 6.9030122757, 6.95817327499, 6.74143981934, 6.6425447464, 6.44991159439, 6.24942493439, 6.08542156219],
        "dmean2": [17.9648265839, 14.5867576599, 13.2196063995, 12.6682462692, 11.643321991, 11.3513469696, 11.1940345764, 11.3146820068, 10.9562273026, 10.816163063, 10.6002883911, 10.3446149826, 9.91741943359],
        "dvar": [461.93460083, 131.531478882, 60.3171730042, 49.0111999512, 36.6966934204, 32.4566497803, 29.644947052, 30.7531929016, 27.3381595612, 28.9854373932, 27.9302158356, 24.9138050079, 20.9793148041],
        "dvar2": [651.454772949, 218.874176025, 124.617248535, 114.83152771, 86.7313766479, 82.0249938965, 80.2549972534, 80.0980377197, 72.7704162598, 74.4600296021, 74.6748733521, 63.4137763977, 58.0625953674],
        "max": [-496.558166504, 269.506866455, 140.92956543, 104.006668091, 74.0975112915, 44.8806304932, 35.5926055908, 56.4447402954, 31.1406574249, 43.9260253906, 46.7962188721, 38.1618881226, 28.4832267761],
        "mean": [-646.582824707, 174.65763855, 5.98239803314, 32.4921226501, 15.965089798, 4.9955201149, -5.59209108353, 4.61724758148, -1.38874793053, 1.65148067474, 0.568945348263, -1.81124377251, -6.38997793198],
        "median": [-631.134094238, 174.008911133, 6.49536705017, 31.8185710907, 16.1204376221, 5.63925170898, -4.53969955444, 4.45977020264, -0.892143249512, 0.896278381348, -0.106595993042, -2.19116020203, -6.34310150146],
        "min": [-1138.42004395, 1.14440917969e-05, -100.609237671, -60.6746139526, -45.0166625977, -54.8516159058, -54.7808647156, -36.2393493652, -43.2265586853, -36.8868560791, -34.8734588623, -33.172328949, -44.4829177856],
        "var": [6041.89355469, 1615.21826172, 1243.11254883, 502.791534424, 310.808135986, 212.64692688, 216.317687988, 143.359725952, 101.871551514, 165.073181152, 115.073371887, 90.8702468872, 87.1989059448],
        "cov": [[6044.22802734, -1764.81604004, -671.424133301, -220.072494507, -331.640319824, -68.8869552612, -235.50328064, 40.5723609924, -8.75094795227, 70.4787063599, 44.4929351807, -26.8307762146, -33.0995750427], [-1764.81604004, 1615.84240723, -451.351196289, -217.945343018, 28.3721199036, -105.9272995, 92.7466583252, -23.9945087433, -42.4950637817, 38.7703971863, 50.5371704102, 23.2295093536, -13.6478052139], [-671.424133301, -451.351196289, 1243.59277344, 263.319549561, 10.4586515427, 220.970291138, 131.789291382, 40.0291900635, 16.4758720398, -84.1982803345, -55.182762146, -20.5197582245, 15.5196323395], [-220.072494507, -217.945343018, 263.319549561, 502.985809326, 139.816238403, 12.2340764999, -95.9747238159, 5.15055799484, 42.3572273254, -85.3884887695, -68.8235931396, -4.63002252579, 16.4959659576], [-331.640319824, 28.3721199036, 10.4586515427, 139.816238403, 310.928222656, -20.2700691223, -40.9928207397, 18.9482784271, 17.7980422974, 9.17629432678, -13.1233634949, 16.746843338, -0.0375397913158], [-68.8869552612, -105.9272995, 220.970291138, 12.2340764999, -20.2700691223, 212.7290802, 82.3619842529, -11.7669324875, 3.0778131485, -12.4118146896, 1.88728702068, -10.9653940201, -7.35249996185], [-235.50328064, 92.7466583252, 131.789291382, -95.9747238159, -40.9928207397, 82.3619842529, 216.401275635, 34.2626647949, -29.1523590088, 29.8961105347, 27.1201934814, 2.16720724106, -8.80134773254], [40.5723609924, -23.9945087433, 40.0291900635, 5.15055799484, 18.9482784271, -11.7669324875, 34.2626647949, 143.415130615, 13.0356616974, -1.12054622173, 8.57532310486, 16.4262180328, -5.95763444901], [-8.75094795227, -42.4950637817, 16.4758720398, 42.3572273254, 17.7980422974, 3.0778131485, -29.1523590088, 13.0356616974, 101.91091156, 22.9763870239, -13.28536129, -2.49289560318, -3.57242703438], [70.4787063599, 38.7703971863, -84.1982803345, -85.3884887695, 9.17629432678, -12.4118146896, 29.8961105347, -1.12054622173, 22.9763870239, 165.136962891, 66.2708511353, -12.8113470078, -29.1088886261], [44.4929351807, 50.5371704102, -55.182762146, -68.8235931396, -13.1233634949, 1.88728702068, 27.1201934814, 8.57532310486, -13.28536129, 66.2708511353, 115.117835999, 20.2075996399, -15.6452226639], [-26.8307762146, 23.2295093536, -20.5197582245, -4.63002252579, 16.746843338, -10.9653940201, 2.16720724106, 16.4262180328, -2.49289560318, -12.8113470078, 20.2075996399, 90.9053573608, 27.1503276825], [-33.0995750427, -13.6478052139, 15.5196323395, 16.4959659576, -0.0375397913158, -7.35249996185, -8.80134773254, -5.95763444901, -3.57242703438, -29.1088886261, -15.6452226639, 27.1503276825, 87.2325973511]],
        "icov": [[0.000396454735892, 0.000535673869308, 0.000362299731933, 0.00012346181029, 0.00033447414171, -5.50261756871e-05, 0.000208836529055, -0.000239532106207, 0.000203500967473, -0.000102078498458, -3.62291648344e-05, 3.66118297279e-06, 0.00011328603432], [0.000535673869308, 0.00150886899792, 0.000747545971535, 0.000322945328662, 0.000205944437766, 0.000325745961163, -0.000415016314946, -9.71503413894e-06, 0.000198324749363, 0.000162584299687, -0.000232150749071, -2.67697632808e-05, 0.000259335356532], [0.000362299731933, 0.000747545971535, 0.00165695114993, -0.000553028425202, 0.000358942430466, -0.000872771604918, -0.000758175272495, -0.000395315815695, 6.01011852268e-05, 0.000241282847128, 7.56988083594e-05, 0.00022436362633, -8.59648207552e-05], [0.00012346181029, 0.000322945328662, -0.000553028425202, 0.00335942208767, -0.00120727927424, 6.84169135639e-05, 0.00126395805273, -5.09740348207e-05, -0.000806290830951, 0.00118791114073, 0.000296846294077, 0.000283849600237, 1.80488968908e-05], [0.00033447414171, 0.000205944437766, 0.000358942430466, -0.00120727927424, 0.00432138796896, -0.000147538987221, 0.000727834994905, -0.000839611748233, 0.000519394059666, -0.0014028766891, 0.000716234964784, -0.00105813762639, 0.000340024853358], [-5.50261756871e-05, 0.000325745961163, -0.000872771604918, 6.84169135639e-05, -0.000147538987221, 0.00710738217458, -0.00287929410115, 0.0017692244146, -0.00140953320079, 0.00138854142278, -0.00105385889765, 0.000537281855941, 0.000651124573778], [0.000208836529055, -0.000415016314946, -0.000758175272495, 0.00126395805273, 0.000727834994905, -0.00287929410115, 0.00826194044203, -0.00249325367622, 0.00259549776092, -0.00207183021121, 0.000435289141024, -0.000476228451589, -2.7651703931e-05], [-0.000239532106207, -9.71503413894e-06, -0.000395315815695, -5.09740348207e-05, -0.000839611748233, 0.0017692244146, -0.00249325367622, 0.00843816064298, -0.00204702652991, 0.00130499980878, -0.000919912359677, -0.00123305956367, 0.00103148585185], [0.000203500967473, 0.000198324749363, 6.01011852268e-05, -0.000806290830951, 0.000519394059666, -0.00140953320079, 0.00259549776092, -0.00204702652991, 0.0125020518899, -0.00412311637774, 0.00301908096299, -0.000953198061325, 0.000227802491281], [-0.000102078498458, 0.000162584299687, 0.000241282847128, 0.00118791114073, -0.0014028766891, 0.00138854142278, -0.00207183021121, 0.00130499980878, -0.00412311637774, 0.0107532916591, -0.00595784932375, 0.00263756769709, 0.00124563917052], [-3.62291648344e-05, -0.000232150749071, 7.56988083594e-05, 0.000296846294077, 0.000716234964784, -0.00105385889765, 0.000435289141024, -0.000919912359677, 0.00301908096299, -0.00595784932375, 0.0138693451881, -0.00438848137856, 0.00176180351991], [3.66118297279e-06, -2.67697632808e-05, 0.00022436362633, 0.000283849600237, -0.00105813762639, 0.000537281855941, -0.000476228451589, -0.00123305956367, -0.000953198061325, 0.00263756769709, -0.00438848137856, 0.0142520777881, -0.00456562638283], [0.00011328603432, 0.000259335356532, -8.59648207552e-05, 1.80488968908e-05, 0.000340024853358, 0.000651124573778, -2.7651703931e-05, 0.00103148585185, 0.000227802491281, 0.00124563917052, 0.00176180351991, -0.00456562638283, 0.013843706809]]
    }
}

}