{
"metadata": {
    "version": {
        "essentia": "2.0.1",
        "extractor": "archive-music 1.0 mod ismir14"
    },
    "audio_properties": {
        "analysis_sample_rate": 44100,
        "bitrate": 112,
        "channels": 2,
        "equal_loudness": 0,
        "length": 30.0669155121,
        "replay_gain": -10.2259140015,
        "downmix": "mix"
    },
    "tags": {
        "track": 0,
        "year": 0,
        "album": "",
        "artist": "",
        "comment": "",
        "genre": "",
        "title": ""
    }
},
"rhythm": {
    "bpm": 172.265594482,
    "bpm_histogram_first_peak": 172,
    "bpm_histogram_first_peak_spread": 0,
    "bpm_histogram_first_peak_weight": 0.5,
    "bpm_histogram_second_peak": 178,
    "bpm_histogram_second_peak_spread": 0,
    "bpm_histogram_second_peak_weight": 0.27380952239
},
"tonal": {
    "tuning_frequency": {
        "dmean": 0.0248134285212,
        "dmean2": 0.0421260111034,
        "dvar": 0.0352432839572,
        "dvar2": 0.0605711378157,
        "max": 435.952270508,
        "mean": 434.682952881,
        "median": 434.695007324,
        "min": 433.942382812,
        "var": 0.0331500098109
    },
    "hpcp": {
        "dmean": [0.128007397056, 0.209172308445, 0.179726004601, 0.277078807354, 0.0393378920853, 0.155009612441, 0.172865003347, 0.267577409744, 0.0952942073345, 0.090369142592, 0.248190939426, 0.0865796133876],
        "dmean2": [0.237282171845, 0.387530893087, 0.312622070312, 0.502082228661, 0.0680156722665, 0.270296424627, 0.313733756542, 0.468123674393, 0.169944986701, 0.160051882267, 0.427658587694, 0.157255426049],
        "dvar": [0.0538715720177, 0.0784178823233, 0.0525488778949, 0.113249249756, 0.00672591757029, 0.0770754516125, 0.100838236511, 0.107328310609, 0.0456906184554, 0.02832486853, 0.0784674957395, 0.0256774071604],
        "dvar2": [0.146511867642, 0.184617683291, 0.130464479327, 0.253596007824, 0.0198528785259, 0.180591180921, 0.24288931489, 0.275361061096, 0.127394855022, 0.0705464854836, 0.14702296257, 0.0746009424329],
        "max": [1, 1, 1, 1, 0.539918363094, 1, 1, 1, 1, 1, 1, 1],
        "mean": [0.105275839567, 0.239692389965, 0.175977870822, 0.400231450796, 0.0327288024127, 0.146528050303, 0.185529112816, 0.228915795684, 0.0670185759664, 0.0756713673472, 0.377448350191, 0.0705541968346],
        "median": [0.0232608728111, 0.0996580570936, 0.0735364407301, 0.150232598186, 0.00764598837122, 0.0262471996248, 0.0154057145119, 0.0470733344555, 0.0125179449096, 0.019342340529, 0.200423300266, 0.023112822324],
        "min": [0.000964256585576, 0.00462741265073, 0.000649348774459, 0.000170443861862, 7.21872638678e-05, 0.00112144567538, 0.000138700110256, 0.000362979597412, 0.000411141605582, 0.00012158111349, 0.000895080331247, 0.000659630924929],
        "var": [0.0433082208037, 0.0992420390248, 0.0618903338909, 0.173810198903, 0.0055119660683, 0.0818314254284, 0.120551079512, 0.113579273224, 0.0324693508446, 0.0249875299633, 0.145188242197, 0.018937965855]
    }
},
"lowlevel": {
    "melbands": {
        "dmean": [2.86468889499e-07, 1.420231456e-05, 1.79441140062e-05, 0.000195722983335, 0.000168790313182, 7.87765311543e-05, 3.61840102414e-05, 3.22773885273e-05, 2.08474775718e-05, 1.41565042213e-05, 1.18931811812e-05, 9.07453522814e-06, 1.07880614451e-05, 4.62473326479e-06, 4.3151335376e-06, 3.08546054839e-06, 6.36987624603e-06, 2.6295213047e-06, 3.70494035451e-06, 8.69373366186e-07, 1.11139763703e-06, 1.03525110262e-06, 6.89862815761e-07, 1.02309627437e-06, 2.36964365286e-06, 2.846469215e-06, 6.66804623961e-07, 3.53323457603e-07, 1.4977945284e-07, 9.81522987331e-08, 3.95283876742e-08, 6.61284760284e-09, 1.10506992446e-09, 2.68600336417e-10, 7.43566735961e-11, 2.98928486131e-11, 1.06965694982e-11, 2.76024342272e-12, 1.36112388721e-12, 3.31437758098e-13],
        "dmean2": [4.61248703232e-07, 2.43380909524e-05, 3.11152543873e-05, 0.000334700918756, 0.000303425302263, 0.000138731556945, 6.21271683485e-05, 5.4198619182e-05, 3.88891166949e-05, 2.66991119133e-05, 2.21431528189e-05, 1.76016255864e-05, 1.99518326554e-05, 8.61932767293e-06, 8.26297309686e-06, 5.66446851735e-06, 1.1641817764e-05, 4.63530341221e-06, 6.65232437314e-06, 1.53345933995e-06, 1.93914070223e-06, 1.8678632614e-06, 1.2162247458e-06, 1.81865539162e-06, 4.36119717051e-06, 5.33565753358e-06, 1.19533865472e-06, 6.48784009627e-07, 2.80833006627e-07, 1.84407355164e-07, 7.78017010816e-08, 1.2397014082e-08, 2.14574358282e-09, 5.18955545203e-10, 1.39141115296e-10, 5.32757553351e-11, 1.86672153429e-11, 3.97210086003e-12, 1.58616490168e-12, 4.5468693372e-13],
        "dvar": [9.74269018868e-14, 1.43867251445e-09, 7.71124331056e-10, 2.99182119079e-07, 3.90766388136e-08, 5.95931615166e-09, 1.75281944514e-09, 2.24841900653e-09, 3.22130500052e-09, 9.7829044865e-10, 8.69174121565e-10, 6.98862134829e-10, 9.93862658838e-10, 1.39509501174e-10, 1.71402572691e-10, 4.34206802458e-11, 3.84536374964e-10, 1.64413257314e-11, 5.15320563999e-11, 1.74090050101e-12, 2.25536299706e-12, 2.45161378178e-12, 1.42882797607e-12, 2.80295101365e-12, 3.30460034337e-11, 4.62736238216e-11, 9.52936731261e-13, 4.22911922496e-13, 1.15565963374e-13, 8.66820043478e-14, 2.13983019672e-14, 3.52004764143e-16, 2.68391389063e-17, 8.0056452538e-19, 2.83737781196e-20, 6.00317201493e-21, 9.64045480498e-22, 1.29057858664e-22, 9.55620673222e-23, 2.85052896228e-24],
        "dvar2": [2.17872825358e-13, 2.89022072941e-09, 2.0174826254e-09, 7.94972550011e-07, 1.10248407736e-07, 1.70304748082e-08, 4.80858020069e-09, 5.16248421789e-09, 9.75916147894e-09, 2.97202507049e-09, 2.67490540828e-09, 2.12434558833e-09, 2.85264611932e-09, 4.17241463602e-10, 5.34653377127e-10, 1.22331561547e-10, 1.11437148398e-09, 4.6418559968e-11, 1.47114181948e-10, 4.88619171166e-12, 6.69454465821e-12, 7.21090678488e-12, 4.15267082873e-12, 8.02503983405e-12, 9.75728733921e-11, 1.37164377079e-10, 2.51909712708e-12, 1.16354593061e-12, 3.26707356915e-13, 2.45378343295e-13, 6.37880319312e-14, 1.00511258862e-15, 7.9414692318e-17, 2.53195270573e-18, 8.63379134758e-20, 1.77374309766e-20, 2.6982566958e-21, 1.30194752379e-22, 9.19901366978e-23, 2.80400352381e-24],
        "max": [2.09846984944e-06, 0.000409440835938, 0.000231361482292, 0.00545562244952, 0.00118562672287, 0.000387299718568, 0.000225516181672, 0.000390767760109, 0.000372013746528, 0.000217573979171, 0.000160598923685, 0.00014414342877, 0.000250032520853, 9.24751147977e-05, 8.36972831166e-05, 5.92170472373e-05, 0.000183590324013, 2.61540608335e-05, 7.0762456744e-05, 1.27548428281e-05, 9.73852456809e-06, 9.24041796679e-06, 7.68323025113e-06, 1.1544841982e-05, 3.71755631932e-05, 5.33092861588e-05, 4.80547851112e-06, 4.20400192525e-06, 1.8427890609e-06, 2.19030926019e-06, 1.25979215682e-06, 1.54255246798e-07, 4.7089997679e-08, 6.40781161465e-09, 1.01496822058e-09, 6.40963004894e-10, 2.70724442863e-10, 1.34610794733e-10, 1.11673212344e-10, 1.77396552309e-11],
        "mean": [4.36275968241e-07, 1.8474589524e-05, 2.56346393144e-05, 0.000220896617975, 0.000203992094612, 9.4449329481e-05, 3.64560219168e-05, 3.51527742168e-05, 1.52029442688e-05, 1.01212408481e-05, 9.52200207394e-06, 5.59233330932e-06, 8.81772393768e-06, 3.33325237989e-06, 2.95911786452e-06, 2.36920891439e-06, 4.94892674396e-06, 2.3822537969e-06, 3.41399891113e-06, 9.3741573437e-07, 1.06339416561e-06, 9.49466652855e-07, 6.10047948157e-07, 8.42775421006e-07, 1.84081818588e-06, 2.07827429222e-06, 5.50437107449e-07, 2.73879976476e-07, 9.95256144165e-08, 6.09574328791e-08, 2.4974118773e-08, 4.22493462438e-09, 6.8604172343e-10, 1.91648988346e-10, 7.17780487824e-11, 2.97323832221e-11, 1.12144798656e-11, 3.61579212751e-12, 1.57530943585e-12, 3.07589240536e-13],
        "median": [3.49401517497e-07, 1.00536899481e-05, 1.41765203807e-05, 7.85302836448e-05, 0.000116246636026, 6.62027887302e-05, 2.01691254915e-05, 1.1897423974e-05, 3.37000506079e-06, 1.48027709201e-06, 1.15676573387e-06, 5.98065184931e-07, 9.24070604924e-07, 8.86160762548e-07, 6.56203724247e-07, 7.90715603216e-07, 1.78868799594e-06, 1.19843195989e-06, 1.58618786372e-06, 4.35865416648e-07, 5.39902373475e-07, 4.75617213169e-07, 1.97291953441e-07, 2.71541779284e-07, 5.63219657579e-07, 5.99861209594e-07, 2.12610174799e-07, 7.18225194873e-08, 1.89461566436e-08, 6.86579504361e-09, 2.51162601828e-09, 4.91868712427e-10, 1.18548532102e-10, 6.06794545166e-11, 3.37792051275e-11, 1.57788192234e-11, 6.03082948164e-12, 1.87842796873e-12, 4.22904848077e-13, 5.34027507003e-14],
        "min": [3.12854773199e-08, 9.64124637903e-07, 1.27044461351e-06, 1.45341641655e-06, 2.6305388019e-06, 3.189456379e-07, 3.92765002744e-07, 1.82239801916e-07, 1.19095567186e-07, 3.12459285112e-08, 2.38145734244e-08, 1.97982590322e-08, 3.0378465965e-08, 9.35762045629e-09, 7.96481458565e-09, 2.20945555185e-08, 2.26233822787e-08, 3.57252751826e-08, 2.72281521774e-08, 2.63624455599e-09, 2.2602655303e-09, 1.08136455346e-09, 3.44829387267e-10, 4.48035469836e-10, 6.20405504748e-10, 3.72311848018e-10, 2.18797674423e-10, 1.40637002044e-10, 1.05694647479e-10, 5.09899414358e-11, 2.6163028341e-11, 1.39511830907e-11, 6.10107667512e-12, 4.67138177099e-12, 3.11177342574e-12, 1.47542308232e-12, 1.15642424022e-12, 6.46924950675e-13, 1.30624149192e-13, 5.58515398914e-15],
        "var": [1.25417444442e-13, 1.66056102202e-09, 9.58534362994e-10, 2.34235599805e-07, 5.26060937034e-08, 8.18597190033e-09, 1.98927008199e-09, 3.36679528701e-09, 2.07458272783e-09, 6.2669819334e-10, 6.77386202685e-10, 4.10323136579e-10, 7.36460004092e-10, 8.41686026432e-11, 1.01824798593e-10, 3.08564285234e-11, 2.33911168213e-10, 1.37806918654e-11, 4.09265017709e-11, 1.92378383189e-12, 2.04034250433e-12, 1.99254957152e-12, 1.21591658183e-12, 2.24501819045e-12, 1.96076332254e-11, 2.89205638604e-11, 8.53836424307e-13, 2.99945425485e-13, 7.19422419315e-14, 5.39697579433e-14, 1.31664859611e-14, 2.39623688484e-16, 1.44095094317e-17, 4.33359509326e-19, 2.04779772812e-20, 3.8403713824e-21, 6.16467105257e-22, 1.42022730844e-22, 9.94259648339e-23, 2.94810730916e-24]
    },
    "mfcc": {
        "dmean": [37.8799476624, 13.8949966431, 25.5141506195, 16.4945831299, 13.1193504333, 9.14787387848, 9.07506084442, 11.4738769531, 7.41997861862, 7.16182899475, 8.36410808563, 7.81048297882, 7.05673694611],
        "dmean2": [65.9401321411, 21.5007286072, 42.4654655457, 26.7125816345, 21.8606967926, 15.1739263535, 15.2525005341, 19.316734314, 12.1264219284, 11.2515821457, 13.5004234314, 12.6329660416, 11.6117687225],
        "dvar": [943.035888672, 150.571075439, 441.720977783, 241.577713013, 132.891769409, 66.2915344238, 54.2684173584, 79.75415802, 27.9121131897, 36.1448516846, 33.0820274353, 35.7901000977, 28.4214401245],
        "dvar2": [2854.09399414, 329.66708374, 1211.42199707, 543.566894531, 409.816223145, 165.940139771, 132.855957031, 187.572372437, 83.0723114014, 82.7362060547, 90.8137130737, 98.5492019653, 72.3726882935],
        "max": [-757.518798828, 215.834289551, 72.7664489746, 100.965888977, 39.3601264954, 4.84732818604, 26.0694351196, 19.7773990631, -4.62337493896, 25.4804706573, 7.48872756958, 5.40777587891, 11.1430053711],
        "mean": [-844.97869873, 178.930984497, -35.7736549377, 29.0197658539, 10.3003435135, -28.5391292572, -5.93555450439, -28.6444683075, -27.7531089783, -4.64010620117, -12.2281942368, -15.5811090469, -6.58045244217],
        "median": [-842.321044922, 178.581817627, -39.4212913513, 28.7681922913, 12.7736968994, -28.8383140564, -5.8225479126, -32.4820404053, -27.8873672485, -3.69766998291, -11.7195796967, -15.767578125, -5.28663635254],
        "min": [-985.067138672, 120.018074036, -103.266021729, -16.8953971863, -43.1774597168, -68.1969299316, -31.1172103882, -55.2033157349, -56.5492324829, -33.6865158081, -36.6632118225, -42.4784355164, -29.8442268372],
        "var": [1519.64538574, 307.285980225, 895.291137695, 407.192901611, 280.765594482, 161.606811523, 97.2719726562, 226.828582764, 69.1167297363, 144.621353149, 75.5826568604, 63.2066841125, 68.5519790649],
        "cov": [[1529.02600098, -60.4423027039, -1055.15686035, 289.372833252, -282.273223877, -228.795532227, 230.630523682, -61.887008667, 40.043296814, -81.3868865967, -40.9963035583, 77.9357223511, -112.560134888], [-60.4423027039, 309.182800293, 193.443237305, -260.589416504, -26.589050293, -47.7282371521, -19.8364849091, 161.63873291, -10.4019813538, -52.3630714417, -7.16302919388, -20.2570915222, -1.57250261307], [-1055.15686035, 193.443237305, 900.817626953, -250.257949829, 132.551330566, 141.998977661, -178.661300659, 100.453201294, -14.534081459, -6.55082654953, 19.5262126923, -57.875, 46.3930168152], [289.372833252, -260.589416504, -250.257949829, 409.706451416, 70.1247253418, 16.8587665558, 20.6003456116, -213.203170776, -8.72611427307, 42.1592712402, -21.9738273621, 14.0439939499, -20.3937416077], [-282.273223877, -26.589050293, 132.551330566, 70.1247253418, 282.498718262, 115.069709778, -78.4494247437, -105.10168457, -54.8100090027, 97.296333313, 2.62830328941, -32.5398139954, 58.5981369019], [-228.795532227, -47.7282371521, 141.998977661, 16.8587665558, 115.069709778, 162.604385376, -30.7583332062, -94.5670089722, -1.80000460148, 54.9748382568, 27.1325263977, 5.79249954224, 22.5876426697], [230.630523682, -19.8364849091, -178.661300659, 20.6003456116, -78.4494247437, -30.7583332062, 97.8724136353, 19.7399787903, -4.57156467438, -8.77798271179, -1.21550643444, 20.4189395905, -14.4385576248], [-61.887008667, 161.63873291, 100.453201294, -213.203170776, -105.10168457, -94.5670089722, 19.7399787903, 228.228759766, 26.0622406006, -102.358795166, -11.0097932816, -2.96328091621, -9.82679462433], [40.043296814, -10.4019813538, -14.534081459, -8.72611427307, -54.8100090027, -1.80000460148, -4.57156467438, 26.0622406006, 69.5433807373, -17.638212204, -15.4455766678, 15.0527963638, -9.96349143982], [-81.3868865967, -52.3630714417, -6.55082654953, 42.1592712402, 97.296333313, 54.9748382568, -8.77798271179, -102.358795166, -17.638212204, 145.514083862, 36.9284629822, -29.036687851, 35.4704933167], [-40.9963035583, -7.16302919388, 19.5262126923, -21.9738273621, 2.62830328941, 27.1325263977, -1.21550643444, -11.0097932816, -15.4455766678, 36.9284629822, 76.0492172241, 12.7222223282, -3.65404415131], [77.9357223511, -20.2570915222, -57.875, 14.0439939499, -32.5398139954, 5.79249954224, 20.4189395905, -2.96328091621, 15.0527963638, -29.036687851, 12.7222223282, 63.5968475342, 5.23633956909], [-112.560134888, -1.57250261307, 46.3930168152, -20.3937416077, 58.5981369019, 22.5876426697, -14.4385576248, -9.82679462433, -9.96349143982, 35.4704933167, -3.65404415131, 5.23633956909, 68.9751434326]],
        "icov": [[117.801170349, -163.468490601, 154.727310181, -140.303344727, 122.606033325, -102.774406433, 81.5155944824, -61.3683738708, 43.6026077271, -28.0771369934, 16.7138195038, -8.31128311157, 3.02836108208], [-163.468490601, 226.850784302, -214.717132568, 194.712097168, -170.157104492, 142.645339966, -113.148193359, 85.190322876, -60.5339012146, 38.9883003235, -23.2115497589, 11.5470466614, -4.2051858902], [154.727310181, -214.717132568, 203.251693726, -184.321594238, 161.097076416, -135.073196411, 107.168991089, -80.7069091797, 57.364818573, -36.9618721008, 22.0183143616, -10.9642133713, 3.99808001518], [-140.303344727, 194.712097168, -184.321594238, 167.186630249, -146.13899231, 122.561088562, -97.2720413208, 73.2868041992, -52.1084823608, 33.6016807556, -20.0283412933, 9.99101829529, -3.64363384247], [122.606033325, -170.157104492, 161.097076416, -146.13899231, 127.782745361, -107.199287415, 85.1239013672, -64.1587600708, 45.6539077759, -29.4664211273, 17.5859699249, -8.79062652588, 3.20942831039], [-102.774406433, 142.645339966, -135.073196411, 122.561088562, -107.199287415, 89.9919891357, -71.5028839111, 53.9398880005, -38.411441803, 24.8267021179, -14.8420877457, 7.44180965424, -2.72500824928], [81.5155944824, -113.148193359, 107.168991089, -97.2720413208, 85.1239013672, -71.5028839111, 56.8936233521, -42.9508934021, 30.6274623871, -19.8382530212, 11.8853273392, -5.99442052841, 2.20174860954], [-61.3683738708, 85.190322876, -80.7069091797, 73.2868041992, -64.1587600708, 53.9398880005, -42.9508934021, 32.4823036194, -23.1822052002, 15.053560257, -9.03709602356, 4.58090353012, -1.68940341473], [43.6026077271, -60.5339012146, 57.364818573, -52.1084823608, 45.6539077759, -38.411441803, 30.6274623871, -23.1822052002, 16.5933761597, -10.7889003754, 6.50070905685, -3.31508278847, 1.22710442543], [-28.0771369934, 38.9883003235, -36.9618721008, 33.6016807556, -29.4664211273, 24.8267021179, -19.8382530212, 15.053560257, -10.7889003754, 7.0670542717, -4.27270078659, 2.20551562309, -0.825740814209], [16.7138195038, -23.2115497589, 22.0183143616, -20.0283412933, 17.5859699249, -14.8420877457, 11.8853273392, -9.03709602356, 6.50070905685, -4.27270078659, 2.61236906052, -1.35702610016, 0.512950539589], [-8.31128311157, 11.5470466614, -10.9642133713, 9.99101829529, -8.79062652588, 7.44180965424, -5.99442052841, 4.58090353012, -3.31508278847, 2.20551562309, -1.35702610016, 0.743783831596, -0.283751964569], [3.02836108208, -4.2051858902, 3.99808001518, -3.64363384247, 3.20942831039, -2.72500824928, 2.20174860954, -1.68940341473, 1.22710442543, -0.825740814209, 0.512950539589, -0.283751964569, 0.130760446191]]
    }
}

}