{
"metadata": {
    "version": {
        "essentia": "2.0.1",
        "extractor": "archive-music 1.0 mod ismir14"
    },
    "audio_properties": {
        "analysis_sample_rate": 44100,
        "bitrate": 128,
        "channels": 2,
        "equal_loudness": 0,
        "length": 30.0669155121,
        "replay_gain": -14.8216972351,
        "downmix": "mix"
    },
    "tags": {
        "track": 0,
        "year": 0,
        "album": "",
        "artist": "",
        "comment": "",
        "genre": "",
        "title": ""
    }
},
"rhythm": {
    "bpm": 109.27457428,
    "bpm_histogram_first_peak": 110,
    "bpm_histogram_first_peak_spread": 0.490566015244,
    "bpm_histogram_first_peak_weight": 0.509433984756,
    "bpm_histogram_second_peak": 0,
    "bpm_histogram_second_peak_spread": 0,
    "bpm_histogram_second_peak_weight": 0
},
"tonal": {
    "tuning_frequency": {
        "dmean": 0.0757067650557,
        "dmean2": 0.122090786695,
        "dvar": 0.240653499961,
        "dvar2": 0.410865932703,
        "max": 446.399932861,
        "mean": 441.430847168,
        "median": 441.782684326,
        "min": 439.745910645,
        "var": 0.531613409519
    },
    "hpcp": {
        "dmean": [0.133009821177, 0.0996287167072, 0.0637471154332, 0.156504154205, 0.0408815741539, 0.132090911269, 0.0501909852028, 0.098032772541, 0.141841515899, 0.0420178622007, 0.165080726147, 0.056438356638],
        "dmean2": [0.249626204371, 0.181262224913, 0.118215918541, 0.25614708662, 0.070751927793, 0.215227633715, 0.0948882102966, 0.174937024713, 0.254307091236, 0.0812576115131, 0.267685443163, 0.105470299721],
        "dvar": [0.0504851341248, 0.0568150691688, 0.0128160491586, 0.0635670349002, 0.00991066452116, 0.0464858226478, 0.0164356473833, 0.0265193451196, 0.0371797420084, 0.00861520133913, 0.0602697990835, 0.0129581559449],
        "dvar2": [0.129664719105, 0.111600898206, 0.0322965420783, 0.147777408361, 0.0231549553573, 0.0916941165924, 0.0466870553792, 0.0613171309233, 0.0897551104426, 0.0246538817883, 0.124425850809, 0.0349685736001],
        "max": [1, 1, 0.727138161659, 1, 1, 1, 0.919360995293, 1, 1, 0.574951827526, 1, 0.804111301899],
        "mean": [0.172075673938, 0.250806093216, 0.0455051288009, 0.460879832506, 0.0343533568084, 0.249841123819, 0.0347365029156, 0.104044057429, 0.226778820157, 0.0304674375802, 0.22102765739, 0.0406943410635],
        "median": [0.0403932482004, 0.019238607958, 0.0114621054381, 0.299993097782, 0.00986802857369, 0.0756590664387, 0.010724812746, 0.0260814912617, 0.112399801612, 0.0116064390168, 0.0823908522725, 0.0107256593183],
        "min": [3.19209793815e-05, 0.000146298451, 0.000451508443803, 0.000902232539374, 0.000113751535537, 0.000610513729043, 0.000415624905145, 0.00096858543111, 0.000849050993565, 0.000360522361007, 0.000476679881103, 0.000814750907011],
        "var": [0.0829321742058, 0.163970679045, 0.00968749541789, 0.189704284072, 0.00903082359582, 0.122553132474, 0.00935330241919, 0.0360546335578, 0.0898012295365, 0.00478954752907, 0.0948075056076, 0.00882302131504]
    }
},
"lowlevel": {
    "melbands": {
        "dmean": [0.000146893929923, 0.000255794555414, 0.000171061386936, 0.000114968577691, 4.44025645265e-05, 5.61318338441e-05, 2.55490122072e-05, 4.04940619774e-05, 6.01580904913e-05, 4.39595423813e-05, 9.32307830226e-06, 1.09576503746e-05, 7.56449571782e-06, 7.80226582719e-06, 6.14184727965e-06, 6.85206214257e-06, 6.20651326244e-06, 6.68247821523e-06, 3.65023447557e-06, 5.35397566637e-06, 2.2832052764e-06, 1.5791115402e-06, 1.8507837467e-06, 1.20978097584e-06, 6.48113541502e-07, 4.3480335421e-07, 2.86098838842e-07, 2.09254253036e-07, 2.38776806327e-07, 1.82762349255e-07, 1.51834228745e-07, 1.58255531346e-07, 1.48571984937e-07, 1.12163370147e-07, 8.74891270541e-08, 6.40900523763e-08, 3.76453712647e-08, 1.29707533603e-08, 2.83641621301e-09, 2.49554987786e-10],
        "dmean2": [0.000270424759947, 0.000429221050581, 0.000267075782176, 0.000191068378626, 7.0213820436e-05, 9.58341479418e-05, 4.38011702499e-05, 6.71792440698e-05, 0.000100892015325, 7.00765449437e-05, 1.63571021403e-05, 2.01690290851e-05, 1.35626032716e-05, 1.42343433254e-05, 1.08123913378e-05, 1.20644053823e-05, 1.05209655885e-05, 1.14804824989e-05, 6.23888126938e-06, 8.18393255031e-06, 3.84958229915e-06, 2.8164035939e-06, 2.98515942632e-06, 1.95854522644e-06, 1.16472415357e-06, 7.95541552634e-07, 5.29971146079e-07, 3.87863451579e-07, 4.28161399668e-07, 3.36397505407e-07, 2.7890072829e-07, 2.90796180025e-07, 2.75266557992e-07, 2.09917956795e-07, 1.63850955914e-07, 1.22751060871e-07, 7.2356471037e-08, 2.50546356995e-08, 5.42515987689e-09, 4.83463546974e-10],
        "dvar": [4.41826273345e-08, 8.57296384993e-08, 3.39449215403e-08, 1.19228014128e-08, 1.44712530847e-09, 5.52488810257e-09, 1.11525455537e-09, 4.58011228943e-09, 1.15590941263e-08, 7.0473427094e-09, 4.18792778234e-10, 9.83686465617e-10, 3.63478025456e-10, 1.84152082472e-10, 1.80428408325e-10, 1.93409274707e-10, 1.2594811305e-10, 1.60369370561e-10, 3.55631669946e-11, 2.22026397267e-10, 1.32005725795e-11, 4.88198760931e-12, 1.39921459835e-11, 3.82091667334e-12, 7.78516303073e-13, 2.53633241796e-13, 8.89004107417e-14, 5.519891117e-14, 7.57463753179e-14, 5.01683316743e-14, 3.60762987409e-14, 4.56707019208e-14, 5.87109096691e-14, 4.95878091735e-14, 5.79904098916e-14, 4.75950523568e-14, 2.25987966811e-14, 2.35942446238e-15, 8.42029364816e-17, 1.08000784979e-18],
        "dvar2": [1.22138885672e-07, 2.01251950216e-07, 8.16827281369e-08, 3.63614454102e-08, 3.56874418905e-09, 1.39461659998e-08, 2.40360709114e-09, 1.13809122126e-08, 3.44583028777e-08, 1.64735816099e-08, 1.20639964685e-09, 2.86855583731e-09, 1.03168462662e-09, 5.53798229497e-10, 5.21979848234e-10, 5.11364395273e-10, 3.30800553616e-10, 4.06327832492e-10, 9.61029242297e-11, 3.77322728617e-10, 2.84086122682e-11, 1.48098183023e-11, 2.91074872538e-11, 7.34422331977e-12, 1.90831270057e-12, 6.31417173321e-13, 2.37444693898e-13, 1.36087037364e-13, 1.85183154076e-13, 1.1889229564e-13, 9.37429997451e-14, 1.2405143102e-13, 1.65336697783e-13, 1.44913147779e-13, 1.72011100567e-13, 1.42225952695e-13, 6.76004933454e-14, 7.03409617201e-15, 2.48998119749e-16, 3.22292355477e-18],
        "max": [0.000824279850349, 0.00186821073294, 0.00163054058794, 0.000715370755643, 0.000290651310934, 0.000416047172621, 0.000173703083419, 0.000476821034681, 0.000821128196549, 0.000665456871502, 0.000132593995659, 0.000266448536422, 0.000150979249156, 9.0465960966e-05, 0.000115177950647, 9.52745540417e-05, 7.98530163593e-05, 0.000107274063339, 3.49935544364e-05, 0.000182615738595, 3.54216208507e-05, 1.34686542879e-05, 3.15242614306e-05, 1.66768695635e-05, 5.24159850102e-06, 3.28827400153e-06, 1.38330551636e-06, 1.08720689695e-06, 1.6667950149e-06, 1.0729065707e-06, 8.29845703265e-07, 1.18263733384e-06, 1.82773817414e-06, 1.8453750954e-06, 2.1743032903e-06, 1.99929718292e-06, 1.38694178986e-06, 4.45650385927e-07, 8.45778345138e-08, 9.62216262224e-09],
        "mean": [0.00015315139899, 0.000661737343762, 0.000474621396279, 0.000176961053512, 7.44706048863e-05, 6.81149831507e-05, 3.40692531609e-05, 4.37293274445e-05, 6.10154784226e-05, 4.35918118455e-05, 9.0327257567e-06, 9.76103183348e-06, 6.31892453384e-06, 6.37364610157e-06, 5.78988510824e-06, 6.62211550662e-06, 6.15813178229e-06, 6.15059843767e-06, 3.373724212e-06, 6.53111146676e-06, 2.78043012258e-06, 1.96180690182e-06, 2.61296736426e-06, 1.56404200879e-06, 7.7099190321e-07, 4.74519424642e-07, 2.64017074869e-07, 1.79133820666e-07, 2.06039700856e-07, 1.46890428709e-07, 1.16599778721e-07, 1.17851485015e-07, 1.08297129486e-07, 8.06482418625e-08, 6.45159090595e-08, 4.40754952535e-08, 2.48393412505e-08, 8.42333403028e-09, 1.90271998157e-09, 1.61251414998e-10],
        "median": [9.99181575025e-05, 0.000674321723636, 0.00045032723574, 0.000147730315803, 5.75823250983e-05, 2.63326473942e-05, 1.99222631636e-05, 1.94782951439e-05, 2.22670932999e-05, 1.0663096873e-05, 3.40092492479e-06, 3.79532684747e-06, 2.53042230725e-06, 1.82135340765e-06, 2.23449023906e-06, 2.16424064092e-06, 2.14978035729e-06, 1.82187852715e-06, 1.15611032925e-06, 1.02854608031e-06, 1.07649202619e-06, 1.05734102362e-06, 7.98493772436e-07, 5.25689870301e-07, 3.83626655776e-07, 2.68886623189e-07, 1.47012755747e-07, 8.82803661284e-08, 8.77797319276e-08, 4.97200751681e-08, 3.96213728493e-08, 4.18583141482e-08, 3.46418183028e-08, 2.61478820818e-08, 1.95135925196e-08, 1.33027171501e-08, 6.88966261819e-09, 2.25393881337e-09, 5.85281212384e-10, 4.16469740638e-11],
        "min": [1.76944081431e-06, 2.07660491469e-06, 2.94256847155e-06, 4.19785055783e-06, 2.97329847854e-06, 3.83881427979e-07, 1.00502359146e-06, 1.96610763226e-08, 2.59420033899e-07, 5.41158726719e-08, 2.27665513108e-08, 1.41435094747e-08, 2.30633396825e-08, 1.71957257322e-08, 9.94887816574e-09, 5.76331427027e-09, 8.86931506017e-09, 8.76321060161e-09, 8.62543458879e-09, 9.31129839898e-09, 5.67758373649e-09, 6.333451541e-09, 7.47712736171e-09, 4.38411040804e-09, 2.60659138718e-09, 2.13809769889e-09, 6.11694583874e-10, 3.36601385653e-10, 2.26708971041e-10, 1.73494066336e-10, 7.28632085223e-11, 3.23853721618e-11, 1.13180506633e-11, 4.11840310119e-12, 2.28613113683e-12, 1.30108478245e-12, 1.05935540288e-12, 4.32950658831e-13, 7.50848290335e-14, 1.46328787168e-14],
        "var": [3.24429301202e-08, 1.74836884526e-07, 6.91268979836e-08, 1.62181574836e-08, 3.30538174609e-09, 7.77933539808e-09, 1.47829992692e-09, 4.95270535694e-09, 1.05053770127e-08, 9.5406855749e-09, 3.20794252273e-10, 5.98839755561e-10, 2.41676123558e-10, 1.39842817881e-10, 1.31666899605e-10, 1.64466010255e-10, 1.31873872933e-10, 1.49157103335e-10, 3.25123435119e-11, 4.73307837368e-10, 2.17271305114e-11, 6.46265723228e-12, 2.97790334058e-11, 9.06108087867e-12, 1.03893033499e-12, 3.40131622954e-13, 8.82496183877e-14, 4.79696442074e-14, 7.54008671906e-14, 4.62300282691e-14, 2.8867360569e-14, 3.45187643931e-14, 3.93807944967e-14, 3.05699306743e-14, 3.29568966247e-14, 2.56513323223e-14, 1.198819791e-14, 1.25536084959e-15, 4.64804068937e-17, 5.75761857102e-19]
    },
    "mfcc": {
        "dmean": [43.7695274353, 21.8494987488, 18.9099082947, 12.1131181717, 12.3289575577, 9.9359588623, 8.60213470459, 7.30424833298, 7.20859384537, 7.56068325043, 6.83488464355, 5.8171787262, 5.79932117462],
        "dmean2": [71.1032943726, 35.9358444214, 30.0651817322, 19.8798122406, 19.1376152039, 16.7789402008, 12.7460546494, 11.8554525375, 12.1029434204, 12.4112558365, 11.0896444321, 9.38537979126, 9.29779434204],
        "dvar": [1162.6973877, 303.247528076, 271.463195801, 100.527069092, 93.4913482666, 56.9251670837, 48.2943992615, 31.7121524811, 28.4701843262, 47.4803009033, 28.9513473511, 21.1723804474, 17.6832275391],
        "dvar2": [2991.1237793, 854.373046875, 756.380371094, 221.855957031, 234.352478027, 130.141235352, 121.585418701, 87.359954834, 76.4042205811, 90.3360595703, 75.2985992432, 58.1314468384, 43.3574752808],
        "max": [-679.402709961, 228.305877686, 90.2632598877, 84.6556167603, 40.645160675, 46.1521224976, 16.0531921387, 36.3076019287, 15.1064796448, 32.6069297791, 22.1411094666, 17.948972702, 5.45234680176],
        "mean": [-777.239074707, 174.34602356, -2.53360462189, 39.2638320923, 6.95949077606, 14.6177310944, -11.3338899612, 9.50932788849, -4.24260902405, 5.71183872223, 0.239242300391, 0.6757376194, -6.92456054688],
        "median": [-767.748962402, 178.723022461, -1.03167724609, 37.9414863586, 8.17072677612, 15.3494663239, -10.1114845276, 10.5047988892, -5.17435073853, 5.74882507324, -1.02061080933, 1.03206253052, -7.1079158783],
        "min": [-961.242431641, 69.0105895996, -81.4836730957, -9.59244918823, -28.3341522217, -25.0562705994, -48.0137863159, -22.469543457, -26.6983642578, -18.631942749, -17.4861278534, -13.8619232178, -21.8541793823],
        "var": [2911.82080078, 567.139160156, 762.819152832, 391.95501709, 209.098129272, 164.97366333, 157.855560303, 88.6748352051, 57.5034866333, 91.9569168091, 68.368598938, 39.5589942932, 37.0944786072],
        "cov": [[2929.79492188, -520.105285645, -819.183654785, 235.743179321, -312.492584229, 119.494308472, -287.9480896, 142.702957153, -147.336532593, 101.542404175, -114.381134033, 61.5915260315, -108.895896912], [-520.105285645, 570.640075684, -156.483200073, -308.724304199, 56.0357398987, -149.07208252, 114.662605286, -92.189125061, 37.9772262573, -15.4422063828, 93.447769165, -26.1183414459, 38.7312355042], [-819.183654785, -156.483200073, 767.527893066, 147.024368286, -46.5207977295, 148.899368286, 98.7678909302, 51.2587242126, 5.86637210846, -46.0026931763, -36.4460601807, 4.03581380844, 13.5386734009], [235.743179321, -308.724304199, 147.024368286, 394.374481201, 49.5050201416, 57.8037109375, -129.015762329, 62.0847663879, 4.63911390305, -28.6485061646, -62.483921051, 12.4557733536, -2.61900687218], [-312.492584229, 56.0357398987, -46.5207977295, 49.5050201416, 210.388870239, -51.0707092285, -39.4305763245, -27.0176353455, 28.4076843262, 0.284982383251, 30.4899120331, -5.12218618393, 16.5791969299], [119.494308472, -149.07208252, 148.899368286, 57.8037109375, -51.0707092285, 165.992019653, 43.6197738647, 38.1207389832, -19.2590084076, 19.6347560883, -8.33699417114, 16.5478286743, -17.8359832764], [-287.9480896, 114.662605286, 98.7678909302, -129.015762329, -39.4305763245, 43.6197738647, 158.829986572, 5.46930837631, -8.71916103363, 12.6769208908, 38.7809410095, 6.74009656906, 4.81237983704], [142.702957153, -92.189125061, 51.2587242126, 62.0847663879, -27.0176353455, 38.1207389832, 5.46930837631, 89.2222137451, -7.69934844971, 1.08264780045, -3.25578784943, 23.4835357666, -3.42915177345], [-147.336532593, 37.9772262573, 5.86637210846, 4.63911390305, 28.4076843262, -19.2590084076, -8.71916103363, -7.69934844971, 57.8584480286, 9.32886505127, 3.30381345749, -7.87744951248, 6.88926172256], [101.542404175, -15.4422063828, -46.0026931763, -28.6485061646, 0.284982383251, 19.6347560883, 12.6769208908, 1.08264780045, 9.32886505127, 92.5245513916, 35.0077323914, -5.05287885666, -23.8448390961], [-114.381134033, 93.447769165, -36.4460601807, -62.483921051, 30.4899120331, -8.33699417114, 38.7809410095, -3.25578784943, 3.30381345749, 35.0077323914, 68.7906265259, 8.4432258606, -4.21699142456], [61.5915260315, -26.1183414459, 4.03581380844, 12.4557733536, -5.12218618393, 16.5478286743, 6.74009656906, 23.4835357666, -7.87744951248, -5.05287885666, 8.4432258606, 39.803188324, 9.96420097351], [-108.895896912, 38.7312355042, 13.5386734009, -2.61900687218, 16.5791969299, -17.8359832764, 4.81237983704, -3.42915177345, 6.88926172256, -23.8448390961, -4.21699142456, 9.96420097351, 37.3234558105]],
        "icov": [[0.00593049451709, -0.00293503631838, 0.00753591768444, -0.00408021220937, 0.00796137843281, -0.00663977768272, 0.00778577709571, -0.00585391977802, 0.00999971944839, -0.00792655907571, 0.00987547915429, -0.00708745140582, 0.00517574604601], [-0.00293503631838, 0.00866700522602, -0.00313117331825, 0.00450288690627, -0.00381693337113, 0.00652998033911, -0.0070378286764, 0.00520587572828, -0.00832463800907, 0.00846855249256, -0.012792644091, 0.00781722832471, -0.00648917723447], [0.00753591768444, -0.00313117331825, 0.0118279512972, -0.00627715094015, 0.0103542394936, -0.00945198349655, 0.00737595185637, -0.00729144830257, 0.0114727504551, -0.00853777863085, 0.0121549665928, -0.00741657009348, 0.00554924784228], [-0.00408021220937, 0.00450288690627, -0.00627715094015, 0.0100980754942, -0.00758161908016, 0.00349774770439, -0.000844991998747, 0.00133479456417, -0.00804583076388, 0.00721086421981, -0.00697852857411, 0.00560389459133, -0.00451346067712], [0.00796137843281, -0.00381693337113, 0.0103542394936, -0.00758161908016, 0.0181596390903, -0.00795041769743, 0.0114223938435, -0.00560443568975, 0.01142581366, -0.0096884733066, 0.00686749676242, -0.00781634263694, 0.00361172715202], [-0.00663977768272, 0.00652998033911, -0.00945198349655, 0.00349774770439, -0.00795041769743, 0.0200557559729, -0.0142812309787, 0.00739598926157, -0.0106052374467, 0.00732716964558, -0.0114030381665, 0.0050787110813, -0.00284354249015], [0.00778577709571, -0.0070378286764, 0.00737595185637, -0.000844991998747, 0.0114223938435, -0.0142812309787, 0.0270540527999, -0.0110332854092, 0.0155539959669, -0.0115112550557, 0.00958885345608, -0.00928764976561, 0.00422165682539], [-0.00585391977802, 0.00520587572828, -0.00729144830257, 0.00133479456417, -0.00560443568975, 0.00739598926157, -0.0110332854092, 0.0234404373914, -0.0113049997017, 0.00876580830663, -0.0128467548639, -0.000409998872783, -0.0037982405629], [0.00999971944839, -0.00832463800907, 0.0114727504551, -0.00804583076388, 0.01142581366, -0.0106052374467, 0.0155539959669, -0.0113049997017, 0.0395121201873, -0.0201581679285, 0.0209386907518, -0.0100423926488, 0.00477541983128], [-0.00792655907571, 0.00846855249256, -0.00853777863085, 0.00721086421981, -0.0096884733066, 0.00732716964558, -0.0115112550557, 0.00876580830663, -0.0201581679285, 0.031890694052, -0.0277780909091, 0.0151974419132, -0.0013178990921], [0.00987547915429, -0.012792644091, 0.0121549665928, -0.00697852857411, 0.00686749676242, -0.0114030381665, 0.00958885345608, -0.0128467548639, 0.0209386907518, -0.0277780909091, 0.0555309690535, -0.0268370844424, 0.0181001983583], [-0.00708745140582, 0.00781722832471, -0.00741657009348, 0.00560389459133, -0.00781634263694, 0.0050787110813, -0.00928764976561, -0.000409998872783, -0.0100423926488, 0.0151974419132, -0.0268370844424, 0.0504554025829, -0.0235875844955], [0.00517574604601, -0.00648917723447, 0.00554924784228, -0.00451346067712, 0.00361172715202, -0.00284354249015, 0.00422165682539, -0.0037982405629, 0.00477541983128, -0.0013178990921, 0.0181001983583, -0.0235875844955, 0.0490602701902]]
    }
}

}