{
"metadata": {
    "version": {
        "essentia": "2.0.1",
        "extractor": "archive-music 1.0 mod ismir14"
    },
    "audio_properties": {
        "analysis_sample_rate": 44100,
        "bitrate": 160,
        "channels": 2,
        "equal_loudness": 0,
        "length": 30.0669155121,
        "replay_gain": -12.9660320282,
        "downmix": "mix"
    },
    "tags": {
        "track": 0,
        "year": 0,
        "album": "",
        "artist": "",
        "comment": "",
        "genre": "",
        "title": ""
    }
},
"rhythm": {
    "bpm": 88.2881317139,
    "bpm_histogram_first_peak": 89,
    "bpm_histogram_first_peak_spread": 0.309523820877,
    "bpm_histogram_first_peak_weight": 0.674418628216,
    "bpm_histogram_second_peak": 94,
    "bpm_histogram_second_peak_spread": 0,
    "bpm_histogram_second_peak_weight": 0.0232558138669
},
"tonal": {
    "tuning_frequency": {
        "dmean": 0.303779125214,
        "dmean2": 0.595663905144,
        "dvar": 4.41402578354,
        "dvar2": 12.7495088577,
        "max": 452.108886719,
        "mean": 439.978912354,
        "median": 440,
        "min": 432.441040039,
        "var": 7.60091543198
    },
    "hpcp": {
        "dmean": [0.215039104223, 0.149411961436, 0.225635290146, 0.257104814053, 0.120219632983, 0.22604855895, 0.251759439707, 0.272042810917, 0.188743174076, 0.105935499072, 0.241391405463, 0.0824801623821],
        "dmean2": [0.368053525686, 0.269344627857, 0.408927351236, 0.452056139708, 0.210584208369, 0.375461161137, 0.433790326118, 0.475151717663, 0.33187776804, 0.184211462736, 0.419899046421, 0.152191728354],
        "dvar": [0.041216365993, 0.0300281215459, 0.058739438653, 0.0602816827595, 0.030347764492, 0.0640736371279, 0.0624384246767, 0.0472464114428, 0.0489006862044, 0.0197917819023, 0.0599728673697, 0.0147250285372],
        "dvar2": [0.0954980403185, 0.0812657400966, 0.161756873131, 0.178749904037, 0.0834086611867, 0.14913713932, 0.145725920796, 0.134285315871, 0.131554022431, 0.0482182949781, 0.157218664885, 0.0431521236897],
        "max": [1, 1, 1, 1, 1, 1, 1, 1, 1, 1, 1, 1],
        "mean": [0.302900969982, 0.170404836535, 0.23595944047, 0.305217713118, 0.13265094161, 0.319607913494, 0.348542153835, 0.390913188457, 0.245752200484, 0.131072968245, 0.776598095894, 0.0976102054119],
        "median": [0.228819638491, 0.109210893512, 0.135966435075, 0.202026188374, 0.0800325199962, 0.148453205824, 0.256653487682, 0.328593671322, 0.131262511015, 0.0846282690763, 0.945225358009, 0.068097114563],
        "min": [0.0187434460968, 0.0058876760304, 0.00588279590011, 0.00610272586346, 0.0029357150197, 0.0257084183395, 0.0106413615867, 0.00847072526813, 0.010044359602, 0.0042019141838, 0.0953556522727, 0.00457180663943],
        "var": [0.0657624974847, 0.0333713851869, 0.0654336288571, 0.074489094317, 0.0288567189127, 0.108409494162, 0.0938929095864, 0.0836828425527, 0.070394679904, 0.0244138725102, 0.0771718323231, 0.0106340935454]
    }
},
"lowlevel": {
    "melbands": {
        "dmean": [1.44441537486e-05, 6.59776997054e-05, 5.72952048969e-05, 3.79682132916e-05, 1.64529064932e-05, 2.85225178231e-05, 3.0714465538e-05, 3.8194903027e-05, 4.321065353e-05, 2.44520288106e-05, 1.69797294802e-05, 1.0898097571e-05, 9.59666704148e-06, 5.29442604602e-06, 8.79445633473e-06, 5.22884556631e-06, 6.38813708065e-06, 3.91008143197e-06, 2.90018761007e-06, 3.0238979889e-06, 2.29823695008e-06, 2.44760735768e-06, 3.94589142161e-06, 4.12610961575e-06, 2.56010844168e-06, 1.67039604548e-06, 1.6096496438e-06, 9.83277232081e-07, 4.42061264039e-07, 4.16968646277e-07, 3.40958592915e-07, 1.71062225718e-07, 7.71997932247e-08, 4.96414322981e-08, 4.37231229e-08, 3.01253564317e-08, 1.73142193916e-08, 7.65099628097e-09, 1.49575318797e-09, 6.9312881823e-11],
        "dmean2": [2.58783620666e-05, 0.00012606146629, 0.000104337086668, 6.75599294482e-05, 2.99671228277e-05, 5.10468198627e-05, 5.64811343793e-05, 6.86378334649e-05, 7.13332774467e-05, 4.37734634033e-05, 2.94306009891e-05, 1.99584264919e-05, 1.71332139871e-05, 9.49495188252e-06, 1.60395993589e-05, 9.49551667873e-06, 1.16610644909e-05, 7.004723102e-06, 5.23174321643e-06, 5.24099277754e-06, 4.03569538321e-06, 4.24462996307e-06, 7.15945043339e-06, 6.84879432811e-06, 4.6048448894e-06, 2.9117777558e-06, 2.68350299848e-06, 1.6556321043e-06, 7.50087281176e-07, 7.19428498996e-07, 5.91410071138e-07, 2.91239302896e-07, 1.30564004053e-07, 8.53998614048e-08, 7.24182598333e-08, 5.09516766556e-08, 3.14910231225e-08, 1.35358870779e-08, 2.65992805559e-09, 1.24745713759e-10],
        "dvar": [4.2873363193e-10, 5.09708009133e-09, 3.34778160749e-09, 2.52342147178e-09, 2.66867972165e-10, 5.99932048484e-10, 8.10018718767e-10, 1.5644575635e-09, 7.00267044351e-09, 4.55979121128e-09, 5.80678782836e-10, 6.61449672812e-10, 5.63714186441e-10, 1.04250656718e-10, 3.3178318426e-10, 8.80585743213e-11, 2.227483753e-10, 6.07515357465e-11, 1.73920721575e-11, 4.76490721879e-11, 1.06599633634e-11, 1.20052761135e-11, 4.47667319881e-11, 4.43110513559e-11, 1.87162056686e-11, 7.96037107759e-12, 9.1365361457e-12, 4.23271747513e-12, 4.00596385491e-13, 6.5472779108e-13, 4.29362898317e-13, 8.97368320602e-14, 1.48575931696e-14, 6.69819848052e-15, 4.24299513235e-15, 1.27954914595e-15, 3.87880235819e-16, 4.61006979053e-17, 1.80530369572e-18, 5.65019490285e-21],
        "dvar2": [1.09263231796e-09, 1.6298390193e-08, 9.35133304125e-09, 6.81738798747e-09, 7.37620964308e-10, 1.96925675766e-09, 2.12474704497e-09, 4.26998214564e-09, 1.52909063189e-08, 1.2926980375e-08, 1.43697509447e-09, 1.86861370821e-09, 1.5656776986e-09, 2.95750757218e-10, 1.0112786164e-09, 2.52420778724e-10, 6.29130136875e-10, 1.58063187539e-10, 4.68549192501e-11, 1.25877835933e-10, 2.37784115314e-11, 3.41726057174e-11, 1.31258739988e-10, 1.2070286437e-10, 4.49527498558e-11, 2.19578886324e-11, 2.22105268205e-11, 1.10309790816e-11, 1.00207028005e-12, 1.61799317434e-12, 1.11689249429e-12, 2.43338416908e-13, 3.52676499387e-14, 1.59547566402e-14, 8.19664126882e-15, 2.72057368834e-15, 9.14634752654e-16, 1.26889876543e-16, 4.40058886466e-18, 1.601062844e-20],
        "max": [0.000139823780046, 0.000443459168309, 0.000283899018541, 0.000293038901873, 0.000113767811854, 0.000140604111948, 0.000139080322697, 0.000168881859281, 0.00086655310588, 0.000557881314307, 0.000158530383487, 0.000159878283739, 0.000139532145113, 6.29292990197e-05, 0.000111856083095, 5.21525071235e-05, 9.62865378824e-05, 7.25722056814e-05, 2.10139442061e-05, 6.04471169936e-05, 2.20270576392e-05, 2.33975551964e-05, 3.49870169885e-05, 4.9132409913e-05, 2.86332378892e-05, 1.74563065229e-05, 2.44470647885e-05, 1.30032822199e-05, 5.3727330851e-06, 7.31849922886e-06, 4.0278086999e-06, 1.7007525912e-06, 8.62282490743e-07, 6.56406200505e-07, 6.02855891429e-07, 2.97041566455e-07, 1.46690126712e-07, 4.70076706449e-08, 1.05696713604e-08, 5.15815945512e-10],
        "mean": [1.89645488717e-05, 7.50229737605e-05, 8.02890135674e-05, 4.16481525463e-05, 2.2676997105e-05, 4.14067108068e-05, 4.14103815274e-05, 3.15855977533e-05, 4.88890982524e-05, 2.51859510172e-05, 1.96267901629e-05, 8.94427012099e-06, 7.30559440854e-06, 4.82378936795e-06, 7.71510440245e-06, 4.37695871369e-06, 4.93542256663e-06, 3.93924710806e-06, 2.7236421829e-06, 2.45575006375e-06, 2.19871185436e-06, 2.27566692956e-06, 3.59256728188e-06, 3.80612777917e-06, 2.48506876233e-06, 2.06686286219e-06, 1.66114750755e-06, 9.52422340106e-07, 5.26241137777e-07, 4.38762924659e-07, 3.53316465862e-07, 2.13843492247e-07, 1.04983691074e-07, 8.14648686287e-08, 7.36379277555e-08, 5.14636724347e-08, 3.16066888217e-08, 1.23878187708e-08, 2.10507389298e-09, 1.00654075352e-10],
        "median": [1.33754674607e-05, 5.40389628441e-05, 6.74352995702e-05, 2.54076603596e-05, 1.74509295903e-05, 3.80638448405e-05, 2.90793759632e-05, 1.73924072442e-05, 2.88694354822e-05, 1.39800058605e-05, 1.2728681213e-05, 2.92443428407e-06, 2.08176379601e-06, 2.14503984353e-06, 4.05896662414e-06, 1.93740288523e-06, 1.65482981629e-06, 1.43988347645e-06, 1.16680757856e-06, 8.39637948502e-07, 8.46967907364e-07, 8.55725033944e-07, 8.36245988012e-07, 6.78954336308e-07, 8.92816899523e-07, 6.97312827924e-07, 3.46317619915e-07, 3.50652015868e-07, 3.20306781987e-07, 1.97067834051e-07, 1.12880556458e-07, 9.17216880225e-08, 6.07718391166e-08, 5.27548920104e-08, 4.85293405461e-08, 3.51991822356e-08, 2.32183587912e-08, 9.21637166584e-09, 1.54715074085e-09, 6.98166524593e-11],
        "min": [2.30599107454e-06, 7.44287490306e-06, 1.22307355923e-05, 3.62738887816e-06, 2.93686980513e-06, 2.14290730582e-06, 2.27376835937e-06, 2.11444944398e-06, 3.43373443457e-07, 2.86211417233e-07, 2.91712296985e-07, 7.82300517699e-08, 2.29936475193e-07, 2.19712134708e-07, 1.14595025025e-07, 7.70425856444e-08, 8.51593497941e-08, 4.59848585876e-08, 4.45711769714e-08, 6.140220421e-08, 9.67390150208e-08, 7.9896736338e-08, 7.45364800991e-08, 5.07213329115e-08, 9.98672007313e-08, 1.03530176432e-07, 2.89921278096e-08, 1.96410265829e-08, 6.42470538992e-08, 4.80207766884e-08, 1.99092777819e-08, 1.60988982145e-08, 1.66079257014e-08, 1.04272723789e-08, 6.51135190211e-09, 8.7333065224e-09, 5.17109466358e-09, 2.05713845958e-09, 2.68641636714e-10, 1.39421677328e-11],
        "var": [4.01863264887e-10, 4.0783656452e-09, 2.78742873228e-09, 2.00893124358e-09, 3.19876847232e-10, 7.77617525927e-10, 1.09410447369e-09, 1.28001120814e-09, 7.30269578142e-09, 2.76961875656e-09, 6.1858340672e-10, 4.57999638215e-10, 3.9049768974e-10, 7.25389193157e-11, 2.04636155243e-10, 6.13076048261e-11, 1.41661363195e-10, 6.94363316844e-11, 1.59590587273e-11, 3.4913863467e-11, 1.24144427377e-11, 1.1850930827e-11, 4.18910045541e-11, 5.32280088061e-11, 1.87656279405e-11, 1.05889784788e-11, 1.10253386282e-11, 3.59834037567e-12, 4.28968330041e-13, 6.2630131116e-13, 4.21673167304e-13, 9.20503026559e-14, 1.81913200324e-14, 8.60656371068e-15, 7.57929993994e-15, 2.53865155182e-15, 5.95459185601e-16, 8.39618629639e-17, 3.44844690415e-18, 8.75543051847e-21]
    },
    "mfcc": {
        "dmean": [32.7408828735, 11.3407831192, 18.3854103088, 9.09990119934, 10.0364923477, 9.49968147278, 10.6386518478, 7.77490520477, 6.11526727676, 6.47031974792, 6.31273937225, 6.2587556839, 6.29813575745],
        "dmean2": [57.0121994019, 18.551525116, 28.6153793335, 15.7061834335, 17.2648258209, 16.1811847687, 17.8275909424, 14.0587100983, 10.0917024612, 10.1716470718, 10.4258356094, 10.1501340866, 9.83050060272],
        "dvar": [631.453918457, 86.948890686, 158.808410645, 86.6756210327, 70.2066726685, 51.0498123169, 79.4100799561, 32.894203186, 32.1983642578, 25.965593338, 28.3123970032, 24.6827354431, 28.647851944],
        "dvar2": [1606.61340332, 201.002166748, 530.894775391, 185.398956299, 179.577163696, 138.990402222, 198.407104492, 107.00995636, 90.6147460938, 68.0388946533, 75.5303497314, 69.6178207397, 76.9418334961],
        "max": [-670.645202637, 167.287597656, 24.0202980042, 84.5167999268, 16.9492874146, 28.7643051147, 21.4331893921, 29.0655078888, 3.68335342407, 32.2286491394, 18.707988739, 23.7957839966, 5.08695602417],
        "mean": [-758.72869873, 138.12411499, -18.6062755585, 37.2714691162, -17.7451763153, 3.5967400074, -12.2981901169, 6.53663444519, -10.5109901428, 10.6074457169, -2.53357768059, 5.42483854294, -8.96671390533],
        "median": [-761.608764648, 141.620666504, -17.525592804, 34.2372589111, -19.678276062, 3.34927368164, -12.9281921387, 6.03644561768, -9.30861282349, 11.2236022949, -2.28430175781, 5.95866394043, -7.97138977051],
        "min": [-882.276855469, 84.7632446289, -73.4987487793, 2.80658340454, -42.3895225525, -19.4115486145, -35.5557479858, -11.6911392212, -37.2833404541, -19.4052810669, -19.5497131348, -12.4621887207, -38.0081520081],
        "var": [1197.85119629, 295.960906982, 375.121032715, 179.182159424, 119.421188354, 82.0552597046, 121.425758362, 62.3332366943, 59.7080383301, 59.0794181824, 43.7705879211, 36.6035346985, 62.6012039185],
        "cov": [[1205.24536133, -309.482177734, -555.929504395, 115.077339172, -20.1436882019, -50.7267913818, -27.323266983, 79.2480697632, -76.8926086426, -15.7971611023, 13.0958919525, 25.8538227081, -106.87702179], [-309.482177734, 297.787841797, 166.110610962, -158.860443115, -66.048210144, 33.336555481, 19.8249702454, -69.8950042725, 42.9597663879, 18.8589916229, 24.5992355347, 20.2960414886, 45.272895813], [-555.929504395, 166.110610962, 377.436584473, -18.0233135223, 9.69390869141, 34.5495376587, -2.24395370483, -25.0635452271, 36.5039176941, 1.72162282467, -6.21579408646, -9.30135059357, 48.9333724976], [115.077339172, -158.860443115, -18.0233135223, 180.288223267, 86.7098617554, -47.3402786255, -43.8699417114, 34.1413345337, -20.8989295959, -9.42342567444, -10.8487033844, -16.4071369171, -14.736073494], [-20.1436882019, -66.048210144, 9.69390869141, 86.7098617554, 120.158363342, -18.3062858582, -43.4874305725, 21.2117366791, -7.47794294357, -3.71524715424, -17.6967601776, -12.7546081543, -1.78954136372], [-50.7267913818, 33.336555481, 34.5495376587, -47.3402786255, -18.3062858582, 82.5617675781, 62.7283210754, 3.38224697113, -0.474345892668, -22.7823143005, -5.65045070648, -4.55526638031, -19.039018631], [-27.323266983, 19.8249702454, -2.24395370483, -43.8699417114, -43.4874305725, 62.7283210754, 122.175300598, 19.328704834, -27.5646133423, -26.2689323425, -12.6086235046, 1.41956222057, -12.4876718521], [79.2480697632, -69.8950042725, -25.0635452271, 34.1413345337, 21.2117366791, 3.38224697113, 19.328704834, 62.7180099487, -10.3827733994, -23.2991027832, -10.7123231888, -3.12308359146, -11.168466568], [-76.8926086426, 42.9597663879, 36.5039176941, -20.8989295959, -7.47794294357, -0.474345892668, -27.5646133423, -10.3827733994, 60.0766067505, 23.700296402, -0.523959755898, -5.99806547165, 4.01192474365], [-15.7971611023, 18.8589916229, 1.72162282467, -9.42342567444, -3.71524715424, -22.7823143005, -26.2689323425, -23.2991027832, 23.700296402, 59.4441070557, 11.4443159103, -5.15253305435, 10.3376970291], [13.0958919525, 24.5992355347, -6.21579408646, -10.8487033844, -17.6967601776, -5.65045070648, -12.6086235046, -10.7123231888, -0.523959755898, 11.4443159103, 44.0407791138, 14.3764486313, -3.80752635002], [25.8538227081, 20.2960414886, -9.30135059357, -16.4071369171, -12.7546081543, -4.55526638031, 1.41956222057, -3.12308359146, -5.99806547165, -5.15253305435, 14.3764486313, 36.8294830322, 18.5204982758], [-106.87702179, 45.272895813, 48.9333724976, -14.736073494, -1.78954136372, -19.039018631, -12.4876718521, -11.168466568, 4.01192474365, 10.3376970291, -3.80752635002, 18.5204982758, 62.9876289368]],
        "icov": [[0.00970108993351, -0.0102728167549, 0.0151824615896, -0.015645571053, 0.0146187115461, -0.0156381987035, 0.0178881958127, -0.0172942690551, 0.0151795167476, -0.0130349714309, 0.0149533422664, -0.0138905011117, 0.0107183493674], [-0.0102728167549, 0.0278627444059, -0.0216478202492, 0.0300237499177, -0.020859150216, 0.0243251938373, -0.0266003739089, 0.030338710174, -0.0246869456023, 0.0206158366054, -0.0255918782204, 0.0153545001522, -0.0146227963269], [0.0151824615896, -0.0216478202492, 0.0295466389507, -0.0297632478178, 0.0240066125989, -0.029828671366, 0.0302329342812, -0.0293736439198, 0.0238839536905, -0.0208342708647, 0.0246051270515, -0.0185742601752, 0.0127022610977], [-0.015645571053, 0.0300237499177, -0.0297632478178, 0.0479374937713, -0.0342422239482, 0.0387461408973, -0.0348618365824, 0.0340365208685, -0.0285244360566, 0.0280359890312, -0.0323322117329, 0.0254604984075, -0.0161527115852], [0.0146187115461, -0.020859150216, 0.0240066125989, -0.0342422239482, 0.0409464947879, -0.0331734269857, 0.0386249832809, -0.034401062876, 0.0308129582554, -0.0255390610546, 0.0327218398452, -0.0219009462744, 0.0164771173149], [-0.0156381987035, 0.0243251938373, -0.029828671366, 0.0387461408973, -0.0331734269857, 0.0619181990623, -0.0489948093891, 0.0376337133348, -0.0361124612391, 0.0343089774251, -0.0321561619639, 0.0248655583709, -0.0096341073513], [0.0178881958127, -0.0266003739089, 0.0302329342812, -0.0348618365824, 0.0386249832809, -0.0489948093891, 0.0604590512812, -0.0455933660269, 0.0446225814521, -0.0326112657785, 0.0409066304564, -0.0287216510624, 0.0214466713369], [-0.0172942690551, 0.030338710174, -0.0293736439198, 0.0340365208685, -0.034401062876, 0.0376337133348, -0.0455933660269, 0.0640789493918, -0.0390160083771, 0.0373822785914, -0.0345197170973, 0.0260278359056, -0.0210376270115], [0.0151795167476, -0.0246869456023, 0.0238839536905, -0.0285244360566, 0.0308129582554, -0.0361124612391, 0.0446225814521, -0.0390160083771, 0.0575357973576, -0.0365238115191, 0.0362902991474, -0.0232831519097, 0.0215303134173], [-0.0130349714309, 0.0206158366054, -0.0208342708647, 0.0280359890312, -0.0255390610546, 0.0343089774251, -0.0326112657785, 0.0373822785914, -0.0365238115191, 0.0515398494899, -0.0355871394277, 0.0309418719262, -0.0217646937817], [0.0149533422664, -0.0255918782204, 0.0246051270515, -0.0323322117329, 0.0327218398452, -0.0321561619639, 0.0409066304564, -0.0345197170973, 0.0362902991474, -0.0355871394277, 0.0663467496634, -0.0418525449932, 0.0301328860223], [-0.0138905011117, 0.0153545001522, -0.0185742601752, 0.0254604984075, -0.0219009462744, 0.0248655583709, -0.0287216510624, 0.0260278359056, -0.0232831519097, 0.0309418719262, -0.0418525449932, 0.0681564286351, -0.0345700345933], [0.0107183493674, -0.0146227963269, 0.0127022610977, -0.0161527115852, 0.0164771173149, -0.0096341073513, 0.0214466713369, -0.0210376270115, 0.0215303134173, -0.0217646937817, 0.0301328860223, -0.0345700345933, 0.0431909896433]]
    }
}

}