{
"metadata": {
    "version": {
        "essentia": "2.0.1",
        "extractor": "archive-music 1.0 mod ismir14"
    },
    "audio_properties": {
        "analysis_sample_rate": 44100,
        "bitrate": 160,
        "channels": 2,
        "equal_loudness": 0,
        "length": 30.0669155121,
        "replay_gain": -13.4180603027,
        "downmix": "mix"
    },
    "tags": {
        "track": 0,
        "year": 0,
        "album": "",
        "artist": "",
        "comment": "",
        "genre": "",
        "title": ""
    }
},
"rhythm": {
    "bpm": 90.2942581177,
    "bpm_histogram_first_peak": 91,
    "bpm_histogram_first_peak_spread": 0.31707316637,
    "bpm_histogram_first_peak_weight": 0.651162803173,
    "bpm_histogram_second_peak": 83,
    "bpm_histogram_second_peak_spread": 0.5,
    "bpm_histogram_second_peak_weight": 0.0232558138669
},
"tonal": {
    "tuning_frequency": {
        "dmean": 0.125036731362,
        "dmean2": 0.228996708989,
        "dvar": 0.51108700037,
        "dvar2": 0.925101876259,
        "max": 452.37008667,
        "mean": 450.077178955,
        "median": 450.544708252,
        "min": 445.627075195,
        "var": 3.24063205719
    },
    "hpcp": {
        "dmean": [0.285395354033, 0.0739673525095, 0.158866867423, 0.163447365165, 0.377966612577, 0.29521048069, 0.117332756519, 0.316880643368, 0.131737157702, 0.0900062248111, 0.123809464276, 0.139090001583],
        "dmean2": [0.504836976528, 0.119640089571, 0.264652997255, 0.295985758305, 0.672149837017, 0.532644748688, 0.200024887919, 0.528274416924, 0.225004449487, 0.155534744263, 0.214578092098, 0.24550896883],
        "dvar": [0.0979414656758, 0.00748077593744, 0.036960426718, 0.0563723556697, 0.0918575823307, 0.0797009766102, 0.0151103660464, 0.089504674077, 0.0296453982592, 0.0164952781051, 0.0260789748281, 0.0348930694163],
        "dvar2": [0.177434578538, 0.0178862549365, 0.0864643156528, 0.164871007204, 0.239936664701, 0.184392973781, 0.0358704552054, 0.185088247061, 0.0908012241125, 0.0471553914249, 0.0700366944075, 0.096388079226],
        "max": [1, 0.520637273788, 1, 1, 1, 1, 0.667097985744, 1, 1, 1, 1, 1],
        "mean": [0.568738400936, 0.0794397294521, 0.186554521322, 0.147733896971, 0.400257050991, 0.392667710781, 0.128322541714, 0.42788079381, 0.119062811136, 0.0942814350128, 0.12155906111, 0.14292742312],
        "median": [0.571684241295, 0.0518775768578, 0.105538412929, 0.0698516368866, 0.284532696009, 0.25928914547, 0.0707283243537, 0.263820886612, 0.0692485645413, 0.0626803636551, 0.0717124268413, 0.0797932744026],
        "min": [0.00520061748102, 0.0027612131089, 0.010639782995, 0.00722363451496, 0.0123992664739, 0.0121767865494, 0.00482044974342, 0.00574216991663, 0.00136486371048, 0.00422449223697, 0.00307035446167, 0.00521530071273],
        "var": [0.157473653555, 0.00929735042155, 0.0470273680985, 0.0498153828084, 0.117129720747, 0.12793764472, 0.0187461562455, 0.148524776101, 0.0255589019507, 0.013669882901, 0.0238954406232, 0.0305083803833]
    }
},
"lowlevel": {
    "melbands": {
        "dmean": [6.59927682136e-05, 0.000168784710695, 4.8479236284e-05, 3.00694482576e-05, 2.78723800875e-05, 1.99243586394e-05, 2.84590623778e-05, 3.84965533158e-05, 6.83864418534e-05, 4.8622579925e-05, 1.94236254174e-05, 2.1788491722e-05, 2.82176533801e-05, 9.46724412643e-06, 1.72274576471e-05, 1.93565083464e-05, 5.05306979903e-06, 3.10840664497e-06, 1.40840836593e-06, 1.64065625086e-06, 3.18061142934e-06, 2.26464817388e-06, 4.11095743402e-06, 3.20221261063e-06, 1.79050107363e-06, 2.1633909455e-06, 1.92532979781e-06, 1.12926738893e-06, 4.84010286073e-07, 4.31574960658e-07, 1.93764947198e-07, 7.82246374342e-08, 4.24306527691e-08, 3.65426018334e-08, 3.10941281612e-08, 2.45824427481e-08, 1.65401914387e-08, 1.06380149134e-08, 3.35557892583e-09, 2.34493813256e-10],
        "dmean2": [0.00010529368592, 0.00027891425998, 8.57476188685e-05, 5.27459815203e-05, 4.94638152304e-05, 3.51386042894e-05, 4.99343332194e-05, 7.09900923539e-05, 0.000124524434796, 8.9102635684e-05, 3.73370530724e-05, 4.03907324653e-05, 5.16347899975e-05, 1.75997356564e-05, 3.07869886456e-05, 3.53420982719e-05, 9.53485596256e-06, 5.75096555622e-06, 2.56746852756e-06, 2.92977642857e-06, 5.80166943109e-06, 4.27488930654e-06, 7.78814683144e-06, 5.88391276324e-06, 3.33116804541e-06, 4.03225021728e-06, 3.57474254997e-06, 2.07847688216e-06, 8.97309234915e-07, 8.13767883301e-07, 3.6464018649e-07, 1.45129163798e-07, 7.89060266015e-08, 6.76301752378e-08, 5.68719649152e-08, 4.39607354963e-08, 3.06319201115e-08, 1.93142533078e-08, 6.05534955511e-09, 4.30581043043e-10],
        "dvar": [2.29206498226e-09, 1.77499099863e-08, 2.84898926672e-09, 6.13229134139e-10, 1.3323057102e-09, 4.37814118293e-10, 2.34427055545e-09, 2.51200971135e-09, 6.60350973902e-09, 9.77249214884e-09, 5.89873705437e-09, 1.18383680636e-09, 2.96734858907e-09, 2.13392650772e-10, 5.62020097128e-10, 9.92153137425e-10, 2.91892898741e-10, 3.9573001126e-11, 2.39010005364e-12, 1.69217396172e-12, 8.9540779305e-12, 5.41256752959e-12, 1.97156960896e-11, 8.07975127776e-12, 2.49452043223e-12, 4.77110408473e-12, 3.80053974403e-12, 1.36725331577e-12, 2.39740031212e-13, 2.12033664823e-13, 3.49603599379e-14, 5.30192734741e-15, 1.47431749002e-15, 9.54921757208e-16, 8.14442984032e-16, 5.34299859859e-16, 2.50617461456e-16, 1.35919102176e-16, 1.20253499132e-17, 5.81499311078e-20],
        "dvar2": [5.64567459449e-09, 4.75787054199e-08, 7.98062416152e-09, 1.71810365934e-09, 3.56542440016e-09, 1.12250309048e-09, 6.07897776561e-09, 7.45154693504e-09, 1.96481444448e-08, 2.64304045317e-08, 1.75901710975e-08, 3.50034357055e-09, 8.15440426294e-09, 6.26491913902e-10, 1.49091006207e-09, 2.62756416625e-09, 8.69284089156e-10, 1.14936532514e-10, 6.68067033985e-12, 4.67294215475e-12, 2.27126355917e-11, 1.46868368162e-11, 5.41740680093e-11, 2.21354861524e-11, 6.93469500573e-12, 1.31671028247e-11, 1.04315549254e-11, 3.79702259218e-12, 6.68574733336e-13, 5.89718703557e-13, 9.95407911913e-14, 1.59372823505e-14, 4.59129253916e-15, 2.69217839109e-15, 2.38563208528e-15, 1.59792797263e-15, 7.93967921296e-16, 4.21685320744e-16, 3.73512710767e-17, 1.87334320436e-19],
        "max": [0.000297156599117, 0.000795678293798, 0.000402570178267, 0.000148243416334, 0.000314362259815, 0.00018443830777, 0.000460540730273, 0.00027219162439, 0.000435615278548, 0.000787147029769, 0.000708232051693, 0.000192648163647, 0.000339325808454, 8.70740914252e-05, 0.000118589210615, 0.000184955846635, 0.000155353336595, 4.43033495685e-05, 1.08879166874e-05, 6.14412874711e-06, 1.68295446201e-05, 1.19136011563e-05, 2.60535780399e-05, 1.45837047967e-05, 8.44321857585e-06, 1.1234727026e-05, 9.74403155851e-06, 7.31954423827e-06, 2.86058093479e-06, 3.06353035739e-06, 1.12503232685e-06, 5.60323485388e-07, 2.4074807925e-07, 1.97534163249e-07, 1.6221152066e-07, 1.35759393061e-07, 8.25019341733e-08, 6.53720846344e-08, 1.99101126697e-08, 1.83096648954e-09],
        "mean": [9.87306921161e-05, 0.000261989160208, 8.44771493576e-05, 3.99834898417e-05, 2.70690470643e-05, 2.15644031414e-05, 2.87541333819e-05, 3.44946784026e-05, 5.87314061704e-05, 3.56394994014e-05, 1.40433048728e-05, 1.72478448803e-05, 2.0326460799e-05, 8.25336064736e-06, 1.42390681503e-05, 1.50905279952e-05, 3.75608851755e-06, 2.6909801818e-06, 1.53574751494e-06, 1.84849591278e-06, 2.80653148366e-06, 2.08957385439e-06, 3.61438924301e-06, 2.76046966974e-06, 1.71477211097e-06, 1.95328698283e-06, 1.58045691023e-06, 9.41909775065e-07, 4.54304995401e-07, 3.60868114058e-07, 1.90645067732e-07, 9.74004450427e-08, 5.94479274696e-08, 5.13303461958e-08, 4.60434108618e-08, 3.96194117513e-08, 2.1475928591e-08, 1.44446117289e-08, 4.19036272348e-09, 2.92470325736e-10],
        "median": [9.37016593525e-05, 0.00022439006716, 7.08998777554e-05, 3.26463814417e-05, 1.7585734895e-05, 1.47148084579e-05, 1.60144682013e-05, 1.97258923436e-05, 3.18259371852e-05, 7.89523255662e-06, 5.44041995454e-06, 7.17869579603e-06, 4.12612007494e-06, 3.63269919035e-06, 5.67386905459e-06, 4.11178643844e-06, 1.57409112944e-06, 1.27074497414e-06, 1.1619504221e-06, 1.39497251439e-06, 1.68994017713e-06, 1.31996102937e-06, 2.11853489418e-06, 1.59294131663e-06, 1.198584755e-06, 1.20860920561e-06, 8.17075374471e-07, 5.42276325177e-07, 3.06857515397e-07, 2.14205783777e-07, 1.42520732993e-07, 8.28066646363e-08, 4.89078040289e-08, 4.28867537039e-08, 3.9812313446e-08, 3.591934572e-08, 1.73532352932e-08, 1.15816884971e-08, 3.25833982018e-09, 2.22416529638e-10],
        "min": [5.71863120058e-06, 1.19724236356e-05, 1.1798554624e-05, 4.28433622801e-06, 5.32642957296e-07, 9.75017201199e-07, 1.64861330632e-06, 1.03704451249e-06, 6.69341829962e-07, 6.2835084691e-07, 2.27830653898e-07, 5.35685899195e-07, 2.05644070661e-07, 4.53102785514e-07, 6.39380004941e-07, 3.88017610931e-07, 1.19514638186e-07, 1.98126997475e-07, 1.56851911015e-07, 2.07451037681e-07, 2.32769167496e-07, 1.68251204968e-07, 1.58179517484e-07, 1.4639230983e-07, 1.49666732341e-07, 1.35938805101e-07, 8.10578271171e-08, 4.72310830446e-08, 3.67558676828e-08, 3.35408323338e-08, 1.82669328552e-08, 1.17860281534e-08, 9.0869018976e-09, 7.25528037648e-09, 5.76097214378e-09, 2.80792322727e-09, 3.06800163052e-09, 2.09823292074e-09, 7.38563654679e-10, 4.87162775398e-11],
        "var": [3.73743436199e-09, 2.98827025347e-08, 3.26967430908e-09, 7.87688747561e-10, 1.14383269523e-09, 5.07106967529e-10, 2.01054395355e-09, 1.9964001563e-09, 5.98277960506e-09, 6.81687906123e-09, 3.18587689563e-09, 8.59270488096e-10, 2.0482806562e-09, 1.56760660008e-10, 4.50591591816e-10, 7.62211682659e-10, 1.57341598084e-10, 2.67381013164e-11, 2.17118163726e-12, 2.03634374987e-12, 8.48833850431e-12, 4.80328927674e-12, 1.58942234374e-11, 7.66572656047e-12, 2.27010142455e-12, 3.90084362381e-12, 3.13717866789e-12, 1.14153098866e-12, 2.0293422704e-13, 1.6318916433e-13, 3.02560473691e-14, 5.48766981428e-15, 1.57890265973e-15, 1.06881063092e-15, 7.41384010051e-16, 4.74597219028e-16, 2.28317863281e-16, 1.21948246624e-16, 1.06438449665e-17, 5.07721424345e-20]
    },
    "mfcc": {
        "dmean": [40.8285217285, 11.6837244034, 18.8956794739, 12.1807107925, 10.8391361237, 10.8329286575, 10.4036169052, 7.67062091827, 4.93279743195, 6.59958362579, 7.28999137878, 5.68308830261, 6.38484621048],
        "dmean2": [76.1464691162, 19.72797966, 32.5372810364, 19.2827320099, 18.8781833649, 18.0403461456, 16.7940483093, 12.6995687485, 8.20774364471, 11.1899814606, 12.2178087234, 9.49389457703, 10.9308214188],
        "dvar": [801.85168457, 77.7147750854, 170.989364624, 89.2998962402, 58.8591156006, 78.4870605469, 73.4390945435, 41.9167518616, 15.9747600555, 26.7203807831, 29.5990848541, 18.0642223358, 17.710729599],
        "dvar2": [2494.07397461, 210.031463623, 546.909667969, 211.261306763, 185.78578186, 228.844787598, 198.804000854, 112.709144592, 38.0665016174, 73.2370986938, 72.9541168213, 52.4539680481, 56.0317649841],
        "max": [-688.630249023, 175.675598145, 18.0026893616, 72.7001571655, 18.8306884766, 35.8497657776, 28.8317260742, 45.6462631226, 4.78812408447, 34.4121856689, 16.2625541687, 28.9371318817, 10.8594970703],
        "mean": [-750.025817871, 144.264038086, -22.4866313934, 40.0029144287, -8.15945720673, 5.66128969193, 3.7618868351, 15.4217729568, -7.02601671219, 10.2957134247, 0.0586109161377, 12.6794595718, -2.78854632378],
        "median": [-748.949890137, 145.858566284, -23.763256073, 38.6875572205, -9.20869064331, 6.05551528931, 3.73733520508, 15.0411586761, -6.99429512024, 10.0938892365, -0.0984153747559, 12.7243385315, -2.62446975708],
        "min": [-843.499023438, 109.827583313, -54.6424484253, 3.14873886108, -33.6854858398, -19.6053581238, -19.3268299103, -3.86837005615, -20.9531574249, -10.4437408447, -17.5474395752, -1.60829925537, -16.7348651886],
        "var": [912.997314453, 141.173568726, 261.829772949, 201.435775757, 101.92363739, 94.8626174927, 98.6445541382, 65.6437911987, 29.8406219482, 55.9714355469, 47.9630737305, 35.1765975952, 33.5313568115],
        "cov": [[918.633117676, -12.4091720581, -361.662689209, 16.358537674, -180.263580322, -86.2926712036, -45.2110404968, -18.9944095612, -36.6069297791, -20.0863418579, -46.057258606, 2.75027537346, -48.1874351501], [-12.4091720581, 142.045013428, 22.2388973236, -114.301971436, -32.7056274414, 7.09385251999, 23.0250263214, 11.6379537582, -15.7036581039, 0.443432331085, 42.2027664185, 4.74614477158, -0.82519698143], [-361.662689209, 22.2388973236, 263.446014404, -25.8340091705, 95.5459136963, 28.1890277863, -13.3446388245, 6.33028316498, 8.35641098022, 25.3607158661, -0.119507402182, -8.49895381927, 13.1088705063], [16.358537674, -114.301971436, -25.8340091705, 202.679199219, 46.4711990356, -26.944814682, -52.489276886, -29.3071594238, 37.8483161926, 16.2520503998, -36.8086471558, -12.5756387711, 18.9797401428], [-180.263580322, -32.7056274414, 95.5459136963, 46.4711990356, 102.55279541, 9.95640087128, -11.3885145187, -17.6441650391, 16.8804683685, 31.2938365936, -9.02941036224, 0.736979067326, 2.59404397011], [-86.2926712036, 7.09385251999, 28.1890277863, -26.944814682, 9.95640087128, 95.4481887817, 60.1741294861, 16.1759319305, -8.9946308136, -6.3828458786, 33.1496391296, -6.26245212555, -15.1435184479], [-45.2110404968, 23.0250263214, -13.3446388245, -52.489276886, -11.3885145187, 60.1741294861, 99.2534713745, 42.8068466187, -8.16045570374, -16.6000175476, 29.8774108887, 14.8999729156, -10.7005262375], [-18.9944095612, 11.6379537582, 6.33028316498, -29.3071594238, -17.6441650391, 16.1759319305, 42.8068466187, 66.0489959717, 5.62187099457, -20.5831794739, 9.23504066467, 9.57488155365, 6.40565299988], [-36.6069297791, -15.7036581039, 8.35641098022, 37.8483161926, 16.8804683685, -8.9946308136, -8.16045570374, 5.62187099457, 30.0248241425, 20.0577487946, -2.28814554214, 1.87194824219, 9.36554145813], [-20.0863418579, 0.443432331085, 25.3607158661, 16.2520503998, 31.2938365936, -6.3828458786, -16.6000175476, -20.5831794739, 20.0577487946, 56.3169364929, 7.83780384064, -2.25750589371, -1.96157228947], [-46.057258606, 42.2027664185, -0.119507402182, -36.8086471558, -9.02941036224, 33.1496391296, 29.8774108887, 9.23504066467, -2.28814554214, 7.83780384064, 48.2591400146, 9.75921344757, -4.76373434067], [2.75027537346, 4.74614477158, -8.49895381927, -12.5756387711, 0.736979067326, -6.26245212555, 14.8999729156, 9.57488155365, 1.87194824219, -2.25750589371, 9.75921344757, 35.393737793, 8.50529956818], [-48.1874351501, -0.82519698143, 13.1088705063, 18.9797401428, 2.59404397011, -15.1435184479, -10.7005262375, 6.40565299988, 9.36554145813, -1.96157228947, -4.76373434067, 8.50529956818, 33.7383422852]],
        "icov": [[0.00785170309246, -0.00629648612812, 0.00847515463829, -0.00568726146594, 0.00935499276966, -0.00545597216114, 0.00825135968626, -0.0092189675197, 0.015840170905, -0.0141714913771, 0.0174019522965, -0.0113799320534, 0.0122707858682], [-0.00629648612812, 0.0246843025088, -0.00880376808345, 0.0142461480573, -0.00566505547613, 0.0123783033341, -0.00939826574177, 0.0112612396479, -0.0153269292787, 0.0131610985845, -0.0305469799787, 0.0172002986073, -0.015739608556], [0.00847515463829, -0.00880376808345, 0.0183887314051, -0.00267397635616, -2.57250485447e-05, -0.0105574652553, 0.0144699960947, -0.0146451685578, 0.0178420841694, -0.0160879045725, 0.0211715716869, -0.0098517043516, 0.00846674945205], [-0.00568726146594, 0.0142461480573, -0.00267397635616, 0.0208684056997, -0.0126295378432, 0.00432823784649, -0.00325143733062, 0.0120797920972, -0.0276653375477, 0.0161685626954, -0.0162785500288, 0.0153672304004, -0.0164388753474], [0.00935499276966, -0.00566505547613, -2.57250485447e-05, -0.0126295378432, 0.0374685004354, -0.00851503107697, 0.00514107057825, -0.00462759425864, 0.0169259645045, -0.0247750226408, 0.0259623732418, -0.0219063740224, 0.0191933754832], [-0.00545597216114, 0.0123783033341, -0.0105574652553, 0.00432823784649, -0.00851503107697, 0.0359953939915, -0.0240449011326, 0.0114369206131, -0.00866248365492, 0.0160425081849, -0.0348814204335, 0.0239893607795, -0.00644433125854], [0.00825135968626, -0.00939826574177, 0.0144699960947, -0.00325143733062, 0.00514107057825, -0.0240449011326, 0.0403359271586, -0.0252739544958, 0.0189523976296, -0.0154825905338, 0.0207837447524, -0.0233290009201, 0.0168204028159], [-0.0092189675197, 0.0112612396479, -0.0146451685578, 0.0120797920972, -0.00462759425864, 0.0114369206131, -0.0252739544958, 0.0462926924229, -0.0446127317846, 0.0322451926768, -0.0237142294645, 0.015577702783, -0.0183293875307], [0.015840170905, -0.0153269292787, 0.0178420841694, -0.0276653375477, 0.0169259645045, -0.00866248365492, 0.0189523976296, -0.0446127317846, 0.117260314524, -0.0626745522022, 0.0360198356211, -0.0264257229865, 0.0157247968018], [-0.0141714913771, 0.0131610985845, -0.0160879045725, 0.0161685626954, -0.0247750226408, 0.0160425081849, -0.0154825905338, 0.0322451926768, -0.0626745522022, 0.0671802908182, -0.0458795391023, 0.0265993010253, -0.016570372507], [0.0174019522965, -0.0305469799787, 0.0211715716869, -0.0162785500288, 0.0259623732418, -0.0348814204335, 0.0207837447524, -0.0237142294645, 0.0360198356211, -0.0458795391023, 0.0933930650353, -0.0448697991669, 0.0303124599159], [-0.0113799320534, 0.0172002986073, -0.0098517043516, 0.0153672304004, -0.0219063740224, 0.0239893607795, -0.0233290009201, 0.015577702783, -0.0264257229865, 0.0265993010253, -0.0448697991669, 0.0633864477277, -0.0319875478745], [0.0122707858682, -0.015739608556, 0.00846674945205, -0.0164388753474, 0.0191933754832, -0.00644433125854, 0.0168204028159, -0.0183293875307, 0.0157247968018, -0.016570372507, 0.0303124599159, -0.0319875478745, 0.064200989902]]
    }
}

}