{
"metadata": {
    "version": {
        "essentia": "2.0.1",
        "extractor": "archive-music 1.0 mod ismir14"
    },
    "audio_properties": {
        "analysis_sample_rate": 44100,
        "bitrate": 721,
        "channels": 2,
        "equal_loudness": 0,
        "length": 29.9995231628,
        "replay_gain": -13.4567604065,
        "downmix": "mix"
    },
    "tags": {
        "track": 0,
        "year": 0,
        "album": "",
        "artist": "",
        "comment": "",
        "genre": "",
        "title": ""
    }
},
"rhythm": {
    "bpm": 87.6592712402,
    "bpm_histogram_first_peak": 89,
    "bpm_histogram_first_peak_spread": 0.444444477558,
    "bpm_histogram_first_peak_weight": 0.476190507412,
    "bpm_histogram_second_peak": 82,
    "bpm_histogram_second_peak_spread": 0,
    "bpm_histogram_second_peak_weight": 0.142857149243
},
"tonal": {
    "tuning_frequency": {
        "dmean": 0.165904134512,
        "dmean2": 0.331097066402,
        "dvar": 2.56479215622,
        "dvar2": 6.0612745285,
        "max": 456.570251465,
        "mean": 444.690673828,
        "median": 440.763122559,
        "min": 434.444000244,
        "var": 23.8592967987
    },
    "hpcp": {
        "dmean": [0.168544471264, 0.151749104261, 0.174539029598, 0.232809811831, 0.0877375677228, 0.147025719285, 0.200866252184, 0.239988863468, 0.158207640052, 0.123030096292, 0.254887342453, 0.0701690688729],
        "dmean2": [0.283570438623, 0.268173009157, 0.305871546268, 0.407849371433, 0.154845789075, 0.248750060797, 0.342518389225, 0.405689656734, 0.27449414134, 0.219667896628, 0.427689105272, 0.12292394042],
        "dvar": [0.0419399552047, 0.0521239154041, 0.0624757893384, 0.0760884284973, 0.0199520997703, 0.050296805799, 0.0581270419061, 0.0659338012338, 0.0492473058403, 0.0356181412935, 0.070356361568, 0.0159419011325],
        "dvar2": [0.102487809956, 0.135241165757, 0.155500143766, 0.182322457433, 0.0546704493463, 0.104671724141, 0.135651305318, 0.149311423302, 0.117138661444, 0.101074621081, 0.151514410973, 0.0429369434714],
        "max": [1, 1, 1, 1, 1, 1, 1, 1, 1, 1, 1, 1],
        "mean": [0.236523851752, 0.135991081595, 0.169315859675, 0.279021799564, 0.0794917270541, 0.250087499619, 0.278916597366, 0.331688821316, 0.194292068481, 0.109958015382, 0.624188244343, 0.0696913078427],
        "median": [0.131287261844, 0.0441372394562, 0.0560334473848, 0.128885731101, 0.0291554145515, 0.0840614661574, 0.142247721553, 0.200531452894, 0.0707128122449, 0.0388853773475, 0.668297767639, 0.0286789946258],
        "min": [0.0014814035967, 0.000207392600714, 0.000885239627678, 0.00096974830376, 0.000506106182002, 0.00179168069735, 0.00062886159867, 0.0018113219412, 0.000419911899371, 0.000440498755779, 0.00740664312616, 0.000663480837829],
        "var": [0.0692471712828, 0.0473111122847, 0.0672909244895, 0.104441165924, 0.0175599344075, 0.110737040639, 0.104060515761, 0.109477862716, 0.0747766941786, 0.032126262784, 0.12912863493, 0.0141623122618]
    }
},
"lowlevel": {
    "melbands": {
        "dmean": [4.69790538773e-05, 0.000211724167457, 0.000217564651393, 0.000104701408418, 6.6854954639e-05, 0.000115832306619, 0.000128186875372, 0.000130208412884, 0.000129485022626, 6.85515187797e-05, 5.00900241605e-05, 2.94924775517e-05, 2.34734452533e-05, 1.50101732288e-05, 2.39942946791e-05, 1.41466889545e-05, 1.62052874657e-05, 1.2233441339e-05, 9.50230696617e-06, 8.57887062011e-06, 7.04187687006e-06, 7.12800283509e-06, 8.57626673678e-06, 9.39472465689e-06, 6.81329493091e-06, 5.41642702956e-06, 4.51936875834e-06, 2.47081470661e-06, 1.36989774546e-06, 1.18541049687e-06, 8.51625770792e-07, 5.16439683906e-07, 2.46095794409e-07, 1.82143381267e-07, 1.71755715428e-07, 1.29240092406e-07, 7.94286165728e-08, 3.27323377292e-08, 5.89733906153e-09, 3.02853547796e-10],
        "dmean2": [7.02669349266e-05, 0.00033031476778, 0.000343498948496, 0.000140317672049, 0.000107589687104, 0.000187631216249, 0.00020845074323, 0.00022149180586, 0.000191145343706, 0.000101554265711, 7.26820580894e-05, 4.71179009764e-05, 3.63851177099e-05, 2.30271034525e-05, 3.63790350093e-05, 2.03576673812e-05, 2.45990941039e-05, 1.88371432159e-05, 1.48188437379e-05, 1.28747342387e-05, 1.12558136607e-05, 1.09661777969e-05, 1.23903628264e-05, 1.3453610336e-05, 1.03832753666e-05, 7.87495628174e-06, 6.83611870045e-06, 3.8262032831e-06, 2.16587955038e-06, 1.89376885373e-06, 1.31405784032e-06, 8.25627466838e-07, 3.9079455405e-07, 2.92037526606e-07, 2.74858109606e-07, 2.05602944447e-07, 1.2981061559e-07, 5.4891330592e-08, 9.79831860093e-09, 4.8573300937e-10],
        "dvar": [3.66156860387e-09, 9.51415799477e-08, 7.56422267045e-08, 2.85110743903e-08, 9.03539376651e-09, 2.02810053196e-08, 3.19104032087e-08, 5.54619568049e-08, 4.99466885628e-08, 2.37663435598e-08, 6.55724852194e-09, 1.04811048729e-08, 6.28296481509e-09, 1.41786482555e-09, 4.31690017066e-09, 1.21114418494e-09, 2.51754284086e-09, 6.73356648218e-10, 4.24202561966e-10, 5.4131449323e-10, 1.96968732991e-10, 2.05404304676e-10, 3.04683389629e-10, 4.05102618117e-10, 1.85169685141e-10, 1.0832892916e-10, 1.2865862542e-10, 4.47268368176e-11, 5.67911256216e-12, 7.77883747e-12, 4.65803524224e-12, 1.60653098897e-12, 2.04238820409e-13, 6.98734012273e-14, 6.49204133377e-14, 2.67848148717e-14, 1.19950300777e-14, 3.34400751345e-15, 9.52621427481e-17, 2.01309860002e-19],
        "dvar2": [6.01140204282e-09, 2.12253652876e-07, 1.71642298596e-07, 4.96754992696e-08, 2.32582024751e-08, 4.92516853967e-08, 8.27260961955e-08, 1.47787972082e-07, 7.83686431305e-08, 3.66294372611e-08, 1.28911876729e-08, 2.47262370578e-08, 1.31232722467e-08, 2.82365220095e-09, 9.66609015052e-09, 2.17927453861e-09, 6.13086781343e-09, 1.55510759825e-09, 1.03466113455e-09, 1.29854360598e-09, 4.32018171237e-10, 4.67827443451e-10, 5.14846332234e-10, 8.6218743256e-10, 4.02468586236e-10, 2.2942162059e-10, 2.85133305855e-10, 7.63287349992e-11, 1.37900602395e-11, 1.67190740419e-11, 1.00664051747e-11, 3.76204015856e-12, 4.66253121181e-13, 1.4996637016e-13, 1.53544332197e-13, 6.45035850362e-14, 3.1305578789e-14, 9.01430080753e-15, 2.45879873833e-16, 5.00916745821e-19],
        "max": [0.000886020017788, 0.00328152207658, 0.00260191061534, 0.00231916387565, 0.001260522753, 0.00120159401558, 0.00136353063863, 0.001496504643, 0.00388198206201, 0.00258317682892, 0.00113643915392, 0.0011211745441, 0.00108434283175, 0.000510907440912, 0.000908247078769, 0.000577172264457, 0.000739703944419, 0.000335842516506, 0.000202686467674, 0.00038608169416, 0.000142832228448, 0.000139328782097, 0.000189213664271, 0.000289119139779, 0.000190887454664, 0.000128091574879, 0.00015920487931, 9.63858692558e-05, 2.57190895354e-05, 5.23229391547e-05, 3.45072039636e-05, 2.19810735871e-05, 6.65816651235e-06, 4.27607074016e-06, 3.7390802845e-06, 1.69801171523e-06, 1.34867286761e-06, 8.00228690423e-07, 1.0513608828e-07, 4.55016868628e-09],
        "mean": [7.9278514022e-05, 0.000292665441521, 0.000323415180901, 0.00016784996842, 9.17998622754e-05, 0.000166529440321, 0.000165067016496, 0.000123462988995, 0.000199385511223, 0.00010143702093, 7.69920225139e-05, 3.47567765857e-05, 2.71136996162e-05, 1.90844712051e-05, 3.05573776131e-05, 1.7756703528e-05, 1.89618640434e-05, 1.54629342433e-05, 1.09277971205e-05, 9.96739527181e-06, 9.11337338039e-06, 9.27638666326e-06, 1.40539514177e-05, 1.54596618813e-05, 9.84286907624e-06, 8.41943256091e-06, 6.95062726663e-06, 3.90436889575e-06, 2.12421059587e-06, 1.75755667442e-06, 1.40219901823e-06, 8.62752358444e-07, 4.23285626994e-07, 3.2753234791e-07, 2.98301955581e-07, 2.0875219775e-07, 1.2795644011e-07, 5.0108649674e-08, 8.71577476858e-09, 4.64889293728e-10],
        "median": [4.69548249384e-05, 0.00017454828776, 0.000221578462515, 9.51366018853e-05, 6.04298329563e-05, 0.000112689209345, 8.87030328158e-05, 4.07814004575e-05, 8.52307566674e-05, 3.97648400394e-05, 3.66553176718e-05, 9.32692091737e-06, 6.01364490649e-06, 6.25106622465e-06, 1.2100758795e-05, 5.51585935682e-06, 4.7908729357e-06, 3.67913935406e-06, 3.23497988575e-06, 2.12212034967e-06, 2.22234893954e-06, 2.06383992918e-06, 1.8780543769e-06, 1.60420051998e-06, 2.18271293306e-06, 2.40169242716e-06, 1.03328261503e-06, 1.14033423415e-06, 1.07968878638e-06, 6.14597468029e-07, 3.77194339762e-07, 3.32029770789e-07, 2.10536484246e-07, 1.92045575886e-07, 1.64718485962e-07, 1.15445722315e-07, 8.42529672695e-08, 3.14738777263e-08, 5.06044539605e-09, 2.65689581447e-10],
        "min": [4.16514967583e-06, 6.61172362015e-06, 1.66006993823e-05, 5.51720313524e-06, 2.36491382566e-06, 6.95159769748e-06, 3.34518404088e-06, 1.9430510747e-06, 1.59926969445e-06, 8.67665278292e-07, 1.14096496873e-06, 1.82948042493e-07, 2.76958331824e-07, 1.59546317491e-07, 2.32667034084e-07, 5.42088514521e-07, 1.99253392452e-07, 2.2861578941e-07, 1.1336858563e-07, 2.1382042803e-07, 1.43752771464e-07, 1.11223151578e-07, 1.80100826697e-07, 1.38427338925e-07, 2.08852384276e-07, 3.59025364105e-07, 9.80605463496e-08, 5.33606616671e-08, 1.44177477068e-07, 1.22797601421e-07, 5.22200629405e-08, 6.8738479797e-08, 3.41809993643e-08, 3.00933677977e-08, 2.54684184853e-08, 1.73390226621e-08, 9.45006561892e-09, 3.471966048e-09, 4.41588515754e-10, 4.63227754766e-11],
        "var": [1.03402069129e-08, 1.23349067849e-07, 1.03908028848e-07, 5.96242770712e-08, 1.10989617497e-08, 2.7451305229e-08, 3.80401878886e-08, 4.63949980656e-08, 1.79767823738e-07, 5.55743042696e-08, 1.49316079501e-08, 1.14080149771e-08, 8.13490519391e-09, 2.13843387442e-09, 5.26783372479e-09, 1.9551467112e-09, 3.05396574696e-09, 1.3149518141e-09, 4.7786852253e-10, 7.99071475655e-10, 3.46667028417e-10, 3.21110610324e-10, 8.16582579333e-10, 1.14737930268e-09, 4.00416061419e-10, 2.53631560199e-10, 2.82864065504e-10, 9.58674598039e-11, 1.04651287636e-11, 1.55503769583e-11, 9.36264867718e-12, 2.41876245595e-12, 4.33518807874e-13, 1.88249847026e-13, 1.76823480988e-13, 6.0260837661e-14, 1.73022200408e-14, 3.38807186144e-15, 1.23204184726e-16, 3.16980599663e-19]
    },
    "mfcc": {
        "dmean": [27.2955303192, 9.88143825531, 12.1444120407, 7.75143861771, 8.37531471252, 6.90775632858, 7.15949773788, 6.69661998749, 5.85266971588, 6.28029966354, 6.00407075882, 5.26097726822, 5.93931055069],
        "dmean2": [39.5790519714, 15.0457468033, 17.4106712341, 11.5128068924, 12.5082912445, 10.1952915192, 10.4262075424, 10.4859170914, 9.20435714722, 9.87231731415, 9.39166927338, 7.99167823792, 9.15414905548],
        "dvar": [507.817565918, 70.6567230225, 103.814300537, 38.4921188354, 48.6241455078, 31.7592754364, 37.7559547424, 29.6096038818, 20.2588024139, 23.9013195038, 23.2800273895, 16.8779449463, 22.3041343689],
        "dvar2": [944.940490723, 167.758255005, 194.253509521, 78.1605529785, 104.723930359, 65.5322418213, 74.6413269043, 70.8076171875, 51.7359809875, 54.1333580017, 56.8456268311, 39.8164825439, 52.9929084778],
        "max": [-588.26940918, 183.292022705, 36.8817634583, 92.2954559326, 17.3879547119, 37.3030738831, 30.9153137207, 35.7610931396, 5.83969116211, 42.8628540039, 23.1717453003, 30.479724884, 11.7507591248],
        "mean": [-697.25769043, 139.009796143, -18.4350643158, 40.0406761169, -21.2513103485, 7.10972499847, -14.0124645233, 8.94712734222, -13.2827806473, 12.9569454193, -4.46771287918, 7.12635469437, -11.7017993927],
        "median": [-707.360839844, 141.86126709, -16.192276001, 37.8435249329, -21.7875480652, 7.25445556641, -14.8205051422, 8.4900932312, -12.4493637085, 13.4728527069, -4.91126251221, 7.22781944275, -10.3253078461],
        "min": [-779.240234375, 65.0936584473, -82.6687698364, -2.11046600342, -64.3314361572, -21.3484916687, -43.3706474304, -17.5781097412, -44.9414749146, -26.9850540161, -25.820476532, -17.9413490295, -49.7571868896],
        "var": [1684.42041016, 404.21282959, 466.421081543, 216.682281494, 169.501800537, 115.611198425, 150.445861816, 87.0930480957, 76.0910797119, 85.9122543335, 66.083694458, 52.0782814026, 89.321685791],
        "cov": [[1687.02783203, -380.374694824, -661.25390625, 129.971862793, 39.2922058105, -88.3704071045, -54.5631637573, 111.573699951, -64.6344985962, -23.812335968, -43.8492774963, 17.815290451, -92.9949951172], [-380.374694824, 404.838562012, 171.511474609, -169.802230835, -69.7099761963, 26.8434047699, 6.67549943924, -78.4070587158, 42.0027732849, 24.7826461792, 31.6756973267, 23.3276138306, 58.7211380005], [-661.25390625, 171.511474609, 467.143096924, -3.03337574005, 10.1237974167, 55.6885223389, 8.57016849518, -14.9457111359, 19.521522522, 5.22818422318, -2.89141607285, -12.6474990845, 37.1699714661], [129.971862793, -169.802230835, -3.03337574005, 217.017700195, 109.644920349, -49.726234436, -36.8380775452, 43.6521263123, -14.0754117966, -20.9600410461, -15.6489562988, -15.0683851242, -10.0097732544], [39.2922058105, -69.7099761963, 10.1237974167, 109.644920349, 169.764190674, -7.58846139908, -45.7782402039, 28.0881748199, -10.5008249283, -9.48739051819, -21.1305828094, -10.2811059952, -0.920479059219], [-88.3704071045, 26.8434047699, 55.6885223389, -49.726234436, -7.58846139908, 115.790161133, 74.7313613892, 3.79228425026, -1.22249615192, -18.7699050903, -6.23240804672, -4.90184354782, -21.7236747742], [-54.5631637573, 6.67549943924, 8.57016849518, -36.8380775452, -45.7782402039, 74.7313613892, 150.678741455, 30.9127540588, -26.924949646, -21.6133289337, -10.212931633, 3.29151105881, -16.4614219666], [111.573699951, -78.4070587158, -14.9457111359, 43.6521263123, 28.0881748199, 3.79228425026, 30.9127540588, 87.2278671265, -3.19544219971, -24.9456100464, -12.31062603, -3.51964569092, -9.848072052], [-64.6344985962, 42.0027732849, 19.521522522, -14.0754117966, -10.5008249283, -1.22249615192, -26.924949646, -3.19544219971, 76.2088699341, 33.0871963501, 5.7816491127, -0.200260072947, 5.81085014343], [-23.812335968, 24.7826461792, 5.22818422318, -20.9600410461, -9.48739051819, -18.7699050903, -21.6133289337, -24.9456100464, 33.0871963501, 86.0452423096, 21.2046699524, -0.107441335917, 12.2481184006], [-43.8492774963, 31.6756973267, -2.89141607285, -15.6489562988, -21.1305828094, -6.23240804672, -10.212931633, -12.31062603, 5.7816491127, 21.2046699524, 66.1859970093, 19.9959144592, -4.68354320526], [17.815290451, 23.3276138306, -12.6474990845, -15.0683851242, -10.2811059952, -4.90184354782, 3.29151105881, -3.51964569092, -0.200260072947, -0.107441335917, 19.9959144592, 52.1588973999, 27.5940303802], [-92.9949951172, 58.7211380005, 37.1699714661, -10.0097732544, -0.920479059219, -21.7236747742, -16.4614219666, -9.848072052, 5.81085014343, 12.2481184006, -4.68354320526, 27.5940303802, 89.4599533081]],
        "icov": [[0.00286353984848, -0.00173714745324, 0.00428444053978, -0.00328828790225, 0.00300090201199, -0.00359543249942, 0.00490925554186, -0.00549842091277, 0.00466945767403, -0.00402517756447, 0.00482602696866, -0.004061114043, 0.00317782536149], [-0.00173714745324, 0.00832215230912, -0.004972204566, 0.00811633560807, -0.00473747542128, 0.00597566831857, -0.0064141205512, 0.00850281585008, -0.0075993463397, 0.00632177013904, -0.00666111381724, 0.00381763488986, -0.00503445416689], [0.00428444053978, -0.004972204566, 0.00979810673743, -0.00749136740342, 0.00554064800963, -0.00864071492106, 0.00873267836869, -0.00946281570941, 0.00801551155746, -0.00714320782572, 0.00772686069831, -0.00483307708055, 0.00368481781334], [-0.00328828790225, 0.00811633560807, -0.00749136740342, 0.0179845038801, -0.0114438720047, 0.0126940701157, -0.00995156634599, 0.00876329373568, -0.00973484199494, 0.00990189332515, -0.00935821328312, 0.00722605129704, -0.00496473303065], [0.00300090201199, -0.00473747542128, 0.00554064800963, -0.0114438720047, 0.0161622725427, -0.0113354269415, 0.0128921102732, -0.011190764606, 0.0104355569929, -0.00866460520774, 0.00984458997846, -0.00626859627664, 0.00415802234784], [-0.00359543249942, 0.00597566831857, -0.00864071492106, 0.0126940701157, -0.0113354269415, 0.0263712126762, -0.0187982432544, 0.0130740301684, -0.0134487776086, 0.0121548203751, -0.00913589354604, 0.00684874411672, -0.00176346150693], [0.00490925554186, -0.0064141205512, 0.00873267836869, -0.00995156634599, 0.0128921102732, -0.0187982432544, 0.026141570881, -0.0187524557114, 0.0172868780792, -0.0123464660719, 0.0134787363932, -0.0107938619331, 0.00748793315142], [-0.00549842091277, 0.00850281585008, -0.00946281570941, 0.00876329373568, -0.011190764606, 0.0130740301684, -0.0187524557114, 0.0313673242927, -0.017115900293, 0.0155103011057, -0.0123699661344, 0.00953532848507, -0.00792316813022], [0.00466945767403, -0.0075993463397, 0.00801551155746, -0.00973484199494, 0.0104355569929, -0.0134487776086, 0.0172868780792, -0.017115900293, 0.0300944820046, -0.0175566729158, 0.0126602081582, -0.00927774235606, 0.00753434374928], [-0.00402517756447, 0.00632177013904, -0.00714320782572, 0.00990189332515, -0.00866460520774, 0.0121548203751, -0.0123464660719, 0.0155103011057, -0.0175566729158, 0.0264082942158, -0.0153035111725, 0.0114244725555, -0.00876024458557], [0.00482602696866, -0.00666111381724, 0.00772686069831, -0.00935821328312, 0.00984458997846, -0.00913589354604, 0.0134787363932, -0.0123699661344, 0.0126602081582, -0.0153035111725, 0.0322522521019, -0.0193626116961, 0.0130666187033], [-0.004061114043, 0.00381763488986, -0.00483307708055, 0.00722605129704, -0.00626859627664, 0.00684874411672, -0.0107938619331, 0.00953532848507, -0.00927774235606, 0.0114244725555, -0.0193626116961, 0.0366563312709, -0.0165306236595], [0.00317782536149, -0.00503445416689, 0.00368481781334, -0.00496473303065, 0.00415802234784, -0.00176346150693, 0.00748793315142, -0.00792316813022, 0.00753434374928, -0.00876024458557, 0.0130666187033, -0.0165306236595, 0.0223128125072]]
    }
}

}