{
"metadata": {
    "version": {
        "essentia": "2.0.1",
        "extractor": "archive-music 1.0 mod ismir14"
    },
    "audio_properties": {
        "analysis_sample_rate": 44100,
        "bitrate": 721,
        "channels": 2,
        "equal_loudness": 0,
        "length": 29.9995231628,
        "replay_gain": -13.8808917999,
        "downmix": "mix"
    },
    "tags": {
        "track": 0,
        "year": 0,
        "album": "",
        "artist": "",
        "comment": "",
        "genre": "",
        "title": ""
    }
},
"rhythm": {
    "bpm": 90.231262207,
    "bpm_histogram_first_peak": 91,
    "bpm_histogram_first_peak_spread": 0.357142865658,
    "bpm_histogram_first_peak_weight": 0.62790697813,
    "bpm_histogram_second_peak": 85,
    "bpm_histogram_second_peak_spread": 0,
    "bpm_histogram_second_peak_weight": 0.0232558138669
},
"tonal": {
    "tuning_frequency": {
        "dmean": 0.192557647824,
        "dmean2": 0.370179772377,
        "dvar": 2.03275084496,
        "dvar2": 4.25997400284,
        "max": 456.04309082,
        "mean": 449.080963135,
        "median": 451.84777832,
        "min": 435.448913574,
        "var": 23.1976490021
    },
    "hpcp": {
        "dmean": [0.228548809886, 0.144238054752, 0.121497988701, 0.135495945811, 0.232007816434, 0.281573861837, 0.185681134462, 0.216334462166, 0.125088691711, 0.0889632254839, 0.104816496372, 0.114845775068],
        "dmean2": [0.399724155664, 0.272634327412, 0.210973456502, 0.2438441962, 0.417860746384, 0.508601725101, 0.35130739212, 0.383265852928, 0.229219734669, 0.162248238921, 0.180261492729, 0.208180248737],
        "dvar": [0.0864741206169, 0.062611207366, 0.038614012301, 0.0551116876304, 0.0871031060815, 0.104564934969, 0.088925473392, 0.0784297809005, 0.0533568784595, 0.0319695770741, 0.0318812765181, 0.0401689372957],
        "dvar2": [0.185394823551, 0.177515432239, 0.102201059461, 0.140171051025, 0.228846371174, 0.22778005898, 0.255710959435, 0.199855074286, 0.14270631969, 0.0880701765418, 0.0824033245444, 0.110758796334],
        "max": [1, 1, 1, 1, 1, 1, 1, 1, 1, 1, 1, 1],
        "mean": [0.445367366076, 0.0944069772959, 0.136646926403, 0.131263062358, 0.223496854305, 0.448959946632, 0.133621141315, 0.264889627695, 0.124078862369, 0.0764067694545, 0.0977433547378, 0.103073842824],
        "median": [0.248962715268, 0.0179296489805, 0.0426344275475, 0.0270857904106, 0.063650123775, 0.290387332439, 0.0189067143947, 0.108319461346, 0.0299483742565, 0.0257834922522, 0.027996275574, 0.0329781211913],
        "min": [0.00183695333544, 0.000394028669689, 0.0012551859254, 0.000201555885724, 0.00185340654571, 0.000942071666941, 0.000344559899531, 0.00105526007246, 0.000423624966061, 0.000372339680325, 0.000417861010646, 0.000788025965448],
        "var": [0.17337949574, 0.0408203825355, 0.0496241189539, 0.0638191401958, 0.0950923934579, 0.167474150658, 0.0700223147869, 0.107265375555, 0.057384442538, 0.0228989925236, 0.0330303013325, 0.033474188298]
    }
},
"lowlevel": {
    "melbands": {
        "dmean": [0.000233201251831, 0.000509095552843, 0.000176748086233, 0.000116764298582, 8.08379481896e-05, 5.89828669035e-05, 8.14236118458e-05, 0.000106745035737, 0.000183515730896, 0.00013990025036, 5.39172797289e-05, 6.94689297234e-05, 5.89055998717e-05, 2.86907379632e-05, 5.1518320106e-05, 6.24102831353e-05, 1.40917427416e-05, 9.57396605372e-06, 4.74640273751e-06, 6.08230993748e-06, 9.15590680961e-06, 6.9041898314e-06, 1.33229341372e-05, 1.15794146041e-05, 6.36932963971e-06, 6.33147737972e-06, 5.62768491363e-06, 3.65816003978e-06, 1.65580252087e-06, 1.38295422403e-06, 6.51952802855e-07, 2.7500300348e-07, 1.55503911969e-07, 1.26517164745e-07, 1.21319217783e-07, 9.27007661744e-08, 5.64726789776e-08, 3.55197471436e-08, 1.09102655799e-08, 9.33235710932e-10],
        "dmean2": [0.000395781273255, 0.000785880489275, 0.000285368121695, 0.000184559874469, 0.000131728535052, 8.76284684637e-05, 0.000125744089019, 0.000160316601978, 0.000282897235593, 0.000237363477936, 8.57459162944e-05, 0.000111064779048, 8.61803055159e-05, 4.70979248348e-05, 8.47223273013e-05, 9.79334145086e-05, 2.29977486015e-05, 1.52711309056e-05, 7.35721368983e-06, 9.68411859503e-06, 1.45377507579e-05, 1.08117183117e-05, 2.09786248888e-05, 1.85607841559e-05, 1.00627885331e-05, 9.62710873864e-06, 8.89076090971e-06, 5.95021583649e-06, 2.60824617726e-06, 2.19281446334e-06, 1.06309357761e-06, 4.25545778171e-07, 2.4383760433e-07, 1.90011277823e-07, 1.88385243405e-07, 1.45730922441e-07, 8.66432259272e-08, 5.53513572754e-08, 1.662704463e-08, 1.45146183961e-09],
        "dvar": [6.96294648606e-08, 2.10876180518e-07, 3.5923676478e-08, 2.15887485666e-08, 1.5785214913e-08, 7.21413817573e-09, 1.84379054247e-08, 3.33447829348e-08, 1.09697630535e-07, 1.70803943433e-07, 6.19391826717e-08, 4.54452049325e-08, 2.16673292641e-08, 4.18401224778e-09, 1.92851850045e-08, 3.20374127227e-08, 2.87719692516e-09, 6.26860452435e-10, 4.31505525755e-11, 6.35175592678e-11, 1.81207729377e-10, 1.03625275027e-10, 3.97841370958e-10, 3.47543160917e-10, 9.54457068936e-11, 8.74947961305e-11, 8.39024752453e-11, 4.15839619683e-11, 9.09954576966e-12, 7.3632940023e-12, 1.36018811232e-12, 1.2290139067e-13, 3.67506013414e-14, 2.62973524928e-14, 2.96915202386e-14, 1.17992561996e-14, 5.41102561453e-15, 2.22410205521e-15, 2.29330755868e-16, 2.69838434011e-18],
        "dvar2": [1.9765106174e-07, 4.9964722848e-07, 7.94661403347e-08, 5.21589811342e-08, 3.86128640173e-08, 1.44920271339e-08, 3.652259295e-08, 6.91008636977e-08, 2.40173790189e-07, 4.04083948524e-07, 1.08082694794e-07, 1.17040059422e-07, 3.96853820916e-08, 1.03899635562e-08, 5.00404588877e-08, 7.37666638884e-08, 5.55429657823e-09, 1.25578236698e-09, 9.40993880039e-11, 1.66311311944e-10, 4.36300107154e-10, 2.51021370357e-10, 9.25146736996e-10, 8.54109283299e-10, 2.39053027373e-10, 1.92905233454e-10, 1.92643387353e-10, 1.08132718057e-10, 2.3500663221e-11, 1.81598746457e-11, 3.45512117181e-12, 2.82323264159e-13, 8.84051607418e-14, 6.27318157273e-14, 7.51251071443e-14, 2.62357376221e-14, 1.33928021532e-14, 5.36543491318e-15, 5.47350784692e-16, 6.66927727838e-18],
        "max": [0.00222183694132, 0.00397403445095, 0.00214710622095, 0.00191578047816, 0.00153702602256, 0.00125935534015, 0.00249841995537, 0.00160923693329, 0.00371621898375, 0.00447803782299, 0.00554882409051, 0.00297282682732, 0.00178967381362, 0.000669770932291, 0.00155229843222, 0.00264079193585, 0.00101290899329, 0.000370389781892, 8.11151330709e-05, 5.48327079741e-05, 0.00012448412599, 8.84725959622e-05, 0.000158290771651, 0.000130167376483, 7.39168390282e-05, 8.4763916675e-05, 8.15879320726e-05, 6.17198238615e-05, 2.86125450657e-05, 2.89485797111e-05, 1.14527101687e-05, 4.10039365306e-06, 1.82314499853e-06, 1.70197756688e-06, 2.01676880351e-06, 1.13419753234e-06, 7.4771509162e-07, 4.61965470322e-07, 1.44220777543e-07, 1.95590548202e-08],
        "mean": [0.00040287032607, 0.00104795291554, 0.000343325693393, 0.000160698575201, 0.00010591395403, 8.7798864115e-05, 0.000117056639283, 0.00013923503866, 0.000229834520724, 0.000145449055708, 5.46149203728e-05, 6.9774374424e-05, 7.97246757429e-05, 3.24651155097e-05, 5.68879004277e-05, 6.20935679763e-05, 1.47209566421e-05, 1.08073791125e-05, 6.2167946453e-06, 7.53069161874e-06, 1.12116158562e-05, 8.36518665892e-06, 1.43291908898e-05, 1.12397856356e-05, 7.01202316122e-06, 7.80868231232e-06, 6.23975120106e-06, 3.77519700123e-06, 1.84288114724e-06, 1.45070373492e-06, 7.72892121859e-07, 3.96384194801e-07, 2.41402744905e-07, 2.06486589605e-07, 1.86768332355e-07, 1.59663713362e-07, 8.66241904873e-08, 5.77773384691e-08, 1.68567328984e-08, 1.40889722111e-09],
        "median": [0.000335573160555, 0.000768541998696, 0.00028414427652, 0.000104895836557, 4.94843043271e-05, 4.58905851701e-05, 4.53151478723e-05, 4.75932029076e-05, 7.73162537371e-05, 2.31070334848e-05, 1.30387543322e-05, 1.81260693353e-05, 1.20378508655e-05, 1.15409848149e-05, 1.63534332387e-05, 1.22079036373e-05, 3.70178031517e-06, 3.17241097036e-06, 2.98117538478e-06, 3.58413171853e-06, 3.85291968996e-06, 3.03199499285e-06, 4.68125244879e-06, 3.02515263684e-06, 2.77912249658e-06, 3.17045510201e-06, 1.93819846572e-06, 1.1380794831e-06, 7.78893706865e-07, 5.22963716776e-07, 3.53985569745e-07, 2.43631745889e-07, 1.66480205621e-07, 1.38116305948e-07, 1.28965552904e-07, 1.20746733501e-07, 5.97965055249e-08, 4.14488710021e-08, 1.12880371717e-08, 9.13004949421e-10],
        "min": [5.22379605172e-06, 2.40714489337e-05, 1.45672693179e-05, 3.69360509467e-06, 2.26572410611e-06, 2.07766856875e-06, 2.92044569505e-06, 1.5571044969e-06, 1.96865698854e-06, 6.47578588087e-07, 6.56995666759e-07, 5.78180049615e-07, 5.05750563207e-07, 6.47938747989e-07, 8.24074447792e-07, 2.45628825724e-07, 1.91464735622e-07, 3.74422768346e-07, 2.66305704599e-07, 2.68457284847e-07, 2.83087956632e-07, 2.13003104932e-07, 3.35074531677e-07, 2.24015280992e-07, 3.14389978939e-07, 5.22784830537e-07, 1.70771940589e-07, 9.15338205232e-08, 7.82246019071e-08, 7.39398728911e-08, 3.73842610202e-08, 2.2574340619e-08, 1.85667463626e-08, 2.05053609648e-08, 2.08737009899e-08, 1.66015698966e-08, 6.68667343717e-09, 4.12864586963e-09, 6.75375866344e-10, 5.27365477676e-11],
        "var": [1.11618788878e-07, 6.76741478856e-07, 8.11517182342e-08, 3.15782031635e-08, 2.50728451334e-08, 1.60451421038e-08, 4.05133100401e-08, 5.40269979865e-08, 1.61435153245e-07, 2.07351391168e-07, 8.12644813664e-08, 3.83508158563e-08, 4.06979090428e-08, 4.28267821206e-09, 1.80035222286e-08, 3.35491883163e-08, 3.39328076748e-09, 8.11794131916e-10, 6.6089085593e-11, 7.71323976911e-11, 2.57212418031e-10, 1.40963074546e-10, 4.88029394674e-10, 3.44126310781e-10, 9.72206620764e-11, 1.18813195393e-10, 9.73897629208e-11, 3.98348715125e-11, 8.21751347524e-12, 6.5608907196e-12, 1.24193559083e-12, 1.81694692928e-13, 5.34200877706e-14, 3.75601649392e-14, 3.29266101147e-14, 1.72037456844e-14, 7.34856054181e-15, 3.30439178251e-15, 3.21354188732e-16, 2.79057465335e-18]
    },
    "mfcc": {
        "dmean": [31.5224647522, 9.8298997879, 13.5784378052, 9.39976024628, 7.8916015625, 7.8792552948, 6.91588497162, 6.26677560806, 5.49176931381, 5.85306692123, 6.11064958572, 5.82582378387, 5.48680067062],
        "dmean2": [40.1660079956, 15.1414670944, 20.1595821381, 13.8310031891, 11.7587862015, 11.4329605103, 10.0793838501, 9.35697174072, 8.57342433929, 9.43784713745, 9.69069004059, 9.27509307861, 8.79942321777],
        "dvar": [577.436523438, 71.9614257812, 156.149002075, 58.2877731323, 40.9379806519, 43.3489227295, 30.281370163, 23.71833992, 19.8868751526, 22.9174404144, 24.8435134888, 20.1137466431, 18.7814617157],
        "dvar2": [1308.52038574, 161.315414429, 318.958129883, 117.159713745, 82.5986633301, 81.0674972534, 60.8980789185, 53.7586708069, 48.4889907837, 53.6811714172, 59.1835136414, 51.1391067505, 47.9575805664],
        "max": [-598.110351562, 189.458496094, 26.7129554749, 85.1663665771, 26.5140266418, 47.8888587952, 38.3817138672, 56.2538528442, 8.38318634033, 40.1274833679, 24.9754676819, 40.3934860229, 13.5224952698],
        "mean": [-690.468139648, 144.670593262, -20.2794475555, 41.4324913025, -8.17548656464, 9.59367465973, 1.97073292732, 17.6684207916, -9.12479496002, 11.8562269211, -1.77639079094, 13.6937170029, -3.21255970001],
        "median": [-693.142028809, 144.923248291, -19.053237915, 40.1555557251, -8.17789840698, 10.3275432587, 2.07125854492, 18.1077880859, -8.65457344055, 11.0934333801, -2.14799118042, 13.9638462067, -2.99496459961],
        "min": [-780.211608887, 88.1357421875, -67.5582962036, -9.0175819397, -41.6524620056, -29.6425247192, -30.8989753723, -9.43556213379, -32.6733474731, -19.1566085815, -22.3468856812, -9.71488571167, -26.0323562622],
        "var": [1716.84350586, 205.636230469, 414.703186035, 241.791900635, 154.940261841, 159.594665527, 127.574638367, 88.1180038452, 53.6596679688, 74.8240737915, 65.8204879761, 56.1962661743, 47.1826896667],
        "cov": [[1719.5012207, -41.6252975464, -605.277526855, 63.2023200989, -273.389251709, -200.715942383, -131.366516113, -75.4115905762, -58.5556869507, -30.4653205872, -85.4296264648, -4.63377285004, -84.9604721069], [-41.6252975464, 205.954559326, 13.530960083, -106.002433777, -46.2473335266, -7.23666381836, 13.423125267, 0.343417108059, -15.3706951141, 7.96145200729, 45.9911422729, -1.49545609951, 1.37736880779], [-605.277526855, 13.530960083, 415.345153809, -48.4831771851, 138.628707886, 61.9026412964, 13.6889696121, 22.7147312164, 19.1662750244, 26.2291717529, 13.6072254181, -7.75080633163, 25.3692436218], [63.2023200989, -106.002433777, -48.4831771851, 242.166183472, 39.4723701477, -16.6688709259, -52.6294326782, -21.6447944641, 44.8068199158, 10.6104278564, -37.2402114868, -7.01190710068, 16.8207931519], [-273.389251709, -46.2473335266, 138.628707886, 39.4723701477, 155.180114746, 25.6993751526, 10.1939048767, -7.03755521774, 18.8567390442, 30.4332790375, -8.53035926819, 4.58303594589, 5.40410041809], [-200.715942383, -7.23666381836, 61.9026412964, -16.6688709259, 25.6993751526, 159.841720581, 82.5292053223, 27.5571117401, -9.38727855682, -4.47552680969, 41.8025779724, -2.96248912811, -9.59490871429], [-131.366516113, 13.423125267, 13.6889696121, -52.6294326782, 10.1939048767, 82.5292053223, 127.772117615, 53.4606170654, -7.48083019257, -14.6567020416, 29.1448249817, 17.7511329651, -6.79772996902], [-75.4115905762, 0.343417108059, 22.7147312164, -21.6447944641, -7.03755521774, 27.5571117401, 53.4606170654, 88.25440979, 13.0246696472, -15.5679674149, 11.4601449966, 14.0776033401, 10.4770355225], [-58.5556869507, -15.3706951141, 19.1662750244, 44.8068199158, 18.8567390442, -9.38727855682, -7.48083019257, 13.0246696472, 53.7427330017, 28.2933006287, -1.62048590183, 1.89056074619, 10.9488077164], [-30.4653205872, 7.96145200729, 26.2291717529, 10.6104278564, 30.4332790375, -4.47552680969, -14.6567020416, -15.5679674149, 28.2933006287, 74.9399032593, 18.0117607117, -3.90108990669, 0.235860720277], [-85.4296264648, 45.9911422729, 13.6072254181, -37.2402114868, -8.53035926819, 41.8025779724, 29.1448249817, 11.4601449966, -1.62048590183, 18.0117607117, 65.92237854, 15.7765922546, -0.414088249207], [-4.63377285004, -1.49545609951, -7.75080633163, -7.01190710068, 4.58303594589, -2.96248912811, 17.7511329651, 14.0776033401, 1.89056074619, -3.90108990669, 15.7765922546, 56.2832565308, 17.0376396179], [-84.9604721069, 1.37736880779, 25.3692436218, 16.8207931519, 5.40410041809, -9.59490871429, -6.79772996902, 10.4770355225, 10.9488077164, 0.235860720277, -0.414088249207, 17.0376396179, 47.2557296753]],
        "icov": [[0.00200386811048, 0.000128956802655, 0.00182257662527, -0.000392079004087, 0.00206212094054, 0.000489666243084, 0.00124001048971, -0.000664794817567, 0.0021449169144, -0.00200242991559, 0.00249836430885, -0.0018629215192, 0.00315603450872], [0.000128956802655, 0.00803310703486, -0.000428180675954, 0.00251970812678, 0.00179374683648, 0.00237594218925, -0.00107612181455, 0.00141385465395, -0.000118217423733, 1.96842302103e-05, -0.00560399191454, 0.00256714341231, -0.00180767360143], [0.00182257662527, -0.000428180675954, 0.00654679536819, 0.00194241036661, -0.00306637771428, -0.00159429013729, 0.00356825813651, -0.00204603071325, 0.000243176953518, -0.000919942511246, 0.0020057039801, 0.000210169542697, -3.28601709043e-05], [-0.000392079004087, 0.00251970812678, 0.00194241036661, 0.00844783894718, -0.00311671732925, -0.00216006929986, 0.00300755701028, 0.00151398510206, -0.00731112901121, 0.00255240988918, 0.000178750458872, 0.00166977313347, -0.00373261794448], [0.00206212094054, 0.00179374683648, -0.00306637771428, -0.00311671732925, 0.0156383756548, 0.00054998480482, -0.00247122975998, 0.00203775172122, 0.00335692521185, -0.00725395185873, 0.00611389381811, -0.00547515740618, 0.00521280430257], [0.000489666243084, 0.00237594218925, -0.00159429013729, -0.00216006929986, 0.00054998480482, 0.0140038151294, -0.00823019817472, 0.000871242722496, 0.00322055327706, 0.00107194436714, -0.00855239853263, 0.00464304117486, 0.00133880542126], [0.00124001048971, -0.00107612181455, 0.00356825813651, 0.00300755701028, -0.00247122975998, -0.00823019817472, 0.0198023542762, -0.00872302800417, 0.000673167058267, 0.000450835068477, 0.00217062374577, -0.00529998913407, 0.00444033602253], [-0.000664794817567, 0.00141385465395, -0.00204603071325, 0.00151398510206, 0.00203775172122, 0.000871242722496, -0.00872302800417, 0.0202031098306, -0.010008059442, 0.00621306011453, -0.00254422053695, 0.000246280687861, -0.00429039495066], [0.0021449169144, -0.000118217423733, 0.000243176953518, -0.00731112901121, 0.00335692521185, 0.00322055327706, 0.000673167058267, -0.010008059442, 0.0376101396978, -0.016742663458, 0.00465296441689, -0.00263124657795, 0.00127637502737], [-0.00200242991559, 1.96842302103e-05, -0.000919942511246, 0.00255240988918, -0.00725395185873, 0.00107194436714, 0.000450835068477, 0.00621306011453, -0.016742663458, 0.0266326777637, -0.0129831973463, 0.00586147513241, -0.00276166782714], [0.00249836430885, -0.00560399191454, 0.0020057039801, 0.000178750458872, 0.00611389381811, -0.00855239853263, 0.00217062374577, -0.00254422053695, 0.00465296441689, -0.0129831973463, 0.0345596857369, -0.0132022267208, 0.00600490206853], [-0.0018629215192, 0.00256714341231, 0.000210169542697, 0.00166977313347, -0.00547515740618, 0.00464304117486, -0.00529998913407, 0.000246280687861, -0.00263124657795, 0.00586147513241, -0.0132022267208, 0.028396083042, -0.0131527381018], [0.00315603450872, -0.00180767360143, -3.28601709043e-05, -0.00373261794448, 0.00521280430257, 0.00133880542126, 0.00444033602253, -0.00429039495066, 0.00127637502737, -0.00276166782714, 0.00600490206853, -0.0131527381018, 0.0340130627155]]
    }
}

}