{
"metadata": {
    "version": {
        "essentia": "2.0.1",
        "extractor": "archive-music 1.0 mod ismir14"
    },
    "audio_properties": {
        "analysis_sample_rate": 44100,
        "bitrate": 32,
        "channels": 2,
        "equal_loudness": 0,
        "length": 30.0408172607,
        "replay_gain": -13.0453701019,
        "downmix": "mix"
    },
    "tags": {
        "track": 0,
        "year": 0,
        "album": "",
        "artist": "",
        "comment": "",
        "genre": "",
        "title": ""
    }
},
"rhythm": {
    "bpm": 172.265609741,
    "bpm_histogram_first_peak": 172,
    "bpm_histogram_first_peak_spread": 0,
    "bpm_histogram_first_peak_weight": 0.441860467196,
    "bpm_histogram_second_peak": 178,
    "bpm_histogram_second_peak_spread": 0,
    "bpm_histogram_second_peak_weight": 0.430232554674
},
"tonal": {
    "tuning_frequency": {
        "dmean": 0.20947586,
        "dmean2": 0.298614889383,
        "dvar": 2.75699329376,
        "dvar2": 3.11400818825,
        "max": 454.990661621,
        "mean": 438.707519531,
        "median": 440.763122559,
        "min": 434.193115234,
        "var": 9.74814796448
    },
    "hpcp": {
        "dmean": [0.227581784129, 0.15275041759, 0.229891031981, 0.251784771681, 0.117838352919, 0.213433116674, 0.261588454247, 0.276504993439, 0.177528008819, 0.113475561142, 0.244551464915, 0.0821241363883],
        "dmean2": [0.390144139528, 0.272001683712, 0.425230950117, 0.445209562778, 0.20790566504, 0.344832509756, 0.454087525606, 0.487706452608, 0.300768643618, 0.196073308587, 0.450505167246, 0.147365897894],
        "dvar": [0.0440746843815, 0.0316972397268, 0.0589987561107, 0.060577493161, 0.0282144639641, 0.0599940903485, 0.0667464435101, 0.0482248216867, 0.0392885878682, 0.0195036325604, 0.0682305917144, 0.0146912615746],
        "dvar2": [0.120410092175, 0.0826094970107, 0.16852094233, 0.180947527289, 0.079673230648, 0.142296165228, 0.149432450533, 0.120712436736, 0.0976195260882, 0.0490820333362, 0.172898575664, 0.0432343892753],
        "max": [1, 1, 1, 1, 1, 1, 1, 1, 1, 0.972854375839, 1, 1],
        "mean": [0.305392891169, 0.178074464202, 0.233780071139, 0.30631685257, 0.13203458488, 0.324529230595, 0.350950539112, 0.401047587395, 0.248687833548, 0.136611789465, 0.785371363163, 0.099375359714],
        "median": [0.245482653379, 0.113956175745, 0.132668480277, 0.21433326602, 0.0760892033577, 0.140139684081, 0.246424227953, 0.35503038764, 0.141734629869, 0.0821372866631, 1, 0.0740356147289],
        "min": [0.0172503255308, 0.00615621544421, 0.00880083441734, 0.00841569621116, 0.00659523764625, 0.0200015455484, 0.00780186243355, 0.0137480953708, 0.00638244580477, 0.00425692554563, 0.150473549962, 0.00499878590927],
        "var": [0.0643710047007, 0.0372248031199, 0.0608658529818, 0.0721789896488, 0.0256680622697, 0.111062884331, 0.0969053208828, 0.0866528004408, 0.0669582262635, 0.0247260667384, 0.0777563527226, 0.0107286097482]
    }
},
"lowlevel": {
    "melbands": {
        "dmean": [1.48716635522e-05, 6.33179370197e-05, 5.84043991694e-05, 3.8660960854e-05, 1.59236806212e-05, 2.8781400033e-05, 2.94653164019e-05, 3.60797384928e-05, 4.2211417167e-05, 2.33463379118e-05, 1.62450069183e-05, 1.06129600681e-05, 9.31647355173e-06, 5.17122725796e-06, 8.41634937387e-06, 4.96560824104e-06, 6.45345608064e-06, 3.8882658373e-06, 2.57889973909e-06, 2.38234679273e-06, 2.3369000246e-06, 2.31859075939e-06, 3.68636096937e-06, 3.90422928831e-06, 2.49570780397e-06, 1.55349277975e-06, 1.64152856996e-06, 1.0374347994e-06, 4.61813925767e-07, 4.10063279332e-07, 3.63542625337e-07, 1.8188772799e-07, 7.00743783e-08, 4.77210804206e-08, 4.57415723076e-08, 3.65669130531e-08, 3.03493479237e-08, 2.62196451217e-08, 1.57481103713e-08, 7.6338286803e-09],
        "dmean2": [2.62686553469e-05, 0.000118944597489, 0.000104837221443, 7.02119723428e-05, 2.88410356006e-05, 5.2113970014e-05, 5.24024544575e-05, 6.59339202684e-05, 7.01301032677e-05, 4.14118076151e-05, 2.78002335108e-05, 1.91959170479e-05, 1.69031391124e-05, 8.99099723028e-06, 1.54732642841e-05, 8.83257052919e-06, 1.18748948807e-05, 6.83442885929e-06, 4.66564188173e-06, 3.90254172089e-06, 4.140830697e-06, 4.10834036302e-06, 6.69218843541e-06, 6.66151117912e-06, 4.24308564106e-06, 2.64350569523e-06, 2.78930247077e-06, 1.77708943738e-06, 7.9855851709e-07, 7.41969984119e-07, 6.17964929006e-07, 3.16670451639e-07, 1.24485367792e-07, 8.40373957089e-08, 7.92649927917e-08, 6.13969248775e-08, 5.55369332744e-08, 4.5873900234e-08, 2.78305432033e-08, 1.3945245847e-08],
        "dvar": [4.6809356391e-10, 4.84179807358e-09, 2.88045853836e-09, 3.16709525272e-09, 2.10276740464e-10, 6.01958649593e-10, 7.14187542439e-10, 1.48839951475e-09, 6.67256205844e-09, 3.77810671637e-09, 5.23603715941e-10, 6.28493534993e-10, 5.25392507278e-10, 1.13062142981e-10, 3.27040505788e-10, 7.41941508231e-11, 2.23004850697e-10, 5.23202106639e-11, 1.53697905098e-11, 2.67022046835e-11, 1.21698345845e-11, 1.01982979353e-11, 3.89119049482e-11, 4.4723277165e-11, 1.77450502209e-11, 7.74504592405e-12, 1.10140030776e-11, 5.20880127225e-12, 4.59146284361e-13, 6.40026551722e-13, 5.18728018439e-13, 1.22122621802e-13, 1.23201009941e-14, 5.28330490454e-15, 5.55066873676e-15, 1.74104710632e-15, 1.31967563776e-15, 6.14439976339e-16, 2.68687850594e-16, 9.97680470076e-17],
        "dvar2": [1.2204514066e-09, 1.59040620673e-08, 8.36385272152e-09, 8.77796857424e-09, 5.69751412716e-10, 1.94171212442e-09, 1.95344251885e-09, 3.93914190155e-09, 1.41194798076e-08, 1.04488586672e-08, 1.30853528013e-09, 1.72981096114e-09, 1.45181366928e-09, 3.24886895164e-10, 9.61425050683e-10, 2.11952802531e-10, 6.33466779032e-10, 1.31216648658e-10, 4.10015077446e-11, 6.37297992157e-11, 3.03769266685e-11, 2.86774683861e-11, 1.11809027314e-10, 1.18896753554e-10, 4.20234957943e-11, 2.08285159953e-11, 2.78650453406e-11, 1.36063634318e-11, 1.13422671862e-12, 1.58805401555e-12, 1.47786438035e-12, 3.40087712766e-13, 2.70342050883e-14, 1.15363651249e-14, 1.09287062296e-14, 3.34365112434e-15, 3.18600855198e-15, 1.54993805046e-15, 7.00402279662e-16, 2.56998610634e-16],
        "max": [0.000169165432453, 0.000417916773586, 0.000271072087344, 0.000338877318427, 8.76156263985e-05, 0.000148344188347, 0.000152479071403, 0.000150509498781, 0.000870392541401, 0.000513222476002, 0.00015454676759, 0.000140057585668, 0.000144146208186, 7.58596579544e-05, 0.000122576951981, 4.67596546514e-05, 9.23111583688e-05, 7.06596183591e-05, 2.5530165658e-05, 5.07189324708e-05, 2.27881846513e-05, 2.16767130041e-05, 3.17006961268e-05, 4.84607917315e-05, 3.36718039762e-05, 1.97229564947e-05, 2.52296285908e-05, 1.39209387271e-05, 5.0276098591e-06, 5.61223941986e-06, 4.80111111756e-06, 2.4034566195e-06, 6.98204019045e-07, 5.17298701652e-07, 6.36445747659e-07, 3.64357646276e-07, 3.11142713372e-07, 1.9838329024e-07, 1.47873478795e-07, 9.8941320914e-08],
        "mean": [1.88755748241e-05, 7.34030691092e-05, 7.9094155808e-05, 4.14422138419e-05, 2.23452279897e-05, 4.08973755839e-05, 4.04130078095e-05, 3.06316760543e-05, 4.84720731038e-05, 2.46239833359e-05, 1.89934526134e-05, 8.91319632501e-06, 7.04892272552e-06, 4.79423215438e-06, 7.68883546698e-06, 4.24089193984e-06, 4.87843908559e-06, 3.91125468013e-06, 2.65141784439e-06, 2.2727515443e-06, 2.17426259042e-06, 2.22512858272e-06, 3.47972104464e-06, 3.77580590794e-06, 2.45313981395e-06, 2.04389834835e-06, 1.69476982137e-06, 9.8829673334e-07, 5.27553709162e-07, 4.34376289604e-07, 3.5215973071e-07, 2.16735102754e-07, 1.03457168166e-07, 8.31050215311e-08, 8.02817297085e-08, 6.60000196717e-08, 6.09482739833e-08, 4.35374651886e-08, 2.35325394726e-08, 1.25659900263e-08],
        "median": [1.32386494442e-05, 5.68756695429e-05, 6.56185584376e-05, 2.72054367088e-05, 1.78414029506e-05, 3.6918787373e-05, 3.11355252052e-05, 1.58205348271e-05, 3.01081108773e-05, 1.37190609166e-05, 1.21946350191e-05, 2.79268419945e-06, 1.95402253667e-06, 1.95236884792e-06, 3.97602343583e-06, 1.88143962987e-06, 1.83281667887e-06, 1.38312441322e-06, 1.22573305816e-06, 9.52161997247e-07, 9.19706451441e-07, 8.47944818361e-07, 9.66229094956e-07, 7.55685562126e-07, 8.34635670799e-07, 7.02790373452e-07, 3.51791499043e-07, 3.34192804985e-07, 3.26935349904e-07, 1.95280790649e-07, 1.15943421974e-07, 8.93321399076e-08, 5.70194487182e-08, 5.24200949314e-08, 5.12115434503e-08, 4.53485995422e-08, 4.73360479702e-08, 3.10307939344e-08, 1.62726951913e-08, 9.12812758713e-09],
        "min": [1.86685122117e-06, 5.99280110691e-06, 4.17707406086e-06, 3.65165783478e-06, 1.12859345336e-06, 6.94174616456e-07, 9.08933145638e-07, 5.62643833746e-07, 1.06664508337e-07, 1.01922069007e-07, 1.04961742409e-07, 2.53671110784e-08, 6.10481052377e-08, 1.5393938213e-07, 4.27328004093e-08, 3.40276358202e-08, 3.81872382604e-08, 1.57760631225e-08, 1.51122083736e-08, 2.12950830303e-08, 3.20377644414e-08, 3.63822749705e-08, 3.33692398158e-08, 2.00851406618e-08, 3.22988640278e-08, 3.65696983806e-08, 1.05948494422e-08, 7.58769136411e-09, 4.28340456438e-08, 1.86737807439e-08, 8.46696668333e-09, 7.45350536846e-09, 7.30854665676e-09, 3.63169672113e-09, 2.84995782529e-09, 4.97867880256e-09, 4.06194589075e-09, 4.6436681167e-09, 2.74806399858e-09, 9.85429959854e-10],
        "var": [4.21476548107e-10, 3.79345443946e-09, 2.63903343622e-09, 2.26851093466e-09, 2.91718899037e-10, 7.70940977723e-10, 1.01743191649e-09, 1.16238496606e-09, 7.22514092999e-09, 2.42167597087e-09, 5.53442569551e-10, 4.51166826121e-10, 3.58563317926e-10, 7.6402717486e-11, 2.03899522266e-10, 5.43147575527e-11, 1.38575970143e-10, 6.60482571413e-11, 1.47168215114e-11, 2.47015879973e-11, 1.25557940781e-11, 1.06081194176e-11, 3.83882335642e-11, 5.23722454293e-11, 1.87890415032e-11, 1.05442616444e-11, 1.21063853387e-11, 4.25203275367e-12, 4.71875088916e-13, 5.90960223465e-13, 4.5409794089e-13, 1.08727039687e-13, 1.61175817836e-14, 8.11108077676e-15, 9.2682844838e-15, 4.02905663273e-15, 2.13695591746e-15, 1.14983102639e-15, 4.5918693686e-16, 1.24401479032e-16]
    },
    "mfcc": {
        "dmean": [32.0616607666, 11.572687149, 17.3361988068, 9.10743808746, 10.488243103, 9.65844917297, 10.5364046097, 7.24832487106, 6.14607429504, 6.81833219528, 6.27762746811, 6.53167581558, 6.66651678085],
        "dmean2": [56.4441642761, 19.3167362213, 27.3642120361, 15.1278400421, 18.5312919617, 16.4342556, 17.9280529022, 12.6860113144, 10.3626194, 11.0052490234, 10.2730340958, 10.8345870972, 10.9143209457],
        "dvar": [758.281677246, 102.405212402, 146.240081787, 87.5977554321, 70.98072052, 61.3557167053, 87.7367477417, 29.0491600037, 32.4223556519, 31.3758354187, 26.9501266479, 24.9964923859, 27.2814540863],
        "dvar2": [1650.8125, 213.789215088, 425.337097168, 199.66545105, 181.812210083, 164.056015015, 231.626144409, 94.314414978, 85.5143432617, 88.9138946533, 68.3017807007, 70.3964767456, 69.3644332886],
        "max": [-656.846984863, 152.146484375, 30.2306137085, 70.4591369629, 25.0393447876, 21.4183139801, 29.9500808716, 21.5023765564, 9.25996780396, 28.8217525482, 26.0667419434, 20.7736682892, 9.91098213196],
        "mean": [-750.172973633, 124.735824585, -5.89493751526, 25.4263591766, -7.00977230072, -5.92232227325, -4.11297559738, -0.0751266255975, -5.16053152084, 6.37666606903, 0.702052950859, 3.15807914734, -7.36102485657],
        "median": [-755.384521484, 129.135681152, -4.79499435425, 23.576915741, -9.7354183197, -5.30692672729, -5.5688457489, -0.935344696045, -4.34968757629, 7.53622627258, 0.930252075195, 3.31084060669, -6.39708518982],
        "min": [-929.772277832, 71.7226257324, -58.0248413086, -10.8027648926, -35.1755065918, -34.2357292175, -22.049325943, -16.6475334167, -31.2492675781, -27.4582099915, -16.6711959839, -11.5263576508, -33.8811264038],
        "var": [1341.6373291, 329.920379639, 350.505645752, 164.103988647, 124.12387085, 90.6339111328, 123.341209412, 54.6303634644, 56.6799888611, 64.7116165161, 44.3116416931, 39.4551353455, 59.5152664185],
        "cov": [[1349.91906738, -363.79095459, -534.959655762, 80.044380188, 26.1272907257, -99.159828186, 5.22088241577, 42.6422805786, -39.5707778931, -44.7517623901, 46.3491363525, -14.1036462784, -78.4511871338], [-363.79095459, 331.95690918, 165.973022461, -145.657318115, -81.3927841187, 53.9681396484, 0.665728271008, -54.2355918884, 29.1750450134, 37.2790908813, 9.02521896362, 34.5519981384, 34.3635025024], [-534.959655762, 165.973022461, 352.669281006, 4.49173212051, 1.44077551365, 39.6729507446, -18.7130813599, -9.95122814178, 24.0632953644, 10.9916315079, -15.3107385635, 1.64446341991, 38.8459663391], [80.044380188, -145.657318115, 4.49173212051, 165.116989136, 88.0026779175, -53.2324943542, -34.877986908, 22.0723571777, -10.3633432388, -13.9052448273, -7.00058317184, -22.6656990051, -5.65439605713], [26.1272907257, -81.3927841187, 1.44077551365, 88.0026779175, 124.890068054, -27.8225402832, -42.2291679382, 19.7337799072, -6.50403738022, -7.35750484467, -15.1467752457, -15.825296402, -0.370283573866], [-99.159828186, 53.9681396484, 39.6729507446, -53.2324943542, -27.8225402832, 91.1933822632, 65.1323699951, 3.03103709221, -0.501913011074, -19.3687343597, -6.47129774094, -1.3898627758, -19.430519104], [5.22088241577, 0.665728271008, -18.7130813599, -34.877986908, -42.2291679382, 65.1323699951, 124.102577209, 25.8346557617, -30.9425487518, -30.8266487122, -13.5728654861, 1.32270252705, -17.6051692963], [42.6422805786, -54.2355918884, -9.95122814178, 22.0723571777, 19.7337799072, 3.03103709221, 25.8346557617, 54.9675865173, -4.54440927505, -27.8976287842, -6.95742321014, -5.464864254, -6.4584479332], [-39.5707778931, 29.1750450134, 24.0632953644, -10.3633432388, -6.50403738022, -0.501913011074, -30.9425487518, -4.54440927505, 57.0298652649, 24.346660614, -1.41900479794, -4.17390441895, -0.204716101289], [-44.7517623901, 37.2790908813, 10.9916315079, -13.9052448273, -7.35750484467, -19.3687343597, -30.8266487122, -27.8976287842, 24.346660614, 65.1110687256, 9.73820018768, -5.04346323013, 12.2466840744], [46.3491363525, 9.02521896362, -15.3107385635, -7.00058317184, -15.1467752457, -6.47129774094, -13.5728654861, -6.95742321014, -1.41900479794, 9.73820018768, 44.5851707458, 13.4255342484, -8.54655170441], [-14.1036462784, 34.5519981384, 1.64446341991, -22.6656990051, -15.825296402, -1.3898627758, 1.32270252705, -5.464864254, -4.17390441895, -5.04346323013, 13.4255342484, 39.6986846924, 19.6430397034], [-78.4511871338, 34.3635025024, 38.8459663391, -5.65439605713, -0.370283573866, -19.430519104, -17.6051692963, -6.4584479332, -0.204716101289, 12.2466840744, -8.54655170441, 19.6430397034, 59.8826446533]],
        "icov": [[0.00227638683282, 0.000605709268712, 0.0029272492975, -0.000328065507347, 0.000137059498229, 0.00118871964514, -0.000393890310079, 0.000122581739561, -0.000855270307511, 0.00155469519086, -0.00201516412199, 0.000835822487716, 0.000106103245344], [0.000605709268712, 0.0103741688654, -0.00394572271034, 0.00810217298567, -0.000874825811479, 0.00122153200209, -0.00140991748776, 0.00598276825622, -0.00242040818557, 9.59016906563e-05, -0.00178864540067, -0.00281374715269, -0.000573511701077], [0.0029272492975, -0.00394572271034, 0.0100138159469, -0.00623149331659, 0.00191325356718, -0.00436254264787, 0.00297942804173, -0.00338858156465, -9.31167087401e-05, 0.00107881682925, -0.000973363756202, 0.00251845712774, -0.00306443334557], [-0.000328065507347, 0.00810217298567, -0.00623149331659, 0.0211680773646, -0.0100233601406, 0.012243363075, -0.00656586699188, 0.00708851637319, -0.00423738313839, 0.00593302957714, -0.00554786156863, 0.00495734950528, 6.10532079008e-05], [0.000137059498229, -0.000874825811479, 0.00191325356718, -0.0100233601406, 0.0194291137159, -0.0095280110836, 0.0135234361514, -0.0107411248609, 0.00925305578858, -0.00645920168608, 0.0101598985493, -0.00400930223987, 0.00245768763125], [0.00118871964514, 0.00122153200209, -0.00436254264787, 0.012243363075, -0.0095280110836, 0.0370439998806, -0.0228756479919, 0.0130102336407, -0.0135915037245, 0.014225481078, -0.0087413629517, 0.00753893051296, 0.00480498652905], [-0.000393890310079, -0.00140991748776, 0.00297942804173, -0.00656586699188, 0.0135234361514, -0.0228756479919, 0.0318737402558, -0.018696481362, 0.0195145923644, -0.0108289495111, 0.0154084395617, -0.00891969818622, 0.0051619396545], [0.000122581739561, 0.00598276825622, -0.00338858156465, 0.00708851637319, -0.0107411248609, 0.0130102336407, -0.018696481362, 0.0394989289343, -0.0160954445601, 0.0188829433173, -0.0109922373667, 0.00853860192001, -0.00577314244583], [-0.000855270307511, -0.00242040818557, -9.31167087401e-05, -0.00423738313839, 0.00925305578858, -0.0135915037245, 0.0195145923644, -0.0160954445601, 0.0352504551411, -0.0181141924113, 0.0141491703689, -0.00755473226309, 0.00789972022176], [0.00155469519086, 9.59016906563e-05, 0.00107881682925, 0.00593302957714, -0.00645920168608, 0.014225481078, -0.0108289495111, 0.0188829433173, -0.0181141924113, 0.0367336757481, -0.0170944072306, 0.0186050068587, -0.0108461007476], [-0.00201516412199, -0.00178864540067, -0.000973363756202, -0.00554786156863, 0.0101598985493, -0.0087413629517, 0.0154084395617, -0.0109922373667, 0.0141491703689, -0.0170944072306, 0.0435575917363, -0.0242936387658, 0.0167947877198], [0.000835822487716, -0.00281374715269, 0.00251845712774, 0.00495734950528, -0.00400930223987, 0.00753893051296, -0.00891969818622, 0.00853860192001, -0.00755473226309, 0.0186050068587, -0.0242936387658, 0.0514221712947, -0.0219017770141], [0.000106103245344, -0.000573511701077, -0.00306443334557, 6.10532079008e-05, 0.00245768763125, 0.00480498652905, 0.0051619396545, -0.00577314244583, 0.00789972022176, -0.0108461007476, 0.0167947877198, -0.0219017770141, 0.0334568321705]]
    }
}

}