{
"metadata": {
    "version": {
        "essentia": "2.0.1",
        "extractor": "archive-music 1.0 mod ismir14"
    },
    "audio_properties": {
        "analysis_sample_rate": 44100,
        "bitrate": 32,
        "channels": 2,
        "equal_loudness": 0,
        "length": 30.0408172607,
        "replay_gain": -13.2592163086,
        "downmix": "mix"
    },
    "tags": {
        "track": 0,
        "year": 0,
        "album": "",
        "artist": "",
        "comment": "",
        "genre": "",
        "title": ""
    }
},
"rhythm": {
    "bpm": 90.2956161499,
    "bpm_histogram_first_peak": 91,
    "bpm_histogram_first_peak_spread": 0.341463446617,
    "bpm_histogram_first_peak_weight": 0.62790697813,
    "bpm_histogram_second_peak": 85,
    "bpm_histogram_second_peak_spread": 0,
    "bpm_histogram_second_peak_weight": 0.0465116277337
},
"tonal": {
    "tuning_frequency": {
        "dmean": 0.295460820198,
        "dmean2": 0.486305564642,
        "dvar": 1.91588115692,
        "dvar2": 3.1662106514,
        "max": 454.465301514,
        "mean": 450.394256592,
        "median": 451.586883545,
        "min": 442.03793335,
        "var": 15.0965213776
    },
    "hpcp": {
        "dmean": [0.282230526209, 0.0917196422815, 0.149177744985, 0.17149490118, 0.429687231779, 0.298295408487, 0.140077233315, 0.316970765591, 0.129237219691, 0.0990676209331, 0.114929869771, 0.162289366126],
        "dmean2": [0.488152205944, 0.154497146606, 0.240464016795, 0.318894356489, 0.76784068346, 0.529511272907, 0.237374648452, 0.517852067947, 0.223249301314, 0.17732334137, 0.202573761344, 0.288664519787],
        "dvar": [0.0930433422327, 0.0162561442703, 0.0244757365435, 0.0601789988577, 0.0914405807853, 0.0865109264851, 0.0218465700746, 0.085086286068, 0.0248210486025, 0.0172461718321, 0.0257452856749, 0.0348863378167],
        "dvar2": [0.15717189014, 0.0371989160776, 0.0598940886557, 0.170235320926, 0.245653241873, 0.227295204997, 0.0553105585277, 0.190782919526, 0.075296394527, 0.049328379333, 0.0710120424628, 0.0992471426725],
        "max": [1, 0.914421796799, 1, 1, 1, 1, 0.806324243546, 1, 1, 1, 1, 1],
        "mean": [0.538218021393, 0.0979404821992, 0.18176305294, 0.153479218483, 0.467436850071, 0.345173954964, 0.150029227138, 0.433949291706, 0.116169609129, 0.100743509829, 0.113635733724, 0.15873542428],
        "median": [0.466136306524, 0.0526991076767, 0.115203812718, 0.0680675953627, 0.330212891102, 0.193080559373, 0.084371805191, 0.312512248755, 0.0679221004248, 0.0666273087263, 0.0679278075695, 0.0966882482171],
        "min": [0.00861233472824, 0.00263274204917, 0.0089382044971, 0.00535336369649, 0.0119350524619, 0.00552307209, 0.00572604546323, 0.00601997133344, 0.00147768529132, 0.00406596343964, 0.00418585771695, 0.0048080580309],
        "var": [0.157598167658, 0.0182718988508, 0.0381383560598, 0.0505919381976, 0.129762262106, 0.126395896077, 0.0281604863703, 0.145341739058, 0.0212555378675, 0.014119181782, 0.0204748865217, 0.0324070602655]
    }
},
"lowlevel": {
    "melbands": {
        "dmean": [6.89958615112e-05, 0.000175950379344, 5.0231556088e-05, 3.15190045512e-05, 2.85208661808e-05, 2.1082096282e-05, 2.76632345049e-05, 4.27762024628e-05, 7.36917645554e-05, 5.5185322708e-05, 2.24423292821e-05, 2.584327558e-05, 3.11493386107e-05, 1.03580259747e-05, 1.77051842911e-05, 2.17895667447e-05, 5.62856666875e-06, 3.72074009647e-06, 1.55039481342e-06, 1.80272490979e-06, 3.3511635138e-06, 2.41485395236e-06, 4.49844537798e-06, 3.57096337211e-06, 1.90390085208e-06, 2.28642056754e-06, 2.01067587113e-06, 1.22213043596e-06, 5.20256548953e-07, 4.59104626316e-07, 2.10349099916e-07, 8.32435418374e-08, 4.50549038078e-08, 4.11297698122e-08, 3.8572515848e-08, 3.49307960334e-08, 3.29250404718e-08, 4.5243343294e-08, 4.41426522002e-08, 3.26826992136e-08],
        "dmean2": [0.000108518099296, 0.000281634827843, 8.96764249774e-05, 5.53696481802e-05, 5.16325708304e-05, 3.84018640034e-05, 4.72846950288e-05, 8.08498298284e-05, 0.000136338829179, 0.00010271416977, 4.36184236605e-05, 4.87698052893e-05, 5.66761664231e-05, 1.95103420992e-05, 3.21178922604e-05, 3.96090836148e-05, 1.05956578409e-05, 6.90557317284e-06, 2.80508857031e-06, 3.17452577292e-06, 6.08838172411e-06, 4.44565876023e-06, 8.50228298077e-06, 6.60938394503e-06, 3.49536207978e-06, 4.24857853432e-06, 3.71309556613e-06, 2.22895778279e-06, 9.67528535512e-07, 8.68628774242e-07, 3.87803652302e-07, 1.51186355879e-07, 8.47942018822e-08, 7.56970806037e-08, 6.97629118918e-08, 6.25352711836e-08, 6.09603887369e-08, 8.24621224638e-08, 8.11884035556e-08, 5.9774144745e-08],
        "dvar": [2.23450413728e-09, 1.68636979936e-08, 2.7371134248e-09, 6.20142548424e-10, 1.38970368546e-09, 4.40901842813e-10, 1.93056148845e-09, 3.55214702097e-09, 7.61048646325e-09, 1.57551252045e-08, 9.9463735026e-09, 2.00928762517e-09, 3.4038571961e-09, 2.31346664048e-10, 5.96974691902e-10, 1.29866672971e-09, 4.12731238075e-10, 6.36779656782e-11, 2.96767992125e-12, 1.86415531449e-12, 9.9218836272e-12, 5.64699025388e-12, 2.29102656985e-11, 9.71646721415e-12, 2.82849351579e-12, 4.92668319335e-12, 4.11360528974e-12, 1.51398099786e-12, 2.74710132029e-13, 2.39360289402e-13, 3.55827258663e-14, 6.6235422671e-15, 1.80620077475e-15, 1.24585226948e-15, 1.02476110602e-15, 1.13443599082e-15, 1.12806439723e-15, 2.48029564044e-15, 2.1650642823e-15, 1.35001784023e-15],
        "dvar2": [5.62870905441e-09, 4.91398175484e-08, 7.4928827587e-09, 1.6758578969e-09, 3.60596819071e-09, 9.82039227715e-10, 4.89106533053e-09, 1.04255981626e-08, 2.20990425959e-08, 4.46678285471e-08, 2.99286497807e-08, 5.95348526033e-09, 9.54569756573e-09, 6.71931510432e-10, 1.56215462788e-09, 3.61177510122e-09, 1.23631260784e-09, 1.85681858778e-10, 8.63103685744e-12, 5.39164589711e-12, 2.56994009407e-11, 1.62988181979e-11, 6.38651909135e-11, 2.5865811229e-11, 8.17184687973e-12, 1.34300600155e-11, 1.14105105573e-11, 4.29734026142e-12, 7.72140543778e-13, 6.70518274151e-13, 1.08318749478e-13, 2.11798013481e-14, 5.37251526158e-15, 3.5001366497e-15, 2.97669718159e-15, 3.37604505238e-15, 3.53815212365e-15, 7.71790671737e-15, 6.71175778394e-15, 4.11692528958e-15],
        "max": [0.000271128519671, 0.000839641783386, 0.000429733860074, 0.00018844367878, 0.000313892960548, 0.00016411395336, 0.000435831199866, 0.000301697291434, 0.000499866961036, 0.000968257081695, 0.000907490146346, 0.000273088808171, 0.000342085695593, 8.20774512249e-05, 0.000132923480123, 0.000168281374499, 0.000184237680514, 5.28404525539e-05, 1.40181191455e-05, 6.5985150286e-06, 1.73523385456e-05, 1.14779559226e-05, 2.390195732e-05, 1.70252296812e-05, 9.24294636206e-06, 1.32201630549e-05, 1.17396311907e-05, 8.16381452751e-06, 3.00020815303e-06, 3.27220413965e-06, 1.16176340725e-06, 6.78718322433e-07, 2.64286398988e-07, 2.50890337838e-07, 1.90848766124e-07, 1.9979054855e-07, 1.7489165316e-07, 2.91012867137e-07, 2.92997214046e-07, 2.80846819578e-07],
        "mean": [0.000102376921859, 0.000271090073511, 8.72690870892e-05, 4.13993111579e-05, 2.78574589174e-05, 2.25797448365e-05, 2.92011791316e-05, 3.65192718164e-05, 6.12999210716e-05, 3.86586980312e-05, 1.55102552526e-05, 1.89756901818e-05, 2.16542139242e-05, 8.65718266141e-06, 1.48363988046e-05, 1.59914707183e-05, 4.08263713325e-06, 2.95143286166e-06, 1.62824596828e-06, 1.96701603272e-06, 2.94079609375e-06, 2.16825833377e-06, 3.79641642212e-06, 2.972295988e-06, 1.8213495423e-06, 2.03291574508e-06, 1.64561481597e-06, 9.98128484753e-07, 4.82029349769e-07, 3.80527552579e-07, 2.02623567702e-07, 1.03471428758e-07, 6.33449417364e-08, 5.63879360982e-08, 5.39582956094e-08, 5.47974465803e-08, 4.43422827345e-08, 6.11860571098e-08, 5.59425572533e-08, 4.61668783203e-08],
        "median": [9.31809408939e-05, 0.000235798404901, 7.65889562899e-05, 3.219006976e-05, 1.69098329934e-05, 1.55164107127e-05, 1.65555011336e-05, 1.91523631656e-05, 3.0100107324e-05, 9.48603337747e-06, 5.60988792131e-06, 6.90541583026e-06, 4.14098303736e-06, 3.87138106817e-06, 6.03523130849e-06, 4.77480944028e-06, 1.48969434122e-06, 1.19354047001e-06, 1.08169774649e-06, 1.57433532877e-06, 1.68942790424e-06, 1.29168779495e-06, 2.14479928218e-06, 1.61206173743e-06, 1.34166396037e-06, 1.23927384266e-06, 8.45820579798e-07, 5.25250186456e-07, 3.335958354e-07, 2.19770129206e-07, 1.45096137771e-07, 8.15195164705e-08, 5.35466035956e-08, 4.47876224996e-08, 4.57725057856e-08, 4.88732396775e-08, 3.60424188273e-08, 4.62526621448e-08, 4.28779038941e-08, 3.77724731493e-08],
        "min": [4.68565940537e-06, 1.23416593851e-05, 5.71891041545e-06, 5.30236957275e-06, 2.01126476895e-06, 1.56478176905e-06, 1.58853674748e-06, 1.75823345216e-06, 1.40045005992e-06, 6.33215108792e-07, 5.11685016136e-07, 4.20682653157e-07, 3.33371303896e-07, 5.78757806124e-07, 2.71091437298e-07, 2.2358412366e-07, 9.84686749916e-08, 2.11212750401e-07, 1.50870192783e-07, 2.16631661942e-07, 2.27527138463e-07, 1.54334401259e-07, 1.82534677151e-07, 2.02961075502e-07, 2.17271818315e-07, 2.79701964701e-07, 8.58342730226e-08, 4.64664466904e-08, 4.70478944692e-08, 3.53436213629e-08, 1.93205345056e-08, 1.49663819116e-08, 1.12941496155e-08, 1.26594681404e-08, 1.07906403812e-08, 8.05582889285e-09, 7.26421989228e-09, 1.02043449246e-08, 5.68250513311e-09, 5.45243628025e-09],
        "var": [4.01532895822e-09, 3.19678399308e-08, 3.40926953335e-09, 8.65653104754e-10, 1.20371124179e-09, 5.62396351711e-10, 1.79949843915e-09, 2.58722265833e-09, 6.7710974605e-09, 9.74239533491e-09, 5.13929698798e-09, 1.33010658043e-09, 2.33203567568e-09, 1.70864947191e-10, 4.75400940836e-10, 9.29070820277e-10, 2.17702161853e-10, 3.96730565067e-11, 2.63138122403e-12, 2.33333578153e-12, 9.3136626883e-12, 5.11828947281e-12, 1.80965190749e-11, 9.35239125727e-12, 2.6142915957e-12, 4.1510575359e-12, 3.38408749807e-12, 1.28122989648e-12, 2.28854017984e-13, 1.83280894259e-13, 3.27461344987e-14, 6.66891104582e-15, 1.86176190092e-15, 1.36249908247e-15, 1.0674422492e-15, 9.70180738115e-16, 9.93518507515e-16, 2.21766735767e-15, 1.86407154801e-15, 1.18248584058e-15]
    },
    "mfcc": {
        "dmean": [43.2390937805, 11.4618864059, 19.9282627106, 12.8301115036, 11.2381381989, 11.5505342484, 9.96614551544, 8.13740539551, 5.15561199188, 6.37261581421, 6.87280893326, 6.12111282349, 5.99337387085],
        "dmean2": [79.6389465332, 18.9432373047, 33.8752250671, 20.6198177338, 19.8436965942, 19.574754715, 15.8772258759, 13.5805635452, 8.43941020966, 10.7853097916, 11.175283432, 10.307343483, 10.1996688843],
        "dvar": [821.959777832, 71.3913955688, 174.062164307, 109.516853333, 70.2865219116, 86.1095809937, 68.8053283691, 48.9025268555, 15.3040351868, 26.2694416046, 27.0715332031, 19.2369766235, 15.8676729202],
        "dvar2": [2727.62768555, 201.313217163, 600.049377441, 297.761077881, 214.867401123, 250.101821899, 190.554473877, 141.276870728, 41.9296798706, 69.0372924805, 74.3448867798, 58.256401062, 45.3921279907],
        "max": [-668.449890137, 153.539001465, 31.6230621338, 59.8907165527, 32.5269088745, 21.1879501343, 42.2575454712, 37.0452957153, 13.1548042297, 23.7639808655, 20.8892841339, 25.0997219086, 14.528181076],
        "mean": [-736.098999023, 127.321861267, -6.51698875427, 25.0195026398, 5.7102599144, -6.53224658966, 14.6370124817, 5.9370508194, 0.960186839104, 3.50751709938, 5.63800477982, 8.19509029388, 0.938261091709],
        "median": [-735.751342773, 128.85295105, -8.2771320343, 23.8796844482, 4.39809989929, -6.42721939087, 14.7181053162, 5.96817588806, 1.46631813049, 3.12347412109, 5.25239753723, 8.46955871582, 0.936540603638],
        "min": [-823.897827148, 96.5639648438, -40.6969299316, -11.0110301971, -22.5948696136, -31.6327095032, -7.7938079834, -15.7754459381, -15.2315731049, -16.0002727509, -8.74488258362, -7.58597564697, -15.4588088989],
        "var": [988.61730957, 137.31842041, 280.284210205, 212.783905029, 112.261993408, 102.297363281, 94.9986495972, 70.0311279297, 30.0538253784, 53.9470214844, 44.3382148743, 37.0765342712, 30.4439277649],
        "cov": [[994.719909668, -13.6170549393, -376.406829834, -4.7107334137, -176.669631958, -106.945648193, -35.1790466309, -34.887424469, -30.5372962952, -23.66198349, -33.6126060486, -8.01630210876, -43.695941925], [-13.6170549393, 138.166061401, 11.5049057007, -108.593933105, -39.2354393005, 10.7878427505, 21.7497138977, 12.0774898529, -18.2979393005, 0.384148776531, 42.4865951538, 5.14002799988, -3.62060427666], [-376.406829834, 11.5049057007, 282.014343262, -31.8533706665, 108.598365784, 23.256980896, -7.76690816879, 0.885949134827, 13.855307579, 22.0394172668, 2.22612667084, -13.3402700424, 17.0705490112], [-4.7107334137, -108.593933105, -31.8533706665, 214.097396851, 38.9898834229, -13.7430963516, -53.1000747681, -23.6989345551, 36.5800743103, 17.2028064728, -39.6350212097, -4.92553281784, 19.3617401123], [-176.669631958, -39.2354393005, 108.598365784, 38.9898834229, 112.954971313, 6.30048418045, -4.32677602768, -21.1442508698, 19.5152568817, 27.3645172119, -7.7997713089, -1.24074625969, 4.39981508255], [-106.945648193, 10.7878427505, 23.256980896, -13.7430963516, 6.30048418045, 102.928833008, 55.201713562, 23.8892822266, -9.68052196503, -3.57983207703, 31.6998062134, -1.61315989494, -15.4020080566], [-35.1790466309, 21.7497138977, -7.76690816879, -53.1000747681, -4.32677602768, 55.201713562, 95.5850601196, 42.5050926208, -7.92625904083, -13.6033649445, 25.7750110626, 14.8995027542, -13.3954172134], [-34.887424469, 12.0774898529, 0.885949134827, -23.6989345551, -21.1442508698, 23.8892822266, 42.5050926208, 70.4634246826, 3.00559592247, -18.2586231232, 10.5477113724, 11.7959976196, 6.10346078873], [-30.5372962952, -18.2979393005, 13.855307579, 36.5800743103, 19.5152568817, -9.68052196503, -7.92625904083, 3.00559592247, 30.2393417358, 21.5361289978, -5.41840219498, 1.60217392445, 6.29608440399], [-23.66198349, 0.384148776531, 22.0394172668, 17.2028064728, 27.3645172119, -3.57983207703, -13.6033649445, -18.2586231232, 21.5361289978, 54.2800254822, 12.1623420715, -2.95458555222, -2.48573970795], [-33.6126060486, 42.4865951538, 2.22612667084, -39.6350212097, -7.7997713089, 31.6998062134, 25.7750110626, 10.5477113724, -5.41840219498, 12.1623420715, 44.611907959, 11.8855323792, -8.91450500488], [-8.01630210876, 5.14002799988, -13.3402700424, -4.92553281784, -1.24074625969, -1.61315989494, 14.8995027542, 11.7959976196, 1.60217392445, -2.95458555222, 11.8855323792, 37.3054008484, 10.3242397308], [-43.695941925, -3.62060427666, 17.0705490112, 19.3617401123, 4.39981508255, -15.4020080566, -13.3954172134, 6.10346078873, 6.29608440399, -2.48573970795, -8.91450500488, 10.3242397308, 30.6318531036]],
        "icov": [[0.00286096381024, 0.000404525286285, 0.00282663642429, 0.000466432247777, 0.00180710642599, 0.00211495626718, -7.77229888627e-06, 0.00014726081281, 0.00182635011151, -0.00185188569594, 0.00220305332914, -6.39610007056e-05, 0.00316703040153], [0.000404525286285, 0.0173039864749, -0.00092943792697, 0.00610867422074, 0.00502662872896, 0.00253842398524, -0.000372273905668, 0.00220868363976, -0.00040797170368, 0.000112575879029, -0.0144112715498, 0.00426803063601, -0.00630890298635], [0.00282663642429, -0.00092943792697, 0.0120233083144, 0.00483506638557, -0.00864373426884, -0.00176090176683, 0.00471209641546, -0.00280103390105, -0.00101909833029, -0.00079565908527, 0.00262149074115, 0.00441042939201, -0.00343802128918], [0.000466432247777, 0.00610867422074, 0.00483506638557, 0.0135556766763, -0.00347870169207, -0.00600709067658, 0.00686134584248, 0.00145440234337, -0.0116055393592, 0.00129547773395, 0.00229871249758, 0.000966493797023, -0.00685166148469], [0.00180710642599, 0.00502662872896, -0.00864373426884, -0.00347870169207, 0.0259281750768, 0.00277112051845, -0.00778361456469, 0.00877541489899, -0.00104742473923, -0.00686841458082, 0.00311680580489, -0.00544298859313, 0.00510407332331], [0.00211495626718, 0.00253842398524, -0.00176090176683, -0.00600709067658, 0.00277112051845, 0.0246906094253, -0.0120884496719, -0.00143881875556, 0.0100268684328, 0.00049900932936, -0.015749277547, 0.00815753638744, 0.0057590524666], [-7.77229888627e-06, -0.000372273905668, 0.00471209641546, 0.00686134584248, -0.00778361456469, -0.0120884496719, 0.0283623319119, -0.0115843145177, -0.004003837239, 0.00329591473565, 0.00193344510626, -0.0079435640946, 0.00706339394674], [0.00014726081281, 0.00220868363976, -0.00280103390105, 0.00145440234337, 0.00877541489899, -0.00143881875556, -0.0115843145177, 0.0298761464655, -0.0185486655682, 0.0115847093984, -0.00563817098737, 0.000294440629659, -0.00887734256685], [0.00182635011151, -0.00040797170368, -0.00101909833029, -0.0116055393592, -0.00104742473923, 0.0100268684328, -0.004003837239, -0.0185486655682, 0.0818065032363, -0.0366040542722, 0.0127682965249, -0.00495030032471, 0.0031969898846], [-0.00185188569594, 0.000112575879029, -0.00079565908527, 0.00129547773395, -0.00686841458082, 0.00049900932936, 0.00329591473565, 0.0115847093984, -0.0366040542722, 0.0465226359665, -0.0262379888445, 0.00840152427554, -0.00180193083361], [0.00220305332914, -0.0144112715498, 0.00262149074115, 0.00229871249758, 0.00311680580489, -0.015749277547, 0.00193344510626, -0.00563817098737, 0.0127682965249, -0.0262379888445, 0.070451669395, -0.0254974644631, 0.0164707638323], [-6.39610007056e-05, 0.00426803063601, 0.00441042939201, 0.000966493797023, -0.00544298859313, 0.00815753638744, -0.0079435640946, 0.000294440629659, -0.00495030032471, 0.00840152427554, -0.0254974644631, 0.0464372485876, -0.0226767994463], [0.00316703040153, -0.00630890298635, -0.00343802128918, -0.00685166148469, 0.00510407332331, 0.0057590524666, 0.00706339394674, -0.00887734256685, 0.0031969898846, -0.00180193083361, 0.0164707638323, -0.0226767994463, 0.0613178275526]]
    }
}

}