{
"metadata": {
    "version": {
        "essentia": "2.0.1",
        "extractor": "archive-music 1.0 mod ismir14"
    },
    "audio_properties": {
        "analysis_sample_rate": 44100,
        "bitrate": 32,
        "channels": 2,
        "equal_loudness": 0,
        "length": 30.0408172607,
        "replay_gain": -10.0283031464,
        "downmix": "mix"
    },
    "tags": {
        "track": 0,
        "year": 0,
        "album": "",
        "artist": "",
        "comment": "",
        "genre": "",
        "title": ""
    }
},
"rhythm": {
    "bpm": 172.265594482,
    "bpm_histogram_first_peak": 172,
    "bpm_histogram_first_peak_spread": 0,
    "bpm_histogram_first_peak_weight": 0.529411792755,
    "bpm_histogram_second_peak": 178,
    "bpm_histogram_second_peak_spread": 0,
    "bpm_histogram_second_peak_weight": 0.258823543787
},
"tonal": {
    "tuning_frequency": {
        "dmean": 0.0206229500473,
        "dmean2": 0.0358476676047,
        "dvar": 0.0561121813953,
        "dvar2": 0.129140898585,
        "max": 437.971466064,
        "mean": 435.357116699,
        "median": 435.448913574,
        "min": 433.191070557,
        "var": 0.146964013577
    },
    "hpcp": {
        "dmean": [0.0835692733526, 0.151863828301, 0.152052506804, 0.152631089091, 0.0391298420727, 0.0798601582646, 0.103168174624, 0.120342299342, 0.0493277870119, 0.0603360831738, 0.135397955775, 0.0649290978909],
        "dmean2": [0.150219365954, 0.276739269495, 0.280952692032, 0.277791887522, 0.0737522989511, 0.139207214117, 0.191652804613, 0.204663798213, 0.0865069106221, 0.107985258102, 0.227656498551, 0.11589089036],
        "dvar": [0.0428941808641, 0.0728570595384, 0.0780448466539, 0.0829626321793, 0.0222510844469, 0.0430491939187, 0.0624028034508, 0.0637006014585, 0.0239820796996, 0.0254178959876, 0.0553922504187, 0.0327870510519],
        "dvar2": [0.101775154471, 0.183390706778, 0.207018777728, 0.165009379387, 0.0607506707311, 0.10125181824, 0.155311733484, 0.133437052369, 0.055401109159, 0.0592250823975, 0.107292883098, 0.0849723294377],
        "max": [1, 1, 1, 1, 1, 1, 1, 1, 1, 1, 1, 1],
        "mean": [0.0822161585093, 0.189127609134, 0.136286050081, 0.303264468908, 0.0277485996485, 0.110969297588, 0.128821462393, 0.188192799687, 0.0487911142409, 0.0626893937588, 0.33051866293, 0.052960190922],
        "median": [0.00962494686246, 0.035385966301, 0.0273916125298, 0.0480663403869, 0.00111137155909, 0.0108651909977, 0.00130873837043, 0.00991500541568, 0.00231049023569, 0.00369828590192, 0.104772076011, 0.00326811452396],
        "min": [2.5308723707e-05, 1.76225985342e-05, 8.73026965564e-06, 2.8319213925e-06, 4.15524368691e-07, 4.08251071349e-06, 3.24889992953e-06, 2.9348695989e-06, 7.66360881244e-06, 2.82268183582e-06, 4.049228437e-07, 1.44759105751e-05],
        "var": [0.045133434236, 0.104344956577, 0.0658035576344, 0.167334496975, 0.0160902980715, 0.0714529752731, 0.091930501163, 0.116390265524, 0.0308433398604, 0.0335403680801, 0.158947989345, 0.0271341409534]
    }
},
"lowlevel": {
    "melbands": {
        "dmean": [2.1486227979e-06, 4.46269405074e-05, 5.90498129895e-05, 0.000487177516334, 0.000511026475579, 0.000277381099295, 0.000111990542791, 9.43499908317e-05, 5.52157362108e-05, 3.94628223148e-05, 3.44466898241e-05, 1.84831078514e-05, 3.25350520143e-05, 1.25377064251e-05, 1.38341101774e-05, 8.79973595147e-06, 1.79636681423e-05, 8.64064168127e-06, 1.03626407508e-05, 2.91165224553e-06, 4.08146024711e-06, 3.78737149731e-06, 2.82949417851e-06, 3.16738191941e-06, 6.905502687e-06, 7.02973738953e-06, 2.2768845156e-06, 1.19072240068e-06, 3.8620697751e-07, 2.43568962333e-07, 1.09243586621e-07, 1.82677517557e-08, 2.87142287725e-09, 7.2828587605e-10, 2.47567771838e-10, 1.08612473182e-10, 5.01008783071e-11, 1.95870698133e-11, 1.02868347521e-11, 6.70755768636e-12],
        "dmean2": [3.74369938072e-06, 6.84863916831e-05, 8.64578687469e-05, 0.000744123535696, 0.000765603967011, 0.000421408796683, 0.000172277214006, 0.000143236800795, 8.49279822432e-05, 6.34560492472e-05, 4.82169671159e-05, 2.75263519143e-05, 4.90229176648e-05, 1.80204842763e-05, 2.36436262639e-05, 1.32070035761e-05, 2.57330029854e-05, 1.36528515213e-05, 1.55693978741e-05, 4.40541361968e-06, 6.54374252917e-06, 6.23296136837e-06, 4.78893616673e-06, 5.02659395352e-06, 1.09805387183e-05, 1.0572730389e-05, 3.73681359633e-06, 1.91774051927e-06, 6.26403391379e-07, 4.11260373312e-07, 1.76417316311e-07, 2.91126998064e-08, 4.45226833179e-09, 1.11771214506e-09, 3.93998972337e-10, 1.68328503913e-10, 7.81815653883e-11, 2.82877124502e-11, 1.45421504699e-11, 9.7037985286e-12],
        "dvar": [1.15177442236e-11, 9.45414324605e-09, 1.33507622735e-08, 1.48441108649e-06, 7.71168743086e-07, 1.49588302634e-07, 3.71286894563e-08, 4.61405704755e-08, 3.23857740625e-08, 1.43214435866e-08, 1.27385364479e-08, 4.48610126824e-09, 1.31719657404e-08, 1.75014591708e-09, 4.13802725419e-09, 4.13391737508e-10, 2.79859135865e-09, 2.52295878633e-10, 4.99417951438e-10, 2.85984135678e-11, 6.17518675083e-11, 6.21496534792e-11, 6.09037403843e-11, 5.40789669989e-11, 3.44520911799e-10, 3.01959207638e-10, 2.7384544285e-11, 9.68498545251e-12, 1.53205941857e-12, 1.3369629839e-12, 4.03819176448e-13, 5.88638728079e-15, 4.27237145257e-16, 1.2326800171e-17, 7.48053394036e-19, 1.29973920298e-19, 2.42040026569e-20, 2.84535206732e-21, 1.88572400594e-21, 1.50285307928e-21],
        "dvar2": [3.10865430619e-11, 1.49047920672e-08, 2.60700296906e-08, 2.47128423325e-06, 1.57893111918e-06, 3.39393494642e-07, 8.41897502823e-08, 1.01307925604e-07, 6.46476010502e-08, 3.46725421707e-08, 2.74448250792e-08, 8.05112154723e-09, 2.71723425982e-08, 3.29020788392e-09, 1.1383193943e-08, 8.88997819803e-10, 4.04875910576e-09, 5.5915649888e-10, 9.73362279666e-10, 6.73339023427e-11, 1.50576717761e-10, 1.43956194187e-10, 1.68726921324e-10, 1.23136931207e-10, 6.92226997945e-10, 5.2159920827e-10, 7.05110622667e-11, 2.29209238395e-11, 3.1055041351e-12, 2.70310835347e-12, 8.50055648701e-13, 1.36525625942e-14, 9.99905771212e-16, 2.91849635665e-17, 1.81071428411e-18, 3.01636528548e-19, 4.77184210264e-20, 4.61762227458e-21, 2.75013703569e-21, 2.30437109995e-21],
        "max": [3.69851622963e-05, 0.00256682396866, 0.00148448778782, 0.0296779237688, 0.00966337881982, 0.00317634735256, 0.00188696163241, 0.00257623870857, 0.00256086234003, 0.00124911183957, 0.00147337652743, 0.000810707220808, 0.00169283314608, 0.000607484194916, 0.000819333537947, 0.000372602080461, 0.00137272907887, 0.000186888981261, 0.000401979807066, 8.46319671837e-05, 7.26576399757e-05, 8.07920878287e-05, 8.59416904859e-05, 0.000108645195724, 0.000250345736276, 0.000323171232594, 5.07231416123e-05, 3.41478043993e-05, 1.88023877854e-05, 1.87230016309e-05, 1.27622161017e-05, 1.41285840982e-06, 4.43094535285e-07, 5.31146859828e-08, 1.39293172552e-08, 5.25123944328e-09, 2.45092213191e-09, 1.32177147005e-09, 1.18552501149e-09, 1.02716435357e-09],
        "mean": [2.45648789132e-06, 7.57418529247e-05, 0.000111481014756, 0.000910903268959, 0.00087748846272, 0.000407538580475, 0.000155459303642, 0.000152583234012, 6.86748317094e-05, 4.20878968725e-05, 4.19264433731e-05, 2.23226161324e-05, 3.81796453439e-05, 1.4399624888e-05, 1.30175094455e-05, 9.79705146165e-06, 2.11175010918e-05, 1.00569741335e-05, 1.35533782668e-05, 3.88202397517e-06, 4.62696652903e-06, 4.05864648201e-06, 2.66963911599e-06, 3.62061791748e-06, 7.64969900047e-06, 8.18988974061e-06, 2.26067982112e-06, 1.11523513624e-06, 3.90811322859e-07, 2.31587506505e-07, 9.78907337412e-08, 1.62029589745e-08, 2.57051779862e-09, 7.34281746517e-10, 3.0484761937e-10, 1.46745018914e-10, 7.55795079299e-11, 3.58182199178e-11, 2.10785416899e-11, 1.34521430453e-11],
        "median": [1.44725777318e-06, 4.04279089707e-05, 5.26013463968e-05, 0.000296494428767, 0.000400726799853, 0.000198130059289, 6.08849004493e-05, 4.09739004681e-05, 1.11456811283e-05, 3.83741962651e-06, 3.14262160828e-06, 1.65326707702e-06, 2.58920772467e-06, 2.3781760774e-06, 1.8613394559e-06, 1.96159385268e-06, 4.64232698505e-06, 3.11736175718e-06, 4.4761427489e-06, 1.26346799334e-06, 1.46166996728e-06, 1.2227183106e-06, 4.96890152135e-07, 7.53739527681e-07, 1.37467009154e-06, 1.2344166862e-06, 4.4610499117e-07, 1.48343829665e-07, 4.39541665287e-08, 1.47434162656e-08, 4.74653827354e-09, 1.07188036225e-09, 4.03528960247e-10, 2.21276330592e-10, 1.33936889357e-10, 6.62202931379e-11, 3.96454188922e-11, 2.1732879385e-11, 1.36822879415e-11, 7.98863926399e-12],
        "min": [3.5393650677e-08, 7.18863702787e-07, 9.06558057068e-07, 5.77656408041e-07, 5.78381957439e-07, 1.39345132766e-07, 1.58671056738e-07, 6.07193797464e-08, 1.17870992966e-08, 4.37134550779e-09, 4.09606482066e-09, 7.14455428152e-09, 5.88044590799e-09, 5.31718891139e-09, 2.12667750077e-09, 1.64116809032e-09, 4.69645833334e-09, 3.77629483239e-09, 8.35384261766e-10, 1.18189596998e-10, 6.94180407601e-11, 5.86470733088e-11, 7.87840764849e-11, 7.16667211687e-11, 8.74407282692e-11, 6.53982840104e-11, 4.27375218548e-11, 2.90299138894e-11, 2.9525722145e-11, 1.75703999961e-11, 1.2191998279e-11, 1.39044305583e-11, 8.09555460862e-12, 5.29033631139e-12, 5.64657131816e-12, 4.26620110766e-12, 5.58061409583e-12, 6.34572472694e-12, 5.38871855124e-12, 3.1986793856e-12],
        "var": [1.14899695661e-11, 3.63188590313e-08, 2.72096425391e-08, 4.35989159087e-06, 1.51969095441e-06, 2.60964156951e-07, 5.72076714889e-08, 9.09310529096e-08, 5.5089650175e-08, 1.60812181349e-08, 1.98162766196e-08, 8.08833888755e-09, 2.16767936934e-08, 2.47321563229e-09, 3.31385052732e-09, 6.55606957611e-10, 6.28668583857e-09, 3.68196362288e-10, 7.96609112008e-10, 4.43200233458e-11, 7.44986919377e-11, 6.91436352618e-11, 5.175676554e-11, 7.56511936428e-11, 4.49116688284e-10, 5.57532298107e-10, 2.83943927398e-11, 9.98216526799e-12, 1.86612292459e-12, 1.44482505387e-12, 4.23883611588e-13, 6.36696794056e-15, 3.75665094277e-16, 1.1436589223e-17, 7.19976040612e-19, 1.42437257383e-19, 3.13405680152e-20, 5.46231262049e-21, 3.8178072847e-21, 2.92247050357e-21]
    },
    "mfcc": {
        "dmean": [36.3560829163, 11.8771047592, 22.0433311462, 13.713681221, 10.38418293, 9.50867271423, 7.64743232727, 9.41608428955, 7.20376110077, 7.10458183289, 7.01479721069, 6.78675842285, 6.45171689987],
        "dmean2": [51.964138031, 16.8837928772, 32.1364936829, 19.3729801178, 14.8311328888, 14.2286882401, 11.2644119263, 14.2192726135, 11.3663196564, 11.0614023209, 11.0212163925, 10.3930130005, 10.213133812],
        "dvar": [1391.18981934, 150.291549683, 595.477233887, 126.94732666, 74.1821899414, 76.817817688, 41.5128860474, 63.2360954285, 35.6345977783, 34.0196990967, 35.0134048462, 34.2836151123, 26.8184261322],
        "dvar2": [2707.79272461, 301.340545654, 1110.05310059, 267.062683105, 132.896789551, 156.741348267, 92.2828979492, 143.366455078, 76.7572784424, 76.6656723022, 76.6162872314, 76.8347549438, 58.1864013672],
        "max": [-683.568603516, 247.294647217, 101.600341797, 131.589294434, 60.0257148743, 30.6986999512, 34.9305496216, 25.9903812408, 1.62279510498, 32.1766967773, 13.5388145447, 20.2726154327, 24.283996582],
        "mean": [-805.936401367, 198.44708252, -40.6869773865, 34.6604194641, 11.4357795715, -25.8050308228, -4.76707410812, -30.159658432, -25.4267368317, -5.05594873428, -11.3835353851, -14.2856359482, -7.19694137573],
        "median": [-798.195068359, 200.510818481, -48.7078590393, 33.7922019958, 14.1183929443, -26.2896690369, -4.49956130981, -31.3228149414, -25.5775146484, -4.67568206787, -10.4356250763, -13.7273979187, -7.07633209229],
        "min": [-1029.02746582, 86.5293960571, -127.669403076, -29.599067688, -63.5547409058, -76.891418457, -40.136756897, -74.0837860107, -57.7808456421, -47.7398681641, -50.2143592834, -50.0299186707, -41.0422325134],
        "var": [3498.08789062, 535.344665527, 1747.10546875, 573.751831055, 378.065185547, 276.628265381, 140.865753174, 251.993896484, 110.114486694, 167.027908325, 112.456054688, 95.8386154175, 90.8364944458],
        "cov": [[3503.49462891, 8.39752388, -2261.96508789, 644.028625488, -526.408508301, -535.538391113, 298.777740479, -224.031677246, 24.5038528442, -96.2416381836, -65.2590789795, 79.6478805542, -123.247756958], [8.39752388, 536.172119141, 251.342453003, -361.222045898, 33.0694961548, -64.9836044312, -61.6949501038, 133.651931763, -40.6071395874, -22.2207202911, -8.40216064453, -33.1498641968, -10.2537097931], [-2261.96508789, 251.342453003, 1749.80578613, -489.60848999, 273.111053467, 353.89831543, -242.657073975, 166.842010498, -17.5035877228, 12.1943349838, 42.0423622131, -62.6433944702, 45.2165794373], [644.028625488, -361.222045898, -489.60848999, 574.63861084, -16.3058643341, -56.9507217407, 64.0836791992, -229.828659058, -1.17560648918, 22.1988525391, -33.4836196899, 18.3178272247, -16.3641986847], [-526.408508301, 33.0694961548, 273.111053467, -16.3058643341, 378.649536133, 136.673233032, -99.700302124, -50.2882232666, -64.2266693115, 101.43409729, 8.95955085754, -42.8163757324, 60.2185745239], [-535.538391113, -64.9836044312, 353.89831543, -56.9507217407, 136.673233032, 277.055847168, -32.6724853516, -65.052444458, 11.6973848343, 40.2732048035, 48.9834594727, 11.4717626572, 24.2269058228], [298.777740479, -61.6949501038, -242.657073975, 64.0836791992, -99.700302124, -32.6724853516, 141.083480835, 13.7927207947, -5.0676484108, -0.894408047199, -7.21223640442, 21.744846344, -5.75984430313], [-224.031677246, 133.651931763, 166.842010498, -229.828659058, -50.2882232666, -65.052444458, 13.7927207947, 252.383377075, 39.5765686035, -84.9982528687, -5.50101995468, -8.38101196289, -11.8734226227], [24.5038528442, -40.6071395874, -17.5035877228, -1.17560648918, -64.2266693115, 11.6973848343, -5.0676484108, 39.5765686035, 110.284675598, -21.1464290619, -23.1065292358, 19.1654186249, -14.3568849564], [-96.2416381836, -22.2207202911, 12.1943349838, 22.1988525391, 101.43409729, 40.2732048035, -0.894408047199, -84.9982528687, -21.1464290619, 167.286071777, 42.2267036438, -37.2646484375, 37.9514198303], [-65.2590789795, -8.40216064453, 42.0423622131, -33.4836196899, 8.95955085754, 48.9834594727, -7.21223640442, -5.50101995468, -23.1065292358, 42.2267036438, 112.629867554, 21.8764820099, -3.94601917267], [79.6478805542, -33.1498641968, -62.6433944702, 18.3178272247, -42.8163757324, 11.4717626572, 21.744846344, -8.38101196289, 19.1654186249, -37.2646484375, 21.8764820099, 95.9867401123, 19.3316516876], [-123.247756958, -10.2537097931, 45.2165794373, -16.3641986847, 60.2185745239, 24.2269058228, -5.75984430313, -11.8734226227, -14.3568849564, 37.9514198303, -3.94601917267, 19.3316516876, 90.976890564]],
        "icov": [[2.07585525513, -2.88801956177, 2.8150742054, -2.61915516853, 2.42118883133, -2.161277771, 1.85995912552, -1.52331459522, 1.20469295979, -0.870595216751, 0.596276581287, -0.345776587725, 0.16095469892], [-2.88801956177, 4.02251291275, -3.9171640873, 3.64830589294, -3.37101316452, 3.01152396202, -2.59034585953, 2.12356281281, -1.67796218395, 1.21419036388, -0.831190288067, 0.482413947582, -0.223337173462], [2.8150742054, -3.9171640873, 3.82043647766, -3.55452442169, 3.28810977936, -2.9393684864, 2.53208231926, -2.07557940483, 1.64270329475, -1.18881762028, 0.816121697426, -0.473938852549, 0.220964565873], [-2.61915516853, 3.64830589294, -3.55452442169, 3.31674170494, -3.06530475616, 2.74253749847, -2.3637008667, 1.94351804256, -1.53667783737, 1.11542761326, -0.765342056751, 0.446635425091, -0.207069545984], [2.42118883133, -3.37101316452, 3.28810977936, -3.06530475616, 2.84332752228, -2.54373335838, 2.19694590569, -1.80469989777, 1.43307077885, -1.04230058193, 0.718345999718, -0.419025331736, 0.194559186697], [-2.161277771, 3.01152396202, -2.9393684864, 2.74253749847, -2.54373335838, 2.28812742233, -1.97461724281, 1.62865900993, -1.29373455048, 0.943224012852, -0.654488563538, 0.383026391268, -0.179754972458], [1.85995912552, -2.59034585953, 2.53208231926, -2.3637008667, 2.19694590569, -1.97461724281, 1.72156846523, -1.41533899307, 1.12766635418, -0.826555132866, 0.574835956097, -0.341319739819, 0.160274043679], [-1.52331459522, 2.12356281281, -2.07557940483, 1.94351804256, -1.80469989777, 1.62865900993, -1.41533899307, 1.17887675762, -0.936338245869, 0.690903604031, -0.481318086386, 0.288136005402, -0.136131837964], [1.20469295979, -1.67796218395, 1.64270329475, -1.53667783737, 1.43307077885, -1.29373455048, 1.12766635418, -0.936338245869, 0.758892118931, -0.553652644157, 0.390898257494, -0.235455527902, 0.112899668515], [-0.870595216751, 1.21419036388, -1.18881762028, 1.11542761326, -1.04230058193, 0.943224012852, -0.826555132866, 0.690903604031, -0.553652644157, 0.42228063941, -0.295532971621, 0.182833895087, -0.0896945297718], [0.596276581287, -0.831190288067, 0.816121697426, -0.765342056751, 0.718345999718, -0.654488563538, 0.574835956097, -0.481318086386, 0.390898257494, -0.295532971621, 0.220131635666, -0.133001953363, 0.0659819170833], [-0.345776587725, 0.482413947582, -0.473938852549, 0.446635425091, -0.419025331736, 0.383026391268, -0.341319739819, 0.288136005402, -0.235455527902, 0.182833895087, -0.133001953363, 0.0968854501843, -0.0465959347785], [0.16095469892, -0.223337173462, 0.220964565873, -0.207069545984, 0.194559186697, -0.179754972458, 0.160274043679, -0.136131837964, 0.112899668515, -0.0896945297718, 0.0659819170833, -0.0465959347785, 0.0362639203668]]
    }
}

}