{
"metadata": {
    "version": {
        "essentia": "2.0.1",
        "extractor": "archive-music 1.0 mod ismir14"
    },
    "audio_properties": {
        "analysis_sample_rate": 44100,
        "bitrate": 32,
        "channels": 2,
        "equal_loudness": 0,
        "length": 30.0408172607,
        "replay_gain": -14.828502655,
        "downmix": "mix"
    },
    "tags": {
        "track": 0,
        "year": 0,
        "album": "",
        "artist": "",
        "comment": "",
        "genre": "",
        "title": ""
    }
},
"rhythm": {
    "bpm": 109.314041138,
    "bpm_histogram_first_peak": 110,
    "bpm_histogram_first_peak_spread": 0.396226406097,
    "bpm_histogram_first_peak_weight": 0.603773593903,
    "bpm_histogram_second_peak": 0,
    "bpm_histogram_second_peak_spread": 0,
    "bpm_histogram_second_peak_weight": 0
},
"tonal": {
    "tuning_frequency": {
        "dmean": 0.0427296087146,
        "dmean2": 0.0823946297169,
        "dvar": 0.13400053978,
        "dvar2": 0.303007751703,
        "max": 447.949737549,
        "mean": 442.583679199,
        "median": 442.804626465,
        "min": 440,
        "var": 0.679417133331
    },
    "hpcp": {
        "dmean": [0.100395366549, 0.0748630389571, 0.061576358974, 0.128196150064, 0.0613161064684, 0.111798115075, 0.0512982569635, 0.0786496624351, 0.106459885836, 0.0504865348339, 0.112982645631, 0.0851505249739],
        "dmean2": [0.175586178899, 0.139991670847, 0.113466210663, 0.224267229438, 0.112294428051, 0.195596531034, 0.0982014536858, 0.140338495374, 0.180303350091, 0.093977458775, 0.194980680943, 0.158817246556],
        "dvar": [0.0460663475096, 0.042431242764, 0.0306566916406, 0.0553769879043, 0.027971483767, 0.0482583381236, 0.0248025786132, 0.0284849070013, 0.0390615612268, 0.0211946647614, 0.0476261973381, 0.0514287091792],
        "dvar2": [0.107994303107, 0.110215805471, 0.0848260000348, 0.126227706671, 0.0740907713771, 0.123753480613, 0.0720650181174, 0.0739270821214, 0.0955787077546, 0.0593112744391, 0.12102843821, 0.14663028717],
        "max": [1, 1, 1, 1, 1, 1, 1, 1, 1, 1, 1, 1],
        "mean": [0.160035222769, 0.214086532593, 0.0422489382327, 0.417097270489, 0.0443152748048, 0.216232836246, 0.0321187861264, 0.0935598984361, 0.207101121545, 0.0312660001218, 0.206704169512, 0.0543536506593],
        "median": [0.0215709991753, 0.00492445984855, 0.00351378531195, 0.183263599873, 0.00256875297055, 0.0339138284326, 0.00247224001214, 0.0105080194771, 0.0710999667645, 0.00232404842973, 0.0582030490041, 0.00234712520614],
        "min": [6.35016476735e-07, 3.88468833989e-06, 3.23010158354e-06, 9.36251490202e-06, 2.91142987408e-06, 1.66088852893e-06, 5.04135755364e-07, 4.28597886639e-05, 1.2459682921e-06, 1.65581991496e-06, 5.17059970662e-06, 1.08604126581e-06],
        "var": [0.0890656262636, 0.149460181594, 0.0199902709574, 0.18947429955, 0.0217994656414, 0.119255840778, 0.0142516456544, 0.0447714030743, 0.0979208499193, 0.0126179996878, 0.100619383156, 0.0326547473669]
    }
},
"lowlevel": {
    "melbands": {
        "dmean": [0.000518056971487, 0.000878005463164, 0.000616076169536, 0.000376697658794, 0.000165020421264, 0.000149062310811, 8.43901798362e-05, 0.000119865020679, 0.000177750785952, 0.000110116532596, 2.67603954853e-05, 3.25211003656e-05, 1.890974454e-05, 2.0001842131e-05, 2.20332294703e-05, 1.92099232663e-05, 2.00328177016e-05, 1.79207600013e-05, 1.02058384073e-05, 1.66471090779e-05, 7.11914799467e-06, 5.01606245962e-06, 5.46111277799e-06, 3.25164546666e-06, 1.91917001757e-06, 1.42602380038e-06, 8.78426817508e-07, 6.37045559415e-07, 6.7557056127e-07, 4.82063342133e-07, 3.97657743179e-07, 3.8980843442e-07, 3.61056777365e-07, 2.69437720135e-07, 2.38110246187e-07, 2.09515462757e-07, 1.64304140071e-07, 1.04483504515e-07, 8.44639558295e-08, 7.0741315028e-08],
        "dmean2": [0.00088022305863, 0.00144286151044, 0.000966751656961, 0.00061829079641, 0.000270087941317, 0.000221276655793, 0.00013323064195, 0.000182338277227, 0.000283314206172, 0.000170959479874, 3.98115662392e-05, 4.92445506097e-05, 2.82346354652e-05, 3.14362441713e-05, 3.58647266694e-05, 2.97368769679e-05, 3.2656458643e-05, 2.76317241514e-05, 1.64375487657e-05, 2.63394977082e-05, 1.11984536488e-05, 8.22618949314e-06, 8.95873290574e-06, 5.39351685802e-06, 3.00541046272e-06, 2.21177515414e-06, 1.37067763717e-06, 9.90510784504e-07, 1.00805800685e-06, 7.08726588527e-07, 5.74375064843e-07, 5.64812921766e-07, 5.25408722751e-07, 3.85335539477e-07, 3.58047429927e-07, 3.13859345624e-07, 2.46468260912e-07, 1.61691531275e-07, 1.26887599095e-07, 1.0937674233e-07],
        "dvar": [1.94493441086e-06, 1.38859172694e-06, 6.34615616946e-07, 5.15367617027e-07, 4.40229683818e-08, 6.29806820029e-08, 1.82356032497e-08, 5.89796940176e-08, 1.39258844456e-07, 7.98068029439e-08, 5.22962428917e-09, 8.68093597006e-09, 2.53840970466e-09, 2.48675524617e-09, 4.55396831356e-09, 1.91830307195e-09, 1.86529147683e-09, 1.79062431549e-09, 6.17449757989e-10, 3.65148133952e-09, 2.78146922161e-10, 8.0028997318e-11, 1.71420794226e-10, 4.45880311839e-11, 1.03244478938e-11, 5.70929891905e-12, 2.62077816046e-12, 1.5295836429e-12, 1.43244563346e-12, 8.94083689463e-13, 6.97421666859e-13, 7.07735302655e-13, 6.25500573646e-13, 4.38284770889e-13, 5.6806095201e-13, 7.64379282526e-13, 7.70101159491e-13, 2.54392644103e-13, 9.39131856049e-14, 8.84377071358e-14],
        "dvar2": [5.31972909812e-06, 3.46267461282e-06, 1.52124766828e-06, 1.43031161315e-06, 1.17659261889e-07, 1.2522221482e-07, 4.06545019871e-08, 1.25120266148e-07, 3.24054781231e-07, 1.84354831845e-07, 9.33589117125e-09, 1.70471743388e-08, 5.61537971677e-09, 5.86795767532e-09, 1.16867395761e-08, 4.08125400142e-09, 4.91604312813e-09, 4.04513578189e-09, 1.52840529122e-09, 9.74181624258e-09, 7.05765001996e-10, 2.00316499499e-10, 4.63615923429e-10, 1.15890068375e-10, 2.45121214992e-11, 1.36922599994e-11, 6.30389187031e-12, 3.53885106982e-12, 3.01098577495e-12, 2.00979185551e-12, 1.53081551341e-12, 1.4772709965e-12, 1.27764693356e-12, 8.50243595148e-13, 1.18928825121e-12, 1.65183654515e-12, 1.64289892454e-12, 4.62779229e-13, 1.77622551541e-13, 1.6709572094e-13],
        "max": [0.0122444499284, 0.00994381681085, 0.00847037509084, 0.005545232445, 0.00170663383324, 0.00240070046857, 0.00123750127386, 0.00287047517486, 0.0050973072648, 0.00382475461811, 0.0015605064109, 0.00191498606, 0.00103451160248, 0.000501824019011, 0.000820653396659, 0.000490492850076, 0.000497802335303, 0.000640071753878, 0.000227631506277, 0.0012401904678, 0.00027217582101, 8.73937678989e-05, 0.000228983102716, 9.24004416447e-05, 3.54969597538e-05, 2.54514689004e-05, 1.27978264572e-05, 1.05169210656e-05, 1.30560401885e-05, 7.04294916432e-06, 8.40501343191e-06, 8.78160244611e-06, 1.07974456114e-05, 1.06693505586e-05, 1.4669657503e-05, 1.78927184606e-05, 1.83091469808e-05, 9.95220852928e-06, 6.22921288596e-06, 5.52520850761e-06],
        "mean": [0.000637473596726, 0.00264948490076, 0.00191881903447, 0.000706724473275, 0.000303890759824, 0.000268934032647, 0.000139349358506, 0.000174245753442, 0.000237974905758, 0.000174930784851, 3.76749812858e-05, 3.90486929973e-05, 2.55847353401e-05, 2.52838763117e-05, 2.48041123996e-05, 2.7585285352e-05, 2.52310655924e-05, 2.40886365646e-05, 1.32486284201e-05, 2.64013797278e-05, 1.14251934065e-05, 7.8559778558e-06, 1.04356831798e-05, 6.16028501099e-06, 3.0382695968e-06, 1.92847778635e-06, 1.08880215066e-06, 7.53828260258e-07, 8.33868512018e-07, 5.76782667849e-07, 4.69551679316e-07, 4.60435586547e-07, 4.23405225547e-07, 3.15287309149e-07, 2.68292865258e-07, 2.18282480091e-07, 1.71401254079e-07, 1.15309511273e-07, 8.90204603365e-08, 7.67618004716e-08],
        "median": [0.0003448461066, 0.00244337739423, 0.00175017991569, 0.000523729191627, 0.000209639838431, 9.08393267309e-05, 6.36185141047e-05, 5.97718390054e-05, 5.93168879277e-05, 3.65089508705e-05, 1.17032914204e-05, 1.10633427539e-05, 7.74669206294e-06, 5.37619825991e-06, 5.87088925386e-06, 6.40396183371e-06, 5.16256295668e-06, 5.41573263035e-06, 3.42501971318e-06, 3.39345660905e-06, 3.31476394422e-06, 3.24125085172e-06, 2.39293854065e-06, 1.42159558436e-06, 1.15724878924e-06, 6.98095504958e-07, 3.92741355881e-07, 2.38063222469e-07, 2.41168294224e-07, 1.33689241011e-07, 1.00825630511e-07, 1.03255317185e-07, 9.11905573275e-08, 7.95522225872e-08, 5.64442395046e-08, 5.2390991101e-08, 3.86999090551e-08, 2.46367584111e-08, 2.06398524938e-08, 1.54191610591e-08],
        "min": [3.64595223346e-07, 3.93220460637e-07, 8.69868358677e-07, 2.15809791371e-06, 6.16318902757e-06, 1.84371501177e-07, 4.71335795282e-07, 4.31446878224e-08, 2.45140256538e-07, 9.16936073736e-08, 1.20274767923e-08, 1.31172761542e-08, 1.06477378026e-08, 1.00586534657e-08, 3.94511801005e-09, 2.20120144334e-09, 3.38275185641e-09, 2.62251043104e-09, 2.56610732663e-09, 2.59980637018e-09, 2.76128586663e-09, 2.0186907701e-09, 2.15749973442e-09, 1.3289370715e-09, 1.13639930799e-09, 7.84935672016e-10, 3.52750273436e-10, 2.61081573028e-10, 1.98265459606e-10, 1.28021468426e-10, 5.00438336604e-11, 2.29529468349e-11, 1.82284291828e-11, 1.00243407325e-11, 6.97657339885e-12, 5.02629795424e-12, 4.83092732484e-12, 4.4254907898e-12, 2.89270712418e-12, 2.65936469894e-12],
        "var": [1.44575597005e-06, 3.61401043847e-06, 1.58868840572e-06, 5.20952255556e-07, 8.61377387196e-08, 1.67559591091e-07, 3.71523789511e-08, 1.10903918937e-07, 2.17460794261e-07, 1.88823477743e-07, 9.47713996169e-09, 1.26593606709e-08, 4.54982540532e-09, 3.24463855783e-09, 4.57291804423e-09, 3.86429954702e-09, 3.1887674723e-09, 3.36961214487e-09, 8.0348716569e-10, 1.03198294354e-08, 5.50061940441e-10, 1.42608536091e-10, 5.64118973756e-10, 1.66134883628e-10, 2.16433104078e-11, 9.1881467712e-12, 3.1182326686e-12, 1.81904860098e-12, 2.16005750613e-12, 1.21287983997e-12, 8.84175599489e-13, 9.23040073195e-13, 8.53222223776e-13, 6.12169603204e-13, 6.767361194e-13, 7.9211892037e-13, 7.8719317306e-13, 3.16553098838e-13, 1.16126712738e-13, 1.05338115075e-13]
    },
    "mfcc": {
        "dmean": [32.7298049927, 17.5224971771, 12.2576065063, 9.36985397339, 8.07290077209, 7.18130636215, 6.7075715065, 6.57288599014, 5.71944665909, 6.21664237976, 5.63263082504, 5.55308771133, 5.82205820084],
        "dmean2": [41.4120407104, 23.3314056396, 16.280506134, 13.8250551224, 11.844461441, 10.8774023056, 10.2546157837, 10.350069046, 8.95643520355, 9.814868927, 8.83186912537, 8.95465946198, 9.18267726898],
        "dvar": [1264.12475586, 321.104553223, 148.249359131, 80.8283996582, 66.2944869995, 41.2089614868, 31.9350948334, 33.4982643127, 24.3146781921, 31.3356533051, 25.9471092224, 21.3712768555, 24.2733421326],
        "dvar2": [2583.21411133, 599.578918457, 235.814559937, 166.903457642, 117.194816589, 84.5193023682, 67.3715057373, 78.0758743286, 49.2745704651, 72.0116500854, 56.623462677, 52.221736908, 62.1291351318],
        "max": [-578.616882324, 248.954193115, 119.681060791, 92.6863861084, 66.6825180054, 41.2139205933, 30.9818515778, 50.5976219177, 27.015296936, 38.7967910767, 38.6726074219, 28.5063495636, 23.7106552124],
        "mean": [-714.311767578, 170.932418823, 6.83201789856, 32.461555481, 17.6206626892, 6.67429971695, -4.50696372986, 4.96050882339, -0.735606014729, 2.2739379406, 1.60509634018, -0.990789532661, -5.72345352173],
        "median": [-702.288757324, 171.389572144, 6.63674640656, 30.0776824951, 16.722486496, 8.06191921234, -3.21050071716, 4.65343570709, -0.361268997192, 1.63901424408, 0.475883483887, -1.4325504303, -5.08463191986],
        "min": [-953.159240723, 24.3191261292, -93.4037017822, -46.8876495361, -29.3079338074, -30.996181488, -44.2599334717, -29.1279144287, -37.5927734375, -27.8584785461, -22.9243507385, -25.4780235291, -31.0318946838],
        "var": [5105.61669922, 1224.1373291, 1117.48425293, 433.76385498, 262.324157715, 169.87638855, 181.230514526, 103.615188599, 72.4347305298, 131.804412842, 85.2913742065, 64.3057556152, 62.1429634094],
        "cov": [[5113.5078125, -1420.18347168, -753.694396973, -78.545211792, -329.920623779, -61.4071426392, -224.090560913, 9.78680419922, -23.3108539581, 48.5045204163, 10.0825824738, -15.1766338348, -43.0153160095], [-1420.18347168, 1226.02941895, -364.263092041, -251.411682129, 37.5937957764, -102.199867249, 82.0714187622, -31.3472518921, -35.9386901855, 28.0623607635, 46.7055664062, 12.6868858337, -3.48708820343], [-753.694396973, -364.263092041, 1119.21142578, 224.263763428, -26.8645877838, 210.536376953, 123.662658691, 41.8829078674, 17.4601039886, -73.1598358154, -43.0552749634, -7.21043395996, 15.6941356659], [-78.545211792, -251.411682129, 224.263763428, 434.434265137, 114.891326904, 7.23657512665, -99.2003326416, 25.6058616638, 44.8071327209, -70.1390228271, -59.6968955994, 1.58266150951, 15.9373598099], [-329.920623779, 37.5937957764, -26.8645877838, 114.891326904, 262.72958374, -29.8956565857, -43.4870147705, 17.2722873688, 13.2052850723, 15.2861299515, -2.97213172913, 17.9070644379, -1.65521252155], [-61.4071426392, -102.199867249, 210.536376953, 7.23657512665, -29.8956565857, 170.138946533, 72.1282424927, -1.46967494488, 9.04855155945, -2.93020701408, 9.7309627533, -2.36707782745, -4.23468160629], [-224.090560913, 82.0714187622, 123.662658691, -99.2003326416, -43.4870147705, 72.1282424927, 181.510620117, 18.1718959808, -30.4765205383, 26.4683609009, 28.3846626282, 6.91531991959, -4.75661182404], [9.78680419922, -31.3472518921, 41.8829078674, 25.6058616638, 17.2722873688, -1.46967494488, 18.1718959808, 103.77532959, 2.58922696114, -7.55615758896, 8.82323169708, 18.3771076202, -3.12848591805], [-23.3108539581, -35.9386901855, 17.4601039886, 44.8071327209, 13.2052850723, 9.04855155945, -30.4765205383, 2.58922696114, 72.5466842651, 11.0325918198, -13.7652778625, -2.50235795975, -0.480393201113], [48.5045204163, 28.0623607635, -73.1598358154, -70.1390228271, 15.2861299515, -2.93020701408, 26.4683609009, -7.55615758896, 11.0325918198, 132.008132935, 56.5679740906, -8.35916900635, -25.5242500305], [10.0825824738, 46.7055664062, -43.0552749634, -59.6968955994, -2.97213172913, 9.7309627533, 28.3846626282, 8.82323169708, -13.7652778625, 56.5679740906, 85.4231948853, 14.2941160202, -12.1644334793], [-15.1766338348, 12.6868858337, -7.21043395996, 1.58266150951, 17.9070644379, -2.36707782745, 6.91531991959, 18.3771076202, -2.50235795975, -8.35916900635, 14.2941160202, 64.4051437378, 19.8054084778], [-43.0153160095, -3.48708820343, 15.6941356659, 15.9373598099, -1.65521252155, -4.23468160629, -4.75661182404, -3.12848591805, -0.480393201113, -25.5242500305, -12.1644334793, 19.8054084778, 62.2390136719]],
        "icov": [[0.000600758066867, 0.000872004195116, 0.000664400926325, 8.75595214893e-05, 0.000717514660209, -0.000113242727821, 0.000290352763841, -0.000233496873989, 0.000464790064143, -0.000182959702215, 9.85596561804e-05, -0.00025351223303, 0.000324423395796], [0.000872004195116, 0.00239932560362, 0.00120471999981, 0.000609440321568, 0.000550696742721, 0.00060413510073, -0.00056058249902, 0.000144014004036, 0.000227951109991, 0.000474008411402, -0.00042680153274, -0.000243957852945, 0.000487769633764], [0.000664400926325, 0.00120471999981, 0.00229002721608, -0.000714830937795, 0.000905727676582, -0.0013295810204, -0.000911342911422, -0.000483061099658, 0.000366088235751, 0.000258037354797, 0.000350274582161, 5.79941770411e-05, 0.000130624466692], [8.75595214893e-05, 0.000609440321568, -0.000714830937795, 0.004354278557, -0.00163017213345, 8.34604434203e-05, 0.0018328538863, -0.000616813253146, -0.00120855960995, 0.00138768041506, 0.000554769125301, 0.00021060857398, -0.000167510195752], [0.000717514660209, 0.000550696742721, 0.000905727676582, -0.00163017213345, 0.00589396618307, -7.59785034461e-05, 0.00113098847214, -0.000934342853725, 0.00118760438636, -0.00218269182369, 0.000958572432864, -0.00200438732281, 0.000846064824145], [-0.000113242727821, 0.00060413510073, -0.0013295810204, 8.34604434203e-05, -7.59785034461e-05, 0.00995077006519, -0.00404075207189, 0.00198015384376, -0.00326928379945, 0.00201472151093, -0.00273795402609, 0.000436058588093, 0.00086233537877], [0.000290352763841, -0.00056058249902, -0.000911342911422, 0.0018328538863, 0.00113098847214, -0.00404075207189, 0.0109608629718, -0.0026685979683, 0.00455612922087, -0.00310714635998, 0.00120218645316, -0.00127515394706, -0.000209911027923], [-0.000233496873989, 0.000144014004036, -0.000483061099658, -0.000616813253146, -0.000934342853725, 0.00198015384376, -0.0026685979683, 0.0116381710395, -0.00197521597147, 0.00217751134187, -0.00234185601585, -0.00267961760983, 0.00189011730254], [0.000464790064143, 0.000227951109991, 0.000366088235751, -0.00120855960995, 0.00118760438636, -0.00326928379945, 0.00455612922087, -0.00197521597147, 0.0187552683055, -0.00590255018324, 0.00541318627074, -0.00143244641367, -0.000152834603796], [-0.000182959702215, 0.000474008411402, 0.000258037354797, 0.00138768041506, -0.00218269182369, 0.00201472151093, -0.00310714635998, 0.00217751134187, -0.00590255018324, 0.014743745327, -0.00953901559114, 0.0032765395008, 0.0025245656725], [9.85596561804e-05, -0.00042680153274, 0.000350274582161, 0.000554769125301, 0.000958572432864, -0.00273795402609, 0.00120218645316, -0.00234185601585, 0.00541318627074, -0.00953901559114, 0.0211196597666, -0.0059577645734, 0.0017806434771], [-0.00025351223303, -0.000243957852945, 5.79941770411e-05, 0.00021060857398, -0.00200438732281, 0.000436058588093, -0.00127515394706, -0.00267961760983, -0.00143244641367, 0.0032765395008, -0.0059577645734, 0.0208271909505, -0.00697252061218], [0.000324423395796, 0.000487769633764, 0.000130624466692, -0.000167510195752, 0.000846064824145, 0.00086233537877, -0.000209911027923, 0.00189011730254, -0.000152834603796, 0.0025245656725, 0.0017806434771, -0.00697252061218, 0.0200896654278]]
    }
}

}