{
"metadata": {
    "version": {
        "essentia": "2.0.1",
        "extractor": "archive-music 1.0 mod ismir14"
    },
    "audio_properties": {
        "analysis_sample_rate": 44100,
        "bitrate": 160,
        "channels": 2,
        "equal_loudness": 0,
        "length": 30.0669155121,
        "replay_gain": -12.9660320282,
        "downmix": "mix"
    },
    "tags": {
        "track": 0,
        "year": 0,
        "album": "",
        "artist": "",
        "comment": "",
        "genre": "",
        "title": ""
    }
},
"rhythm": {
    "bpm": 88.2881317139,
    "bpm_histogram_first_peak": 89,
    "bpm_histogram_first_peak_spread": 0.309523820877,
    "bpm_histogram_first_peak_weight": 0.674418628216,
    "bpm_histogram_second_peak": 94,
    "bpm_histogram_second_peak_spread": 0,
    "bpm_histogram_second_peak_weight": 0.0232558138669
},
"tonal": {
    "tuning_frequency": {
        "dmean": 0.182652458549,
        "dmean2": 0.340384423733,
        "dvar": 2.47669792175,
        "dvar2": 6.84176826477,
        "max": 456.570251465,
        "mean": 436.542480469,
        "median": 438.224517822,
        "min": 431.692352295,
        "var": 21.6681957245
    },
    "hpcp": {
        "dmean": [0.170868813992, 0.169412285089, 0.164306223392, 0.230431824923, 0.0897191166878, 0.151146039367, 0.202879145741, 0.247038900852, 0.159354940057, 0.130715399981, 0.258138924837, 0.0750489979982],
        "dmean2": [0.285266041756, 0.298754602671, 0.287840604782, 0.405017971992, 0.159850373864, 0.255804687738, 0.349810928106, 0.414986342192, 0.273504048586, 0.230525299907, 0.43625459075, 0.132550448179],
        "dvar": [0.041174210608, 0.0611186735332, 0.0569331422448, 0.0754183530807, 0.0216977614909, 0.0513132363558, 0.0616225413978, 0.0687751546502, 0.048590335995, 0.0354710258543, 0.0709553360939, 0.0189540870488],
        "dvar2": [0.0988731831312, 0.158946663141, 0.134279429913, 0.175623223186, 0.0593901611865, 0.105980098248, 0.14955444634, 0.164280235767, 0.117368482053, 0.0967964231968, 0.148489221931, 0.0511644072831],
        "max": [1, 1, 1, 1, 1, 1, 1, 1, 1, 1, 1, 1],
        "mean": [0.239974692464, 0.146819159389, 0.167067795992, 0.27695119381, 0.0790640935302, 0.260408341885, 0.277143776417, 0.331235617399, 0.189862191677, 0.116195946932, 0.61746352911, 0.0740565806627],
        "median": [0.134382218122, 0.0425070002675, 0.0563813522458, 0.119348548353, 0.0274930261075, 0.0870244652033, 0.144695132971, 0.209658488631, 0.0682641789317, 0.0439670458436, 0.655150711536, 0.0318937785923],
        "min": [0, 0.000200602749828, 0.000847453833558, 0, 0.000245222443482, 0.00242249132134, 0, 0, 0.000435722147813, 0, 0, 0.000790876336396],
        "var": [0.0711115077138, 0.0560449808836, 0.0646491646767, 0.104500979185, 0.0182249713689, 0.115327477455, 0.102486610413, 0.110252588987, 0.0730279833078, 0.034026093781, 0.128987982869, 0.016491997987]
    }
},
"lowlevel": {
    "melbands": {
        "dmean": [4.71313105663e-05, 0.000212349797948, 0.000218584944378, 0.000106137340481, 6.71947491355e-05, 0.000117929965199, 0.000129426465719, 0.000131566965138, 0.000130010259454, 6.94418195053e-05, 5.02489237988e-05, 2.9939077649e-05, 2.38587726926e-05, 1.54319768626e-05, 2.47170773946e-05, 1.44552159327e-05, 1.60029321705e-05, 1.25997512441e-05, 9.88043029793e-06, 8.79616800376e-06, 7.06173022991e-06, 7.07267827238e-06, 8.61412081576e-06, 9.50332378125e-06, 6.95315748089e-06, 5.45094235349e-06, 4.49191202279e-06, 2.55298709817e-06, 1.38672476169e-06, 1.19061587611e-06, 8.74506895343e-07, 5.09199651333e-07, 2.45637465923e-07, 1.81721333092e-07, 1.71947888816e-07, 1.30562767708e-07, 8.03894693036e-08, 3.28282538931e-08, 5.91833382302e-09, 2.76675876654e-10],
        "dmean2": [6.98361109244e-05, 0.000333807372954, 0.000348320696503, 0.000141120530316, 0.000108735257527, 0.000191527215065, 0.000211286809645, 0.000222957212827, 0.000187207042472, 0.000101294412161, 7.35912180971e-05, 4.80977905681e-05, 3.64665611414e-05, 2.42845508183e-05, 3.83006117772e-05, 2.10132038774e-05, 2.40751851379e-05, 1.98797733901e-05, 1.57265130838e-05, 1.3476177628e-05, 1.11814360935e-05, 1.06910601971e-05, 1.24356492961e-05, 1.36423013828e-05, 1.06737070382e-05, 7.91023649072e-06, 6.84529004502e-06, 3.98190968554e-06, 2.21240293286e-06, 1.87308216937e-06, 1.34109393457e-06, 7.93845913449e-07, 3.85725400065e-07, 2.89645697649e-07, 2.75062831179e-07, 2.0917001109e-07, 1.30981817392e-07, 5.49828840235e-08, 9.79914993593e-09, 4.56523291392e-10],
        "dvar": [3.46200712542e-09, 9.34901862593e-08, 7.60744853778e-08, 2.82577090616e-08, 8.77523831377e-09, 2.09502815096e-08, 3.25398872292e-08, 5.66255096146e-08, 4.82365045684e-08, 2.47815012955e-08, 6.59020127358e-09, 1.10421423116e-08, 5.96608940029e-09, 1.49577261688e-09, 4.6053796332e-09, 1.34334077195e-09, 2.29926233608e-09, 7.1252836964e-10, 4.64709160042e-10, 6.13138928518e-10, 1.97732968887e-10, 1.86568649418e-10, 2.98570834723e-10, 4.16868844999e-10, 1.99838395831e-10, 1.07086006729e-10, 1.25472673917e-10, 4.9992482376e-11, 6.02905789529e-12, 7.34342794906e-12, 5.17530853242e-12, 1.45607235037e-12, 1.91961694478e-13, 6.71752828059e-14, 6.34384512694e-14, 2.79937070703e-14, 1.10505832593e-14, 2.99921343491e-15, 8.99710058593e-17, 1.70049257088e-19],
        "dvar2": [5.66428326465e-09, 2.03585614145e-07, 1.69676397377e-07, 4.89684026661e-08, 2.20039151344e-08, 5.0832937859e-08, 8.40609928332e-08, 1.50942511823e-07, 7.34982137374e-08, 4.06713027701e-08, 1.27496457836e-08, 2.6246766538e-08, 1.19805534382e-08, 3.07342995498e-09, 1.03018429343e-08, 2.56724197456e-09, 5.42259437353e-09, 1.65784452832e-09, 1.16324350152e-09, 1.53958912286e-09, 4.29026064674e-10, 4.16518847191e-10, 4.93728780082e-10, 8.91898443989e-10, 4.41415376473e-10, 2.26534555003e-10, 2.68100736056e-10, 9.07097175151e-11, 1.45766992227e-11, 1.5424416952e-11, 1.1477661703e-11, 3.23965377094e-12, 4.27216530381e-13, 1.40445245494e-13, 1.46136764799e-13, 6.78972259275e-14, 2.83076123983e-14, 7.91378054532e-15, 2.29799959181e-16, 4.30728971581e-19],
        "max": [0.000831643294077, 0.00322801503353, 0.00252612214535, 0.00232674251311, 0.00122940877918, 0.0012570375111, 0.00140528462362, 0.0016839109594, 0.00392902968451, 0.00260532344691, 0.0011056473013, 0.00118480355013, 0.000993737019598, 0.000515554507729, 0.000916495220736, 0.000569767144043, 0.000722753931768, 0.000337488192599, 0.000203487259569, 0.00040343333967, 0.000145093756146, 0.000126647384604, 0.000184332486242, 0.000288347713649, 0.000197027038666, 0.000124179859995, 0.00015632713621, 9.961201431e-05, 2.50623215834e-05, 5.32315134478e-05, 3.75347881345e-05, 2.07538432733e-05, 6.68802204018e-06, 4.10450365962e-06, 3.53438076672e-06, 1.80661186278e-06, 1.20094080103e-06, 7.33767308247e-07, 9.45699341059e-08, 3.64245633655e-09],
        "mean": [7.93197905296e-05, 0.000294054305414, 0.000326734705595, 0.000169384089531, 9.23825500649e-05, 0.000168247759575, 0.000166320169228, 0.000124504658743, 0.000200454043807, 0.000101934507256, 7.74724030634e-05, 3.47969180439e-05, 2.74893882306e-05, 1.94517724594e-05, 3.10605682898e-05, 1.79410380952e-05, 1.90591199498e-05, 1.56599453476e-05, 1.10984110506e-05, 1.00447759905e-05, 9.19156354939e-06, 9.30658461584e-06, 1.4122655557e-05, 1.5550012904e-05, 9.92600052996e-06, 8.49054322316e-06, 7.027596439e-06, 3.95856295654e-06, 2.14187684833e-06, 1.75895411303e-06, 1.40978738727e-06, 8.6784081077e-07, 4.26012178423e-07, 3.30055456743e-07, 3.00339195292e-07, 2.10361676523e-07, 1.28893759666e-07, 5.03235391136e-08, 8.75675087997e-09, 4.12578637921e-10],
        "median": [4.79624723084e-05, 0.000173427804839, 0.000230149948038, 9.52614718699e-05, 5.99210143264e-05, 0.000112769550469, 8.90252485988e-05, 4.12460576626e-05, 8.59822903294e-05, 4.22753546445e-05, 3.73877119273e-05, 9.28800727706e-06, 6.1395821831e-06, 6.23222422291e-06, 1.18306661534e-05, 5.56281293029e-06, 4.74286935059e-06, 3.74674027626e-06, 3.25689734382e-06, 2.19014009417e-06, 2.19965932047e-06, 2.09204586099e-06, 1.89419631624e-06, 1.51898166223e-06, 2.18572404265e-06, 2.36605455939e-06, 1.05614651602e-06, 1.12106749839e-06, 1.11369683964e-06, 6.09031985732e-07, 3.83496598033e-07, 3.4022096429e-07, 2.08765214893e-07, 1.9354766323e-07, 1.68740129425e-07, 1.18018981254e-07, 8.34046360865e-08, 3.18086890161e-08, 5.03234920401e-09, 2.27890636917e-10],
        "min": [1.13691368819e-10, 1.31621546995e-10, 5.42602976439e-11, 1.30151056599e-10, 5.89053750222e-10, 5.11352293842e-10, 9.17427245284e-11, 3.77945487406e-11, 2.26627206584e-11, 5.10000097709e-11, 3.1271133686e-12, 4.89406171839e-12, 4.07099874644e-11, 1.16318038534e-10, 9.32391039377e-11, 3.16618051222e-11, 2.96403873667e-11, 2.1538883524e-11, 3.48388054516e-11, 2.30433137849e-11, 1.74744923392e-11, 1.79669976813e-11, 4.54315404741e-11, 6.91877527492e-11, 3.19632965928e-11, 9.65329031988e-12, 1.41775688411e-11, 1.18580622752e-11, 1.11024809138e-11, 1.85432884325e-11, 3.20795690359e-12, 5.72329119861e-12, 6.72188043074e-12, 1.64246838786e-12, 2.9792615857e-12, 2.62671525156e-12, 2.92975517978e-12, 1.07463408831e-12, 4.57954583543e-13, 6.7783425357e-14],
        "var": [1.00109636136e-08, 1.23677978081e-07, 1.05747659518e-07, 5.98283378395e-08, 1.11520135349e-08, 2.82327778933e-08, 3.86701088928e-08, 4.7430365413e-08, 1.82300212259e-07, 5.61465647309e-08, 1.52025609879e-08, 1.16423723995e-08, 8.16721357211e-09, 2.21713136739e-09, 5.54426682342e-09, 2.03250771769e-09, 2.97669444649e-09, 1.36186684152e-09, 5.05276098739e-10, 8.26088419892e-10, 3.53768903061e-10, 3.15264425677e-10, 8.20240264598e-10, 1.16672560502e-09, 4.13093614871e-10, 2.56092619333e-10, 2.89277213295e-10, 1.00693321736e-10, 1.07808484362e-11, 1.52650409674e-11, 9.75748388338e-12, 2.4050136882e-12, 4.3417277152e-13, 1.90805555492e-13, 1.80931983805e-13, 6.2532051477e-14, 1.73427048276e-14, 3.26915584718e-15, 1.21514896627e-16, 2.57260253238e-19]
    },
    "mfcc": {
        "dmean": [28.4983024597, 10.1450204849, 12.0519075394, 7.90695667267, 8.43395137787, 6.87195730209, 7.12839984894, 6.76555967331, 5.85550022125, 6.43526601791, 6.01463270187, 5.25312662125, 5.90207481384],
        "dmean2": [40.4894485474, 15.2007865906, 17.2556362152, 11.7107038498, 12.5872516632, 10.147857666, 10.2417373657, 10.5422582626, 9.1338634491, 10.1328420639, 9.35676383972, 8.01293945312, 9.08878993988],
        "dvar": [942.390136719, 103.916053772, 102.146156311, 45.9494285583, 49.3843688965, 31.3643398285, 36.9650382996, 28.9224052429, 19.892534256, 24.2543411255, 23.444272995, 17.2638645172, 22.9201183319],
        "dvar2": [1228.57507324, 196.280380249, 183.217849731, 87.0199356079, 107.549667358, 65.2977371216, 71.526725769, 69.3623962402, 50.368347168, 55.9785728455, 58.0750579834, 40.7894744873, 54.379776001],
        "max": [-588.878662109, 181.767242432, 36.5956764221, 91.625831604, 16.6757545471, 36.7687606812, 31.1099395752, 36.2946090698, 5.92825317383, 42.8444671631, 22.5350990295, 30.547618866, 10.3368988037],
        "mean": [-698.024291992, 138.672180176, -18.3932609558, 39.9658699036, -21.1938476562, 7.14815616608, -14.0229454041, 8.96854496002, -13.2793388367, 12.9498672485, -4.4533700943, 7.14743089676, -11.7327365875],
        "median": [-706.514221191, 141.913146973, -16.3789787292, 37.9255828857, -21.9460906982, 7.32937240601, -14.9452209473, 8.41899871826, -12.2797317505, 13.3980941772, -4.90971755981, 7.26564025879, -10.1810722351],
        "min": [-1138.42004395, 1.14440917969e-05, -82.0683746338, -2.76538848877, -61.9774703979, -22.1292304993, -42.5878829956, -16.9811401367, -44.8895797729, -27.7448959351, -25.0268268585, -18.7271080017, -49.0099716187],
        "var": [2261.23950195, 456.37399292, 468.141357422, 219.140884399, 171.044158936, 115.139961243, 150.995422363, 86.9870223999, 76.6572647095, 86.6362762451, 65.9493484497, 52.181137085, 89.2099456787],
        "cov": [[2264.72924805, -199.457397461, -694.686523438, 175.827468872, 2.91646933556, -81.7914810181, -78.4622192383, 118.271591187, -87.886100769, -8.11329555511, -53.0536689758, 28.8154449463, -106.881187439], [-199.457397461, 457.078277588, 161.365066528, -155.167129517, -78.7377548218, 27.2878818512, -0.539005994797, -75.591796875, 36.8575363159, 28.6352958679, 29.4701824188, 25.671081543, 53.0885734558], [-694.686523438, 161.365066528, 468.863800049, -5.60843753815, 12.5405769348, 54.8505973816, 10.0281677246, -15.6649255753, 21.0270881653, 3.82924628258, -1.74492752552, -14.2006292343, 37.4544792175], [175.827468872, -155.167129517, -5.60843753815, 219.479064941, 105.659965515, -49.3388748169, -39.5730361938, 43.7150650024, -16.0119800568, -18.8567810059, -15.8113927841, -14.7554254532, -11.6044588089], [2.91646933556, -78.7377548218, 12.5405769348, 105.659965515, 171.308105469, -7.82078790665, -44.5875396729, 27.5116577148, -8.93003177643, -10.169549942, -20.586681366, -11.3578624725, -0.62589430809], [-81.7914810181, 27.2878818512, 54.8505973816, -49.3388748169, -7.82078790665, 115.317649841, 74.8613128662, 4.50629472733, -1.35109436512, -18.7306308746, -5.85548400879, -4.43417644501, -21.9124183655], [-78.4622192383, -0.539005994797, 10.0281677246, -39.5730361938, -44.5875396729, 74.8613128662, 151.228439331, 30.7138881683, -25.9864273071, -22.5167789459, -9.68593978882, 2.93428611755, -15.7344760895], [118.271591187, -75.591796875, -15.6649255753, 43.7150650024, 27.5116577148, 4.50629472733, 30.7138881683, 87.1212615967, -3.93396759033, -25.2257766724, -12.2830057144, -3.32092094421, -10.0215101242], [-87.886100769, 36.8575363159, 21.0270881653, -16.0119800568, -8.93003177643, -1.35109436512, -25.9864273071, -3.93396759033, 76.7755584717, 32.6170654297, 6.09993171692, -0.441393107176, 6.53549480438], [-8.11329555511, 28.6352958679, 3.82924628258, -18.8567810059, -10.169549942, -18.7306308746, -22.5167789459, -25.2257766724, 32.6170654297, 86.7699737549, 21.0242233276, -0.360338836908, 11.6039352417], [-53.0536689758, 29.4701824188, -1.74492752552, -15.8113927841, -20.586681366, -5.85548400879, -9.68593978882, -12.2830057144, 6.09993171692, 21.0242233276, 66.0511169434, 19.1823406219, -4.82143354416], [28.8154449463, 25.671081543, -14.2006292343, -14.7554254532, -11.3578624725, -4.43417644501, 2.93428611755, -3.32092094421, -0.441393107176, -0.360338836908, 19.1823406219, 52.2616653442, 27.2748203278], [-106.881187439, 53.0885734558, 37.4544792175, -11.6044588089, -0.62589430809, -21.9124183655, -15.7344760895, -10.0215101242, 6.53549480438, 11.6039352417, -4.82143354416, 27.2748203278, 89.3476104736]],
        "icov": [[0.0028525730595, -0.00259786541574, 0.00454617617652, -0.00423696730286, 0.00371406413615, -0.00446138577536, 0.0056993290782, -0.00624749576673, 0.00562099786475, -0.00482631288469, 0.0055687087588, -0.00446126936004, 0.00361274555326], [-0.00259786541574, 0.00631241174415, -0.00533555541188, 0.00610026624054, -0.00340059981681, 0.00455131195486, -0.00543829286471, 0.00770576903597, -0.00631721597165, 0.0050814896822, -0.00599026912823, 0.00353983324021, -0.00443214643747], [0.00454617617652, -0.00533555541188, 0.0102253109217, -0.00794153660536, 0.00591142475605, -0.0091817798093, 0.00931007135659, -0.0100292852148, 0.00867721438408, -0.00760790752247, 0.00832012761384, -0.00510061392561, 0.00395430065691], [-0.00423696730286, 0.00610026624054, -0.00794153660536, 0.0159259587526, -0.00999158713967, 0.0112256491557, -0.00892298016697, 0.00796758383512, -0.00837859325111, 0.00854014605284, -0.00875211227685, 0.00695372698829, -0.00438145408407], [0.00371406413615, -0.00340059981681, 0.00591142475605, -0.00999158713967, 0.0152061656117, -0.0103678032756, 0.0123324654996, -0.0107997171581, 0.00958573445678, -0.00781382527202, 0.00952541455626, -0.00604203762487, 0.00388409662992], [-0.00446138577536, 0.00455131195486, -0.0091817798093, 0.0112256491557, -0.0103678032756, 0.0255569629371, -0.0183816868812, 0.0126853734255, -0.0126961302012, 0.0112929511815, -0.00891959480941, 0.00662458920851, -0.00139483611565], [0.0056993290782, -0.00543829286471, 0.00931007135659, -0.00892298016697, 0.0123324654996, -0.0183816868812, 0.0261461865157, -0.0188045036048, 0.017028350383, -0.011947568506, 0.0135650746524, -0.0107767321169, 0.00738886371255], [-0.00624749576673, 0.00770576903597, -0.0100292852148, 0.00796758383512, -0.0107997171581, 0.0126853734255, -0.0188045036048, 0.0315860062838, -0.017022466287, 0.0153988329694, -0.0126805016771, 0.00974755827338, -0.00796100310981], [0.00562099786475, -0.00631721597165, 0.00867721438408, -0.00837859325111, 0.00958573445678, -0.0126961302012, 0.017028350383, -0.017022466287, 0.0296820942312, -0.0170023851097, 0.0126970838755, -0.00942095648497, 0.00739292101935], [-0.00482631288469, 0.0050814896822, -0.00760790752247, 0.00854014605284, -0.00781382527202, 0.0112929511815, -0.011947568506, 0.0153988329694, -0.0170023851097, 0.0257664211094, -0.0152313578874, 0.0115318596363, -0.00860124081373], [0.0055687087588, -0.00599026912823, 0.00832012761384, -0.00875211227685, 0.00952541455626, -0.00891959480941, 0.0135650746524, -0.0126805016771, 0.0126970838755, -0.0152313578874, 0.0324844941497, -0.0193819906563, 0.0131611032411], [-0.00446126936004, 0.00353983324021, -0.00510061392561, 0.00695372698829, -0.00604203762487, 0.00662458920851, -0.0107767321169, 0.00974755827338, -0.00942095648497, 0.0115318596363, -0.0193819906563, 0.0367293842137, -0.0166876092553], [0.00361274555326, -0.00443214643747, 0.00395430065691, -0.00438145408407, 0.00388409662992, -0.00139483611565, 0.00738886371255, -0.00796100310981, 0.00739292101935, -0.00860124081373, 0.0131611032411, -0.0166876092553, 0.0223948284984]]
    }
}

}