{
"metadata": {
    "version": {
        "essentia": "2.0.1",
        "extractor": "archive-music 1.0 mod ismir14"
    },
    "audio_properties": {
        "analysis_sample_rate": 44100,
        "bitrate": 160,
        "channels": 2,
        "equal_loudness": 0,
        "length": 30.0669155121,
        "replay_gain": -13.4180603027,
        "downmix": "mix"
    },
    "tags": {
        "track": 0,
        "year": 0,
        "album": "",
        "artist": "",
        "comment": "",
        "genre": "",
        "title": ""
    }
},
"rhythm": {
    "bpm": 90.2942581177,
    "bpm_histogram_first_peak": 91,
    "bpm_histogram_first_peak_spread": 0.31707316637,
    "bpm_histogram_first_peak_weight": 0.651162803173,
    "bpm_histogram_second_peak": 83,
    "bpm_histogram_second_peak_spread": 0.5,
    "bpm_histogram_second_peak_weight": 0.0232558138669
},
"tonal": {
    "tuning_frequency": {
        "dmean": 0.205458700657,
        "dmean2": 0.39526116848,
        "dvar": 1.72656726837,
        "dvar2": 3.948792696,
        "max": 456.570251465,
        "mean": 446.968597412,
        "median": 447.432556152,
        "min": 431.193908691,
        "var": 19.1390609741
    },
    "hpcp": {
        "dmean": [0.230886951089, 0.146025389433, 0.120002403855, 0.150399565697, 0.236847415566, 0.27938824892, 0.200603067875, 0.21177534759, 0.130292072892, 0.0824467837811, 0.105594731867, 0.11644333601],
        "dmean2": [0.39866489172, 0.274112671614, 0.208284422755, 0.271599799395, 0.425505369902, 0.49497666955, 0.380277216434, 0.373768478632, 0.233231961727, 0.14740999043, 0.184896409512, 0.20479772985],
        "dvar": [0.0847779065371, 0.0673683509231, 0.0351357497275, 0.0623140223324, 0.0866671279073, 0.0963616743684, 0.0998426154256, 0.0771144255996, 0.0549141913652, 0.0281035378575, 0.0339276455343, 0.0367781333625],
        "dvar2": [0.185087278485, 0.19315341115, 0.0940447002649, 0.155644223094, 0.220544829965, 0.211529478431, 0.279046297073, 0.193001300097, 0.141815289855, 0.0752387270331, 0.0867546200752, 0.10106831044],
        "max": [1, 1, 1, 1, 1, 1, 1, 1, 1, 1, 1, 1],
        "mean": [0.440695077181, 0.096925213933, 0.134384334087, 0.137565359473, 0.22469766438, 0.441731095314, 0.144737929106, 0.263011842966, 0.1279771626, 0.0754678696394, 0.0979074537754, 0.10394616425],
        "median": [0.243185579777, 0.0179783068597, 0.0467882379889, 0.0261320937425, 0.0680809244514, 0.290277481079, 0.0191177986562, 0.104032926261, 0.0319229997694, 0.0255586951971, 0.0307018347085, 0.032389588654],
        "min": [0.00197657104582, 0.000446989608463, 0.00113644020166, 0.000217216773308, 0.00160677928943, 0.00100050680339, 0.000330352719175, 0.00129505095538, 0.000414088892285, 0.00040819181595, 0.000457578134956, 0.000745499797631],
        "var": [0.169771671295, 0.0451886169612, 0.0458996258676, 0.0684299916029, 0.0943005904555, 0.160863593221, 0.0788482651114, 0.106108665466, 0.0593832060695, 0.0219962969422, 0.0331267118454, 0.0318769626319]
    }
},
"lowlevel": {
    "melbands": {
        "dmean": [0.00023664382752, 0.000516023661476, 0.00017712765839, 0.000113025984319, 7.99159970484e-05, 5.91843891016e-05, 8.05223389762e-05, 0.000105592858745, 0.000182916875929, 0.000134755056933, 5.36369261681e-05, 6.9826899562e-05, 5.81878630328e-05, 2.89006293315e-05, 5.25766372448e-05, 6.39279387542e-05, 1.39686717375e-05, 9.86426766758e-06, 4.77963067169e-06, 6.10548613622e-06, 9.1869269454e-06, 6.85370787323e-06, 1.33795047077e-05, 1.17285535453e-05, 6.41039150651e-06, 6.39348854747e-06, 5.6874027905e-06, 3.68164637621e-06, 1.66976269611e-06, 1.40505585478e-06, 6.66645405545e-07, 2.80816379927e-07, 1.57124588895e-07, 1.29217283984e-07, 1.22110336065e-07, 9.40716304854e-08, 5.66005660119e-08, 3.58101068798e-08, 1.10702620404e-08, 8.06337774328e-10],
        "dmean2": [0.000404048652854, 0.000792915176135, 0.000283718691207, 0.000176008063136, 0.000129917578306, 8.84579567355e-05, 0.000124266618514, 0.000160270792549, 0.000282178109046, 0.000226672083954, 8.33025042084e-05, 0.000111456502054, 8.25456590974e-05, 4.86276585434e-05, 8.62701126607e-05, 0.000101946090581, 2.27938162425e-05, 1.52121165229e-05, 7.30700276108e-06, 9.76960473054e-06, 1.45489411807e-05, 1.07262503661e-05, 2.11538772419e-05, 1.8802105842e-05, 1.01339146568e-05, 9.74327031145e-06, 8.89909915713e-06, 5.92697642787e-06, 2.63103675024e-06, 2.20468359657e-06, 1.0724539834e-06, 4.36936289816e-07, 2.45511756702e-07, 1.94397827613e-07, 1.90505872411e-07, 1.49935843297e-07, 8.76237180591e-08, 5.59403581235e-08, 1.72641652085e-08, 1.28893329343e-09],
        "dvar": [7.1111053046e-08, 2.14454246361e-07, 3.55798412954e-08, 1.90781079823e-08, 1.64502562683e-08, 7.40305461377e-09, 1.83753758876e-08, 3.25200559814e-08, 1.10460419478e-07, 1.53122627466e-07, 5.40720037634e-08, 4.8276501019e-08, 2.01361309848e-08, 4.59474280845e-09, 1.98932035289e-08, 3.45235697807e-08, 2.6225839278e-09, 6.5410632466e-10, 4.31686908442e-11, 6.43827768876e-11, 1.76382644601e-10, 1.00085259525e-10, 4.14131590132e-10, 3.64964697352e-10, 1.00090352673e-10, 8.82815764935e-11, 8.34822766471e-11, 3.95169209855e-11, 8.90724213137e-12, 7.00589976657e-12, 1.33085415518e-12, 1.28820999007e-13, 3.81301977839e-14, 2.910863621e-14, 2.98138995588e-14, 1.24362885035e-14, 5.47794545253e-15, 2.24584496745e-15, 2.58597755898e-16, 1.74501587754e-18],
        "dvar2": [2.01655765864e-07, 5.16844238518e-07, 7.89772727217e-08, 4.43987744347e-08, 4.08133047358e-08, 1.51762566958e-08, 3.57128193684e-08, 6.70884716669e-08, 2.37291516214e-07, 3.48825039964e-07, 8.80769306377e-08, 1.27690341856e-07, 3.5538750609e-08, 1.14364313575e-08, 5.2372651993e-08, 8.22807066925e-08, 4.94506036119e-09, 1.38978140107e-09, 9.22406248605e-11, 1.65631119931e-10, 4.25612378674e-10, 2.3637647395e-10, 9.59651802468e-10, 8.99190777393e-10, 2.48617848531e-10, 1.95220478671e-10, 1.93604576815e-10, 1.01144558007e-10, 2.26575702644e-11, 1.69052254834e-11, 3.35302076902e-12, 2.97070771845e-13, 9.17972430925e-14, 7.0084359865e-14, 7.44663459042e-14, 2.75362974203e-14, 1.32240426969e-14, 5.37812304321e-15, 6.19154085268e-16, 4.61015176413e-18],
        "max": [0.00226408685558, 0.00386451673694, 0.00213215989061, 0.00179423298687, 0.00153574475553, 0.00122169288807, 0.00250003300607, 0.00161776854657, 0.00390098779462, 0.0045041362755, 0.0053194295615, 0.00315550691448, 0.00161285686772, 0.000797008222435, 0.0015941679012, 0.00268982676789, 0.000959230179433, 0.000365787622286, 7.96966633061e-05, 5.33672064194e-05, 0.000121075609059, 8.24288945296e-05, 0.000181339928531, 0.000143261087942, 7.77320819907e-05, 8.64410030772e-05, 8.60162253957e-05, 5.26946678292e-05, 2.703647624e-05, 2.60838496615e-05, 1.09707025331e-05, 4.35872107118e-06, 1.83932741038e-06, 1.79061294148e-06, 2.10669963963e-06, 1.12620330128e-06, 7.47633464471e-07, 4.58263428982e-07, 1.66003985669e-07, 1.54249963913e-08],
        "mean": [0.000403529033065, 0.00105148449074, 0.000343803112628, 0.000159673494636, 0.000105487946712, 8.75143232406e-05, 0.000116948431241, 0.000138427378261, 0.000230477176956, 0.000144610909047, 5.48537282157e-05, 6.97520226822e-05, 7.94989828137e-05, 3.26628760376e-05, 5.68942741666e-05, 6.19156489847e-05, 1.46636048157e-05, 1.08234689833e-05, 6.24724498266e-06, 7.53133099352e-06, 1.11808012662e-05, 8.38456708152e-06, 1.43898523675e-05, 1.13067198981e-05, 7.06852461008e-06, 7.83981977293e-06, 6.25867733106e-06, 3.79622861146e-06, 1.85096291716e-06, 1.45673163843e-06, 7.77555044351e-07, 3.96437854988e-07, 2.42601345235e-07, 2.07229078342e-07, 1.86771302424e-07, 1.60241924618e-07, 8.6997630433e-08, 5.80280890006e-08, 1.69573972642e-08, 1.18980847397e-09],
        "median": [0.000340427010087, 0.000780963164289, 0.000292625511065, 0.000107722022221, 4.88013356517e-05, 4.35607689724e-05, 4.68472208013e-05, 4.79904665553e-05, 7.5467658462e-05, 2.30537007155e-05, 1.26132099467e-05, 1.85513672477e-05, 1.22305182231e-05, 1.19657406685e-05, 1.58466536959e-05, 1.19135738714e-05, 3.76301545657e-06, 3.13896066473e-06, 3.11020176014e-06, 3.56424675374e-06, 3.66970903087e-06, 2.98958502754e-06, 4.44116358267e-06, 2.9672016808e-06, 2.71231078841e-06, 3.15930742545e-06, 1.91009189621e-06, 1.09242012059e-06, 7.61365981816e-07, 5.21394838415e-07, 3.44753402715e-07, 2.4247407282e-07, 1.70715836134e-07, 1.37241414677e-07, 1.29993196651e-07, 1.21807957498e-07, 5.89297499687e-08, 4.10652596372e-08, 1.1166550351e-08, 7.97071242342e-10],
        "min": [1.52100537026e-11, 1.58800569916e-10, 2.42011688467e-10, 2.98545806132e-11, 6.28027838068e-11, 1.46849102323e-10, 4.43188749588e-11, 5.35708630234e-11, 1.65995106549e-10, 1.34290273346e-10, 1.84626064437e-10, 1.2883415168e-10, 3.75650066609e-11, 9.43401745612e-11, 4.91966918592e-11, 8.27373447532e-11, 3.68821917451e-11, 6.4922969778e-11, 7.76665884383e-11, 5.21164812695e-11, 7.62118562703e-11, 4.22112310383e-11, 6.50751397213e-11, 7.20583176461e-11, 1.25301533038e-10, 1.04169360637e-10, 1.13061261742e-10, 6.57496695977e-11, 3.97611596425e-11, 2.76011349193e-11, 2.34416010908e-11, 2.23869343202e-11, 9.58760588282e-12, 6.43661729818e-12, 8.33567763425e-12, 2.05329486053e-11, 1.19391623324e-11, 6.12588755763e-12, 5.70951879525e-12, 1.8046217732e-12],
        "var": [1.12556506338e-07, 6.88924274073e-07, 8.12963563135e-08, 3.04818925656e-08, 2.52396272771e-08, 1.6075986764e-08, 4.08547613517e-08, 5.31568851159e-08, 1.63767069239e-07, 1.98992793798e-07, 7.83242342095e-08, 3.934463777e-08, 4.00610566942e-08, 4.54250193016e-09, 1.82590795816e-08, 3.40873285154e-08, 3.24944626762e-09, 8.13655476328e-10, 6.82443962452e-11, 7.82725828596e-11, 2.53586346366e-10, 1.40940009663e-10, 5.01561070454e-10, 3.56424917358e-10, 1.0090245306e-10, 1.20784743318e-10, 9.79611392005e-11, 3.94145237281e-11, 8.23787912885e-12, 6.52336995186e-12, 1.24980592282e-12, 1.84029712042e-13, 5.4435412612e-14, 3.91111229232e-14, 3.29563545236e-14, 1.75703652609e-14, 7.37487616142e-15, 3.34194287065e-15, 3.38584824113e-16, 1.77606534261e-18]
    },
    "mfcc": {
        "dmean": [32.7348098755, 10.0794906616, 13.6494140625, 9.59373569489, 7.91246891022, 7.94842433929, 6.87588834763, 6.29764413834, 5.51897239685, 5.92138910294, 6.06848716736, 5.88391256332, 5.54908943176],
        "dmean2": [41.2489395142, 15.3066997528, 20.0591087341, 14.1660423279, 11.7501134872, 11.5557155609, 10.107878685, 9.41230106354, 8.76577949524, 9.54560375214, 9.59794902802, 9.3719959259, 8.90810203552],
        "dvar": [1108.76904297, 100.663536072, 155.206390381, 62.6857681274, 40.9983177185, 43.8315658569, 29.9223308563, 23.8798999786, 19.8221893311, 22.4613723755, 24.364862442, 20.8478012085, 18.4241390228],
        "dvar2": [1754.9831543, 175.738189697, 316.991455078, 113.964889526, 84.2981185913, 82.6015014648, 56.1965637207, 54.4898872375, 48.817615509, 53.8155975342, 59.1432876587, 51.5542106628, 46.7405738831],
        "max": [-596.846191406, 188.700317383, 29.5661125183, 85.6808700562, 26.5089607239, 46.2654418945, 39.137298584, 56.8653564453, 8.63206481934, 41.0924034119, 24.5342102051, 39.5801925659, 14.2166404724],
        "mean": [-691.755981445, 144.347442627, -20.2951793671, 41.4562911987, -8.28259181976, 9.67263031006, 1.82169854641, 17.7656574249, -9.21876621246, 11.989897728, -1.88014411926, 13.7608070374, -3.36243343353],
        "median": [-692.788513184, 145.114471436, -18.9972763062, 40.4050178528, -8.77578735352, 10.6528148651, 1.69397735596, 18.1400241852, -8.64471435547, 11.2034015656, -2.21519851685, 14.2149047852, -3.13435745239],
        "min": [-1138.42004395, 1.14440917969e-05, -67.8631668091, -8.34494781494, -41.1951980591, -28.8989257812, -32.5454940796, -9.97073745728, -34.6958808899, -17.3499412537, -22.2760810852, -10.0512695312, -25.8921470642],
        "var": [2312.05493164, 260.909606934, 415.32925415, 244.943115234, 154.184249878, 159.852050781, 127.537109375, 87.8394317627, 53.1591033936, 74.9267044067, 66.0933151245, 57.0442886353, 47.6132469177],
        "cov": [[2315.62280273, 143.027511597, -642.302062988, 118.654174805, -285.000732422, -183.700897217, -128.481414795, -51.4219360352, -74.2177352905, -15.6917877197, -89.6295776367, 18.9442520142, -85.1873016357], [143.027511597, 261.312255859, 5.0357837677, -90.3403778076, -48.0529785156, -5.3094959259, 13.6592311859, 5.88811349869, -19.1643466949, 11.2887573242, 45.0067901611, 4.28922080994, 2.76517391205], [-642.302062988, 5.0357837677, 415.970184326, -51.2444534302, 137.680648804, 61.7308921814, 12.9264411926, 21.8525981903, 19.2904834747, 25.8361911774, 13.2798337936, -9.06520462036, 24.3412818909], [118.654174805, -90.3403778076, -51.2444534302, 245.321105957, 39.2707023621, -16.3158855438, -51.8475914001, -20.3971004486, 43.539806366, 12.0086841583, -37.2328453064, -5.28187322617, 16.9104614258], [-285.000732422, -48.0529785156, 137.680648804, 39.2707023621, 154.422195435, 26.4433631897, 9.12605381012, -7.08308029175, 18.558555603, 30.6038646698, -8.84210109711, 4.60537242889, 5.06229400635], [-183.700897217, -5.3094959259, 61.7308921814, -16.3158855438, 26.4433631897, 160.098739624, 82.9157791138, 27.2069683075, -9.23452758789, -4.98522186279, 41.7009773254, -2.96160817146, -9.25577926636], [-128.481414795, 13.6592311859, 12.9264411926, -51.8475914001, 9.12605381012, 82.9157791138, 127.733932495, 52.9491653442, -7.48673439026, -15.0352134705, 29.5771026611, 17.2276287079, -6.82526302338], [-51.4219360352, 5.88811349869, 21.8525981903, -20.3971004486, -7.08308029175, 27.2069683075, 52.9491653442, 87.9749832153, 12.1486167908, -15.6713953018, 10.5901622772, 13.9577655792, 10.1705760956], [-74.2177352905, -19.1643466949, 19.2904834747, 43.539806366, 18.558555603, -9.23452758789, -7.48673439026, 12.1486167908, 53.2411384583, 27.8228874207, -0.933050394058, 1.17811012268, 10.7481527328], [-15.6917877197, 11.2887573242, 25.8361911774, 12.0086841583, 30.6038646698, -4.98522186279, -15.0352134705, -15.6713953018, 27.8228874207, 75.0423278809, 17.3946285248, -3.48206686974, 0.0993958935142], [-89.6295776367, 45.0067901611, 13.2798337936, -37.2328453064, -8.84210109711, 41.7009773254, 29.5771026611, 10.5901622772, -0.933050394058, 17.3946285248, 66.1953125, 15.3424768448, 0.23588578403], [18.9442520142, 4.28922080994, -9.06520462036, -5.28187322617, 4.60537242889, -2.96160817146, 17.2276287079, 13.9577655792, 1.17811012268, -3.48206686974, 15.3424768448, 57.1323165894, 17.2080993652], [-85.1873016357, 2.76517391205, 24.3412818909, 16.9104614258, 5.06229400635, -9.25577926636, -6.82526302338, 10.1705760956, 10.7481527328, 0.0993958935142, 0.23588578403, 17.2080993652, 47.6867218018]],
        "icov": [[0.00150147033855, -0.00123246165458, 0.00143647566438, -0.0011150687933, 0.00162237428594, -0.000352022383595, 0.00132956518792, -0.00134592561517, 0.00266914931126, -0.00237335404381, 0.00323419994675, -0.00245064147748, 0.00292434869334], [-0.00123246165458, 0.00621006498113, -0.00159978854936, 0.00184221344534, 0.000104546204966, 0.00161126547027, -0.00163946556859, 0.00100658216979, -0.000434221932665, 0.00064647430554, -0.00578055856749, 0.00281871459447, -0.00343817193061], [0.00143647566438, -0.00159978854936, 0.00620981911197, 0.0012717274949, -0.00330371153541, -0.00226590642706, 0.00360834342428, -0.00266752392054, 0.000800657668151, -0.00139396777377, 0.00276859127916, -0.000379850855097, -1.97350072995e-05], [-0.0011150687933, 0.00184221344534, 0.0012717274949, 0.0082781445235, -0.00398877123371, -0.00227228133008, 0.00241122953594, 0.00163204746787, -0.00788051169366, 0.00309691322036, -0.000194131833268, 0.00209194608033, -0.00468824338168], [0.00162237428594, 0.000104546204966, -0.00330371153541, -0.00398877123371, 0.0152511587366, -0.000671355635859, -0.00199099862948, 0.00103265489452, 0.00418321648613, -0.00790512282401, 0.00733733177185, -0.00642802007496, 0.00509535335004], [-0.000352022383595, 0.00161126547027, -0.00226590642706, -0.00227228133008, -0.000671355635859, 0.0135740255937, -0.00854616519064, 0.000806508294772, 0.00276510906406, 0.00172912830021, -0.00891044922173, 0.00495036039501, 0.000181713228812], [0.00132956518792, -0.00163946556859, 0.00360834342428, 0.00241122953594, -0.00199099862948, -0.00854616519064, 0.0199354048818, -0.00914064794779, 0.00134894088842, -0.000153561195475, 0.00260555208661, -0.00579697219655, 0.00490395026281], [-0.00134592561517, 0.00100658216979, -0.00266752392054, 0.00163204746787, 0.00103265489452, 0.000806508294772, -0.00914064794779, 0.0204021017998, -0.0106832440943, 0.00692194886506, -0.00273047527298, 0.000758166192099, -0.00515916058794], [0.00266914931126, -0.000434221932665, 0.000800657668151, -0.00788051169366, 0.00418321648613, 0.00276510906406, 0.00134894088842, -0.0106832440943, 0.0391704440117, -0.0177717804909, 0.0052395593375, -0.0033898265101, 0.00214910204522], [-0.00237335404381, 0.00064647430554, -0.00139396777377, 0.00309691322036, -0.00790512282401, 0.00172912830021, -0.000153561195475, 0.00692194886506, -0.0177717804909, 0.0275831278414, -0.0138480197638, 0.00666930666193, -0.00337745412253], [0.00323419994675, -0.00578055856749, 0.00276859127916, -0.000194131833268, 0.00733733177185, -0.00891044922173, 0.00260555208661, -0.00273047527298, 0.0052395593375, -0.0138480197638, 0.0355444699526, -0.0139735518023, 0.00692982645705], [-0.00245064147748, 0.00281871459447, -0.000379850855097, 0.00209194608033, -0.00642802007496, 0.00495036039501, -0.00579697219655, 0.000758166192099, -0.0033898265101, 0.00666930666193, -0.0139735518023, 0.029051085934, -0.0141014242545], [0.00292434869334, -0.00343817193061, -1.97350072995e-05, -0.00468824338168, 0.00509535335004, 0.000181713228812, 0.00490395026281, -0.00515916058794, 0.00214910204522, -0.00337745412253, 0.00692982645705, -0.0141014242545, 0.0339397676289]]
    }
}

}