{
"metadata": {
    "version": {
        "essentia": "2.0.1",
        "extractor": "archive-music 1.0 mod ismir14"
    },
    "audio_properties": {
        "analysis_sample_rate": 44100,
        "bitrate": 32,
        "channels": 2,
        "equal_loudness": 0,
        "length": 30.0408172607,
        "replay_gain": -13.5079994202,
        "downmix": "mix"
    },
    "tags": {
        "track": 0,
        "year": 0,
        "album": "",
        "artist": "",
        "comment": "",
        "genre": "",
        "title": ""
    }
},
"rhythm": {
    "bpm": 178.205886841,
    "bpm_histogram_first_peak": 178,
    "bpm_histogram_first_peak_spread": 0,
    "bpm_histogram_first_peak_weight": 0.453488379717,
    "bpm_histogram_second_peak": 172,
    "bpm_histogram_second_peak_spread": 0,
    "bpm_histogram_second_peak_weight": 0.430232554674
},
"tonal": {
    "tuning_frequency": {
        "dmean": 0.0867830440402,
        "dmean2": 0.168037697673,
        "dvar": 1.27077364922,
        "dvar2": 2.47015285492,
        "max": 456.306610107,
        "mean": 442.368438721,
        "median": 436.456176758,
        "min": 431.443084717,
        "var": 83.0901794434
    },
    "hpcp": {
        "dmean": [0.14314840734, 0.170702069998, 0.168657064438, 0.173492580652, 0.114890642464, 0.176161259413, 0.274548441172, 0.244537875056, 0.228540107608, 0.234769269824, 0.259027272463, 0.203239306808],
        "dmean2": [0.259579360485, 0.319523066282, 0.312143445015, 0.320233672857, 0.215131625533, 0.324687004089, 0.508220434189, 0.44719979167, 0.423672318459, 0.441820979118, 0.468147665262, 0.380458593369],
        "dvar": [0.056867223233, 0.0883001238108, 0.0821312591434, 0.0818270817399, 0.05360654369, 0.0710231214762, 0.104863844812, 0.0973046794534, 0.0989571735263, 0.106734663248, 0.0892449617386, 0.0928807333112],
        "dvar2": [0.152241423726, 0.238840326667, 0.225151449442, 0.223416045308, 0.149939343333, 0.191134110093, 0.292685300112, 0.257653236389, 0.268555521965, 0.297386109829, 0.246679067612, 0.25814512372],
        "max": [1, 1, 1, 1, 1, 1, 1, 1, 1, 1, 1, 1],
        "mean": [0.137462541461, 0.138500064611, 0.138777330518, 0.167508646846, 0.0829696059227, 0.20142005384, 0.2727252841, 0.24492970109, 0.19254501164, 0.179022058845, 0.331002086401, 0.154833242297],
        "median": [0.0344589240849, 0.0129305105656, 0.022124061361, 0.0257295407355, 0.0133806653321, 0.047215692699, 0.0863984003663, 0.0660606771708, 0.0349023938179, 0.0333118289709, 0.157708793879, 0.0266237333417],
        "min": [0, 0, 0, 0, 0, 0, 0, 0, 0, 0, 0, 0],
        "var": [0.0594433620572, 0.077244989574, 0.0714040994644, 0.0889086052775, 0.038173455745, 0.0984164103866, 0.125706940889, 0.115416251123, 0.0954040586948, 0.0906678810716, 0.131942912936, 0.0774792060256]
    }
},
"lowlevel": {
    "melbands": {
        "dmean": [0.000206945944228, 0.000792008650023, 0.000935463118367, 0.000477321096696, 0.000280045467662, 0.000439401977928, 0.000542545050848, 0.000382530968636, 0.000408321939176, 0.000251442950685, 0.00012384603906, 7.89292535046e-05, 6.15718890913e-05, 4.35541296611e-05, 6.2049497501e-05, 4.02871737606e-05, 4.17351111537e-05, 3.52368115273e-05, 2.82096953015e-05, 2.35102979786e-05, 2.1106139684e-05, 2.01736038434e-05, 2.47701518674e-05, 2.54761780525e-05, 1.88537105714e-05, 1.55648303917e-05, 1.07616169771e-05, 7.38599464967e-06, 4.26012729804e-06, 3.27784118781e-06, 2.44628472501e-06, 1.49381401116e-06, 7.63920297686e-07, 6.1609767954e-07, 5.70987992887e-07, 5.04069532781e-07, 4.9609798225e-07, 3.6382715507e-07, 1.97199057084e-07, 1.00335356024e-07],
        "dmean2": [0.000354905729182, 0.00135725247674, 0.00161970942281, 0.00081900350051, 0.000473757798318, 0.000741174386349, 0.000965365499724, 0.000614527554717, 0.00068061525235, 0.000420861179009, 0.000189699640032, 0.000114834314445, 9.48063679971e-05, 6.79689474055e-05, 9.30399037316e-05, 6.33709714748e-05, 6.69984074193e-05, 5.82356951782e-05, 4.63851974928e-05, 3.95709539589e-05, 3.44139407389e-05, 3.22757987306e-05, 4.00401913794e-05, 4.00774952141e-05, 2.89705385512e-05, 2.4875967938e-05, 1.61234147527e-05, 1.14405374916e-05, 6.95910648574e-06, 5.16101408721e-06, 3.78356730835e-06, 2.43078648055e-06, 1.25955273234e-06, 1.02485000752e-06, 9.24714868233e-07, 8.21349317448e-07, 8.04530770893e-07, 5.98597523549e-07, 3.2326866517e-07, 1.64453311413e-07],
        "dvar": [8.00357540243e-08, 1.17292290724e-06, 1.44567798088e-06, 5.12821941356e-07, 1.83358153549e-07, 3.14038402394e-07, 8.42614610974e-07, 8.75701971381e-07, 5.03635988025e-07, 2.35167163964e-07, 6.56223591022e-08, 4.84220272767e-08, 4.03216944278e-08, 1.55589354733e-08, 7.01936357927e-08, 1.09157003436e-08, 1.81093540164e-08, 9.33020682936e-09, 6.5308438657e-09, 7.70189778621e-09, 3.46453110645e-09, 2.90887092191e-09, 3.73082675864e-09, 3.96946786552e-09, 2.17410711656e-09, 1.01539976427e-09, 8.36455738007e-10, 4.737376047e-10, 7.6050395148e-11, 4.81285393483e-11, 3.37283638518e-11, 9.93380811637e-12, 2.28903961758e-12, 1.06508866397e-12, 1.23395662178e-12, 8.52005315258e-13, 8.52059796417e-13, 8.77761134176e-13, 2.7876781287e-13, 4.4954074778e-14],
        "dvar2": [2.28321624718e-07, 3.09928668685e-06, 3.98328529627e-06, 1.47037360421e-06, 4.9765986887e-07, 8.41968187615e-07, 2.39422570303e-06, 2.12041891245e-06, 1.42929491176e-06, 6.59524516777e-07, 1.57572301873e-07, 8.93453773188e-08, 8.99539287502e-08, 3.56722047457e-08, 1.8184067585e-07, 2.68008371052e-08, 4.40883276553e-08, 2.42870541456e-08, 1.75452061768e-08, 2.12661497301e-08, 9.3010950053e-09, 7.86374076966e-09, 1.0115668303e-08, 1.01412869213e-08, 4.96366991953e-09, 2.4869022397e-09, 1.5643450979e-09, 1.0141812945e-09, 1.93350280231e-10, 9.87428402932e-11, 7.13361453242e-11, 2.1332328265e-11, 5.58500337991e-12, 2.86252011678e-12, 3.3974071386e-12, 2.28147405482e-12, 2.26705178068e-12, 2.4224485265e-12, 7.95844401665e-13, 1.17188146665e-13],
        "max": [0.00391224166378, 0.0149245038629, 0.0133332740515, 0.00969717931002, 0.00644815107808, 0.00614280905575, 0.0100022871047, 0.0121895633638, 0.016028162092, 0.0119000850245, 0.0048453384079, 0.00582266692072, 0.00606337189674, 0.00357045279816, 0.0100332936272, 0.00289148185402, 0.00394122442231, 0.00155727739912, 0.00128155981656, 0.00198862631805, 0.00118726177607, 0.00129921303596, 0.00119634019211, 0.00124190212227, 0.000838951556943, 0.000692307075951, 0.000679294927977, 0.000676108873449, 0.000147232261952, 0.000251985708019, 0.000196191555005, 9.73069036263e-05, 3.09899187414e-05, 2.14859555854e-05, 1.94749391085e-05, 1.83063002623e-05, 1.70109415194e-05, 2.35878069361e-05, 1.00245542853e-05, 5.66369635635e-06],
        "mean": [0.000252742029261, 0.00105494610034, 0.00124421413057, 0.000708925595973, 0.000372333946871, 0.000645305844955, 0.000646448286716, 0.000496930733789, 0.000751480576582, 0.000431711989222, 0.000273816433037, 0.000153858432896, 0.000108146443381, 7.71601553424e-05, 0.000118034338811, 7.24638375686e-05, 7.40620089346e-05, 6.13186566625e-05, 4.32734195783e-05, 3.84155719075e-05, 3.6014309444e-05, 3.66818021575e-05, 5.53290410608e-05, 6.11006034887e-05, 3.9150370867e-05, 3.34101641783e-05, 2.72579654848e-05, 1.56241094373e-05, 8.29417876957e-06, 6.83484495312e-06, 5.5296204664e-06, 3.39704934049e-06, 1.68008648416e-06, 1.32012030463e-06, 1.28789451992e-06, 1.06751178919e-06, 9.82566234597e-07, 6.98053554515e-07, 3.78521690436e-07, 1.98824963604e-07],
        "median": [0.000124570869957, 0.000543338479474, 0.000702586607076, 0.000375718431314, 0.000199830537895, 0.000366296357242, 0.000282669905573, 0.000158599519636, 0.000265904353, 0.000151257961988, 0.000117924064398, 4.85890086566e-05, 2.13769199036e-05, 2.19767043745e-05, 3.97302683268e-05, 1.94424974325e-05, 1.72324907908e-05, 1.31672786665e-05, 1.12690086098e-05, 7.56672716307e-06, 7.47768535803e-06, 7.39569622965e-06, 6.4919140641e-06, 5.7109291447e-06, 7.9620976976e-06, 8.66553273227e-06, 3.24706070387e-06, 3.6839007862e-06, 3.85490193366e-06, 2.33648984249e-06, 1.4031338651e-06, 1.24813300317e-06, 7.73866133841e-07, 7.24846984212e-07, 6.69111443585e-07, 5.60388627946e-07, 5.78217509428e-07, 3.76558716653e-07, 1.94011747112e-07, 1.18095883295e-07],
        "min": [2.09182727258e-15, 6.3495056152e-16, 7.84424506958e-16, 3.84432340562e-15, 2.83935883601e-15, 1.21077144706e-15, 2.52926113281e-15, 3.94723960277e-14, 2.00168630586e-13, 3.38890265676e-13, 2.17341241033e-13, 7.66276826063e-14, 2.39655002657e-13, 9.07552462001e-13, 1.33704852745e-12, 8.76613072496e-13, 1.09804841001e-12, 8.43721739609e-13, 1.33877975437e-13, 1.80549450174e-13, 9.24101073441e-13, 2.41265731352e-12, 4.69669615699e-12, 5.08540995772e-12, 1.35441679573e-12, 1.58899304305e-12, 2.81937288186e-13, 3.20616227794e-13, 6.6174930119e-13, 7.62229038567e-13, 2.15782348044e-13, 7.6629284515e-13, 3.20204122549e-13, 2.97041498386e-13, 6.01207993979e-13, 2.54746332536e-12, 1.28435266979e-13, 1.81589335582e-13, 8.45439102298e-14, 3.31793952393e-14],
        "var": [1.43364758287e-07, 2.06029130823e-06, 2.36504342865e-06, 1.05203480416e-06, 2.55862204313e-07, 5.80698781505e-07, 9.57133465818e-07, 1.09716836505e-06, 2.53357393376e-06, 9.91221554614e-07, 2.17925730794e-07, 1.97254749423e-07, 1.45379800642e-07, 4.21082191338e-08, 1.16942459272e-07, 3.63815431115e-08, 5.24251824174e-08, 2.46085392064e-08, 9.94643034602e-09, 1.42810172576e-08, 7.06294267516e-09, 6.31511021254e-09, 1.44784912948e-08, 1.99070910867e-08, 7.52312345753e-09, 4.50720305523e-09, 4.87356777157e-09, 1.95738092401e-09, 1.97892091602e-10, 2.66573152441e-10, 1.70304229052e-10, 4.27179021323e-11, 8.0276705422e-12, 3.54810126592e-12, 3.80236207104e-12, 1.93133248109e-12, 1.4694847986e-12, 1.04746203031e-12, 3.34155365054e-13, 7.71112367752e-14]
    },
    "mfcc": {
        "dmean": [13.1655445099, 9.95569038391, 9.9999294281, 8.04504489899, 8.39168453217, 7.72984743118, 7.81549072266, 7.4781165123, 7.03352975845, 7.10003042221, 6.86591959, 6.68894147873, 6.87889289856],
        "dmean2": [17.9253501892, 16.1731815338, 15.6967391968, 13.1688508987, 13.7115116119, 12.9982156754, 12.8489427567, 12.3301391602, 11.4406404495, 11.684378624, 11.3726377487, 11.2500486374, 11.467587471],
        "dvar": [292.123657227, 67.7867431641, 72.1409988403, 40.3791694641, 46.0097579956, 37.1325073242, 35.7738227844, 33.9595413208, 29.2667961121, 29.4404067993, 27.5684204102, 26.3971977234, 28.5097351074],
        "dvar2": [473.716888428, 162.620819092, 182.820007324, 106.749046326, 121.697189331, 100.466064453, 97.1826705933, 92.7409286499, 79.7967147827, 79.9823608398, 75.0164108276, 74.3076324463, 78.4502868652],
        "max": [-495.846679688, 187.537109375, 66.6831359863, 83.6460876465, 40.4246139526, 31.6340084076, 48.101146698, 44.8571853638, 24.486536026, 42.2015266418, 35.5729217529, 33.2935829163, 24.587562561],
        "mean": [-618.891113281, 121.328155518, -3.51524448395, 23.8173980713, -10.1010084152, -5.78870105743, -4.04716062546, -0.354949533939, -6.28218126297, 5.46524620056, -0.159929022193, 1.31245100498, -9.11867237091],
        "median": [-626.518920898, 123.691886902, -1.07558441162, 22.2521743774, -11.1810951233, -5.18445777893, -5.21115875244, -0.684064865112, -5.84991836548, 6.17377662659, -0.667695999146, 1.23110961914, -8.17723464966],
        "min": [-1138.42004395, 1.14440917969e-05, -83.0729217529, -29.6415214539, -66.6975860596, -50.8429489136, -42.3480758667, -38.2532424927, -42.0040130615, -43.634979248, -30.9220581055, -32.5559158325, -50.2018203735],
        "var": [2195.65942383, 533.933288574, 539.362487793, 255.650390625, 238.679870605, 161.779067993, 191.779907227, 117.633735657, 106.436187744, 123.262031555, 95.641204834, 85.1967544556, 116.921859741],
        "cov": [[2196.5078125, -393.821380615, -660.208984375, 101.580284119, 77.6743240356, -138.424850464, -15.9683227539, 80.7006072998, -18.6481666565, -53.7395057678, 3.60036826134, -18.7566986084, -53.2072257996], [-393.821380615, 534.139587402, 200.883789062, -153.447952271, -94.6761932373, 51.8580284119, -12.9329338074, -68.8732757568, 23.6997947693, 39.84324646, 13.6176748276, 38.1290054321, 41.8466644287], [-660.208984375, 200.883789062, 539.570922852, 27.9754486084, 15.205321312, 73.140663147, 7.938164711, -5.41040229797, 6.74972057343, 12.9115829468, -16.2718353271, -7.99485015869, 21.8680114746], [101.580284119, -153.447952271, 27.9754486084, 255.749176025, 137.250900269, -44.8977775574, -26.8652801514, 39.8941612244, -8.33068561554, -23.9705619812, -9.2268447876, -18.9475955963, -3.88134098053], [77.6743240356, -94.6761932373, 15.205321312, 137.250900269, 238.772094727, 9.09244918823, -30.1533679962, 36.4748878479, -9.10367679596, -18.8717002869, -20.0960159302, -14.6963748932, 1.2956353426], [-138.424850464, 51.8580284119, 73.140663147, -44.8977775574, 9.09244918823, 161.841583252, 92.3065567017, 6.91150569916, 1.59914410114, -15.9910297394, -7.1819024086, -1.03990578651, -20.0320034027], [-15.9683227539, -12.9329338074, 7.938164711, -26.8652801514, -30.1533679962, 92.3065567017, 191.854019165, 53.511302948, -23.3590183258, -20.5905227661, -10.3663578033, 3.63698554039, -19.864402771], [80.7006072998, -68.8732757568, -5.41040229797, 39.8941612244, 36.4748878479, 6.91150569916, 53.511302948, 117.679191589, 16.105381012, -22.6570549011, -1.93312525749, -6.3802947998, -4.69028663635], [-18.6481666565, 23.6997947693, 6.74972057343, -8.33068561554, -9.10367679596, 1.59914410114, -23.3590183258, 16.105381012, 106.477310181, 47.2486076355, 7.65343856812, 2.08822798729, 4.0714173317], [-53.7395057678, 39.84324646, 12.9115829468, -23.9705619812, -18.8717002869, -15.9910297394, -20.5905227661, -22.6570549011, 47.2486076355, 123.309661865, 37.6820373535, 6.42777729034, 17.1099720001], [3.60036826134, 13.6176748276, -16.2718353271, -9.2268447876, -20.0960159302, -7.1819024086, -10.3663578033, -1.93312525749, 7.65343856812, 37.6820373535, 95.6781616211, 33.169380188, -4.25887489319], [-18.7566986084, 38.1290054321, -7.99485015869, -18.9475955963, -14.6963748932, -1.03990578651, 3.63698554039, -6.3802947998, 2.08822798729, 6.42777729034, 33.169380188, 85.229675293, 41.8819656372], [-53.2072257996, 41.8466644287, 21.8680114746, -3.88134098053, 1.2956353426, -20.0320034027, -19.864402771, -4.69028663635, 4.0714173317, 17.1099720001, -4.25887489319, 41.8819656372, 116.967033386]],
        "icov": [[0.000788768636994, 6.99554657331e-05, 0.000909826310817, -0.00019615549536, -0.000115398746857, 0.000235163955949, 4.43350381829e-06, -0.000352471717633, 4.36590707977e-05, 8.35024620756e-05, 3.99970667786e-05, 3.93761438318e-05, 0.000158961542184], [6.99554657331e-05, 0.00311541440897, -0.00111263361759, 0.00161765364464, 0.000152209002408, -0.000225627896725, 0.000205722317332, 0.00107722938992, -0.000567337148823, 6.58645658405e-05, -0.000188002566574, -0.000682414858602, -0.000535643310286], [0.000909826310817, -0.00111263361759, 0.00365253980272, -0.00155776902102, 0.000267587718554, -0.00131883705035, 0.000603449938353, -0.00101242144592, 0.000578081002459, -0.00054154190002, 0.000574309960939, 0.000522636983078, -0.000196710825549], [-0.00019615549536, 0.00161765364464, -0.00155776902102, 0.00769603066146, -0.00385649478994, 0.00295178522356, -0.000900935032405, 0.000228094664635, -0.000844719470479, 0.00140019168612, -0.00115263415501, 0.000674608454574, -0.000175903260242], [-0.000115398746857, 0.000152209002408, 0.000267587718554, -0.00385649478994, 0.00754171563312, -0.00364006031305, 0.00333400233649, -0.00270556239411, 0.00198071985506, -0.00142771948595, 0.00189815275371, -0.000648397894111, -9.29860470933e-05], [0.000235163955949, -0.000225627896725, -0.00131883705035, 0.00295178522356, -0.00364006031305, 0.012344202958, -0.00706858048216, 0.00335702463053, -0.00341037567705, 0.00297904736362, -0.00156935059931, 0.000750151695684, 0.000977977761067], [4.43350381829e-06, 0.000205722317332, 0.000603449938353, -0.000900935032405, 0.00333400233649, -0.00706858048216, 0.0114829828963, -0.00661307154223, 0.00478490116075, -0.00280555314384, 0.00291812955402, -0.00249279034324, 0.00146583560854], [-0.000352471717633, 0.00107722938992, -0.00101242144592, 0.000228094664635, -0.00270556239411, 0.00335702463053, -0.00661307154223, 0.0146036138758, -0.00596520164981, 0.00463227834553, -0.0032151422929, 0.00220977980644, -0.00165976607241], [4.36590707977e-05, -0.000567337148823, 0.000578081002459, -0.000844719470479, 0.00198071985506, -0.00341037567705, 0.00478490116075, -0.00596520164981, 0.0144731532782, -0.00699812266976, 0.00295760459267, -0.0018613289576, 0.0013482037466], [8.35024620756e-05, 6.58645658405e-05, -0.00054154190002, 0.00140019168612, -0.00142771948595, 0.00297904736362, -0.00280555314384, 0.00463227834553, -0.00699812266976, 0.0139077398926, -0.00655938824639, 0.00362051860429, -0.00292862742208], [3.99970667786e-05, -0.000188002566574, 0.000574309960939, -0.00115263415501, 0.00189815275371, -0.00156935059931, 0.00291812955402, -0.0032151422929, 0.00295760459267, -0.00655938824639, 0.0164266023785, -0.00832498725504, 0.00445226300508], [3.93761438318e-05, -0.000682414858602, 0.000522636983078, 0.000674608454574, -0.000648397894111, 0.000750151695684, -0.00249279034324, 0.00220977980644, -0.0018613289576, 0.00362051860429, -0.00832498725504, 0.0191870238632, -0.0076505234465], [0.000158961542184, -0.000535643310286, -0.000196710825549, -0.000175903260242, -9.29860470933e-05, 0.000977977761067, 0.00146583560854, -0.00165976607241, 0.0013482037466, -0.00292862742208, 0.00445226300508, -0.0076505234465, 0.0124781867489]]
    }
}

}