{
"metadata": {
    "version": {
        "essentia": "2.0.1",
        "extractor": "archive-music 1.0 mod ismir14"
    },
    "audio_properties": {
        "analysis_sample_rate": 44100,
        "bitrate": 32,
        "channels": 2,
        "equal_loudness": 0,
        "length": 30.0408172607,
        "replay_gain": -13.7074718475,
        "downmix": "mix"
    },
    "tags": {
        "track": 0,
        "year": 0,
        "album": "",
        "artist": "",
        "comment": "",
        "genre": "",
        "title": ""
    }
},
"rhythm": {
    "bpm": 90.2956161499,
    "bpm_histogram_first_peak": 91,
    "bpm_histogram_first_peak_spread": 0.341463446617,
    "bpm_histogram_first_peak_weight": 0.62790697813,
    "bpm_histogram_second_peak": 85,
    "bpm_histogram_second_peak_spread": 0,
    "bpm_histogram_second_peak_weight": 0.0465116277337
},
"tonal": {
    "tuning_frequency": {
        "dmean": 0.10996440053,
        "dmean2": 0.209595486522,
        "dvar": 1.26327645779,
        "dvar2": 2.64437508583,
        "max": 456.306610107,
        "mean": 446.708709717,
        "median": 445.627075195,
        "min": 431.692352295,
        "var": 55.2483596802
    },
    "hpcp": {
        "dmean": [0.195000514388, 0.161520794034, 0.175157502294, 0.129686191678, 0.159447848797, 0.176995307207, 0.188012823462, 0.232303649187, 0.228197053075, 0.170117929578, 0.182968333364, 0.182441934943],
        "dmean2": [0.361680299044, 0.311588615179, 0.323644578457, 0.244901880622, 0.293273538351, 0.326787143946, 0.352799624205, 0.426357924938, 0.421760350466, 0.320028990507, 0.343157082796, 0.341155737638],
        "dvar": [0.088692843914, 0.094507612288, 0.0858861431479, 0.0666243284941, 0.0742221027613, 0.0847418233752, 0.103314302862, 0.103041373193, 0.110685959458, 0.0934527814388, 0.0960344746709, 0.0891798734665],
        "dvar2": [0.244278743863, 0.255767047405, 0.243151322007, 0.187593966722, 0.197957634926, 0.228478983045, 0.272923856974, 0.27752238512, 0.289496213198, 0.268217176199, 0.271592229605, 0.25228780508],
        "max": [1, 1, 1, 1, 1, 1, 1, 1, 1, 1, 1, 1],
        "mean": [0.193526148796, 0.119888298213, 0.164363354445, 0.119600757957, 0.155210182071, 0.196849361062, 0.143942728639, 0.253356605768, 0.194317862391, 0.122103966773, 0.133905619383, 0.139337927103],
        "median": [0.0360103994608, 0.008210840635, 0.0284289624542, 0.0102871069685, 0.0205181706697, 0.0264917500317, 0.0065404297784, 0.0603697672486, 0.0268520768732, 0.0121327955276, 0.014183383435, 0.0226858220994],
        "min": [0, 0, 0, 0, 0, 0, 0, 0, 0, 0, 0, 0],
        "var": [0.0985704511404, 0.0762832388282, 0.0856467410922, 0.0697027146816, 0.0810615867376, 0.110336460173, 0.0905172079802, 0.127849429846, 0.106899477541, 0.0686764791608, 0.0758985877037, 0.0723259672523]
    }
},
"lowlevel": {
    "melbands": {
        "dmean": [0.000784362491686, 0.00259763002396, 0.00124527630396, 0.000495543994475, 0.000346862798324, 0.000261615321506, 0.000286940776277, 0.000331547373207, 0.000473276508274, 0.000317306112265, 0.000145919722854, 0.000162143012858, 0.000143841447425, 0.000102062796941, 0.000141935131978, 0.000141858603456, 3.39609687217e-05, 2.61271052295e-05, 1.50752639456e-05, 1.84851669474e-05, 2.84970137727e-05, 2.11546011997e-05, 3.55925876647e-05, 2.66093520622e-05, 1.53523251356e-05, 1.77185120265e-05, 1.37853303386e-05, 8.30830776977e-06, 3.96130189984e-06, 3.30203738486e-06, 1.79898609076e-06, 8.70434121225e-07, 5.21736581049e-07, 4.17191131419e-07, 4.07110235301e-07, 4.27296896532e-07, 3.18292791235e-07, 4.59180711232e-07, 3.89341636264e-07, 3.35173837129e-07],
        "dmean2": [0.00128957058769, 0.0047074072063, 0.00218758452684, 0.000852044962812, 0.00060117081739, 0.000443726108642, 0.00048183274339, 0.000515803461894, 0.000685365521349, 0.00043265617569, 0.000214930725633, 0.000226815987844, 0.000193485320779, 0.000163313481607, 0.000210096462979, 0.000208184064832, 4.96301909152e-05, 3.92365836888e-05, 2.39962846535e-05, 2.9368318792e-05, 4.53194697911e-05, 3.42525854649e-05, 5.67212264286e-05, 3.95246606786e-05, 2.28311746469e-05, 2.80130370811e-05, 2.04975458473e-05, 1.22767196444e-05, 6.0270490394e-06, 5.00644364365e-06, 2.75667980532e-06, 1.37824497415e-06, 8.44455314564e-07, 6.65821175971e-07, 6.56863278437e-07, 6.86442604092e-07, 4.9612890507e-07, 7.39347626677e-07, 6.06835612871e-07, 5.47194645151e-07],
        "dvar": [6.82058328039e-07, 8.71997872309e-06, 2.01785655918e-06, 5.06754474827e-07, 4.92851540912e-07, 1.8790233014e-07, 2.47861493108e-07, 4.02598601568e-07, 8.86541158707e-07, 1.04472462681e-06, 3.11351215032e-07, 2.28659715162e-07, 1.40516277725e-07, 9.88137429658e-08, 1.42326925356e-07, 1.88296368719e-07, 1.03528403628e-08, 5.08501862839e-09, 6.65931920718e-10, 9.47644851479e-10, 3.24918558725e-09, 2.26163354711e-09, 5.90021675961e-09, 3.34997429796e-09, 8.90906903805e-10, 1.10405651288e-09, 8.26355706085e-10, 3.18958998102e-10, 6.89501303275e-11, 5.65979797751e-11, 1.39187342207e-11, 2.32041859685e-12, 6.70284303322e-13, 3.68398128843e-13, 4.49536675245e-13, 3.67273350404e-13, 2.54869503323e-13, 5.20212941734e-13, 4.74382685911e-13, 3.5493442495e-13],
        "dvar2": [1.91803451344e-06, 2.90105563181e-05, 5.83346354688e-06, 1.39343910632e-06, 1.38799271099e-06, 5.05032403453e-07, 6.4318959403e-07, 9.60495185609e-07, 1.72735246906e-06, 1.74612182491e-06, 5.15791384714e-07, 3.41130999004e-07, 2.08458374118e-07, 2.26790405122e-07, 2.5189160624e-07, 3.34165150662e-07, 1.41870222237e-08, 1.11344276021e-08, 1.51465706644e-09, 2.32423946755e-09, 7.83790277126e-09, 5.86095660893e-09, 1.53367860634e-08, 7.38913152887e-09, 1.93713356467e-09, 2.68919819746e-09, 1.60838475871e-09, 6.0196042595e-10, 1.35550584646e-10, 1.1085726781e-10, 3.12177020345e-11, 5.75950485221e-12, 1.70809330222e-12, 8.68272522023e-13, 1.03710540589e-12, 8.74994629703e-13, 5.93039614812e-13, 1.31038962233e-12, 1.0131011698e-12, 8.90160178641e-13],
        "max": [0.0083661545068, 0.0246545411646, 0.0146893346682, 0.010566316545, 0.00949710607529, 0.00585644878447, 0.0103442464024, 0.00991190224886, 0.0181420110166, 0.0201848782599, 0.0265991315246, 0.0166299454868, 0.0149394311011, 0.00787692517042, 0.00921311974525, 0.0127996969968, 0.00489330803975, 0.00172071054112, 0.000461524730781, 0.000337156001478, 0.000955645635258, 0.000732154177967, 0.00118071958423, 0.00086983415531, 0.000534290447831, 0.000520700879861, 0.000506567186676, 0.000417846546043, 0.000161918724189, 0.000156037611305, 6.78414144204e-05, 3.19717291859e-05, 1.19062415251e-05, 9.80640106718e-06, 1.28380870592e-05, 7.82964070822e-06, 1.23850513774e-05, 1.15212887977e-05, 1.47070786625e-05, 1.18344078146e-05],
        "mean": [0.00133230246138, 0.00356713170186, 0.00186402758118, 0.000699722091667, 0.000454919791082, 0.000394834787585, 0.00045910247718, 0.000618254067376, 0.0009355591028, 0.00062864884967, 0.000243655827944, 0.000279986707028, 0.000326275447151, 0.000151413172716, 0.000238112203078, 0.000256103143329, 6.37253688183e-05, 4.41358643002e-05, 2.67316681857e-05, 3.14049830195e-05, 4.61566633021e-05, 3.5532633774e-05, 5.90370073041e-05, 4.7021327191e-05, 2.9160954e-05, 3.21491133946e-05, 2.59655807895e-05, 1.56074074766e-05, 7.69070175011e-06, 5.99546820013e-06, 3.23356357512e-06, 1.66445613559e-06, 1.00839838524e-06, 8.91925253654e-07, 8.48727324865e-07, 8.75617388374e-07, 7.05523291344e-07, 9.80253730631e-07, 9.07638423087e-07, 7.44573128486e-07],
        "median": [0.000958821678068, 0.00249337824062, 0.00129268364981, 0.000410053035012, 0.000200524620595, 0.000182659496204, 0.000174378510565, 0.000199751142645, 0.000251913472312, 9.54745337367e-05, 5.16336149303e-05, 6.36594631942e-05, 4.94967462146e-05, 4.57160858787e-05, 5.60707740078e-05, 4.33922286902e-05, 1.40450874824e-05, 1.12577208711e-05, 1.09968432298e-05, 1.2892801351e-05, 1.36672697408e-05, 1.09662687464e-05, 1.51748954522e-05, 1.02610920294e-05, 9.43004215515e-06, 1.2051153135e-05, 6.59487932353e-06, 3.68341306967e-06, 2.73160776487e-06, 1.8606986032e-06, 1.29458078391e-06, 9.01318855995e-07, 6.20389300821e-07, 5.50237814423e-07, 5.49390335891e-07, 5.99454949679e-07, 4.3584998366e-07, 6.23253924914e-07, 5.62399748105e-07, 4.82662244394e-07],
        "min": [9.85492590311e-12, 9.52935300114e-12, 8.70501760952e-12, 6.71376322592e-12, 4.50880131841e-12, 2.65966935975e-12, 1.4043245733e-12, 1.25388729347e-12, 2.22935732375e-12, 2.55208441186e-12, 2.46297947315e-12, 2.49843179999e-12, 3.1573754028e-12, 1.23221322468e-12, 1.20858000257e-12, 8.08045037132e-13, 3.94764776424e-12, 7.01222630309e-12, 6.73740403745e-12, 5.69041428561e-12, 1.58308381595e-12, 6.71786151013e-12, 1.32674409653e-11, 1.40806654531e-11, 5.0205856833e-11, 1.25853452659e-10, 2.02286173923e-11, 9.38095000985e-12, 2.05337309656e-11, 5.82932356899e-12, 3.81346863809e-12, 7.65179586359e-12, 1.57350157209e-11, 1.4349531112e-11, 1.74469184759e-12, 1.67948012268e-12, 9.65822799341e-13, 4.6607281836e-13, 6.37591108382e-13, 6.48617552897e-13],
        "var": [1.55886652919e-06, 1.13504756882e-05, 3.1951631172e-06, 7.31696047751e-07, 5.80095274927e-07, 3.55572097988e-07, 6.51819959785e-07, 1.1296485809e-06, 2.99670841741e-06, 3.89702745451e-06, 1.2990515188e-06, 7.12245196155e-07, 7.59694728458e-07, 1.43149620158e-07, 3.69879927575e-07, 6.65490063056e-07, 6.3031293962e-08, 1.57292774361e-08, 1.70564962154e-09, 1.8571089111e-09, 6.13689454809e-09, 3.65065622177e-09, 1.15782814447e-08, 7.9737763059e-09, 2.24588925235e-09, 2.62946309171e-09, 2.30449437311e-09, 8.59548543453e-10, 1.7484851067e-10, 1.4084824973e-10, 2.87263043214e-11, 4.8683366366e-12, 1.33166036791e-12, 9.55667402852e-13, 9.28138425491e-13, 7.68542618868e-13, 6.27146826224e-13, 1.28962801809e-12, 1.27818784203e-12, 7.9551778576e-13]
    },
    "mfcc": {
        "dmean": [13.994682312, 9.46295070648, 9.8265171051, 8.46227931976, 8.15127849579, 7.83691501617, 7.53341817856, 7.15823459625, 7.00771951675, 6.8626947403, 6.94876384735, 6.85985517502, 6.38064289093],
        "dmean2": [17.6512489319, 15.1562452316, 15.2657880783, 13.5311727524, 13.4216623306, 12.7718706131, 12.5897340775, 11.8672895432, 11.7230415344, 11.225148201, 11.5252561569, 11.3230037689, 10.4866437912],
        "dvar": [317.852874756, 57.3891410828, 69.1034011841, 45.1672782898, 39.3029518127, 37.8650283813, 34.3379135132, 29.9969367981, 29.0219726562, 27.5217189789, 30.3732223511, 29.4935340881, 23.3080844879],
        "dvar2": [367.949645996, 134.243057251, 145.309570312, 111.516174316, 103.228530884, 98.2755813599, 92.4196777344, 82.8360595703, 79.3075561523, 77.3017578125, 84.2213134766, 80.1187896729, 62.552570343],
        "max": [-495.736297607, 187.950958252, 66.5470504761, 75.6929702759, 53.6618919373, 42.9106674194, 59.3149337769, 48.7403106689, 30.4065170288, 40.944442749, 41.3450698853, 39.4558296204, 30.4815540314],
        "mean": [-607.01159668, 125.82308197, -1.3236041069, 23.8621253967, 6.60907459259, -5.12824344635, 13.9885034561, 5.85950469971, -0.209543481469, 2.45720887184, 4.27423810959, 6.11122226715, 1.01902091503],
        "median": [-609.521362305, 126.175308228, 0.535791397095, 23.7140903473, 6.17776679993, -4.08701515198, 13.4638843536, 6.01693344116, 0.121351242065, 2.22528839111, 4.46391296387, 6.21183204651, 1.17499732971],
        "min": [-1138.42004395, 1.14440917969e-05, -65.8269042969, -39.5977478027, -41.389793396, -55.8824920654, -26.5556125641, -31.7378845215, -35.8124313354, -41.3741531372, -31.4566688538, -26.5565109253, -27.5854072571],
        "var": [2315.81933594, 301.387023926, 516.467102051, 316.18371582, 225.356414795, 222.734039307, 169.805587769, 125.431221008, 84.7811203003, 104.420410156, 93.4833526611, 87.4618911743, 73.455947876],
        "cov": [[2316.71435547, 34.0909729004, -669.184936523, 26.5175304413, -295.114654541, -245.510437012, -131.042922974, -87.6561660767, -36.151802063, -21.3108024597, -57.7774772644, 3.46939611435, -71.067199707], [34.0909729004, 301.503479004, 9.24217510223, -92.846786499, -58.6693229675, -2.65672397614, 13.3636379242, 0.644416511059, -14.7386331558, 16.538356781, 49.2333679199, -2.63873958588, -1.83407187462], [-669.184936523, 9.24217510223, 516.666687012, -23.3402442932, 172.162399292, 73.8455123901, 21.376499176, 16.8219032288, 20.8327140808, 18.0016288757, 7.69085979462, -13.0726099014, 23.2508888245], [26.5175304413, -92.846786499, -23.3402442932, 316.305877686, 67.4863967896, -5.06174659729, -61.0971565247, -18.9098548889, 48.6187667847, 16.680141449, -42.9466133118, -3.27626371384, 22.169752121], [-295.114654541, -58.6693229675, 172.162399292, 67.4863967896, 225.443496704, 42.1157608032, 17.5586185455, -12.5513467789, 20.94962883, 24.1328029633, -13.2640991211, 2.52521109581, 6.52489805222], [-245.510437012, -2.65672397614, 73.8455123901, -5.06174659729, 42.1157608032, 222.820114136, 102.709075928, 38.2441177368, -17.5005760193, -8.91985607147, 38.3921203613, -5.41293859482, -16.40193367], [-131.042922974, 13.3636379242, 21.376499176, -61.0971565247, 17.5586185455, 102.709075928, 169.871200562, 68.9661941528, -9.94545650482, -22.878036499, 23.3749446869, 13.960515976, -12.0993051529], [-87.6561660767, 0.644416511059, 16.8219032288, -18.9098548889, -12.5513467789, 38.2441177368, 68.9661941528, 125.479690552, 23.6937618256, -18.8734798431, 8.88363361359, 10.1324119568, 7.42252874374], [-36.151802063, -14.7386331558, 20.8327140808, 48.6187667847, 20.94962883, -17.5005760193, -9.94545650482, 23.6937618256, 84.813873291, 38.3653678894, -3.81840848923, 1.58378195763, 7.44877052307], [-21.3108024597, 16.538356781, 18.0016288757, 16.680141449, 24.1328029633, -8.91985607147, -22.878036499, -18.8734798431, 38.3653678894, 104.460754395, 28.9827270508, -3.67142558098, -1.79706645012], [-57.7774772644, 49.2333679199, 7.69085979462, -42.9466133118, -13.2640991211, 38.3921203613, 23.3749446869, 8.88363361359, -3.81840848923, 28.9827270508, 93.5194778442, 30.7342338562, -5.43013572693], [3.46939611435, -2.63873958588, -13.0726099014, -3.27626371384, 2.52521109581, -5.41293859482, 13.960515976, 10.1324119568, 1.58378195763, -3.67142558098, 30.7342338562, 87.4956817627, 26.6570415497], [-71.067199707, -1.83407187462, 23.2508888245, 22.169752121, 6.52489805222, -16.40193367, -12.0993051529, 7.42252874374, 7.44877052307, -1.79706645012, -5.43013572693, 26.6570415497, 73.4843292236]],
        "icov": [[0.00081101473188, -0.000141859272844, 0.00079867610475, -9.2634370958e-05, 0.000369843328372, 0.000427994353231, 0.000145683341543, 0.000173853783053, 0.000157345159096, -0.000116606519441, 0.000500023656059, -0.000368221837562, 0.000776878849138], [-0.000141859272844, 0.00415380951017, -0.000493445957545, 0.000684856437147, 0.000954735907726, 0.000399564189138, -0.00047909092973, 0.000281246029772, 0.000250660494203, -0.000433923094533, -0.00210850033909, 0.00107606186066, -0.000769066275097], [0.00079867610475, -0.000493445957545, 0.00385868642479, 0.000863859662786, -0.00226102466695, -0.000452490145108, 0.00102301908191, -0.000351382535882, -0.000585157074966, 0.000274445395917, 0.000126765022287, 0.000628372072242, -0.000570296659134], [-9.2634370958e-05, 0.000684856437147, 0.000863859662786, 0.00481656566262, -0.00158997962717, -0.00149077549577, 0.00210415571928, 0.000179412701982, -0.00253650732338, 0.000217468113988, 0.00135754235089, -0.000106825362309, -0.00126068817917], [0.000369843328372, 0.000954735907726, -0.00226102466695, -0.00158997962717, 0.00796004384756, -0.000204993033549, -0.00183847569861, 0.00185873510782, -8.32085352158e-05, -0.00187032052781, 0.00182881962974, -0.00157211942133, 0.00100172415841], [0.000427994353231, 0.000399564189138, -0.000452490145108, -0.00149077549577, -0.000204993033549, 0.00807613227516, -0.00439995666966, -0.000236184641835, 0.00204336689785, 0.00036390859168, -0.0034482521005, 0.00200462155044, 0.000956805015448], [0.000145683341543, -0.00047909092973, 0.00102301908191, 0.00210415571928, -0.00183847569861, -0.00439995666966, 0.0118658402935, -0.00498623633757, 0.000352003640728, 0.000955779629294, 0.000759569345973, -0.00204217224382, 0.0015936094569], [0.000173853783053, 0.000281246029772, -0.000351382535882, 0.000179412701982, 0.00185873510782, -0.000236184641835, -0.00498623633757, 0.0129275843501, -0.00598705280572, 0.00327194691636, -0.000988571555354, 0.000264787173364, -0.00159454671666], [0.000157345159096, 0.000250660494203, -0.000585157074966, -0.00253650732338, -8.32085352158e-05, 0.00204336689785, 0.000352003640728, -0.00598705280572, 0.0193536654115, -0.00803984701633, 0.00213784747757, -0.00104017113335, 0.000611894764006], [-0.000116606519441, -0.000433923094533, 0.000274445395917, 0.000217468113988, -0.00187032052781, 0.00036390859168, 0.000955779629294, 0.00327194691636, -0.00803984701633, 0.0157863032073, -0.00698479730636, 0.00303557072766, -0.00061817507958], [0.000500023656059, -0.00210850033909, 0.000126765022287, 0.00135754235089, 0.00182881962974, -0.0034482521005, 0.000759569345973, -0.000988571555354, 0.00213784747757, -0.00698479730636, 0.0195591468364, -0.00853290874511, 0.00342734158039], [-0.000368221837562, 0.00107606186066, 0.000628372072242, -0.000106825362309, -0.00157211942133, 0.00200462155044, -0.00204217224382, 0.000264787173364, -0.00104017113335, 0.00303557072766, -0.00853290874511, 0.0173071306199, -0.00700097717345], [0.000776878849138, -0.000769066275097, -0.000570296659134, -0.00126068817917, 0.00100172415841, 0.000956805015448, 0.0015936094569, -0.00159454671666, 0.000611894764006, -0.00061817507958, 0.00342734158039, -0.00700097717345, 0.0181651115417]]
    }
}

}