{
"metadata": {
    "version": {
        "essentia": "2.0.1",
        "extractor": "archive-music 1.0 mod ismir14"
    },
    "audio_properties": {
        "analysis_sample_rate": 44100,
        "bitrate": 96,
        "channels": 2,
        "equal_loudness": 0,
        "length": 30.0669155121,
        "replay_gain": -13.4122962952,
        "downmix": "mix"
    },
    "tags": {
        "track": 0,
        "year": 0,
        "album": "",
        "artist": "",
        "comment": "",
        "genre": "",
        "title": ""
    }
},
"rhythm": {
    "bpm": 88.2892990112,
    "bpm_histogram_first_peak": 89,
    "bpm_histogram_first_peak_spread": 0.333333313465,
    "bpm_histogram_first_peak_weight": 0.651162803173,
    "bpm_histogram_second_peak": 94,
    "bpm_histogram_second_peak_spread": 0,
    "bpm_histogram_second_peak_weight": 0.0232558138669
},
"tonal": {
    "tuning_frequency": {
        "dmean": 0.245001703501,
        "dmean2": 0.47591650486,
        "dvar": 2.15687704086,
        "dvar2": 5.74286079407,
        "max": 451.586883545,
        "mean": 443.252593994,
        "median": 443.828887939,
        "min": 432.690917969,
        "var": 3.72414779663
    },
    "hpcp": {
        "dmean": [0.215728059411, 0.146490618587, 0.227986514568, 0.250859707594, 0.120814748108, 0.232000231743, 0.251511394978, 0.268744170666, 0.194022998214, 0.106123432517, 0.237332850695, 0.083084911108],
        "dmean2": [0.370601832867, 0.264617741108, 0.417329639196, 0.440762192011, 0.212335005403, 0.385871499777, 0.433693647385, 0.465788424015, 0.34149864316, 0.187357440591, 0.414668023586, 0.15331363678],
        "dvar": [0.0418522283435, 0.029448332265, 0.0581734441221, 0.0578530617058, 0.029229387641, 0.0661505907774, 0.0628192424774, 0.0458760261536, 0.0499187558889, 0.0208469387144, 0.0582951977849, 0.0148833515123],
        "dvar2": [0.101212874055, 0.0813642516732, 0.159628599882, 0.171378597617, 0.0809404924512, 0.155558347702, 0.141819655895, 0.130792468786, 0.131532594562, 0.0507791042328, 0.148494914174, 0.0434562005103],
        "max": [1, 1, 1, 1, 1, 1, 1, 1, 1, 1, 1, 1],
        "mean": [0.299351751804, 0.169442266226, 0.234097883105, 0.305579274893, 0.132535457611, 0.320910453796, 0.350073993206, 0.388809800148, 0.251419425011, 0.130123332143, 0.782477259636, 0.0978538990021],
        "median": [0.22751557827, 0.108496412635, 0.142519593239, 0.207648172975, 0.0815259665251, 0.149014487863, 0.251677781343, 0.329639822245, 0.130827024579, 0.0810737237334, 0.975502133369, 0.0698102042079],
        "min": [0.0183637887239, 0.00554104801267, 0.00565770408139, 0.00600879173726, 0.00334181170911, 0.0256046745926, 0.010323044844, 0.00801240932196, 0.00807826779783, 0.00348940468393, 0.0831915363669, 0.00457292096689],
        "var": [0.0642630383372, 0.0325471125543, 0.0634833052754, 0.0725693330169, 0.0274905338883, 0.108747631311, 0.0960486158729, 0.0821058005095, 0.0746060088277, 0.0246230363846, 0.0761264711618, 0.0107815722004]
    }
},
"lowlevel": {
    "melbands": {
        "dmean": [1.43988690979e-05, 6.58844874124e-05, 5.72421886318e-05, 3.78145232389e-05, 1.64214307006e-05, 2.85654405161e-05, 3.07272857754e-05, 3.83077749575e-05, 4.32886263297e-05, 2.45188293775e-05, 1.69276445376e-05, 1.09451539174e-05, 9.58773853199e-06, 5.29982253283e-06, 8.77074398886e-06, 5.2371460697e-06, 6.40406233288e-06, 3.93032951251e-06, 2.90979187412e-06, 3.03913702737e-06, 2.30556361203e-06, 2.44458829002e-06, 3.94620292354e-06, 4.13036286773e-06, 2.5741094305e-06, 1.67160146702e-06, 1.60787431014e-06, 9.81594439509e-07, 4.42236114395e-07, 4.18943159275e-07, 3.39493851698e-07, 1.71540520455e-07, 7.68770220816e-08, 4.95774870046e-08, 4.36935287951e-08, 2.98785458597e-08, 1.72639147422e-08, 7.69366526043e-09, 1.5083153615e-09, 7.00508817619e-11],
        "dmean2": [2.58327818301e-05, 0.000125883874716, 0.000104174505395, 6.73089452903e-05, 2.99902621919e-05, 5.11550679221e-05, 5.64725378354e-05, 6.88274667482e-05, 7.14959314791e-05, 4.39351242676e-05, 2.93444845738e-05, 2.00248396141e-05, 1.71071642399e-05, 9.51238871494e-06, 1.59976389114e-05, 9.50831145019e-06, 1.16851806524e-05, 7.05355932951e-06, 5.24211327502e-06, 5.26442863702e-06, 4.04660249842e-06, 4.24114659836e-06, 7.16069871487e-06, 6.87799229127e-06, 4.64167806058e-06, 2.90732145913e-06, 2.67339623861e-06, 1.6543615402e-06, 7.49574098791e-07, 7.20892728623e-07, 5.91527509641e-07, 2.91768827765e-07, 1.29709420094e-07, 8.5052505483e-08, 7.19834858387e-08, 5.03571797594e-08, 3.1420128721e-08, 1.3555133016e-08, 2.67539124188e-09, 1.2625067658e-10],
        "dvar": [4.27137242243e-10, 5.06523223365e-09, 3.33610983283e-09, 2.48735188002e-09, 2.65700295099e-10, 6.04151284556e-10, 8.12673428552e-10, 1.57976753901e-09, 7.06692260266e-09, 4.62450211458e-09, 5.80344439172e-10, 6.65808741473e-10, 5.60361701485e-10, 1.0428025804e-10, 3.28634591762e-10, 8.87577927822e-11, 2.23306276248e-10, 6.12362036079e-11, 1.7421760215e-11, 4.90941488851e-11, 1.08942967494e-11, 1.2136504475e-11, 4.51813794711e-11, 4.47707947104e-11, 1.89288654195e-11, 7.79091201275e-12, 9.02821133825e-12, 4.18314298131e-12, 3.96336771995e-13, 6.62353960741e-13, 4.2809167127e-13, 9.07049094038e-14, 1.46000070622e-14, 6.26979123865e-15, 4.3482427877e-15, 1.24760107488e-15, 3.88694102133e-16, 4.60466102194e-17, 1.8275292116e-18, 5.23646000152e-21],
        "dvar2": [1.09016684569e-09, 1.61917839137e-08, 9.32006916088e-09, 6.7152639005e-09, 7.32542082549e-10, 1.98292715581e-09, 2.13406003979e-09, 4.30828972497e-09, 1.54391717189e-08, 1.31166748574e-08, 1.43503320338e-09, 1.88169169135e-09, 1.55510704314e-09, 2.96067059757e-10, 1.00205832521e-09, 2.54321758097e-10, 6.30610286212e-10, 1.59090116081e-10, 4.68569627543e-11, 1.29658922488e-10, 2.43895511426e-11, 3.44317491185e-11, 1.32363633942e-10, 1.21467433334e-10, 4.54321753829e-11, 2.13944782029e-11, 2.18872628355e-11, 1.0881072085e-11, 9.88892236327e-13, 1.64090171572e-12, 1.10626362671e-12, 2.45779552309e-13, 3.46260292574e-14, 1.49722051976e-14, 8.53103632387e-15, 2.58838932648e-15, 9.1052420764e-16, 1.2679527355e-16, 4.43978812671e-18, 1.41858324658e-20],
        "max": [0.000139369920362, 0.000442352669779, 0.000282788736513, 0.000292188313324, 0.000114170747111, 0.000140986958286, 0.000138797593536, 0.000169444683706, 0.000873924582265, 0.000563912908547, 0.000158438109793, 0.000159142698976, 0.00014048461162, 6.29302376183e-05, 0.00011101912969, 5.26447765878e-05, 9.65473955148e-05, 7.2879709478e-05, 2.13585772144e-05, 6.16608231212e-05, 2.20492747758e-05, 2.37425028899e-05, 3.4917233279e-05, 4.9765840231e-05, 2.87438961095e-05, 1.71992469404e-05, 2.43238846451e-05, 1.29715053845e-05, 5.36895549885e-06, 7.42588918001e-06, 3.96512086809e-06, 1.72017405475e-06, 8.50022786381e-07, 6.13868166965e-07, 6.14309101366e-07, 2.83616799379e-07, 1.4835904949e-07, 4.79219188776e-08, 1.08979900659e-08, 5.3843440817e-10],
        "mean": [1.89450074686e-05, 7.49241007725e-05, 8.01940987003e-05, 4.15913564211e-05, 2.26844204008e-05, 4.14405658375e-05, 4.14238020312e-05, 3.16324694722e-05, 4.88997247885e-05, 2.51960063906e-05, 1.96306555154e-05, 8.9666882559e-06, 7.30776037017e-06, 4.83446001454e-06, 7.71245322539e-06, 4.3821928557e-06, 4.94684536534e-06, 3.95922370444e-06, 2.73399064099e-06, 2.4707430839e-06, 2.20564675146e-06, 2.27735358749e-06, 3.60812532563e-06, 3.82153530154e-06, 2.49715253631e-06, 2.06753361454e-06, 1.66126483236e-06, 9.51124945914e-07, 5.26498467934e-07, 4.39744809455e-07, 3.53468266212e-07, 2.14179934233e-07, 1.05067073264e-07, 8.1347856451e-08, 7.39097600899e-08, 5.1635211662e-08, 3.1638450082e-08, 1.23972441202e-08, 2.11165573916e-09, 1.02092820309e-10],
        "median": [1.33899575303e-05, 5.39592692803e-05, 6.72614187351e-05, 2.55245067819e-05, 1.74494398379e-05, 3.7825146137e-05, 2.92366657959e-05, 1.72232812474e-05, 2.8855558412e-05, 1.38627901833e-05, 1.27742114273e-05, 2.89563877232e-06, 2.11294559449e-06, 2.14003034671e-06, 4.05107130064e-06, 1.92027505364e-06, 1.69071449818e-06, 1.43366719385e-06, 1.16250305382e-06, 8.36826188788e-07, 8.56956546613e-07, 8.6540870825e-07, 8.28805127639e-07, 6.93210381542e-07, 9.0604549996e-07, 6.92880405495e-07, 3.44581195577e-07, 3.42292537425e-07, 3.18484723039e-07, 1.986749254e-07, 1.09850255114e-07, 9.30772259267e-08, 6.0935050783e-08, 5.35411501801e-08, 4.81184692092e-08, 3.52591946751e-08, 2.33069190614e-08, 9.15323283834e-09, 1.53739709852e-09, 7.06405836604e-11],
        "min": [2.29548868447e-06, 7.45643410482e-06, 1.24556754599e-05, 3.77744026991e-06, 2.97814813166e-06, 2.17293245441e-06, 2.23102370001e-06, 2.0816464712e-06, 3.55317638423e-07, 2.82957955733e-07, 2.83096994735e-07, 8.00507109489e-08, 2.3978972763e-07, 2.42684706109e-07, 1.11427517879e-07, 7.48477688717e-08, 8.55277875189e-08, 4.61194851198e-08, 4.45539960481e-08, 6.2825492364e-08, 9.79953256319e-08, 7.89468330709e-08, 7.6212586464e-08, 5.22557499494e-08, 1.01822308807e-07, 1.0533477024e-07, 2.90118542523e-08, 2.29541594621e-08, 6.51112301853e-08, 4.65914951064e-08, 2.05717682888e-08, 1.52490908789e-08, 1.6350206522e-08, 1.02721431361e-08, 6.58345467031e-09, 8.49964809646e-09, 4.91031348915e-09, 1.99294691861e-09, 2.65171939962e-10, 1.38921764717e-11],
        "var": [3.98841154547e-10, 4.05988753727e-09, 2.78023315481e-09, 1.98414151775e-09, 3.19941073634e-10, 7.80558728763e-10, 1.09360220879e-09, 1.29242505587e-09, 7.35897609516e-09, 2.80342393744e-09, 6.19152507042e-10, 4.60924576284e-10, 3.89483473251e-10, 7.25744186969e-11, 2.0308177362e-10, 6.16736384185e-11, 1.42081554855e-10, 7.03199304342e-11, 1.60809872363e-11, 3.59417703932e-11, 1.25917991312e-11, 1.19714680877e-11, 4.23542104167e-11, 5.38658319338e-11, 1.89535487999e-11, 1.0499190059e-11, 1.09552809532e-11, 3.56416090218e-12, 4.26806132754e-13, 6.32434426009e-13, 4.2243010305e-13, 9.29901704141e-14, 1.79972630901e-14, 8.26129952885e-15, 7.68030946594e-15, 2.55807931126e-15, 5.96339729289e-16, 8.41818797719e-17, 3.51390997783e-18, 8.80940082227e-21]
    },
    "mfcc": {
        "dmean": [32.7217712402, 11.3298072815, 18.3734207153, 9.1257276535, 10.0154123306, 9.49583721161, 10.6329936981, 7.77136325836, 6.0867061615, 6.45309925079, 6.28303098679, 6.2332110405, 6.284324646],
        "dmean2": [56.9954223633, 18.5379161835, 28.5867195129, 15.8151416779, 17.2391681671, 16.1921653748, 17.8141498566, 14.0361690521, 10.0396633148, 10.1705350876, 10.3336458206, 10.14839077, 9.82526016235],
        "dvar": [630.791931152, 86.5664978027, 159.261001587, 87.0197753906, 69.9287261963, 51.3968925476, 78.7434082031, 32.5799789429, 32.3628730774, 26.2630634308, 28.0129489899, 24.6031761169, 28.60105896],
        "dvar2": [1606.08032227, 200.337890625, 533.567871094, 185.191940308, 177.787017822, 138.802764893, 198.160949707, 106.002403259, 91.1665802002, 68.6024093628, 75.5946502686, 68.8922119141, 76.6393356323],
        "max": [-670.560546875, 167.164489746, 23.7460174561, 84.205078125, 17.1016998291, 28.6364879608, 21.079826355, 29.4120292664, 3.28147506714, 32.2289810181, 18.6727104187, 23.8761901855, 5.19845962524],
        "mean": [-758.627319336, 138.088378906, -18.6537227631, 37.2704467773, -17.7357444763, 3.57561254501, -12.3013925552, 6.56810474396, -10.552734375, 10.6193695068, -2.55243635178, 5.42007493973, -8.95045852661],
        "median": [-761.09777832, 141.47227478, -17.4878807068, 34.3301506042, -19.667098999, 3.37210083008, -12.9389820099, 5.92999267578, -9.30500411987, 11.1746635437, -2.2573890686, 5.88290023804, -7.87691497803],
        "min": [-882.25793457, 84.061706543, -73.6292266846, 2.7364654541, -42.1846160889, -19.4742622375, -35.7895050049, -11.5217971802, -37.0493469238, -19.497543335, -19.4100608826, -12.366481781, -37.8606452942],
        "var": [1197.14709473, 295.086334229, 375.102325439, 179.357406616, 119.562316895, 82.248336792, 120.881011963, 62.2164268494, 59.6336975098, 58.9035301208, 43.5509262085, 36.3415985107, 62.2454414368],
        "cov": [[1204.53686523, -309.334228516, -556.006530762, 114.944023132, -19.694732666, -50.2435646057, -27.4264469147, 78.7100982666, -76.5725784302, -16.5487709045, 13.840464592, 25.4485740662, -107.64213562], [-309.334228516, 296.907836914, 166.14402771, -158.549514771, -66.3218994141, 32.8733787537, 19.9692726135, -69.7088012695, 42.6863594055, 19.4402961731, 24.7164268494, 20.400100708, 45.3560714722], [-556.006530762, 166.14402771, 377.417785645, -17.8601207733, 9.50411605835, 34.2126846313, -2.24931287766, -25.0553340912, 36.4117279053, 1.90663838387, -6.28427219391, -9.11307144165, 49.1003494263], [114.944023132, -158.549514771, -17.8601207733, 180.464553833, 86.85887146, -47.3495025635, -44.0085678101, 33.9645500183, -20.7115077972, -9.6423034668, -10.7784490585, -16.222038269, -14.4736824036], [-19.694732666, -66.3218994141, 9.50411605835, 86.85887146, 120.300361633, -18.5313682556, -43.5123825073, 20.9817123413, -7.73857307434, -3.64944863319, -17.7628917694, -12.6526813507, -1.85542905331], [-50.2435646057, 32.8733787537, 34.2126846313, -47.3495025635, -18.5313682556, 82.7560424805, 62.8705635071, 3.60006570816, -0.732814073563, -22.6845607758, -5.50355911255, -4.38102388382, -19.2955799103], [-27.4264469147, 19.9692726135, -2.24931287766, -44.0085678101, -43.5123825073, 62.8705635071, 121.627197266, 19.3336429596, -27.5226726532, -26.0413742065, -12.2414264679, 1.41061592102, -12.2755146027], [78.7100982666, -69.7088012695, -25.0553340912, 33.9645500183, 20.9817123413, 3.60006570816, 19.3336429596, 62.600479126, -10.2677707672, -23.4896240234, -10.4870424271, -3.25168156624, -11.2084856033], [-76.5725784302, 42.6863594055, 36.4117279053, -20.7115077972, -7.73857307434, -0.732814073563, -27.5226726532, -10.2677707672, 60.0018081665, 23.8042469025, -0.591329693794, -5.96607351303, 4.13678741455], [-16.5487709045, 19.4402961731, 1.90663838387, -9.6423034668, -3.64944863319, -22.6845607758, -26.0413742065, -23.4896240234, 23.8042469025, 59.2671318054, 11.2423114777, -5.16240167618, 10.4402208328], [13.840464592, 24.7164268494, -6.28427219391, -10.7784490585, -17.7628917694, -5.50355911255, -12.2414264679, -10.4870424271, -0.591329693794, 11.2423114777, 43.8197593689, 14.277346611, -3.83407378197], [25.4485740662, 20.400100708, -9.11307144165, -16.222038269, -12.6526813507, -4.38102388382, 1.41061592102, -3.25168156624, -5.96607351303, -5.16240167618, 14.277346611, 36.5659294128, 18.6042156219], [-107.64213562, 45.3560714722, 49.1003494263, -14.4736824036, -1.85542905331, -19.2955799103, -12.2755146027, -11.2084856033, 4.13678741455, 10.4402208328, -3.83407378197, 18.6042156219, 62.6296730042]],
        "icov": [[0.00965742859989, -0.0102859549224, 0.0150960311294, -0.0155553333461, 0.0145271439105, -0.0153378862888, 0.0178033187985, -0.017253825441, 0.0151814790443, -0.0130024692044, 0.0149233369157, -0.0139008741826, 0.0109316837043], [-0.0102859549224, 0.0281628686935, -0.0217246040702, 0.0301557295024, -0.0209362413734, 0.0242210552096, -0.0268177464604, 0.0306089483202, -0.0249589476734, 0.0207605157048, -0.0259547587484, 0.0154492501169, -0.0150000043213], [0.0150960311294, -0.0217246040702, 0.0294309873134, -0.0296345632523, 0.0238532926887, -0.029423430562, 0.0301581285894, -0.0293165650219, 0.0239093247801, -0.0207363013178, 0.0245809350163, -0.0184391885996, 0.0129223484546], [-0.0155553333461, 0.0301557295024, -0.0296345632523, 0.047770049423, -0.03410391137, 0.0382701531053, -0.0348452590406, 0.0340789183974, -0.0286997593939, 0.0280459932983, -0.0324819460511, 0.0253480300307, -0.0165493711829], [0.0145271439105, -0.0209362413734, 0.0238532926887, -0.03410391137, 0.0408333167434, -0.0327293761075, 0.0385992377996, -0.0344101898372, 0.0310316737741, -0.0256487037987, 0.032848931849, -0.02189976722, 0.01682356745], [-0.0153378862888, 0.0242210552096, -0.029423430562, 0.0382701531053, -0.0327293761075, 0.0612210184336, -0.0486923605204, 0.0373110100627, -0.0359003357589, 0.0339410528541, -0.0317373387516, 0.0240979678929, -0.00935286656022], [0.0178033187985, -0.0268177464604, 0.0301581285894, -0.0348452590406, 0.0385992377996, -0.0486923605204, 0.0606351457536, -0.0458046905696, 0.0448903143406, -0.0327467657626, 0.0409750528634, -0.0285705029964, 0.0216420292854], [-0.017253825441, 0.0306089483202, -0.0293165650219, 0.0340789183974, -0.0344101898372, 0.0373110100627, -0.0458046905696, 0.0644084960222, -0.0394292846322, 0.0377617999911, -0.0349734462798, 0.0263418648392, -0.0215934906155], [0.0151814790443, -0.0249589476734, 0.0239093247801, -0.0286997593939, 0.0310316737741, -0.0359003357589, 0.0448903143406, -0.0394292846322, 0.0579329580069, -0.0368540100753, 0.0366052687168, -0.0234029628336, 0.0219013821334], [-0.0130024692044, 0.0207605157048, -0.0207363013178, 0.0280459932983, -0.0256487037987, 0.0339410528541, -0.0327467657626, 0.0377617999911, -0.0368540100753, 0.0519002079964, -0.035854998976, 0.0312090069056, -0.0222902446985], [0.0149233369157, -0.0259547587484, 0.0245809350163, -0.0324819460511, 0.032848931849, -0.0317373387516, 0.0409750528634, -0.0349734462798, 0.0366052687168, -0.035854998976, 0.0668184682727, -0.0421727187932, 0.0308121051639], [-0.0139008741826, 0.0154492501169, -0.0184391885996, 0.0253480300307, -0.02189976722, 0.0240979678929, -0.0285705029964, 0.0263418648392, -0.0234029628336, 0.0312090069056, -0.0421727187932, 0.0689761340618, -0.0356038548052], [0.0109316837043, -0.0150000043213, 0.0129223484546, -0.0165493711829, 0.01682356745, -0.00935286656022, 0.0216420292854, -0.0215934906155, 0.0219013821334, -0.0222902446985, 0.0308121051639, -0.0356038548052, 0.0443885885179]]
    }
}

}