{
"metadata": {
    "version": {
        "essentia": "2.0.1",
        "extractor": "archive-music 1.0 mod ismir14"
    },
    "audio_properties": {
        "analysis_sample_rate": 44100,
        "bitrate": 128,
        "channels": 2,
        "equal_loudness": 0,
        "length": 30.0669155121,
        "replay_gain": -13.8852882385,
        "downmix": "mix"
    },
    "tags": {
        "track": 0,
        "year": 0,
        "album": "",
        "artist": "",
        "comment": "",
        "genre": "",
        "title": ""
    }
},
"rhythm": {
    "bpm": 90.2942581177,
    "bpm_histogram_first_peak": 91,
    "bpm_histogram_first_peak_spread": 0.31707316637,
    "bpm_histogram_first_peak_weight": 0.651162803173,
    "bpm_histogram_second_peak": 83,
    "bpm_histogram_second_peak_spread": 0.5,
    "bpm_histogram_second_peak_weight": 0.0232558138669
},
"tonal": {
    "tuning_frequency": {
        "dmean": 0.182826474309,
        "dmean2": 0.345294088125,
        "dvar": 0.734957635403,
        "dvar2": 1.36155688763,
        "max": 452.37008667,
        "mean": 450.048736572,
        "median": 450.544708252,
        "min": 445.627075195,
        "var": 3.59182953835
    },
    "hpcp": {
        "dmean": [0.285731822252, 0.0746309906244, 0.158639639616, 0.163019090891, 0.378368079662, 0.292351663113, 0.11754770577, 0.316580086946, 0.133498102427, 0.0915688797832, 0.12365423888, 0.139580234885],
        "dmean2": [0.506733059883, 0.120666317642, 0.265562534332, 0.295634657145, 0.672783136368, 0.527184665203, 0.200309991837, 0.5282959342, 0.227759957314, 0.157782912254, 0.213929474354, 0.246130302548],
        "dvar": [0.0985508784652, 0.00717447698116, 0.0372772179544, 0.0561556331813, 0.0923071280122, 0.079931229353, 0.0148584125564, 0.0899744480848, 0.029383873567, 0.0166140347719, 0.0259423721582, 0.0346090458333],
        "dvar2": [0.177087694407, 0.0173929817975, 0.0867369547486, 0.164318069816, 0.242019459605, 0.183059468865, 0.0351475290954, 0.18519076705, 0.089813247323, 0.0477256067097, 0.0696819871664, 0.0957273468375],
        "max": [1, 0.516004860401, 1, 1, 1, 1, 0.641672074795, 1, 1, 1, 1, 1],
        "mean": [0.56944334507, 0.0799550041556, 0.187193751335, 0.148348376155, 0.400574445724, 0.392397016287, 0.128956958652, 0.427942603827, 0.12032391876, 0.0953448563814, 0.121895283461, 0.143343031406],
        "median": [0.569509983063, 0.0535486228764, 0.105391226709, 0.0711790546775, 0.284002542496, 0.258198738098, 0.0720407813787, 0.246927052736, 0.0689931362867, 0.0651235878468, 0.0718176439404, 0.0811001732945],
        "min": [0.00521581014618, 0.00272348569706, 0.0106056686491, 0.00687953643501, 0.0117685068399, 0.012542813085, 0.0047246934846, 0.00602342933416, 0.00144276302308, 0.00430331099778, 0.0028429122176, 0.00498405331746],
        "var": [0.157911330462, 0.0091447243467, 0.0472664386034, 0.0493822321296, 0.117537811399, 0.127874672413, 0.0186670273542, 0.1489546597, 0.0257268603891, 0.0138234086335, 0.0238966159523, 0.0303527005017]
    }
},
"lowlevel": {
    "melbands": {
        "dmean": [6.56595002511e-05, 0.000167571852216, 4.81480819872e-05, 2.99860494124e-05, 2.77207018371e-05, 1.97674726223e-05, 2.82702858385e-05, 3.84306586056e-05, 6.81994570186e-05, 4.82410614495e-05, 1.93433406821e-05, 2.17308170249e-05, 2.81600987364e-05, 9.47485568759e-06, 1.71941010194e-05, 1.9318986233e-05, 5.01607837577e-06, 3.09406550514e-06, 1.40642225688e-06, 1.63150650678e-06, 3.18380921271e-06, 2.26234647016e-06, 4.08714049627e-06, 3.17741023537e-06, 1.78683706054e-06, 2.16848729906e-06, 1.92516972675e-06, 1.12567988708e-06, 4.82912696498e-07, 4.28745465797e-07, 1.94474267801e-07, 7.85179707918e-08, 4.25305586305e-08, 3.65366297217e-08, 3.09064347448e-08, 2.47587426117e-08, 1.64166120697e-08, 1.05244266635e-08, 3.31191474245e-09, 2.3361038104e-10],
        "dmean2": [0.00010477318574, 0.000276494043646, 8.50948126754e-05, 5.25886753167e-05, 4.92128274345e-05, 3.48346147803e-05, 4.96340508107e-05, 7.08494480932e-05, 0.000124190410133, 8.84472683538e-05, 3.71984424419e-05, 4.03193917009e-05, 5.15975843882e-05, 1.75953882717e-05, 3.0723225791e-05, 3.52770948666e-05, 9.45824831433e-06, 5.72372664465e-06, 2.56377711594e-06, 2.91723722512e-06, 5.80714549869e-06, 4.26896895078e-06, 7.7334634625e-06, 5.85032057643e-06, 3.3189332953e-06, 4.03750527767e-06, 3.57287035513e-06, 2.0698703338e-06, 8.92990044576e-07, 8.08597860669e-07, 3.66157223652e-07, 1.45678612284e-07, 7.89116896271e-08, 6.74677522738e-08, 5.62850068775e-08, 4.41582947985e-08, 3.04307619103e-08, 1.9095415027e-08, 5.98091487447e-09, 4.30155550069e-10],
        "dvar": [2.26608354303e-09, 1.75016108273e-08, 2.83071899254e-09, 6.07498107374e-10, 1.32078847859e-09, 4.290306721e-10, 2.31754038182e-09, 2.51568876841e-09, 6.5922955983e-09, 9.56694723442e-09, 5.90648197019e-09, 1.18158205442e-09, 2.97199087562e-09, 2.15958875782e-10, 5.6464283249e-10, 9.89721082867e-10, 2.8577196165e-10, 3.89599880135e-11, 2.41033798823e-12, 1.6931718614e-12, 8.80361842454e-12, 5.40122026965e-12, 1.93998064141e-11, 7.99262132173e-12, 2.46892914099e-12, 4.76283986209e-12, 3.79138127143e-12, 1.33378572943e-12, 2.37537989495e-13, 2.11569490768e-13, 3.59270345949e-14, 5.34237528822e-15, 1.46645374202e-15, 9.45366696167e-16, 7.94157021401e-16, 5.24088771801e-16, 2.49631435696e-16, 1.36320860491e-16, 1.15926004496e-17, 5.58468017885e-20],
        "dvar2": [5.59550938917e-09, 4.70284469145e-08, 7.93653587294e-09, 1.70734171245e-09, 3.53100171324e-09, 1.09934394921e-09, 6.01871530392e-09, 7.47231165832e-09, 1.9613553448e-08, 2.58626364769e-08, 1.76119829831e-08, 3.49186790594e-09, 8.16871459364e-09, 6.34555741286e-10, 1.50013734768e-09, 2.62201371726e-09, 8.51168080462e-10, 1.13003974234e-10, 6.72594879098e-12, 4.65148536008e-12, 2.22998581406e-11, 1.46496165893e-11, 5.33958467719e-11, 2.17584839035e-11, 6.89759013794e-12, 1.31867199452e-11, 1.03915443958e-11, 3.69527498878e-12, 6.64128149176e-13, 5.89066013849e-13, 1.02016417774e-13, 1.60822384869e-14, 4.60570988696e-15, 2.68116611575e-15, 2.33158016006e-15, 1.57697184812e-15, 7.89325968986e-16, 4.20890512672e-16, 3.60571073037e-17, 1.80030677519e-19],
        "max": [0.000293416145723, 0.000794061284978, 0.000402912206482, 0.000147349564941, 0.000313294178341, 0.000183337077033, 0.000457765185274, 0.000272597011644, 0.000435993279098, 0.000778952147812, 0.000709169136826, 0.00019392617105, 0.000339735852322, 8.79084982444e-05, 0.000119457981782, 0.000184989563422, 0.00015373370843, 4.37974595116e-05, 1.09170887299e-05, 6.16830402578e-06, 1.64765642694e-05, 1.20551931104e-05, 2.58056443272e-05, 1.42682010846e-05, 8.31473425933e-06, 1.11444815047e-05, 9.59444423643e-06, 7.13102826921e-06, 2.85285022983e-06, 3.10297605211e-06, 1.17406580102e-06, 5.53161328298e-07, 2.45171293045e-07, 1.95931477265e-07, 1.67871633039e-07, 1.35629647957e-07, 8.30262720797e-08, 6.60027410504e-08, 1.96418952214e-08, 1.78944337126e-09],
        "mean": [9.81801276794e-05, 0.000260511849774, 8.40639913804e-05, 3.98683878302e-05, 2.69480278803e-05, 2.14257834159e-05, 2.86099839286e-05, 3.44042200595e-05, 5.84867193538e-05, 3.53970353899e-05, 1.39852654684e-05, 1.7189544451e-05, 2.02772862394e-05, 8.23846858111e-06, 1.41969112519e-05, 1.50407122419e-05, 3.7349007016e-06, 2.68285816674e-06, 1.53323946961e-06, 1.84335578979e-06, 2.80108997686e-06, 2.08866936191e-06, 3.59774662684e-06, 2.74534386335e-06, 1.70823022927e-06, 1.95251323021e-06, 1.57869010309e-06, 9.3877378049e-07, 4.53650415011e-07, 3.59367589908e-07, 1.91329988297e-07, 9.76375673645e-08, 5.93203353105e-08, 5.12790307994e-08, 4.59947706588e-08, 3.96554433735e-08, 2.13569730789e-08, 1.43953053922e-08, 4.15673051535e-09, 2.89072626947e-10],
        "median": [9.29043089855e-05, 0.000226999283768, 7.1027316153e-05, 3.26101799146e-05, 1.7203265088e-05, 1.4737795027e-05, 1.61238385772e-05, 1.98837115022e-05, 3.16456535074e-05, 7.89856403571e-06, 5.48796970179e-06, 7.17051580068e-06, 4.17276487497e-06, 3.66319227396e-06, 5.63814137422e-06, 4.09095400755e-06, 1.60985098319e-06, 1.2363946098e-06, 1.16882870316e-06, 1.41997361425e-06, 1.68197300354e-06, 1.30667979192e-06, 2.10800271816e-06, 1.59782950959e-06, 1.17855631743e-06, 1.19289177292e-06, 8.10900928627e-07, 5.32119486252e-07, 3.05279939994e-07, 2.06788186574e-07, 1.43340542991e-07, 8.20954326741e-08, 4.89909233181e-08, 4.27901625244e-08, 3.91508336861e-08, 3.60971483815e-08, 1.71168448304e-08, 1.17784360043e-08, 3.27978755266e-09, 2.22840232378e-10],
        "min": [5.63009552934e-06, 1.18724328786e-05, 1.17074250738e-05, 4.36944083049e-06, 5.47511262994e-07, 9.65666231423e-07, 1.65736776125e-06, 1.04652201571e-06, 6.76218121498e-07, 6.51941491014e-07, 2.61662648882e-07, 5.56395434614e-07, 2.16544876253e-07, 4.51890599606e-07, 6.45207137495e-07, 3.85966529848e-07, 1.16641551529e-07, 2.03893918638e-07, 1.56180760769e-07, 2.13456658571e-07, 2.38077063841e-07, 1.67372931514e-07, 1.52216983906e-07, 1.46162932424e-07, 1.50511326069e-07, 1.31707878381e-07, 7.81068436595e-08, 4.70309267087e-08, 3.48209212575e-08, 3.40304460167e-08, 1.86922353151e-08, 1.23818573172e-08, 6.99690616557e-09, 6.65750343742e-09, 5.66605384833e-09, 4.15090228856e-09, 3.47430462178e-09, 2.12903050745e-09, 7.17466919209e-10, 4.68260152875e-11],
        "var": [3.70110808667e-09, 2.95507884829e-08, 3.24179527667e-09, 7.81857190102e-10, 1.13211895414e-09, 4.98405150484e-10, 1.98330707413e-09, 1.99383287658e-09, 5.961483307e-09, 6.68170807572e-09, 3.18840354119e-09, 8.55599480154e-10, 2.04553551875e-09, 1.58211860279e-10, 4.51029158466e-10, 7.59065199585e-10, 1.54169510491e-10, 2.63553276425e-11, 2.18512274247e-12, 2.02433751186e-12, 8.41582619565e-12, 4.79742677875e-12, 1.56836488241e-11, 7.5637924743e-12, 2.25293633575e-12, 3.90240660966e-12, 3.13212129843e-12, 1.12161495369e-12, 2.02605998385e-13, 1.62370293534e-13, 3.09032720204e-14, 5.51299694643e-15, 1.5773157435e-15, 1.05955372548e-15, 7.36169304651e-16, 4.74391813538e-16, 2.24815249696e-16, 1.21400613353e-16, 1.04463233352e-17, 5.00274730881e-20]
    },
    "mfcc": {
        "dmean": [40.7855491638, 11.6841659546, 18.9125576019, 12.2075901031, 10.8626890182, 10.8215913773, 10.4502182007, 7.680768013, 4.90862941742, 6.63122415543, 7.25995254517, 5.65805339813, 6.33370494843],
        "dmean2": [76.0254364014, 19.6980648041, 32.5509910583, 19.3374900818, 18.8832378387, 18.0871315002, 16.8565483093, 12.7346963882, 8.15901279449, 11.2434310913, 12.1984834671, 9.48436546326, 10.8688116074],
        "dvar": [797.453979492, 77.6556167603, 170.472213745, 89.2130279541, 58.2774162292, 79.3655471802, 73.0810699463, 42.4877853394, 15.8093519211, 26.5462779999, 29.5587501526, 18.235326767, 17.6621112823],
        "dvar2": [2489.36450195, 209.496429443, 546.328186035, 211.181610107, 185.322418213, 229.169403076, 199.344573975, 113.561889648, 37.7216491699, 72.7672424316, 72.1959686279, 52.0959625244, 55.6599197388],
        "max": [-688.756835938, 175.722595215, 18.1134567261, 72.7223052979, 18.9528579712, 36.0928764343, 29.237449646, 45.856628418, 4.44480895996, 34.4583778381, 16.3914108276, 28.8224601746, 10.8690681458],
        "mean": [-750.171142578, 144.212478638, -22.5035152435, 40.002243042, -8.18047618866, 5.68014192581, 3.72891998291, 15.4138307571, -7.01663446426, 10.3073320389, 0.039696931839, 12.6538143158, -2.7994799614],
        "median": [-749.272399902, 145.798675537, -23.9979400635, 38.6156272888, -9.36200714111, 6.14263153076, 3.56480407715, 14.8527984619, -7.10238265991, 10.0308418274, 0.00911712646484, 12.7756767273, -2.8173828125],
        "min": [-842.020935059, 109.768867493, -54.4908714294, 3.28807449341, -33.9786605835, -19.7459907532, -19.3812160492, -4.19476318359, -20.9772224426, -10.4227981567, -17.5210666656, -1.90509414673, -16.8527584076],
        "var": [909.627380371, 141.491378784, 262.137420654, 201.828887939, 102.173721313, 95.0274658203, 98.6611251831, 65.8116760254, 29.6344490051, 56.0419692993, 47.876625061, 35.1504707336, 33.4137268066],
        "cov": [[915.242370605, -12.3328676224, -361.912109375, 17.5390110016, -180.717849731, -85.6769256592, -45.5887832642, -18.5396442413, -36.1708908081, -20.9015846252, -45.0589485168, 2.63438463211, -47.0914459229], [-12.3328676224, 142.364776611, 22.1683807373, -114.433990479, -32.6881523132, 7.18493509293, 22.9610424042, 11.601319313, -15.7535324097, 0.564324855804, 42.5668563843, 4.71559858322, -0.67577445507], [-361.912109375, 22.1683807373, 263.755554199, -25.9472255707, 95.7574768066, 28.1983604431, -13.4313182831, 6.39324522018, 8.05023765564, 25.4026145935, 0.0233672820032, -9.06127071381, 13.3515462875], [17.5390110016, -114.433990479, -25.9472255707, 203.074752808, 46.6569023132, -27.0908622742, -52.4383621216, -29.5994434357, 37.8656425476, 16.4969806671, -37.1776771545, -12.183218956, 18.8525714874], [-180.717849731, -32.6881523132, 95.7574768066, 46.6569023132, 102.804420471, 9.84248256683, -11.2636928558, -17.7083721161, 16.7155056, 31.4552135468, -9.13393115997, 0.503634572029, 2.51866483688], [-85.6769256592, 7.18493509293, 28.1983604431, -27.0908622742, 9.84248256683, 95.6140518188, 59.6938972473, 16.3566074371, -9.24913978577, -6.18800449371, 33.1127281189, -6.7149310112, -14.8741016388], [-45.5887832642, 22.9610424042, -13.4313182831, -52.4383621216, -11.2636928558, 59.6938972473, 99.270149231, 43.1290016174, -8.37390422821, -16.7641811371, 29.8317451477, 14.8256034851, -10.1380872726], [-18.5396442413, 11.601319313, 6.39324522018, -29.5994434357, -17.7083721161, 16.3566074371, 43.1290016174, 66.217918396, 5.19946861267, -20.5622558594, 9.42085456848, 9.49554538727, 6.66749048233], [-36.1708908081, -15.7535324097, 8.05023765564, 37.8656425476, 16.7155056, -9.24913978577, -8.37390422821, 5.19946861267, 29.8173770905, 20.0651741028, -2.28169846535, 1.83028388023, 9.25154972076], [-20.9015846252, 0.564324855804, 25.4026145935, 16.4969806671, 31.4552135468, -6.18800449371, -16.7641811371, -20.5622558594, 20.0651741028, 56.3879051208, 8.17880725861, -2.76867985725, -1.76720499992], [-45.0589485168, 42.5668563843, 0.0233672820032, -37.1776771545, -9.13393115997, 33.1127281189, 29.8317451477, 9.42085456848, -2.28169846535, 8.17880725861, 48.1721572876, 9.65827465057, -4.65057086945], [2.63438463211, 4.71559858322, -9.06127071381, -12.183218956, 0.503634572029, -6.7149310112, 14.8256034851, 9.49554538727, 1.83028388023, -2.76867985725, 9.65827465057, 35.3674507141, 8.62749958038], [-47.0914459229, -0.67577445507, 13.3515462875, 18.8525714874, 2.51866483688, -14.8741016388, -10.1380872726, 6.66749048233, 9.25154972076, -1.76720499992, -4.65057086945, 8.62749958038, 33.6199836731]],
        "icov": [[0.00780866434798, -0.00623153476045, 0.00835957191885, -0.00572524406016, 0.0094197653234, -0.00531896064058, 0.00809792336076, -0.00931196846068, 0.0161151774228, -0.0143713708967, 0.0172480065376, -0.0112178903073, 0.0120073044673], [-0.00623153476045, 0.02461004816, -0.0086022047326, 0.0142124509439, -0.00582377193496, 0.0122618470341, -0.00914833974093, 0.011355294846, -0.0153444679454, 0.0134294899181, -0.0306345447898, 0.0170967169106, -0.0156333465129], [0.00835957191885, -0.0086022047326, 0.018221385777, -0.0025661571417, -0.000141651238664, -0.0102406488732, 0.0142206205055, -0.0145751116797, 0.0178133267909, -0.0159612111747, 0.0207016784698, -0.00944404490292, 0.00794400461018], [-0.00572524406016, 0.0142124509439, -0.0025661571417, 0.020928028971, -0.0129398647696, 0.00424239365384, -0.00316475704312, 0.0121638476849, -0.0278791151941, 0.0164753608406, -0.0163612198085, 0.0153950015083, -0.0166464559734], [0.0094197653234, -0.00582377193496, -0.000141651238664, -0.0129398647696, 0.0378693602979, -0.00848563946784, 0.00488946260884, -0.00499547133222, 0.0178899206221, -0.0257096346468, 0.0264542270452, -0.0221567153931, 0.0193342454731], [-0.00531896064058, 0.0122618470341, -0.0102406488732, 0.00424239365384, -0.00848563946784, 0.03555040434, -0.0233843419701, 0.0112063568085, -0.00831974484026, 0.0160392150283, -0.0348183102906, 0.0239859763533, -0.00626501441002], [0.00809792336076, -0.00914833974093, 0.0142206205055, -0.00316475704312, 0.00488946260884, -0.0233843419701, 0.0397345870733, -0.0251939967275, 0.0189887080342, -0.0153559511527, 0.0201862435788, -0.0228767171502, 0.016182905063], [-0.00931196846068, 0.011355294846, -0.0145751116797, 0.0121638476849, -0.00499547133222, 0.0112063568085, -0.0251939967275, 0.0461827032268, -0.0443722754717, 0.0322784483433, -0.0240253712982, 0.0159624107182, -0.0187842939049], [0.0161151774228, -0.0153444679454, 0.0178133267909, -0.0278791151941, 0.0178899206221, -0.00831974484026, 0.0189887080342, -0.0443722754717, 0.11790163815, -0.0632305964828, 0.0364979282022, -0.0271363444626, 0.0165725629777], [-0.0143713708967, 0.0134294899181, -0.0159612111747, 0.0164753608406, -0.0257096346468, 0.0160392150283, -0.0153559511527, 0.0322784483433, -0.0632305964828, 0.0680984258652, -0.0470956638455, 0.0277641881257, -0.0174299646169], [0.0172480065376, -0.0306345447898, 0.0207016784698, -0.0163612198085, 0.0264542270452, -0.0348183102906, 0.0201862435788, -0.0240253712982, 0.0364979282022, -0.0470956638455, 0.0941505432129, -0.0451489016414, 0.0300531797111], [-0.0112178903073, 0.0170967169106, -0.00944404490292, 0.0153950015083, -0.0221567153931, 0.0239859763533, -0.0228767171502, 0.0159624107182, -0.0271363444626, 0.0277641881257, -0.0451489016414, 0.0635187253356, -0.0316625311971], [0.0120073044673, -0.0156333465129, 0.00794400461018, -0.0166464559734, 0.0193342454731, -0.00626501441002, 0.016182905063, -0.0187842939049, 0.0165725629777, -0.0174299646169, 0.0300531797111, -0.0316625311971, 0.0636191293597]]
    }
}

}