{
"metadata": {
    "version": {
        "essentia": "2.0.1",
        "extractor": "archive-music 1.0 mod ismir14"
    },
    "audio_properties": {
        "analysis_sample_rate": 44100,
        "bitrate": 128,
        "channels": 2,
        "equal_loudness": 0,
        "length": 30.0669155121,
        "replay_gain": -8.86243057251,
        "downmix": "mix"
    },
    "tags": {
        "track": 7,
        "year": 0,
        "album": "The Cool Jazz Collection",
        "artist": "Astrud Gilberto",
        "comment": "",
        "genre": "Jazz",
        "title": "Girl From Ipanema"
    }
},
"rhythm": {
    "bpm": 130.002792358,
    "bpm_histogram_first_peak": 129,
    "bpm_histogram_first_peak_spread": 0.490909099579,
    "bpm_histogram_first_peak_weight": 0.444444447756,
    "bpm_histogram_second_peak": 136,
    "bpm_histogram_second_peak_spread": 0.199999988079,
    "bpm_histogram_second_peak_weight": 0.0634920671582
},
"tonal": {
    "tuning_frequency": {
        "dmean": 0.102539367974,
        "dmean2": 0.192612320185,
        "dvar": 1.24045455456,
        "dvar2": 2.54940962791,
        "max": 456.04309082,
        "mean": 437.500244141,
        "median": 434.193115234,
        "min": 433.942382812,
        "var": 26.5881958008
    },
    "hpcp": {
        "dmean": [0.104694925249, 0.127377957106, 0.165420696139, 0.175066813827, 0.154163345695, 0.124349750578, 0.146268084645, 0.15651832521, 0.234597489238, 0.140798658133, 0.120783105493, 0.11169346422],
        "dmean2": [0.201802968979, 0.245324954391, 0.319555729628, 0.333601117134, 0.296795964241, 0.240448698401, 0.279723495245, 0.301877349615, 0.451445072889, 0.273695886135, 0.230866923928, 0.215604230762],
        "dvar": [0.069957152009, 0.0836394354701, 0.109349124134, 0.103618681431, 0.0983838886023, 0.0818544924259, 0.0902451574802, 0.102064482868, 0.137570589781, 0.0992396399379, 0.077565446496, 0.0779985561967],
        "dvar2": [0.197452276945, 0.236165627837, 0.308398663998, 0.286610037088, 0.281501412392, 0.236346542835, 0.256917536259, 0.28881791234, 0.385181576014, 0.281574398279, 0.21794167161, 0.221931889653],
        "max": [1, 1, 1, 1, 1, 1, 1, 1, 1, 1, 1, 1],
        "mean": [0.0660499855876, 0.115201584995, 0.117111176252, 0.200957223773, 0.112858362496, 0.0960303544998, 0.136375039816, 0.11809990555, 0.205678105354, 0.0917496234179, 0.0930035710335, 0.0871841534972],
        "median": [0.000343211606378, 0.00179071165621, 0.000732036598492, 0.00312101654708, 0.00107578036841, 0.00107643485535, 0.00157589872833, 0.00106209691148, 0.00498841656372, 0.000326113688061, 0.00174696627073, 0.000596045516431],
        "min": [0, 0, 0, 0, 0, 0, 0, 0, 0, 0, 0, 0],
        "var": [0.0467082858086, 0.0818740651011, 0.086317665875, 0.131786346436, 0.078886769712, 0.0693508759141, 0.0943843051791, 0.0847096145153, 0.135523989797, 0.0709363296628, 0.0610975772142, 0.0657240450382]
    }
},
"lowlevel": {
    "melbands": {
        "dmean": [0.000788355246186, 0.00345392082818, 0.00357966590673, 0.00184119562618, 0.000993879744783, 0.000366859661881, 0.00012880313443, 0.000119230804557, 4.99370144098e-05, 2.67629984592e-05, 2.71796288871e-05, 2.70650962193e-05, 8.34098864289e-06, 6.14736745774e-06, 7.99044573796e-06, 4.6308337005e-06, 3.71388682652e-06, 1.63437869105e-06, 1.59860314852e-06, 1.58215993906e-06, 1.01950206499e-06, 1.239612061e-06, 1.43953377574e-06, 1.54704650868e-06, 5.76444961098e-07, 3.73406521703e-07, 5.29063299837e-07, 8.31553450098e-07, 6.78235323903e-07, 8.87105954916e-07, 1.41718624036e-06, 2.22435551223e-06, 2.87124612441e-06, 1.66485290265e-06, 6.80529694819e-07, 3.14131966661e-07, 2.01282702506e-07, 7.54613935783e-08, 2.09871089396e-08, 2.95131630246e-09],
        "dmean2": [0.00132782338187, 0.00595756899565, 0.00620743026957, 0.00311439158395, 0.00164249353111, 0.000618355465122, 0.000190913851839, 0.000168805345311, 6.8682442361e-05, 3.51181697624e-05, 3.59410696547e-05, 3.46950218955e-05, 1.17152412713e-05, 9.08603124117e-06, 1.1096635717e-05, 6.8906465458e-06, 5.08067478222e-06, 2.48008132075e-06, 2.22007861339e-06, 2.28668227464e-06, 1.52964628342e-06, 1.8455297095e-06, 2.0687793949e-06, 2.3339089239e-06, 8.39746633119e-07, 5.68874781948e-07, 7.82899462592e-07, 1.32014599785e-06, 1.0303003819e-06, 1.305883643e-06, 2.27506188821e-06, 3.52542906512e-06, 4.64232243758e-06, 2.58689397015e-06, 1.06426261937e-06, 4.5309158736e-07, 2.92545962566e-07, 1.17267020983e-07, 3.08174676888e-08, 4.70013716836e-09],
        "dvar": [2.29388456319e-06, 3.05756620946e-05, 3.76161042368e-05, 9.37119330047e-06, 2.59060811914e-06, 3.9102383198e-07, 1.42654727142e-07, 1.34106088012e-07, 1.81198007709e-08, 9.51118384052e-09, 6.55723830789e-09, 1.70491798457e-08, 6.77094103008e-10, 3.05601682848e-10, 7.43458183905e-10, 5.04320696315e-10, 5.24260967971e-10, 5.00690947036e-11, 7.44913852824e-11, 7.72175309804e-11, 1.7595518792e-11, 1.59892429158e-11, 2.07153547788e-11, 5.19255506648e-11, 5.91072113129e-12, 1.36907954591e-12, 3.55711900907e-12, 1.40516617439e-11, 7.1134725714e-12, 2.41032385023e-11, 6.09094580328e-11, 1.61890084671e-10, 6.4359023666e-10, 1.55126675394e-10, 1.06873182179e-11, 1.08568807156e-12, 4.72503763546e-13, 8.6598737621e-14, 8.49809944772e-15, 3.93545033352e-16],
        "dvar2": [5.96295649302e-06, 9.2341339041e-05, 0.000121391502034, 2.5884808565e-05, 7.03510431777e-06, 1.07324262899e-06, 2.25891497507e-07, 1.9979056276e-07, 2.83159735659e-08, 1.1788654497e-08, 1.12262918961e-08, 1.77543224567e-08, 1.35787348032e-09, 6.15484829769e-10, 1.23589138923e-09, 9.99787030942e-10, 8.15192080506e-10, 1.03010898422e-10, 1.14517423322e-10, 1.59682433942e-10, 3.80719483717e-11, 3.20503970586e-11, 4.01111609205e-11, 1.39163805479e-10, 1.36558056529e-11, 3.2676986117e-12, 7.57831384451e-12, 3.66254873652e-11, 1.64667585123e-11, 5.25383972438e-11, 1.39431757806e-10, 3.73500647077e-10, 1.71896130663e-09, 3.35102001703e-10, 2.92646497313e-11, 2.25257442907e-12, 1.0717413285e-12, 2.18760353257e-13, 1.82337123373e-14, 1.16165370051e-15],
        "max": [0.035600554198, 0.0805858075619, 0.059754319489, 0.0814437642694, 0.0259202122688, 0.0113586392254, 0.00936109572649, 0.00828510522842, 0.00363791757263, 0.00415725354105, 0.0021735006012, 0.00980982370675, 0.000938404118642, 0.000640123267658, 0.00162445241585, 0.000819149310701, 0.00115509680472, 0.000273440062301, 0.000378494296456, 0.000312685122481, 0.000131771856104, 9.10955423024e-05, 9.35038842726e-05, 0.000172069689143, 9.42122860579e-05, 3.04473778669e-05, 6.03433909419e-05, 0.000125062782899, 7.03375771991e-05, 0.000164940604009, 0.000200604830752, 0.000275600788882, 0.000956756004598, 0.000612180621829, 9.03273976292e-05, 2.51347464655e-05, 1.34158590299e-05, 9.7304045994e-06, 3.06441870634e-06, 7.49273851852e-07],
        "mean": [0.00151222210843, 0.00616047903895, 0.00745181599632, 0.00365821225569, 0.00226766755804, 0.000811716425233, 0.000303567387164, 0.000299140403513, 0.00014076588559, 8.6951389676e-05, 8.50323194754e-05, 8.6150081188e-05, 2.24582763622e-05, 1.26511849885e-05, 1.98939105758e-05, 1.19014684969e-05, 8.21938738227e-06, 3.39083726431e-06, 3.28407668349e-06, 3.19922742165e-06, 1.72135946741e-06, 2.61193849838e-06, 3.09717052005e-06, 2.48294918492e-06, 1.063552304e-06, 7.13330166491e-07, 9.79563765213e-07, 1.26949134938e-06, 1.09696793515e-06, 1.38508062264e-06, 2.39023211179e-06, 3.89855131289e-06, 4.16173315898e-06, 2.86941985905e-06, 1.27213991163e-06, 6.9192861929e-07, 4.07095114952e-07, 1.49135146899e-07, 4.71327332718e-08, 4.75672790046e-09],
        "median": [0.000348645146005, 0.00294272857718, 0.00316808652133, 0.00192641431931, 0.000761581817642, 0.000290811207378, 8.81290980033e-05, 5.0586197176e-05, 1.88178000826e-05, 6.8882945925e-06, 7.58481110097e-06, 7.93599338067e-06, 3.29861609316e-06, 3.44069326275e-06, 2.76341802419e-06, 1.06151208001e-06, 7.04047920408e-07, 4.54992232335e-07, 2.42196591671e-07, 2.05667902264e-07, 2.02292852691e-07, 3.44162600641e-07, 3.45611567809e-07, 2.2739557437e-07, 1.38441464514e-07, 1.15439014792e-07, 1.58917302429e-07, 1.69622680346e-07, 9.34547443876e-08, 1.17747305239e-07, 1.23952759168e-07, 8.48668975095e-08, 1.07489157131e-07, 8.16868634956e-08, 7.17373254133e-08, 5.62541444538e-08, 3.74883519783e-08, 1.40081422018e-08, 4.10638456572e-09, 3.71629560458e-10],
        "min": [1.85316324512e-24, 3.81324869734e-24, 1.23139159932e-23, 4.92773134717e-23, 2.97200569252e-23, 5.19284572485e-24, 9.44560117578e-24, 5.61699887865e-24, 3.53409685539e-23, 3.73174406193e-23, 4.13999188661e-23, 2.50241777934e-23, 9.95182031841e-24, 3.04169082498e-23, 1.11525707458e-23, 2.27742691833e-23, 1.75262110837e-23, 3.67499498613e-23, 2.2602240708e-23, 1.55324550759e-23, 3.14898568997e-23, 4.00185855557e-23, 1.63005894497e-23, 1.25731869627e-23, 1.93173181913e-23, 1.93305442332e-23, 1.87132511086e-23, 2.81103326055e-23, 2.65025141738e-23, 9.71110099091e-24, 2.01096816389e-23, 2.2723943013e-23, 2.27389818573e-23, 3.42889657388e-23, 2.84758970599e-23, 1.4786576046e-23, 2.0336434973e-23, 2.55710713931e-23, 3.15417639473e-23, 2.4789662068e-23],
        "var": [1.25197620946e-05, 5.76691054448e-05, 9.06362765818e-05, 3.05492576445e-05, 1.19937485579e-05, 1.72495208517e-06, 7.60134639677e-07, 7.20161665413e-07, 1.39192650295e-07, 9.98172424715e-08, 5.37971267534e-08, 2.57078795585e-07, 5.31951149796e-09, 1.05442299336e-09, 7.17208692436e-09, 2.2824058199e-09, 1.91086746426e-09, 1.15575403414e-10, 2.79101547429e-10, 2.68314120921e-10, 3.53541744491e-11, 4.31539352863e-11, 7.30618343603e-11, 8.23168616604e-11, 1.27128490027e-11, 3.99810263021e-12, 1.10967589284e-11, 3.15254836125e-11, 1.56394862338e-11, 4.9228881388e-11, 1.47625370261e-10, 4.24972890212e-10, 7.69341257367e-10, 4.21455481625e-10, 3.37170846798e-11, 5.06681242102e-12, 1.75118307442e-12, 2.80126670558e-13, 3.88247343075e-14, 6.25427211275e-16]
    },
    "mfcc": {
        "dmean": [16.8880958557, 12.3546390533, 9.41348457336, 8.20903587341, 7.57769441605, 7.65489339828, 7.34275913239, 6.9042634964, 6.78560876846, 6.73767948151, 6.5493106842, 6.39916801453, 5.88216590881],
        "dmean2": [20.7430019379, 16.3997840881, 14.3225698471, 12.5422010422, 12.0259199142, 12.1132221222, 11.7211017609, 11.4211673737, 11.1930608749, 10.9542942047, 10.8013858795, 10.4619951248, 9.74416732788],
        "dvar": [450.798065186, 176.666137695, 88.3379821777, 48.9637756348, 37.01354599, 43.0778503418, 34.6642570496, 32.1011924744, 29.4756793976, 29.7163829803, 25.6438884735, 24.0584659576, 22.5449562073],
        "dvar2": [713.538574219, 252.262573242, 201.670455933, 109.127410889, 93.1881561279, 99.675819397, 83.6031951904, 83.5713806152, 77.2774124146, 74.4131622314, 68.785987854, 65.4241714478, 60.2828903198],
        "max": [-557.578674316, 268.698242188, 128.825561523, 140.80015564, 47.6445350647, 86.3403091431, 39.7340011597, 54.2473869324, 24.6196784973, 41.4716339111, 24.7435455322, 48.0990333557, 24.8102874756],
        "mean": [-749.052612305, 176.480804443, 48.0308799744, 45.6906318665, -5.47956705093, 19.2249164581, -8.99600791931, 11.1015071869, -14.8436460495, -5.04756784439, -11.7059173584, 2.94306993484, -10.6649122238],
        "median": [-740.687683105, 186.495849609, 48.2042541504, 43.8984794617, -4.58218002319, 19.7995014191, -7.92511558533, 10.8141651154, -14.8458461761, -4.08592987061, -11.0726585388, 2.53227615356, -10.4821205139],
        "min": [-1138.42004395, -33.8547286987, -36.4966125488, -30.2982940674, -57.8640594482, -44.3050804138, -66.0032501221, -36.3017425537, -56.9528388977, -54.5708084106, -58.3427047729, -32.4685630798, -44.1307868958],
        "var": [5807.47802734, 2439.63549805, 754.012695312, 619.532470703, 262.346282959, 335.369262695, 258.35559082, 171.583786011, 138.953704834, 232.437545776, 170.122207642, 147.383972168, 109.523735046],
        "cov": [[5809.72070312, -295.454803467, -736.680603027, 70.3293838501, -363.321533203, -45.1706771851, -464.136444092, 235.761291504, -247.066040039, 270.192687988, -120.792182922, 103.296852112, -320.841033936], [-295.454803467, 2440.57739258, -311.748748779, -369.809173584, 170.496612549, -340.8125, 125.670776367, 41.0380020142, -54.3307495117, -235.23399353, 33.6575965881, -35.5346984863, -49.3002510071], [-736.680603027, -311.748748779, 754.303833008, 167.474990845, -55.4214057922, 206.815414429, 39.7608222961, -52.4708976746, 24.7795829773, -87.6312026978, 16.7934646606, -24.426158905, 70.6117858887], [70.3293838501, -369.809173584, 167.474990845, 619.77166748, 131.56817627, -81.9043884277, -79.1884384155, 45.2689781189, -15.0919713974, -85.9418869019, -9.52543258667, -42.2476196289, 45.7298126221], [-363.321533203, 170.496612549, -55.4214057922, 131.56817627, 262.447601318, -36.3994369507, 7.70807170868, 4.12901830673, 21.4684257507, -35.8227424622, -5.61418867111, 12.2344779968, 15.7751054764], [-45.1706771851, -340.8125, 206.815414429, -81.9043884277, -36.3994369507, 335.498748779, 62.2889785767, -18.384349823, 44.0561981201, 62.6146354675, 40.3095092773, 10.9570350647, 24.237575531], [-464.136444092, 125.670776367, 39.7608222961, -79.1884384155, 7.70807170868, 62.2889785767, 258.455322266, 38.1463546753, 28.817527771, 8.48732089996, 33.81508255, 13.4861049652, 30.7131252289], [235.761291504, 41.0380020142, -52.4708976746, 45.2689781189, 4.12901830673, -18.384349823, 38.1463546753, 171.650039673, 32.2949523926, -2.66607451439, 26.7786922455, -13.0133056641, -7.45316123962], [-247.066040039, -54.3307495117, 24.7795829773, -15.0919713974, 21.4684257507, 44.0561981201, 28.817527771, 32.2949523926, 139.007354736, 59.7823944092, 23.2806034088, -18.5722904205, 22.2384662628], [270.192687988, -235.23399353, -87.6312026978, -85.9418869019, -35.8227424622, 62.6146354675, 8.48732089996, -2.66607451439, 59.7823944092, 232.527297974, 18.0172939301, 20.6902370453, -18.3077049255], [-120.792182922, 33.6575965881, 16.7934646606, -9.52543258667, -5.61418867111, 40.3095092773, 33.81508255, 26.7786922455, 23.2806034088, 18.0172939301, 170.187896729, -6.59810018539, 27.5457439423], [103.296852112, -35.5346984863, -24.426158905, -42.2476196289, 12.2344779968, 10.9570350647, 13.4861049652, -13.0133056641, -18.5722904205, 20.6902370453, -6.59810018539, 147.440872192, 5.85419273376], [-320.841033936, -49.3002510071, 70.6117858887, 45.7298126221, 15.7751054764, 24.237575531, 30.7131252289, -7.45316123962, 22.2384662628, -18.3077049255, 27.5457439423, 5.85419273376, 109.56602478]],
        "icov": [[0.000527630792931, -0.000223455863306, 0.00056282809237, -0.000650702510029, 0.00101921614259, -0.000826640287414, 0.000889808696229, -0.000866287737153, 0.000846423092298, -0.000669668079354, 0.00033088834607, -0.000511757098138, 0.000741595169529], [-0.000223455863306, 0.000928161491174, -0.000324062275467, 0.00117374153342, -0.00124198151752, 0.00129208387807, -0.000701773562469, 0.000180715782335, -0.00023584702285, 0.00104328466114, -0.000522324815392, 0.000554223603103, -9.18467776501e-05], [0.00056282809237, -0.000324062275467, 0.00297626201063, -0.00179866899271, 0.00223180744797, -0.00255394657142, 0.000590452458709, 0.000139900817885, -1.94523593677e-07, 0.000538727152161, 0.000458444788819, -0.000603961350862, 0.000429630017607], [-0.000650702510029, 0.00117374153342, -0.00179866899271, 0.00441536493599, -0.00364015693776, 0.0028654562775, -0.000457576097688, -0.000423120276537, -1.27380017148e-05, 0.00135023181792, -0.00070409924956, 0.00164663256146, -0.00175403442699], [0.00101921614259, -0.00124198151752, 0.00223180744797, -0.00364015693776, 0.00788317155093, -0.00278603727929, 0.00135800009593, -0.000472572806757, -0.000368351378711, -0.000715919013601, 0.00108540349174, -0.0022517843172, 0.00137775670737], [-0.000826640287414, 0.00129208387807, -0.00255394657142, 0.0028654562775, -0.00278603727929, 0.00695257307962, -0.00217537581921, 0.00112410006113, -0.00139362365007, 0.000450135208666, -0.00154386961367, 0.00103902898263, -0.00114920246415], [0.000889808696229, -0.000701773562469, 0.000590452458709, -0.000457576097688, 0.00135800009593, -0.00217537581921, 0.00641331262887, -0.00288713164628, 0.0014018798247, -0.001456490485, 0.000368367240299, -0.00121432170272, -0.000163783697644], [-0.000866287737153, 0.000180715782335, 0.000139900817885, -0.000423120276537, -0.000472572806757, 0.00112410006113, -0.00288713164628, 0.00896358769387, -0.00386757589877, 0.00199237908237, -0.00151416321751, 0.000715684320312, 0.000329777452862], [0.000846423092298, -0.00023584702285, -1.94523593677e-07, -1.27380017148e-05, -0.000368351378711, -0.00139362365007, 0.0014018798247, -0.00386757589877, 0.0118322763592, -0.00427125301212, 0.000365384446923, 0.00116429699119, -0.00118618959095], [-0.000669668079354, 0.00104328466114, 0.000538727152161, 0.00135023181792, -0.000715919013601, 0.000450135208666, -0.001456490485, 0.00199237908237, -0.00427125301212, 0.00793902203441, -0.0011820725631, -0.000198881025426, 0.000646313768812], [0.00033088834607, -0.000522324815392, 0.000458444788819, -0.00070409924956, 0.00108540349174, -0.00154386961367, 0.000368367240299, -0.00151416321751, 0.000365384446923, -0.0011820725631, 0.00698163406923, -4.97079745401e-05, -0.00131293525919], [-0.000511757098138, 0.000554223603103, -0.000603961350862, 0.00164663256146, -0.0022517843172, 0.00103902898263, -0.00121432170272, 0.000715684320312, 0.00116429699119, -0.000198881025426, -4.97079745401e-05, 0.00817225780338, -0.001757482416], [0.000741595169529, -9.18467776501e-05, 0.000429630017607, -0.00175403442699, 0.00137775670737, -0.00114920246415, -0.000163783697644, 0.000329777452862, -0.00118618959095, 0.000646313768812, -0.00131293525919, -0.001757482416, 0.0126093337312]]
    }
}

}