{
"metadata": {
    "version": {
        "essentia": "2.0.1",
        "extractor": "archive-music 1.0 mod ismir14"
    },
    "audio_properties": {
        "analysis_sample_rate": 44100,
        "bitrate": 128,
        "channels": 2,
        "equal_loudness": 0,
        "length": 30.0669155121,
        "replay_gain": -12.156419754,
        "downmix": "mix"
    },
    "tags": {
        "track": 6,
        "year": 0,
        "album": "Swing Classics (Jazz & Tzaz 70)",
        "artist": "Benny Carter",
        "comment": "",
        "genre": "Jazz",
        "title": "Babalu"
    }
},
"rhythm": {
    "bpm": 92.6367721558,
    "bpm_histogram_first_peak": 94,
    "bpm_histogram_first_peak_spread": 0.555555582047,
    "bpm_histogram_first_peak_weight": 0.355555564165,
    "bpm_histogram_second_peak": 89,
    "bpm_histogram_second_peak_spread": 0,
    "bpm_histogram_second_peak_weight": 0.177777782083
},
"tonal": {
    "tuning_frequency": {
        "dmean": 0.057657379657,
        "dmean2": 0.111965999007,
        "dvar": 0.516022384167,
        "dvar2": 1.11728382111,
        "max": 456.570251465,
        "mean": 436.936401367,
        "median": 437.465789795,
        "min": 434.193115234,
        "var": 4.89342880249
    },
    "hpcp": {
        "dmean": [0.149641364813, 0.143532127142, 0.152790218592, 0.203133508563, 0.146176159382, 0.126111164689, 0.145379051566, 0.124027326703, 0.194133713841, 0.13630245626, 0.181028902531, 0.183706700802],
        "dmean2": [0.277925729752, 0.261763215065, 0.288409352303, 0.366753518581, 0.270926207304, 0.235651478171, 0.251932471991, 0.231377720833, 0.350453317165, 0.255381196737, 0.326699346304, 0.329886734486],
        "dvar": [0.0686503574252, 0.0602744556963, 0.0810454115272, 0.08632081002, 0.0697926729918, 0.0588910020888, 0.0512986332178, 0.0555004030466, 0.0730548575521, 0.0621650591493, 0.0711051672697, 0.068619504571],
        "dvar2": [0.194223314524, 0.165331542492, 0.233930572867, 0.234560772777, 0.18818923831, 0.168687716126, 0.135575860739, 0.150176033378, 0.194398969412, 0.177437797189, 0.189747214317, 0.178701683879],
        "max": [1, 1, 1, 1, 1, 1, 1, 1, 1, 1, 1, 1],
        "mean": [0.113666243851, 0.151236504316, 0.108551293612, 0.401917517185, 0.16776125133, 0.102908723056, 0.235015332699, 0.100580379367, 0.287486642599, 0.0998674407601, 0.19551435113, 0.227154195309],
        "median": [0.0126189393923, 0.0206030178815, 0.00381884188391, 0.193044394255, 0.0123364757746, 0.0116926794872, 0.0613384284079, 0.0081097073853, 0.102195054293, 0.00829828158021, 0.0637255907059, 0.0593408085406],
        "min": [0, 0, 0, 0, 0, 0, 0, 0, 0, 0, 0, 0],
        "var": [0.0561044104397, 0.0687165036798, 0.0644317790866, 0.175964444876, 0.0984888225794, 0.0499945320189, 0.111722759902, 0.050161883235, 0.128648072481, 0.0472697354853, 0.0809083208442, 0.102760396898]
    }
},
"lowlevel": {
    "melbands": {
        "dmean": [2.85175192403e-05, 0.000126887214719, 0.000141257594805, 0.000269791606115, 0.000320286111673, 0.000351005932316, 0.000271012628218, 0.000359800586011, 0.000259158143308, 0.000159938514116, 0.000119961448945, 0.000102601268736, 9.55092255026e-05, 8.07936448837e-05, 0.000146801205119, 0.00013241256238, 7.37448644941e-05, 3.78729746444e-05, 3.93400878238e-05, 4.44758734375e-05, 1.48911312863e-05, 2.25047933782e-05, 1.04574864963e-05, 6.91361719873e-06, 9.00206850929e-06, 3.07955792778e-06, 1.82997121101e-06, 2.22925245907e-06, 1.78514721938e-06, 1.67348991909e-06, 8.03740022093e-07, 3.90253745763e-07, 2.59213663867e-07, 9.86701635952e-08, 4.13490646167e-08, 3.36210632668e-08, 7.29904670038e-09, 7.53969719991e-10, 7.87953244319e-11, 2.28108816558e-11],
        "dmean2": [4.39480500063e-05, 0.000205626958632, 0.000247934076469, 0.00049110094551, 0.000585380301345, 0.000596887432039, 0.000420741649577, 0.000502455746755, 0.000354022020474, 0.00021537412249, 0.000187166166143, 0.000160035546287, 0.000146660036989, 0.000127722480102, 0.000225773066632, 0.000213690713281, 0.000111908455438, 5.37766463822e-05, 5.8839799749e-05, 6.66963169351e-05, 2.29156757996e-05, 3.5832348658e-05, 1.68742444657e-05, 1.05304407043e-05, 1.33253706736e-05, 4.6764189392e-06, 2.88567844109e-06, 3.43044780493e-06, 2.73423529507e-06, 2.38090274252e-06, 1.15383875254e-06, 5.69987150811e-07, 3.70646091596e-07, 1.43554387932e-07, 6.01112262189e-08, 4.91794942548e-08, 1.08663789078e-08, 1.12474818348e-09, 1.21189822067e-10, 4.17976243894e-11],
        "dvar": [1.39930211862e-09, 2.69939466335e-08, 5.85557557997e-08, 1.83712927537e-07, 2.29134272445e-07, 2.78767259942e-07, 1.48343175965e-07, 5.35516278433e-07, 2.17377788658e-07, 8.03501691848e-08, 8.57390958231e-08, 7.21641129076e-08, 5.59767840969e-08, 3.38430083957e-08, 9.13505999733e-08, 1.28073111227e-07, 3.9709487254e-08, 8.13259770638e-09, 1.21932464126e-08, 1.25287034081e-08, 7.21215143162e-10, 4.39588543344e-09, 5.61690971512e-10, 1.98490723857e-10, 4.8356507687e-10, 6.42460043498e-11, 2.01623214652e-11, 5.19597559423e-11, 2.02794985665e-11, 1.60021527279e-11, 4.29570354982e-12, 1.26048629e-12, 6.68798241614e-13, 1.02672034828e-13, 1.37920900964e-14, 9.20324760004e-15, 3.04447093468e-16, 4.61681553115e-18, 5.35036705318e-20, 2.38310189216e-21],
        "dvar2": [2.90294144278e-09, 7.0258948881e-08, 1.72319175817e-07, 5.54412054043e-07, 7.2454383826e-07, 7.9727612956e-07, 3.64703765854e-07, 1.1498702861e-06, 4.58268175407e-07, 1.54768457605e-07, 2.28718519679e-07, 1.97072012043e-07, 1.4628773215e-07, 9.41377820141e-08, 2.14300570178e-07, 3.29192545223e-07, 1.020203797e-07, 1.59593884774e-08, 2.75756235624e-08, 2.78934635389e-08, 1.65151869957e-09, 1.18115490721e-08, 1.55728130391e-09, 4.54425747032e-10, 1.04301822734e-09, 1.44210379749e-10, 4.72778621807e-11, 1.21891829963e-10, 4.64484457841e-11, 3.44956702092e-11, 9.20346091005e-12, 2.6373358792e-12, 1.44636559674e-12, 2.02029094409e-13, 2.83130774549e-14, 1.98886554741e-14, 6.82720043371e-16, 1.00817203192e-17, 1.17862845832e-19, 7.14478708121e-21],
        "max": [0.000488567515276, 0.00243707397021, 0.00596295436844, 0.00969271082431, 0.00643494259566, 0.00831820163876, 0.00636351294816, 0.0179778318852, 0.00843651406467, 0.00558257568628, 0.00657656043768, 0.00558968260884, 0.00500694103539, 0.0037217317149, 0.00529014319181, 0.00568608753383, 0.00454978644848, 0.00239589391276, 0.00189771666192, 0.00247559836134, 0.000556378276087, 0.00152767274994, 0.000481878290884, 0.000296999001876, 0.000414970330894, 0.000189737911569, 9.38652665354e-05, 0.000149931947817, 7.64465294196e-05, 7.57379893912e-05, 4.89988233312e-05, 3.0493891245e-05, 2.04858952202e-05, 7.18595902072e-06, 2.44870011556e-06, 2.24591576625e-06, 2.62712376298e-07, 4.54060185007e-08, 4.09278388958e-09, 7.82838238678e-10],
        "mean": [4.03842132073e-05, 0.00018018760602, 0.00017961897538, 0.000331814400852, 0.000424174475484, 0.000575668003876, 0.000620894890744, 0.00125662598293, 0.000792769482359, 0.000443099444965, 0.000302418484353, 0.000249678560067, 0.000194786523934, 0.000148848179379, 0.000300792889902, 0.000243876624154, 0.000179951646714, 9.37907898333e-05, 7.38544622436e-05, 9.9289121863e-05, 3.13991076837e-05, 4.07378211094e-05, 2.20841375267e-05, 1.70373168658e-05, 2.42657006311e-05, 8.01275018603e-06, 4.08602363677e-06, 4.47086040367e-06, 4.65736729893e-06, 4.98224881085e-06, 2.3082629923e-06, 1.10291944111e-06, 7.03581577e-07, 2.80095804328e-07, 1.16989212984e-07, 9.54385797058e-08, 2.05725090296e-08, 1.6616834575e-09, 1.39272218758e-10, 2.24592029002e-11],
        "median": [2.0318040697e-05, 0.000104153907159, 9.83599747997e-05, 0.000165786361322, 0.000239410146605, 0.000290571566438, 0.00023722925107, 0.000260584318312, 0.00020061453688, 0.000105134691694, 7.02822726453e-05, 4.48858372692e-05, 4.8070352932e-05, 5.46244518773e-05, 6.23235100647e-05, 5.08856646775e-05, 2.48836204264e-05, 2.12933464354e-05, 1.08284384623e-05, 1.97089157155e-05, 9.84535654425e-06, 9.71981626208e-06, 7.32086300559e-06, 5.68808809476e-06, 4.03136982641e-06, 2.05729429581e-06, 1.07806965843e-06, 5.81837412028e-07, 1.04264790934e-06, 8.31959027892e-07, 3.11796554797e-07, 1.62590680475e-07, 5.92853801606e-08, 2.01834016167e-08, 1.04640713872e-08, 8.04801825183e-09, 2.70295563709e-09, 1.97948407665e-10, 1.75529590862e-11, 5.15180476404e-12],
        "min": [4.82859488166e-23, 5.68562094216e-23, 2.43190860277e-23, 2.18661198875e-23, 9.66066359121e-24, 6.75195041793e-24, 1.14647435164e-23, 1.83664804764e-23, 2.01181540051e-23, 9.72455974681e-24, 1.45166357328e-23, 8.92495455606e-24, 2.94212711241e-23, 2.13318101969e-23, 2.38687710908e-23, 1.40800390871e-23, 3.09343789156e-23, 2.10035194203e-23, 5.93786213539e-24, 4.22179502699e-24, 1.25213359242e-23, 1.84115938539e-23, 1.20308632341e-23, 1.88564167411e-23, 3.81944425312e-23, 1.35529648287e-23, 1.0862670674e-23, 3.38563354857e-23, 4.12890428881e-23, 3.03925924013e-23, 2.07465132705e-23, 2.07535073113e-23, 1.72677802512e-23, 1.52002184171e-23, 2.81574149798e-23, 1.49637699825e-23, 1.38428380792e-23, 2.20087948485e-23, 1.53851810558e-23, 1.92213879721e-23],
        "var": [2.82768630733e-09, 4.9085052467e-08, 6.55281411355e-08, 2.23104905217e-07, 3.01829771843e-07, 5.80448045184e-07, 7.60849559356e-07, 5.09279379912e-06, 1.73215937593e-06, 5.14239161475e-07, 2.79762900846e-07, 2.0423529179e-07, 1.46813832202e-07, 7.70986616772e-08, 3.26813733409e-07, 3.30531634063e-07, 1.58860032684e-07, 4.66893972373e-08, 3.05219458596e-08, 5.54395995778e-08, 2.74465450367e-09, 8.54692405738e-09, 1.47497258851e-09, 8.42559522152e-10, 2.29116881023e-09, 3.47991441219e-10, 6.82701395416e-11, 1.5569173728e-10, 8.35286770307e-11, 8.76909933556e-11, 2.42213853141e-11, 7.45695085541e-12, 4.1759208938e-12, 6.82206515671e-13, 8.97047735572e-14, 5.64918188725e-14, 1.71127305119e-15, 1.80522209435e-17, 1.5283909236e-19, 2.25075117661e-21]
    },
    "mfcc": {
        "dmean": [15.9534854889, 9.59340572357, 9.72040557861, 8.12596797943, 7.70400190353, 6.93401384354, 6.77611541748, 6.78356361389, 6.68436670303, 6.50827026367, 6.26734161377, 6.10818147659, 5.98657178879],
        "dmean2": [17.8260269165, 14.4404191971, 14.0143089294, 12.7320241928, 11.5656013489, 10.8909225464, 10.7059335709, 11.0661554337, 11.0408592224, 10.7911214828, 10.3819074631, 10.096124649, 9.91196250916],
        "dvar": [491.224334717, 87.4383926392, 100.043113708, 44.2004852295, 42.0736579895, 30.0152320862, 29.6407756805, 29.1372737885, 28.2343387604, 26.1201095581, 23.4927787781, 21.0653343201, 21.8086624146],
        "dvar2": [467.807739258, 156.565979004, 155.131484985, 105.117828369, 83.9864120483, 75.8116149902, 75.278137207, 77.0705184937, 77.4013519287, 69.4990921021, 65.1812744141, 58.3709144592, 59.3093910217],
        "max": [-536.129577637, 255.553131104, 81.4400634766, 88.3145370483, 47.3520088196, 59.5158424377, 28.3356552124, 29.5548610687, 29.232624054, 29.2561969757, 31.7627220154, 40.3479499817, 35.3097801208],
        "mean": [-714.77923584, 187.530258179, -52.7898597717, 24.3810863495, -23.8340473175, 2.80760598183, -15.5026626587, -6.55851078033, -6.31280088425, -4.36371898651, 0.144604846835, 3.77759027481, -6.06273317337],
        "median": [-676.672424316, 194.419708252, -68.1841888428, 23.1686820984, -26.0403442383, 1.65452575684, -15.5997238159, -6.48484802246, -6.57820892334, -4.17948150635, 0.375713348389, 2.34041976929, -6.02546310425],
        "min": [-1138.42004395, 1.14440917969e-05, -138.13760376, -37.7897720337, -82.1753845215, -39.9720726013, -66.1130065918, -37.8600234985, -36.3010864258, -39.4847412109, -33.8513870239, -26.2370223999, -32.1805419922],
        "var": [12594.9316406, 1017.53973389, 1868.84619141, 371.47164917, 575.887023926, 191.301315308, 225.476531982, 106.058509827, 107.802574158, 104.93724823, 83.4596405029, 123.013366699, 66.7265319824],
        "cov": [[12599.7949219, -156.201705933, -4499.45996094, 476.291900635, -2199.95410156, 245.195724487, -1201.3581543, 149.554855347, -457.998779297, 23.7826461792, -122.737304688, 424.312652588, -236.452438354], [-156.201705933, 1017.93261719, 142.500396729, -310.997283936, 70.7233200073, -251.851165771, 104.483085632, -98.4087219238, 75.9672393799, -134.401779175, 23.7334060669, 0.810997664928, 18.2746105194], [-4499.45996094, 142.500396729, 1869.56774902, -104.950950623, 803.150268555, -30.9198513031, 420.379241943, -12.2900381088, 161.143234253, 17.2426300049, 32.5090866089, -159.702178955, 78.6068878174], [476.291900635, -310.997283936, -104.950950623, 371.615081787, 22.9648399353, 124.828536987, -49.9387207031, 14.6642313004, -39.8948326111, 22.6444511414, -20.4370346069, -42.8931465149, -17.7426643372], [-2199.95410156, 70.7233200073, 803.150268555, 22.9648399353, 576.109375, 13.8308486938, 231.730606079, -16.8671360016, 50.9853897095, -1.35597133636, 13.1267280579, -113.215927124, 32.5721664429], [245.195724487, -251.851165771, -30.9198513031, 124.828536987, 13.8308486938, 191.375183105, 3.05577993393, 60.2678985596, -25.5459003448, 47.6647148132, -4.07331037521, -12.4442424774, -6.23802757263], [-1201.3581543, 104.483085632, 420.379241943, -49.9387207031, 231.730606079, 3.05577993393, 225.563583374, 12.2809858322, 60.187210083, -13.818397522, 10.5778455734, -40.9430770874, 24.9373378754], [149.554855347, -98.4087219238, -12.2900381088, 14.6642313004, -16.8671360016, 60.2678985596, 12.2809858322, 106.099456787, 13.509021759, 39.5139427185, 3.31483197212, 15.0949335098, 3.5640835762], [-457.998779297, 75.9672393799, 161.143234253, -39.8948326111, 50.9853897095, -25.5459003448, 60.187210083, 13.509021759, 107.844200134, 18.6742706299, 28.1802215576, 7.83270263672, 16.7182846069], [23.7826461792, -134.401779175, 17.2426300049, 22.6444511414, -1.35597133636, 47.6647148132, -13.818397522, 39.5139427185, 18.6742706299, 104.977760315, 32.0220718384, 17.4433479309, 1.72950589657], [-122.737304688, 23.7334060669, 32.5090866089, -20.4370346069, 13.1267280579, -4.07331037521, 10.5778455734, 3.31483197212, 28.1802215576, 32.0220718384, 83.4918670654, 38.2905502319, 12.4447250366], [424.312652588, 0.810997664928, -159.702178955, -42.8931465149, -113.215927124, -12.4442424774, -40.9430770874, 15.0949335098, 7.83270263672, 17.4433479309, 38.2905502319, 123.06085968, 9.64599704742], [-236.452438354, 18.2746105194, 78.6068878174, -17.7426643372, 32.5721664429, -6.23802757263, 24.9373378754, 3.5640835762, 16.7182846069, 1.72950589657, 12.4447250366, 9.64599704742, 66.7522964478]],
        "icov": [[0.0208390168846, -0.0278017520905, 0.0287893544883, -0.0260460171849, 0.027592997998, -0.02822134085, 0.0260284934193, -0.0247998032719, 0.0226513352245, -0.0209355708212, 0.018338792026, -0.0140848318115, 0.00958755146712], [-0.0278017520905, 0.0391499698162, -0.0381078161299, 0.0358236022294, -0.0371775813401, 0.0390409342945, -0.0352029204369, 0.0334753170609, -0.0311446320266, 0.0298033878207, -0.0253458898515, 0.0191976036876, -0.0126687204465], [0.0287893544883, -0.0381078161299, 0.0414835065603, -0.0354336425662, 0.0362576618791, -0.0386284515262, 0.0350587777793, -0.034064039588, 0.0302380397916, -0.0292431022972, 0.0254480205476, -0.0189322866499, 0.0127380806953], [-0.0260460171849, 0.0358236022294, -0.0354336425662, 0.0371514931321, -0.0356511473656, 0.0333397835493, -0.0313604287803, 0.031729593873, -0.0290836133063, 0.0271946098655, -0.0231685601175, 0.0189098753035, -0.0117677878588], [0.027592997998, -0.0371775813401, 0.0362576618791, -0.0356511473656, 0.0423128306866, -0.037565048784, 0.0318749174476, -0.0320980735123, 0.0315021574497, -0.0283051487058, 0.0231000091881, -0.0167457330972, 0.0123517774045], [-0.02822134085, 0.0390409342945, -0.0386284515262, 0.0333397835493, -0.037565048784, 0.0486498810351, -0.0373322442174, 0.0297606959939, -0.0283393207937, 0.0265325065702, -0.0253180228174, 0.0197523590177, -0.012794630602], [0.0260284934193, -0.0352029204369, 0.0350587777793, -0.0313604287803, 0.0318749174476, -0.0373322442174, 0.0430382117629, -0.0328182727098, 0.0251278243959, -0.0232677403837, 0.0226286295801, -0.0172915253788, 0.0114373611286], [-0.0247998032719, 0.0334753170609, -0.034064039588, 0.031729593873, -0.0320980735123, 0.0297606959939, -0.0328182727098, 0.0434429273009, -0.029004054144, 0.0214492864907, -0.0196574237198, 0.0152288284153, -0.011907203123], [0.0226513352245, -0.0311446320266, 0.0302380397916, -0.0290836133063, 0.0315021574497, -0.0283393207937, 0.0251278243959, -0.029004054144, 0.0390827916563, -0.0260279290378, 0.0174909550697, -0.0157404933125, 0.0094654140994], [-0.0209355708212, 0.0298033878207, -0.0292431022972, 0.0271946098655, -0.0283051487058, 0.0265325065702, -0.0232677403837, 0.0214492864907, -0.0260279290378, 0.0376077853143, -0.0242732949555, 0.014357663691, -0.00882005505264], [0.018338792026, -0.0253458898515, 0.0254480205476, -0.0231685601175, 0.0231000091881, -0.0253180228174, 0.0226286295801, -0.0196574237198, 0.0174909550697, -0.0242732949555, 0.0343844145536, -0.0184218306094, 0.00723184645176], [-0.0140848318115, 0.0191976036876, -0.0189322866499, 0.0189098753035, -0.0167457330972, 0.0197523590177, -0.0172915253788, 0.0152288284153, -0.0157404933125, 0.014357663691, -0.0184218306094, 0.0229186099023, -0.00847026053816], [0.00958755146712, -0.0126687204465, 0.0127380806953, -0.0117677878588, 0.0123517774045, -0.012794630602, 0.0114373611286, -0.011907203123, 0.0094654140994, -0.00882005505264, 0.00723184645176, -0.00847026053816, 0.0211561433971]]
    }
}

}