{
"metadata": {
    "version": {
        "essentia": "2.0.1",
        "extractor": "archive-music 1.0 mod ismir14"
    },
    "audio_properties": {
        "analysis_sample_rate": 44100,
        "bitrate": 32,
        "channels": 2,
        "equal_loudness": 0,
        "length": 30.0408172607,
        "replay_gain": -13.0509872437,
        "downmix": "mix"
    },
    "tags": {
        "track": 0,
        "year": 0,
        "album": "",
        "artist": "",
        "comment": "",
        "genre": "",
        "title": ""
    }
},
"rhythm": {
    "bpm": 172.265625,
    "bpm_histogram_first_peak": 172,
    "bpm_histogram_first_peak_spread": 0,
    "bpm_histogram_first_peak_weight": 0.441860467196,
    "bpm_histogram_second_peak": 178,
    "bpm_histogram_second_peak_spread": 0,
    "bpm_histogram_second_peak_weight": 0.430232554674
},
"tonal": {
    "tuning_frequency": {
        "dmean": 0.096579067409,
        "dmean2": 0.183161512017,
        "dvar": 1.33715975285,
        "dvar2": 2.70077300072,
        "max": 456.570251465,
        "mean": 449.923583984,
        "median": 451.586883545,
        "min": 433.441375732,
        "var": 27.2918510437
    },
    "hpcp": {
        "dmean": [0.149597585201, 0.16981112957, 0.179724991322, 0.16867248714, 0.121269732714, 0.209499418736, 0.297569036484, 0.2651732862, 0.212560966611, 0.257763922215, 0.286537796259, 0.200566574931],
        "dmean2": [0.272411048412, 0.317570209503, 0.331137686968, 0.311043202877, 0.225620120764, 0.384391546249, 0.551075100899, 0.488630324602, 0.395387232304, 0.478101909161, 0.529716551304, 0.376830428839],
        "dvar": [0.059280756861, 0.0882815420628, 0.0832010880113, 0.0792561247945, 0.0548840127885, 0.0854119285941, 0.115755110979, 0.10640540719, 0.0962505042553, 0.104247748852, 0.10790104419, 0.0899098291993],
        "dvar2": [0.163122147322, 0.231980443001, 0.228004693985, 0.220375746489, 0.150783076882, 0.232426285744, 0.332633733749, 0.286015540361, 0.261924803257, 0.290532261133, 0.311438798904, 0.251392632723],
        "max": [1, 1, 1, 1, 1, 1, 1, 1, 1, 1, 1, 1],
        "mean": [0.131972655654, 0.141319051385, 0.149070948362, 0.145831525326, 0.0909215807915, 0.217018485069, 0.279067754745, 0.254734307528, 0.178414449096, 0.213821917772, 0.276268005371, 0.155831471086],
        "median": [0.0340469069779, 0.0123436348513, 0.0229699406773, 0.022666733712, 0.0152224628255, 0.050398286432, 0.0870667994022, 0.0631735250354, 0.0302327293903, 0.0514841862023, 0.098252274096, 0.026598488912],
        "min": [0, 0, 0, 0, 0, 0, 0, 0, 0, 0, 0, 0],
        "var": [0.0558189861476, 0.0805457010865, 0.0758491456509, 0.0762179121375, 0.0414551347494, 0.105525314808, 0.129854470491, 0.123424828053, 0.0892456695437, 0.101374395192, 0.120193973184, 0.0777058973908]
    }
},
"lowlevel": {
    "melbands": {
        "dmean": [0.000206669035833, 0.000793165934738, 0.000938499462791, 0.000479275884572, 0.000281144632027, 0.000440233910922, 0.00054393929895, 0.000382796744816, 0.000411003187764, 0.000253311241977, 0.000123906822409, 7.90755075286e-05, 6.19654820184e-05, 4.39588657173e-05, 6.21263025096e-05, 4.06396502513e-05, 4.18663039454e-05, 3.53993527824e-05, 2.83444787783e-05, 2.33756418311e-05, 2.10422040254e-05, 2.01834973268e-05, 2.47542120633e-05, 2.54728784057e-05, 1.90224163816e-05, 1.56049263751e-05, 1.09083466668e-05, 7.37977688914e-06, 4.25006510341e-06, 3.29829822476e-06, 2.4729231427e-06, 1.50622520323e-06, 7.74231864398e-07, 6.28206294095e-07, 5.72771966745e-07, 5.08969435487e-07, 5.06215087626e-07, 3.67788970834e-07, 2.00887924962e-07, 1.02603600283e-07],
        "dmean2": [0.000354069168679, 0.00135808018968, 0.00162445649039, 0.000822912377771, 0.00047601928236, 0.000742852222174, 0.00096701196162, 0.000614955963101, 0.00068708678009, 0.000423758057877, 0.000190197679331, 0.000114820963063, 9.54923962126e-05, 6.8702021963e-05, 9.27549772314e-05, 6.42337108729e-05, 6.7236556788e-05, 5.84906738368e-05, 4.66814599349e-05, 3.91772737203e-05, 3.43859137502e-05, 3.21454645018e-05, 3.99518175982e-05, 3.99805394409e-05, 2.91287233267e-05, 2.49658187386e-05, 1.63876757142e-05, 1.14443646453e-05, 6.92996218277e-06, 5.20613593835e-06, 3.83827546102e-06, 2.44189823206e-06, 1.27799773963e-06, 1.05141327822e-06, 9.32851207835e-07, 8.26876316751e-07, 8.18547675863e-07, 6.01906663178e-07, 3.2737506217e-07, 1.65481225167e-07],
        "dvar": [7.91446481685e-08, 1.1710178569e-06, 1.45252272432e-06, 5.16329293987e-07, 1.84538208714e-07, 3.14280356406e-07, 8.48236311413e-07, 8.74361830938e-07, 5.1508834531e-07, 2.40531221607e-07, 6.57733494336e-08, 4.87466067511e-08, 4.04706881341e-08, 1.59036339653e-08, 6.91709018952e-08, 1.1255293586e-08, 1.78310024523e-08, 9.38473299072e-09, 6.58262377939e-09, 7.69380115173e-09, 3.3157485646e-09, 2.92296387094e-09, 3.72847974717e-09, 3.95186194879e-09, 2.23312657255e-09, 1.01785690987e-09, 8.51894832454e-10, 4.68542149523e-10, 7.36829278147e-11, 4.80062482822e-11, 3.41939462856e-11, 1.01946662917e-11, 2.42164968633e-12, 1.13013114492e-12, 1.27436331886e-12, 8.87657785817e-13, 8.52369715608e-13, 8.53782810509e-13, 2.67967180563e-13, 4.29152258164e-14],
        "dvar2": [2.25565941037e-07, 3.09219763039e-06, 4.00419821744e-06, 1.48062576955e-06, 5.00052124153e-07, 8.42862675654e-07, 2.41363454734e-06, 2.11652672988e-06, 1.46036541082e-06, 6.75782473536e-07, 1.57209029794e-07, 9.03906496319e-08, 8.97828158486e-08, 3.65160133242e-08, 1.78586859079e-07, 2.77400911131e-08, 4.28674127306e-08, 2.43779094689e-08, 1.7626129889e-08, 2.09995718592e-08, 8.87989592968e-09, 7.92507215408e-09, 1.01083719173e-08, 1.00277359749e-08, 5.13247933043e-09, 2.49351517212e-09, 1.60924351622e-09, 9.88914505839e-10, 1.85810325459e-10, 9.7664702714e-11, 7.35695532272e-11, 2.18259056661e-11, 6.00478911386e-12, 3.0239274626e-12, 3.51567928415e-12, 2.36801095226e-12, 2.26496599254e-12, 2.34468932984e-12, 7.5388133236e-13, 1.10369097759e-13],
        "max": [0.00394292455167, 0.0150247365236, 0.0132448989898, 0.0098057538271, 0.00660464214161, 0.00591083755717, 0.00993057154119, 0.0121988439932, 0.0162983369082, 0.0121048390865, 0.00484375143424, 0.00587928667665, 0.00602952810004, 0.00360814481974, 0.00994414184242, 0.00294835097156, 0.00380667881109, 0.00158955517691, 0.00129429425579, 0.00199737050571, 0.00110859575216, 0.00133583811112, 0.0012280412484, 0.00124857889023, 0.000880912411958, 0.000676472380292, 0.000692758418154, 0.000668990542181, 0.000144780526171, 0.000250114389928, 0.000192606690689, 9.99280018732e-05, 2.93920693366e-05, 2.01410221052e-05, 2.08857782127e-05, 1.91587623704e-05, 1.72515319719e-05, 2.2519237973e-05, 9.61336809269e-06, 5.42027737538e-06],
        "mean": [0.000253145612078, 0.0010571226012, 0.00124722521286, 0.000710762920789, 0.000373536953703, 0.000646725471597, 0.0006475757109, 0.000497412635013, 0.000754239503294, 0.000433680397691, 0.000274606107268, 0.000154267021571, 0.00010852941341, 7.74446089054e-05, 0.000118253439723, 7.25778882043e-05, 7.42701304262e-05, 6.14502714598e-05, 4.32609122072e-05, 3.83879523724e-05, 3.59952209692e-05, 3.66940184904e-05, 5.55193109903e-05, 6.1383972934e-05, 3.91735047742e-05, 3.3480093407e-05, 2.73637688224e-05, 1.56837613758e-05, 8.30242424854e-06, 6.86716111886e-06, 5.5547861848e-06, 3.42539533449e-06, 1.69189888766e-06, 1.33915068545e-06, 1.30115301999e-06, 1.07909750113e-06, 9.94014612843e-07, 7.09374546659e-07, 3.90506272652e-07, 2.04912751656e-07],
        "median": [0.000124767946545, 0.000549774733372, 0.000705768121406, 0.000375105941202, 0.000200292095542, 0.000371545000235, 0.000282703229459, 0.000158762180945, 0.000268713396508, 0.000151438827743, 0.000118677227874, 4.87583820359e-05, 2.17067045014e-05, 2.19570720219e-05, 4.01753022743e-05, 1.94957301574e-05, 1.70121948031e-05, 1.3071070498e-05, 1.11760882646e-05, 7.5984949035e-06, 7.64055221225e-06, 7.36782521926e-06, 6.4838382059e-06, 5.61912111152e-06, 7.92197624833e-06, 8.65968013386e-06, 3.26939994011e-06, 3.6825240386e-06, 3.84930854125e-06, 2.38181564782e-06, 1.41962141242e-06, 1.26265172185e-06, 7.88030547483e-07, 7.39031690955e-07, 6.77286607242e-07, 5.65191157875e-07, 5.90267859479e-07, 3.88935063711e-07, 2.04667060189e-07, 1.21560304933e-07],
        "min": [2.68444121099e-11, 2.29577745703e-11, 2.04769950995e-11, 1.73526592401e-11, 1.17550231701e-11, 4.21018428454e-12, 4.47696594423e-13, 2.050638305e-12, 9.25581486455e-12, 1.37133759209e-11, 7.58000780199e-12, 2.73670149042e-12, 1.27079141481e-12, 2.05582512819e-12, 9.82268780203e-12, 8.64296568343e-12, 6.71339069405e-12, 2.61621128407e-12, 1.07513498972e-12, 4.40514405552e-13, 6.66000620538e-13, 4.31718761218e-13, 5.24496407677e-13, 8.79380444331e-13, 1.81545934969e-12, 6.81964738587e-13, 5.36943102827e-13, 9.43166985484e-13, 3.82315143085e-12, 7.3349437418e-13, 1.40763258254e-12, 4.2198466943e-12, 2.77586417394e-12, 4.42352724546e-13, 5.24530180575e-13, 1.18114925392e-12, 9.39322404581e-13, 2.19908488121e-12, 8.5119275994e-13, 5.57550967201e-14],
        "var": [1.43178169765e-07, 2.0635823148e-06, 2.37403833125e-06, 1.05693641217e-06, 2.5808910209e-07, 5.82916129588e-07, 9.62435251495e-07, 1.0963007071e-06, 2.55932468463e-06, 1.00662305158e-06, 2.18533003249e-07, 1.98792449169e-07, 1.46963856196e-07, 4.2671036482e-08, 1.16730269895e-07, 3.67488688369e-08, 5.26675627555e-08, 2.47732945269e-08, 9.97634419519e-09, 1.44445015948e-08, 6.96092872232e-09, 6.2940270773e-09, 1.45451073408e-08, 2.01344434458e-08, 7.59240670334e-09, 4.53126425271e-09, 4.8967705446e-09, 1.96277838427e-09, 1.9614630753e-10, 2.68200545106e-10, 1.70707809e-10, 4.36421870864e-11, 7.99401950885e-12, 3.68656017172e-12, 3.82862708551e-12, 2.00443242733e-12, 1.47497476472e-12, 1.04777449737e-12, 3.4439177855e-13, 7.9073913758e-14]
    },
    "mfcc": {
        "dmean": [13.1290025711, 9.95659446716, 9.96640110016, 8.05787563324, 8.38636207581, 7.73969697952, 7.82059621811, 7.51138162613, 7.04217195511, 7.13051605225, 6.85861968994, 6.69086885452, 6.92209148407],
        "dmean2": [17.8950042725, 16.1020755768, 15.6520338058, 13.2313175201, 13.7084035873, 12.9696722031, 12.8453645706, 12.3812589645, 11.4647216797, 11.7291526794, 11.3645906448, 11.2347955704, 11.5834388733],
        "dvar": [298.458892822, 66.8574829102, 71.9304580688, 40.8822937012, 45.7325820923, 36.7290534973, 35.7907676697, 34.1549568176, 29.4554309845, 29.5956306458, 27.82097435, 26.4013786316, 28.8927116394],
        "dvar2": [485.877960205, 162.010421753, 181.805404663, 106.168533325, 120.615242004, 100.609184265, 98.015411377, 93.11693573, 80.174911499, 80.3849639893, 75.4213256836, 73.8906555176, 79.2895355225],
        "max": [-496.078796387, 186.577041626, 67.1844482422, 83.5187911987, 40.6895980835, 32.2218208313, 48.0051727295, 44.8994598389, 24.0737094879, 42.2010993958, 36.0509414673, 31.1078720093, 22.2818565369],
        "mean": [-618.6015625, 121.04964447, -3.29609298706, 23.6658992767, -10.011256218, -5.86102294922, -3.99913311005, -0.407001197338, -6.21289968491, 5.41139364243, -0.109366834164, 1.24185240269, -9.0765171051],
        "median": [-626.099487305, 123.370162964, -0.761640548706, 22.1306991577, -11.0194416046, -5.10816192627, -5.13623046875, -0.75008392334, -5.83353424072, 6.14345550537, -0.580934524536, 1.4485206604, -8.13087272644],
        "min": [-1138.42004395, 1.14440917969e-05, -82.5743103027, -29.6020450592, -65.9091339111, -51.7285079956, -43.017364502, -38.6188278198, -42.7026634216, -43.9682159424, -31.6398925781, -34.0101203918, -48.4242248535],
        "var": [2216.17773438, 535.307678223, 537.11126709, 256.301879883, 237.763259888, 161.713165283, 191.931564331, 117.786003113, 107.23223114, 123.300094604, 96.0415267944, 85.4460601807, 117.450920105],
        "cov": [[2217.03393555, -386.79006958, -659.235900879, 101.08518219, 79.0224533081, -140.570571899, -13.1353616714, 82.7763748169, -20.9840888977, -56.0406455994, 0.343848586082, -18.2758579254, -54.1097488403], [-386.79006958, 535.514526367, 202.189498901, -153.151992798, -93.787109375, 52.7134971619, -12.8045654297, -68.354095459, 23.586145401, 39.811630249, 13.223449707, 38.4354476929, 41.1056060791], [-659.235900879, 202.189498901, 537.318786621, 28.9193305969, 14.5473833084, 73.1484527588, 7.76111268997, -5.2609629631, 6.83755493164, 12.3271579742, -15.8561420441, -8.59889888763, 22.1548213959], [101.08518219, -153.151992798, 28.9193305969, 256.400909424, 137.727874756, -45.0391921997, -26.8747196198, 39.2372627258, -7.85713720322, -23.6251716614, -8.73856258392, -19.8506469727, -4.03270530701], [79.0224533081, -93.787109375, 14.5473833084, 137.727874756, 237.855117798, 9.43973731995, -30.2625789642, 36.3672485352, -9.06196022034, -18.3739147186, -19.600687027, -14.2592353821, 1.1198810339], [-140.570571899, 52.7134971619, 73.1484527588, -45.0391921997, 9.43973731995, 161.775650024, 92.4832458496, 6.93960571289, 1.70326066017, -15.918469429, -7.53281974792, -1.30081355572, -20.0963783264], [-13.1353616714, -12.8045654297, 7.76111268997, -26.8747196198, -30.2625789642, 92.4832458496, 192.005722046, 53.6045684814, -23.4543895721, -20.3740119934, -11.1743688583, 4.26242828369, -20.0384101868], [82.7763748169, -68.354095459, -5.2609629631, 39.2372627258, 36.3672485352, 6.93960571289, 53.6045684814, 117.831520081, 16.3163776398, -22.9761428833, -1.92134237289, -6.50733613968, -5.02425861359], [-20.9840888977, 23.586145401, 6.83755493164, -7.85713720322, -9.06196022034, 1.70326066017, -23.4543895721, 16.3163776398, 107.273666382, 47.5291862488, 7.8172621727, 1.76088166237, 4.38631725311], [-56.0406455994, 39.811630249, 12.3271579742, -23.6251716614, -18.3739147186, -15.918469429, -20.3740119934, -22.9761428833, 47.5291862488, 123.347732544, 37.8888015747, 6.15747976303, 17.1685943604], [0.343848586082, 13.223449707, -15.8561420441, -8.73856258392, -19.600687027, -7.53281974792, -11.1743688583, -1.92134237289, 7.8172621727, 37.8888015747, 96.0786361694, 33.0948638916, -4.05719041824], [-18.2758579254, 38.4354476929, -8.59889888763, -19.8506469727, -14.2592353821, -1.30081355572, 4.26242828369, -6.50733613968, 1.76088166237, 6.15747976303, 33.0948638916, 85.4790725708, 41.7640991211], [-54.1097488403, 41.1056060791, 22.1548213959, -4.03270530701, 1.1198810339, -20.0963783264, -20.0384101868, -5.02425861359, 4.38631725311, 17.1685943604, -4.05719041824, 41.7640991211, 117.496307373]],
        "icov": [[0.000779300695285, 4.21310360252e-05, 0.000908479443751, -0.000201682094485, -0.000121002885862, 0.000258923275396, -1.25691103676e-05, -0.000368340726709, 5.82822685828e-05, 8.77460406628e-05, 6.63021273795e-05, 3.27467423631e-05, 0.000169120932696], [4.21310360252e-05, 0.00310566904955, -0.00115825654939, 0.0016270611668, 0.000140223724884, -0.000240502908127, 0.000217094959226, 0.00106978719123, -0.00055253598839, 3.14596727549e-05, -0.000149311526911, -0.000733922759537, -0.000480816088384], [0.000908479443751, -0.00115825654939, 0.00368984485976, -0.00160676380619, 0.000303309236187, -0.00132380134892, 0.000612222880591, -0.00106205104385, 0.000611883995589, -0.000527321477421, 0.000593215576373, 0.000531354045961, -0.000211799313547], [-0.000201682094485, 0.0016270611668, -0.00160676380619, 0.00776806194335, -0.00398233672604, 0.00307610607706, -0.00104858924169, 0.000393890892155, -0.000972513575107, 0.00149010063615, -0.001275729388, 0.000844576512463, -0.000216101951082], [-0.000121002885862, 0.000140223724884, 0.000303309236187, -0.00398233672604, 0.00769738573581, -0.00382319488563, 0.00351041578688, -0.0028601505328, 0.00211894861422, -0.00159060640726, 0.00204064976424, -0.000859369290993, -2.03078816412e-05], [0.000258923275396, -0.000240502908127, -0.00132380134892, 0.00307610607706, -0.00382319488563, 0.0125600202009, -0.00727830827236, 0.00351936463267, -0.00355845596641, 0.00315012759529, -0.00173835479654, 0.00100477773231, 0.000907837820705], [-1.25691103676e-05, 0.000217094959226, 0.000612222880591, -0.00104858924169, 0.00351041578688, -0.00727830827236, 0.0116845471784, -0.00676677981392, 0.00492395600304, -0.00302785658278, 0.00315539119765, -0.00276345433667, 0.00154173152987], [-0.000368340726709, 0.00106978719123, -0.00106205104385, 0.000393890892155, -0.0028601505328, 0.00351936463267, -0.00676677981392, 0.0147275989875, -0.00608696369454, 0.0048157623969, -0.00336873880588, 0.00235051289201, -0.0016534391325], [5.82822685828e-05, -0.00055253598839, 0.000611883995589, -0.000972513575107, 0.00211894861422, -0.00355845596641, 0.00492395600304, -0.00608696369454, 0.0144881373271, -0.00710556004196, 0.00302822608501, -0.00190832512453, 0.00130231434014], [8.77460406628e-05, 3.14596727549e-05, -0.000527321477421, 0.00149010063615, -0.00159060640726, 0.00315012759529, -0.00302785658278, 0.0048157623969, -0.00710556004196, 0.0140460235998, -0.00666213361546, 0.00373994046822, -0.00292308581993], [6.63021273795e-05, -0.000149311526911, 0.000593215576373, -0.001275729388, 0.00204064976424, -0.00173835479654, 0.00315539119765, -0.00336873880588, 0.00302822608501, -0.00666213361546, 0.0164327193052, -0.00834971852601, 0.0044002016075], [3.27467423631e-05, -0.000733922759537, 0.000531354045961, 0.000844576512463, -0.000859369290993, 0.00100477773231, -0.00276345433667, 0.00235051289201, -0.00190832512453, 0.00373994046822, -0.00834971852601, 0.019175035879, -0.00756943132728], [0.000169120932696, -0.000480816088384, -0.000211799313547, -0.000216101951082, -2.03078816412e-05, 0.000907837820705, 0.00154173152987, -0.0016534391325, 0.00130231434014, -0.00292308581993, 0.0044002016075, -0.00756943132728, 0.0123582230881]]
    }
}

}