{
"metadata": {
    "version": {
        "essentia": "2.0.1",
        "extractor": "archive-music 1.0 mod ismir14"
    },
    "audio_properties": {
        "analysis_sample_rate": 44100,
        "bitrate": 32,
        "channels": 2,
        "equal_loudness": 0,
        "length": 30.0408172607,
        "replay_gain": -13.2441959381,
        "downmix": "mix"
    },
    "tags": {
        "track": 0,
        "year": 0,
        "album": "",
        "artist": "",
        "comment": "",
        "genre": "",
        "title": ""
    }
},
"rhythm": {
    "bpm": 90.2969741821,
    "bpm_histogram_first_peak": 91,
    "bpm_histogram_first_peak_spread": 0.365853667259,
    "bpm_histogram_first_peak_weight": 0.604651153088,
    "bpm_histogram_second_peak": 85,
    "bpm_histogram_second_peak_spread": 0,
    "bpm_histogram_second_peak_weight": 0.0465116277337
},
"tonal": {
    "tuning_frequency": {
        "dmean": 0.171897917986,
        "dmean2": 0.332881718874,
        "dvar": 2.62183022499,
        "dvar2": 6.44068002701,
        "max": 455.516601562,
        "mean": 442.340637207,
        "median": 444.341888428,
        "min": 431.941772461,
        "var": 39.9061126709
    },
    "hpcp": {
        "dmean": [0.206009790301, 0.177147015929, 0.183934882283, 0.149870947003, 0.14696662128, 0.194423347712, 0.189649820328, 0.233004257083, 0.249397933483, 0.185268297791, 0.178660392761, 0.181678399444],
        "dmean2": [0.380246371031, 0.333746403456, 0.343131750822, 0.278808385134, 0.271721899509, 0.357118427753, 0.3537774086, 0.431362688541, 0.460620820522, 0.352459222078, 0.333245784044, 0.34110468626],
        "dvar": [0.0953831747174, 0.0960131436586, 0.0961389318109, 0.0764777958393, 0.0699376165867, 0.0911414399743, 0.101498551667, 0.110763676465, 0.118329830468, 0.106816664338, 0.0925721526146, 0.0931414589286],
        "dvar2": [0.266430944204, 0.262079447508, 0.275724381208, 0.21903847158, 0.192915454507, 0.244158878922, 0.268786996603, 0.296084880829, 0.300046056509, 0.308917343616, 0.268123447895, 0.272415161133],
        "max": [1, 1, 1, 1, 1, 1, 1, 1, 1, 1, 1, 1],
        "mean": [0.189416259527, 0.14344240725, 0.154833987355, 0.129616051912, 0.11741630733, 0.173570901155, 0.161333203316, 0.213060617447, 0.253552258015, 0.12466211617, 0.135981336236, 0.129752233624],
        "median": [0.0362458899617, 0.0146473748609, 0.0197953209281, 0.0153259653598, 0.0175478681922, 0.0235823951662, 0.0139051489532, 0.0341777428985, 0.0444906316698, 0.00979079771787, 0.0160589013249, 0.0166755225509],
        "min": [0, 0, 0, 0, 0, 0, 0, 0, 0, 0, 0, 0],
        "var": [0.0964658781886, 0.0843853205442, 0.0855845883489, 0.0720802918077, 0.0571163892746, 0.092429690063, 0.0970274209976, 0.112887665629, 0.136761680245, 0.0770359113812, 0.0743559971452, 0.0707991570234]
    }
},
"lowlevel": {
    "melbands": {
        "dmean": [0.000789169105701, 0.00261046807282, 0.00125117588323, 0.000498418114148, 0.00034852893441, 0.000263896916294, 0.000288511044346, 0.000333663774654, 0.00047381647164, 0.000319263839629, 0.000147271013702, 0.000163316231919, 0.000144708683365, 0.000102254198282, 0.000142579097883, 0.000142759890878, 3.4310585761e-05, 2.63622750936e-05, 1.52261463882e-05, 1.86671131814e-05, 2.86458762275e-05, 2.1161751647e-05, 3.59886034857e-05, 2.66528604698e-05, 1.55076904775e-05, 1.80005608854e-05, 1.39907206176e-05, 8.50330707181e-06, 4.02603018301e-06, 3.34637593369e-06, 1.83239910712e-06, 8.75113698839e-07, 5.31591979325e-07, 4.44947090728e-07, 4.28969769928e-07, 4.42251945287e-07, 3.34497912036e-07, 4.75860389315e-07, 4.0231017806e-07, 3.51353207861e-07],
        "dmean2": [0.00129940500483, 0.00473089609295, 0.0021997555159, 0.000858046056237, 0.000604752334766, 0.000447975064162, 0.000485270604258, 0.00051859091036, 0.000687834690325, 0.000434583809692, 0.000216643500607, 0.000228715653066, 0.000194733787794, 0.000163346529007, 0.000210402256926, 0.000209468809771, 4.99151574331e-05, 3.95419519919e-05, 2.4316863346e-05, 2.96070356853e-05, 4.55550543847e-05, 3.4379929275e-05, 5.75848789595e-05, 3.96591094614e-05, 2.30673267652e-05, 2.83860990749e-05, 2.06857075682e-05, 1.24680918816e-05, 6.11391078564e-06, 5.09593201059e-06, 2.81459847429e-06, 1.39600149396e-06, 8.57492580053e-07, 7.11805625997e-07, 6.90747128829e-07, 7.16316776561e-07, 5.23325979884e-07, 7.67939354773e-07, 6.22550317075e-07, 5.68042310078e-07],
        "dvar": [6.92160597282e-07, 8.81179130374e-06, 2.03918489206e-06, 5.11948996973e-07, 5.05668197093e-07, 1.9255739403e-07, 2.50481491548e-07, 4.0969962356e-07, 8.92761192972e-07, 1.06497441266e-06, 3.10858183639e-07, 2.32214333096e-07, 1.39726225257e-07, 9.81575567494e-08, 1.42927447655e-07, 1.92860809989e-07, 1.06132889144e-08, 5.1696740222e-09, 6.73375910587e-10, 9.82929848625e-10, 3.21547433124e-09, 2.28675789415e-09, 5.98942406782e-09, 3.34382832534e-09, 9.11043518403e-10, 1.12968989718e-09, 8.26779866792e-10, 3.36287719893e-10, 7.05259045608e-11, 5.73747716004e-11, 1.45922492839e-11, 2.1313998743e-12, 6.57709780735e-13, 4.15223248579e-13, 4.7095882966e-13, 4.06446333838e-13, 2.8536539993e-13, 5.45392452988e-13, 5.20585853071e-13, 3.70314158027e-13],
        "dvar2": [1.94777112483e-06, 2.9326778531e-05, 5.8954801716e-06, 1.40953022765e-06, 1.42545718518e-06, 5.20590390352e-07, 6.49203684588e-07, 9.8069563137e-07, 1.74182525825e-06, 1.79043286153e-06, 5.16193779276e-07, 3.49760028939e-07, 2.06636187272e-07, 2.27109396178e-07, 2.53454714993e-07, 3.46000859963e-07, 1.47370595727e-08, 1.13207914154e-08, 1.52105783524e-09, 2.39735209462e-09, 7.75986919166e-09, 5.97008353864e-09, 1.5523898611e-08, 7.29162907831e-09, 1.98973815202e-09, 2.76189582316e-09, 1.61186208825e-09, 6.44991227094e-10, 1.39440042846e-10, 1.12884625258e-10, 3.3127046245e-11, 5.16152225127e-12, 1.64363151995e-12, 9.86810893416e-13, 1.10555401639e-12, 9.78877135599e-13, 6.60568550814e-13, 1.35894821871e-12, 1.08451897636e-12, 9.34280647638e-13],
        "max": [0.0084757655859, 0.0246058963239, 0.014976946637, 0.0108379814774, 0.00965199992061, 0.00569771090522, 0.0105250151828, 0.0100995525718, 0.0183257590979, 0.020368475467, 0.0263411775231, 0.0167317092419, 0.01484031789, 0.00772785209119, 0.00937511026859, 0.0128304511309, 0.00497857760638, 0.00173663627356, 0.000469735328807, 0.000334919430315, 0.000970613618847, 0.000785609241575, 0.00117589533329, 0.000912666029762, 0.000555792881642, 0.000500745198224, 0.000496576714795, 0.000450865016319, 0.000172507672687, 0.000158308816026, 6.95255366736e-05, 2.73210062005e-05, 1.1244939742e-05, 1.06325160232e-05, 1.37085753522e-05, 8.12697635411e-06, 1.25493434098e-05, 1.23470363178e-05, 1.75196782948e-05, 1.2140589206e-05],
        "mean": [0.00133871985599, 0.00358333485201, 0.00187221867964, 0.000702536606696, 0.000457032438135, 0.000396984425606, 0.000461387244286, 0.000620496517513, 0.00093927886337, 0.000631315808278, 0.000244578142883, 0.000281214073766, 0.000328576832544, 0.000151896179887, 0.000239091154072, 0.000257507315837, 6.39829158899e-05, 4.44037541456e-05, 2.6957863156e-05, 3.16135519824e-05, 4.64682198071e-05, 3.55923293682e-05, 5.93265140196e-05, 4.72256579087e-05, 2.93251450785e-05, 3.23586864397e-05, 2.61241875705e-05, 1.58020484378e-05, 7.74840827944e-06, 6.06047024121e-06, 3.27140946865e-06, 1.68413805568e-06, 1.03336003576e-06, 9.28981251036e-07, 8.88144597866e-07, 9.10115659281e-07, 7.3716080351e-07, 1.01310956779e-06, 9.37191884987e-07, 7.74604359322e-07],
        "median": [0.000961933634244, 0.00250341231003, 0.00129006942734, 0.000410290434957, 0.000203580289963, 0.000183269730769, 0.000175483815838, 0.000201015544008, 0.000252670462942, 9.4709903351e-05, 5.19195600646e-05, 6.38339697616e-05, 4.96311331517e-05, 4.55605586467e-05, 5.58121791983e-05, 4.3432435632e-05, 1.41411292134e-05, 1.14298572953e-05, 1.09365737444e-05, 1.31074402816e-05, 1.36972485052e-05, 1.08462418211e-05, 1.55290454131e-05, 1.03826760096e-05, 9.49570312514e-06, 1.20092345242e-05, 6.65455900162e-06, 3.72927843273e-06, 2.76491959994e-06, 1.8497335077e-06, 1.30010403154e-06, 9.32785326313e-07, 6.49335618164e-07, 5.74179750856e-07, 5.80063613143e-07, 6.24751521627e-07, 4.53714477544e-07, 6.49861192414e-07, 5.84555323258e-07, 5.07188929078e-07],
        "min": [6.48921400555e-13, 2.40182223069e-12, 6.90461576802e-12, 5.5396542388e-12, 5.40018247133e-12, 5.97163074198e-12, 5.87225537294e-12, 3.64995577165e-12, 7.16952647424e-13, 1.20500788167e-12, 4.51340180507e-12, 8.0382592943e-12, 3.4420140349e-12, 1.12585774037e-11, 2.87760579254e-11, 9.21311724827e-12, 2.06755185889e-11, 4.10845489573e-11, 5.89795365324e-11, 2.31942937079e-11, 6.82826321527e-12, 2.26355618277e-11, 2.06950099418e-11, 3.59397130112e-11, 2.69105692591e-11, 2.23909155106e-11, 2.1080153248e-11, 2.13363649665e-11, 3.63359472719e-12, 7.91273904038e-12, 8.45568146751e-12, 1.00515620133e-11, 2.96850326438e-12, 7.42303614409e-12, 3.97490937734e-12, 2.51558778148e-12, 1.49631294768e-12, 4.99784979027e-12, 3.12307731759e-12, 2.28282366968e-12],
        "var": [1.57749570917e-06, 1.14571821541e-05, 3.22105188388e-06, 7.36600270557e-07, 5.89723470057e-07, 3.58070650464e-07, 6.59928218738e-07, 1.13663202228e-06, 3.01990712614e-06, 3.93015807276e-06, 1.29855538944e-06, 7.17097123015e-07, 7.70033807385e-07, 1.42249703572e-07, 3.73043775426e-07, 6.75409410178e-07, 6.37498516198e-08, 1.59724713455e-08, 1.73136949222e-09, 1.90754523288e-09, 6.20598283874e-09, 3.65079744213e-09, 1.17343947892e-08, 8.05607403009e-09, 2.27163132749e-09, 2.65503263819e-09, 2.31113816973e-09, 8.86369533326e-10, 1.76912665073e-10, 1.4194062592e-10, 2.95938828998e-11, 4.72724550477e-12, 1.34030959074e-12, 1.04257390481e-12, 9.93423008785e-13, 8.45878705621e-13, 6.83064119589e-13, 1.36087777332e-12, 1.36097491783e-12, 8.28477586014e-13]
    },
    "mfcc": {
        "dmean": [14.0081205368, 9.3588552475, 9.7368555069, 8.51139545441, 8.16675281525, 7.80283927917, 7.56187582016, 7.1816649437, 6.99908971786, 6.89678859711, 6.92462730408, 6.87094449997, 6.39440393448],
        "dmean2": [17.6351356506, 14.9683513641, 15.0671081543, 13.572060585, 13.4039182663, 12.740486145, 12.6468696594, 11.8572616577, 11.6624565125, 11.3097581863, 11.5078783035, 11.3853311539, 10.5289611816],
        "dvar": [321.259490967, 56.5179138184, 67.3994369507, 45.0886192322, 37.9878692627, 37.2523994446, 34.155620575, 30.1698379517, 28.4902820587, 27.9454689026, 30.3661766052, 28.7785968781, 23.4329147339],
        "dvar2": [381.504272461, 132.007385254, 143.488143921, 111.66784668, 100.974334717, 97.0485839844, 92.484161377, 84.0463638306, 78.0795135498, 78.2049942017, 82.9359664917, 78.4564437866, 62.941444397],
        "max": [-496.226379395, 185.794281006, 66.8733139038, 75.7827224731, 53.8363647461, 41.9506149292, 58.9218063354, 48.2066459656, 31.2210140228, 41.9716529846, 40.9684448242, 40.1514625549, 31.4464511871],
        "mean": [-606.279418945, 125.157821655, -0.90163820982, 23.6798496246, 6.69412183762, -5.10864496231, 13.9193277359, 5.88521242142, -0.237399488688, 2.47491884232, 4.28742361069, 6.09515571594, 1.05107450485],
        "median": [-609.061401367, 125.26776123, 1.0230255127, 23.4989795685, 6.2483253479, -4.22898101807, 13.555273056, 5.9976978302, -0.0271301269531, 2.26630401611, 4.52750396729, 6.15836334229, 1.23557662964],
        "min": [-1138.42004395, 1.14440917969e-05, -63.9579696655, -39.6216011047, -38.3233337402, -56.2636146545, -26.9143009186, -31.9949512482, -35.0104217529, -41.5309371948, -31.436340332, -26.8330802917, -27.7207698822],
        "var": [2342.82495117, 301.462005615, 506.268341064, 315.590698242, 221.905609131, 220.54019165, 169.81199646, 125.564216614, 85.170249939, 104.607246399, 93.5856399536, 86.6059112549, 73.2454833984],
        "cov": [[2343.72998047, 40.6676902771, -665.213012695, 20.5732593536, -296.790771484, -252.756912231, -129.030212402, -85.4621353149, -36.1645317078, -19.4781646729, -60.4439888, 1.12752723694, -69.0305252075], [40.6676902771, 301.578491211, 13.2823839188, -93.7210769653, -59.2080993652, -2.58842873573, 14.0721511841, 2.45988297462, -14.2364912033, 16.2922611237, 48.2932662964, -2.74296665192, -1.92461144924], [-665.213012695, 13.2823839188, 506.46395874, -18.5405273438, 167.318313599, 74.4469299316, 19.2476959229, 16.7001476288, 21.1229934692, 17.1895580292, 8.23367977142, -13.9920272827, 22.4011306763], [20.5732593536, -93.7210769653, -18.5405273438, 315.712646484, 70.2266235352, -6.26094532013, -60.4549255371, -18.9319267273, 49.4231758118, 16.1183280945, -43.4980430603, -2.84996962547, 22.1235179901], [-296.790771484, -59.2080993652, 167.318313599, 70.2266235352, 221.991348267, 43.6173248291, 16.6232700348, -12.0136041641, 21.1072006226, 23.8548469543, -12.9855880737, 1.66326725483, 6.13476657867], [-252.756912231, -2.58842873573, 74.4469299316, -6.26094532013, 43.6173248291, 220.625411987, 103.412834167, 36.8759613037, -16.7688503265, -9.61168289185, 37.8786811829, -4.73787593842, -16.1013088226], [-129.030212402, 14.0721511841, 19.2476959229, -60.4549255371, 16.6232700348, 103.412834167, 169.877609253, 69.2763748169, -10.7270889282, -22.8440208435, 23.2231235504, 14.1071081161, -12.039393425], [-85.4621353149, 2.45988297462, 16.7001476288, -18.9319267273, -12.0136041641, 36.8759613037, 69.2763748169, 125.612731934, 23.5345802307, -18.9930915833, 8.33704090118, 10.6179819107, 7.57686376572], [-36.1645317078, -14.2364912033, 21.1229934692, 49.4231758118, 21.1072006226, -16.7688503265, -10.7270889282, 23.5345802307, 85.203163147, 39.0717773438, -3.95587778091, 1.47989213467, 6.91152667999], [-19.4781646729, 16.2922611237, 17.1895580292, 16.1183280945, 23.8548469543, -9.61168289185, -22.8440208435, -18.9930915833, 39.0717773438, 104.647666931, 28.8527526855, -3.81587052345, -2.42935466766], [-60.4439888, 48.2932662964, 8.23367977142, -43.4980430603, -12.9855880737, 37.8786811829, 23.2231235504, 8.33704090118, -3.95587778091, 28.8527526855, 93.6218032837, 31.0210285187, -5.64674520493], [1.12752723694, -2.74296665192, -13.9920272827, -2.84996962547, 1.66326725483, -4.73787593842, 14.1071081161, 10.6179819107, 1.47989213467, -3.81587052345, 31.0210285187, 86.6393737793, 26.8956604004], [-69.0305252075, -1.92461144924, 22.4011306763, 22.1235179901, 6.13476657867, -16.1013088226, -12.039393425, 7.57686376572, 6.91152667999, -2.42935466766, -5.64674520493, 26.8956604004, 73.2737808228]],
        "icov": [[0.00080521235941, -0.000171250430867, 0.00080279429676, -0.000101900674053, 0.00037865244667, 0.00045211869292, 0.000124337515444, 0.000162046446349, 0.000166990284924, -0.000128520958242, 0.000520086032338, -0.000341746606864, 0.000756250869017], [-0.000171250430867, 0.00416719261557, -0.000579815183301, 0.000686103478074, 0.000995025970042, 0.000384076469345, -0.000494060339406, 0.000219296984142, 0.000229383382248, -0.000447471393272, -0.00205904524773, 0.00107221386861, -0.000773249776103], [0.00080279429676, -0.000579815183301, 0.0039157490246, 0.000814606028143, -0.0022612833418, -0.000438631395809, 0.00103419786319, -0.000370632391423, -0.000594665645622, 0.00030900182901, 0.000106971980131, 0.000692469009664, -0.000580400752369], [-0.000101900674053, 0.000686103478074, 0.000814606028143, 0.00482236640528, -0.0016279919073, -0.00142783694901, 0.00205824407749, 0.000178104397492, -0.00255103060044, 0.000264023721684, 0.00135638052598, -0.000137162336614, -0.00123646692373], [0.00037865244667, 0.000995025970042, -0.0022612833418, -0.0016279919073, 0.00807947572321, -0.000255123537499, -0.00179960636888, 0.00179454078898, -2.64916834567e-05, -0.00192772445735, 0.00184947089292, -0.00154530233704, 0.00100028328598], [0.00045211869292, 0.000384076469345, -0.000438631395809, -0.00142783694901, -0.000255123537499, 0.00821964163333, -0.00455856928602, -4.31173139077e-05, 0.00181444140617, 0.000496146967635, -0.00345170823857, 0.00203228439204, 0.000917577941436], [0.000124337515444, -0.000494060339406, 0.00103419786319, 0.00205824407749, -0.00179960636888, -0.00455856928602, 0.0120092378929, -0.0051545589231, 0.000580725201871, 0.000800766574685, 0.000849460018799, -0.0021064367611, 0.00163212965708], [0.000162046446349, 0.000219296984142, -0.000370632391423, 0.000178104397492, 0.00179454078898, -4.31173139077e-05, -0.0051545589231, 0.0129424063489, -0.00602792948484, 0.00332967983559, -0.000967514701188, 0.000266203191131, -0.00162029720377], [0.000166990284924, 0.000229383382248, -0.000594665645622, -0.00255103060044, -2.64916834567e-05, 0.00181444140617, 0.000580725201871, -0.00602792948484, 0.0194087568671, -0.00821442436427, 0.0022978533525, -0.00117705541197, 0.000741094874684], [-0.000128520958242, -0.000447471393272, 0.00030900182901, 0.000264023721684, -0.00192772445735, 0.000496146967635, 0.000800766574685, 0.00332967983559, -0.00821442436427, 0.0158806554973, -0.00703658163548, 0.00312929018401, -0.000638883095235], [0.000520086032338, -0.00205904524773, 0.000106971980131, 0.00135638052598, 0.00184947089292, -0.00345170823857, 0.000849460018799, -0.000967514701188, 0.0022978533525, -0.00703658163548, 0.0196053180844, -0.00873656850308, 0.003587577492], [-0.000341746606864, 0.00107221386861, 0.000692469009664, -0.000137162336614, -0.00154530233704, 0.00203228439204, -0.0021064367611, 0.000266203191131, -0.00117705541197, 0.00312929018401, -0.00873656850308, 0.0176610015333, -0.00720284553245], [0.000756250869017, -0.000773249776103, -0.000580400752369, -0.00123646692373, 0.00100028328598, 0.000917577941436, 0.00163212965708, -0.00162029720377, 0.000741094874684, -0.000638883095235, 0.003587577492, -0.00720284553245, 0.0182731989771]]
    }
}

}