{
"metadata": {
    "version": {
        "essentia": "2.0.1",
        "extractor": "archive-music 1.0 mod ismir14"
    },
    "audio_properties": {
        "analysis_sample_rate": 44100,
        "bitrate": 128,
        "channels": 2,
        "equal_loudness": 0,
        "length": 30.0669155121,
        "replay_gain": -14.7827281952,
        "downmix": "mix"
    },
    "tags": {
        "track": 0,
        "year": 0,
        "album": "",
        "artist": "",
        "comment": "",
        "genre": "",
        "title": ""
    }
},
"rhythm": {
    "bpm": 109.23135376,
    "bpm_histogram_first_peak": 110,
    "bpm_histogram_first_peak_spread": 0.509433984756,
    "bpm_histogram_first_peak_weight": 0.490566045046,
    "bpm_histogram_second_peak": 0,
    "bpm_histogram_second_peak_spread": 0,
    "bpm_histogram_second_peak_weight": 0
},
"tonal": {
    "tuning_frequency": {
        "dmean": 0.0450748391449,
        "dmean2": 0.0895965173841,
        "dvar": 0.590192258358,
        "dvar2": 1.38630068302,
        "max": 452.892974854,
        "mean": 434.377349854,
        "median": 434.193115234,
        "min": 432.690917969,
        "var": 2.48016238213
    },
    "hpcp": {
        "dmean": [0.151015236974, 0.188689157367, 0.25823405385, 0.287155687809, 0.224313676357, 0.153380155563, 0.12042067945, 0.138681545854, 0.204499870539, 0.109256960452, 0.134535610676, 0.141989499331],
        "dmean2": [0.285879552364, 0.361707687378, 0.496416807175, 0.545946836472, 0.433878332376, 0.282951235771, 0.224700048566, 0.259043186903, 0.381391584873, 0.20765645802, 0.257337987423, 0.273628890514],
        "dvar": [0.0845792740583, 0.117807820439, 0.152208954096, 0.1477933079, 0.13305285573, 0.0846973285079, 0.0735297650099, 0.0773506164551, 0.0984297320247, 0.0673997998238, 0.0802862420678, 0.0862138941884],
        "dvar2": [0.232629776001, 0.32091704011, 0.417011231184, 0.388885289431, 0.35562095046, 0.228488355875, 0.202075213194, 0.21204033494, 0.266533762217, 0.194460511208, 0.238219723105, 0.241447553039],
        "max": [1, 1, 1, 1, 1, 1, 1, 1, 1, 1, 1, 1],
        "mean": [0.117093235254, 0.127319246531, 0.184305161238, 0.247284933925, 0.146821409464, 0.131467953324, 0.09018856287, 0.119017779827, 0.222185760736, 0.070407576859, 0.100179553032, 0.0906816795468],
        "median": [0.00709040882066, 0.00333782052621, 0.00575803918764, 0.0216840356588, 0.00313803809695, 0.0092983962968, 0.00223063468002, 0.00495426775888, 0.0253905337304, 0.00194546906278, 0.00446603354067, 0.00278665637597],
        "min": [0, 0, 0, 0, 0, 0, 0, 0, 0, 0, 0, 0],
        "var": [0.069585993886, 0.0854116380215, 0.124468773603, 0.144859328866, 0.0996720269322, 0.0782181471586, 0.0585120916367, 0.0729354321957, 0.12418730557, 0.0442782454193, 0.0619535557926, 0.057961024344]
    }
},
"lowlevel": {
    "melbands": {
        "dmean": [0.0017636163393, 0.00559726729989, 0.00516856694594, 0.00216170307249, 0.00092098955065, 0.000604123342782, 0.000359960395144, 0.000337924371706, 0.000431618740549, 0.000323915708577, 7.50702529331e-05, 8.62436936586e-05, 5.64814945392e-05, 5.00148271385e-05, 5.55885744689e-05, 5.64520232729e-05, 6.22959196335e-05, 5.01924914715e-05, 2.62219909928e-05, 5.22242589795e-05, 2.47752977884e-05, 1.66035952134e-05, 1.98982270376e-05, 1.16261262519e-05, 6.51543768981e-06, 4.39328277935e-06, 2.39715109274e-06, 1.76700712018e-06, 1.85490580407e-06, 1.39297958412e-06, 1.12554062071e-06, 1.09543316285e-06, 9.46010402458e-07, 6.69843700507e-07, 5.9209128267e-07, 3.88235918081e-07, 1.99098380449e-07, 6.5706352359e-08, 1.48674477174e-08, 1.4597407727e-09],
        "dmean2": [0.00290580093861, 0.00944717694074, 0.00860029272735, 0.0035708823707, 0.00151961750817, 0.00104988133535, 0.000611671537627, 0.000511863850988, 0.00062737549888, 0.000474482658319, 0.0001103239847, 0.000128752930323, 8.32895166241e-05, 7.12328255759e-05, 8.04081355454e-05, 8.3512000856e-05, 9.9039702036e-05, 7.55498476792e-05, 3.88844382542e-05, 7.8084965935e-05, 3.77837350243e-05, 2.56282728515e-05, 3.11493422487e-05, 1.87865662156e-05, 1.04893506432e-05, 7.0530031735e-06, 3.87115960621e-06, 2.90434172712e-06, 3.0385192531e-06, 2.25082021643e-06, 1.75103389211e-06, 1.81049108505e-06, 1.50973880864e-06, 9.86305735751e-07, 9.53425399075e-07, 6.11414122886e-07, 3.19459417142e-07, 9.42330800058e-08, 2.26634959688e-08, 2.01168504077e-09],
        "dvar": [1.90229438886e-05, 4.44303768745e-05, 2.89867966785e-05, 8.35664741317e-06, 1.64706250416e-06, 9.92442551251e-07, 3.06682892415e-07, 4.18215790887e-07, 7.65972970385e-07, 6.60278033138e-07, 3.15398018813e-08, 6.43940367695e-08, 2.30615384567e-08, 2.20423022057e-08, 2.86028321028e-08, 2.51437430876e-08, 3.11996224411e-08, 1.56880410884e-08, 4.66599248128e-09, 4.99527921249e-08, 3.45303008409e-09, 1.66516223032e-09, 2.68350808241e-09, 8.60237769906e-10, 1.62932042858e-10, 1.2984371911e-10, 3.34671630686e-11, 2.01546730694e-11, 1.99523765565e-11, 1.44663950957e-11, 9.84702510504e-12, 1.03832350704e-11, 6.81536554623e-12, 4.85931173771e-12, 5.17747953885e-12, 2.81278407684e-12, 1.73095793341e-12, 1.35295678198e-13, 3.95069676775e-15, 7.10159635993e-17],
        "dvar2": [3.94185226469e-05, 0.000134056070237, 8.43757006805e-05, 2.11520509765e-05, 4.35911260865e-06, 3.09205347548e-06, 8.6320869741e-07, 8.78520211245e-07, 1.50833773205e-06, 1.24508756016e-06, 6.20271336516e-08, 1.19729477888e-07, 4.67287186723e-08, 4.34555502693e-08, 5.25110372962e-08, 5.64306077422e-08, 8.04671245191e-08, 3.53651330443e-08, 9.78226477599e-09, 1.18949266437e-07, 7.82311104786e-09, 4.02288735657e-09, 7.21609660914e-09, 2.38945929709e-09, 4.02860189652e-10, 3.47187723015e-10, 8.00599586626e-11, 5.28659234444e-11, 5.15587260386e-11, 3.63743063447e-11, 2.40424034847e-11, 2.64410195128e-11, 1.59070586564e-11, 1.08617351224e-11, 1.39839945179e-11, 6.76434689512e-12, 4.50499143198e-12, 2.13987681741e-13, 8.17996742526e-15, 1.08091972129e-16],
        "max": [0.0665231272578, 0.0692135989666, 0.0467708855867, 0.0330283753574, 0.0124606955796, 0.0125331003219, 0.00699880439788, 0.0128331184387, 0.02153147012, 0.0181442052126, 0.00747571000829, 0.00893212202936, 0.00475354818627, 0.00398920569569, 0.00401928927749, 0.00284833880141, 0.00320325302891, 0.00266560958698, 0.0012308928417, 0.0065515358001, 0.00131744332612, 0.0010925619863, 0.00123169901781, 0.000530145131052, 0.000192151681404, 0.000273223471595, 0.000112626963528, 7.05865750206e-05, 5.89587143622e-05, 8.29436030472e-05, 9.19097583392e-05, 7.56710578571e-05, 6.57900163787e-05, 7.39355164114e-05, 8.08381228126e-05, 5.99925697315e-05, 5.5303247791e-05, 1.94302538148e-05, 3.20743743032e-06, 5.1682332014e-07],
        "mean": [0.00234802672639, 0.00926692876965, 0.00817102380097, 0.00318263377994, 0.00137676962186, 0.00104077241849, 0.000628221954685, 0.000709321408067, 0.000933574629016, 0.000735419627745, 0.000173322187038, 0.000157835660502, 0.000109783206426, 0.000105320461444, 0.000103463142295, 0.000107653024315, 0.000101494653791, 9.68030144577e-05, 5.4495754739e-05, 0.000105729472125, 4.77213507111e-05, 3.20344988722e-05, 4.19992647949e-05, 2.50786142715e-05, 1.23658155644e-05, 7.8018865679e-06, 4.41734619017e-06, 3.06565880237e-06, 3.41275153914e-06, 2.45532123699e-06, 2.02616638489e-06, 2.02590899789e-06, 1.85090800642e-06, 1.35310119731e-06, 1.07269659111e-06, 6.85241730025e-07, 3.80277640488e-07, 1.37060197858e-07, 3.11234948924e-08, 2.26704632844e-09],
        "median": [0.00110755965579, 0.00749855535105, 0.00647414941341, 0.00213628588244, 0.000799401663244, 0.000369240646251, 0.00027508995845, 0.000232207632507, 0.000223231530981, 0.000139940588269, 5.03601404489e-05, 3.83408550988e-05, 2.85885689664e-05, 2.03699473786e-05, 2.24416708079e-05, 2.10810248973e-05, 1.8984592316e-05, 1.91349445231e-05, 1.33208177431e-05, 1.18711623145e-05, 1.16564915515e-05, 1.10587134259e-05, 8.11904374132e-06, 5.19245668329e-06, 3.70256680071e-06, 2.52672271017e-06, 1.38652626447e-06, 8.57895997797e-07, 8.56996337006e-07, 4.55060387594e-07, 3.59292073426e-07, 3.5615224192e-07, 3.25278222135e-07, 2.63945224788e-07, 1.95327857e-07, 1.38368662306e-07, 7.20123978226e-08, 2.46826079575e-08, 5.74967007339e-09, 2.54408993872e-10],
        "min": [1.93654272305e-12, 1.2645695038e-12, 1.47501965069e-13, 2.37154534292e-13, 9.79751436231e-13, 1.15817219096e-12, 8.7149471667e-13, 1.89710985636e-13, 4.34610707882e-13, 7.45386066238e-13, 7.33393109697e-13, 6.66060631128e-14, 1.39907074641e-13, 1.52642696117e-13, 2.44381988604e-13, 5.27551526769e-13, 1.78686858604e-13, 2.24775683092e-13, 4.58374047811e-14, 1.73457060347e-13, 8.89240056915e-14, 8.3322414181e-14, 2.54836814628e-13, 9.31071490523e-14, 3.86131488654e-14, 7.95505561381e-14, 2.45216932697e-13, 7.75605708131e-14, 1.72715337312e-14, 7.11878066261e-14, 4.90405242456e-14, 5.303392545e-14, 3.1567217102e-14, 6.28525213104e-14, 5.32048905801e-14, 9.83356259377e-14, 1.37543378379e-13, 8.28372337088e-14, 1.90511279305e-14, 5.24173295101e-15],
        "var": [2.93672928819e-05, 6.42799204797e-05, 4.49754625151e-05, 1.18462130558e-05, 2.58503200712e-06, 2.44605234911e-06, 7.66774462591e-07, 1.78641994353e-06, 3.25544942825e-06, 3.44885461345e-06, 1.88940802559e-07, 2.27642033224e-07, 9.31541919158e-08, 7.10527885417e-08, 8.72403518315e-08, 7.19326749277e-08, 6.23585592052e-08, 6.26168557005e-08, 1.53553045834e-08, 1.86754036235e-07, 1.15307532411e-08, 3.26413474028e-09, 1.04439150661e-08, 3.13616510539e-09, 4.42243297538e-10, 2.12446171766e-10, 6.71334515756e-11, 3.79326500766e-11, 4.53016062163e-11, 2.94440131998e-11, 2.12859920662e-11, 2.31555451896e-11, 2.0408456175e-11, 1.48026885888e-11, 1.27919766793e-11, 7.12948190068e-12, 4.04405718982e-12, 4.88767717705e-13, 1.85262029784e-14, 2.44328612399e-16]
    },
    "mfcc": {
        "dmean": [13.172668457, 9.47497367859, 8.53500556946, 7.79751205444, 7.4731259346, 7.17022180557, 6.88131952286, 6.84976100922, 6.58143234253, 6.57330560684, 6.52648544312, 6.36556148529, 6.06706666946],
        "dmean2": [17.0244255066, 13.9416427612, 12.9548692703, 12.1966781616, 11.8645429611, 11.3684387207, 11.2563667297, 11.1724815369, 10.7103872299, 10.654419899, 10.7180776596, 10.3912725449, 10.0352630615],
        "dvar": [375.699462891, 108.391372681, 57.3526000977, 47.9562835693, 38.8846206665, 34.6962280273, 30.8750038147, 31.4184703827, 29.4918079376, 28.87241745, 27.5778865814, 25.0465240479, 21.992805481],
        "dvar2": [503.181243896, 187.273300171, 113.530937195, 113.296348572, 87.8576583862, 83.1496200562, 76.3410110474, 79.733581543, 74.9777374268, 71.9426727295, 71.3504180908, 64.6785049438, 58.6531295776],
        "max": [-513.134338379, 271.740509033, 124.239868164, 116.801551819, 64.1070709229, 59.3917694092, 25.3495864868, 62.9814491272, 22.780506134, 52.2961883545, 35.3389015198, 53.3856430054, 25.452507019],
        "mean": [-655.854370117, 188.355224609, -7.61128282547, 45.8350372314, 3.2954928875, 16.50598526, -15.8550138474, 13.3527116776, -9.0335817337, 7.90048122406, -4.92883396149, 2.67306160927, -10.3972978592],
        "median": [-640.922180176, 189.959350586, -8.66569900513, 44.6865997314, 3.37668228149, 17.3590545654, -15.1177845001, 13.7533512115, -8.59656524658, 7.13539886475, -5.64282226562, 2.3789768219, -10.1930046082],
        "min": [-1138.42004395, 1.14440917969e-05, -111.066383362, -46.5849456787, -53.4579849243, -37.4245872498, -68.3813018799, -36.259185791, -55.2353820801, -34.828994751, -40.1832885742, -33.7669181824, -47.9847831726],
        "var": [5620.90917969, 1301.12023926, 1170.94750977, 539.792480469, 346.610992432, 256.570983887, 245.857711792, 173.15612793, 114.67666626, 178.561141968, 125.996887207, 97.0599517822, 93.9791564941],
        "cov": [[5623.07958984, -1299.70471191, -1030.83154297, 87.8020401001, -621.358703613, 199.526916504, -480.300323486, 265.609985352, -217.582870483, 258.016052246, -134.427642822, 131.70539856, -177.514862061], [-1299.70471191, 1301.62255859, -261.945617676, -352.281616211, 161.045913696, -222.538009644, 203.992279053, -120.733589172, 67.9473114014, -48.6303100586, 142.299926758, -57.3846588135, 65.2147903442], [-1030.83154297, -261.945617676, 1171.3996582, 286.127716064, -14.1143350601, 234.414337158, 118.467216492, 49.6280899048, -5.40708875656, -72.9380493164, -68.1489257812, -2.59902191162, 2.98959136009], [87.8020401001, -352.281616211, 286.127716064, 540.000915527, 104.794319153, 52.1525535583, -126.519004822, 41.2780570984, 24.159658432, -63.1186790466, -86.6998519897, 6.68385791779, 7.56138706207], [-621.358703613, 161.045913696, -14.1143350601, 104.794319153, 346.744812012, -58.4432182312, -9.26951885223, -17.5311965942, 41.2910919189, -11.75893116, 6.69601249695, 3.63862514496, 18.3595294952], [199.526916504, -222.538009644, 234.414337158, 52.1525535583, -58.4432182312, 256.670043945, 51.2644424438, 24.027256012, -18.8833789825, 11.7979459763, -18.3081359863, 6.61725997925, -21.2265644073], [-480.300323486, 203.992279053, 118.467216492, -126.519004822, -9.26951885223, 51.2644424438, 245.952636719, 3.63858747482, -9.88624382019, 8.62435150146, 45.4725227356, -8.21799468994, 5.16280698776], [265.609985352, -120.733589172, 49.6280899048, 41.2780570984, -17.5311965942, 24.027256012, 3.63858747482, 173.222991943, -5.84430837631, 18.2068881989, -10.5392627716, 28.0615825653, -18.697977066], [-217.582870483, 67.9473114014, -5.40708875656, 24.159658432, 41.2910919189, -18.8833789825, -9.88624382019, -5.84430837631, 114.720947266, 9.70053577423, -1.83892583847, -8.58022689819, 5.79775810242], [258.016052246, -48.6303100586, -72.9380493164, -63.1186790466, -11.75893116, 11.7979459763, 8.62435150146, 18.2068881989, 9.70053577423, 178.630081177, 54.4868469238, -1.19631671906, -38.8674583435], [-134.427642822, 142.299926758, -68.1489257812, -86.6998519897, 6.69601249695, -18.3081359863, 45.4725227356, -10.5392627716, -1.83892583847, 54.4868469238, 126.045532227, 14.2427396774, -7.15117931366], [131.70539856, -57.3846588135, -2.59902191162, 6.68385791779, 3.63862514496, 6.61725997925, -8.21799468994, 28.0615825653, -8.58022689819, -1.19631671906, 14.2427396774, 97.0974273682, 22.1427268982], [-177.514862061, 65.2147903442, 2.98959136009, 7.56138706207, 18.3595294952, -21.2265644073, 5.16280698776, -18.697977066, 5.79775810242, -38.8674583435, -7.15117931366, 22.1427268982, 94.0154418945]],
        "icov": [[0.000831493060105, 0.000102184756543, 0.00101538177114, -0.000500001537148, 0.00125612493139, -0.000935669755563, 0.000900138169527, -0.000717311922926, 0.00109975063242, -0.000975178263616, 0.000968765700236, -0.000917025317904, 0.000677075760905], [0.000102184756543, 0.00182215683162, 0.000184273943887, 0.000760803115554, -0.00056944944663, 0.000956519856118, -0.00100789871067, 0.000288039183943, -0.000745668949094, 0.000933118921239, -0.00132385129109, 0.000953185197432, -0.000591712945607], [0.00101538177114, 0.000184273943887, 0.00259282183833, -0.00137807638384, 0.00164648296777, -0.00196113414131, 0.000132527304231, -0.000942266196944, 0.00125391164329, -0.000840894004796, 0.00137204467319, -0.0010273498483, 0.000780126603786], [-0.000500001537148, 0.000760803115554, -0.00137807638384, 0.00389887602068, -0.00211063725874, 0.00055674626492, 0.000896828714758, -5.59787695238e-05, -0.00137514958624, 0.00157512049191, -0.000463808013592, 0.00110981799662, -0.000824763730634], [0.00125612493139, -0.00056944944663, 0.00164648296777, -0.00211063725874, 0.00566803943366, -0.000993244932033, 0.00120026688091, -0.00081946188584, 0.0010777899297, -0.00190706772264, 0.00160897721071, -0.00206756335683, 0.00107860588469], [-0.000935669755563, 0.000956519856118, -0.00196113414131, 0.00055674626492, -0.000993244932033, 0.00712121464312, -0.00278660538606, 0.00117004092317, -0.00122990028467, 0.000867571565323, -0.00105039658956, 0.000790570047684, -5.6679618865e-05], [0.000900138169527, -0.00100789871067, 0.000132527304231, 0.000896828714758, 0.00120026688091, -0.00278660538606, 0.00781314726919, -0.001709049684, 0.00187392928638, -0.0011969814077, -3.63640610885e-05, -0.000460755836684, 0.000185230397619], [-0.000717311922926, 0.000288039183943, -0.000942266196944, -5.59787695238e-05, -0.00081946188584, 0.00117004092317, -0.001709049684, 0.00744350627065, -0.00102273083758, 0.000173519350938, -4.83380790683e-05, -0.00152517575771, 0.000969041720964], [0.00109975063242, -0.000745668949094, 0.00125391164329, -0.00137514958624, 0.0010777899297, -0.00122990028467, 0.00187392928638, -0.00102273083758, 0.0113129671663, -0.0028258676175, 0.00224065990187, -0.000750489998609, 0.000351274269633], [-0.000975178263616, 0.000933118921239, -0.000840894004796, 0.00157512049191, -0.00190706772264, 0.000867571565323, -0.0011969814077, 0.000173519350938, -0.0028258676175, 0.00929698720574, -0.00499537400901, 0.0019127385458, 0.00126737274695], [0.000968765700236, -0.00132385129109, 0.00137204467319, -0.000463808013592, 0.00160897721071, -0.00105039658956, -3.63640610885e-05, -4.83380790683e-05, 0.00224065990187, -0.00499537400901, 0.0134476376697, -0.00430118571967, 0.00201473128982], [-0.000917025317904, 0.000953185197432, -0.0010273498483, 0.00110981799662, -0.00206756335683, 0.000790570047684, -0.000460755836684, -0.00152517575771, -0.000750489998609, 0.0019127385458, -0.00430118571967, 0.0141486180946, -0.00496747344732], [0.000677075760905, -0.000591712945607, 0.000780126603786, -0.000824763730634, 0.00107860588469, -5.6679618865e-05, 0.000185230397619, 0.000969041720964, 0.000351274269633, 0.00126737274695, 0.00201473128982, -0.00496747344732, 0.0141515545547]]
    }
}

}