{
"metadata": {
    "version": {
        "essentia": "2.0.1",
        "extractor": "archive-music 1.0 mod ismir14"
    },
    "audio_properties": {
        "analysis_sample_rate": 44100,
        "bitrate": 1444,
        "channels": 2,
        "equal_loudness": 0,
        "length": 30,
        "replay_gain": -13.4583263397,
        "downmix": "mix"
    },
    "tags": {
        "track": 0,
        "year": 0,
        "album": "",
        "artist": "",
        "comment": "",
        "genre": "",
        "title": ""
    }
},
"rhythm": {
    "bpm": 178.205886841,
    "bpm_histogram_first_peak": 178,
    "bpm_histogram_first_peak_spread": 0,
    "bpm_histogram_first_peak_weight": 0.453488379717,
    "bpm_histogram_second_peak": 172,
    "bpm_histogram_second_peak_spread": 0,
    "bpm_histogram_second_peak_weight": 0.441860467196
},
"tonal": {
    "tuning_frequency": {
        "dmean": 0.163951396942,
        "dmean2": 0.324156880379,
        "dvar": 2.73447561264,
        "dvar2": 5.40176439285,
        "max": 456.570251465,
        "mean": 440.461456299,
        "median": 432.940917969,
        "min": 431.941772461,
        "var": 88.2280426025
    },
    "hpcp": {
        "dmean": [0.159833744168, 0.156250089407, 0.172703504562, 0.169095739722, 0.125243291259, 0.178388744593, 0.278205692768, 0.238918051124, 0.232601225376, 0.223879650235, 0.263260811567, 0.201934739947],
        "dmean2": [0.290648400784, 0.293752133846, 0.319390416145, 0.311448246241, 0.235505864024, 0.325227886438, 0.516339361668, 0.432962119579, 0.430697441101, 0.42101791501, 0.476778894663, 0.376045674086],
        "dvar": [0.0667846873403, 0.0808338597417, 0.084360703826, 0.0779709592462, 0.0602291971445, 0.0701075345278, 0.109267599881, 0.0924802869558, 0.101127587259, 0.101482406259, 0.0919413641095, 0.0907369926572],
        "dvar2": [0.183536097407, 0.215917214751, 0.234918057919, 0.206809163094, 0.173206165433, 0.186900570989, 0.312822401524, 0.246128201485, 0.275312721729, 0.278349012136, 0.24649758637, 0.260844260454],
        "max": [1, 1, 1, 1, 1, 1, 1, 1, 1, 1, 1, 1],
        "mean": [0.146203622222, 0.131527334452, 0.139977380633, 0.166232272983, 0.0899321809411, 0.200432211161, 0.269336730242, 0.244379967451, 0.193153142929, 0.179126098752, 0.330392688513, 0.150223553181],
        "median": [0.0364548936486, 0.0128530226648, 0.0221530385315, 0.0254457388073, 0.0134262144566, 0.04221534729, 0.0773135945201, 0.0644369646907, 0.0359428450465, 0.0345513522625, 0.157395750284, 0.0270567573607],
        "min": [0, 0, 0, 1.0441309314e-05, 0, 0.000175621753442, 0, 0, 0, 0, 0, 0],
        "var": [0.0656368434429, 0.0735777541995, 0.0719642490149, 0.0881995782256, 0.0429845005274, 0.097778879106, 0.125957608223, 0.115364201367, 0.0957311764359, 0.090686686337, 0.132845446467, 0.0745526850224]
    }
},
"lowlevel": {
    "melbands": {
        "dmean": [0.000203880685149, 0.000803224742413, 0.000953101087362, 0.000474639295135, 0.000285610934952, 0.000442213000497, 0.000557734107133, 0.000386505387723, 0.000408677762607, 0.000253411009908, 0.000123500823975, 7.95593950897e-05, 6.2811159296e-05, 4.37260823674e-05, 6.35270916973e-05, 4.09075437346e-05, 4.20414799009e-05, 3.67508437193e-05, 2.9053149774e-05, 2.38816865021e-05, 2.10019752558e-05, 1.99018486455e-05, 2.53605976468e-05, 2.6392064683e-05, 1.88271278603e-05, 1.5783474737e-05, 1.1037067452e-05, 7.46739215174e-06, 4.19383513872e-06, 3.34733272211e-06, 2.47968682743e-06, 1.52160305333e-06, 7.88913723682e-07, 6.31122986761e-07, 5.87279544106e-07, 5.06176775161e-07, 4.97100074881e-07, 3.73748264337e-07, 2.0059677297e-07, 9.97670639435e-08],
        "dmean2": [0.00034735162626, 0.0013660575496, 0.00162980193272, 0.000812214217149, 0.000486414181069, 0.00075511605246, 0.000996097689494, 0.00061035354156, 0.000675499206409, 0.000419941643486, 0.000186502889846, 0.000113855487143, 9.64599385043e-05, 6.8161629315e-05, 9.71101253526e-05, 6.41867009108e-05, 6.68045759085e-05, 6.09723538219e-05, 4.85546806885e-05, 4.00400531362e-05, 3.45322769135e-05, 3.23175954691e-05, 4.14165187976e-05, 4.14983260271e-05, 2.89112267637e-05, 2.53422567766e-05, 1.65124129126e-05, 1.1384152458e-05, 6.80379935147e-06, 5.28007149114e-06, 3.80095139008e-06, 2.40335111812e-06, 1.31174226681e-06, 1.04294088032e-06, 9.52898460582e-07, 8.25574545615e-07, 8.1507869254e-07, 6.17632622379e-07, 3.32125978275e-07, 1.63559633393e-07],
        "dvar": [7.29347320316e-08, 1.25521717109e-06, 1.45917329064e-06, 4.75560057112e-07, 1.95787791313e-07, 3.08129841642e-07, 9.2296488674e-07, 9.14853387712e-07, 4.77966239032e-07, 2.30441543181e-07, 6.16779516349e-08, 4.83518647343e-08, 4.55346977901e-08, 1.35999576045e-08, 8.47903649515e-08, 1.13531095636e-08, 1.66217404285e-08, 1.03563539966e-08, 8.51891890363e-09, 1.14368452486e-08, 3.48723228072e-09, 2.43715692072e-09, 3.85108744894e-09, 4.40242553523e-09, 1.99000971257e-09, 1.13913800615e-09, 9.21399179177e-10, 4.48989456725e-10, 6.81958725601e-11, 5.45106321193e-11, 3.56872968676e-11, 9.92426800461e-12, 2.50508533188e-12, 1.10022678902e-12, 1.3293285743e-12, 9.47734403976e-13, 9.84028613801e-13, 1.05363374275e-12, 2.34088275023e-13, 4.5507302489e-14],
        "dvar2": [2.00571221853e-07, 3.36602192874e-06, 4.00864473704e-06, 1.37413098855e-06, 5.38154324659e-07, 8.22912795684e-07, 2.63840888692e-06, 2.13991597775e-06, 1.30341982185e-06, 6.27776898909e-07, 1.38425136242e-07, 8.7901128154e-08, 1.02803305424e-07, 2.97432105612e-08, 2.3525454651e-07, 2.82038428168e-08, 3.95863573033e-08, 2.76095750706e-08, 2.32790728916e-08, 3.20299413659e-08, 9.22751564048e-09, 6.28270679925e-09, 1.05804307537e-08, 1.15262208666e-08, 4.39289271625e-09, 2.94298607706e-09, 1.77822256919e-09, 9.31076105104e-10, 1.66091071452e-10, 1.18217324818e-10, 7.64463492509e-11, 2.10045505294e-11, 6.43815729895e-12, 2.96760597866e-12, 3.61703982737e-12, 2.53205898089e-12, 2.64546197448e-12, 2.95626218817e-12, 6.63098319743e-13, 1.21210238569e-13],
        "max": [0.0042257164605, 0.015176391229, 0.0128896906972, 0.0115499831736, 0.00676816888154, 0.0060225147754, 0.0107269361615, 0.0119053041562, 0.0164192579687, 0.0121680330485, 0.0049661998637, 0.00599461048841, 0.00647047674283, 0.00324240932241, 0.0106296967715, 0.00296929921024, 0.00378915062174, 0.00179815804586, 0.00207907846197, 0.00311852549203, 0.00121340795886, 0.00103572278749, 0.00110345007852, 0.0014206514461, 0.000888609618414, 0.00071391556412, 0.000751854502596, 0.000668629945721, 0.00013150034647, 0.000256423605606, 0.000205597942113, 0.000104194754385, 3.3398388041e-05, 2.11051574297e-05, 1.97395293071e-05, 2.02299634111e-05, 1.6471989511e-05, 2.33420814766e-05, 9.43725353864e-06, 4.79444452139e-06],
        "mean": [0.000256173458183, 0.00107547617517, 0.0012633522274, 0.000714746071026, 0.000379770615837, 0.000652423885185, 0.000656217103824, 0.000507459859364, 0.000763954652939, 0.00043975195149, 0.000276498845778, 0.000154859997565, 0.000109879569209, 7.87493481766e-05, 0.000119399228424, 7.36282963771e-05, 7.46537189116e-05, 6.1712184106e-05, 4.39946015831e-05, 3.91330686398e-05, 3.66933527403e-05, 3.72276372218e-05, 5.60283151572e-05, 6.19355996605e-05, 3.9381080569e-05, 3.3715958125e-05, 2.76660921372e-05, 1.56999121828e-05, 8.3514223661e-06, 6.92344201525e-06, 5.5835485e-06, 3.4411782508e-06, 1.69614304468e-06, 1.33950322834e-06, 1.30514558805e-06, 1.07943697003e-06, 9.90527269096e-07, 7.07865694949e-07, 3.85105266787e-07, 2.00830996278e-07],
        "median": [0.000128027124447, 0.000554734142497, 0.000714556605089, 0.00037964945659, 0.000197416535229, 0.000366336083971, 0.000281810731394, 0.000165194753208, 0.000274716643617, 0.000154995694174, 0.000119488642667, 4.86794342578e-05, 2.22853741434e-05, 2.2097303372e-05, 4.11496839661e-05, 2.02379305847e-05, 1.73268563231e-05, 1.29887630465e-05, 1.11548015411e-05, 7.58275655244e-06, 7.5742232184e-06, 7.48236652726e-06, 6.48742934573e-06, 5.82111215408e-06, 7.83785344538e-06, 8.90602950676e-06, 3.36235939358e-06, 3.68935343431e-06, 3.85879229725e-06, 2.36689129451e-06, 1.39963799484e-06, 1.27229941427e-06, 7.78224716669e-07, 7.36858680739e-07, 6.69238033879e-07, 5.67243887417e-07, 5.90093748087e-07, 3.76407257363e-07, 1.99413250357e-07, 1.19877938687e-07],
        "min": [1.69370526493e-08, 4.44793386123e-06, 6.41148653813e-06, 1.85332999081e-06, 1.35997504458e-06, 2.99053635899e-06, 4.09480162489e-06, 2.87763486995e-06, 2.97021597362e-06, 1.54837493938e-06, 1.26392944821e-06, 9.08731749405e-07, 1.14406034868e-07, 2.97586041142e-07, 2.74534414757e-07, 3.66276623254e-07, 2.99318600128e-07, 1.90465442529e-07, 8.08275260056e-08, 2.93575936894e-07, 2.61183743078e-07, 9.89723716316e-08, 2.54181912851e-07, 1.95665478486e-07, 3.35339734647e-07, 3.02686544273e-07, 1.36574101361e-07, 1.31203847786e-07, 2.69347879112e-07, 1.37726075877e-07, 1.16375709069e-07, 1.65696832255e-07, 8.66383942366e-08, 5.29983523734e-08, 2.2178099357e-08, 4.47480665855e-08, 3.92703825014e-08, 2.43409008505e-08, 1.1718110926e-08, 9.91679893758e-09],
        "var": [1.43805536368e-07, 2.14548936128e-06, 2.42629266722e-06, 1.0377301578e-06, 2.70819697334e-07, 5.80324808652e-07, 1.01292857835e-06, 1.1839445051e-06, 2.62194521383e-06, 1.02738033547e-06, 2.24370964474e-07, 2.00079298907e-07, 1.53309642315e-07, 4.2771517883e-08, 1.23549014575e-07, 3.68700163733e-08, 5.14007183483e-08, 2.51158436271e-08, 1.10741078529e-08, 1.64683342518e-08, 7.3198260786e-09, 6.32482954899e-09, 1.47547059015e-08, 2.056362014e-08, 7.59269802586e-09, 4.58956472826e-09, 5.05295139064e-09, 1.92166460522e-09, 1.9552492958e-10, 2.78972817069e-10, 1.7454099277e-10, 4.45092851464e-11, 8.0976770428e-12, 3.74096196729e-12, 3.97230772581e-12, 2.01256762991e-12, 1.5346321219e-12, 1.14238338841e-12, 3.1696599013e-13, 7.47418145712e-14]
    },
    "mfcc": {
        "dmean": [12.9686307907, 9.91321372986, 10.0301685333, 7.92657423019, 8.36549282074, 7.65470504761, 7.80807542801, 7.51410198212, 7.06147432327, 7.08797454834, 6.89716386795, 6.64784574509, 6.9373216629],
        "dmean2": [17.7614078522, 16.1292381287, 15.6654434204, 13.0169086456, 13.5705986023, 12.7520532608, 12.9399843216, 12.4086265564, 11.5055608749, 11.7089157104, 11.4165611267, 11.0735692978, 11.6714954376],
        "dvar": [187.745010376, 63.4066085815, 70.3482055664, 40.2408027649, 45.2515945435, 37.801990509, 37.6030731201, 35.1186714172, 30.3936214447, 29.0964584351, 28.535036087, 26.7408695221, 29.9992828369],
        "dvar2": [350.824493408, 157.36026001, 176.827697754, 107.236412048, 121.711669922, 105.746803284, 102.497093201, 95.9833068848, 83.4064941406, 78.2785797119, 78.4769897461, 76.191696167, 83.3487625122],
        "max": [-495.678894043, 191.876617432, 70.8745880127, 85.4687805176, 44.2198524475, 29.8243522644, 46.7392959595, 40.5413818359, 27.4191474915, 40.1814193726, 36.8719863892, 32.1332092285, 21.9883499146],
        "mean": [-617.648376465, 121.548927307, -3.44344806671, 23.7961578369, -10.1207857132, -5.79797315598, -4.00246858597, -0.406259834766, -6.29961872101, 5.45722770691, -0.101002879441, 1.29739940166, -9.13403320312],
        "median": [-626.463989258, 123.454322815, -1.22050476074, 22.3497676849, -11.2506160736, -5.11637878418, -5.02811050415, -0.557914733887, -6.07081222534, 5.91096687317, -0.777391433716, 1.53528404236, -8.31330871582],
        "min": [-719.906860352, 27.0314407349, -78.5683746338, -29.2613162994, -67.0238342285, -45.3228530884, -42.8710632324, -38.0879058838, -42.6042060852, -42.3753623962, -35.9604415894, -33.8237266541, -49.5305862427],
        "var": [1888.31433105, 522.630615234, 537.588134766, 253.745162964, 236.438247681, 160.569885254, 192.640792847, 117.066902161, 107.084571838, 123.286132812, 97.6753692627, 85.6431884766, 115.955673218],
        "cov": [[1889.04504395, -453.897064209, -655.29296875, 99.0712585449, 93.003364563, -135.361968994, -11.320142746, 82.863899231, -15.9689254761, -58.8801689148, 4.3689084053, -16.1340446472, -42.2372970581], [-453.897064209, 522.832885742, 202.520095825, -154.75793457, -90.2060241699, 54.1778144836, -9.08576774597, -67.4281616211, 24.2177314758, 39.316619873, 13.3447542191, 37.172039032, 44.2747306824], [-655.29296875, 202.520095825, 537.796142578, 27.4949245453, 16.162103653, 74.2346572876, 9.62741374969, -3.5969479084, 6.28033685684, 13.6820001602, -17.713180542, -10.5830421448, 21.5312805176], [99.0712585449, -154.75793457, 27.4949245453, 253.84336853, 136.786773682, -43.7803688049, -27.1658668518, 38.9722862244, -8.27084445953, -23.353843689, -8.81797885895, -18.4853725433, -3.94921994209], [93.003364563, -90.2060241699, 16.162103653, 136.786773682, 236.529754639, 9.79978084564, -29.5441894531, 35.8240089417, -8.6633014679, -18.2990512848, -20.3534393311, -13.4430656433, 0.514108717442], [-135.361968994, 54.1778144836, 74.2346572876, -43.7803688049, 9.79978084564, 160.632019043, 92.8481826782, 5.54172515869, -0.112450003624, -16.0731067657, -7.94618034363, -0.781173706055, -20.2943515778], [-11.320142746, -9.08576774597, 9.62741374969, -27.1658668518, -29.5441894531, 92.8481826782, 192.715332031, 52.6217155457, -22.9258079529, -18.5326595306, -10.4571237564, 3.66006326675, -20.0256748199], [82.863899231, -67.4281616211, -3.5969479084, 38.9722862244, 35.8240089417, 5.54172515869, 52.6217155457, 117.112205505, 16.5019607544, -21.8529586792, -1.87688374519, -6.2553601265, -3.92894363403], [-15.9689254761, 24.2177314758, 6.28033685684, -8.27084445953, -8.6633014679, -0.112450003624, -22.9258079529, 16.5019607544, 107.126014709, 47.3896713257, 7.99710416794, 3.2915968895, 4.84781742096], [-58.8801689148, 39.316619873, 13.6820001602, -23.353843689, -18.2990512848, -16.0731067657, -18.5326595306, -21.8529586792, 47.3896713257, 123.333847046, 38.3972740173, 7.21321487427, 17.1593914032], [4.3689084053, 13.3447542191, -17.713180542, -8.81797885895, -20.3534393311, -7.94618034363, -10.4571237564, -1.87688374519, 7.99710416794, 38.3972740173, 97.7131652832, 34.6688041687, -3.07233953476], [-16.1340446472, 37.172039032, -10.5830421448, -18.4853725433, -13.4430656433, -0.781173706055, 3.66006326675, -6.2553601265, 3.2915968895, 7.21321487427, 34.6688041687, 85.6763305664, 41.1113166809], [-42.2372970581, 44.2747306824, 21.5312805176, -3.94921994209, 0.514108717442, -20.2943515778, -20.0256748199, -3.92894363403, 4.84781742096, 17.1593914032, -3.07233953476, 41.1113166809, 116.000541687]],
        "icov": [[0.00106488598976, 0.00030887403409, 0.00113559013698, -5.14817729709e-05, -0.000313644297421, 0.000377932447009, -0.000122539204312, -0.000322975305608, -9.42643309827e-05, 0.000255371705862, -8.70466828928e-05, 0.000146716178278, 4.59175953438e-06], [0.00030887403409, 0.00336022954434, -0.000950037734583, 0.00180078530684, -4.93953193654e-05, -9.90238913801e-05, 5.63731773582e-05, 0.00116513611283, -0.000715879490599, 0.000223964831093, -0.00031919873436, -0.000577285245527, -0.000707392988261], [0.00113559013698, -0.000950037734583, 0.00387709750794, -0.00146447529551, 0.000120173688629, -0.00125127821229, 0.000532699166797, -0.00108277599793, 0.000492077553645, -0.000456401146948, 0.000498613342643, 0.000673675676808, -0.000336165452609], [-5.14817729709e-05, 0.00180078530684, -0.00146447529551, 0.00786108057946, -0.00402431702241, 0.00302501977421, -0.000978765892796, 0.000353619543603, -0.000885043758899, 0.00149379437789, -0.00127254298422, 0.000733034394216, -0.000254013342783], [-0.000313644297421, -4.93953193654e-05, 0.000120173688629, -0.00402431702241, 0.00772745162249, -0.00378864980303, 0.00338763510808, -0.00276240264066, 0.00199786177836, -0.00160463224165, 0.00206521106884, -0.000862722867168, 5.3848263633e-05], [0.000377932447009, -9.90238913801e-05, -0.00125127821229, 0.00302501977421, -0.00378864980303, 0.0126206576824, -0.00721804331988, 0.00354339461774, -0.00334242847748, 0.00316257704981, -0.00163178227376, 0.000757064553909, 0.00096969306469], [-0.000122539204312, 5.63731773582e-05, 0.000532699166797, -0.000978765892796, 0.00338763510808, -0.00721804331988, 0.0114762913436, -0.00666008982807, 0.00473582325503, -0.00302432733588, 0.00298420479521, -0.00256683700718, 0.00151767639909], [-0.000322975305608, 0.00116513611283, -0.00108277599793, 0.000353619543603, -0.00276240264066, 0.00354339461774, -0.00666008982807, 0.0146960001439, -0.00597333768383, 0.00473656738177, -0.00327610550448, 0.00231841625646, -0.00172858673614], [-9.42643309827e-05, -0.000715879490599, 0.000492077553645, -0.000885043758899, 0.00199786177836, -0.00334242847748, 0.00473582325503, -0.00597333768383, 0.0143749145791, -0.00705868937075, 0.00300936773419, -0.00203175889328, 0.00138226221316], [0.000255371705862, 0.000223964831093, -0.000456401146948, 0.00149379437789, -0.00160463224165, 0.00316257704981, -0.00302432733588, 0.00473656738177, -0.00705868937075, 0.0140097010881, -0.00660295598209, 0.0036210664548, -0.00289380247705], [-8.70466828928e-05, -0.00031919873436, 0.000498613342643, -0.00127254298422, 0.00206521106884, -0.00163178227376, 0.00298420479521, -0.00327610550448, 0.00300936773419, -0.00660295598209, 0.016258507967, -0.00835322216153, 0.00430587073788], [0.000146716178278, -0.000577285245527, 0.000673675676808, 0.000733034394216, -0.000862722867168, 0.000757064553909, -0.00256683700718, 0.00231841625646, -0.00203175889328, 0.0036210664548, -0.00835322216153, 0.019090231508, -0.00749233039096], [4.59175953438e-06, -0.000707392988261, -0.000336165452609, -0.000254013342783, 5.3848263633e-05, 0.00096969306469, 0.00151767639909, -0.00172858673614, 0.00138226221316, -0.00289380247705, 0.00430587073788, -0.00749233039096, 0.0124586028978]]
    }
}

}