{
"metadata": {
    "version": {
        "essentia": "2.0.1",
        "extractor": "archive-music 1.0 mod ismir14"
    },
    "audio_properties": {
        "analysis_sample_rate": 44100,
        "bitrate": 1444,
        "channels": 2,
        "equal_loudness": 0,
        "length": 30,
        "replay_gain": -13.8820514679,
        "downmix": "mix"
    },
    "tags": {
        "track": 0,
        "year": 0,
        "album": "",
        "artist": "",
        "comment": "",
        "genre": "",
        "title": ""
    }
},
"rhythm": {
    "bpm": 90.2672195435,
    "bpm_histogram_first_peak": 91,
    "bpm_histogram_first_peak_spread": 0.357142865658,
    "bpm_histogram_first_peak_weight": 0.62790697813,
    "bpm_histogram_second_peak": 83,
    "bpm_histogram_second_peak_spread": 0,
    "bpm_histogram_second_peak_weight": 0.0232558138669
},
"tonal": {
    "tuning_frequency": {
        "dmean": 0.0572897382081,
        "dmean2": 0.11393725127,
        "dvar": 0.70612424612,
        "dvar2": 1.5516679287,
        "max": 454.727905273,
        "mean": 440.104003906,
        "median": 441.527557373,
        "min": 431.193908691,
        "var": 50.0586700439
    },
    "hpcp": {
        "dmean": [0.199470430613, 0.157958313823, 0.171821862459, 0.13150767982, 0.166415572166, 0.181159973145, 0.191135466099, 0.229357719421, 0.229129493237, 0.169654935598, 0.166844412684, 0.198096707463],
        "dmean2": [0.369216918945, 0.300941079855, 0.319322675467, 0.247929736972, 0.306488126516, 0.333849936724, 0.362307041883, 0.417302072048, 0.42251303792, 0.319456249475, 0.313401669264, 0.370886176825],
        "dvar": [0.0887872129679, 0.0904229134321, 0.0827255696058, 0.0686991512775, 0.0776396244764, 0.0884234532714, 0.105806820095, 0.101026549935, 0.108653925359, 0.0942926779389, 0.0863404199481, 0.0956733897328],
        "dvar2": [0.240694895387, 0.256393969059, 0.241863131523, 0.193611726165, 0.2149977386, 0.240646451712, 0.278841167688, 0.26708728075, 0.283952921629, 0.272143959999, 0.253205120564, 0.27663487196],
        "max": [1, 1, 1, 1, 1, 1, 1, 1, 1, 1, 1, 1],
        "mean": [0.200473666191, 0.11688812077, 0.161157861352, 0.123062506318, 0.156550973654, 0.195788994431, 0.140222400427, 0.25283357501, 0.2049266994, 0.122464522719, 0.123929381371, 0.143349289894],
        "median": [0.0373390391469, 0.0090330215171, 0.0281495936215, 0.0107420487329, 0.0218127015978, 0.0262611322105, 0.00638742884621, 0.0615844242275, 0.0290632043034, 0.0119328992441, 0.0135812470689, 0.0220534410328],
        "min": [0, 0, 0, 0, 3.01885738736e-05, 2.22723738261e-05, 0, 0, 0, 0, 0, 0],
        "var": [0.102769769728, 0.0727893412113, 0.0817531198263, 0.0725382566452, 0.0799941420555, 0.109922766685, 0.0877987742424, 0.126630783081, 0.111379347742, 0.069941483438, 0.0686022415757, 0.0738982260227]
    }
},
"lowlevel": {
    "melbands": {
        "dmean": [0.000754008011427, 0.00249152537435, 0.00117825681809, 0.000477510853671, 0.000339021265972, 0.000252467958489, 0.000273461744655, 0.000313574506436, 0.000441808952019, 0.000305211986415, 0.000136469840072, 0.000152373570018, 0.000138351460919, 9.92288041743e-05, 0.000134130066726, 0.000135513721034, 3.2776966691e-05, 2.53191719821e-05, 1.44841205838e-05, 1.7758417016e-05, 2.73426758213e-05, 2.09511181311e-05, 3.36279408657e-05, 2.62600096903e-05, 1.5026096662e-05, 1.74664037331e-05, 1.33595685838e-05, 8.27377698442e-06, 3.82771122531e-06, 3.21003108184e-06, 1.69875727352e-06, 8.20074376406e-07, 4.99189866332e-07, 4.07989574569e-07, 4.01412563633e-07, 4.13523679299e-07, 2.9834083648e-07, 4.49566556426e-07, 3.64800854413e-07, 3.12931490498e-07],
        "dmean2": [0.00123891071416, 0.0045214141719, 0.00206477870233, 0.000821558292955, 0.000592793454416, 0.000428682047641, 0.000455179600976, 0.000488700869028, 0.000630401424132, 0.000407626968808, 0.000194744716282, 0.000213887542486, 0.000192211969988, 0.000154592635226, 0.00019952034927, 0.000192213847185, 4.86877179355e-05, 3.79534503736e-05, 2.29419783864e-05, 2.785891229e-05, 4.30620384577e-05, 3.39914186043e-05, 5.37231208e-05, 3.92656256736e-05, 2.24528394028e-05, 2.80053918686e-05, 1.96244800463e-05, 1.21902430692e-05, 5.88585453443e-06, 4.87230681756e-06, 2.5905790153e-06, 1.29582736008e-06, 8.10811059182e-07, 6.52690630432e-07, 6.50506478905e-07, 6.62402499074e-07, 4.65673451799e-07, 7.33169599698e-07, 5.63703451917e-07, 4.95853385019e-07],
        "dvar": [6.16931117747e-07, 8.07409833214e-06, 1.89872935152e-06, 5.22859522789e-07, 5.25049642874e-07, 1.81141544431e-07, 2.19914966237e-07, 3.5394290876e-07, 7.74081513555e-07, 9.74077352112e-07, 2.65110514874e-07, 2.02009033501e-07, 1.3057292847e-07, 9.29665233684e-08, 1.32652843376e-07, 1.64552972137e-07, 1.03760804393e-08, 5.01130070774e-09, 6.24444163044e-10, 8.08923483753e-10, 2.82357937031e-09, 2.20257923012e-09, 4.97960117585e-09, 3.38528294286e-09, 8.31570978743e-10, 1.09255271497e-09, 7.7894324324e-10, 3.42405659381e-10, 6.55138443495e-11, 5.32427921196e-11, 1.15594313635e-11, 1.79322051999e-12, 5.8580755264e-13, 3.64194324655e-13, 4.66242062319e-13, 3.45336904689e-13, 2.25871093205e-13, 4.70620992263e-13, 3.70248943267e-13, 2.70134500706e-13],
        "dvar2": [1.74625051841e-06, 2.69108768407e-05, 5.57459179618e-06, 1.50543587552e-06, 1.50367941387e-06, 4.90151023769e-07, 5.74718967528e-07, 8.22954916657e-07, 1.44552382153e-06, 1.65725475654e-06, 4.19664843321e-07, 2.91582637146e-07, 1.98948313823e-07, 2.13477278521e-07, 2.36475884208e-07, 2.80381243556e-07, 1.52804933151e-08, 1.11882449971e-08, 1.41486855565e-09, 1.91169258201e-09, 6.61784405054e-09, 5.74693714839e-09, 1.22480523501e-08, 7.7634769724e-09, 1.81244708131e-09, 2.63438937331e-09, 1.53433443728e-09, 6.52572551552e-10, 1.31241656431e-10, 1.05300747288e-10, 2.50965290216e-11, 4.49701647448e-12, 1.49195250338e-12, 8.82080920892e-13, 1.10090896902e-12, 8.52218089934e-13, 5.22290110466e-13, 1.19093168487e-12, 7.35876528983e-13, 6.21926284344e-13],
        "max": [0.00866423267871, 0.0214326642454, 0.0142558198422, 0.0112388636917, 0.00767084117979, 0.0060803303495, 0.00940443295985, 0.00982423126698, 0.0178269296885, 0.0195576548576, 0.0252289511263, 0.01631613262, 0.0131370872259, 0.00663064746186, 0.00882055889815, 0.0122447619215, 0.00479795783758, 0.00173283030745, 0.000446762947831, 0.000280820182525, 0.00087739888113, 0.00068158947397, 0.00101001618896, 0.00116685405374, 0.000476922985399, 0.000447198923212, 0.000506800948642, 0.000519754248671, 0.000163537974004, 0.000162598807947, 5.96646787017e-05, 2.20384008571e-05, 1.04448290585e-05, 1.01034147519e-05, 1.23700183394e-05, 7.64363085182e-06, 1.06357756522e-05, 9.68979566096e-06, 1.31134511321e-05, 1.07844234662e-05],
        "mean": [0.00128295156173, 0.00342237530276, 0.00177682680078, 0.000666474108584, 0.000437531154603, 0.000378840195481, 0.000442570308223, 0.000594754819758, 0.000892356212717, 0.000603518332355, 0.000232898179092, 0.000268808274996, 0.000314094882924, 0.000145495185279, 0.000228108474403, 0.000246381823672, 6.13955562585e-05, 4.24909740104e-05, 2.57940919255e-05, 3.04972527374e-05, 4.47227866971e-05, 3.42637322319e-05, 5.66705930396e-05, 4.55477602372e-05, 2.82324526779e-05, 3.1215200579e-05, 2.50784760283e-05, 1.51072899826e-05, 7.39538518246e-06, 5.77714354222e-06, 3.11011012855e-06, 1.58876844125e-06, 9.69746906776e-07, 8.56734629906e-07, 8.19117303763e-07, 8.41796463646e-07, 6.74780665122e-07, 9.47753960645e-07, 8.71210204423e-07, 7.13840165645e-07],
        "median": [0.000927988963667, 0.00235765986145, 0.00122186203953, 0.000402821897296, 0.000197154455236, 0.000177370748133, 0.000170150829945, 0.000191253900994, 0.000246945477556, 9.33254050324e-05, 5.01660651935e-05, 6.22459192527e-05, 4.62520583824e-05, 4.54000837635e-05, 5.53355603188e-05, 4.12645822507e-05, 1.39672611112e-05, 1.06113448055e-05, 1.06155657704e-05, 1.26361228467e-05, 1.32296590891e-05, 1.03988058981e-05, 1.48013186845e-05, 9.81620178209e-06, 9.30440364755e-06, 1.15312195703e-05, 6.3094212237e-06, 3.54006328962e-06, 2.68701774075e-06, 1.7574100184e-06, 1.20266088288e-06, 8.54167012676e-07, 5.9909217498e-07, 5.28891291651e-07, 5.3195651617e-07, 5.73270654058e-07, 4.13924908571e-07, 6.02788020387e-07, 5.36083746283e-07, 4.583042994e-07],
        "min": [9.18499608815e-07, 4.68209827886e-06, 1.59659757628e-05, 3.87493628295e-06, 1.89496358871e-06, 1.78343816515e-06, 2.09087556868e-06, 2.33177433984e-06, 2.71443605016e-06, 6.01743863626e-07, 7.48281195229e-07, 1.12837403776e-06, 9.01961584532e-07, 6.00994837896e-07, 6.79193249198e-07, 1.32101632744e-07, 3.5849456026e-07, 2.54042447523e-07, 1.60909621627e-07, 2.30622674735e-07, 1.21100583783e-07, 2.92419485959e-07, 4.10134106232e-07, 3.21874750853e-07, 3.94915247171e-07, 6.41740825813e-07, 1.86875197983e-07, 1.80174424713e-07, 1.12303737865e-07, 1.27204828004e-07, 5.8548977222e-08, 4.85016080631e-08, 2.0997644512e-08, 3.27130855737e-08, 4.2177205728e-08, 5.15846210192e-08, 3.38025039071e-08, 2.18513669381e-08, 2.25957990097e-08, 1.98360172732e-08],
        "var": [1.43017268783e-06, 1.05036451714e-05, 2.93380776384e-06, 6.82120230522e-07, 5.6266867432e-07, 3.26345656276e-07, 6.01657063726e-07, 1.02525768853e-06, 2.72462375506e-06, 3.58031957148e-06, 1.16941009765e-06, 6.49030084787e-07, 7.04511535332e-07, 1.3251971609e-07, 3.39555384699e-07, 6.10013614732e-07, 5.77317784689e-08, 1.47935477202e-08, 1.60105129154e-09, 1.72928016351e-09, 5.62210411559e-09, 3.47025208569e-09, 1.03863291301e-08, 7.63039764706e-09, 2.09908779247e-09, 2.53856780041e-09, 2.18548135145e-09, 8.60456927931e-10, 1.62610674925e-10, 1.31187574692e-10, 2.5603855841e-11, 4.10527384656e-12, 1.20413683365e-12, 9.07147187229e-13, 8.85946372688e-13, 7.05125356975e-13, 5.72414836884e-13, 1.1993932323e-12, 1.11657428095e-12, 7.08998886077e-13]
    },
    "mfcc": {
        "dmean": [13.5694103241, 9.32980442047, 9.62870597839, 8.4352388382, 8.11841392517, 7.73551940918, 7.43480920792, 7.15623474121, 6.96300935745, 6.71261930466, 6.90251207352, 6.91020107269, 6.44370079041],
        "dmean2": [17.082572937, 14.931810379, 15.0345783234, 13.5096845627, 13.4404993057, 12.56665802, 12.2506408691, 11.8630313873, 11.7668571472, 11.0515975952, 11.4255599976, 11.4495325089, 10.7058115005],
        "dvar": [198.946670532, 58.3848266602, 70.4034118652, 44.86195755, 39.5492553711, 35.7664337158, 33.0997276306, 30.0351715088, 29.1403007507, 27.6744689941, 30.3688297272, 29.4628944397, 23.2608699799],
        "dvar2": [255.795440674, 144.983520508, 143.106048584, 109.584892273, 102.367477417, 93.262512207, 90.8501586914, 81.6452178955, 76.6520080566, 76.3358306885, 83.7949066162, 82.1790237427, 62.1827201843],
        "max": [-499.490814209, 189.64213562, 65.9628295898, 75.9731445312, 54.5701293945, 42.7376670837, 58.228603363, 47.0797615051, 30.2210273743, 41.7969322205, 41.0749664307, 39.4674034119, 27.2543792725],
        "mean": [-608.558837891, 125.967445374, -1.33981132507, 23.9348316193, 6.66167926788, -5.13448524475, 13.9656009674, 5.8021364212, -0.205711379647, 2.45177316666, 4.29323863983, 6.11794185638, 1.01991665363],
        "median": [-611.325927734, 126.163925171, 0.619524002075, 23.6022357941, 6.35025787354, -4.19514465332, 13.6702213287, 5.84881782532, 0.260381698608, 1.98190116882, 4.59009361267, 6.17997932434, 1.25246238708],
        "min": [-704.734680176, 61.1214675903, -61.5232086182, -35.3695297241, -38.2352333069, -57.3672103882, -25.1366634369, -34.3375740051, -35.9838790894, -42.1110801697, -31.7480316162, -27.7846927643, -29.530796051],
        "var": [1996.7097168, 287.751251221, 517.477172852, 315.841674805, 225.031066895, 222.036773682, 170.502822876, 126.708786011, 84.6651077271, 103.993438721, 92.3885726929, 86.5638961792, 73.3270111084],
        "cov": [[1997.48242188, -40.5430870056, -682.497436523, 9.95817565918, -306.705230713, -250.908676147, -137.874923706, -90.0073623657, -38.1775093079, -24.7700767517, -62.3448066711, 0.229533195496, -68.0166854858], [-40.5430870056, 287.862609863, 7.07467317581, -96.1422195435, -61.482006073, -4.3911690712, 11.9746446609, 0.702555835247, -13.9777793884, 16.0714359283, 49.6932106018, -4.32586479187, -1.8868676424], [-682.497436523, 7.07467317581, 517.677429199, -24.4751167297, 171.123321533, 73.5102996826, 20.3223381042, 15.7555980682, 20.2920417786, 18.1808567047, 9.44511890411, -13.6547203064, 23.3412189484], [9.95817565918, -96.1422195435, -24.4751167297, 315.963897705, 66.3339767456, -6.88410520554, -62.0377807617, -18.7775802612, 48.4346084595, 16.8664474487, -42.3857765198, -2.90885066986, 21.8538093567], [-306.705230713, -61.482006073, 171.123321533, 66.3339767456, 225.118148804, 39.7699508667, 16.3180770874, -13.3705387115, 19.869764328, 22.3453655243, -13.9325027466, 2.25215911865, 6.78962182999], [-250.908676147, -4.3911690712, 73.5102996826, -6.88410520554, 39.7699508667, 222.122695923, 103.055229187, 38.6677818298, -17.4883003235, -9.50263977051, 37.6974449158, -5.95363092422, -15.9595832825], [-137.874923706, 11.9746446609, 20.3223381042, -62.0377807617, 16.3180770874, 103.055229187, 170.56880188, 69.3454818726, -10.9038724899, -23.8380508423, 22.3740463257, 13.7921028137, -11.612827301], [-90.0073623657, 0.702555835247, 15.7555980682, -18.7775802612, -13.3705387115, 38.6677818298, 69.3454818726, 126.757827759, 23.6365642548, -19.1960372925, 7.55132341385, 9.44533538818, 7.53297948837], [-38.1775093079, -13.9777793884, 20.2920417786, 48.4346084595, 19.869764328, -17.4883003235, -10.9038724899, 23.6365642548, 84.6978759766, 38.1411552429, -4.08428573608, 1.54220056534, 7.88045597076], [-24.7700767517, 16.0714359283, 18.1808567047, 16.8664474487, 22.3453655243, -9.50263977051, -23.8380508423, -19.1960372925, 38.1411552429, 104.033683777, 28.9291820526, -4.04492473602, -1.84715676308], [-62.3448066711, 49.6932106018, 9.44511890411, -42.3857765198, -13.9325027466, 37.6974449158, 22.3740463257, 7.55132341385, -4.08428573608, 28.9291820526, 92.424331665, 29.9983711243, -5.17000102997], [0.229533195496, -4.32586479187, -13.6547203064, -2.90885066986, 2.25215911865, -5.95363092422, 13.7921028137, 9.44533538818, 1.54220056534, -4.04492473602, 29.9983711243, 86.5973968506, 26.7601470947], [-68.0166854858, -1.8868676424, 23.3412189484, 21.8538093567, 6.78962182999, -15.9595832825, -11.612827301, 7.53297948837, 7.88045597076, -1.84715676308, -5.17000102997, 26.7601470947, 73.3553924561]],
        "icov": [[0.00114929978736, 0.000210460158996, 0.0011296896264, 4.33215172961e-05, 0.000650582776871, 0.000619599421043, 0.000244026232394, 0.000305186287733, 0.000196185777895, -0.000155758927576, 0.000548562034965, -0.000344490312273, 0.000919915211853], [0.000210460158996, 0.00447982596233, -0.000128694067826, 0.00080014654668, 0.00119772809558, 0.000657386088278, -0.000391825800762, 0.000375438597985, 0.000213683670154, -0.000400736607844, -0.00218955799937, 0.00117823958863, -0.000572659366298], [0.0011296896264, -0.000128694067826, 0.00416613044217, 0.000975388044026, -0.00195991736837, -0.000261707376922, 0.00111005583312, -0.000206252399948, -0.00052211759612, 0.000204462237889, 7.87169847172e-05, 0.000684509810526, -0.000433602253906], [4.33215172961e-05, 0.00080014654668, 0.000975388044026, 0.00481035374105, -0.0014642549213, -0.00135971431155, 0.00211758492514, 0.000195512475329, -0.00244905217551, 0.000150657637278, 0.00133234239183, -0.000122846322483, -0.00112223217729], [0.000650582776871, 0.00119772809558, -0.00195991736837, -0.0014642549213, 0.0080985436216, 1.0380200365e-05, -0.00173589098267, 0.00195640511811, -5.22200971318e-05, -0.00178012065589, 0.00191962043755, -0.00154331582598, 0.00112994364463], [0.000619599421043, 0.000657386088278, -0.000261707376922, -0.00135971431155, 1.0380200365e-05, 0.00819487962872, -0.00437246309593, -0.000148179969983, 0.00192598556168, 0.000386081897886, -0.00346627621911, 0.00210278248414, 0.000976166222245], [0.000244026232394, -0.000391825800762, 0.00111005583312, 0.00211758492514, -0.00173589098267, -0.00437246309593, 0.0118769444525, -0.00493762735277, 0.000498184759635, 0.000904633663595, 0.000805377203505, -0.00213274708949, 0.00163281778805], [0.000305186287733, 0.000375438597985, -0.000206252399948, 0.000195512475329, 0.00195640511811, -0.000148179969983, -0.00493762735277, 0.0128125641495, -0.00591569393873, 0.00320401019417, -0.000830521108583, 0.000316325051244, -0.00146845530253], [0.000196185777895, 0.000213683670154, -0.00052211759612, -0.00244905217551, -5.22200971318e-05, 0.00192598556168, 0.000498184759635, -0.00591569393873, 0.0192768480629, -0.00802003405988, 0.0022655306384, -0.00110708188731, 0.000484075542772], [-0.000155758927576, -0.000400736607844, 0.000204462237889, 0.000150657637278, -0.00178012065589, 0.000386081897886, 0.000904633663595, 0.00320401019417, -0.00802003405988, 0.0158178005368, -0.00709720561281, 0.00311607075855, -0.000578786479309], [0.000548562034965, -0.00218955799937, 7.87169847172e-05, 0.00133234239183, 0.00191962043755, -0.00346627621911, 0.000805377203505, -0.000830521108583, 0.0022655306384, -0.00709720561281, 0.0198898818344, -0.00871376506984, 0.00346982432529], [-0.000344490312273, 0.00117823958863, 0.000684509810526, -0.000122846322483, -0.00154331582598, 0.00210278248414, -0.00213274708949, 0.000316325051244, -0.00110708188731, 0.00311607075855, -0.00871376506984, 0.0175684336573, -0.00706582562998], [0.000919915211853, -0.000572659366298, -0.000433602253906, -0.00112223217729, 0.00112994364463, 0.000976166222245, 0.00163281778805, -0.00146845530253, 0.000484075542772, -0.000578786479309, 0.00346982432529, -0.00706582562998, 0.0182154756039]]
    }
}

}