{
"metadata": {
    "version": {
        "essentia": "2.0.1",
        "extractor": "archive-music 1.0 mod ismir14"
    },
    "audio_properties": {
        "analysis_sample_rate": 44100,
        "bitrate": 32,
        "channels": 2,
        "equal_loudness": 0,
        "length": 30.0408172607,
        "replay_gain": -14.819978714,
        "downmix": "mix"
    },
    "tags": {
        "track": 0,
        "year": 0,
        "album": "",
        "artist": "",
        "comment": "",
        "genre": "",
        "title": ""
    }
},
"rhythm": {
    "bpm": 109.314041138,
    "bpm_histogram_first_peak": 110,
    "bpm_histogram_first_peak_spread": 0.396226406097,
    "bpm_histogram_first_peak_weight": 0.603773593903,
    "bpm_histogram_second_peak": 0,
    "bpm_histogram_second_peak_spread": 0,
    "bpm_histogram_second_peak_weight": 0
},
"tonal": {
    "tuning_frequency": {
        "dmean": 0.0771478712559,
        "dmean2": 0.150937065482,
        "dvar": 0.53397911787,
        "dvar2": 1.11569142342,
        "max": 448.208557129,
        "mean": 441.710693359,
        "median": 442.03793335,
        "min": 431.941772461,
        "var": 3.64603328705
    },
    "hpcp": {
        "dmean": [0.100165598094, 0.0745500698686, 0.0615738704801, 0.127629235387, 0.0612410791218, 0.111611023545, 0.0517853684723, 0.0788154602051, 0.106899693608, 0.0508113913238, 0.113822810352, 0.0851160287857],
        "dmean2": [0.175192445517, 0.139158904552, 0.113439999521, 0.223010629416, 0.111852437258, 0.195057660341, 0.098806001246, 0.141054943204, 0.181196242571, 0.0940861552954, 0.196998745203, 0.158602163196],
        "dvar": [0.045997351408, 0.0421700030565, 0.0303840693086, 0.0552299544215, 0.0277348328382, 0.0479085482657, 0.0249880943447, 0.0285289026797, 0.039148863405, 0.0214513316751, 0.0480252243578, 0.0512212887406],
        "dvar2": [0.107904702425, 0.109508752823, 0.0837793499231, 0.12576803565, 0.0734770596027, 0.122701190412, 0.0726222172379, 0.0741692334414, 0.0959653183818, 0.0600232630968, 0.121992483735, 0.146064162254],
        "max": [1, 1, 1, 1, 1, 1, 1, 1, 1, 1, 1, 1],
        "mean": [0.159799948335, 0.213570207357, 0.0422654300928, 0.417230576277, 0.0440599471331, 0.216396003962, 0.0320803746581, 0.0935277789831, 0.207025647163, 0.0317571498454, 0.206843569875, 0.0543676055968],
        "median": [0.0222080983222, 0.00503838993609, 0.00332701182924, 0.184284374118, 0.00262523558922, 0.0337328948081, 0.00252698920667, 0.010263428092, 0.0715472772717, 0.00233594700694, 0.0583472959697, 0.00248188851401],
        "min": [6.46840305762e-07, 4.04946786148e-06, 3.17968715535e-06, 8.09298671811e-06, 2.93915945804e-06, 1.9576464183e-06, 4.69165911454e-07, 4.18594281655e-05, 1.24364930798e-06, 1.66601364526e-06, 5.56676968699e-06, 1.08188930881e-06],
        "var": [0.0888737365603, 0.149217352271, 0.0199664607644, 0.189618647099, 0.021617975086, 0.119367696345, 0.0143197821453, 0.0445244424045, 0.0979122593999, 0.0128148719668, 0.100691027939, 0.0325639210641]
    }
},
"lowlevel": {
    "melbands": {
        "dmean": [0.000518422515597, 0.000880307808984, 0.00061590783298, 0.000377354270313, 0.000165831108461, 0.00014940481924, 8.44084279379e-05, 0.000120206801512, 0.000177658832399, 0.000110260647489, 2.686584412e-05, 3.25491273543e-05, 1.89863367268e-05, 2.00898030016e-05, 2.21238642553e-05, 1.91629733308e-05, 2.01125567401e-05, 1.79714752448e-05, 1.02742624222e-05, 1.66274166986e-05, 7.07183608029e-06, 5.00614078192e-06, 5.43917531104e-06, 3.23594395013e-06, 1.90884952644e-06, 1.42581563978e-06, 8.79007643562e-07, 6.37374114376e-07, 6.71235000027e-07, 4.80170399442e-07, 4.01740464895e-07, 3.96891266519e-07, 3.67926361378e-07, 2.72135849855e-07, 2.35565664752e-07, 2.06820729431e-07, 1.62326671216e-07, 1.0211689272e-07, 8.33049185189e-08, 6.80863152525e-08],
        "dmean2": [0.000880328298081, 0.00144674920011, 0.000966808467638, 0.000620197562966, 0.000271440279903, 0.000221043737838, 0.000133087814902, 0.000182978488738, 0.000283440516796, 0.000170932311448, 3.99446980737e-05, 4.92552862852e-05, 2.83993012999e-05, 3.15852266795e-05, 3.6006062146e-05, 2.97291171591e-05, 3.28056812577e-05, 2.7795218557e-05, 1.65871497302e-05, 2.65105445578e-05, 1.11275185191e-05, 8.20169771032e-06, 8.88288013812e-06, 5.38096901437e-06, 2.98789336739e-06, 2.21010282075e-06, 1.37795711908e-06, 9.92298623714e-07, 1.00536396985e-06, 7.05688250946e-07, 5.85125292218e-07, 5.72129522425e-07, 5.38707467967e-07, 3.87978644767e-07, 3.57383612481e-07, 3.14066426199e-07, 2.43872932515e-07, 1.57991550509e-07, 1.25290114283e-07, 1.05164751574e-07],
        "dvar": [1.94960352928e-06, 1.40013662531e-06, 6.31125715245e-07, 5.19785885444e-07, 4.46025509859e-08, 6.30119387779e-08, 1.83356227978e-08, 5.96203904024e-08, 1.38748774248e-07, 8.03247957037e-08, 5.25777155147e-09, 8.65124061278e-09, 2.61655674905e-09, 2.53890886093e-09, 4.61261828733e-09, 1.91699367491e-09, 1.8895423004e-09, 1.81423021051e-09, 6.23937346234e-10, 3.63982510798e-09, 2.70679617609e-10, 7.75857503243e-11, 1.78896009118e-10, 4.47858902741e-11, 1.00372670245e-11, 5.71478498204e-12, 2.63314001679e-12, 1.54158033994e-12, 1.41064178567e-12, 8.77781517177e-13, 7.25658736659e-13, 7.33029576708e-13, 6.55338955845e-13, 4.50075876091e-13, 5.73553628636e-13, 7.86094117317e-13, 7.77648507654e-13, 2.29433415625e-13, 9.41037747943e-14, 7.84206006339e-14],
        "dvar2": [5.33323554919e-06, 3.50110030922e-06, 1.51614472088e-06, 1.44033697325e-06, 1.1941062894e-07, 1.25520600136e-07, 4.07807299041e-08, 1.26109995335e-07, 3.22323046476e-07, 1.85362225125e-07, 9.37478095153e-09, 1.69983511711e-08, 5.84742876342e-09, 6.00733285339e-09, 1.18634870816e-08, 4.08568778809e-09, 5.01420105437e-09, 4.10763911773e-09, 1.54778134753e-09, 9.83556969203e-09, 6.8833261313e-10, 1.9376011906e-10, 4.8709325462e-10, 1.16046859622e-10, 2.37019587984e-11, 1.37914610288e-11, 6.33536018785e-12, 3.57815231437e-12, 2.96198525776e-12, 2.00006135785e-12, 1.63499725911e-12, 1.56903819364e-12, 1.36604724928e-12, 8.9161712952e-13, 1.14402324419e-12, 1.63112373001e-12, 1.63540806331e-12, 4.2085044759e-13, 1.81047261601e-13, 1.47294760481e-13],
        "max": [0.0122586945072, 0.0100234942511, 0.00839410815388, 0.00559554388747, 0.00169935228769, 0.00241562561132, 0.00125819991808, 0.00291824969463, 0.00505282683298, 0.00383871723898, 0.00156423414592, 0.00190566084348, 0.00105161569081, 0.000503918505274, 0.000820336688776, 0.00049075926654, 0.00050429435214, 0.000642481783871, 0.00023012427846, 0.00119979551528, 0.000263415713562, 8.61654843902e-05, 0.000239661865635, 9.33859555516e-05, 3.50064401573e-05, 2.54062397289e-05, 1.27909715957e-05, 1.10583705464e-05, 1.26865152197e-05, 6.7526566454e-06, 8.91274703463e-06, 8.83661232365e-06, 1.06069828689e-05, 1.08739668576e-05, 1.45503290696e-05, 1.79788694368e-05, 1.83854081115e-05, 9.26972279558e-06, 6.30514477962e-06, 5.25620225744e-06],
        "mean": [0.000638516503386, 0.00265488657169, 0.00192248797975, 0.000708195380867, 0.000304518645862, 0.000269184762146, 0.000139637151733, 0.000174758664798, 0.000238597596763, 0.00017530391051, 3.78242220904e-05, 3.91433022742e-05, 2.56336843449e-05, 2.53275302384e-05, 2.48181022471e-05, 2.75548245554e-05, 2.52389272646e-05, 2.41565994656e-05, 1.32774448502e-05, 2.61825680354e-05, 1.13836995297e-05, 7.85932934377e-06, 1.04707905848e-05, 6.16446095592e-06, 3.04173545373e-06, 1.92016932488e-06, 1.0858539099e-06, 7.51758420847e-07, 8.29021530535e-07, 5.73625698053e-07, 4.67753210387e-07, 4.61771975324e-07, 4.25706815577e-07, 3.17495789659e-07, 2.68976947382e-07, 2.1718628318e-07, 1.70504307562e-07, 1.12313401246e-07, 8.73668781765e-08, 7.43672856629e-08],
        "median": [0.000345790642314, 0.00243774498813, 0.00174825580325, 0.000526899006218, 0.000209436751902, 9.14081174415e-05, 6.37184857624e-05, 6.03506705374e-05, 5.92232390773e-05, 3.67616812582e-05, 1.18972293421e-05, 1.11477584142e-05, 7.65182630857e-06, 5.31579462404e-06, 5.82804204896e-06, 6.44407828077e-06, 5.2180930652e-06, 5.49363994651e-06, 3.49182209902e-06, 3.37574306286e-06, 3.27975931214e-06, 3.2483094401e-06, 2.39307132688e-06, 1.43561453569e-06, 1.14701379061e-06, 7.15005512575e-07, 3.8640666844e-07, 2.42022679231e-07, 2.45158105372e-07, 1.31788596036e-07, 1.03362665982e-07, 1.03442317823e-07, 9.28256866928e-08, 8.0328874219e-08, 5.60253141657e-08, 5.2108841686e-08, 3.83357594558e-08, 2.47058089542e-08, 2.02958698736e-08, 1.5135388054e-08],
        "min": [3.71088162865e-07, 3.88287503483e-07, 9.21124581055e-07, 2.21120376409e-06, 6.18054355073e-06, 1.84401926617e-07, 4.61721072043e-07, 4.18429593196e-08, 2.40057346446e-07, 9.63526076703e-08, 1.19715020119e-08, 1.32821034171e-08, 1.05432240716e-08, 9.52319023639e-09, 3.9651140149e-09, 2.33398500527e-09, 3.32830230043e-09, 2.80984080447e-09, 2.57034438178e-09, 2.59325072527e-09, 2.9445235139e-09, 1.89711180099e-09, 2.32357466601e-09, 1.39977807123e-09, 1.02513364464e-09, 8.76125727522e-10, 4.08552219833e-10, 2.57706939122e-10, 1.88181095706e-10, 1.14031582787e-10, 4.84032883219e-11, 2.14514257052e-11, 1.66874083996e-11, 9.56943118496e-12, 7.14250967399e-12, 4.32242089343e-12, 4.88659546855e-12, 4.23338360894e-12, 3.22551902722e-12, 2.64358695524e-12],
        "var": [1.44928264945e-06, 3.63187496077e-06, 1.59038529546e-06, 5.24596430296e-07, 8.65949800755e-08, 1.67946438978e-07, 3.73275099719e-08, 1.11976191874e-07, 2.17997140339e-07, 1.90253246046e-07, 9.55704226868e-09, 1.26392674105e-08, 4.60600491081e-09, 3.27995786087e-09, 4.60541782488e-09, 3.85438791994e-09, 3.19334425569e-09, 3.39293526608e-09, 8.07791222801e-10, 1.00527204339e-08, 5.37032918135e-10, 1.41117353913e-10, 5.71291125517e-10, 1.6670009817e-10, 2.14661760589e-11, 9.0798818117e-12, 3.11506614774e-12, 1.8165008343e-12, 2.11951441641e-12, 1.18449575235e-12, 8.86468470244e-13, 9.33836992109e-13, 8.66794971303e-13, 6.18741819933e-13, 7.08536907531e-13, 8.4408158631e-13, 8.06512788411e-13, 2.85402289909e-13, 1.14263999196e-13, 9.47212008265e-14]
    },
    "mfcc": {
        "dmean": [32.7037506104, 17.4551467896, 12.1417474747, 9.41304683685, 8.08291053772, 7.19615602493, 6.6322760582, 6.53847694397, 5.67549085617, 6.20198774338, 5.64023828506, 5.51445579529, 5.80106544495],
        "dmean2": [41.459980011, 23.2358531952, 16.1008014679, 13.9039344788, 11.8888196945, 10.8990240097, 10.0730438232, 10.3367290497, 8.85464572906, 9.78002929688, 8.81052303314, 8.85700035095, 9.12893772125],
        "dvar": [1265.70556641, 319.703796387, 148.098983765, 80.252243042, 66.3325958252, 40.8099784851, 31.8613433838, 33.5590171814, 24.0538082123, 31.1019973755, 25.4338207245, 21.4299468994, 24.1564216614],
        "dvar2": [2584.61889648, 597.154602051, 235.111434937, 166.524093628, 117.520233154, 84.0458450317, 67.075340271, 77.520980835, 48.8909225464, 71.315574646, 55.7904968262, 53.0307350159, 62.1192207336],
        "max": [-578.607788086, 248.652069092, 118.92868042, 92.3960418701, 66.0984039307, 40.3671569824, 32.0680160522, 51.4191665649, 27.8641166687, 38.5490722656, 38.4818954468, 29.0439243317, 23.4744796753],
        "mean": [-714.313537598, 171.052154541, 6.71792888641, 32.605304718, 17.5089111328, 6.75753688812, -4.60342788696, 5.02676486969, -0.743005514145, 2.27374386787, 1.61045444012, -1.0059170723, -5.73301696777],
        "median": [-702.241821289, 171.86227417, 6.34750175476, 30.334487915, 16.729801178, 8.00589084625, -3.42255878448, 4.65920352936, -0.449535369873, 1.7897567749, 0.524132728577, -1.37674236298, -5.03097343445],
        "min": [-952.759155273, 24.9911231995, -93.6072387695, -47.3148651123, -29.5815544128, -31.125743866, -43.8004150391, -28.8560791016, -37.3670196533, -27.547328949, -23.8589954376, -24.6771755219, -30.8355102539],
        "var": [5102.71728516, 1217.91931152, 1108.60046387, 434.378234863, 262.078430176, 169.118103027, 181.499038696, 103.772254944, 72.4130172729, 131.527374268, 84.9365463257, 64.2574615479, 61.9817047119],
        "cov": [[5110.60400391, -1414.75158691, -754.346740723, -81.4285049438, -331.663818359, -60.6248626709, -222.526992798, 10.0699911118, -25.0476951599, 50.010017395, 11.9255113602, -16.5109672546, -43.0994338989], [-1414.75158691, 1219.80163574, -360.282348633, -250.656051636, 37.3831367493, -102.237731934, 82.2956237793, -32.7397003174, -33.6040000916, 26.9074993134, 45.6503829956, 13.4515161514, -2.94795322418], [-754.346740723, -360.282348633, 1110.31396484, 227.1847229, -25.8763637543, 209.986572266, 121.664039612, 43.6189804077, 15.6612186432, -71.9800491333, -42.4568748474, -8.61699771881, 15.8920593262], [-81.4285049438, -250.656051636, 227.1847229, 435.049591064, 113.321052551, 8.29973506927, -99.6939926147, 25.982334137, 44.2612915039, -70.1420135498, -59.4348869324, 1.16734290123, 15.8087387085], [-331.663818359, 37.3831367493, -25.8763637543, 113.321052551, 262.483520508, -29.1793651581, -43.4680023193, 17.3719005585, 13.6892404556, 14.6623344421, -3.21399092674, 18.3036060333, -1.86640655994], [-60.6248626709, -102.237731934, 209.986572266, 8.29973506927, -29.1793651581, 169.379486084, 71.8733215332, -1.45961713791, 8.84848976135, -2.78058385849, 10.389922142, -2.7322742939, -3.53902244568], [-222.526992798, 82.2956237793, 121.664039612, -99.6939926147, -43.4680023193, 71.8733215332, 181.779556274, 18.2932929993, -30.5986919403, 26.5057239532, 28.5932731628, 6.52728509903, -4.50933504105], [10.0699911118, -32.7397003174, 43.6189804077, 25.982334137, 17.3719005585, -1.45961713791, 18.2932929993, 103.932647705, 2.24432134628, -7.55668830872, 8.59036445618, 18.8529529572, -3.15949964523], [-25.0476951599, -33.6040000916, 15.6612186432, 44.2612915039, 13.6892404556, 8.84848976135, -30.5986919403, 2.24432134628, 72.5249404907, 11.0767908096, -13.9407815933, -2.60948204994, -0.554866492748], [50.010017395, 26.9074993134, -71.9800491333, -70.1420135498, 14.6623344421, -2.78058385849, 26.5057239532, -7.55668830872, 11.0767908096, 131.730667114, 56.4411468506, -8.04735374451, -25.519329071], [11.9255113602, 45.6503829956, -42.4568748474, -59.4348869324, -3.21399092674, 10.389922142, 28.5932731628, 8.59036445618, -13.9407815933, 56.4411468506, 85.0678253174, 14.8451490402, -12.3086042404], [-16.5109672546, 13.4515161514, -8.61699771881, 1.16734290123, 18.3036060333, -2.7322742939, 6.52728509903, 18.8529529572, -2.60948204994, -8.04735374451, 14.8451490402, 64.3567810059, 19.6453647614], [-43.0994338989, -2.94795322418, 15.8920593262, 15.8087387085, -1.86640655994, -3.53902244568, -4.50933504105, -3.15949964523, -0.554866492748, -25.519329071, -12.3086042404, 19.6453647614, 62.0775032043]],
        "icov": [[0.000601220759563, 0.000870599877089, 0.000670712324791, 8.55848629726e-05, 0.000720421492588, -0.00012755044736, 0.000292848213576, -0.000240874200244, 0.000464744050987, -0.000183226191439, 9.40750833252e-05, -0.000228882752708, 0.000308581307763], [0.000870599877089, 0.00240018684417, 0.0012047921773, 0.000601577106863, 0.000556042650715, 0.000605970271863, -0.000566311704461, 0.000151500207721, 0.000198185705813, 0.000482990726596, -0.000451737054391, -0.000212847866351, 0.000452745385701], [0.000670712324791, 0.0012047921773, 0.00232024351135, -0.000736120622605, 0.000922960403841, -0.00138256151695, -0.000881667132489, -0.000531106546987, 0.00042100311839, 0.000219067733269, 0.000381632795325, 8.92794196261e-05, 0.00011543832079], [8.55848629726e-05, 0.000601577106863, -0.000736120622605, 0.00434391899034, -0.00159309874289, 7.58012829465e-05, 0.00186253327411, -0.000620368286036, -0.00119007646572, 0.00137773959432, 0.000525058014318, 0.000226286967518, -0.00018141522014], [0.000720421492588, 0.000556042650715, 0.000922960403841, -0.00159309874289, 0.00587315717712, -0.000115804585221, 0.00112584687304, -0.000936738157179, 0.00113856559619, -0.00213913363405, 0.000980297103524, -0.00200376054272, 0.000859382853378], [-0.00012755044736, 0.000605970271863, -0.00138256151695, 7.58012829465e-05, -0.000115804585221, 0.0100828427821, -0.00409409590065, 0.00204357760958, -0.00336822099052, 0.00208914722316, -0.00292976945639, 0.000506161246449, 0.000740435381886], [0.000292848213576, -0.000566311704461, -0.000881667132489, 0.00186253327411, 0.00112584687304, -0.00409409590065, 0.0109436176717, -0.00268701999448, 0.00453838938847, -0.00307140569203, 0.0012172695715, -0.0011894806521, -0.000217808556044], [-0.000240874200244, 0.000151500207721, -0.000531106546987, -0.000620368286036, -0.000936738157179, 0.00204357760958, -0.00268701999448, 0.0116847231984, -0.00193643884268, 0.00213370379061, -0.00226875324734, -0.00282702315599, 0.00192641071044], [0.000464744050987, 0.000198185705813, 0.00042100311839, -0.00119007646572, 0.00113856559619, -0.00336822099052, 0.00453838938847, -0.00193643884268, 0.018767401576, -0.00591337308288, 0.00556573970243, -0.00143433723133, -0.000104999890027], [-0.000183226191439, 0.000482990726596, 0.000219067733269, 0.00137773959432, -0.00213913363405, 0.00208914722316, -0.00307140569203, 0.00213370379061, -0.00591337308288, 0.0147574814036, -0.00966167915612, 0.00331796566024, 0.00247711432166], [9.40750833252e-05, -0.000451737054391, 0.000381632795325, 0.000525058014318, 0.000980297103524, -0.00292976945639, 0.0012172695715, -0.00226875324734, 0.00556573970243, -0.00966167915612, 0.0214477665722, -0.00622661877424, 0.00194892601576], [-0.000228882752708, -0.000212847866351, 8.92794196261e-05, 0.000226286967518, -0.00200376054272, 0.000506161246449, -0.0011894806521, -0.00282702315599, -0.00143433723133, 0.00331796566024, -0.00622661877424, 0.0210158545524, -0.00704540731385], [0.000308581307763, 0.000452745385701, 0.00011543832079, -0.00018141522014, 0.000859382853378, 0.000740435381886, -0.000217808556044, 0.00192641071044, -0.000104999890027, 0.00247711432166, 0.00194892601576, -0.00704540731385, 0.020144989714]]
    }
}

}