{
"metadata": {
    "version": {
        "essentia": "2.0.1",
        "extractor": "archive-music 1.0 mod ismir14"
    },
    "audio_properties": {
        "analysis_sample_rate": 44100,
        "bitrate": 32,
        "channels": 2,
        "equal_loudness": 0,
        "length": 30.0408172607,
        "replay_gain": -8.35384559631,
        "downmix": "mix"
    },
    "tags": {
        "track": 7,
        "year": 0,
        "album": "The Cool Jazz Collection",
        "artist": "Astrud Gilberto",
        "comment": "",
        "genre": "Jazz",
        "title": "Girl From Ipanema"
    }
},
"rhythm": {
    "bpm": 130.358261108,
    "bpm_histogram_first_peak": 129,
    "bpm_histogram_first_peak_spread": 0.55172419548,
    "bpm_histogram_first_peak_weight": 0.412698417902,
    "bpm_histogram_second_peak": 123,
    "bpm_histogram_second_peak_spread": 0,
    "bpm_histogram_second_peak_weight": 0.047619048506
},
"tonal": {
    "tuning_frequency": {
        "dmean": 0.0686623007059,
        "dmean2": 0.132974997163,
        "dvar": 1.08951842785,
        "dvar2": 2.43776226044,
        "max": 454.990661621,
        "mean": 435.355438232,
        "median": 434.193115234,
        "min": 431.193908691,
        "var": 17.3116664886
    },
    "hpcp": {
        "dmean": [0.115992501378, 0.116415925324, 0.149848803878, 0.179894164205, 0.159632742405, 0.125111624599, 0.142431870103, 0.153619930148, 0.227374345064, 0.135144516826, 0.137109592557, 0.114226348698],
        "dmean2": [0.225685551763, 0.22373020649, 0.289395689964, 0.341084122658, 0.30969029665, 0.239771574736, 0.273027420044, 0.297885924578, 0.43804782629, 0.262228518724, 0.262367963791, 0.223546221852],
        "dvar": [0.0823506936431, 0.077026411891, 0.0992742478848, 0.108008936048, 0.105295903981, 0.0802134647965, 0.0895160362124, 0.101599290967, 0.133214429021, 0.0946981534362, 0.087360791862, 0.0798856988549],
        "dvar2": [0.238827973604, 0.221250325441, 0.275812596083, 0.299996525049, 0.298139125109, 0.231263190508, 0.253458350897, 0.289576768875, 0.371816843748, 0.27388805151, 0.244836166501, 0.233767390251],
        "max": [1, 1, 1, 1, 1, 1, 1, 1, 1, 1, 1, 1],
        "mean": [0.0731997787952, 0.102843463421, 0.109916545451, 0.208500921726, 0.114252381027, 0.0937354415655, 0.13191409409, 0.116813488305, 0.197185531259, 0.0935422554612, 0.0994971245527, 0.080118894577],
        "median": [0.00038246193435, 0.00163864926435, 0.000753359403461, 0.00356427254155, 0.00109870103188, 0.0011270774994, 0.00160435657017, 0.00117843889166, 0.00438853958622, 0.000335653137881, 0.00192204723135, 0.000594594341237],
        "min": [0, 0, 0, 0, 0, 0, 0, 0, 0, 0, 0, 0],
        "var": [0.0547282956541, 0.0733551308513, 0.08100130409, 0.136467635632, 0.0819314196706, 0.0670918226242, 0.0929116532207, 0.0847238898277, 0.130119785666, 0.0718818604946, 0.0656081661582, 0.0598717294633]
    }
},
"lowlevel": {
    "melbands": {
        "dmean": [0.000825490511488, 0.00341573054902, 0.00359995733015, 0.00187195010949, 0.00101051048841, 0.000382844154956, 0.000129712148919, 0.000122028795886, 5.10357276653e-05, 2.68221756414e-05, 2.79554587905e-05, 2.93292796414e-05, 8.78700029716e-06, 6.65237666908e-06, 7.89822661318e-06, 4.83758367409e-06, 3.76879324904e-06, 1.77211609298e-06, 1.64445896189e-06, 1.66174163496e-06, 1.03025342924e-06, 1.32331933855e-06, 1.58401792305e-06, 1.52100665218e-06, 6.34334071492e-07, 3.90859526078e-07, 5.92732135374e-07, 8.24447909054e-07, 7.23514517631e-07, 9.60143324846e-07, 1.50529388065e-06, 2.49433924182e-06, 3.01238242173e-06, 1.78134007456e-06, 8.81933488017e-07, 4.97571477354e-07, 4.15074055127e-07, 3.13989346523e-07, 4.15953337551e-07, 5.89866942846e-07],
        "dmean2": [0.0014032520121, 0.00584817491472, 0.00618626596406, 0.00312986574136, 0.00169057596941, 0.000648255168926, 0.000193655403564, 0.000172547399416, 6.93515612511e-05, 3.43680403603e-05, 3.67644061043e-05, 3.82973121305e-05, 1.25106626001e-05, 1.01476489363e-05, 1.09968650577e-05, 7.24234087102e-06, 5.48692833036e-06, 2.64624782176e-06, 2.35019888351e-06, 2.41055340666e-06, 1.55785789957e-06, 1.97400163415e-06, 2.36208552451e-06, 2.3795191737e-06, 1.01636555883e-06, 5.94388268382e-07, 9.06264858713e-07, 1.33759192522e-06, 1.09630559564e-06, 1.44108423683e-06, 2.31052717936e-06, 3.9507681322e-06, 4.69056658403e-06, 2.73155319519e-06, 1.40806582749e-06, 7.36126366974e-07, 6.35058768239e-07, 4.54915181081e-07, 6.10548568147e-07, 9.07511093828e-07],
        "dvar": [2.58324189417e-06, 2.91570377158e-05, 3.5831668356e-05, 9.39017536439e-06, 2.7424905511e-06, 4.48722687452e-07, 1.44587914974e-07, 1.52202119352e-07, 1.86763067234e-08, 9.92877424721e-09, 7.28234228475e-09, 2.1090743374e-08, 1.12463460766e-09, 4.57685944699e-10, 7.14447889738e-10, 5.07296704644e-10, 5.52658752095e-10, 5.48242631848e-11, 7.47466949447e-11, 8.35564811785e-11, 1.48930052318e-11, 1.62567650314e-11, 2.72357240927e-11, 4.30464761059e-11, 7.25419030401e-12, 1.16850723975e-12, 4.75760967081e-12, 1.25039900309e-11, 8.19024795901e-12, 3.28568526553e-11, 6.96530055855e-11, 2.2092051799e-10, 6.90358381572e-10, 1.57113447252e-10, 2.28169184935e-11, 3.31325591962e-12, 2.04446659255e-12, 1.56509050511e-12, 4.86768091112e-12, 9.49820777585e-12],
        "dvar2": [6.94631989973e-06, 8.81619489519e-05, 0.000115806251415, 2.58383424807e-05, 7.44300632505e-06, 1.25672545437e-06, 2.22176637976e-07, 2.4235436058e-07, 2.91832531474e-08, 1.25393366801e-08, 1.27699717467e-08, 2.42956410546e-08, 2.66551269945e-09, 1.06353659213e-09, 1.12337594782e-09, 1.05403896722e-09, 9.95663329562e-10, 1.13818267311e-10, 1.19719595348e-10, 1.72538733301e-10, 2.92499288679e-11, 3.40624889406e-11, 5.97881674724e-11, 1.08917583286e-10, 1.82762832646e-11, 2.5828304339e-12, 1.09396198697e-11, 3.20274674837e-11, 1.89159347908e-11, 7.76914921286e-11, 1.45582920719e-10, 5.0756221448e-10, 1.74433401057e-09, 3.44549527798e-10, 6.58820706323e-11, 7.71019012524e-12, 5.00535246931e-12, 3.59588053778e-12, 1.26675735873e-11, 2.64187786231e-11],
        "max": [0.033431392163, 0.0699401721358, 0.0709863826632, 0.0825412720442, 0.0245126709342, 0.012083593756, 0.00941025279462, 0.00946943927556, 0.00374812283553, 0.00407160725445, 0.00221226876602, 0.0107482289895, 0.00100957835093, 0.000680660130456, 0.00156832067296, 0.000852096709423, 0.000997471506707, 0.00030819879612, 0.000361154699931, 0.000349907815689, 0.000130817643367, 8.09354169178e-05, 9.95283553493e-05, 0.000147343220306, 9.36740470934e-05, 2.92267741315e-05, 5.99639206484e-05, 0.000132133587613, 8.15872117528e-05, 0.000163398610312, 0.000240256209509, 0.000406684703194, 0.00103539472912, 0.000560056534596, 0.000139294061228, 4.81099887111e-05, 3.38370664394e-05, 4.82765717607e-05, 7.90463891462e-05, 8.33779413369e-05],
        "mean": [0.00153498339932, 0.00626038154587, 0.00756489112973, 0.00369379576296, 0.00229867454618, 0.000828871328849, 0.000307371665258, 0.00030447327299, 0.000143580749864, 8.82539025042e-05, 8.62319939188e-05, 8.67787239258e-05, 2.26282318181e-05, 1.28677311295e-05, 1.99600690394e-05, 1.18604930321e-05, 8.43521320348e-06, 3.53918653673e-06, 3.36370158038e-06, 3.2732039017e-06, 1.8169013174e-06, 2.69777183348e-06, 3.2242942325e-06, 2.53051393884e-06, 1.11437975647e-06, 7.61104047342e-07, 1.05785829874e-06, 1.3674116417e-06, 1.17495915219e-06, 1.52088875893e-06, 2.59933085545e-06, 4.20519063482e-06, 4.39552150056e-06, 3.00169881484e-06, 1.50630330609e-06, 1.01460136648e-06, 8.41009750729e-07, 6.64464323563e-07, 8.34528862015e-07, 1.12060331503e-06],
        "median": [0.000353900890332, 0.00292772357352, 0.003257608274, 0.00197515659966, 0.000798406079412, 0.000307346927002, 9.11821407499e-05, 5.1110277127e-05, 1.93653941096e-05, 7.11348275217e-06, 7.59985732657e-06, 7.81769995228e-06, 3.3454766708e-06, 3.48626576852e-06, 2.75587353826e-06, 1.07302082597e-06, 6.92105516009e-07, 4.72113299566e-07, 2.58186616975e-07, 2.25437517543e-07, 2.21791978561e-07, 3.76446877226e-07, 3.68643298998e-07, 2.46184839625e-07, 1.5573603207e-07, 1.25799203943e-07, 1.79840697001e-07, 1.8117411571e-07, 1.04932055933e-07, 1.26119417132e-07, 1.39602647664e-07, 9.66863353824e-08, 1.19075401983e-07, 9.31418284722e-08, 8.94628442438e-08, 8.66161329327e-08, 8.08591167356e-08, 6.13123631865e-08, 6.75432545449e-08, 6.73903741699e-08],
        "min": [1.61802179727e-12, 9.26158672324e-13, 6.29957717935e-12, 1.74830115662e-11, 2.1554133478e-11, 1.34816402833e-11, 4.53807998124e-12, 3.12048043655e-12, 2.91964369348e-12, 1.99614435224e-12, 2.64973741733e-12, 2.70066195969e-12, 2.69416151714e-12, 1.90489160903e-12, 1.08791502283e-12, 1.88294822442e-12, 1.04670590771e-12, 5.11850804796e-12, 7.92316906528e-12, 8.3418107491e-12, 1.20373958197e-12, 2.46224286619e-12, 2.51913442363e-12, 5.67150926917e-12, 8.48484216914e-12, 1.60452866271e-11, 5.29910577224e-12, 1.46815771346e-11, 5.90631536734e-12, 1.21142635853e-11, 1.18397817592e-11, 2.6957663532e-12, 1.79279160961e-12, 2.88147609072e-12, 3.0423222535e-12, 1.32213223659e-13, 2.79349221706e-12, 2.61648992403e-12, 1.55122746245e-12, 4.22602870667e-13],
        "var": [1.30089711092e-05, 5.83420041949e-05, 9.1687492386e-05, 3.11044459522e-05, 1.22659648696e-05, 1.81876362149e-06, 7.76542378844e-07, 7.5499713148e-07, 1.45092371895e-07, 1.02823122461e-07, 5.55422090542e-08, 2.60300765831e-07, 5.53560886019e-09, 1.15033971237e-09, 7.04677605157e-09, 2.16768603067e-09, 1.93979654561e-09, 1.30998364933e-10, 2.7857358087e-10, 2.79163858696e-10, 3.7799170044e-11, 4.38828140492e-11, 8.1317348688e-11, 7.82406986422e-11, 1.3396569444e-11, 4.23261859589e-12, 1.37776925285e-11, 3.82444909075e-11, 1.80179707959e-11, 5.78697471887e-11, 1.85153045673e-10, 5.30251509367e-10, 8.88455309322e-10, 4.39885822212e-10, 4.96849401899e-11, 1.17350851259e-11, 7.24175320405e-12, 5.65908691436e-12, 1.48168768921e-11, 2.79569232348e-11]
    },
    "mfcc": {
        "dmean": [17.2574634552, 12.955997467, 9.47988414764, 8.15037918091, 7.64082956314, 7.68360900879, 7.25299215317, 6.85293960571, 6.85666561127, 6.81314229965, 6.6090965271, 6.54908466339, 6.12642765045],
        "dmean2": [21.0722904205, 17.1024036407, 14.406162262, 12.4620399475, 12.3127565384, 12.225028038, 11.5239953995, 11.1531934738, 11.2440891266, 11.1172657013, 10.9045848846, 10.7900533676, 10.189658165],
        "dvar": [485.171569824, 194.952697754, 83.8353424072, 48.6586685181, 37.1149253845, 39.9971733093, 32.8412055969, 28.6215896606, 28.5826892853, 29.1516189575, 27.2640857697, 25.3960552216, 23.8658027649],
        "dvar2": [749.588867188, 272.238189697, 190.227111816, 112.387756348, 96.9356765747, 94.9956970215, 80.2975997925, 73.5379486084, 75.7956161499, 78.5288467407, 76.678062439, 69.9836959839, 64.5771484375],
        "max": [-542.021911621, 256.129425049, 148.640304565, 119.050300598, 55.9203910828, 73.0145645142, 46.482673645, 47.8145370483, 34.0717773438, 34.588848114, 30.3768157959, 43.3972473145, 25.7412967682],
        "mean": [-734.049682617, 158.043029785, 64.1329421997, 31.0220756531, 8.44810581207, 6.73940658569, 1.74085903168, 1.65741932392, -6.764316082, -11.6350212097, -6.20302009583, -1.75009489059, -6.72483348846],
        "median": [-724.330871582, 167.740814209, 64.2402114868, 29.3486824036, 9.51150131226, 8.39477157593, 2.64257621765, 1.28217697144, -6.85764503479, -10.3804740906, -5.68809318542, -2.04440689087, -6.41990089417],
        "min": [-1138.42004395, -55.7836608887, -20.0246887207, -46.6758308411, -46.6201705933, -57.0399780273, -51.3119850159, -44.3525543213, -43.9978561401, -61.1119537354, -51.2510375977, -40.1449356079, -40.2462425232],
        "var": [6033.93701172, 2595.35009766, 755.164916992, 576.101501465, 239.561706543, 328.266357422, 225.129974365, 166.401428223, 131.490859985, 219.550598145, 167.527511597, 152.042999268, 101.514305115],
        "cov": [[6036.26855469, -591.333984375, -507.260772705, -162.243652344, -143.911437988, -265.921783447, -254.29510498, 12.899181366, -52.4511642456, 86.5679244995, 46.9912757874, -59.0779914856, -173.262512207], [-591.333984375, 2596.35302734, -403.699432373, -299.41305542, 92.2567672729, -252.323410034, 47.3483276367, 125.155853271, -124.951156616, -163.524154663, -45.3701553345, 40.4388160706, -108.169166565], [-507.260772705, -403.699432373, 755.456726074, 179.806152344, -57.9449195862, 196.526870728, 33.3102416992, -54.3952903748, 24.0675754547, -86.3536911011, 21.7552394867, -36.7474746704, 70.5606307983], [-162.243652344, -299.41305542, 179.806152344, 576.32409668, 159.974487305, -93.5763931274, -48.7627334595, 26.9423141479, 1.38991200924, -104.998710632, 7.62816381454, -51.4104995728, 60.729057312], [-143.911437988, 92.2567672729, -57.9449195862, 159.974487305, 239.654266357, -20.4102039337, -19.9656867981, 15.3107976913, 7.14544200897, -18.6419353485, -19.0157299042, 16.9840145111, 0.109320871532], [-265.921783447, -252.323410034, 196.526870728, -93.5763931274, -20.4102039337, 328.393218994, 79.8864135742, -19.7342014313, 49.0036048889, 54.5680427551, 46.5540885925, 11.2435741425, 32.6920547485], [-254.29510498, 47.3483276367, 33.3102416992, -48.7627334595, -19.9656867981, 79.8864135742, 225.216964722, 53.2092704773, 10.8501119614, 31.0081996918, 16.9760189056, 22.2985115051, 14.0611419678], [12.899181366, 125.155853271, -54.3952903748, 26.9423141479, 15.3107976913, -19.7342014313, 53.2092704773, 166.465713501, 36.6540298462, -10.1943054199, 28.9445056915, -8.50956630707, -1.40436351299], [-52.4511642456, -124.951156616, 24.0675754547, 1.38991200924, 7.14544200897, 49.0036048889, 10.8501119614, 36.6540298462, 131.541671753, 70.1234970093, 18.4987831116, -19.5116863251, 14.4980516434], [86.5679244995, -163.524154663, -86.3536911011, -104.998710632, -18.6419353485, 54.5680427551, 31.0081996918, -10.1943054199, 70.1234970093, 219.635437012, 29.3708591461, 15.9829006195, -8.90449047089], [46.9912757874, -45.3701553345, 21.7552394867, 7.62816381454, -19.0157299042, 46.5540885925, 16.9760189056, 28.9445056915, 18.4987831116, 29.3708591461, 167.59223938, -5.6188993454, 20.4764003754], [-59.0779914856, 40.4388160706, -36.7474746704, -51.4104995728, 16.9840145111, 11.2435741425, 22.2985115051, -8.50956630707, -19.5116863251, 15.9829006195, -5.6188993454, 152.101760864, 6.73282623291], [-173.262512207, -108.169166565, 70.5606307983, 60.729057312, 0.109320871532, 32.6920547485, 14.0611419678, -1.40436351299, 14.4980516434, -8.90449047089, 20.4764003754, 6.73282623291, 101.553527832]],
        "icov": [[0.000213376551983, 0.000100018754893, 0.000112902664114, 6.96622228133e-05, 8.75701807672e-05, 0.000122365556308, 0.000191974788322, -0.00012201017671, 0.000120828619401, -2.52962649938e-06, -0.000119076743431, 5.20306857652e-05, 0.00028581044171], [0.000100018754893, 0.000649120367598, 8.20010245661e-05, 0.000667768530548, -0.000541676301509, 0.000557185383514, -0.000141970434925, -0.000409558531828, 0.000300289248116, 0.000545286515262, -0.000183967247722, 9.11500028451e-05, 0.000276950217085], [0.000112902664114, 8.20010245661e-05, 0.00245459796861, -0.00113131012768, 0.00129201053642, -0.00156616873574, -0.000179745140485, 0.000886440335307, -0.000670703186188, 0.00120946345851, 3.69137924281e-05, 6.92311223247e-05, -1.92893203348e-05], [6.96622228133e-05, 0.000667768530548, -0.00113131012768, 0.00414862809703, -0.00307331513613, 0.00216557621025, 4.92503640999e-05, -0.000865846930537, 0.000294911413221, 0.00102176202927, -0.000683195423335, 0.00107587105595, -0.00146342325024], [8.75701807672e-05, -0.000541676301509, 0.00129201053642, -0.00307331513613, 0.00686617521569, -0.00171383214183, 0.000577885250095, 0.000270089658443, -0.000900657905731, -0.000153234228492, 0.000908736081328, -0.00136849528644, 0.00100326968823], [0.000122365556308, 0.000557185383514, -0.00156616873574, 0.00216557621025, -0.00171383214183, 0.00578461680561, -0.00138141168281, 0.00039338922943, -0.000838438572828, -0.000181624985998, -0.00129199936055, 0.000136625836603, -0.000712971785106], [0.000191974788322, -0.000141970434925, -0.000179745140485, 4.92503640999e-05, 0.000577885250095, -0.00138141168281, 0.00604211399332, -0.00256248540245, 0.00124561681878, -0.00122556800488, 0.000323523505358, -0.000584796012845, -0.000467948266305], [-0.00012201017671, -0.000409558531828, 0.000886440335307, -0.000865846930537, 0.000270089658443, 0.00039338922943, -0.00256248540245, 0.00880689639598, -0.00381527887657, 0.00180907582399, -0.00146091380157, 3.19676546496e-05, 0.000602876592893], [0.000120828619401, 0.000300289248116, -0.000670703186188, 0.000294911413221, -0.000900657905731, -0.000838438572828, 0.00124561681878, -0.00381527887657, 0.0119887823239, -0.00423775799572, 0.000436070142314, 0.00173362449277, -0.00142468546983], [-2.52962649938e-06, 0.000545286515262, 0.00120946345851, 0.00102176202927, -0.000153234228492, -0.000181624985998, -0.00122556800488, 0.00180907582399, -0.00423775799572, 0.00782013311982, -0.00125288090203, -0.000651338021271, 0.000964959675912], [-0.000119076743431, -0.000183967247722, 3.69137924281e-05, -0.000683195423335, 0.000908736081328, -0.00129199936055, 0.000323523505358, -0.00146091380157, 0.000436070142314, -0.00125288090203, 0.00698825996369, 0.000146930033225, -0.00125717010815], [5.20306857652e-05, 9.11500028451e-05, 6.92311223247e-05, 0.00107587105595, -0.00136849528644, 0.000136625836603, -0.000584796012845, 3.19676546496e-05, 0.00173362449277, -0.000651338021271, 0.000146930033225, 0.0075349509716, -0.00130049977452], [0.00028581044171, 0.000276950217085, -1.92893203348e-05, -0.00146342325024, 0.00100326968823, -0.000712971785106, -0.000467948266305, 0.000602876592893, -0.00142468546983, 0.000964959675912, -0.00125717010815, -0.00130049977452, 0.01244745031]]
    }
}

}