{
"metadata": {
    "version": {
        "essentia": "2.0.1",
        "extractor": "archive-music 1.0 mod ismir14"
    },
    "audio_properties": {
        "analysis_sample_rate": 44100,
        "bitrate": 32,
        "channels": 2,
        "equal_loudness": 0,
        "length": 30.0408172607,
        "replay_gain": -11.7863292694,
        "downmix": "mix"
    },
    "tags": {
        "track": 6,
        "year": 0,
        "album": "Swing Classics (Jazz & Tzaz 70)",
        "artist": "Benny Carter",
        "comment": "",
        "genre": "Jazz",
        "title": "Babalu"
    }
},
"rhythm": {
    "bpm": 92.4049606323,
    "bpm_histogram_first_peak": 92,
    "bpm_histogram_first_peak_spread": 0.613636374474,
    "bpm_histogram_first_peak_weight": 0.377777785063,
    "bpm_histogram_second_peak": 99,
    "bpm_histogram_second_peak_spread": 0,
    "bpm_histogram_second_peak_weight": 0.0222222227603
},
"tonal": {
    "tuning_frequency": {
        "dmean": 0.0494732744992,
        "dmean2": 0.0937780439854,
        "dvar": 0.473252177238,
        "dvar2": 1.05347025394,
        "max": 454.990661621,
        "mean": 435.35824585,
        "median": 434.444000244,
        "min": 434.444000244,
        "var": 2.18400382996
    },
    "hpcp": {
        "dmean": [0.149417534471, 0.142547309399, 0.149209275842, 0.19460080564, 0.141436770558, 0.116952389479, 0.154516011477, 0.122533321381, 0.194305405021, 0.143403083086, 0.183868080378, 0.194739028811],
        "dmean2": [0.277802884579, 0.258095264435, 0.282737612724, 0.349870443344, 0.260748922825, 0.214324295521, 0.271559000015, 0.228231593966, 0.349341392517, 0.268702983856, 0.333302378654, 0.347144037485],
        "dvar": [0.0670853331685, 0.0601703636348, 0.078414440155, 0.0806950777769, 0.0637078210711, 0.0537093803287, 0.0599134452641, 0.0574629604816, 0.0757108777761, 0.0700474604964, 0.0712664797902, 0.0766086503863],
        "dvar2": [0.191866308451, 0.167216941714, 0.226043105125, 0.213615730405, 0.173600375652, 0.151501685381, 0.160668283701, 0.161377847195, 0.202248826623, 0.201359435916, 0.194224789739, 0.206819474697],
        "max": [1, 1, 1, 1, 1, 1, 1, 1, 1, 1, 1, 1],
        "mean": [0.11404568702, 0.14823615551, 0.107926905155, 0.397696435452, 0.166201502085, 0.100352220237, 0.240574106574, 0.0950853675604, 0.287761062384, 0.104087434709, 0.191130638123, 0.235678687692],
        "median": [0.0114522064105, 0.0206114724278, 0.00373795698397, 0.191404089332, 0.013276415877, 0.0129503095523, 0.0603458508849, 0.00746268918738, 0.100012727082, 0.00817778054625, 0.0632909536362, 0.0634616613388],
        "min": [0, 0, 0, 0, 0, 0, 0, 0, 0, 0, 0, 0],
        "var": [0.0571768321097, 0.0671622008085, 0.0647267624736, 0.173885121942, 0.0942063704133, 0.0484618209302, 0.116584539413, 0.0481273420155, 0.129826933146, 0.0524319149554, 0.0776201784611, 0.107118360698]
    }
},
"lowlevel": {
    "melbands": {
        "dmean": [2.76670634776e-05, 0.000122529731016, 0.000138201401569, 0.000257249514107, 0.000309881841531, 0.00034303747816, 0.000265060574748, 0.00034013032564, 0.00024677728652, 0.000157694084919, 0.000117529038107, 9.73475616775e-05, 9.27581713768e-05, 7.97387619969e-05, 0.00014833942987, 0.000131542954477, 7.1820737503e-05, 3.75797681045e-05, 3.99586788262e-05, 4.34090106864e-05, 1.49902170961e-05, 2.21252976189e-05, 1.02557705759e-05, 6.95092376191e-06, 8.84339169716e-06, 3.04279137708e-06, 1.83747999927e-06, 2.27198620451e-06, 1.82037774721e-06, 1.66875747709e-06, 8.2163847992e-07, 4.08413342257e-07, 2.66425672635e-07, 1.14230466863e-07, 4.86709623715e-08, 4.60879547859e-08, 1.29688126904e-08, 2.53796961225e-09, 9.38278232887e-10, 5.76012904041e-10],
        "dmean2": [4.28154962719e-05, 0.000199362257263, 0.000241542991716, 0.000466441066237, 0.000564261572435, 0.000587639166042, 0.000412992638303, 0.00048128477647, 0.00034231855534, 0.000217414679355, 0.000181326788152, 0.000149111889186, 0.000142920849612, 0.000124224403407, 0.000226135322009, 0.000207580669667, 0.000107012499939, 5.30594479642e-05, 5.81253625569e-05, 6.44496030873e-05, 2.33271275647e-05, 3.50234549842e-05, 1.67281796166e-05, 1.07645500975e-05, 1.28755209516e-05, 4.57271380583e-06, 2.82679570773e-06, 3.47318268723e-06, 2.73894170277e-06, 2.42945225182e-06, 1.21742323245e-06, 5.96958898313e-07, 3.88011187624e-07, 1.7149687892e-07, 6.99449174135e-08, 6.74803999345e-08, 1.90121784982e-08, 3.90728649435e-09, 1.46555001468e-09, 9.02340646647e-10],
        "dvar": [1.30276678334e-09, 2.38877166936e-08, 4.78393467063e-08, 1.53456227281e-07, 2.10729609762e-07, 2.7582450457e-07, 1.39366903795e-07, 5.10607435444e-07, 2.13232198121e-07, 8.71592860108e-08, 7.06948455331e-08, 5.8326921959e-08, 5.00646670787e-08, 3.05412548585e-08, 8.88210394123e-08, 1.1910412212e-07, 3.62917802477e-08, 7.90163134923e-09, 1.19284333522e-08, 1.14124141248e-08, 7.3832118197e-10, 3.92242816005e-09, 5.3638748998e-10, 2.09593134515e-10, 4.62551164038e-10, 6.0396958268e-11, 1.88671925305e-11, 5.14989578759e-11, 2.04028929168e-11, 1.5570886594e-11, 4.66321599391e-12, 1.31513593418e-12, 6.69583420827e-13, 1.51819380093e-13, 1.81734798244e-14, 1.75376172731e-14, 9.62418316428e-16, 6.28417912558e-17, 7.6307667934e-18, 1.90775807959e-18],
        "dvar2": [2.71847588884e-09, 5.99491087883e-08, 1.3738328164e-07, 4.5625492362e-07, 6.59879447085e-07, 7.94209995547e-07, 3.41414619243e-07, 1.09888571842e-06, 4.55902466001e-07, 1.76132942897e-07, 1.75325737928e-07, 1.51938138515e-07, 1.23786378481e-07, 8.32125479633e-08, 2.07306911193e-07, 3.07796938159e-07, 9.1245283329e-08, 1.60283946116e-08, 2.72032831816e-08, 2.45844198332e-08, 1.77590320227e-09, 1.05578941145e-08, 1.52484314064e-09, 5.07462682986e-10, 9.7429697643e-10, 1.31586755381e-10, 4.43164359376e-11, 1.25009516627e-10, 4.78509419588e-11, 3.35890724956e-11, 1.07425804363e-11, 2.95043113205e-12, 1.52390198984e-12, 3.32292570196e-13, 3.6590939019e-14, 4.07764201907e-14, 2.10555555908e-15, 1.55312675893e-16, 1.77421655258e-17, 4.57829786592e-18],
        "max": [0.00051545369206, 0.0021828408353, 0.0045314822346, 0.00919304508716, 0.00644579576328, 0.00770993251354, 0.00601983489469, 0.0175865609199, 0.00830318871886, 0.00529683893546, 0.00488112587482, 0.00473742000759, 0.00513877440244, 0.00364230526611, 0.00556890107691, 0.00554276723415, 0.00423051044345, 0.00230928068049, 0.0019878516905, 0.0025526243262, 0.000522375514265, 0.00150812813081, 0.000421821256168, 0.000283372763079, 0.000371306785382, 0.000200686365133, 8.4293737018e-05, 0.000138316419907, 6.90564484103e-05, 6.99143711245e-05, 4.47471684311e-05, 2.98027061945e-05, 2.25272269745e-05, 8.90071987669e-06, 2.54634528574e-06, 3.02006196762e-06, 4.89022227157e-07, 1.71471256749e-07, 6.52476686014e-08, 2.34230483898e-08],
        "mean": [3.8994163333e-05, 0.000175772540388, 0.000175588924321, 0.000325936562149, 0.000414918875322, 0.000565200753044, 0.000612522126175, 0.001234928146, 0.000767826393712, 0.000430745945778, 0.000297575606965, 0.000243266054895, 0.000191170329344, 0.000146357997437, 0.000295622681733, 0.000240417459281, 0.000177480251295, 9.22986291698e-05, 7.36507208785e-05, 9.77925083134e-05, 3.10218529194e-05, 4.01645556849e-05, 2.16673215618e-05, 1.67835278262e-05, 2.38447537413e-05, 7.84989606473e-06, 4.04649154007e-06, 4.41535121354e-06, 4.5760489229e-06, 4.91286527904e-06, 2.29069132729e-06, 1.08489120976e-06, 6.95712401466e-07, 2.91792673579e-07, 1.28476415284e-07, 1.21292998756e-07, 3.48006885531e-08, 5.13258591184e-09, 1.99059546624e-09, 1.23243570904e-09],
        "median": [2.0124753064e-05, 0.000102676247479, 9.63186612353e-05, 0.000170373474248, 0.000236796506215, 0.000288153154543, 0.000230490724789, 0.00026115050423, 0.000200005248189, 0.00010562496027, 6.75979390508e-05, 4.28785788245e-05, 4.79890113638e-05, 5.34096143383e-05, 6.23123705736e-05, 5.03155315528e-05, 2.37753010879e-05, 2.08961737371e-05, 1.10343407869e-05, 1.9399327357e-05, 9.97509596345e-06, 9.56071471592e-06, 7.31896852812e-06, 5.61615343031e-06, 3.97435132982e-06, 2.05875016945e-06, 1.06912284537e-06, 5.93429263063e-07, 1.03577269783e-06, 8.16960721295e-07, 3.16285252211e-07, 1.6049584417e-07, 6.03458047976e-08, 2.08576729221e-08, 1.27746373479e-08, 1.04630268893e-08, 4.67921346115e-09, 6.71653899165e-10, 4.05888905819e-10, 3.71173453084e-10],
        "min": [3.46874265422e-12, 3.86450246803e-12, 3.9881036841e-12, 3.1166527692e-12, 1.56973197461e-12, 3.46379663233e-13, 3.50512126919e-14, 1.78962801609e-13, 4.94846026135e-13, 6.59842731669e-13, 1.01782883337e-12, 8.39505656831e-13, 1.12913497996e-12, 1.42883491497e-12, 5.564328295e-13, 6.57384235481e-14, 1.91914098003e-13, 9.24068764216e-13, 1.93008933488e-12, 8.10841790846e-13, 2.07778171296e-13, 3.38774120518e-13, 2.28970352878e-13, 2.62133224198e-13, 4.72986070883e-13, 7.78471417103e-13, 3.53021919423e-13, 3.40951008745e-13, 8.98457604972e-14, 4.05595695918e-13, 4.36895528436e-13, 1.9923258464e-13, 7.20065622254e-14, 7.32554208266e-14, 4.2461714212e-14, 1.37734265724e-13, 2.28630150565e-14, 6.79106564819e-14, 4.89762175043e-14, 1.0108085972e-13],
        "var": [2.62214561175e-09, 4.57306512658e-08, 5.92277338285e-08, 2.05364273143e-07, 2.8699147947e-07, 5.6612446997e-07, 7.39974780117e-07, 4.90059119329e-06, 1.61852779001e-06, 4.83546045871e-07, 2.66743057864e-07, 1.89337825418e-07, 1.40761585499e-07, 7.47500052967e-08, 3.18619953532e-07, 3.17218251666e-07, 1.53321423113e-07, 4.40839862392e-08, 3.08005212446e-08, 5.37000737211e-08, 2.67152033828e-09, 8.11844191873e-09, 1.3970384849e-09, 8.24870172167e-10, 2.22997398325e-09, 3.36397215639e-10, 6.71332434088e-11, 1.49918813475e-10, 8.08492717219e-11, 8.48230791162e-11, 2.38216443099e-11, 7.07373786282e-12, 4.0873190249e-12, 7.87147257097e-13, 1.08684145939e-13, 9.110916096e-14, 4.97858395474e-15, 1.7495345088e-16, 2.21218866915e-17, 5.98730243209e-18]
    },
    "mfcc": {
        "dmean": [16.2552871704, 9.91362667084, 9.59080791473, 7.96800947189, 7.6838388443, 6.835064888, 6.76794719696, 6.91652822495, 6.66937494278, 6.59180879593, 6.35260915756, 6.25760269165, 6.16009092331],
        "dmean2": [17.8740329742, 14.7405509949, 13.9671030045, 12.5268068314, 11.4703025818, 10.8798952103, 10.8446340561, 11.3319797516, 11.0313043594, 11.0284128189, 10.6498422623, 10.4146060944, 10.2203130722],
        "dvar": [511.420684814, 93.3937530518, 91.2818832397, 42.5986480713, 39.9714279175, 31.3738918304, 28.413860321, 29.0443878174, 28.4649734497, 27.2027835846, 24.2533740997, 22.7971591949, 22.5896377563],
        "dvar2": [506.768066406, 162.133499146, 140.108627319, 103.175712585, 84.1759872437, 78.0336303711, 71.2093734741, 79.2107772827, 78.8277130127, 72.3225479126, 66.996307373, 62.8189620972, 62.8301734924],
        "max": [-524.616882324, 255.422698975, 78.0829467773, 83.589881897, 43.9959602356, 52.0024642944, 32.6893386841, 30.8832206726, 30.2153739929, 26.6145801544, 29.3992729187, 39.0398750305, 33.1829185486],
        "mean": [-712.749145508, 184.130615234, -49.8987464905, 22.0310897827, -21.950176239, 1.52141654491, -14.7948980331, -6.91520023346, -6.47021484375, -4.00666666031, -0.472411692142, 4.38706254959, -6.69989538193],
        "median": [-675.20489502, 191.325012207, -65.1011352539, 20.8448638916, -23.9040679932, 1.07386779785, -15.5328292847, -6.73015975952, -6.78186798096, -3.63070678711, -0.186046600342, 2.96884346008, -6.72010040283],
        "min": [-1138.42004395, 1.14440917969e-05, -125.269088745, -34.0860977173, -75.2341156006, -34.6378707886, -63.4418029785, -36.7060546875, -40.0014877319, -38.3522796631, -38.2333221436, -27.4271697998, -32.7197952271],
        "var": [12847.2587891, 1112.37866211, 1705.52990723, 343.288391113, 513.556884766, 163.740203857, 199.749038696, 94.0148239136, 100.100387573, 95.6259460449, 81.892578125, 126.927520752, 68.8619384766],
        "cov": [[12852.2226562, -529.080566406, -4273.46777344, 214.74659729, -2012.89782715, 84.5880889893, -1091.58129883, 66.0092926025, -415.442901611, 1.51747775078, -125.324272156, 438.448547363, -269.799102783], [-529.080566406, 1112.80847168, 171.469085693, -269.896362305, 59.9578895569, -221.797592163, 86.6405563354, -70.6139831543, 53.533241272, -119.587966919, 5.2798166275, 4.33644342422, 16.5976161957], [-4273.46777344, 171.469085693, 1706.18896484, -13.7815914154, 701.825561523, 35.0703468323, 360.592559814, 19.6603050232, 138.530914307, 29.9549789429, 31.609992981, -158.642105103, 86.013633728], [214.74659729, -269.896362305, -13.7815914154, 343.421020508, 72.080039978, 100.08505249, -17.7844562531, 3.01724219322, -24.5510540009, 14.1531772614, -15.9182672501, -47.9320106506, -13.9160747528], [-2012.89782715, 59.9578895569, 701.825561523, 72.080039978, 513.755310059, 55.4687843323, 193.179840088, 3.33164715767, 35.0806083679, 10.0467824936, 12.9764146805, -110.856369019, 34.1449165344], [84.5880889893, -221.797592163, 35.0703468323, 100.08505249, 55.4687843323, 163.803482056, 33.1434059143, 40.7662849426, -8.13316822052, 31.5377349854, 4.36642503738, -20.5979213715, 0.486858963966], [-1091.58129883, 86.6405563354, 360.592559814, -17.7844562531, 193.179840088, 33.1434059143, 199.826217651, 28.8670749664, 46.8638267517, -2.68230104446, 6.93388366699, -38.5273475647, 25.2831935883], [66.0092926025, -70.6139831543, 19.6603050232, 3.01724219322, 3.33164715767, 40.7662849426, 28.8670749664, 94.0511474609, 23.4425163269, 28.6304225922, 8.47538566589, 11.4988708496, 7.67501306534], [-415.442901611, 53.533241272, 138.530914307, -24.5510540009, 35.0806083679, -8.13316822052, 46.8638267517, 23.4425163269, 100.139068604, 27.6440086365, 23.889213562, 8.9435749054, 15.3552513123], [1.51747775078, -119.587966919, 29.9549789429, 14.1531772614, 10.0467824936, 31.5377349854, -2.68230104446, 28.6304225922, 27.6440086365, 95.6628952026, 37.2369422913, 14.5617828369, 4.14959764481], [-125.324272156, 5.2798166275, 31.609992981, -15.9182672501, 12.9764146805, 4.36642503738, 6.93388366699, 8.47538566589, 23.889213562, 37.2369422913, 81.9242172241, 37.3577461243, 12.4613332748], [438.448547363, 4.33644342422, -158.642105103, -47.9320106506, -110.856369019, -20.5979213715, -38.5273475647, 11.4988708496, 8.9435749054, 14.5617828369, 37.3577461243, 126.9765625, 7.60874271393], [-269.799102783, 16.5976161957, 86.013633728, -13.9160747528, 34.1449165344, 0.486858963966, 25.2831935883, 7.67501306534, 15.3552513123, 4.14959764481, 12.4613332748, 7.60874271393, 68.8885498047]],
        "icov": [[0.00135320133995, -0.00101529795211, 0.00213205721229, -0.000969766115304, 0.00176000548527, -0.00223801773973, 0.0021367308218, -0.00190684094559, 0.00165643997025, -0.00159176450688, 0.00144224287942, -0.000752512714826, 0.000806988449767], [-0.00101529795211, 0.00249134213664, -0.00145481701475, 0.00152296375018, -0.00170009501744, 0.00329709565267, -0.00224162219092, 0.00186200672761, -0.00208211829886, 0.0030452911742, -0.0018042990705, 0.00073757750215, -0.000492296065204], [0.00213205721229, -0.00145481701475, 0.00506474776193, -0.00115907774307, 0.000945294799749, -0.00312179885805, 0.00238363118842, -0.00274296640418, 0.00143248436507, -0.00267618405633, 0.00226463773288, -0.000629448622931, 0.0006287493743], [-0.000969766115304, 0.00152296375018, -0.00115907774307, 0.00513459835202, -0.00250422465615, -0.000109778236947, -0.00049298373051, 0.00198229658417, -0.00174201605842, 0.00183850422036, -0.000844286521897, 0.00142606627196, -0.000205683056265], [0.00176000548527, -0.00170009501744, 0.000945294799749, -0.00250422465615, 0.00828184839338, -0.00348533852957, 0.000441766431322, -0.00189280614723, 0.00375951570459, -0.00270419917069, 0.000539124477655, 0.00103186443448, 0.000698283489328], [-0.00223801773973, 0.00329709565267, -0.00312179885805, -0.000109778236947, -0.00348533852957, 0.014787661843, -0.00615645339713, 0.000200531329028, -0.00117329345085, 0.00182243832387, -0.00344018498436, 0.00210591265932, -0.00128217192832], [0.0021367308218, -0.00224162219092, 0.00238363118842, -0.00049298373051, 0.000441766431322, -0.00615645339713, 0.014290900901, -0.00546019338071, 6.57312848489e-05, -0.000366062362446, 0.00252808304504, -0.00103947520256, 0.000685522158165], [-0.00190684094559, 0.00186200672761, -0.00274296640418, 0.00198229658417, -0.00189280614723, 0.000200531329028, -0.00546019338071, 0.0171206966043, -0.0048244362697, -0.000478325731819, -0.00056973611936, -0.000314041768434, -0.00181618728675], [0.00165643997025, -0.00208211829886, 0.00143248436507, -0.00174201605842, 0.00375951570459, -0.00117329345085, 6.57312848489e-05, -0.0048244362697, 0.0169951412827, -0.00616757851094, 0.000257470353972, -0.00154602585826, 0.000214270912693], [-0.00159176450688, 0.0030452911742, -0.00267618405633, 0.00183850422036, -0.00270419917069, 0.00182243832387, -0.000366062362446, -0.000478325731819, -0.00616757851094, 0.0195651147515, -0.00849855877459, 0.00130984256975, -0.000150966705405], [0.00144224287942, -0.0018042990705, 0.00226463773288, -0.000844286521897, 0.000539124477655, -0.00344018498436, 0.00252808304504, -0.00056973611936, 0.000257470353972, -0.00849855877459, 0.0203430503607, -0.00667450577021, -0.000510383630171], [-0.000752512714826, 0.00073757750215, -0.000629448622931, 0.00142606627196, 0.00103186443448, 0.00210591265932, -0.00103947520256, -0.000314041768434, -0.00154602585826, 0.00130984256975, -0.00667450577021, 0.0132071226835, -0.00214638886973], [0.000806988449767, -0.000492296065204, 0.0006287493743, -0.000205683056265, 0.000698283489328, -0.00128217192832, 0.000685522158165, -0.00181618728675, 0.000214270912693, -0.000150966705405, -0.000510383630171, -0.00214638886973, 0.0168731734157]]
    }
}

}