{
"metadata": {
    "version": {
        "essentia": "2.0.1",
        "extractor": "archive-music 1.0 mod ismir14"
    },
    "audio_properties": {
        "analysis_sample_rate": 44100,
        "bitrate": 32,
        "channels": 2,
        "equal_loudness": 0,
        "length": 30.0408172607,
        "replay_gain": -10.0283031464,
        "downmix": "mix"
    },
    "tags": {
        "track": 0,
        "year": 0,
        "album": "",
        "artist": "",
        "comment": "",
        "genre": "",
        "title": ""
    }
},
"rhythm": {
    "bpm": 172.265594482,
    "bpm_histogram_first_peak": 172,
    "bpm_histogram_first_peak_spread": 0,
    "bpm_histogram_first_peak_weight": 0.529411792755,
    "bpm_histogram_second_peak": 178,
    "bpm_histogram_second_peak_spread": 0,
    "bpm_histogram_second_peak_weight": 0.258823543787
},
"tonal": {
    "tuning_frequency": {
        "dmean": 0.0248527992517,
        "dmean2": 0.040629889816,
        "dvar": 0.0525266639888,
        "dvar2": 0.0911185368896,
        "max": 436.708374023,
        "mean": 434.260498047,
        "median": 434.193115234,
        "min": 434.193115234,
        "var": 0.156831666827
    },
    "hpcp": {
        "dmean": [0.121195666492, 0.202586263418, 0.187138259411, 0.278418391943, 0.0480357408524, 0.147983774543, 0.158968642354, 0.280366063118, 0.0941285863519, 0.106042958796, 0.261366277933, 0.0851232409477],
        "dmean2": [0.215747475624, 0.376384824514, 0.322832107544, 0.488757222891, 0.0882666185498, 0.262412667274, 0.281096339226, 0.496112316847, 0.168841853738, 0.184785276651, 0.475627630949, 0.153055101633],
        "dvar": [0.0467806197703, 0.0730459988117, 0.0559486709535, 0.11039147526, 0.0149910748005, 0.0748914778233, 0.0837991535664, 0.118778631091, 0.041146825999, 0.0424677096307, 0.0956776961684, 0.0224885251373],
        "dvar2": [0.1204200387, 0.155853629112, 0.147131457925, 0.252926170826, 0.043656155467, 0.169093161821, 0.187186211348, 0.313989460468, 0.116261914372, 0.112287305295, 0.192773789167, 0.0654434859753],
        "max": [1, 1, 1, 1, 0.791897296906, 1, 1, 1, 1, 1, 1, 1],
        "mean": [0.100662209094, 0.239143177867, 0.171047240496, 0.396238178015, 0.0363468155265, 0.150154471397, 0.183091163635, 0.234794452786, 0.0679781660438, 0.0822951197624, 0.383365988731, 0.0690611004829],
        "median": [0.029366414994, 0.105485707521, 0.0730982720852, 0.176832035184, 0.00635731220245, 0.0304801482707, 0.0109510319307, 0.0477348864079, 0.0120063358918, 0.0172300338745, 0.189512044191, 0.0226921010762],
        "min": [0.000862825894728, 0.00329530891031, 0.00101876037661, 0.000122787401779, 8.46291222842e-05, 0.000684744096361, 6.91341192578e-05, 0.000268712785328, 0.000322248757584, 0.000109202868771, 0.000210117577808, 0.000394168600906],
        "var": [0.0391864962876, 0.102411411703, 0.0578876435757, 0.17075368762, 0.0100062564015, 0.0851632133126, 0.114998534322, 0.119467623532, 0.0296764131635, 0.0336205922067, 0.153947100043, 0.0166373085231]
    }
},
"lowlevel": {
    "melbands": {
        "dmean": [3.16491167496e-07, 1.42456865433e-05, 1.81292580237e-05, 0.000199150570552, 0.000155638277647, 8.02751455922e-05, 3.82812213502e-05, 3.29396352754e-05, 2.09920090128e-05, 1.56300629897e-05, 1.39052108352e-05, 8.98803409655e-06, 1.37929073389e-05, 5.22674099557e-06, 4.43577891929e-06, 3.19451214637e-06, 7.01097769706e-06, 2.82484984382e-06, 3.78559775527e-06, 8.67219057454e-07, 1.11529720925e-06, 9.63124989539e-07, 6.88739191901e-07, 1.08635344986e-06, 2.48938067671e-06, 3.01079467135e-06, 6.45789896225e-07, 3.67437309023e-07, 1.54183794621e-07, 1.09495736922e-07, 4.3916354997e-08, 6.52065379469e-09, 1.25364418846e-09, 2.94784835431e-10, 7.73144742672e-11, 3.32283749127e-11, 1.70172521907e-11, 6.75128139158e-12, 4.02287925194e-12, 2.66280335455e-12],
        "dmean2": [5.01210706716e-07, 2.46669260378e-05, 2.96925136354e-05, 0.000340355909429, 0.000265448528808, 0.000138280316605, 6.59019933664e-05, 5.60524531465e-05, 3.908634244e-05, 2.94525070785e-05, 2.64570608124e-05, 1.72154032043e-05, 2.64997852355e-05, 9.87388011708e-06, 8.33681042423e-06, 5.97856251261e-06, 1.30428788907e-05, 4.98377676195e-06, 6.89289345246e-06, 1.52308700763e-06, 1.92598099602e-06, 1.71897022483e-06, 1.24082782804e-06, 1.91430422092e-06, 4.50804691354e-06, 5.67707320442e-06, 1.15414263746e-06, 6.67338611038e-07, 2.90819940574e-07, 2.08940150515e-07, 8.67753229272e-08, 1.2384987258e-08, 2.44681586103e-09, 5.7159987854e-10, 1.44265377422e-10, 6.21923762489e-11, 2.96658357601e-11, 1.06245290343e-11, 5.83028503948e-12, 3.38117793312e-12],
        "dvar": [1.34952297818e-13, 1.55682311487e-09, 5.53914081269e-10, 2.78508196061e-07, 2.88101738022e-08, 6.37138386494e-09, 1.95289273641e-09, 2.48450637841e-09, 3.07784087106e-09, 1.17847376302e-09, 1.21919208063e-09, 6.53138487738e-10, 1.77842529592e-09, 1.52799828346e-10, 1.7784351769e-10, 4.28065603797e-11, 6.60806298569e-10, 1.97358900056e-11, 5.67265921736e-11, 1.58757826763e-12, 2.38235147755e-12, 1.69304251608e-12, 1.9255257111e-12, 2.64774812318e-12, 3.41762416978e-11, 5.89474302704e-11, 8.35035328644e-13, 4.66970537759e-13, 1.35236778915e-13, 1.28536490804e-13, 3.44886201846e-14, 4.61547141228e-16, 4.29554230354e-17, 1.16404857285e-18, 2.74891763091e-20, 7.93660572258e-21, 2.33007125423e-21, 3.03282636344e-22, 2.71190739734e-22, 2.36465335122e-22],
        "dvar2": [3.24076160872e-13, 3.20388937602e-09, 1.35123190415e-09, 7.38218261631e-07, 7.9114762741e-08, 1.81441208724e-08, 5.27995069888e-09, 5.64625901589e-09, 8.76818617712e-09, 3.58435681136e-09, 3.73125841335e-09, 1.95803906422e-09, 5.25925836214e-09, 4.49736886621e-10, 5.32922095342e-10, 1.20654000679e-10, 1.97613680974e-09, 5.56597476442e-11, 1.63945967913e-10, 4.57111258567e-12, 6.61214616046e-12, 4.8511420575e-12, 5.60541543737e-12, 7.55363133154e-12, 1.0089121899e-10, 1.75899017574e-10, 2.19614127231e-12, 1.32460232019e-12, 3.81241696198e-13, 3.65394184094e-13, 1.03540291033e-13, 1.34220470245e-15, 1.28046950018e-16, 3.63291066229e-18, 8.05702738701e-20, 2.31885237483e-20, 6.5586439911e-21, 4.01127036037e-22, 2.92453204324e-22, 2.26845321533e-22],
        "max": [2.41933253164e-06, 0.000396392337279, 0.000191305109183, 0.00522497389466, 0.0011430317536, 0.00048112065997, 0.000222443632083, 0.00037916333531, 0.000372890848666, 0.000204047188163, 0.00019241978589, 0.000151380154421, 0.000315227342071, 8.25636889203e-05, 9.36113865464e-05, 5.84284716751e-05, 0.000234751030803, 3.21263651131e-05, 7.07215804141e-05, 1.16061428344e-05, 1.0024180483e-05, 7.01119142832e-06, 8.91455874807e-06, 8.88308295544e-06, 3.92439651478e-05, 6.1430320784e-05, 4.42707141701e-06, 3.84214217775e-06, 2.60244178207e-06, 3.00627675642e-06, 1.67969449194e-06, 1.92383097897e-07, 5.95393991887e-08, 7.68230101755e-09, 1.24907284516e-09, 7.93703658353e-10, 4.29858343365e-10, 1.82214313083e-10, 1.7367690619e-10, 1.70201075456e-10],
        "mean": [4.58490774236e-07, 1.91457420442e-05, 2.62370504061e-05, 0.000223875205847, 0.000207167162444, 9.84729631455e-05, 3.80077508453e-05, 3.72250106011e-05, 1.64109715115e-05, 1.11112049126e-05, 1.03705397123e-05, 5.77644414079e-06, 9.83140307653e-06, 3.59695241059e-06, 3.25003520629e-06, 2.45458068093e-06, 5.31254545422e-06, 2.51193273471e-06, 3.52757069777e-06, 9.57268525781e-07, 1.1103346651e-06, 9.55786845225e-07, 6.45941099719e-07, 8.84958183178e-07, 1.93792357095e-06, 2.18396667151e-06, 5.56352290459e-07, 2.82467567558e-07, 1.03252112638e-07, 6.69005757459e-08, 2.71317279754e-08, 4.25994350906e-09, 7.69275254608e-10, 2.0888578367e-10, 7.75210104442e-11, 3.67793608069e-11, 1.96352656356e-11, 9.71334644662e-12, 5.94618278227e-12, 3.99247605462e-12],
        "median": [3.54335611519e-07, 1.07708210635e-05, 1.56433616212e-05, 8.42178415041e-05, 0.000130492218887, 7.1032809501e-05, 2.06039694604e-05, 1.43777033372e-05, 3.28605960931e-06, 1.44123532664e-06, 1.11763210953e-06, 5.88599561979e-07, 9.9643386875e-07, 8.57060683757e-07, 5.78379399485e-07, 8.36234846702e-07, 1.65966844179e-06, 1.23782388073e-06, 1.73626438027e-06, 4.87246666125e-07, 5.49967353436e-07, 5.34834953214e-07, 2.26730549002e-07, 2.67713659241e-07, 5.5095620155e-07, 6.29478165592e-07, 2.2114818421e-07, 7.46072856828e-08, 1.86527646662e-08, 7.68982832966e-09, 3.14488479702e-09, 5.70146152512e-10, 1.28997854065e-10, 6.70545563519e-11, 3.79440437404e-11, 1.97401262003e-11, 1.03999144366e-11, 5.96533543049e-12, 3.34427711218e-12, 1.90130550193e-12],
        "min": [3.28882414635e-08, 1.07303230834e-06, 6.88239140345e-07, 1.66857250861e-06, 2.45857427217e-06, 2.62588997657e-07, 2.41215076358e-07, 2.51585106525e-07, 1.46087927533e-07, 3.55124001317e-08, 2.92736448415e-08, 1.35025830517e-08, 3.65068295594e-08, 9.13440878492e-09, 8.7729201681e-09, 2.63332413653e-08, 2.56181369451e-08, 3.42727624059e-08, 3.26032321141e-08, 4.11812495216e-09, 3.40948247413e-09, 1.26696586555e-09, 3.95463856107e-10, 5.4021465079e-10, 6.45530073839e-10, 4.09868777806e-10, 1.87649576433e-10, 1.17056295212e-10, 1.05261514782e-10, 8.67605917665e-11, 4.23930508753e-11, 2.07204583352e-11, 5.86351583606e-12, 4.4048688308e-12, 3.2642063965e-12, 1.72557248438e-12, 2.06014719173e-12, 1.92921329953e-12, 1.61547413901e-12, 1.11837362288e-12],
        "var": [1.483497163e-13, 1.76408931907e-09, 9.25240606353e-10, 2.21979064463e-07, 4.87499498547e-08, 9.15963394021e-09, 2.17270357261e-09, 3.68017127883e-09, 2.29538077434e-09, 7.61843033104e-10, 8.6246182418e-10, 4.05956601668e-10, 1.10667419673e-09, 9.37672092749e-11, 1.1349369361e-10, 3.04315635191e-11, 3.61857432907e-10, 1.62285723054e-11, 4.32489669078e-11, 1.88984721969e-12, 2.30104715664e-12, 1.60579221361e-12, 1.5097660535e-12, 2.28826029305e-12, 2.05047298585e-11, 3.50080485434e-11, 7.70508168987e-13, 3.22673582732e-13, 8.40884504497e-14, 7.78841102939e-14, 2.00578909628e-14, 2.9539606997e-16, 2.24559468906e-17, 6.16089135012e-19, 2.03591298449e-20, 4.97684403483e-21, 1.51410847094e-21, 3.72384857401e-22, 2.9606732323e-22, 2.55133797863e-22]
    },
    "mfcc": {
        "dmean": [36.4720611572, 14.3690891266, 24.1735877991, 16.4795131683, 12.769572258, 9.44719409943, 8.68834114075, 11.3471288681, 7.3059720993, 7.40212059021, 8.14597797394, 7.91656112671, 7.15110206604],
        "dmean2": [63.7921447754, 21.6396064758, 40.6354408264, 25.5258789062, 21.0184249878, 16.0726928711, 14.4267787933, 19.2729110718, 12.1321258545, 12.2457523346, 13.5379915237, 12.2546319962, 11.7619113922],
        "dvar": [944.776123047, 160.670578003, 428.547149658, 237.405090332, 102.596923828, 74.876449585, 51.9110107422, 82.838142395, 30.6883583069, 38.0469856262, 36.9465103149, 32.4008331299, 29.9481430054],
        "dvar2": [2717.78759766, 382.808776855, 1093.78051758, 575.055603027, 301.201080322, 186.868103027, 129.828277588, 187.892425537, 80.7562942505, 81.5646209717, 93.1427841187, 100.89629364, 73.1721572876],
        "max": [-757.805541992, 217.042114258, 71.7625427246, 110.916618347, 42.8968086243, 4.94597625732, 26.6301498413, 22.4702396393, -4.85125732422, 25.044588089, 7.12538528442, 4.10494232178, 11.7220993042],
        "mean": [-842.97277832, 179.289932251, -36.5435638428, 29.7007732391, 10.2102308273, -28.6896800995, -5.73266172409, -28.8850536346, -27.6821708679, -4.67373991013, -12.2243642807, -15.3891515732, -6.8199005127],
        "median": [-840.415710449, 179.268341064, -39.0578269958, 28.8763923645, 12.6299285889, -28.0664024353, -6.32931518555, -32.380859375, -27.8195877075, -4.13285064697, -12.1459789276, -15.4275283813, -5.76438140869],
        "min": [-979.620666504, 113.568855286, -101.607299805, -18.9647941589, -37.590801239, -68.5972290039, -30.7383575439, -56.7972335815, -56.6605758667, -37.104019165, -37.9439430237, -41.0571403503, -28.3277397156],
        "var": [1524.55212402, 314.051116943, 874.370788574, 406.4269104, 268.961334229, 162.296676636, 92.3873214722, 224.863143921, 70.5567626953, 148.261795044, 75.7354125977, 64.8177871704, 70.8187942505],
        "cov": [[1533.9630127, -32.0737724304, -1045.17810059, 265.443878174, -281.582763672, -225.950668335, 231.898513794, -48.2585449219, 35.767616272, -90.3524017334, -38.2681083679, 75.2011566162, -116.947593689], [-32.0737724304, 315.989715576, 174.172286987, -263.47366333, -32.3494911194, -53.3239059448, -10.3120746613, 164.505340576, -12.214220047, -49.6446914673, -6.14231920242, -19.9259128571, 1.17305243015], [-1045.17810059, 174.172286987, 879.768127441, -233.463088989, 135.401107788, 139.763290405, -172.262298584, 93.6475601196, -15.4017724991, 0.263962179422, 18.0112419128, -57.1296424866, 50.0218963623], [265.443878174, -263.47366333, -233.463088989, 408.93572998, 74.5100479126, 22.8091106415, 17.4701404572, -211.149642944, -9.36211585999, 37.9565010071, -20.7048950195, 14.5712347031, -23.454284668], [-281.582763672, -32.3494911194, 135.401107788, 74.5100479126, 270.621612549, 113.79473877, -75.1228179932, -106.479637146, -51.6710929871, 98.1047134399, 4.43912506104, -27.8313503265, 59.1706886292], [-225.950668335, -53.3239059448, 139.763290405, 22.8091106415, 113.79473877, 163.29850769, -30.7113895416, -96.3425750732, -0.364731729031, 54.1825256348, 26.0219612122, 7.26665258408, 21.5282592773], [231.898513794, -10.3120746613, -172.262298584, 17.4701404572, -75.1228179932, -30.7113895416, 92.957611084, 21.3827114105, -4.9548125267, -12.3373270035, -1.72930836678, 18.8580780029, -15.7775964737], [-48.2585449219, 164.505340576, 93.6475601196, -211.149642944, -106.479637146, -96.3425750732, 21.3827114105, 226.251174927, 25.3143863678, -102.077308655, -12.523853302, -2.55616545677, -7.84297323227], [35.767616272, -12.214220047, -15.4017724991, -9.36211585999, -51.6710929871, -0.364731729031, -4.9548125267, 25.3143863678, 70.9922943115, -16.7271327972, -17.5615348816, 15.6933326721, -9.28584957123], [-90.3524017334, -49.6446914673, 0.263962179422, 37.9565010071, 98.1047134399, 54.1825256348, -12.3373270035, -102.077308655, -16.7271327972, 149.176986694, 38.4265937805, -30.80509758, 36.1800689697], [-38.2681083679, -6.14231920242, 18.0112419128, -20.7048950195, 4.43912506104, 26.0219612122, -1.72930836678, -12.523853302, -17.5615348816, 38.4265937805, 76.202911377, 12.1942052841, -3.0043990612], [75.2011566162, -19.9259128571, -57.1296424866, 14.5712347031, -27.8313503265, 7.26665258408, 18.8580780029, -2.55616545677, 15.6933326721, -30.80509758, 12.1942052841, 65.2179031372, 5.72432565689], [-116.947593689, 1.17305243015, 50.0218963623, -23.454284668, 59.1706886292, 21.5282592773, -15.7775964737, -7.84297323227, -9.28584957123, 36.1800689697, -3.0043990612, 5.72432565689, 71.2559432983]],
        "icov": [[101.496269226, -140.907012939, 133.604736328, -121.370887756, 106.437400818, -89.6570663452, 71.4188537598, -54.1161613464, 38.7362976074, -25.0984134674, 15.0962371826, -7.53269147873, 2.75086641312], [-140.907012939, 195.631912231, -185.489700317, 168.515533447, -147.785949707, 124.496116638, -99.1796188354, 75.1568527222, -53.802154541, 34.868144989, -20.9747982025, 10.4706010818, -3.82143783569], [133.604736328, -185.489700317, 175.889724731, -159.797546387, 140.156295776, -118.086036682, 94.0946578979, -71.3174438477, 51.0666542053, -33.1064872742, 19.9257106781, -9.9556760788, 3.63763308525], [-121.370887756, 168.515533447, -159.797546387, 145.206481934, -127.373130798, 107.338066101, -85.5562133789, 64.8728790283, -46.4662399292, 30.1478099823, -18.1543598175, 9.08700656891, -3.3194360733], [106.437400818, -147.785949707, 140.156295776, -127.373130798, 111.767028809, -94.2108688354, 75.1306838989, -56.9856681824, 40.848487854, -26.5260772705, 15.9931030273, -8.02199745178, 2.93218278885], [-89.6570663452, 124.496116638, -118.086036682, 107.338066101, -94.2108688354, 79.4596252441, -63.399055481, 48.1237182617, -34.5171585083, 22.4420108795, -13.550535202, 6.81529903412, -2.49733901024], [71.4188537598, -99.1796188354, 94.0946578979, -85.5562133789, 75.1306838989, -63.399055481, 50.6592254639, -38.4758911133, 27.6333446503, -18.0038070679, 10.8929042816, -5.51163625717, 2.02453255653], [-54.1161613464, 75.1568527222, -71.3174438477, 64.8728790283, -56.9856681824, 48.1237182617, -38.4758911133, 29.2716178894, -21.0362052917, 13.7378425598, -8.32597064972, 4.23274230957, -1.56022977829], [38.7362976074, -53.802154541, 51.0666542053, -46.4662399292, 40.848487854, -34.5171585083, 27.6333446503, -21.0362052917, 15.1627111435, -9.91297340393, 6.02975130081, -3.08426737785, 1.13998329639], [-25.0984134674, 34.868144989, -33.1064872742, 30.1478099823, -26.5260772705, 22.4420108795, -18.0038070679, 13.7378425598, -9.91297340393, 6.52923297882, -3.98373174667, 2.06300926208, -0.770402848721], [15.0962371826, -20.9747982025, 19.9257106781, -18.1543598175, 15.9931030273, -13.550535202, 10.8929042816, -8.32597064972, 6.02975130081, -3.98373174667, 2.4581451416, -1.28066718578, 0.482107967138], [-7.53269147873, 10.4706010818, -9.9556760788, 9.08700656891, -8.02199745178, 6.81529903412, -5.51163625717, 4.23274230957, -3.08426737785, 2.06300926208, -1.28066718578, 0.705376625061, -0.267549335957], [2.75086641312, -3.82143783569, 3.63763308525, -3.3194360733, 2.93218278885, -2.49733901024, 2.02453255653, -1.56022977829, 1.13998329639, -0.770402848721, 0.482107967138, -0.267549335957, 0.123246923089]]
    }
}

}