{
"metadata": {
    "version": {
        "essentia": "2.0.1",
        "extractor": "archive-music 1.0 mod ismir14"
    },
    "audio_properties": {
        "analysis_sample_rate": 44100,
        "bitrate": 32,
        "channels": 2,
        "equal_loudness": 0,
        "length": 30.0408172607,
        "replay_gain": -14.828502655,
        "downmix": "mix"
    },
    "tags": {
        "track": 0,
        "year": 0,
        "album": "",
        "artist": "",
        "comment": "",
        "genre": "",
        "title": ""
    }
},
"rhythm": {
    "bpm": 109.314041138,
    "bpm_histogram_first_peak": 110,
    "bpm_histogram_first_peak_spread": 0.396226406097,
    "bpm_histogram_first_peak_weight": 0.603773593903,
    "bpm_histogram_second_peak": 0,
    "bpm_histogram_second_peak_spread": 0,
    "bpm_histogram_second_peak_weight": 0
},
"tonal": {
    "tuning_frequency": {
        "dmean": 0.170196339488,
        "dmean2": 0.307557851076,
        "dvar": 0.621129691601,
        "dvar2": 1.38000714779,
        "max": 446.142181396,
        "mean": 440.235321045,
        "median": 439.745910645,
        "min": 438.224517822,
        "var": 1.39727342129
    },
    "hpcp": {
        "dmean": [0.114502839744, 0.0940824896097, 0.0393367856741, 0.154103040695, 0.0389094911516, 0.137456536293, 0.0345703922212, 0.0955788195133, 0.121813453734, 0.0385261625051, 0.172883465886, 0.0539748221636],
        "dmean2": [0.217174902558, 0.169263646007, 0.0718270540237, 0.257294297218, 0.0712742656469, 0.219191491604, 0.062150426209, 0.153645932674, 0.218204930425, 0.0721760541201, 0.286173015833, 0.099664144218],
        "dvar": [0.0438602119684, 0.0556433834136, 0.00315543706529, 0.0640069022775, 0.0110575193539, 0.0443473570049, 0.00460110511631, 0.0220100898296, 0.0331311970949, 0.00786068104208, 0.0622314177454, 0.00812472496182],
        "dvar2": [0.107605025172, 0.108238562942, 0.00847184285522, 0.149084091187, 0.0318861193955, 0.0947545915842, 0.0123318070546, 0.052753098309, 0.0690606608987, 0.0230839867145, 0.136827811599, 0.0224793814123],
        "max": [1, 1, 0.298210084438, 1, 1, 1, 0.49447786808, 1, 1, 0.755467653275, 1, 0.537210345268],
        "mean": [0.166469857097, 0.251363962889, 0.0303237419575, 0.460725456476, 0.0306350644678, 0.249449402094, 0.0289311558008, 0.102939374745, 0.227304324508, 0.0297387130558, 0.214639931917, 0.0386721417308],
        "median": [0.0401227362454, 0.0211425386369, 0.0114877996966, 0.309130311012, 0.0108350915834, 0.0700453221798, 0.0117691513151, 0.0273249577731, 0.109056033194, 0.0134113132954, 0.0824080780149, 0.0109761580825],
        "min": [9.32459370233e-05, 0.000151605607243, 0.000137158160214, 0.000915406504646, 0.000226662887144, 0.000397375872126, 0.00038333129487, 0.000925438769627, 0.000544190756045, 0.000456548470538, 0.000646352476906, 0.000236071209656],
        "var": [0.0792689844966, 0.165631979704, 0.00234894920141, 0.190498635173, 0.00701495632529, 0.122545771301, 0.00324015668593, 0.0324536785483, 0.0919665396214, 0.00445733871311, 0.0936698764563, 0.00568307610229]
    }
},
"lowlevel": {
    "melbands": {
        "dmean": [0.000141530050314, 0.00026901520323, 0.000170354425791, 0.000108050553536, 4.41129304818e-05, 5.81409003644e-05, 2.57006886386e-05, 3.85052917409e-05, 5.82118700549e-05, 4.33352543041e-05, 1.015430189e-05, 1.09387319753e-05, 7.75392982177e-06, 7.54713346396e-06, 6.3465004132e-06, 6.86698967911e-06, 6.32948876955e-06, 6.9075463216e-06, 3.76494040211e-06, 5.42780253454e-06, 2.39638347921e-06, 1.6175691826e-06, 1.79351729912e-06, 1.11644010303e-06, 6.42049315047e-07, 4.48386629159e-07, 2.84317934529e-07, 2.11298299746e-07, 2.40214291125e-07, 1.70061341009e-07, 1.43497743466e-07, 1.45748501268e-07, 1.38404359973e-07, 1.05883877666e-07, 8.93111860023e-08, 7.91157290791e-08, 6.59186909502e-08, 4.32198916656e-08, 3.33309415623e-08, 2.78776610685e-08],
        "dmean2": [0.00026175333187, 0.000453651446151, 0.000280236359686, 0.000184507560334, 7.02747129253e-05, 0.000101881669252, 4.36694135715e-05, 6.44165411359e-05, 9.67299929471e-05, 7.04139310983e-05, 1.8435619495e-05, 2.02339579118e-05, 1.40876782098e-05, 1.37338220156e-05, 1.10314258563e-05, 1.21994135043e-05, 1.12445350169e-05, 1.21861821754e-05, 6.5860435825e-06, 7.94064726506e-06, 4.04643878937e-06, 2.85079295281e-06, 2.7156336273e-06, 1.7232200662e-06, 1.13261592105e-06, 8.10367623671e-07, 5.23489859461e-07, 3.88958454778e-07, 4.34138598848e-07, 3.10528207592e-07, 2.61883485564e-07, 2.69407053111e-07, 2.56870578141e-07, 1.96982838929e-07, 1.66326273643e-07, 1.51885060973e-07, 1.2792999371e-07, 8.32077660107e-08, 6.38898498551e-08, 5.32962651789e-08],
        "dvar": [4.22924983923e-08, 8.51422043979e-08, 3.67202055429e-08, 1.13608233931e-08, 1.50602430526e-09, 7.53930162745e-09, 1.09968245621e-09, 4.23397850113e-09, 1.10448397095e-08, 7.43450634388e-09, 6.31627028458e-10, 1.04807862389e-09, 3.87210319364e-10, 1.70714734016e-10, 1.54889684412e-10, 1.93686816585e-10, 1.40102360269e-10, 2.16868217828e-10, 4.37020211685e-11, 2.29915295136e-10, 1.59944314737e-11, 5.2165936501e-12, 1.04784956753e-11, 3.16426203816e-12, 7.79403451501e-13, 3.18647614805e-13, 9.12798956971e-14, 5.77412534561e-14, 8.94576500008e-14, 4.49045843369e-14, 3.34928719687e-14, 4.45488948736e-14, 5.04893097274e-14, 4.04908752198e-14, 5.64716357715e-14, 7.43932706778e-14, 6.81922102336e-14, 2.41552688496e-14, 1.12906789834e-14, 9.4094950405e-15],
        "dvar2": [1.14576593546e-07, 2.15709235363e-07, 8.71544401093e-08, 3.07282839174e-08, 3.66548436048e-09, 2.01302405856e-08, 2.28304064542e-09, 1.07558530971e-08, 3.3074382344e-08, 1.8061617979e-08, 1.88533810785e-09, 3.06217007306e-09, 1.10365683259e-09, 4.86484130757e-10, 4.37762076588e-10, 5.10473274762e-10, 3.58622465058e-10, 5.90586690663e-10, 1.19070628357e-10, 3.27255361698e-10, 3.51357935802e-11, 1.60853379227e-11, 1.8620598119e-11, 5.5265969752e-12, 1.96881768701e-12, 8.53031566824e-13, 2.51678479489e-13, 1.44693000528e-13, 2.25474614023e-13, 1.08624162453e-13, 8.75160065402e-14, 1.2044218975e-13, 1.39916412332e-13, 1.16465674995e-13, 1.65742826365e-13, 2.20767143715e-13, 2.02618195659e-13, 7.12792455268e-14, 3.31868660699e-14, 2.77009962006e-14],
        "max": [0.000883447704837, 0.00185283005703, 0.00177794531919, 0.000650193251204, 0.000254758691881, 0.000459623959614, 0.000172408370418, 0.000428431783803, 0.00078899692744, 0.000677752424963, 0.000180755945621, 0.000282656401396, 0.00015706535487, 8.39870335767e-05, 9.73084388534e-05, 9.44672647165e-05, 8.18997577881e-05, 0.000125157690491, 4.04070742661e-05, 0.00020572412177, 4.46063349955e-05, 1.28100209622e-05, 2.70142845693e-05, 1.70029125002e-05, 4.98586086906e-06, 3.76205662178e-06, 1.38349162171e-06, 1.1600130847e-06, 1.9944509404e-06, 9.19431329294e-07, 8.9307241069e-07, 1.21813093301e-06, 1.62471758358e-06, 1.59208661898e-06, 2.12390068555e-06, 2.49187564805e-06, 2.39530641011e-06, 1.42715089169e-06, 9.70258724919e-07, 9.00218878996e-07],
        "mean": [0.000151195679791, 0.000661082973238, 0.000474718166515, 0.000176102519617, 7.36420988687e-05, 6.77971256664e-05, 3.43144165527e-05, 4.19490388595e-05, 6.02617765253e-05, 4.31876360381e-05, 9.09157915885e-06, 9.78110074357e-06, 6.34227262708e-06, 6.30478507446e-06, 5.8921582422e-06, 6.54244604448e-06, 6.19796810497e-06, 6.14956434219e-06, 3.40786823472e-06, 6.6021020757e-06, 2.83497456621e-06, 1.9563215119e-06, 2.59100761468e-06, 1.52803966103e-06, 7.60375428399e-07, 4.79676316445e-07, 2.64893543545e-07, 1.80933724891e-07, 2.06282308568e-07, 1.4274647242e-07, 1.13524883716e-07, 1.13037366134e-07, 1.04895335085e-07, 7.89144536384e-08, 6.74141773516e-08, 5.55465113905e-08, 4.43451746435e-08, 2.91589365986e-08, 2.2840600522e-08, 1.957692497e-08],
        "median": [0.000106186773337, 0.000668735418003, 0.00045948769548, 0.000147101323819, 5.82850043429e-05, 2.60496653937e-05, 1.9869665266e-05, 2.04081443371e-05, 2.28697281273e-05, 1.08408039523e-05, 3.77793867301e-06, 4.32593560618e-06, 2.41150496549e-06, 1.84007797088e-06, 2.26970087169e-06, 2.09126415029e-06, 2.06586378226e-06, 1.63795266417e-06, 1.18016794204e-06, 1.01573459688e-06, 1.1113219216e-06, 1.00830220617e-06, 7.29780822439e-07, 5.35442381988e-07, 3.80248025067e-07, 2.51830272191e-07, 1.40522715242e-07, 8.44814991297e-08, 8.72879084568e-08, 4.55203128524e-08, 4.01707289654e-08, 3.60175427261e-08, 3.59163863095e-08, 2.63376236376e-08, 2.20786251504e-08, 1.73193317465e-08, 1.18940048921e-08, 8.84736994777e-09, 7.49766737584e-09, 6.25507379226e-09],
        "min": [1.20514278024e-06, 1.36489916258e-06, 2.29578517974e-06, 7.68185782363e-06, 5.16943873663e-06, 8.02853094228e-07, 6.9997281571e-07, 2.04665120407e-08, 3.48105288595e-07, 8.40046681105e-08, 2.34004087218e-08, 1.42410243598e-08, 2.89814998666e-08, 1.44198057939e-08, 1.09347118027e-08, 4.43953851459e-09, 8.380690808e-09, 8.53010817536e-09, 6.36389829722e-09, 8.18345302633e-09, 5.29961940998e-09, 4.33820401824e-09, 3.97846422473e-09, 2.86358359247e-09, 2.41875008911e-09, 2.01494021468e-09, 5.40761657675e-10, 2.91385915396e-10, 2.41602432505e-10, 1.85872747749e-10, 6.10410402779e-11, 2.67688406164e-11, 9.23628014349e-12, 3.76062939469e-12, 2.20239820305e-12, 1.43309767265e-12, 1.6517617352e-12, 1.21788375825e-12, 8.87890943494e-13, 8.26900613954e-13],
        "var": [3.10531689252e-08, 1.75515708634e-07, 6.90134029924e-08, 1.54201895697e-08, 3.23499760313e-09, 8.5773219638e-09, 1.51861012654e-09, 4.42995462535e-09, 9.87088455418e-09, 9.47314937605e-09, 4.14438039442e-10, 6.33873231681e-10, 2.50382659051e-10, 1.3709523794e-10, 1.25121177308e-10, 1.58883878276e-10, 1.38571890074e-10, 1.68682373625e-10, 3.65433898419e-11, 5.26129029232e-10, 2.5262330422e-11, 6.63766784592e-12, 2.76524549786e-11, 8.55985161224e-12, 1.03673276561e-12, 3.79833940993e-13, 9.12308016675e-14, 5.09815002443e-14, 8.06036213794e-14, 4.15691244447e-14, 2.67366305555e-14, 3.19643061477e-14, 3.39100695765e-14, 2.52572756546e-14, 3.21854020757e-14, 3.98614111554e-14, 3.59395605182e-14, 1.30016779135e-14, 6.19822881307e-15, 5.17792892371e-15]
    },
    "mfcc": {
        "dmean": [44.4744720459, 24.1887168884, 19.0611915588, 11.0567941666, 9.97325515747, 8.43539524078, 8.01731395721, 6.86910963058, 6.205078125, 6.89413642883, 5.59602880478, 5.57856369019, 5.13357114792],
        "dmean2": [72.1371917725, 39.9973297119, 30.2404556274, 17.9297199249, 15.5555734634, 13.7454843521, 11.9469566345, 11.1597290039, 10.5574922562, 10.8874607086, 9.14614200592, 8.88038635254, 8.03217124939],
        "dvar": [1361.51037598, 378.674591064, 248.843994141, 95.2327804565, 77.3828887939, 44.4810218811, 44.9229850769, 29.106010437, 25.2054347992, 40.0329170227, 23.3720798492, 19.3088626862, 19.7093048096],
        "dvar2": [3512.82958984, 1034.98742676, 683.303161621, 210.517105103, 186.938659668, 104.322044373, 113.368858337, 74.96118927, 73.9185333252, 68.2123641968, 59.619934082, 51.5301818848, 47.7189064026],
        "max": [-668.861755371, 227.193908691, 98.1996307373, 71.2011184692, 43.6324005127, 35.8999176025, 24.6278457642, 25.8774700165, 17.7941970825, 30.923034668, 19.8818702698, 20.7348384857, 8.75259780884],
        "mean": [-769.962219238, 163.833221436, 7.57998609543, 29.9763622284, 15.2890472412, 7.15133142471, -4.87079286575, 4.17971134186, -0.104748368263, 2.65817642212, 2.44750475883, -0.986028969288, -5.6875834465],
        "median": [-763.251281738, 169.222015381, 7.54679870605, 27.4951248169, 15.3520507812, 7.1915512085, -3.58326339722, 3.80371856689, -0.000255584716797, 2.59516334534, 1.26204299927, -1.3302936554, -5.39389801025],
        "min": [-965.952148438, 54.7941436768, -81.8206634521, -14.4902992249, -17.7833518982, -26.6847801208, -38.6977996826, -19.8972854614, -21.5718955994, -19.7983283997, -10.4131546021, -15.5919723511, -22.1290798187],
        "var": [3213.68603516, 734.08404541, 803.396789551, 322.700500488, 170.313919067, 127.776863098, 139.734512329, 68.2502212524, 43.5801239014, 91.1153335571, 52.2387084961, 40.5967979431, 35.9050559998],
        "cov": [[3233.5234375, -795.838867188, -592.553405762, 37.3726730347, -120.033950806, -37.2949409485, -138.528579712, 22.3535308838, -29.767168045, -13.0463371277, -19.4234638214, -13.0666017532, -40.7350273132], [-795.838867188, 738.615478516, -261.291412354, -243.655258179, -20.5178775787, -77.8490524292, 51.7847633362, -39.6145133972, -18.7509708405, 42.0851974487, 51.7491569519, 14.0820074081, 0.795504629612], [-592.553405762, -261.291412354, 808.356018066, 167.514389038, -51.3955078125, 165.815979004, 106.020088196, 56.039516449, 7.40553426743, -51.1913948059, -36.7387161255, 1.33470582962, 15.5872545242], [37.3726730347, -243.655258179, 167.514389038, 324.692504883, 95.2021026611, 9.34698581696, -93.0856628418, 26.1960868835, 31.9714317322, -46.9109115601, -40.8270225525, 1.76046943665, 11.2147903442], [-120.033950806, -20.5178775787, -51.3955078125, 95.2021026611, 171.365234375, -16.8257026672, -56.1104660034, 1.69734704494, 8.74464511871, 16.4804954529, 11.3173799515, 9.16769981384, 4.0159034729], [-37.2949409485, -77.8490524292, 165.815979004, 9.34698581696, -16.8257026672, 128.565612793, 66.5377502441, 10.1893634796, -1.57488644123, 4.00961589813, 10.7171325684, 7.52414274216, -6.57867002487], [-138.528579712, 51.7847633362, 106.020088196, -93.0856628418, -56.1104660034, 66.5377502441, 140.597061157, 20.2278079987, -17.938495636, 18.1674518585, 26.214220047, 13.9674844742, -0.0487655699253], [22.3535308838, -39.6145133972, 56.039516449, 26.1960868835, 1.69734704494, 10.1893634796, 20.2278079987, 68.6715164185, 6.90121030807, -9.41491508484, 9.92804527283, 20.166261673, 1.27272725105], [-29.767168045, -18.7509708405, 7.40553426743, 31.9714317322, 8.74464511871, -1.57488644123, -17.938495636, 6.90121030807, 43.8491363525, 14.1521549225, -10.1832609177, -1.99470365047, 1.28168737888], [-13.0463371277, 42.0851974487, -51.1913948059, -46.9109115601, 16.4804954529, 4.00961589813, 18.1674518585, -9.41491508484, 14.1521549225, 91.677772522, 40.2838363647, -8.27584838867, -22.5881500244], [-19.4234638214, 51.7491569519, -36.7387161255, -40.8270225525, 11.3173799515, 10.7171325684, 26.214220047, 9.92804527283, -10.1832609177, 40.2838363647, 52.5611686707, 14.5434703827, -13.0497636795], [-13.0666017532, 14.0820074081, 1.33470582962, 1.76046943665, 9.16769981384, 7.52414274216, 13.9674844742, 20.166261673, -1.99470365047, -8.27584838867, 14.5434703827, 40.8473968506, 13.3073644638], [-40.7350273132, 0.795504629612, 15.5872545242, 11.2147903442, 4.0159034729, -6.57867002487, -0.0487655699253, 1.27272725105, 1.28168737888, -22.5881500244, -13.0497636795, 13.3073644638, 36.1266937256]],
        "icov": [[0.00108204875141, 0.00160758791026, 0.00151300663128, -0.000102657148091, 0.00158039922826, -0.000644741288852, 0.00059405650245, -0.000930167909246, 0.00165078078862, -0.00078297057189, 0.000592180993408, -0.000581860775128, 0.000184347387403], [0.00160758791026, 0.00458428356797, 0.00235268310644, 0.00116543041077, 0.00179457175545, 0.000693570473231, -0.000277562008705, 0.000176881891093, 0.000918279576581, 0.000140430754982, -0.00128567102365, -0.00128971436061, 0.000320920487866], [0.00151300663128, 0.00235268310644, 0.00459427759051, -0.00181504152715, 0.00294268480502, -0.00298230070621, -0.00105263001751, -0.00235515460372, 0.00272640306503, -0.00115245394409, 0.0020941211842, 0.000416703260271, -0.000767595076468], [-0.000102657148091, 0.00116543041077, -0.00181504152715, 0.00801723543555, -0.0036840045359, -0.000170782674104, 0.00412856368348, -0.00110489025246, -0.00337990582921, 0.00276747974567, 0.000390996807255, -0.000746818492189, 0.000842438719701], [0.00158039922826, 0.00179457175545, 0.00294268480502, -0.0036840045359, 0.0116085866466, -0.00196683919057, 0.00373049802147, -0.00193366780877, 0.0048817419447, -0.00503774126992, -0.00086445233319, -0.00217969273217, -0.00279137841426], [-0.000644741288852, 0.000693570473231, -0.00298230070621, -0.000170782674104, -0.00196683919057, 0.0158328618854, -0.0077795330435, 0.00538119720295, -0.00516593549401, 0.0036274488084, -0.00505196861923, -0.00213040644303, 0.00491041550413], [0.00059405650245, -0.000277562008705, -0.00105263001751, 0.00412856368348, 0.00373049802147, -0.0077795330435, 0.0192339029163, -0.00664210738614, 0.00753293512389, -0.00600067991763, 0.0009614880546, -0.00226423121057, -0.00456071039662], [-0.000930167909246, 0.000176881891093, -0.00235515460372, -0.00110489025246, -0.00193366780877, 0.00538119720295, -0.00664210738614, 0.0244520902634, -0.0111868521199, 0.00893447641283, -0.0106413597241, -0.00732014374807, 0.00546654267237], [0.00165078078862, 0.000918279576581, 0.00272640306503, -0.00337990582921, 0.0048817419447, -0.00516593549401, 0.00753293512389, -0.0111868521199, 0.0422335602343, -0.021845985204, 0.0230142325163, -0.0062088733539, -0.00392228271812], [-0.00078297057189, 0.000140430754982, -0.00115245394409, 0.00276747974567, -0.00503774126992, 0.0036274488084, -0.00600067991763, 0.00893447641283, -0.021845985204, 0.0327819883823, -0.028259055689, 0.0112147312611, 0.00658304430544], [0.000592180993408, -0.00128567102365, 0.0020941211842, 0.000390996807255, -0.00086445233319, -0.00505196861923, 0.0009614880546, -0.0106413597241, 0.0230142325163, -0.028259055689, 0.0602401532233, -0.0230304263532, 0.0109814265743], [-0.000581860775128, -0.00128971436061, 0.000416703260271, -0.000746818492189, -0.00217969273217, -0.00213040644303, -0.00226423121057, -0.00732014374807, -0.0062088733539, 0.0112147312611, -0.0230304263532, 0.0462536327541, -0.0185909457505], [0.000184347387403, 0.000320920487866, -0.000767595076468, 0.000842438719701, -0.00279137841426, 0.00491041550413, -0.00456071039662, 0.00546654267237, -0.00392228271812, 0.00658304430544, 0.0109814265743, -0.0185909457505, 0.0440265201032]]
    }
}

}