{
"metadata": {
    "version": {
        "essentia": "2.0.1",
        "extractor": "archive-music 1.0 mod ismir14"
    },
    "audio_properties": {
        "analysis_sample_rate": 44100,
        "bitrate": 128,
        "channels": 2,
        "equal_loudness": 0,
        "length": 30.0669155121,
        "replay_gain": -8.88451004028,
        "downmix": "mix"
    },
    "tags": {
        "track": 7,
        "year": 0,
        "album": "The Cool Jazz Collection",
        "artist": "Astrud Gilberto",
        "comment": "",
        "genre": "Jazz",
        "title": "Girl From Ipanema"
    }
},
"rhythm": {
    "bpm": 130.002792358,
    "bpm_histogram_first_peak": 129,
    "bpm_histogram_first_peak_spread": 0.490909099579,
    "bpm_histogram_first_peak_weight": 0.444444447756,
    "bpm_histogram_second_peak": 136,
    "bpm_histogram_second_peak_spread": 0.199999988079,
    "bpm_histogram_second_peak_weight": 0.0634920671582
},
"tonal": {
    "tuning_frequency": {
        "dmean": 0.120333969593,
        "dmean2": 0.227423176169,
        "dvar": 1.73323273659,
        "dvar2": 3.36562919617,
        "max": 456.306610107,
        "mean": 438.203918457,
        "median": 434.193115234,
        "min": 432.690917969,
        "var": 63.300075531
    },
    "hpcp": {
        "dmean": [0.106124959886, 0.124504864216, 0.167420446873, 0.173626944423, 0.152370631695, 0.125584810972, 0.144854202867, 0.149426922202, 0.244594544172, 0.13611279428, 0.119086578488, 0.114728890359],
        "dmean2": [0.20477719605, 0.240477502346, 0.324082672596, 0.330464541912, 0.294177651405, 0.242791488767, 0.277174472809, 0.289257466793, 0.470446258783, 0.265642315149, 0.228934213519, 0.223298877478],
        "dvar": [0.0730216279626, 0.0811691731215, 0.109991952777, 0.103478707373, 0.0981149300933, 0.0819336548448, 0.0886220261455, 0.0993088334799, 0.143850207329, 0.0958185791969, 0.0777948498726, 0.0811852812767],
        "dvar2": [0.207771480083, 0.232550993562, 0.309794902802, 0.285615593195, 0.277618557215, 0.236688867211, 0.251321494579, 0.279154628515, 0.402546435595, 0.274044424295, 0.211809039116, 0.233502238989],
        "max": [1, 1, 1, 1, 1, 1, 1, 1, 1, 1, 1, 1],
        "mean": [0.0668109357357, 0.112427406013, 0.118924327195, 0.199553623796, 0.111492924392, 0.0959784537554, 0.136182591319, 0.112991727889, 0.206481292844, 0.0877746939659, 0.0954650491476, 0.0856356397271],
        "median": [0.000358563178452, 0.00167939730454, 0.000741968629882, 0.00320853642188, 0.00113887677435, 0.00105148775037, 0.00144583918154, 0.00107170233969, 0.00495457137004, 0.000326659908751, 0.00184050458483, 0.000545799790416],
        "min": [0, 0, 0, 0, 0, 0, 0, 0, 0, 0, 0, 0],
        "var": [0.0482583902776, 0.0797393545508, 0.0871277973056, 0.131016999483, 0.0785451382399, 0.0684737414122, 0.0940882787108, 0.081843264401, 0.136784613132, 0.0674710869789, 0.0636712163687, 0.0646353140473]
    }
},
"lowlevel": {
    "melbands": {
        "dmean": [0.000789440935478, 0.00343966344371, 0.00357389776036, 0.00183976721019, 0.000988985411823, 0.000367073371308, 0.00013027402747, 0.000119800781249, 4.99236120959e-05, 2.68211115326e-05, 2.74091962638e-05, 2.7044037779e-05, 8.60121599544e-06, 6.17999694441e-06, 8.0426070781e-06, 4.69715359941e-06, 3.8691860027e-06, 1.63601873737e-06, 1.69297379671e-06, 1.53634800881e-06, 1.00733643649e-06, 1.31130980208e-06, 1.47376908899e-06, 1.56633120696e-06, 6.36344964278e-07, 4.16397142544e-07, 5.82788459269e-07, 8.90246781182e-07, 7.2984749977e-07, 8.9874333753e-07, 1.33674427616e-06, 2.23770462071e-06, 2.74963849733e-06, 1.70727082605e-06, 6.62558363729e-07, 3.35630119253e-07, 2.14576076019e-07, 8.40945517666e-08, 2.68646900281e-08, 2.54790966103e-09],
        "dmean2": [0.00132524548098, 0.00594205362722, 0.00621252786368, 0.00310642435215, 0.00162744044792, 0.000617854995653, 0.000193048210349, 0.000169263745192, 6.87297069817e-05, 3.52763854607e-05, 3.72072245227e-05, 3.59504410881e-05, 1.23187464851e-05, 9.16044336918e-06, 1.08875001388e-05, 6.93598167345e-06, 5.4463835113e-06, 2.50246057476e-06, 2.36784330809e-06, 2.16056196223e-06, 1.52765915118e-06, 1.9687531676e-06, 2.13472185351e-06, 2.32759498431e-06, 9.34101876737e-07, 6.39716915884e-07, 8.92294337973e-07, 1.48718436321e-06, 1.10364806005e-06, 1.358701752e-06, 2.10381813304e-06, 3.50822551809e-06, 4.45330579169e-06, 2.65150538326e-06, 1.00892850696e-06, 4.78794277115e-07, 3.17688289897e-07, 1.22968387473e-07, 3.94667125647e-08, 3.87195298046e-09],
        "dvar": [2.29613306146e-06, 3.04975947074e-05, 3.78360200557e-05, 9.31863633014e-06, 2.56959128819e-06, 3.92759005763e-07, 1.44276839364e-07, 1.36631669534e-07, 1.81362818097e-08, 9.08192099303e-09, 6.6168373003e-09, 1.62865116948e-08, 7.71250008302e-10, 2.90408502801e-10, 8.2582507499e-10, 5.00895491751e-10, 5.49683298878e-10, 4.77946709987e-11, 8.39323471835e-11, 6.07461650426e-11, 1.61228929513e-11, 1.66391345147e-11, 2.21082596674e-11, 5.24004346858e-11, 7.90634918646e-12, 1.92341910628e-12, 5.51862028297e-12, 1.78317360877e-11, 8.81294429794e-12, 2.54975242309e-11, 5.24618785913e-11, 1.57920496124e-10, 4.74613570667e-10, 1.54940393848e-10, 9.15095169779e-12, 1.30284899622e-12, 5.6775650804e-13, 1.11188890126e-13, 1.54742433195e-14, 2.34663913531e-16],
        "dvar2": [5.97148800807e-06, 9.20453094295e-05, 0.000122089200886, 2.58440231846e-05, 6.96451297699e-06, 1.07433800167e-06, 2.28788664458e-07, 2.09603044254e-07, 2.8792271678e-08, 1.08984519187e-08, 1.14565876785e-08, 1.94724787406e-08, 1.66881930497e-09, 5.55483881115e-10, 1.31640898182e-09, 9.93950810546e-10, 8.83803752405e-10, 9.56577664302e-11, 1.22833770932e-10, 1.21326421132e-10, 3.55526823259e-11, 3.43221735755e-11, 4.28873221658e-11, 1.29990351816e-10, 1.76875805669e-11, 4.82238988325e-12, 1.23777906327e-11, 4.91345644726e-11, 2.01401065963e-11, 6.09654687844e-11, 1.14438437893e-10, 3.62566254797e-10, 1.26487487151e-09, 3.46616374491e-10, 2.35884783928e-11, 2.7132146356e-12, 1.31662812163e-12, 2.63909499722e-13, 3.94133849364e-14, 5.88453640792e-16],
        "max": [0.0354567989707, 0.0789502710104, 0.0612725652754, 0.0803564488888, 0.0255576483905, 0.0116019574925, 0.0094061344862, 0.00875530298799, 0.00348436809145, 0.00401890603825, 0.00223335926421, 0.00922675058246, 0.000934600713663, 0.000606287794653, 0.00182268454228, 0.000789792451542, 0.00114219111856, 0.000263229943812, 0.000411954708397, 0.000313655211357, 0.000130512649775, 9.16486678761e-05, 9.67667729128e-05, 0.000196651206352, 0.000114659509563, 3.44974214386e-05, 7.59107351769e-05, 0.0001176366859, 8.31413053675e-05, 0.000139343581395, 0.000190501436009, 0.00026952510234, 0.00079341448145, 0.000572087243199, 9.9987948488e-05, 2.66329734586e-05, 1.5983796402e-05, 1.11694698717e-05, 3.57711178367e-06, 6.3891843638e-07],
        "mean": [0.00150718691293, 0.00612766807899, 0.00741513259709, 0.00363555015065, 0.00225187838078, 0.000807733449619, 0.000303172681015, 0.000297967751976, 0.000139903000672, 8.57957929838e-05, 8.48126437631e-05, 8.49606585689e-05, 2.2346715923e-05, 1.26444228954e-05, 1.99438982236e-05, 1.18815405585e-05, 8.27623807709e-06, 3.38544464284e-06, 3.30706097884e-06, 3.10425775751e-06, 1.71527904058e-06, 2.62613298219e-06, 3.08572793983e-06, 2.509586011e-06, 1.10465191483e-06, 7.54256177515e-07, 1.02891681308e-06, 1.33789319534e-06, 1.1804542055e-06, 1.39072005823e-06, 2.42420310315e-06, 4.00577209803e-06, 4.1746638999e-06, 2.9192740385e-06, 1.36211122026e-06, 7.61032254104e-07, 4.52283444474e-07, 1.68945334167e-07, 5.14584144184e-08, 4.11893896768e-09],
        "median": [0.000346181215718, 0.00289501622319, 0.0031444018241, 0.00190411123913, 0.000767845427617, 0.000288076611469, 8.67047929205e-05, 5.13124068675e-05, 1.86069210031e-05, 6.79377762935e-06, 7.68243808125e-06, 7.49240825826e-06, 3.15742204293e-06, 3.34772175847e-06, 2.66938968707e-06, 1.04270998236e-06, 6.82013137521e-07, 4.54648272807e-07, 2.38713568024e-07, 2.17152205551e-07, 2.15486977595e-07, 3.45623931253e-07, 3.6753800714e-07, 2.40639593585e-07, 1.45378493244e-07, 1.23046689282e-07, 1.61586044101e-07, 1.74479936277e-07, 1.03818052821e-07, 1.20583877106e-07, 1.3690194578e-07, 9.04782453404e-08, 1.1921309806e-07, 8.66387637188e-08, 7.67069963103e-08, 5.92679718636e-08, 4.10151592689e-08, 1.50273216093e-08, 4.04064248727e-09, 1.69289554597e-10],
        "min": [1.70133016118e-23, 1.09488119183e-23, 1.63665350659e-23, 1.06278465041e-23, 2.07416996413e-23, 4.09360181667e-23, 3.13275598125e-23, 7.76326378754e-24, 1.33159152821e-23, 5.76108984501e-24, 8.63284409602e-24, 1.61898917543e-23, 1.28411172582e-23, 1.12858006752e-23, 3.65951627299e-23, 2.3475459243e-23, 5.52851645299e-23, 4.11535923153e-23, 6.70363899837e-24, 1.12343038353e-23, 3.50014775302e-23, 2.40206394369e-23, 1.68214001525e-23, 1.8760366615e-23, 1.52982312291e-23, 1.83552881179e-23, 1.79421600841e-23, 2.12591734624e-23, 3.11908186632e-23, 1.72513924547e-23, 2.35615586776e-23, 2.82981004336e-23, 3.62098862192e-23, 3.77051436661e-23, 2.43113804344e-23, 1.93707540513e-23, 1.86179787993e-23, 1.48812283105e-23, 1.58516723744e-23, 1.2227111317e-23],
        "var": [1.23752752188e-05, 5.72232602281e-05, 9.0172936325e-05, 3.01079089695e-05, 1.18536008813e-05, 1.71170313479e-06, 7.6068835142e-07, 7.12287715032e-07, 1.36035851028e-07, 9.59620010121e-08, 5.38963611518e-08, 2.39254347889e-07, 5.19675236177e-09, 1.05875552769e-09, 7.52339168741e-09, 2.26892149513e-09, 1.93246640912e-09, 1.16676682205e-10, 2.96479119033e-10, 2.40716946376e-10, 3.41923052372e-11, 4.45381370673e-11, 7.56197812701e-11, 8.67355562373e-11, 1.5883341517e-11, 4.73508255175e-12, 1.30131816781e-11, 3.53349433047e-11, 1.88166114634e-11, 4.68894298389e-11, 1.43853887136e-10, 4.34069252764e-10, 6.48447850971e-10, 4.05866174003e-10, 3.4946139732e-11, 6.32146245072e-12, 2.17889747044e-12, 4.06039324342e-13, 5.34548500028e-14, 6.37169840781e-16]
    },
    "mfcc": {
        "dmean": [16.3471107483, 12.0627393723, 9.29302501678, 8.29169273376, 7.50225639343, 7.749355793, 7.36201953888, 7.01865816116, 6.75473976135, 6.74654865265, 6.58789157867, 6.49617576599, 5.96703910828],
        "dmean2": [19.876115799, 15.8895282745, 14.1072492599, 12.6558532715, 11.8682022095, 12.1111021042, 11.7776222229, 11.5381040573, 11.0971422195, 10.9744024277, 10.8496303558, 10.650103569, 9.87192630768],
        "dvar": [421.916320801, 162.577316284, 85.4014816284, 48.9587402344, 35.7304191589, 40.6527404785, 34.3803749084, 31.6099720001, 29.524936676, 28.9305839539, 26.8473358154, 24.8920898438, 23.3500156403],
        "dvar2": [654.469055176, 227.334945679, 198.972763062, 109.432998657, 91.4274368286, 95.2813873291, 81.9520111084, 81.7244796753, 76.947883606, 71.0513458252, 72.0151138306, 67.1269989014, 61.766872406],
        "max": [-558.828979492, 270.982971191, 126.632095337, 141.227981567, 46.9150733948, 84.9209289551, 39.7552566528, 55.7705688477, 25.7915840149, 40.960067749, 26.5572319031, 44.7146148682, 24.045425415],
        "mean": [-747.881530762, 174.869384766, 48.1813697815, 46.4124603271, -5.97631788254, 19.6112060547, -9.58998203278, 11.8095550537, -15.539305687, -4.38034534454, -12.0943832397, 3.14177012444, -10.8170595169],
        "median": [-739.589904785, 185.080169678, 48.5996131897, 44.9274864197, -4.66309738159, 20.0474319458, -8.51480293274, 11.4025669098, -15.5351676941, -3.63617324829, -11.2987689972, 3.11098861694, -10.3802757263],
        "min": [-1138.42004395, -38.9222717285, -36.2006072998, -28.9559249878, -58.3195800781, -42.1422462463, -70.0989456177, -34.126625061, -62.8259925842, -54.8441696167, -62.6454429626, -38.1222953796, -47.418384552],
        "var": [5648.05810547, 2420.10083008, 739.208312988, 630.046630859, 266.242004395, 340.688018799, 267.270080566, 176.219528198, 141.087509155, 239.801025391, 178.535018921, 151.984588623, 113.523872375],
        "cov": [[5650.23876953, -226.600219727, -714.389160156, 51.3675994873, -344.324768066, -48.4229049683, -470.297912598, 243.653549194, -264.859069824, 287.67855835, -124.839813232, 110.877944946, -316.202148438], [-226.600219727, 2421.03515625, -295.621795654, -396.532592773, 168.236602783, -345.316253662, 130.01574707, 27.6476631165, -49.4202651978, -238.8228302, 40.5431632996, -52.1933288574, -39.7198410034], [-714.389160156, -295.621795654, 739.493713379, 182.152069092, -60.5616722107, 200.898117065, 37.070766449, -48.6417427063, 23.8968715668, -90.2742996216, 16.0669078827, -18.4019432068, 63.2371482849], [51.3675994873, -396.532592773, 182.152069092, 630.289855957, 127.434860229, -70.2463760376, -84.6272735596, 45.1452293396, -8.32459926605, -90.7246398926, -6.26654672623, -39.0815963745, 46.9119682312], [-344.324768066, 168.236602783, -60.5616722107, 127.434860229, 266.344787598, -42.3743934631, 12.7760648727, 0.256441742182, 25.6462497711, -37.1269493103, -2.65108442307, 6.68344068527, 13.1247615814], [-48.4229049683, -345.316253662, 200.898117065, -70.2463760376, -42.3743934631, 340.819549561, 60.5829925537, -14.1075353622, 39.7191238403, 66.4728775024, 37.0862388611, 15.8319721222, 21.5377616882], [-470.297912598, 130.01574707, 37.070766449, -84.6272735596, 12.7760648727, 60.5829925537, 267.373291016, 33.2234687805, 33.4147911072, 4.64567518234, 35.3587150574, 15.1720981598, 31.9232616425], [243.653549194, 27.6476631165, -48.6417427063, 45.1452293396, 0.256441742182, -14.1075353622, 33.2234687805, 176.287567139, 30.2901268005, 1.97753810883, 31.0981636047, -17.1964206696, -8.5857925415], [-264.859069824, -49.4202651978, 23.8968715668, -8.32459926605, 25.6462497711, 39.7191238403, 33.4147911072, 30.2901268005, 141.141983032, 56.0487518311, 22.295167923, -20.11627388, 23.6382026672], [287.67855835, -238.8228302, -90.2742996216, -90.7246398926, -37.1269493103, 66.4728775024, 4.64567518234, 1.97753810883, 56.0487518311, 239.893600464, 12.8574113846, 24.4667415619, -21.6623306274], [-124.839813232, 40.5431632996, 16.0669078827, -6.26654672623, -2.65108442307, 37.0862388611, 35.3587150574, 31.0981636047, 22.295167923, 12.8574113846, 178.60395813, -12.1862983704, 31.3361282349], [110.877944946, -52.1933288574, -18.4019432068, -39.0815963745, 6.68344068527, 15.8319721222, 15.1720981598, -17.1964206696, -20.11627388, 24.4667415619, -12.1862983704, 152.043273926, 1.53384721279], [-316.202148438, -39.7198410034, 63.2371482849, 46.9119682312, 13.1247615814, 21.5377616882, 31.9232616425, -8.5857925415, 23.6382026672, -21.6623306274, 31.3361282349, 1.53384721279, 113.567703247]],
        "icov": [[0.000503015995491, -0.000216494838241, 0.000526665011421, -0.000575103156734, 0.000859496125486, -0.000656534568407, 0.000757940928452, -0.000749083585106, 0.000785945740063, -0.000623672152869, 0.000261056178715, -0.000436549715232, 0.000675920920912], [-0.000216494838241, 0.000927641929593, -0.000327750080032, 0.00114424352068, -0.00112270668615, 0.00116928247735, -0.000597033882514, 0.000123704478028, -0.000206916360185, 0.0010139378719, -0.000444649253041, 0.00050707970513, -0.000131014254293], [0.000526665011421, -0.000327750080032, 0.002942210529, -0.00172122870572, 0.00206007086672, -0.00230757705867, 0.000445957994089, 0.000220562564209, -3.58176330337e-05, 0.000538592459634, 0.000335811404511, -0.000522679649293, 0.000539903063327], [-0.000575103156734, 0.00114424352068, -0.00172122870572, 0.00418685283512, -0.00322793517262, 0.00239560846239, -0.000143669807585, -0.000581514439546, -7.88666802691e-05, 0.0013739450369, -0.000486764911329, 0.0012672918383, -0.00166127772536], [0.000859496125486, -0.00112270668615, 0.00206007086672, -0.00322793517262, 0.00719035742804, -0.00205655745231, 0.000807710632216, -5.92463002249e-05, -0.000605905544944, -0.000521085632499, 0.000695079914294, -0.00173625012394, 0.0013725879835], [-0.000656534568407, 0.00116928247735, -0.00230757705867, 0.00239560846239, -0.00205655745231, 0.00620692921802, -0.00167586945463, 0.000692059227731, -0.00101444881875, 0.000122667654068, -0.00120534421876, 0.000665582134388, -0.00098157778848], [0.000757940928452, -0.000597033882514, 0.000445957994089, -0.000143669807585, 0.000807710632216, -0.00167586945463, 0.00588015839458, -0.00232169334777, 0.000812526326627, -0.000999828102067, 0.000160263312864, -0.00116693112068, -0.000279693602351], [-0.000749083585106, 0.000123704478028, 0.000220562564209, -0.000581514439546, -5.92463002249e-05, 0.000692059227731, -0.00232169334777, 0.00828395504504, -0.00317126256414, 0.0014504538849, -0.00147259247024, 0.000788427423686, 0.000561917026062], [0.000785945740063, -0.000206916360185, -3.58176330337e-05, -7.88666802691e-05, -0.000605905544944, -0.00101444881875, 0.000812526326627, -0.00317126256414, 0.0112231289968, -0.00386594980955, 0.000362231075997, 0.00117212254554, -0.0012264928082], [-0.000623672152869, 0.0010139378719, 0.000538592459634, 0.0013739450369, -0.000521085632499, 0.000122667654068, -0.000999828102067, 0.0014504538849, -0.00386594980955, 0.00759193720296, -0.000963125494309, -0.00032226977055, 0.000701253651641], [0.000261056178715, -0.000444649253041, 0.000335811404511, -0.000486764911329, 0.000695079914294, -0.00120534421876, 0.000160263312864, -0.00147259247024, 0.000362231075997, -0.000963125494309, 0.00662596989423, 0.000234169769101, -0.00151323678438], [-0.000436549715232, 0.00050707970513, -0.000522679649293, 0.0012672918383, -0.00173625012394, 0.000665582134388, -0.00116693112068, 0.000788427423686, 0.00117212254554, -0.00032226977055, 0.000234169769101, 0.0077832788229, -0.00128368625883], [0.000675920920912, -0.000131014254293, 0.000539903063327, -0.00166127772536, 0.0013725879835, -0.00098157778848, -0.000279693602351, 0.000561917026062, -0.0012264928082, 0.000701253651641, -0.00151323678438, -0.00128368625883, 0.0119995893911]]
    }
}

}