{
"metadata": {
    "version": {
        "essentia": "2.0.1",
        "extractor": "archive-music 1.0 mod ismir14"
    },
    "audio_properties": {
        "analysis_sample_rate": 44100,
        "bitrate": 128,
        "channels": 2,
        "equal_loudness": 0,
        "length": 30.0669155121,
        "replay_gain": -12.179813385,
        "downmix": "mix"
    },
    "tags": {
        "track": 6,
        "year": 0,
        "album": "Swing Classics (Jazz & Tzaz 70)",
        "artist": "Benny Carter",
        "comment": "",
        "genre": "Jazz",
        "title": "Babalu"
    }
},
"rhythm": {
    "bpm": 92.6367721558,
    "bpm_histogram_first_peak": 94,
    "bpm_histogram_first_peak_spread": 0.555555582047,
    "bpm_histogram_first_peak_weight": 0.355555564165,
    "bpm_histogram_second_peak": 89,
    "bpm_histogram_second_peak_spread": 0,
    "bpm_histogram_second_peak_weight": 0.177777782083
},
"tonal": {
    "tuning_frequency": {
        "dmean": 0.0633007287979,
        "dmean2": 0.123768888414,
        "dvar": 0.525850653648,
        "dvar2": 1.35731387138,
        "max": 452.892974854,
        "mean": 436.984161377,
        "median": 437.465789795,
        "min": 431.193908691,
        "var": 3.84659647942
    },
    "hpcp": {
        "dmean": [0.143223926425, 0.144136860967, 0.154203891754, 0.206391319633, 0.144365116954, 0.130333334208, 0.148783639073, 0.127004221082, 0.196089565754, 0.132852301002, 0.18194462359, 0.188874214888],
        "dmean2": [0.265243440866, 0.261084109545, 0.28968039155, 0.376131117344, 0.267834722996, 0.243318408728, 0.259398579597, 0.237107396126, 0.353419601917, 0.249164581299, 0.327328771353, 0.338647931814],
        "dvar": [0.0641236826777, 0.0611763671041, 0.0810450166464, 0.0874528959394, 0.0690970346332, 0.0624980740249, 0.0538018085063, 0.0585939437151, 0.0749970674515, 0.0595383457839, 0.0705952048302, 0.0712430179119],
        "dvar2": [0.178363919258, 0.168411374092, 0.23515355587, 0.237730488181, 0.18619826436, 0.180821865797, 0.142638385296, 0.161783754826, 0.20022892952, 0.170834437013, 0.188956186175, 0.186924651265],
        "max": [1, 1, 1, 1, 1, 1, 1, 1, 1, 1, 1, 1],
        "mean": [0.112440988421, 0.154106914997, 0.110605560243, 0.401645541191, 0.165775701404, 0.104524128139, 0.238055109978, 0.100146867335, 0.288629770279, 0.0976076200604, 0.196268454194, 0.231742858887],
        "median": [0.0128481723368, 0.0205847807229, 0.00363099668175, 0.199203982949, 0.0122621608898, 0.0123046590015, 0.0629435479641, 0.00762452138588, 0.104196943343, 0.00812954921275, 0.0668229535222, 0.0625458285213],
        "min": [0, 0, 0, 0, 0, 0, 0, 0, 0, 0, 0, 0],
        "var": [0.0549879483879, 0.0705646052957, 0.0655086860061, 0.175305664539, 0.0974324271083, 0.0521826855838, 0.113457486033, 0.0498860739172, 0.129790782928, 0.0451340787113, 0.0803485363722, 0.105326466262]
    }
},
"lowlevel": {
    "melbands": {
        "dmean": [2.93078519462e-05, 0.000127202773001, 0.000140660544275, 0.000268677715212, 0.000316651712637, 0.000349327601725, 0.000272996170679, 0.000360898644431, 0.00025892991107, 0.000161470510648, 0.000120555654576, 0.000103004269477, 9.51695255935e-05, 8.05488161859e-05, 0.000146625723573, 0.000132234737976, 7.46093428461e-05, 3.82605212508e-05, 3.91483226849e-05, 4.4095046178e-05, 1.48128792716e-05, 2.26221363846e-05, 1.08186868601e-05, 7.14582802175e-06, 9.27779001358e-06, 3.10754376187e-06, 1.86521549495e-06, 2.24743394028e-06, 1.92342963601e-06, 1.82305984708e-06, 8.77148750078e-07, 4.1204876311e-07, 2.83306377469e-07, 1.08876967886e-07, 4.95847629622e-08, 3.90070340472e-08, 8.35692581802e-09, 7.57292950571e-10, 9.17357786956e-11, 2.22862561738e-11],
        "dmean2": [4.52167114418e-05, 0.000205323245609, 0.000247169606155, 0.000487771816552, 0.000578151084483, 0.000594813551288, 0.000425048987381, 0.0005046405131, 0.000355445517926, 0.000219301771722, 0.000187617333722, 0.000160758601851, 0.000146744190715, 0.000126549988636, 0.000226176081924, 0.000214496540138, 0.000112925234134, 5.47178642591e-05, 5.8102003095e-05, 6.56009942759e-05, 2.2638381779e-05, 3.62173996109e-05, 1.7253740225e-05, 1.0862736417e-05, 1.38496207001e-05, 4.75587921756e-06, 2.91596143143e-06, 3.43727447216e-06, 2.95013637697e-06, 2.65739890892e-06, 1.27742828226e-06, 5.99662655532e-07, 4.20723750949e-07, 1.58982018661e-07, 7.27031590486e-08, 5.95918407953e-08, 1.29072956767e-08, 1.14670994922e-09, 1.43754647075e-10, 4.04197370019e-11],
        "dvar": [1.52122014985e-09, 2.70730744489e-08, 5.74722278657e-08, 1.79745882178e-07, 2.23881855277e-07, 2.80365526351e-07, 1.50298006929e-07, 5.2739954981e-07, 2.1553128704e-07, 8.21131393991e-08, 8.54280202134e-08, 7.27930071776e-08, 5.4449142084e-08, 3.23786757406e-08, 9.05258659145e-08, 1.28454331616e-07, 3.98881496722e-08, 8.3753484148e-09, 1.19250813668e-08, 1.20581429286e-08, 6.97746083134e-10, 4.34226921087e-09, 5.80024972496e-10, 2.08477721197e-10, 5.09836395324e-10, 6.34174934788e-11, 1.99024460107e-11, 4.99896166128e-11, 2.19983007504e-11, 1.71173717561e-11, 4.56830406836e-12, 1.21723106854e-12, 8.77913085111e-13, 1.13323135327e-13, 1.93481739148e-14, 1.29012172649e-14, 4.0852052292e-16, 5.88857759881e-18, 8.95140156093e-20, 2.0859869364e-21],
        "dvar2": [3.27827076596e-09, 7.07528045041e-08, 1.69336331624e-07, 5.4286743989e-07, 7.05339857632e-07, 8.0123237467e-07, 3.71072587768e-07, 1.11302063033e-06, 4.49776905498e-07, 1.5724270952e-07, 2.2783251552e-07, 1.98861698664e-07, 1.37426226843e-07, 8.87737741095e-08, 2.11217098922e-07, 3.32040315243e-07, 1.0359042335e-07, 1.68631348885e-08, 2.68098609979e-08, 2.63937316447e-08, 1.5908719897e-09, 1.17700702518e-08, 1.60566182572e-09, 4.77340722504e-10, 1.15205234241e-09, 1.46399725676e-10, 4.58584975549e-11, 1.17549664447e-10, 5.12217004922e-11, 3.69765711106e-11, 9.45934823526e-12, 2.47322626788e-12, 2.00666631749e-12, 2.24773717976e-13, 4.17440198077e-14, 3.0468733954e-14, 9.9966944902e-16, 1.28094468236e-17, 1.92068611124e-19, 6.07574095781e-21],
        "max": [0.000482007075334, 0.00246494682506, 0.00572556769475, 0.0094429217279, 0.00622547231615, 0.00820135325193, 0.0062518492341, 0.0183472260833, 0.00850541237742, 0.00541786057875, 0.00635966844857, 0.00562901142985, 0.00508211366832, 0.00357451336458, 0.00518200919032, 0.00567302573472, 0.00451564136893, 0.00242080865428, 0.00186145119369, 0.00249587767757, 0.000528532778844, 0.00152083206922, 0.000492147984914, 0.000303345645079, 0.000454289343907, 0.000165678575286, 9.35745047173e-05, 0.000142255914398, 8.49730349728e-05, 7.54932625568e-05, 4.24704376201e-05, 2.66160568572e-05, 2.31351368711e-05, 6.98176063452e-06, 2.77581602859e-06, 2.24551172323e-06, 4.0935162815e-07, 4.7119950608e-08, 5.31176214125e-09, 6.75172917575e-10],
        "mean": [4.07452425861e-05, 0.000179904527613, 0.000178490881808, 0.000329569855239, 0.000421497185016, 0.000573396391701, 0.000618851569016, 0.00124782428611, 0.000789975922089, 0.000444036995759, 0.000301605294226, 0.000248832860962, 0.000195142070879, 0.000148264458403, 0.000299348117551, 0.000243828792009, 0.000180071408977, 9.36956494115e-05, 7.35799694667e-05, 9.93673238554e-05, 3.13688578899e-05, 4.07203988289e-05, 2.22288053919e-05, 1.70099319803e-05, 2.41024008574e-05, 8.03143302619e-06, 4.10695520259e-06, 4.46895273853e-06, 4.70625809612e-06, 5.00773921885e-06, 2.31282592722e-06, 1.1074713484e-06, 7.01475869391e-07, 2.84307162701e-07, 1.17873646843e-07, 9.57982493333e-08, 1.96921057238e-08, 1.38051770016e-09, 1.43768427718e-10, 2.00203655737e-11],
        "median": [2.04692169063e-05, 0.000102711179352, 9.77913150564e-05, 0.000164489960298, 0.000233657134231, 0.000292904383969, 0.000232859340031, 0.000256857747445, 0.000197473913431, 0.000105327097117, 7.14286943548e-05, 4.38242750533e-05, 4.79658665427e-05, 5.33512284164e-05, 6.06914218224e-05, 5.00191272295e-05, 2.42577116296e-05, 2.12859995372e-05, 1.08531730802e-05, 1.98195903067e-05, 1.00169254438e-05, 9.80822096608e-06, 7.44446106182e-06, 5.77357241127e-06, 4.2753094931e-06, 2.1310233933e-06, 1.08471863314e-06, 5.93164656948e-07, 1.02025319393e-06, 8.35436878788e-07, 3.14917059541e-07, 1.60157782148e-07, 5.93469913213e-08, 2.0807378931e-08, 1.0554606078e-08, 8.1566859933e-09, 2.54648724329e-09, 7.15859455047e-11, 5.71468263336e-12, 3.86266366115e-12],
        "min": [1.63971081592e-23, 4.50855211915e-23, 6.67087413399e-23, 7.12198897581e-23, 7.24989046536e-23, 4.51370495858e-23, 2.01819649637e-23, 1.20974967371e-23, 8.37649822284e-24, 2.55020050432e-23, 1.22900553174e-23, 6.88009929426e-24, 1.77721368932e-23, 1.51507457943e-23, 1.08323121509e-23, 3.42900228124e-23, 1.53041192869e-23, 5.38987083568e-24, 3.93187365596e-24, 2.10649811511e-23, 2.09899857226e-23, 2.35363103955e-23, 1.51370874565e-23, 2.0872330274e-23, 1.48428596938e-23, 1.27368763894e-23, 1.76477729715e-23, 1.51030102432e-23, 1.13283328998e-23, 1.79565110417e-23, 2.60065525895e-23, 1.5693720333e-23, 4.0964656973e-23, 2.23595934044e-23, 5.03916710082e-23, 2.24599412448e-23, 2.88115542196e-23, 1.95850638934e-23, 1.57686274092e-23, 9.92965017153e-24],
        "var": [2.95624991153e-09, 4.92670153562e-08, 6.46652651426e-08, 2.19347015218e-07, 2.96390027188e-07, 5.77677440106e-07, 7.55728933655e-07, 5.03359797221e-06, 1.72975467194e-06, 5.23118501405e-07, 2.78924318309e-07, 2.04182526886e-07, 1.48706277514e-07, 7.58404681278e-08, 3.22049231727e-07, 3.29851502556e-07, 1.58048720778e-07, 4.63125182648e-08, 3.00584872548e-08, 5.55181678408e-08, 2.70469091568e-09, 8.44108605236e-09, 1.49727974463e-09, 8.48435710576e-10, 2.25739760218e-09, 3.38435141023e-10, 7.15048784072e-11, 1.54195420321e-10, 8.67424604367e-11, 8.93822099668e-11, 2.49761808457e-11, 7.45962232956e-12, 4.31462938294e-12, 7.1139589445e-13, 9.61047918763e-14, 6.02243542579e-14, 1.6779763978e-15, 1.79562514488e-17, 2.24135443717e-19, 2.04817048446e-21]
    },
    "mfcc": {
        "dmean": [15.6831007004, 9.52067661285, 9.66699028015, 8.04449939728, 7.71764278412, 6.89876270294, 6.93256378174, 6.84514141083, 6.72867918015, 6.59322834015, 6.32863473892, 6.183552742, 6.03798723221],
        "dmean2": [17.3662967682, 14.3803892136, 13.9529972076, 12.5818405151, 11.586687088, 10.8519763947, 10.9364767075, 11.1864118576, 11.1084938049, 10.8495817184, 10.4614219666, 10.2651662827, 9.95812320709],
        "dvar": [459.037841797, 82.0093536377, 95.0796737671, 42.6815948486, 40.7937698364, 29.1692447662, 29.3864059448, 29.9469566345, 27.2165489197, 25.9335670471, 23.6582012177, 21.9816608429, 22.0203285217],
        "dvar2": [422.52255249, 145.61857605, 146.214797974, 102.022483826, 83.7578201294, 73.4973297119, 75.8488693237, 79.8581695557, 73.2870483398, 69.3426971436, 65.0041732788, 59.4285697937, 61.0296936035],
        "max": [-533.815246582, 253.898406982, 80.3205566406, 91.9554367065, 46.6467781067, 62.9505882263, 27.3501205444, 30.3968143463, 31.0132331848, 29.2078533173, 32.8540306091, 40.7430877686, 30.6758232117],
        "mean": [-714.273925781, 187.052749634, -53.310382843, 25.0903644562, -24.1752662659, 2.91278934479, -15.5359401703, -6.60945320129, -6.20301103592, -4.42310476303, 0.272537082434, 3.63052654266, -5.88414239883],
        "median": [-676.878540039, 194.071929932, -68.4270782471, 23.9741325378, -25.9333000183, 1.7437210083, -15.9631500244, -6.34332275391, -6.30976867676, -4.13410949707, 0.583354949951, 2.28518676758, -5.8145866394],
        "min": [-1138.42004395, 1.14440917969e-05, -140.228713989, -33.2837295532, -83.0303268433, -31.4656333923, -66.4801330566, -40.0827713013, -38.2255744934, -37.3802261353, -30.7254810333, -25.5887298584, -36.3157501221],
        "var": [12350.7910156, 993.807312012, 1849.74377441, 368.396789551, 565.727172852, 192.727096558, 227.829040527, 107.563896179, 107.611068726, 105.62537384, 84.464225769, 125.021095276, 68.857925415],
        "cov": [[12355.5595703, -60.149772644, -4429.77246094, 412.976837158, -2152.66479492, 231.142318726, -1182.4708252, 146.651275635, -449.270355225, 19.6267757416, -115.74168396, 423.975952148, -229.847412109], [-60.149772644, 994.191040039, 113.987937927, -303.914733887, 49.1397705078, -246.155914307, 96.6123275757, -94.9735183716, 72.2823028564, -130.656295776, 18.9447364807, 10.6822252274, 12.275557518], [-4429.77246094, 113.987937927, 1850.45788574, -81.2272720337, 792.214355469, -25.3686332703, 414.493103027, -12.910774231, 157.817367554, 18.0429801941, 29.1879825592, -164.486328125, 79.8387451172], [412.976837158, -303.914733887, -81.2272720337, 368.539031982, 36.7788314819, 124.731216431, -44.7392921448, 14.6844367981, -39.2863273621, 23.628862381, -18.3962230682, -46.7475128174, -15.2641201019], [-2152.66479492, 49.1397705078, 792.214355469, 36.7788314819, 565.945617676, 19.4644355774, 228.287597656, -14.729724884, 49.3332672119, 1.03814196587, 11.9299345016, -112.68119812, 31.0826911926], [231.142318726, -246.155914307, -25.3686332703, 124.731216431, 19.4644355774, 192.801513672, 2.13956046104, 59.9723472595, -26.2195034027, 47.4507064819, -3.13712644577, -15.8954935074, -3.00847601891], [-1182.4708252, 96.6123275757, 414.493103027, -44.7392921448, 228.287597656, 2.13956046104, 227.917007446, 11.2318515778, 59.3122291565, -14.4545278549, 8.78758621216, -39.6106071472, 22.0959186554], [146.651275635, -94.9735183716, -12.910774231, 14.6844367981, -14.729724884, 59.9723472595, 11.2318515778, 107.605430603, 13.2258005142, 39.4009666443, 3.41956281662, 11.8107872009, 5.70943546295], [-449.270355225, 72.2823028564, 157.817367554, -39.2863273621, 49.3332672119, -26.2195034027, 59.3122291565, 13.2258005142, 107.652618408, 17.9757900238, 26.5815372467, 7.98772764206, 15.5021505356], [19.6267757416, -130.656295776, 18.0429801941, 23.628862381, 1.03814196587, 47.4507064819, -14.4545278549, 39.4009666443, 17.9757900238, 105.666152954, 32.3056221008, 14.6186323166, 3.73813009262], [-115.74168396, 18.9447364807, 29.1879825592, -18.3962230682, 11.9299345016, -3.13712644577, 8.78758621216, 3.41956281662, 26.5815372467, 32.3056221008, 84.4968414307, 37.1026687622, 12.7178325653], [423.975952148, 10.6822252274, -164.486328125, -46.7475128174, -112.68119812, -15.8954935074, -39.6106071472, 11.8107872009, 7.98772764206, 14.6186323166, 37.1026687622, 125.069366455, 7.76201534271], [-229.847412109, 12.275557518, 79.8387451172, -15.2641201019, 31.0826911926, -3.00847601891, 22.0959186554, 5.70943546295, 15.5021505356, 3.73813009262, 12.7178325653, 7.76201534271, 68.884513855]],
        "icov": [[0.0169163681567, -0.0222894009203, 0.0234403498471, -0.0208793804049, 0.0225481558591, -0.0227354113013, 0.0202139373869, -0.0193475820124, 0.0177729744464, -0.0162672605366, 0.0143168745562, -0.0107425292954, 0.00802503619343], [-0.0222894009203, 0.0313910581172, -0.0305983647704, 0.0285649057478, -0.0300654992461, 0.0312883406878, -0.0270652472973, 0.0258702561259, -0.0242743678391, 0.0231816507876, -0.0196184720844, 0.0145004848018, -0.0105100013316], [0.0234403498471, -0.0305983647704, 0.0342094749212, -0.0283941403031, 0.0293531604111, -0.031153390184, 0.0271483790129, -0.0265764780343, 0.0235694423318, -0.0228560976684, 0.0199349988252, -0.0142733445391, 0.0104777319357], [-0.0208793804049, 0.0285649057478, -0.0283941403031, 0.0303662270308, -0.0290311593562, 0.0261776056141, -0.0238570068032, 0.0246232133359, -0.0225879754871, 0.0209795199335, -0.0178707614541, 0.0145287783816, -0.00965868495405], [0.0225481558591, -0.0300654992461, 0.0293531604111, -0.0290311593562, 0.0359065942466, -0.030561581254, 0.0243652425706, -0.0250745117664, 0.0251118112355, -0.0222325455397, 0.0179734807462, -0.012555046007, 0.0105177853256], [-0.0227354113013, 0.0312883406878, -0.031153390184, 0.0261776056141, -0.030561581254, 0.0407054014504, -0.0289658550173, 0.0222767069936, -0.0215913206339, 0.0201051495969, -0.019658414647, 0.0151056265458, -0.0108206551522], [0.0202139373869, -0.0270652472973, 0.0271483790129, -0.0238570068032, 0.0243652425706, -0.0289658550173, 0.0341657102108, -0.0247706957161, 0.0182078685611, -0.0166924707592, 0.0169813353568, -0.012831741944, 0.00947250705212], [-0.0193475820124, 0.0258702561259, -0.0265764780343, 0.0246232133359, -0.0250745117664, 0.0222767069936, -0.0247706957161, 0.0356182865798, -0.0223370585591, 0.0152120366693, -0.0144676892087, 0.0112224286422, -0.0100197987631], [0.0177729744464, -0.0242743678391, 0.0235694423318, -0.0225879754871, 0.0251118112355, -0.0215913206339, 0.0182078685611, -0.0223370585591, 0.0328850224614, -0.020161125809, 0.0128139834851, -0.0118882125244, 0.00771019328386], [-0.0162672605366, 0.0231816507876, -0.0228560976684, 0.0209795199335, -0.0222325455397, 0.0201051495969, -0.0166924707592, 0.0152120366693, -0.020161125809, 0.0317382514477, -0.0193537212908, 0.0105062900111, -0.00706278439611], [0.0143168745562, -0.0196184720844, 0.0199349988252, -0.0178707614541, 0.0179734807462, -0.019658414647, 0.0169813353568, -0.0144676892087, 0.0128139834851, -0.0193537212908, 0.029569523409, -0.014539369382, 0.00533113349229], [-0.0107425292954, 0.0145004848018, -0.0142733445391, 0.0145287783816, -0.012555046007, 0.0151056265458, -0.012831741944, 0.0112224286422, -0.0118882125244, 0.0105062900111, -0.014539369382, 0.0195690672845, -0.00657087378204], [0.00802503619343, -0.0105100013316, 0.0104777319357, -0.00965868495405, 0.0105177853256, -0.0108206551522, 0.00947250705212, -0.0100197987631, 0.00771019328386, -0.00706278439611, 0.00533113349229, -0.00657087378204, 0.0198607537895]]
    }
}

}