{
"metadata": {
    "version": {
        "essentia": "2.0.1",
        "extractor": "archive-music 1.0 mod ismir14"
    },
    "audio_properties": {
        "analysis_sample_rate": 44100,
        "bitrate": 1444,
        "channels": 2,
        "equal_loudness": 0,
        "length": 30,
        "replay_gain": -13.4583263397,
        "downmix": "mix"
    },
    "tags": {
        "track": 0,
        "year": 0,
        "album": "",
        "artist": "",
        "comment": "",
        "genre": "",
        "title": ""
    }
},
"rhythm": {
    "bpm": 178.205886841,
    "bpm_histogram_first_peak": 178,
    "bpm_histogram_first_peak_spread": 0,
    "bpm_histogram_first_peak_weight": 0.453488379717,
    "bpm_histogram_second_peak": 172,
    "bpm_histogram_second_peak_spread": 0,
    "bpm_histogram_second_peak_weight": 0.441860467196
},
"tonal": {
    "tuning_frequency": {
        "dmean": 0.130063280463,
        "dmean2": 0.219304054976,
        "dvar": 0.577438235283,
        "dvar2": 0.858042001724,
        "max": 443.572570801,
        "mean": 441.759094238,
        "median": 441.782684326,
        "min": 434.695007324,
        "var": 3.80614829063
    },
    "hpcp": {
        "dmean": [0.219495683908, 0.153031662107, 0.233400985599, 0.229081854224, 0.113299071789, 0.21450355649, 0.267663776875, 0.269520878792, 0.176568508148, 0.114006571472, 0.252771556377, 0.0846130922437],
        "dmean2": [0.373327553272, 0.269452810287, 0.428492575884, 0.406660556793, 0.206161290407, 0.374259531498, 0.461176604033, 0.469701200724, 0.297598928213, 0.198881819844, 0.464458495378, 0.150838941336],
        "dvar": [0.0452070496976, 0.0330556221306, 0.0557171031833, 0.049607116729, 0.0263148881495, 0.0652962327003, 0.0655761733651, 0.0481766872108, 0.041958283633, 0.0200758092105, 0.0670140013099, 0.0169598888606],
        "dvar2": [0.125132665038, 0.0778590291739, 0.165693461895, 0.134647250175, 0.0718665122986, 0.143082588911, 0.146846801043, 0.125671163201, 0.104315526783, 0.0534447133541, 0.165122494102, 0.048580031842],
        "max": [1, 1, 1, 1, 1, 1, 1, 1, 1, 1, 1, 1],
        "mean": [0.306734651327, 0.17996931076, 0.233206421137, 0.300051003695, 0.13596008718, 0.323733150959, 0.355165064335, 0.398310661316, 0.248060524464, 0.137082472444, 0.775563359261, 0.100800015032],
        "median": [0.248307138681, 0.105625145137, 0.128801435232, 0.217920795083, 0.0830185413361, 0.157339692116, 0.234753221273, 0.337022870779, 0.143314152956, 0.0804879739881, 0.95262503624, 0.0767438560724],
        "min": [0.0168028846383, 0.00542970420793, 0.0156720466912, 0.00848459918052, 0.00437325658277, 0.0284793209285, 0.00503409327939, 0.011341759935, 0.00532895000651, 0.00755129894242, 0.132062584162, 0.00602700654417],
        "var": [0.0636007636786, 0.0419562906027, 0.0605708882213, 0.0675443187356, 0.0253667980433, 0.112871676683, 0.0987322553992, 0.0837824866176, 0.0686844065785, 0.0229093059897, 0.0763524621725, 0.0122056649998]
    }
},
"lowlevel": {
    "melbands": {
        "dmean": [1.54443860083e-05, 6.27346962574e-05, 6.09629460087e-05, 4.06873405154e-05, 1.65815545188e-05, 2.98958111671e-05, 3.02700591419e-05, 3.48234170815e-05, 4.37561939179e-05, 2.25855128519e-05, 1.73905755219e-05, 9.90742137219e-06, 8.510482985e-06, 5.23708467881e-06, 8.67149537953e-06, 5.03318369738e-06, 6.21554636382e-06, 3.82551297662e-06, 2.54198903349e-06, 2.07663242691e-06, 2.51631354331e-06, 2.22695598495e-06, 3.42896987604e-06, 3.8167877392e-06, 2.44354396273e-06, 1.55585576067e-06, 1.68619521901e-06, 1.07479274902e-06, 4.58685804006e-07, 4.21625543368e-07, 3.70952818685e-07, 1.90708277614e-07, 7.32795299996e-08, 4.72879975177e-08, 4.71011425418e-08, 3.65887657949e-08, 3.1777297238e-08, 2.59308219341e-08, 1.57271617951e-08, 7.68864794054e-09],
        "dmean2": [2.71840362984e-05, 0.000119395881484, 0.000111990055302, 7.4984098319e-05, 2.97172155115e-05, 5.55632759642e-05, 5.28255695826e-05, 6.42496452201e-05, 7.20423704479e-05, 3.81550526072e-05, 2.94498204312e-05, 1.73671833181e-05, 1.51763351823e-05, 9.18499790714e-06, 1.54521858349e-05, 8.94321692613e-06, 1.13952728498e-05, 6.47607566862e-06, 4.42300324721e-06, 3.46008346241e-06, 4.48458513347e-06, 4.05200717069e-06, 6.06909952694e-06, 6.51041773381e-06, 3.97144413e-06, 2.77509525404e-06, 2.94444203064e-06, 1.89302318176e-06, 8.09138441582e-07, 7.27187853045e-07, 6.34343052752e-07, 3.32846951778e-07, 1.28126387722e-07, 8.40109208866e-08, 8.14336047483e-08, 6.3031642128e-08, 5.76368321958e-08, 4.59458036062e-08, 2.77577161256e-08, 1.3721876968e-08],
        "dvar": [5.52637990925e-10, 4.32845315146e-09, 2.97449997966e-09, 3.86643739247e-09, 2.19765733389e-10, 6.93744783842e-10, 6.309009426e-10, 1.26768529007e-09, 8.21906898096e-09, 3.13440917665e-09, 5.65265723118e-10, 5.67001334772e-10, 4.46499059947e-10, 1.22570023575e-10, 3.20706544654e-10, 8.70475289072e-11, 1.9303317278e-10, 4.0783720151e-11, 1.26672266426e-11, 1.65663715385e-11, 1.53521743929e-11, 1.01950236447e-11, 3.41388861624e-11, 4.7747167331e-11, 1.74032559197e-11, 9.01018756133e-12, 1.3825740032e-11, 6.35588283393e-12, 4.85659364287e-13, 7.22059510707e-13, 5.50198558588e-13, 1.46542053123e-13, 1.37095467357e-14, 5.12548149065e-15, 7.18100980155e-15, 1.67972785017e-15, 1.28762782856e-15, 7.01060477201e-16, 3.3651586673e-16, 1.09643041657e-16],
        "dvar2": [1.49338696964e-09, 1.3782987196e-08, 8.43722602895e-09, 1.08978452928e-08, 6.34722330251e-10, 2.15377005119e-09, 1.82819437367e-09, 3.31021832167e-09, 1.76855703415e-08, 8.39164204791e-09, 1.51295753703e-09, 1.55465795793e-09, 1.24680288316e-09, 3.49056838989e-10, 9.23445153678e-10, 2.45185483028e-10, 5.40586242437e-10, 9.9288570421e-11, 3.32124744373e-11, 3.26881959001e-11, 4.06887266935e-11, 2.7210327741e-11, 9.62131763149e-11, 1.22462762153e-10, 4.0240984156e-11, 2.34808301275e-11, 3.53469371828e-11, 1.61931110881e-11, 1.15184630497e-12, 1.89748520715e-12, 1.58725073016e-12, 4.13256126368e-13, 3.19578958023e-14, 1.13000725788e-14, 1.58818965601e-14, 3.08766908559e-15, 3.29335409618e-15, 1.78482229843e-15, 8.91631984784e-16, 2.85240383161e-16],
        "max": [0.000191751081729, 0.000345833221218, 0.000256936356891, 0.000345895095961, 9.06278582988e-05, 0.000156527137733, 0.000155455694767, 0.000141438635183, 0.000901487655938, 0.000436450412963, 0.000160594412591, 0.000138877672725, 0.000146041158587, 8.12295547803e-05, 0.000113669702841, 5.48400712432e-05, 7.76644883445e-05, 6.42152008368e-05, 2.61022560153e-05, 3.90082823287e-05, 2.35212810367e-05, 2.06307249755e-05, 3.34076394211e-05, 4.96416541864e-05, 3.77758369723e-05, 2.2500018531e-05, 2.58212457993e-05, 1.69657414517e-05, 4.74852367915e-06, 7.17866896593e-06, 4.82320820083e-06, 2.86976933239e-06, 7.37259256312e-07, 5.23341213921e-07, 6.49421451726e-07, 3.66875752889e-07, 3.53599631353e-07, 2.16398433395e-07, 1.65882767078e-07, 1.05890499924e-07],
        "mean": [1.92278621398e-05, 7.33766792109e-05, 8.01220667199e-05, 4.21267614001e-05, 2.27756499953e-05, 4.1502109525e-05, 4.04304628319e-05, 3.01332074741e-05, 4.9541995395e-05, 2.4817261874e-05, 1.90379578271e-05, 8.71247812029e-06, 6.69684914101e-06, 4.81664619656e-06, 7.81852577347e-06, 4.28072735303e-06, 4.79962000099e-06, 3.90279456042e-06, 2.66521442427e-06, 2.23943175115e-06, 2.23509846364e-06, 2.25373787544e-06, 3.44424438481e-06, 3.86820283893e-06, 2.46759145739e-06, 2.08845835914e-06, 1.77600577445e-06, 1.03375032268e-06, 5.34386458639e-07, 4.36140595639e-07, 3.53444676193e-07, 2.21375543674e-07, 1.04671990186e-07, 8.36353493128e-08, 8.13784595266e-08, 6.70187034757e-08, 6.1760552228e-08, 4.38613909637e-08, 2.40049846667e-08, 1.25835395437e-08],
        "median": [1.30923026518e-05, 5.763937952e-05, 6.4591433329e-05, 2.8646652936e-05, 1.8138305677e-05, 3.45602275047e-05, 3.41932682204e-05, 1.75634650077e-05, 2.83063545794e-05, 1.42652315844e-05, 1.23465497381e-05, 2.98724557979e-06, 1.79822097834e-06, 1.98049406208e-06, 3.82935559173e-06, 1.96782184503e-06, 1.70134148902e-06, 1.46497382048e-06, 1.17721197057e-06, 1.01159321275e-06, 9.02608746856e-07, 8.60278134951e-07, 8.98977361885e-07, 7.38116455068e-07, 8.91658544333e-07, 6.73348722557e-07, 3.94149481053e-07, 3.3954842138e-07, 3.11409621645e-07, 1.95469425535e-07, 1.17106878861e-07, 9.22632281686e-08, 6.01370615527e-08, 5.4514458725e-08, 5.05872748136e-08, 4.49628636545e-08, 4.72395704776e-08, 3.02232976424e-08, 1.63774949158e-08, 9.46755118747e-09],
        "min": [5.99676184265e-07, 2.67907398666e-06, 1.09977247575e-06, 1.77024037384e-06, 3.37552080509e-07, 1.74558650201e-07, 2.80460852764e-07, 1.26963655589e-07, 2.70862834384e-08, 2.92987447637e-08, 3.01032514471e-08, 5.81251979881e-09, 1.19962102474e-08, 5.03371673233e-08, 1.2510234626e-08, 1.09744124899e-08, 1.2214210976e-08, 4.20079704355e-09, 4.42168923698e-09, 6.20784401661e-09, 8.57829363099e-09, 9.60415658113e-09, 9.75825464877e-09, 5.8185207763e-09, 8.29635116162e-09, 1.03344506286e-08, 3.0091791281e-09, 2.16206452741e-09, 1.25778978344e-08, 5.69209968049e-09, 2.70361999455e-09, 2.21846208071e-09, 2.21384954813e-09, 1.09268216697e-09, 8.75707173442e-10, 1.62593616349e-09, 1.27773236436e-09, 1.42446254792e-09, 8.95561846903e-10, 3.12831260896e-10],
        "var": [4.62421129166e-10, 3.53999918268e-09, 2.75437295194e-09, 2.60730215196e-09, 3.07632586072e-10, 8.13898781704e-10, 1.01893504745e-09, 1.00187702579e-09, 8.5662179572e-09, 2.19800599943e-09, 5.68877167595e-10, 4.16213757903e-10, 3.00633684613e-10, 8.16319789543e-11, 2.07927300377e-10, 6.20443071919e-11, 1.2330271526e-10, 6.01243360654e-11, 1.41624871552e-11, 1.9684785052e-11, 1.43135173852e-11, 1.08656503933e-11, 3.60916192765e-11, 5.60834920171e-11, 1.942417234e-11, 1.15277874052e-11, 1.43091849134e-11, 5.16616784074e-12, 4.97700242564e-13, 6.26884178248e-13, 4.71719614325e-13, 1.23598952796e-13, 1.69592818115e-14, 7.95919929898e-15, 1.02703634239e-14, 4.06894214367e-15, 2.25947372757e-15, 1.25279730437e-15, 5.17180900478e-16, 1.33976392407e-16]
    },
    "mfcc": {
        "dmean": [32.1941299438, 11.3476400375, 16.8805618286, 9.61114311218, 10.7049741745, 9.58203983307, 10.6244487762, 6.90457773209, 5.99985265732, 6.89831638336, 6.57108259201, 6.62298822403, 6.90193605423],
        "dmean2": [57.0083999634, 19.2100200653, 26.3309307098, 15.9756755829, 18.6563034058, 16.3849391937, 18.0149478912, 11.5345516205, 10.1234540939, 11.5529375076, 10.6469202042, 11.2446069717, 11.4981603622],
        "dvar": [876.118713379, 107.956245422, 137.589187622, 90.6987686157, 71.8381652832, 72.1469955444, 96.4719543457, 26.3341388702, 30.0983352661, 37.6133880615, 27.4437427521, 25.3661117554, 28.637424469],
        "dvar2": [1575.81799316, 220.312988281, 374.793609619, 215.296630859, 201.780349731, 198.707794189, 269.995269775, 91.3025436401, 75.4717941284, 101.559150696, 74.7708282471, 69.055267334, 78.8253326416],
        "max": [-653.888793945, 154.729278564, 31.1961898804, 71.1017379761, 23.9200820923, 22.1049156189, 32.3185958862, 20.8951225281, 9.72202301025, 29.7938041687, 28.2908687592, 20.0522003174, 10.8101844788],
        "mean": [-750.101074219, 124.684432983, -5.81680393219, 25.430727005, -7.06192731857, -5.96636343002, -4.06531953812, -0.124018229544, -5.24932813644, 6.38722515106, 0.807882785797, 3.22154259682, -7.39399576187],
        "median": [-751.32989502, 130.26574707, -6.60678482056, 23.3302955627, -8.94326400757, -5.98139190674, -5.50183105469, -0.983978271484, -4.58547210693, 7.73904037476, 0.764976501465, 3.72841262817, -5.84987068176],
        "min": [-996.334960938, 72.8575286865, -58.2672958374, -8.96641540527, -37.9133682251, -34.2320556641, -24.2866363525, -16.8583106995, -27.8275814056, -30.0306587219, -16.5272598267, -12.1383171082, -33.8223571777],
        "var": [1512.15222168, 331.716796875, 350.322753906, 166.184783936, 124.070518494, 93.3689575195, 126.877685547, 52.7472076416, 56.8890991211, 67.9189987183, 45.5972290039, 39.6539535522, 60.0123405457],
        "cov": [[1521.4864502, -352.666534424, -555.969360352, 87.8520736694, 25.6789951324, -108.47013855, -5.73040103912, 47.202583313, -42.1969413757, -32.559803009, 38.7532958984, -19.5789699554, -80.2632141113], [-352.666534424, 333.764434814, 168.503921509, -143.578231812, -73.99193573, 55.0371437073, -0.0881455987692, -51.3721199036, 31.6057910919, 38.8082504272, 7.69559335709, 32.4145278931, 32.8247070312], [-555.969360352, 168.503921509, 352.485229492, 1.89895021915, 2.35471534729, 42.0854949951, -18.503080368, -9.89263916016, 23.3357410431, 9.58716678619, -15.835644722, 1.98734426498, 39.2887763977], [87.8520736694, -143.578231812, 1.89895021915, 167.210617065, 85.7376327515, -55.2764472961, -35.8800086975, 23.0668525696, -10.1836452484, -15.5570926666, -9.17302513123, -21.6625728607, -2.27455091476], [25.6789951324, -73.99193573, 2.35471534729, 85.7376327515, 124.836380005, -30.9300937653, -46.8330535889, 17.3398609161, -6.63691902161, -7.35466527939, -16.5505065918, -14.0401878357, 3.86050915718], [-108.47013855, 55.0371437073, 42.0854949951, -55.2764472961, -30.9300937653, 93.9453048706, 67.7438964844, 3.26040506363, -0.537151455879, -19.6708221436, -6.85227155685, -0.626193165779, -19.0116729736], [-5.73040103912, -0.0881455987692, -18.503080368, -35.8800086975, -46.8330535889, 67.7438964844, 127.660881042, 24.5296325684, -30.7934932709, -32.4262886047, -12.6083145142, 1.44132900238, -18.4576282501], [47.202583313, -51.3721199036, -9.89263916016, 23.0668525696, 17.3398609161, 3.26040506363, 24.5296325684, 53.072807312, -5.51923894882, -28.7949676514, -5.97739267349, -5.97627687454, -5.85146713257], [-42.1969413757, 31.6057910919, 23.3357410431, -10.1836452484, -6.63691902161, -0.537151455879, -30.7934932709, -5.51923894882, 57.2402648926, 25.9805774689, -0.303649514914, -3.15630507469, 1.12126088142], [-32.559803009, 38.8082504272, 9.58716678619, -15.5570926666, -7.35466527939, -19.6708221436, -32.4262886047, -28.7949676514, 25.9805774689, 68.3382492065, 9.81458377838, -5.60680866241, 11.7578926086], [38.7532958984, 7.69559335709, -15.835644722, -9.17302513123, -16.5505065918, -6.85227155685, -12.6083145142, -5.97739267349, -0.303649514914, 9.81458377838, 45.878692627, 13.5856800079, -11.0311927795], [-19.5789699554, 32.4145278931, 1.98734426498, -21.6625728607, -14.0401878357, -0.626193165779, 1.44132900238, -5.97627687454, -3.15630507469, -5.60680866241, 13.5856800079, 39.8987312317, 17.9957084656], [-80.2632141113, 32.8247070312, 39.2887763977, -2.27455091476, 3.86050915718, -19.0116729736, -18.4576282501, -5.85146713257, 1.12126088142, 11.7578926086, -11.0311927795, 17.9957084656, 60.3827896118]],
        "icov": [[0.00178981793579, -8.3554405137e-05, 0.00274498434737, -0.000957328535151, 0.000663497892674, 0.000132583460072, 0.000773752108216, -0.00118625024334, 0.000412909401348, 9.70345936366e-05, -0.000382510363124, 0.000246565323323, 0.00055336242076], [-8.3554405137e-05, 0.00932778324932, -0.00435106130317, 0.00719062658027, -0.000654171861243, 0.000428054947406, -0.000789400772192, 0.00470275059342, -0.00204942561686, -0.000626059714705, -0.000642038416117, -0.00263161608018, -0.000861824315507], [0.00274498434737, -0.00435106130317, 0.0101377302781, -0.00641371263191, 0.00235061906278, -0.0051653534174, 0.0042119785212, -0.00436416873708, 0.00148215284571, -0.000257019331912, 0.000294547760859, 0.00180719222408, -0.0021980823949], [-0.000957328535151, 0.00719062658027, -0.00641371263191, 0.0194471590221, -0.00890087150037, 0.0106359906495, -0.00564284948632, 0.00534927146509, -0.00409111334011, 0.0050099696964, -0.00373962288722, 0.0044772606343, -0.000481497059809], [0.000663497892674, -0.000654171861243, 0.00235061906278, -0.00890087150037, 0.018495561555, -0.00761998118833, 0.0124762933701, -0.00925514660776, 0.0082728061825, -0.00501258391887, 0.00912978034467, -0.00374305481091, 0.00231386302039], [0.000132583460072, 0.000428054947406, -0.0051653534174, 0.0106359906495, -0.00761998118833, 0.0337367169559, -0.020079722628, 0.00994233973324, -0.0114086857066, 0.0111287897453, -0.00471332576126, 0.00577703537419, 0.0051019587554], [0.000773752108216, -0.000789400772192, 0.0042119785212, -0.00564284948632, 0.0124762933701, -0.020079722628, 0.0292547587305, -0.016173472628, 0.0169468279928, -0.0081070382148, 0.0125115709379, -0.00780657492578, 0.00463609676808], [-0.00118625024334, 0.00470275059342, -0.00436416873708, 0.00534927146509, -0.00925514660776, 0.00994233973324, -0.016173472628, 0.0386126823723, -0.0141361122951, 0.0177100654691, -0.00973680336028, 0.00955112278461, -0.00638347724453], [0.000412909401348, -0.00204942561686, 0.00148215284571, -0.00409111334011, 0.0082728061825, -0.0114086857066, 0.0169468279928, -0.0141361122951, 0.0329660624266, -0.0159552823752, 0.0111028496176, -0.00691476045176, 0.00681770872325], [9.70345936366e-05, -0.000626059714705, -0.000257019331912, 0.0050099696964, -0.00501258391887, 0.0111287897453, -0.0081070382148, 0.0177100654691, -0.0159552823752, 0.0337740406394, -0.01410290692, 0.0175289586186, -0.0101930741221], [-0.000382510363124, -0.000642038416117, 0.000294547760859, -0.00373962288722, 0.00912978034467, -0.00471332576126, 0.0125115709379, -0.00973680336028, 0.0111028496176, -0.01410290692, 0.0403685495257, -0.023046772927, 0.0171046741307], [0.000246565323323, -0.00263161608018, 0.00180719222408, 0.0044772606343, -0.00374305481091, 0.00577703537419, -0.00780657492578, 0.00955112278461, -0.00691476045176, 0.0175289586186, -0.023046772927, 0.0493144318461, -0.020843686536], [0.00055336242076, -0.000861824315507, -0.0021980823949, -0.000481497059809, 0.00231386302039, 0.0051019587554, 0.00463609676808, -0.00638347724453, 0.00681770872325, -0.0101930741221, 0.0171046741307, -0.020843686536, 0.0326291285455]]
    }
}

}