{
"metadata": {
    "version": {
        "essentia": "2.0.1",
        "extractor": "archive-music 1.0 mod ismir14"
    },
    "audio_properties": {
        "analysis_sample_rate": 44100,
        "bitrate": 1444,
        "channels": 2,
        "equal_loudness": 0,
        "length": 30,
        "replay_gain": -13.8820514679,
        "downmix": "mix"
    },
    "tags": {
        "track": 0,
        "year": 0,
        "album": "",
        "artist": "",
        "comment": "",
        "genre": "",
        "title": ""
    }
},
"rhythm": {
    "bpm": 90.2672195435,
    "bpm_histogram_first_peak": 91,
    "bpm_histogram_first_peak_spread": 0.357142865658,
    "bpm_histogram_first_peak_weight": 0.62790697813,
    "bpm_histogram_second_peak": 83,
    "bpm_histogram_second_peak_spread": 0,
    "bpm_histogram_second_peak_weight": 0.0232558138669
},
"tonal": {
    "tuning_frequency": {
        "dmean": 0.324242115021,
        "dmean2": 0.64440882206,
        "dvar": 3.27183318138,
        "dvar2": 6.37008523941,
        "max": 452.37008667,
        "mean": 449.531005859,
        "median": 450.544708252,
        "min": 435.448913574,
        "var": 12.0561475754
    },
    "hpcp": {
        "dmean": [0.278639376163, 0.0861882567406, 0.15934792161, 0.16389387846, 0.402001261711, 0.296123862267, 0.151980817318, 0.311211824417, 0.141407012939, 0.107418686152, 0.123786576092, 0.154742836952],
        "dmean2": [0.48995423317, 0.14742743969, 0.25868833065, 0.296837955713, 0.720812320709, 0.520036101341, 0.27125325799, 0.511975288391, 0.251284569502, 0.195529401302, 0.217575311661, 0.279328942299],
        "dvar": [0.0945774316788, 0.0104475105181, 0.0315039679408, 0.0447596050799, 0.0924639180303, 0.0772411227226, 0.0342999733984, 0.0870046466589, 0.0302519630641, 0.0253095533699, 0.0247721970081, 0.0338514335454],
        "dvar2": [0.162936657667, 0.0231870412827, 0.0842578932643, 0.127670094371, 0.241397187114, 0.193666115403, 0.0897666737437, 0.182951182127, 0.082632355392, 0.0713434293866, 0.0685789212584, 0.100139431655],
        "max": [1, 0.61471170187, 1, 1, 1, 1, 1, 1, 1, 1, 1, 1],
        "mean": [0.546550214291, 0.0910554006696, 0.185844928026, 0.154994934797, 0.432873159647, 0.376352310181, 0.151795580983, 0.432184457779, 0.126034095883, 0.107145376503, 0.121282182634, 0.154562011361],
        "median": [0.438104689121, 0.0530499815941, 0.120233654976, 0.0773024559021, 0.318516790867, 0.218510210514, 0.0697036758065, 0.29126521945, 0.0749356672168, 0.0706940069795, 0.0665785595775, 0.0829335898161],
        "min": [0.0112168388441, 0.00229757232592, 0.00795626733452, 0.00501110032201, 0.0225249249488, 0.00594737473875, 0.00764826033264, 0.00531705422327, 0.00170059525408, 0.00477562425658, 0.00408276962116, 0.00449223304167],
        "var": [0.154401689768, 0.0132460286841, 0.0421369038522, 0.0446335040033, 0.12387714535, 0.129118338227, 0.0349687635899, 0.143781706691, 0.0266938153654, 0.0193432439119, 0.0222323853523, 0.0309389904141]
    }
},
"lowlevel": {
    "melbands": {
        "dmean": [6.55749681755e-05, 0.000161442527315, 4.59710572613e-05, 3.1833860703e-05, 2.66243932856e-05, 2.10327125387e-05, 2.66050337814e-05, 4.25156649726e-05, 6.92672620062e-05, 5.49651231267e-05, 2.18675268115e-05, 2.60626420641e-05, 2.92371769319e-05, 9.83310383162e-06, 1.71451101778e-05, 2.18560289795e-05, 5.25126097273e-06, 3.6380417896e-06, 1.51537074089e-06, 1.76792514139e-06, 3.26314943777e-06, 2.29402053264e-06, 4.35825040768e-06, 3.61988259101e-06, 1.93777077584e-06, 2.21111599785e-06, 1.88458750472e-06, 1.19644118968e-06, 5.13505540312e-07, 4.444239039e-07, 2.08415315228e-07, 8.0258359958e-08, 4.43074448242e-08, 4.08185911738e-08, 3.79991327293e-08, 3.43109931578e-08, 3.01854612417e-08, 4.33027800284e-08, 4.27224549071e-08, 3.11644683393e-08],
        "dmean2": [0.000104210070276, 0.000254361773841, 8.15982639324e-05, 5.5738411902e-05, 4.77109097119e-05, 3.75016279577e-05, 4.45241203124e-05, 8.11233985587e-05, 0.000128430328914, 0.000104766244476, 4.23269812018e-05, 5.03590817971e-05, 5.30173383595e-05, 1.842720485e-05, 3.11301482725e-05, 4.11804867326e-05, 9.83005520538e-06, 6.85714712745e-06, 2.74547960544e-06, 3.18386855724e-06, 5.91127991356e-06, 4.22222456109e-06, 8.21317644295e-06, 6.70845247441e-06, 3.53239056494e-06, 4.06740946346e-06, 3.47556851921e-06, 2.2181498025e-06, 9.58865257417e-07, 8.34859747556e-07, 3.87457248507e-07, 1.45143914665e-07, 8.23981878284e-08, 7.45962793758e-08, 6.93964778975e-08, 6.20057818423e-08, 5.55044437078e-08, 7.98507002742e-08, 7.92822589801e-08, 5.7523234176e-08],
        "dvar": [2.0521306876e-09, 1.42056686414e-08, 2.41436226567e-09, 8.91710261186e-10, 9.77847913752e-10, 5.37289490676e-10, 1.24220989051e-09, 3.43541306513e-09, 7.11035852419e-09, 1.69927876215e-08, 9.90200277329e-09, 2.36991137825e-09, 2.79467693431e-09, 2.07901335036e-10, 6.22796259009e-10, 1.6861962937e-09, 3.36527139488e-10, 6.47647699359e-11, 2.97438983166e-12, 1.85372507275e-12, 9.45970298621e-12, 4.85557340862e-12, 1.97517124184e-11, 9.84733388582e-12, 2.40001248042e-12, 4.19943984101e-12, 3.4565041801e-12, 1.27861913765e-12, 2.39193430687e-13, 2.14810767373e-13, 3.01487791167e-14, 6.76583321432e-15, 1.66280540244e-15, 1.15042956105e-15, 9.32842784646e-16, 9.77042763779e-16, 8.04990255159e-16, 2.00638536513e-15, 1.69399029682e-15, 1.08550310921e-15],
        "dvar2": [4.82267159541e-09, 3.93432948442e-08, 6.70370559064e-09, 2.59048493767e-09, 2.38356645532e-09, 1.30694599587e-09, 2.99550406702e-09, 9.94418858369e-09, 2.0790633215e-08, 4.84575330972e-08, 2.97977464925e-08, 6.98096425111e-09, 7.80339437512e-09, 6.06027394934e-10, 1.66913571853e-09, 4.72571315413e-09, 1.00508257272e-09, 1.88725271522e-10, 8.73698422638e-12, 5.06624950325e-12, 2.5543707774e-11, 1.39721420198e-11, 5.53221773947e-11, 2.65194290139e-11, 7.04333986967e-12, 1.16018913227e-11, 9.59384741789e-12, 3.44394586634e-12, 6.69022183573e-13, 6.21356373472e-13, 9.08003598525e-14, 2.16681615819e-14, 4.91215708991e-15, 3.27433630069e-15, 2.66581787874e-15, 2.97966497328e-15, 2.51514892863e-15, 6.15824885796e-15, 5.12596429943e-15, 3.30003083338e-15],
        "max": [0.00026093274937, 0.000799163535703, 0.000389489083318, 0.000235019644606, 0.000275166006759, 0.000181662995601, 0.000360413570888, 0.000287868228042, 0.000434255081927, 0.000979964272119, 0.000906961678993, 0.000287853967166, 0.000277882238152, 7.03449622961e-05, 0.000131887209136, 0.000251212448347, 0.000166505677043, 5.55121478101e-05, 1.44488703882e-05, 6.55854182696e-06, 1.69269223989e-05, 9.73477744992e-06, 2.11498936551e-05, 1.46061911437e-05, 8.05641593615e-06, 1.21833390949e-05, 1.05626286313e-05, 6.79675122228e-06, 2.38071584135e-06, 2.61452123596e-06, 9.45474596392e-07, 6.72435817251e-07, 2.5492209943e-07, 2.47933087394e-07, 2.02294970109e-07, 1.79413646606e-07, 1.55285405867e-07, 2.58870869629e-07, 2.26091628974e-07, 2.18912816763e-07],
        "mean": [9.79991091299e-05, 0.00025983795058, 8.33033409435e-05, 4.00652570534e-05, 2.60324795818e-05, 2.17942815652e-05, 2.81498250843e-05, 3.52257775376e-05, 5.83847795497e-05, 3.78513213946e-05, 1.49917350427e-05, 1.85834633157e-05, 2.07089524338e-05, 8.33407466416e-06, 1.42142152981e-05, 1.5698324205e-05, 3.89458227801e-06, 2.8593344723e-06, 1.585186169e-06, 1.91305480257e-06, 2.82215728475e-06, 2.07221887649e-06, 3.63137564818e-06, 2.91484093395e-06, 1.78364268777e-06, 1.95091092792e-06, 1.56787211836e-06, 9.69610937318e-07, 4.67674851734e-07, 3.66972557231e-07, 1.96092798888e-07, 1.00530748171e-07, 6.1214308289e-08, 5.40057278897e-08, 5.16300318054e-08, 5.22968477412e-08, 4.20919299415e-08, 5.82389922954e-08, 5.33037223249e-08, 4.37785452334e-08],
        "median": [8.8987959316e-05, 0.000219570822082, 7.30075553292e-05, 3.19141108776e-05, 1.57540252985e-05, 1.57617978402e-05, 1.53113032866e-05, 1.81870764209e-05, 2.66453644144e-05, 8.79207345861e-06, 5.14698467668e-06, 6.45703448754e-06, 4.20551486968e-06, 3.74227693101e-06, 5.53536165171e-06, 4.68397729492e-06, 1.54812812525e-06, 1.18827517781e-06, 1.10267001219e-06, 1.51011522576e-06, 1.67388486716e-06, 1.40298709539e-06, 2.06010645343e-06, 1.56645705829e-06, 1.25070857848e-06, 1.15000170808e-06, 7.9463285374e-07, 4.73486835517e-07, 3.08214254119e-07, 2.15837104633e-07, 1.34755524073e-07, 7.8344093879e-08, 5.08200521665e-08, 4.64891058982e-08, 4.40129319657e-08, 4.581722024e-08, 3.54913005651e-08, 4.29653752576e-08, 3.80131162103e-08, 3.33615055581e-08],
        "min": [4.40654093836e-06, 4.69426140626e-06, 1.7155829255e-06, 3.11593862534e-06, 1.58544548867e-06, 1.24357427467e-06, 1.15096872833e-06, 5.07547156303e-07, 4.07726190588e-07, 1.73270038317e-07, 4.36644256752e-07, 2.31546238183e-07, 1.3322866721e-07, 2.13714784536e-07, 8.19949121933e-08, 6.8320922253e-08, 3.3199146543e-08, 6.50077680575e-08, 7.81790490123e-08, 8.40863663143e-08, 1.37126761501e-07, 9.44551317161e-08, 1.40758032785e-07, 9.55134140668e-08, 1.10261488828e-07, 1.15009491708e-07, 6.96790536381e-08, 4.20477164198e-08, 4.15826058031e-08, 3.47493731567e-08, 2.05791952368e-08, 1.2945264416e-08, 7.7120843045e-09, 6.744213632e-09, 6.50365317156e-09, 5.45041567435e-09, 5.60739632505e-09, 3.07729042248e-09, 1.65327473933e-09, 1.75434466954e-09],
        "var": [3.72105990465e-09, 2.91557693544e-08, 3.06778669135e-09, 9.87837922573e-10, 9.78568448495e-10, 6.12451811488e-10, 1.38863476273e-09, 2.50074050356e-09, 6.15259088121e-09, 1.01078052595e-08, 5.09911846081e-09, 1.48607715023e-09, 1.98408023344e-09, 1.54094584315e-10, 4.71856331785e-10, 1.09623932154e-09, 1.79676620804e-10, 3.92753468637e-11, 2.60155525594e-12, 2.21992541537e-12, 8.68335698484e-12, 4.50551618583e-12, 1.59356885326e-11, 9.36625516729e-12, 2.48867137835e-12, 3.68589837471e-12, 2.89960893837e-12, 1.13539874117e-12, 2.05195371328e-13, 1.64610458511e-13, 2.92446019387e-14, 6.52733795901e-15, 1.75829926164e-15, 1.30394994169e-15, 1.00613273392e-15, 8.77058941745e-16, 8.12222063644e-16, 1.94049213106e-15, 1.63368779784e-15, 1.01618828556e-15]
    },
    "mfcc": {
        "dmean": [44.6396636963, 11.0452795029, 20.1397209167, 12.6403331757, 11.6717739105, 11.540807724, 9.89781665802, 8.24149990082, 5.24372673035, 6.21885919571, 6.90814352036, 6.43275117874, 5.84944534302],
        "dmean2": [81.3078308105, 18.1270923615, 34.257270813, 20.482673645, 20.5327396393, 19.8761463165, 15.925868988, 13.7652158737, 8.65963172913, 10.629817009, 11.2142086029, 10.9913167953, 9.95843887329],
        "dvar": [879.513000488, 66.3332748413, 159.8097229, 124.731277466, 64.1460342407, 91.3347702026, 64.7113037109, 45.5671577454, 18.2723636627, 27.2433509827, 27.7950153351, 20.4414386749, 16.4988231659],
        "dvar2": [2863.55859375, 196.183410645, 553.561584473, 351.976043701, 203.166564941, 253.922729492, 172.467834473, 133.882507324, 48.6875190735, 67.9977035522, 77.6868667603, 61.5887031555, 46.8234405518],
        "max": [-672.19720459, 149.444885254, 28.8319778442, 62.407409668, 33.9166412354, 15.9657688141, 42.3998832703, 37.7492027283, 14.018573761, 24.6237163544, 21.3624820709, 24.759885788, 14.4268379211],
        "mean": [-738.713378906, 127.299499512, -6.63032007217, 25.0036125183, 5.76117801666, -6.39386749268, 14.6858778, 5.92280197144, 0.936116576195, 3.49864673615, 5.67050647736, 8.16445541382, 0.929187774658],
        "median": [-735.176025391, 128.312789917, -7.52560806274, 23.7259750366, 5.67988204956, -5.40744018555, 14.712436676, 5.65742301941, 1.61820602417, 2.47938156128, 5.37831306458, 8.37763023376, 1.24890518188],
        "min": [-891.052368164, 98.0711669922, -42.4815673828, -15.7427215576, -22.0786800385, -34.869140625, -7.70451164246, -17.3296318054, -17.2315177917, -14.2616500854, -7.89515304565, -8.9291973114, -16.042432785],
        "var": [1097.1574707, 130.902603149, 276.693511963, 215.480880737, 112.35320282, 104.233390808, 93.0508651733, 69.574180603, 32.6582832336, 53.9782028198, 44.4455566406, 38.9285774231, 30.5418205261],
        "cov": [[1103.93005371, -1.6665340662, -391.59564209, -0.195490330458, -179.923248291, -111.141685486, -35.1528549194, -43.348110199, -34.458278656, -19.8449077606, -28.9927959442, -2.90741562843, -41.9388809204], [-1.6665340662, 131.710647583, 6.63447380066, -109.513046265, -38.8362617493, 8.55033588409, 21.2204532623, 9.38742637634, -18.067647934, 2.16701316833, 42.3288574219, 4.05304861069, -2.96859049797], [-391.59564209, 6.63447380066, 278.401489258, -30.9797668457, 110.296890259, 25.3954982758, -8.30965805054, 2.26946973801, 15.8938817978, 23.5071735382, 4.33540391922, -13.7042942047, 18.7417163849], [-0.195490330458, -109.513046265, -30.9797668457, 216.811004639, 35.7574501038, -11.8076972961, -50.9409828186, -23.9474983215, 40.1278877258, 15.2466878891, -40.9689750671, -3.50814151764, 18.6933631897], [-179.923248291, -38.8362617493, 110.296890259, 35.7574501038, 113.0467453, 6.13844966888, -1.10178983212, -19.3325691223, 18.0894622803, 26.0923843384, -7.42103242874, -0.774801075459, 4.79750967026], [-111.141685486, 8.55033588409, 25.3954982758, -11.8076972961, 6.13844966888, 104.876808167, 52.8826751709, 27.2013072968, -8.3662776947, -2.64612603188, 30.3574371338, -2.0583217144, -15.3851108551], [-35.1528549194, 21.2204532623, -8.30965805054, -50.9409828186, -1.10178983212, 52.8826751709, 93.62525177, 42.8391227722, -7.38289833069, -12.3395557404, 24.5232753754, 14.9959373474, -14.903418541], [-43.348110199, 9.38742637634, 2.26946973801, -23.9474983215, -19.3325691223, 27.2013072968, 42.8391227722, 70.00365448, 1.87758708, -17.5143928528, 9.8033285141, 12.4093360901, 5.44602584839], [-34.458278656, -18.067647934, 15.8938817978, 40.1278877258, 18.0894622803, -8.3662776947, -7.38289833069, 1.87758708, 32.85987854, 21.7761039734, -5.53555822372, 1.27826869488, 5.88006687164], [-19.8449077606, 2.16701316833, 23.5071735382, 15.2466878891, 26.0923843384, -2.64612603188, -12.3395557404, -17.5143928528, 21.7761039734, 54.3114013672, 12.9456501007, -4.944627285, -4.07959938049], [-28.9927959442, 42.3288574219, 4.33540391922, -40.9689750671, -7.42103242874, 30.3574371338, 24.5232753754, 9.8033285141, -5.53555822372, 12.9456501007, 44.719909668, 10.7566366196, -8.84039402008], [-2.90741562843, 4.05304861069, -13.7042942047, -3.50814151764, -0.774801075459, -2.0583217144, 14.9959373474, 12.4093360901, 1.27826869488, -4.944627285, 10.7566366196, 39.1688766479, 11.325466156], [-41.9388809204, -2.96859049797, 18.7417163849, 18.6933631897, 4.79750967026, -15.3851108551, -14.903418541, 5.44602584839, 5.88006687164, -4.07959938049, -8.84039402008, 11.325466156, 30.7303504944]],
        "icov": [[0.00232866359875, 0.000280484586256, 0.00246637500823, 0.000297506718198, 0.0014053680934, 0.00167838588823, -3.8381323975e-05, 0.000408597668866, 0.00164447037969, -0.00164881302044, 0.0014264715137, -0.000196968539967, 0.0019992145244], [0.000280484586256, 0.0194797590375, -0.000605129403993, 0.00728130154312, 0.00567342061549, 0.00226295483299, -0.00174877536483, 0.00377710629255, -0.00179263565224, -0.000152716573211, -0.0151092745364, 0.00491146882996, -0.00889981538057], [0.00246637500823, -0.000605129403993, 0.0127448029816, 0.0053101698868, -0.00982813443989, -0.00248848320916, 0.00544466404244, -0.00245589017868, -0.00363301066682, 0.000343240739312, 0.000596115889493, 0.00507652526721, -0.0052899280563], [0.000297506718198, 0.00728130154312, 0.0053101698868, 0.0145386094227, -0.00377841503359, -0.00622621597722, 0.0065021244809, 0.00245504593477, -0.0139023084193, 0.00198807450943, 0.00139697315171, 0.00138400890864, -0.0079661635682], [0.0014053680934, 0.00567342061549, -0.00982813443989, -0.00377841503359, 0.0266514755785, 0.00339221023023, -0.00988508295268, 0.00918083451688, 0.00357639486901, -0.00891025271267, 0.00361997610889, -0.00583974411711, 0.00320131029002], [0.00167838588823, 0.00226295483299, -0.00248848320916, -0.00622621597722, 0.00339221023023, 0.022804427892, -0.0109362872317, -0.00239466037601, 0.0097370930016, 9.18117439141e-05, -0.0142906224355, 0.00673672370613, 0.00537745608017], [-3.8381323975e-05, -0.00174877536483, 0.00544466404244, 0.0065021244809, -0.00988508295268, -0.0109362872317, 0.0296669714153, -0.0124349556863, -0.00635934341699, 0.00520191341639, 0.000924597552512, -0.00787304062396, 0.0102372057736], [0.000408597668866, 0.00377710629255, -0.00245589017868, 0.00245504593477, 0.00918083451688, -0.00239466037601, -0.0124349556863, 0.029691727832, -0.0134700359777, 0.00798731297255, -0.00329011096619, -0.000289491988951, -0.0101999063045], [0.00164447037969, -0.00179263565224, -0.00363301066682, -0.0139023084193, 0.00357639486901, 0.0097370930016, -0.00635934341699, -0.0134700359777, 0.0734373703599, -0.0333526730537, 0.0115603096783, -0.00565840676427, 0.00329464743845], [-0.00164881302044, -0.000152716573211, 0.000343240739312, 0.00198807450943, -0.00891025271267, 9.18117439141e-05, 0.00520191341639, 0.00798731297255, -0.0333526730537, 0.0452053770423, -0.0243838001043, 0.00869305245578, 0.00102529872674], [0.0014264715137, -0.0151092745364, 0.000596115889493, 0.00139697315171, 0.00361997610889, -0.0142906224355, 0.000924597552512, -0.00329011096619, 0.0115603096783, -0.0243838001043, 0.0666245743632, -0.024134228006, 0.0151973664761], [-0.000196968539967, 0.00491146882996, 0.00507652526721, 0.00138400890864, -0.00583974411711, 0.00673672370613, -0.00787304062396, -0.000289491988951, -0.00565840676427, 0.00869305245578, -0.024134228006, 0.0452771633863, -0.024607507512], [0.0019992145244, -0.00889981538057, -0.0052899280563, -0.0079661635682, 0.00320131029002, 0.00537745608017, 0.0102372057736, -0.0101999063045, 0.00329464743845, 0.00102529872674, 0.0151973664761, -0.024607507512, 0.0643932372332]]
    }
}

}