{
"metadata": {
    "version": {
        "essentia": "2.0.1",
        "extractor": "archive-music 1.0 mod ismir14"
    },
    "audio_properties": {
        "analysis_sample_rate": 44100,
        "bitrate": 1444,
        "channels": 2,
        "equal_loudness": 0,
        "length": 30,
        "replay_gain": -8.87187004089,
        "downmix": "mix"
    },
    "tags": {
        "track": 0,
        "year": 0,
        "album": "",
        "artist": "",
        "comment": "",
        "genre": "",
        "title": ""
    }
},
"rhythm": {
    "bpm": 130.42539978,
    "bpm_histogram_first_peak": 129,
    "bpm_histogram_first_peak_spread": 0.438596487045,
    "bpm_histogram_first_peak_weight": 0.507936537266,
    "bpm_histogram_second_peak": 123,
    "bpm_histogram_second_peak_spread": 0,
    "bpm_histogram_second_peak_weight": 0.047619048506
},
"tonal": {
    "tuning_frequency": {
        "dmean": 0.0423625074327,
        "dmean2": 0.081652469933,
        "dvar": 0.443974554539,
        "dvar2": 0.963820099831,
        "max": 455.253540039,
        "mean": 435.483276367,
        "median": 434.193115234,
        "min": 434.193115234,
        "var": 20.1306819916
    },
    "hpcp": {
        "dmean": [0.109266974032, 0.117401592433, 0.15884809196, 0.169610485435, 0.151393383741, 0.131693571806, 0.134577304125, 0.166298687458, 0.232723087072, 0.139906331897, 0.136955350637, 0.114094004035],
        "dmean2": [0.212548777461, 0.224396824837, 0.307232022285, 0.320736497641, 0.293152362108, 0.256010711193, 0.25653257966, 0.322774022818, 0.445916295052, 0.273053228855, 0.262344330549, 0.222338736057],
        "dvar": [0.0778047516942, 0.0769656077027, 0.104197524488, 0.101430036128, 0.0983784198761, 0.0867098793387, 0.0833281353116, 0.108189657331, 0.135593429208, 0.0971117317677, 0.0882486552, 0.0813718065619],
        "dvar2": [0.22334510088, 0.220580399036, 0.294014275074, 0.281493574381, 0.27945163846, 0.243797168136, 0.236083388329, 0.310348749161, 0.375818878412, 0.269604206085, 0.248847559094, 0.235952883959],
        "max": [1, 1, 1, 1, 1, 1, 1, 1, 1, 1, 1, 1],
        "mean": [0.0680675879121, 0.108523137867, 0.115417778492, 0.202439770103, 0.107111573219, 0.101585321128, 0.128325015306, 0.11698012054, 0.204045698047, 0.0961592122912, 0.0967627689242, 0.0815255641937],
        "median": [0.000362516468158, 0.00169871072285, 0.000747530080844, 0.00319232279435, 0.0010447796667, 0.00117773225065, 0.00156661425717, 0.00106390786823, 0.00477596884593, 0.000343482301105, 0.00179819168989, 0.000570126576349],
        "min": [0, 0, 3.26984384014e-10, 0, 0, 3.50287848505e-07, 0, 0, 0, 0, 0, 0],
        "var": [0.0507745631039, 0.0775485858321, 0.084454163909, 0.133336558938, 0.0759239494801, 0.0740777924657, 0.0893999636173, 0.0846242681146, 0.134155020118, 0.0733137205243, 0.0640959739685, 0.0616655237973]
    }
},
"lowlevel": {
    "melbands": {
        "dmean": [0.000826925795991, 0.00335264648311, 0.00346260424703, 0.00180853740312, 0.00100409321021, 0.000369619752746, 0.000123415316921, 0.00012002177391, 5.05035022798e-05, 2.58776708506e-05, 2.72061643045e-05, 2.82394448732e-05, 8.86233920028e-06, 6.71639691063e-06, 7.80981554271e-06, 4.51291225545e-06, 3.60861258741e-06, 1.62738342624e-06, 1.52232246364e-06, 1.4398580106e-06, 9.58821033237e-07, 1.26662052935e-06, 1.52955783506e-06, 1.37953043122e-06, 6.04709271101e-07, 3.49775490349e-07, 5.79164009196e-07, 7.85724239449e-07, 7.16149486379e-07, 8.06187188118e-07, 1.43574948197e-06, 2.74226135843e-06, 2.76052583104e-06, 1.68306212345e-06, 7.86826092281e-07, 4.27729275998e-07, 3.46628638681e-07, 2.73160026154e-07, 3.83135215998e-07, 5.17493390362e-07],
        "dmean2": [0.0014112239005, 0.00579342478886, 0.00587761169299, 0.00301335286349, 0.0016661172267, 0.000625697954092, 0.000182428295375, 0.000168763057445, 6.77689386066e-05, 3.36364391842e-05, 3.56888886017e-05, 3.70598281734e-05, 1.26354907479e-05, 1.03990969365e-05, 1.09573829832e-05, 6.5067201831e-06, 4.99956513522e-06, 2.37934068537e-06, 2.13323255593e-06, 2.12000168176e-06, 1.38444204367e-06, 1.91027220353e-06, 2.25397707254e-06, 2.03849594982e-06, 9.2560748044e-07, 5.22015170645e-07, 8.79660831288e-07, 1.28318856696e-06, 1.14292629405e-06, 1.21501523154e-06, 2.20259494199e-06, 4.39442101197e-06, 4.12079180023e-06, 2.61130207946e-06, 1.25967494569e-06, 6.59752060983e-07, 5.23890605564e-07, 4.01185502596e-07, 5.72337285121e-07, 7.83197549481e-07],
        "dvar": [2.7646176477e-06, 2.9002159863e-05, 3.23121857946e-05, 9.05892284209e-06, 2.61531863543e-06, 4.45671020088e-07, 1.41369554285e-07, 1.50687569089e-07, 1.83998896119e-08, 1.03676791596e-08, 6.94488377917e-09, 1.86095672206e-08, 1.4919142588e-09, 5.67725866318e-10, 6.84499235071e-10, 4.37405972553e-10, 5.20352871902e-10, 3.91219175111e-11, 6.34857166837e-11, 6.5076728728e-11, 1.52696553318e-11, 2.25081776134e-11, 3.41541690763e-11, 2.96532312594e-11, 5.73419653774e-12, 9.19991296686e-13, 5.24025744672e-12, 1.23859672518e-11, 7.88919884281e-12, 2.14812681532e-11, 6.40134542595e-11, 3.60125179677e-10, 5.32975608092e-10, 1.72866054804e-10, 1.68018342295e-11, 2.19321024016e-12, 1.44336691037e-12, 1.1373203811e-12, 3.93982112559e-12, 6.87821197567e-12],
        "dvar2": [7.50948265704e-06, 8.72512900969e-05, 0.000104923325125, 2.44921757258e-05, 7.21816240912e-06, 1.24072766994e-06, 2.10829909975e-07, 2.38498245153e-07, 2.82892553827e-08, 1.41433851297e-08, 1.21786039031e-08, 2.16702780165e-08, 3.80994746862e-09, 1.40388167758e-09, 1.09211462096e-09, 8.44892822371e-10, 9.13891295973e-10, 7.43510877865e-11, 9.76042233147e-11, 1.28924232401e-10, 2.75380343528e-11, 5.35637992294e-11, 8.31392316103e-11, 6.11417930174e-11, 1.28700253579e-11, 1.90277416219e-12, 1.14593569009e-11, 3.30748449462e-11, 1.9172524679e-11, 5.29865769316e-11, 1.46919088007e-10, 9.55376111555e-10, 1.27380916926e-09, 3.5439404189e-10, 4.69796562763e-11, 5.02250368031e-12, 3.49848318718e-12, 2.65178981204e-12, 9.73528722914e-12, 1.80811338124e-11],
        "max": [0.0332649275661, 0.059186309576, 0.0701627656817, 0.0832468643785, 0.0256981924176, 0.0115316649899, 0.00985281169415, 0.0100019667298, 0.00364783173427, 0.00396172888577, 0.00206461898051, 0.0098970439285, 0.00107565068174, 0.000643593200948, 0.00144577992614, 0.000850931799505, 0.0010192587506, 0.000266230694251, 0.000326458306517, 0.000312211894197, 0.000132964734803, 0.000128501022118, 0.000144605655805, 0.000135592446895, 8.49703064887e-05, 2.72731158475e-05, 6.94879490766e-05, 0.00011647046631, 6.56163902022e-05, 0.000149479310494, 0.000227513839491, 0.000495967397001, 0.000906415865757, 0.000591906835325, 0.000122680037748, 3.50149457518e-05, 2.33896644204e-05, 3.83834667446e-05, 7.08169463906e-05, 7.33575434424e-05],
        "mean": [0.0015080019366, 0.00614520721138, 0.00744214979932, 0.00361298909411, 0.00225193356164, 0.000812785467133, 0.000301311200019, 0.00029973697383, 0.000141816184623, 8.66070549819e-05, 8.4951541794e-05, 8.63902459969e-05, 2.26492284128e-05, 1.2735558812e-05, 1.9636547222e-05, 1.15643688332e-05, 8.05032777862e-06, 3.39883854394e-06, 3.27178918269e-06, 3.18927004628e-06, 1.74355568561e-06, 2.61368609245e-06, 3.12601173391e-06, 2.44987700171e-06, 1.05998913114e-06, 7.13317547252e-07, 9.9670887721e-07, 1.29272450522e-06, 1.12577754408e-06, 1.3605250615e-06, 2.42034161602e-06, 4.08394680562e-06, 4.18611853092e-06, 2.96165489999e-06, 1.41277143939e-06, 9.23597269775e-07, 7.40933046472e-07, 5.69494090996e-07, 7.37917446259e-07, 1.03206002677e-06],
        "median": [0.00036621367326, 0.00282773468643, 0.003206549678, 0.0019482083153, 0.000786073564086, 0.000291013915557, 8.93407632248e-05, 5.02510083606e-05, 1.93918967852e-05, 7.01738008502e-06, 7.80537538958e-06, 7.89960176917e-06, 3.25425526171e-06, 3.42314251611e-06, 2.68898952527e-06, 1.03108231997e-06, 6.50627498544e-07, 4.48401920039e-07, 2.40217559622e-07, 2.12925314713e-07, 2.03809094046e-07, 3.5850820268e-07, 3.61587353837e-07, 2.28350273801e-07, 1.3716430658e-07, 1.12295474253e-07, 1.60227799029e-07, 1.67818527075e-07, 9.54273673415e-08, 1.16780171311e-07, 1.26699845282e-07, 8.55184723036e-08, 1.0959803376e-07, 8.16120859781e-08, 7.87974059335e-08, 7.53798445885e-08, 6.81630680788e-08, 5.34214770198e-08, 5.66833904259e-08, 5.58852875088e-08],
        "min": [6.08401222735e-08, 6.81556684867e-07, 1.06914558273e-06, 1.3188102912e-06, 7.4576513498e-07, 2.87532429866e-07, 1.35796852874e-07, 9.49972758235e-08, 5.28990256043e-08, 1.43518237294e-08, 1.31344677357e-08, 1.52511976381e-08, 9.7631183138e-09, 2.0149024671e-09, 3.53583251567e-09, 4.00051769489e-09, 2.02800243265e-09, 1.39561562307e-09, 2.43888442775e-09, 1.55372115174e-09, 6.69730992886e-10, 1.29173205465e-09, 1.37583044957e-09, 8.6264695387e-10, 1.01561237198e-09, 9.54699874711e-10, 1.12229125993e-09, 1.27069499367e-09, 8.84832374037e-10, 7.08165137642e-10, 1.21932841601e-09, 9.49473943912e-10, 9.10252984099e-10, 6.89009627131e-10, 6.1885152558e-10, 9.7897179252e-10, 1.14825826625e-09, 5.87656645568e-10, 8.25698842633e-10, 1.00980546147e-09],
        "var": [1.26354107124e-05, 5.66672424611e-05, 8.75640980667e-05, 3.01128511637e-05, 1.16179407996e-05, 1.76874209501e-06, 7.58871067319e-07, 7.39209895073e-07, 1.41117283192e-07, 9.88394788237e-08, 5.33488346832e-08, 2.57310944107e-07, 5.79856473948e-09, 1.16080678403e-09, 6.69097754979e-09, 2.00932737116e-09, 1.77037029481e-09, 1.12011157294e-10, 2.57051602226e-10, 2.5847882168e-10, 3.80549619594e-11, 4.48364678718e-11, 8.11840109027e-11, 7.10755898581e-11, 1.28240248282e-11, 3.64666977171e-12, 1.34338547231e-11, 3.42003092513e-11, 1.61900961387e-11, 4.21025644903e-11, 1.58730140143e-10, 5.6836052531e-10, 7.78607955887e-10, 5.01769070738e-10, 4.15927604858e-11, 9.03324550577e-12, 5.47706671683e-12, 4.23853443662e-12, 1.19757493852e-11, 2.395824511e-11]
    },
    "mfcc": {
        "dmean": [17.2372226715, 13.1375198364, 9.57232189178, 8.01828670502, 7.44509840012, 7.51092672348, 7.13832855225, 6.72222518921, 6.68441438675, 6.67843437195, 6.56109189987, 6.47524118423, 6.00011968613],
        "dmean2": [21.2713069916, 17.6116275787, 14.5913047791, 12.2054157257, 12.0980157852, 11.9367685318, 11.5597820282, 10.9846982956, 11.0479211807, 10.7915611267, 10.8145570755, 10.7123994827, 9.95219230652],
        "dvar": [426.526763916, 205.513397217, 80.6841201782, 47.5622138977, 37.0691413879, 40.5507659912, 34.7462120056, 28.8190040588, 29.0278568268, 29.2918281555, 26.2110614777, 24.8287906647, 23.8460445404],
        "dvar2": [688.672607422, 297.016967773, 180.188400269, 108.679527283, 93.2642974854, 91.08203125, 84.6522903442, 72.189994812, 76.9415283203, 78.4843444824, 69.2430038452, 67.0990447998, 64.9396591187],
        "max": [-541.508178711, 258.051147461, 147.244766235, 121.01109314, 57.9310455322, 69.8769378662, 48.1246566772, 44.6446380615, 39.0242614746, 33.9933319092, 29.6382236481, 42.8721733093, 22.0354728699],
        "mean": [-737.088806152, 160.830795288, 63.5576705933, 31.1416702271, 8.02790927887, 7.02911472321, 1.74630248547, 1.78601396084, -6.73566246033, -11.8877096176, -6.04987335205, -1.81357383728, -6.70998191833],
        "median": [-728.476867676, 171.130432129, 63.4176635742, 29.9864044189, 8.83094406128, 8.82305717468, 2.786277771, 1.45907020569, -6.91450881958, -10.5239677429, -5.43749237061, -2.09239959717, -6.57667350769],
        "min": [-964.44317627, -46.6425132751, -23.0009613037, -41.8013153076, -42.5750045776, -63.0447158813, -51.7515029907, -42.9693870544, -49.6374359131, -64.9351501465, -50.4141845703, -40.6917877197, -39.7198448181],
        "var": [5883.31591797, 2606.61376953, 761.101928711, 584.807922363, 239.501861572, 332.802337646, 227.798721313, 166.704284668, 131.507995605, 222.066436768, 168.146438599, 150.400970459, 100.07434845],
        "cov": [[5885.59277344, -717.894592285, -539.331481934, -176.538101196, -145.148178101, -273.506774902, -259.695587158, 20.1878509521, -55.8292236328, 104.863616943, 51.7805480957, -61.6262588501, -167.058761597], [-717.894592285, 2607.62255859, -425.292663574, -301.346466064, 95.84425354, -253.218460083, 53.5689163208, 126.726707458, -127.407722473, -162.597564697, -34.0452232361, 37.7573051453, -110.436157227], [-539.331481934, -425.292663574, 761.396484375, 170.22454834, -64.0229034424, 200.275131226, 33.3918800354, -58.9457473755, 24.6318283081, -85.4550476074, 21.8668575287, -32.5999298096, 71.6363449097], [-176.538101196, -301.346466064, 170.22454834, 585.034240723, 159.660949707, -97.7818222046, -48.2159004211, 26.4342823029, 1.3162740469, -107.251594543, 8.55181503296, -50.9193763733, 61.9184112549], [-145.148178101, 95.84425354, -64.0229034424, 159.660949707, 239.594543457, -22.7990665436, -19.2933235168, 15.5890617371, 8.40895462036, -19.0498943329, -16.6769733429, 17.656671524, -0.582953214645], [-273.506774902, -253.218460083, 200.275131226, -97.7818222046, -22.7990665436, 332.931152344, 77.5591964722, -20.8584537506, 50.976852417, 54.9246940613, 45.6426773071, 11.7330961227, 33.4600105286], [-259.695587158, 53.5689163208, 33.3918800354, -48.2159004211, -19.2933235168, 77.5591964722, 227.886871338, 52.9680366516, 11.4959697723, 29.0925197601, 16.6829166412, 21.8856582642, 15.7532320023], [20.1878509521, 126.726707458, -58.9457473755, 26.4342823029, 15.5890617371, -20.8584537506, 52.9680366516, 166.768798828, 35.5200538635, -8.46588802338, 30.9127101898, -8.91937351227, 0.929625213146], [-55.8292236328, -127.407722473, 24.6318283081, 1.3162740469, 8.40895462036, 50.976852417, 11.4959697723, 35.5200538635, 131.558898926, 71.5382461548, 17.5938262939, -19.3288440704, 14.5586357117], [104.863616943, -162.597564697, -85.4550476074, -107.251594543, -19.0498943329, 54.9246940613, 29.0925197601, -8.46588802338, 71.5382461548, 222.152374268, 30.3170871735, 15.3334960938, -8.66035842896], [51.7805480957, -34.0452232361, 21.8668575287, 8.55181503296, -16.6769733429, 45.6426773071, 16.6829166412, 30.9127101898, 17.5938262939, 30.3170871735, 168.211502075, -7.07823848724, 20.0867958069], [-61.6262588501, 37.7573051453, -32.5999298096, -50.9193763733, 17.656671524, 11.7330961227, 21.8856582642, -8.91937351227, -19.3288440704, 15.3334960938, -7.07823848724, 150.45916748, 6.44394493103], [-167.058761597, -110.436157227, 71.6363449097, 61.9184112549, -0.582953214645, 33.4600105286, 15.7532320023, 0.929625213146, 14.5586357117, -8.66035842896, 20.0867958069, 6.44394493103, 100.113075256]],
        "icov": [[0.000230929479585, 0.000129125299281, 0.000134021072881, 0.000101339668618, 7.74632426328e-05, 0.000150088293594, 0.0002014459169, -0.000152009102749, 0.000153967761435, -3.63749620647e-07, -0.000140538293635, 6.71647503623e-05, 0.000290669908281], [0.000129125299281, 0.000675325049087, 0.000132861619932, 0.000674602051731, -0.000526752206497, 0.000559024512768, -0.00012884743046, -0.000421947916038, 0.000327822635882, 0.0005591789959, -0.000237181302509, 0.000112573608931, 0.000323460408254], [0.000134021072881, 0.000132861619932, 0.002436876297, -0.00100836227648, 0.00125437509269, -0.001467519789, -0.000166230733157, 0.00086463522166, -0.000636774930172, 0.00121694488917, -4.70855484309e-05, 4.41884694737e-05, -2.94710771414e-05], [0.000101339668618, 0.000674602051731, -0.00100836227648, 0.00404318561777, -0.00297021400183, 0.00210416433401, 7.80251139076e-05, -0.00081370328553, 0.000268286559731, 0.00106838950887, -0.00069142493885, 0.00110295868944, -0.00146997591946], [7.74632426328e-05, -0.000526752206497, 0.00125437509269, -0.00297021400183, 0.00680837687105, -0.00159735395573, 0.000524892064277, 0.000278645049548, -0.000996683957055, -0.00010194897186, 0.000800561974756, -0.00142841914203, 0.00104342564009], [0.000150088293594, 0.000559024512768, -0.001467519789, 0.00210416433401, -0.00159735395573, 0.00566394114867, -0.00125997862779, 0.000390333065297, -0.000875070283655, -0.000149566141772, -0.00127966434229, 0.00014139439736, -0.000729892286472], [0.0002014459169, -0.00012884743046, -0.000166230733157, 7.80251139076e-05, 0.000524892064277, -0.00125997862779, 0.00588347576559, -0.00245421309955, 0.00112821673974, -0.00110904651228, 0.000308734626742, -0.00056551664602, -0.000499673828017], [-0.000152009102749, -0.000421947916038, 0.00086463522166, -0.00081370328553, 0.000278645049548, 0.000390333065297, -0.00245421309955, 0.00872042495757, -0.00368092185818, 0.0016841373872, -0.00150249304716, 3.74187729903e-05, 0.000321852887282], [0.000153967761435, 0.000327822635882, -0.000636774930172, 0.000268286559731, -0.000996683957055, -0.000875070283655, 0.00112821673974, -0.00368092185818, 0.0120313093066, -0.00422479677945, 0.000523048918694, 0.00179226254113, -0.00128381012473], [-3.63749620647e-07, 0.0005591789959, 0.00121694488917, 0.00106838950887, -0.00010194897186, -0.000149566141772, -0.00110904651228, 0.0016841373872, -0.00422479677945, 0.00775931542739, -0.00135966320522, -0.000666207517497, 0.00089421751909], [-0.000140538293635, -0.000237181302509, -4.70855484309e-05, -0.00069142493885, 0.000800561974756, -0.00127966434229, 0.000308734626742, -0.00150249304716, 0.000523048918694, -0.00135966320522, 0.00700229592621, 0.00021832739003, -0.00124978425447], [6.71647503623e-05, 0.000112573608931, 4.41884694737e-05, 0.00110295868944, -0.00142841914203, 0.00014139439736, -0.00056551664602, 3.74187729903e-05, 0.00179226254113, -0.000666207517497, 0.00021832739003, 0.00763350073248, -0.00129787216429], [0.000290669908281, 0.000323460408254, -2.94710771414e-05, -0.00146997591946, 0.00104342564009, -0.000729892286472, -0.000499673828017, 0.000321852887282, -0.00128381012473, 0.00089421751909, -0.00124978425447, -0.00129787216429, 0.012684811838]]
    }
}

}