{
"metadata": {
    "version": {
        "essentia": "2.0.1",
        "extractor": "archive-music 1.0 mod ismir14"
    },
    "audio_properties": {
        "analysis_sample_rate": 44100,
        "bitrate": 1444,
        "channels": 2,
        "equal_loudness": 0,
        "length": 30,
        "replay_gain": -12.2083683014,
        "downmix": "mix"
    },
    "tags": {
        "track": 0,
        "year": 0,
        "album": "",
        "artist": "",
        "comment": "",
        "genre": "",
        "title": ""
    }
},
"rhythm": {
    "bpm": 92.5965042114,
    "bpm_histogram_first_peak": 94,
    "bpm_histogram_first_peak_spread": 0.540540575981,
    "bpm_histogram_first_peak_weight": 0.377777785063,
    "bpm_histogram_second_peak": 89,
    "bpm_histogram_second_peak_spread": 0,
    "bpm_histogram_second_peak_weight": 0.155555561185
},
"tonal": {
    "tuning_frequency": {
        "dmean": 0.0435777083039,
        "dmean2": 0.0770234242082,
        "dvar": 0.425656586885,
        "dvar2": 0.718499362469,
        "max": 452.892974854,
        "mean": 437.100372314,
        "median": 436.708374023,
        "min": 431.692352295,
        "var": 5.64159870148
    },
    "hpcp": {
        "dmean": [0.16166202724, 0.143587738276, 0.143964156508, 0.193228453398, 0.160225719213, 0.119842834771, 0.147959589958, 0.12948641181, 0.20315502584, 0.131165623665, 0.189407527447, 0.200424164534],
        "dmean2": [0.302141577005, 0.26179510355, 0.27080014348, 0.345781803131, 0.294765532017, 0.224035605788, 0.261619925499, 0.242108598351, 0.361739486456, 0.244326040149, 0.34296604991, 0.357811033726],
        "dvar": [0.0729897990823, 0.0623326450586, 0.0763194262981, 0.0803998559713, 0.0730712413788, 0.0569059960544, 0.053445070982, 0.0616649463773, 0.0743705108762, 0.0593924634159, 0.073692984879, 0.0772307813168],
        "dvar2": [0.211606234312, 0.171369493008, 0.214837610722, 0.212160661817, 0.195774674416, 0.164002239704, 0.142886012793, 0.170431122184, 0.196530461311, 0.165351092815, 0.198581770062, 0.218510165811],
        "max": [1, 1, 1, 1, 1, 1, 1, 1, 1, 1, 1, 1],
        "mean": [0.120523162186, 0.14493368566, 0.104760967195, 0.38890299201, 0.189180165529, 0.0983820855618, 0.228723138571, 0.107982940972, 0.292876392603, 0.0997485369444, 0.194002464414, 0.231839552522],
        "median": [0.0132266273722, 0.0197272021323, 0.0042297965847, 0.173647046089, 0.0178165920079, 0.0116850053892, 0.0589832253754, 0.00740016950294, 0.113225251436, 0.00978020392358, 0.0634994879365, 0.0602892935276],
        "min": [0, 0, 0, 0, 0, 0, 0, 0, 0, 0, 0, 0],
        "var": [0.0595039762557, 0.0661419928074, 0.0615210160613, 0.173280820251, 0.10661046207, 0.0477728620172, 0.108428113163, 0.0575488731265, 0.127520263195, 0.0472268424928, 0.0804471373558, 0.104872390628]
    }
},
"lowlevel": {
    "melbands": {
        "dmean": [2.71533244813e-05, 0.000121681478049, 0.000138144619996, 0.000255395862041, 0.000317305035423, 0.000346750282915, 0.000262144050794, 0.00034007744398, 0.000246631185291, 0.000162731666933, 0.000116327712021, 9.48626548052e-05, 9.3481510703e-05, 7.86212112871e-05, 0.000149670100654, 0.000130784072098, 7.0702371886e-05, 3.81350982934e-05, 3.98960219172e-05, 4.34378453065e-05, 1.48628741954e-05, 2.18521381612e-05, 1.00431288956e-05, 6.9723478191e-06, 8.57706527313e-06, 2.98472286886e-06, 1.84986743079e-06, 2.27951227316e-06, 1.76057596946e-06, 1.61387424669e-06, 8.11145469015e-07, 3.8560594362e-07, 2.64391644578e-07, 1.08933811305e-07, 4.45220855738e-08, 3.93116614816e-08, 1.11906093281e-08, 2.02304728525e-09, 8.74424865849e-10, 4.90431195654e-10],
        "dmean2": [4.18543204432e-05, 0.000198782785446, 0.000238924258156, 0.00046098823077, 0.000575444777496, 0.000599816674367, 0.000400436518248, 0.000486008706503, 0.00034021580359, 0.000222837450565, 0.000179911759915, 0.000140134055982, 0.000143526194734, 0.000123027450172, 0.000222659116844, 0.000206469849218, 0.000107356238004, 5.40588298463e-05, 5.84001354582e-05, 6.44301835564e-05, 2.33132741414e-05, 3.4862467146e-05, 1.64155826496e-05, 1.09455731945e-05, 1.22330020531e-05, 4.46717240266e-06, 2.85389364763e-06, 3.52175857188e-06, 2.62742833002e-06, 2.28333192354e-06, 1.17865783977e-06, 5.50757818019e-07, 3.79752805202e-07, 1.5674824283e-07, 6.12118924437e-08, 5.43850937618e-08, 1.60536366423e-08, 2.98830871159e-09, 1.30217503447e-09, 7.53471229853e-10],
        "dvar": [1.19316101443e-09, 2.34775878738e-08, 4.42788525845e-08, 1.34161354026e-07, 2.20924832206e-07, 2.84400954342e-07, 1.31394429559e-07, 5.37496703146e-07, 2.21406821765e-07, 9.62956647754e-08, 5.98661600293e-08, 4.92577605371e-08, 4.86641731356e-08, 2.97386719694e-08, 8.80040005313e-08, 1.19043498614e-07, 3.15580628296e-08, 7.88871901136e-09, 1.14450102728e-08, 1.05773674264e-08, 7.76849806705e-10, 3.55609586222e-09, 5.07047903664e-10, 2.17919723933e-10, 4.18105605693e-10, 5.71910505065e-11, 2.0147812238e-11, 5.54697295041e-11, 1.94140970661e-11, 1.47084028984e-11, 4.80037667602e-12, 1.20611333421e-12, 6.58165796169e-13, 1.42237323265e-13, 1.52483159156e-14, 1.26772033084e-14, 7.05470554241e-16, 3.1344527005e-17, 5.68234327412e-18, 1.27876859764e-18],
        "dvar2": [2.50637377519e-09, 5.76684797693e-08, 1.2138883676e-07, 4.03249202918e-07, 7.16110889698e-07, 8.27811732051e-07, 3.03319922068e-07, 1.16814328521e-06, 4.90998559144e-07, 2.08722582329e-07, 1.44231023569e-07, 1.23757132542e-07, 1.14948974783e-07, 8.20744858743e-08, 2.07615229897e-07, 3.05079339569e-07, 7.63838272633e-08, 1.58247352999e-08, 2.58169929879e-08, 2.21499707465e-08, 1.90696125557e-09, 9.24709464556e-09, 1.41423428524e-09, 5.3637111419e-10, 8.6156060064e-10, 1.19137116839e-10, 5.04402526691e-11, 1.3806095156e-10, 4.65140322092e-11, 3.12528301849e-11, 1.11743071393e-11, 2.60644717615e-12, 1.45532576875e-12, 3.27866233512e-13, 2.97890408358e-14, 2.74545146952e-14, 1.4018334926e-15, 6.22010571533e-17, 1.14494328564e-17, 2.74749053756e-18],
        "max": [0.000419706077082, 0.00214062817395, 0.00470048282295, 0.00739230867475, 0.005401420407, 0.00722826365381, 0.00779534690082, 0.017623251304, 0.00837580952793, 0.00595903070644, 0.00510162627324, 0.00505781220272, 0.00516157923266, 0.00425788108259, 0.00612912746146, 0.00552938319743, 0.0036812722683, 0.0022037893068, 0.00193980825134, 0.00272500910796, 0.000511452148203, 0.00144729833119, 0.000351823138772, 0.000302942818962, 0.000354534538928, 0.00019985914696, 7.95725572971e-05, 0.000140649441164, 6.3029336161e-05, 6.4967025537e-05, 5.27668416908e-05, 3.14134122164e-05, 2.09563331737e-05, 8.54431345942e-06, 2.4923078854e-06, 2.79955725091e-06, 4.41898293957e-07, 1.20556194361e-07, 6.30393728329e-08, 2.51101592852e-08],
        "mean": [3.85663661291e-05, 0.000175959881744, 0.000174894856173, 0.000324742810335, 0.000414463167544, 0.000569033087231, 0.000619485042989, 0.00124506908469, 0.000768817088101, 0.000427684979513, 0.000298106722767, 0.000240501947701, 0.000192808336578, 0.000146970705828, 0.000297499384033, 0.000242694732151, 0.000178734451765, 9.23036641325e-05, 7.43811469874e-05, 9.85103033599e-05, 3.15024190058e-05, 4.06231556553e-05, 2.16448606807e-05, 1.67692560353e-05, 2.38035827351e-05, 7.85505380918e-06, 4.04499678552e-06, 4.43403632744e-06, 4.5900387704e-06, 4.93388097311e-06, 2.30524733524e-06, 1.08332960735e-06, 7.02098418515e-07, 2.88583009933e-07, 1.27230649127e-07, 1.19589543601e-07, 3.35790240058e-08, 5.02923569456e-09, 1.87183202272e-09, 1.07580444553e-09],
        "median": [2.01265756914e-05, 0.000103324033262, 9.67615633272e-05, 0.000167262624018, 0.000238812412135, 0.00029359004111, 0.000235939296545, 0.000260456057731, 0.000196983397473, 0.000107778832898, 6.94484187989e-05, 4.29286374128e-05, 4.66733581561e-05, 5.48693788005e-05, 6.31751536275e-05, 5.04037561768e-05, 2.41125599132e-05, 2.19092507905e-05, 1.10376031444e-05, 1.91930121218e-05, 1.02257108665e-05, 9.82226538326e-06, 7.25323661754e-06, 5.83282007938e-06, 4.04396860176e-06, 2.05322749025e-06, 1.08208837446e-06, 5.94997288772e-07, 1.0100579857e-06, 8.59758017668e-07, 3.20871663462e-07, 1.58695939945e-07, 5.88629376352e-08, 1.99690646241e-08, 1.14210596536e-08, 9.89227544324e-09, 4.47300418926e-09, 6.79252043501e-10, 3.47300965764e-10, 2.94770208242e-10],
        "min": [4.39876757241e-09, 4.17788214691e-07, 4.84199176753e-07, 2.02548108064e-07, 2.4801744658e-08, 2.34851125214e-08, 3.46195641043e-08, 4.24358947981e-09, 9.75791714097e-09, 5.83374948349e-09, 4.07602707142e-09, 5.35399991008e-09, 4.9778456912e-09, 6.5447922637e-09, 4.5273709226e-09, 2.57045718044e-09, 5.18095610857e-09, 2.40958519804e-09, 1.8865031759e-09, 1.19553422717e-09, 9.82674719374e-10, 6.91022572497e-10, 8.07615363474e-10, 6.31717678168e-10, 1.24484214603e-10, 2.52907084164e-10, 2.26932944658e-10, 2.136313626e-10, 8.64281077262e-11, 1.31305452622e-10, 9.18216336299e-11, 6.81189618601e-11, 7.42303302159e-11, 5.47655670813e-11, 4.92499131755e-11, 4.73248384925e-11, 4.79850117974e-11, 3.92638560553e-11, 3.45984352279e-11, 3.19219477241e-11],
        "var": [2.53317322674e-09, 4.52632527015e-08, 5.8177899831e-08, 1.94986753854e-07, 2.87786775743e-07, 5.76714228373e-07, 7.55100529659e-07, 4.94321056976e-06, 1.60360934842e-06, 4.73130569389e-07, 2.56969286738e-07, 1.81077169259e-07, 1.43038278111e-07, 7.37529290973e-08, 3.19105879498e-07, 3.20400829423e-07, 1.50045039504e-07, 4.37142091414e-08, 3.12607575381e-08, 5.43715579227e-08, 2.79083822718e-09, 8.02884159157e-09, 1.36615352364e-09, 8.2052437067e-10, 2.20895723935e-09, 3.36194683204e-10, 6.65640806363e-11, 1.53082366228e-10, 7.95594146119e-11, 8.56953050188e-11, 2.43420943125e-11, 7.09570249779e-12, 4.15240498236e-12, 7.56961659153e-13, 1.06379735207e-13, 8.66118090334e-14, 4.47554675747e-15, 1.532725441e-16, 2.06193081458e-17, 4.68129591426e-18]
    },
    "mfcc": {
        "dmean": [16.1364154816, 9.88573360443, 9.49368572235, 7.92371082306, 7.53248214722, 6.86360168457, 6.82626724243, 6.75823259354, 6.63177394867, 6.5174202919, 6.36620092392, 6.23325681686, 6.06712293625],
        "dmean2": [17.6341934204, 14.8013963699, 13.8530282974, 12.4913930893, 11.3245639801, 10.8662996292, 10.8301544189, 11.0503282547, 10.95840168, 10.7437353134, 10.6090679169, 10.3629798889, 10.1002206802],
        "dvar": [461.376739502, 84.3924636841, 92.5467071533, 40.484161377, 40.6713600159, 31.9710330963, 27.3867340088, 27.4517402649, 26.4188175201, 25.4994258881, 23.8590583801, 23.7182788849, 21.8327465057],
        "dvar2": [411.367218018, 157.548049927, 144.127731323, 96.3828659058, 84.2849121094, 79.8105010986, 70.1288299561, 73.7673873901, 73.3888702393, 70.5505447388, 66.7797775269, 66.4262924194, 60.8259773254],
        "max": [-525.300170898, 256.772949219, 79.4797363281, 83.5867919922, 43.3328437805, 55.1262741089, 33.5580825806, 31.2044906616, 28.5907554626, 25.2558460236, 29.4856910706, 39.253326416, 28.0100860596],
        "mean": [-712.321411133, 184.832611084, -50.3497657776, 22.1298522949, -21.9730148315, 1.40448474884, -14.7919921875, -7.08088588715, -6.4256439209, -4.08073043823, -0.501975536346, 4.39601945877, -6.77147674561],
        "median": [-674.796081543, 192.274963379, -65.4396286011, 20.929233551, -23.8473777771, 0.981384277344, -15.6341171265, -6.98593139648, -6.69100952148, -3.76020050049, -0.308078765869, 2.86727142334, -6.68693161011],
        "min": [-1017.25720215, 44.9493255615, -125.644332886, -33.5870742798, -73.5268554688, -39.5122795105, -63.9401817322, -38.5361404419, -39.8308334351, -41.9100875854, -33.469619751, -26.5645675659, -34.5478630066],
        "var": [12616.9345703, 1078.92480469, 1713.99694824, 341.85144043, 516.520202637, 166.674499512, 201.418899536, 93.0493469238, 99.4997787476, 95.6784820557, 81.7871246338, 129.202255249, 68.6825866699],
        "cov": [[12621.8173828, -631.217346191, -4260.34130859, 221.499176025, -2014.05383301, 97.3343811035, -1088.82177734, 71.279083252, -416.97064209, 5.60640907288, -129.782699585, 453.25958252, -265.867828369], [-631.217346191, 1079.34240723, 180.533798218, -278.631835938, 68.3684005737, -228.562759399, 97.8859176636, -69.6453323364, 58.5579299927, -121.558639526, 6.75498247147, 1.79592907429, 20.8613624573], [-4260.34130859, 180.533798218, 1714.66015625, -22.4751472473, 704.061279297, 33.6207237244, 361.685211182, 21.7819404602, 139.30682373, 29.7312068939, 32.2830200195, -162.840042114, 85.1494140625], [221.499176025, -278.631835938, -22.4751472473, 341.983734131, 68.1438903809, 98.9225082397, -18.6462345123, 4.04579401016, -24.9617958069, 13.2243480682, -16.7820549011, -46.6996498108, -14.5047893524], [-2014.05383301, 68.3684005737, 704.061279297, 68.1438903809, 516.720092773, 52.3520278931, 195.602874756, 2.5331530571, 34.9815254211, 9.04016876221, 13.2439851761, -113.411277771, 33.5053520203], [97.3343811035, -228.562759399, 33.6207237244, 98.9225082397, 52.3520278931, 166.739013672, 30.8270206451, 41.0994987488, -9.97066783905, 32.2208976746, 3.40346837044, -19.4182739258, -1.00799930096], [-1088.82177734, 97.8859176636, 361.685211182, -18.6462345123, 195.602874756, 30.8270206451, 201.496841431, 28.187669754, 46.9617462158, -4.41135549545, 6.70401096344, -39.9366188049, 25.7418785095], [71.279083252, -69.6453323364, 21.7819404602, 4.04579401016, 2.5331530571, 41.0994987488, 28.187669754, 93.085357666, 22.7364196777, 28.5866622925, 7.46309375763, 12.7650690079, 6.37106752396], [-416.97064209, 58.5579299927, 139.30682373, -24.9617958069, 34.9815254211, -9.97066783905, 46.9617462158, 22.7364196777, 99.5382843018, 26.5967350006, 23.759552002, 7.9282617569, 14.7849655151], [5.60640907288, -121.558639526, 29.7312068939, 13.2243480682, 9.04016876221, 32.2208976746, -4.41135549545, 28.5866622925, 26.5967350006, 95.7155075073, 36.3419456482, 14.762878418, 2.65451312065], [-129.782699585, 6.75498247147, 32.2830200195, -16.7820549011, 13.2439851761, 3.40346837044, 6.70401096344, 7.46309375763, 23.759552002, 36.3419456482, 81.8187789917, 36.5577316284, 12.0021533966], [453.25958252, 1.79592907429, -162.840042114, -46.6996498108, -113.411277771, -19.4182739258, -39.9366188049, 12.7650690079, 7.9282617569, 14.762878418, 36.5577316284, 129.252258301, 7.94285917282], [-265.867828369, 20.8613624573, 85.1494140625, -14.5047893524, 33.5053520203, -1.00799930096, 25.7418785095, 6.37106752396, 14.7849655151, 2.65451312065, 12.0021533966, 7.94285917282, 68.7091674805]],
        "icov": [[0.00151050183922, -0.00108514295425, 0.00236403034069, -0.00103700475302, 0.0019437125884, -0.00241994089447, 0.002341077663, -0.00218380405568, 0.00187911198009, -0.00168489618227, 0.00157756614499, -0.000818392436486, 0.000847566407174], [-0.00108514295425, 0.00271629402414, -0.00152271310799, 0.00169335352257, -0.0018320325762, 0.00354735390283, -0.00245543709025, 0.00201216433197, -0.0023015930783, 0.00326723768376, -0.00188087753486, 0.00075919093797, -0.000490521022584], [0.00236403034069, -0.00152271310799, 0.00538658583537, -0.00119516591076, 0.00122346670832, -0.00342989084311, 0.00274398550391, -0.00322491116822, 0.00173687457573, -0.00278020231053, 0.00246977410279, -0.00071992672747, 0.000691641587764], [-0.00103700475302, 0.00169335352257, -0.00119516591076, 0.00522405095398, -0.00263616722077, 0.000187091238331, -0.000700950389728, 0.00204793945886, -0.00196525850333, 0.00208028662018, -0.000916273216717, 0.00144821044523, -0.000246713199886], [0.0019437125884, -0.0018320325762, 0.00122346670832, -0.00263616722077, 0.00849529914558, -0.0036584790796, 0.000607690832112, -0.00217796768993, 0.004130105488, -0.00293068215251, 0.000705665850546, 0.000939738354646, 0.000775214051828], [-0.00241994089447, 0.00354735390283, -0.00342989084311, 0.000187091238331, -0.0036584790796, 0.0148810520768, -0.00636445824057, 0.00056169956224, -0.00140309077688, 0.00200538220815, -0.00354949594475, 0.00212265574373, -0.00121707178187], [0.002341077663, -0.00245543709025, 0.00274398550391, -0.000700950389728, 0.000607690832112, -0.00636445824057, 0.0145598426461, -0.00590532552451, 0.000344987754943, -0.00046451840899, 0.00270979246125, -0.00108135154005, 0.00055411044741], [-0.00218380405568, 0.00201216433197, -0.00322491116822, 0.00204793945886, -0.00217796768993, 0.00056169956224, -0.00590532552451, 0.0178048349917, -0.00523076066747, -0.000367310363799, -0.000610349932685, -0.000462613417767, -0.00170058454387], [0.00187911198009, -0.0023015930783, 0.00173687457573, -0.00196525850333, 0.004130105488, -0.00140309077688, 0.000344987754943, -0.00523076066747, 0.0174961593002, -0.00639503775164, 0.00029889959842, -0.00149053428322, 0.00032612067298], [-0.00168489618227, 0.00326723768376, -0.00278020231053, 0.00208028662018, -0.00293068215251, 0.00200538220815, -0.00046451840899, -0.000367310363799, -0.00639503775164, 0.0197457112372, -0.00842819456011, 0.00125667720567, -2.02196242753e-05], [0.00157756614499, -0.00188087753486, 0.00246977410279, -0.000916273216717, 0.000705665850546, -0.00354949594475, 0.00270979246125, -0.000610349932685, 0.00029889959842, -0.00842819456011, 0.020205007866, -0.00648474693298, -0.000452037231298], [-0.000818392436486, 0.00075919093797, -0.00071992672747, 0.00144821044523, 0.000939738354646, 0.00212265574373, -0.00108135154005, -0.000462613417767, -0.00149053428322, 0.00125667720567, -0.00648474693298, 0.0129893058911, -0.00227506156079], [0.000847566407174, -0.000490521022584, 0.000691641587764, -0.000246713199886, 0.000775214051828, -0.00121707178187, 0.00055411044741, -0.00170058454387, 0.00032612067298, -2.02196242753e-05, -0.000452037231298, -0.00227506156079, 0.0169002208859]]
    }
}

}