{
"metadata": {
    "version": {
        "essentia": "2.0.1",
        "extractor": "archive-music 1.0 mod ismir14"
    },
    "audio_properties": {
        "analysis_sample_rate": 44100,
        "bitrate": 32,
        "channels": 2,
        "equal_loudness": 0,
        "length": 30.0408172607,
        "replay_gain": -8.35384559631,
        "downmix": "mix"
    },
    "tags": {
        "track": 7,
        "year": 0,
        "album": "The Cool Jazz Collection",
        "artist": "Astrud Gilberto",
        "comment": "",
        "genre": "Jazz",
        "title": "Girl From Ipanema"
    }
},
"rhythm": {
    "bpm": 130.358261108,
    "bpm_histogram_first_peak": 129,
    "bpm_histogram_first_peak_spread": 0.55172419548,
    "bpm_histogram_first_peak_weight": 0.412698417902,
    "bpm_histogram_second_peak": 123,
    "bpm_histogram_second_peak_spread": 0,
    "bpm_histogram_second_peak_weight": 0.047619048506
},
"tonal": {
    "tuning_frequency": {
        "dmean": 0.268388718367,
        "dmean2": 0.494818270206,
        "dvar": 1.71334934235,
        "dvar2": 3.51793026924,
        "max": 443.316436768,
        "mean": 439.395507812,
        "median": 437.718536377,
        "min": 431.692352295,
        "var": 9.48911762238
    },
    "hpcp": {
        "dmean": [0.0786992758512, 0.239025399089, 0.123216167092, 0.258145958185, 0.124282769859, 0.125477835536, 0.210574328899, 0.0488587208092, 0.215144172311, 0.153672978282, 0.20425491035, 0.181200757623],
        "dmean2": [0.140187650919, 0.413181513548, 0.215498462319, 0.459583818913, 0.222608104348, 0.232413008809, 0.384999752045, 0.0916757434607, 0.397278875113, 0.286493450403, 0.390459924936, 0.320225447416],
        "dvar": [0.0347350649536, 0.0925417393446, 0.0516022928059, 0.104622639716, 0.0482948310673, 0.0610236078501, 0.0888655185699, 0.0229128617793, 0.0839562043548, 0.0769877880812, 0.0949390232563, 0.084137968719],
        "dvar2": [0.0885179489851, 0.173489138484, 0.123762615025, 0.243133664131, 0.105203330517, 0.158804774284, 0.181061163545, 0.055779825896, 0.239652052522, 0.227795213461, 0.27597412467, 0.200710698962],
        "max": [1, 1, 1, 1, 1, 1, 1, 1, 1, 1, 1, 1],
        "mean": [0.0620588175952, 0.308402866125, 0.0938215628266, 0.313095778227, 0.123880781233, 0.120992206037, 0.237463951111, 0.0625368505716, 0.212212458253, 0.116234622896, 0.16854763031, 0.171901449561],
        "median": [0.00740406382829, 0.114929400384, 0.0103740617633, 0.0883532464504, 0.0281369201839, 0.0153026385233, 0.0698832944036, 0.0069057168439, 0.0483591891825, 0.0165076591074, 0.0336249731481, 0.0278924126178],
        "min": [5.75990816287e-05, 6.92734611221e-05, 5.01156646351e-05, 0.000219096342335, 2.93979737762e-05, 9.72422058112e-05, 3.75437193725e-05, 6.27929766779e-05, 4.7524990805e-06, 6.78530341247e-05, 5.32212543476e-05, 0.00036290861317],
        "var": [0.0280732493848, 0.139115810394, 0.0419996343553, 0.152320101857, 0.0559587962925, 0.0657079592347, 0.116162970662, 0.0411042608321, 0.104110822082, 0.0639833286405, 0.0915192812681, 0.0903606936336]
    }
},
"lowlevel": {
    "melbands": {
        "dmean": [0.000127519393573, 0.00031095041777, 0.000311052921461, 0.0001610233885, 0.000103713689896, 3.13104355882e-05, 1.60201398103e-05, 2.25689964282e-05, 9.38288849284e-06, 6.92179582984e-06, 7.00356167727e-06, 9.22930576053e-06, 1.31400884129e-06, 1.01635566807e-06, 1.56392150075e-06, 1.07149310224e-06, 8.45857016429e-07, 2.75034068409e-07, 3.11613803206e-07, 3.07351768924e-07, 1.2753561407e-07, 1.75972786565e-07, 2.21669239409e-07, 1.85141033171e-07, 6.67050628067e-08, 5.33465751573e-08, 6.88386663228e-08, 1.12521696849e-07, 9.26630079334e-08, 1.24346954067e-07, 2.29464362178e-07, 4.08418486586e-07, 4.55458064152e-07, 2.57825774952e-07, 1.2265360283e-07, 7.92729935029e-08, 6.3261985872e-08, 4.92817271436e-08, 6.05310646051e-08, 8.46498409146e-08],
        "dmean2": [0.000203217554372, 0.000482328468934, 0.00050784193445, 0.000263379421085, 0.000162444950547, 5.07021904923e-05, 2.84233756247e-05, 4.01280194637e-05, 1.66914451256e-05, 1.23594936667e-05, 1.27691682792e-05, 1.71539795701e-05, 2.31206104218e-06, 1.88394551515e-06, 2.7644846341e-06, 1.99982559934e-06, 1.60224283263e-06, 4.98580050134e-07, 5.89682485952e-07, 5.7927798025e-07, 2.27657977803e-07, 3.08130466919e-07, 3.87055308693e-07, 3.3595611626e-07, 1.15326479033e-07, 9.30372721086e-08, 1.21811126519e-07, 2.10178669136e-07, 1.66330565321e-07, 2.2717128445e-07, 4.20040350946e-07, 7.51043501168e-07, 8.6195439053e-07, 4.56753298295e-07, 2.1761623259e-07, 1.42537274428e-07, 1.14919792793e-07, 8.75240289133e-08, 1.1122443766e-07, 1.5608551962e-07],
        "dvar": [7.57480407287e-08, 9.51615319877e-08, 1.34026549858e-07, 9.20120513115e-08, 1.81770509755e-08, 2.01507210917e-09, 1.24056576123e-09, 1.52968882006e-09, 3.65297347926e-10, 2.51890897029e-10, 1.65411406794e-10, 2.22392282367e-09, 6.26811970383e-12, 4.09940831281e-12, 1.62421031485e-11, 7.90023081676e-12, 9.14452975148e-12, 2.48055699245e-13, 8.45374605821e-13, 9.37332243073e-13, 5.97710967634e-14, 8.31052959197e-14, 1.6531147653e-13, 1.49226700333e-13, 1.13201853761e-14, 1.16248411044e-14, 2.69901373522e-14, 1.76538349369e-13, 3.69542416145e-14, 9.49788275914e-14, 4.16474932883e-13, 1.31283157088e-12, 1.90576851175e-12, 7.26474598794e-13, 7.77209175381e-14, 2.11130297408e-14, 1.2946518281e-14, 9.71370099428e-15, 2.43180465592e-14, 5.21720863668e-14],
        "dvar2": [1.83152025102e-07, 2.17066215669e-07, 2.85450965976e-07, 2.25073677029e-07, 3.70006887351e-08, 3.76499853516e-09, 3.35516947558e-09, 4.29757074372e-09, 1.07250663905e-09, 7.10816516758e-10, 4.79098039019e-10, 6.45336051264e-09, 1.72593415254e-11, 1.1821687726e-11, 4.1204421819e-11, 2.28668681213e-11, 2.67685890815e-11, 6.79789232717e-13, 2.41014283184e-12, 2.66827076927e-12, 1.71780124847e-13, 2.26079829228e-13, 4.65003307127e-13, 4.30485969137e-13, 2.8676473224e-14, 3.11729334295e-14, 7.65326184046e-14, 5.19401687459e-13, 1.04440741266e-13, 2.73520111725e-13, 1.16890644299e-12, 3.6938689954e-12, 5.36733244655e-12, 1.87416965627e-12, 2.04889504343e-13, 5.62694354544e-14, 3.4030090757e-14, 2.54420525039e-14, 6.44521938532e-14, 1.41054607773e-13],
        "max": [0.00190954143181, 0.00184943783097, 0.00274770683609, 0.00360087025911, 0.00105927546974, 0.000332685071044, 0.00027993999538, 0.000263634283328, 0.00010587657016, 0.000153962202603, 6.91915047355e-05, 0.000441232434241, 1.7136670067e-05, 1.50391470015e-05, 3.36909724865e-05, 2.06626518775e-05, 2.60841661657e-05, 3.01605473396e-06, 7.13348254067e-06, 6.98929034115e-06, 1.60872639299e-06, 1.92329798665e-06, 2.44799730353e-06, 3.02463399748e-06, 8.33496642372e-07, 9.85760607364e-07, 1.32924560603e-06, 3.65517507817e-06, 1.16168678232e-06, 2.26237443712e-06, 4.51029563919e-06, 6.25946222499e-06, 9.73706937657e-06, 7.9715055108e-06, 1.69948179973e-06, 6.67536880883e-07, 4.68725971814e-07, 5.42795476122e-07, 8.47132355375e-07, 1.38392567806e-06],
        "mean": [0.000110164823127, 0.000393589405576, 0.000504208321217, 0.00018765583809, 0.000140555493999, 4.01454999519e-05, 1.57496724569e-05, 1.97112076421e-05, 7.86175496614e-06, 5.26948360857e-06, 5.04806030222e-06, 5.84090139455e-06, 1.05713968424e-06, 8.15333123683e-07, 1.22642086353e-06, 7.3841243875e-07, 5.42167015283e-07, 2.13435868091e-07, 2.06464449093e-07, 2.09240383242e-07, 1.07021001838e-07, 1.64904861322e-07, 1.94122478092e-07, 1.4972607687e-07, 6.31038759025e-08, 4.69155523319e-08, 6.03702474677e-08, 8.48224601668e-08, 7.07098166686e-08, 8.86938522626e-08, 1.56836307497e-07, 2.5883912258e-07, 2.80641103245e-07, 1.75317808271e-07, 8.70550778131e-08, 5.8773093059e-08, 4.89436544626e-08, 3.88034422372e-08, 4.7749576737e-08, 6.40952819708e-08],
        "median": [3.53998912033e-05, 0.000271843397059, 0.000276830716757, 0.000114430156827, 5.965328819e-05, 2.13852836168e-05, 5.82348411626e-06, 5.33197680852e-06, 2.31187073041e-06, 9.19919614262e-07, 8.96790822935e-07, 7.77849663791e-07, 3.47273868329e-07, 3.51027892975e-07, 2.94732728889e-07, 1.31139756832e-07, 8.73626717635e-08, 6.6574351365e-08, 2.4555760092e-08, 2.59957388948e-08, 2.97373325964e-08, 5.84389319158e-08, 5.91949245177e-08, 3.26649853832e-08, 1.89107147719e-08, 1.44255638546e-08, 1.89303381859e-08, 1.86623658749e-08, 1.38186058152e-08, 1.31217872124e-08, 1.29383979086e-08, 9.16050346689e-09, 1.1651793308e-08, 9.89384663086e-09, 8.72996697154e-09, 8.85608741896e-09, 8.52232417969e-09, 7.07812475298e-09, 7.01142388593e-09, 7.7227273465e-09],
        "min": [1.04271407508e-06, 2.29558281717e-06, 4.74319222121e-06, 9.23415541365e-07, 1.36840378673e-06, 1.83408531029e-07, 1.20688881111e-07, 5.9682200515e-08, 2.45805491517e-08, 1.85392714513e-08, 1.60902757784e-08, 1.14998197631e-08, 7.58665130718e-09, 8.64047766669e-09, 2.52120724298e-09, 2.69570410438e-09, 1.75312531159e-09, 1.33582300776e-09, 7.19592774256e-10, 4.27323343377e-10, 4.09993650141e-10, 8.57947102251e-10, 8.08683564557e-10, 7.0073019609e-10, 5.11549136384e-10, 7.41149419614e-10, 1.01312280787e-09, 1.17186560455e-09, 6.99714119978e-10, 1.2915406522e-09, 1.50593015835e-09, 9.0078089432e-10, 1.14267872942e-09, 1.28311983261e-09, 8.3257617467e-10, 8.87685036588e-10, 9.07276698214e-10, 7.88050569245e-10, 7.72065134047e-10, 7.71019748047e-10],
        "var": [6.72069973007e-08, 1.65347543657e-07, 3.90958945218e-07, 1.01362203964e-07, 3.92488459511e-08, 2.99198466003e-09, 1.03454966816e-09, 1.31819677396e-09, 2.77275119531e-10, 2.09864833844e-10, 1.19429063861e-10, 1.25081789371e-09, 4.82992291995e-12, 2.61893479993e-12, 1.33298216215e-11, 4.91776714837e-12, 4.98447940908e-12, 1.84198915344e-13, 5.01042295761e-13, 5.68178262685e-13, 4.15863463186e-14, 6.78817015077e-14, 1.22446079968e-13, 1.00729964463e-13, 1.20776361189e-14, 9.65003291577e-15, 1.84818794383e-14, 9.52548993459e-14, 2.36633205842e-14, 6.11813049767e-14, 2.72550157356e-13, 8.0630722368e-13, 1.1460916851e-12, 5.29048538919e-13, 5.6371641838e-14, 1.54791035946e-14, 9.96226704782e-15, 7.58922886015e-15, 1.77813205105e-14, 3.63364394997e-14]
    },
    "mfcc": {
        "dmean": [46.3433113098, 33.6647148132, 21.1859951019, 16.2684803009, 11.1496858597, 13.172334671, 10.3881244659, 9.13844013214, 7.66151857376, 10.025343895, 7.26931190491, 7.06051063538, 6.41687774658],
        "dmean2": [72.5608444214, 53.1039466858, 32.7648162842, 25.9741764069, 16.3156700134, 21.4100418091, 17.2564029694, 14.3934087753, 12.5824155807, 15.8117856979, 11.3864336014, 11.809261322, 9.75678920746],
        "dvar": [1128.74279785, 830.354919434, 290.870819092, 151.47555542, 70.7011413574, 114.352729797, 69.1011886597, 54.6886749268, 32.9054832458, 61.0786018372, 33.0159492493, 29.8861103058, 25.2067337036],
        "dvar2": [3051.69750977, 1938.21972656, 798.620117188, 354.948547363, 155.124145508, 292.374481201, 161.587890625, 141.982192993, 92.1551589966, 147.132827759, 84.1030883789, 68.6118927002, 69.7433853149],
        "max": [-725.955627441, 210.849945068, 126.22882843, 99.403213501, 34.1673088074, 54.2128372192, 29.9092445374, 37.1162185669, 18.5992546082, 21.9401893616, 27.5240516663, 35.3069877625, 13.4635391235],
        "mean": [-848.802124023, 149.780609131, 63.4914093018, 29.0487709045, 7.27607822418, 6.83798551559, 1.48274743557, 3.09382033348, -5.56975317001, -11.4047107697, -4.38916158676, -1.29193913937, -6.59482765198],
        "median": [-843.276916504, 156.841674805, 64.0526428223, 26.5725517273, 8.98562240601, 8.64828491211, 3.84195327759, 3.53178787231, -5.74099349976, -10.9220466614, -4.35690307617, -1.84373474121, -5.69857788086],
        "min": [-991.630981445, 43.5947914124, 5.3968963623, -14.5919876099, -37.4557876587, -40.6642456055, -42.5843009949, -21.0515670776, -31.0685062408, -40.8589782715, -35.2338600159, -24.8019142151, -32.4235877991],
        "var": [3114.76171875, 1326.59692383, 637.358215332, 426.298217773, 180.713363647, 205.650375366, 171.671508789, 119.943717957, 74.1287002563, 150.345062256, 117.08744812, 93.0975341797, 66.7262191772],
        "cov": [[3133.98852539, -512.200195312, -339.870574951, -77.9199676514, -128.975952148, -58.9163246155, -241.93699646, 19.7542476654, 112.014915466, 172.319412231, 135.918151855, 24.3764019012, -121.202812195], [-512.200195312, 1334.7857666, -366.179748535, -233.855895996, 137.381500244, -112.319770813, 128.170806885, 86.7400512695, -43.7657089233, -19.6040058136, -23.4704780579, -2.06947636604, -62.2772636414], [-339.870574951, -366.179748535, 641.292541504, 110.969337463, -125.761650085, 146.317016602, 18.4861831665, -61.9467773438, -7.9992556572, -112.359169006, 46.8839035034, -21.383928299, 91.2252655029], [-77.9199676514, -233.855895996, 110.969337463, 428.9296875, 118.470542908, -105.151695251, -76.6627960205, 16.1611289978, -21.3324279785, -111.798973083, -11.6425189972, -37.3371086121, 41.9558105469], [-128.975952148, 137.381500244, -125.761650085, 118.470542908, 181.828887939, -53.9942741394, -26.0395812988, 14.3686542511, -3.25964999199, -18.2864532471, -33.9007301331, 12.0801830292, -12.7528276443], [-58.9163246155, -112.319770813, 146.317016602, -105.151695251, -53.9942741394, 206.919830322, 61.1567726135, -8.3912858963, 29.9708652496, 49.9671936035, 39.0395812988, 11.2973489761, 20.669172287], [-241.93699646, 128.170806885, 18.4861831665, -76.6627960205, -26.0395812988, 61.1567726135, 172.731201172, 23.5977325439, -10.0040693283, 21.8635044098, -0.272793412209, 31.1204433441, 7.86039447784], [19.7542476654, 86.7400512695, -61.9467773438, 16.1611289978, 14.3686542511, -8.3912858963, 23.5977325439, 120.684112549, 15.3227481842, -10.6198644638, 32.671546936, -4.46571445465, -3.44365930557], [112.014915466, -43.7657089233, -7.9992556572, -21.3324279785, -3.25964999199, 29.9708652496, -10.0040693283, 15.3227481842, 74.5862808228, 50.7614479065, 12.9824295044, -11.537984848, 0.473325908184], [172.319412231, -19.6040058136, -112.359169006, -111.798973083, -18.2864532471, 49.9671936035, 21.8635044098, -10.6198644638, 50.7614479065, 151.273117065, 8.86986446381, 12.0792064667, -28.1307029724], [135.918151855, -23.4704780579, 46.8839035034, -11.6425189972, -33.9007301331, 39.0395812988, -0.272793412209, 32.671546936, 12.9824295044, 8.86986446381, 117.810211182, -13.0742683411, 9.258893013], [24.3764019012, -2.06947636604, -21.383928299, -37.3371086121, 12.0801830292, 11.2973489761, 31.1204433441, -4.46571445465, -11.537984848, 12.0792064667, -13.0742683411, 93.672203064, -3.89959788322], [-121.202812195, -62.2772636414, 91.2252655029, 41.9558105469, -12.7528276443, 20.669172287, 7.86039447784, -3.44365930557, 0.473325908184, -28.1307029724, 9.258893013, -3.89959788322, 67.1381149292]],
        "icov": [[0.000564108835533, 0.000163053264259, 0.000527326308656, -0.000232188453083, 0.000821097171865, -5.48740790691e-05, 0.000645660562441, 0.000152288164827, -0.000693876296282, 0.000105260733108, -0.000697743846104, -0.00058440095745, 0.000814558938146], [0.000163053264259, 0.00173993175849, 0.000200623791898, 0.00198919721879, -0.00215604761615, 0.0014143952867, -0.0012796795927, -0.0005582953454, 0.000279017112916, 0.000971439701971, -0.000654479779769, 0.00116809038445, 0.000232007456361], [0.000527326308656, 0.000200623791898, 0.00524118263274, -0.00242201471701, 0.00423923600465, -0.00378984375857, -3.98608972318e-05, 0.00310760689899, -0.0027337456122, 0.00454198615626, -0.0014054676285, -0.000959920289461, -0.000273464625934], [-0.000232188453083, 0.00198919721879, -0.00242201471701, 0.00794460158795, -0.00741863530129, 0.00471672601998, -0.000978184398264, -0.00228953873739, 0.00164281670004, 0.000858683895785, -0.000337047356879, 0.00326116313227, -0.00252781249583], [0.000821097171865, -0.00215604761615, 0.00423923600465, -0.00741863530129, 0.0151846399531, -0.00457407813519, 0.00297622894868, 0.00210619717836, -0.00375842675567, 0.00160960480571, 0.00104307767469, -0.0049589080736, 0.00267935660668], [-5.48740790691e-05, 0.0014143952867, -0.00378984375857, 0.00471672601998, -0.00457407813519, 0.0116211110726, -0.00297088804655, -0.00140252464917, -0.000299278006423, -0.00337073276751, -0.00189889303874, 0.00122534006368, -0.00183292140719], [0.000645660562441, -0.0012796795927, -3.98608972318e-05, -0.000978184398264, 0.00297622894868, -0.00297088804655, 0.0101838484406, -0.00260969810188, 0.00232826545835, -0.00267524179071, 0.00113305216655, -0.00336744892411, -0.000691381283104], [0.000152288164827, -0.0005582953454, 0.00310760689899, -0.00228953873739, 0.00210619717836, -0.00140252464917, -0.00260969810188, 0.0130910594016, -0.00605777930468, 0.00499685900286, -0.00422525918111, -0.000786487653386, 0.00144755246583], [-0.000693876296282, 0.000279017112916, -0.0027337456122, 0.00164281670004, -0.00375842675567, -0.000299278006423, 0.00232826545835, -0.00605777930468, 0.0235568340868, -0.0101631432772, 0.00172864436172, 0.00396520877257, -0.00394348520786], [0.000105260733108, 0.000971439701971, 0.00454198615626, 0.000858683895785, 0.00160960480571, -0.00337073276751, -0.00267524179071, 0.00499685900286, -0.0101631432772, 0.0169548783451, -0.00200556358323, -0.000865017413162, 0.00369802163914], [-0.000697743846104, -0.000654479779769, -0.0014054676285, -0.000337047356879, 0.00104307767469, -0.00189889303874, 0.00113305216655, -0.00422525918111, 0.00172864436172, -0.00200556358323, 0.0120356949046, 0.00130715116393, -0.00174944289029], [-0.00058440095745, 0.00116809038445, -0.000959920289461, 0.00326116313227, -0.0049589080736, 0.00122534006368, -0.00336744892411, -0.000786487653386, 0.00396520877257, -0.000865017413162, 0.00130715116393, 0.0142306620255, -0.00141449319199], [0.000814558938146, 0.000232007456361, -0.000273464625934, -0.00252781249583, 0.00267935660668, -0.00183292140719, -0.000691381283104, 0.00144755246583, -0.00394348520786, 0.00369802163914, -0.00174944289029, -0.00141449319199, 0.0214964207262]]
    }
}

}