{
"metadata": {
    "version": {
        "essentia": "2.0.1",
        "extractor": "archive-music 1.0 mod ismir14"
    },
    "audio_properties": {
        "analysis_sample_rate": 44100,
        "bitrate": 32,
        "channels": 2,
        "equal_loudness": 0,
        "length": 30.0408172607,
        "replay_gain": -11.7863292694,
        "downmix": "mix"
    },
    "tags": {
        "track": 6,
        "year": 0,
        "album": "Swing Classics (Jazz & Tzaz 70)",
        "artist": "Benny Carter",
        "comment": "",
        "genre": "Jazz",
        "title": "Babalu"
    }
},
"rhythm": {
    "bpm": 92.4049606323,
    "bpm_histogram_first_peak": 92,
    "bpm_histogram_first_peak_spread": 0.613636374474,
    "bpm_histogram_first_peak_weight": 0.377777785063,
    "bpm_histogram_second_peak": 99,
    "bpm_histogram_second_peak_spread": 0,
    "bpm_histogram_second_peak_weight": 0.0222222227603
},
"tonal": {
    "tuning_frequency": {
        "dmean": 0.400287210941,
        "dmean2": 0.631034135818,
        "dvar": 5.16808414459,
        "dvar2": 7.43737030029,
        "max": 455.779724121,
        "mean": 438.214996338,
        "median": 440.254241943,
        "min": 432.191345215,
        "var": 12.2926998138
    },
    "hpcp": {
        "dmean": [0.0929183214903, 0.180481314659, 0.075924217701, 0.224572271109, 0.143825978041, 0.10199842602, 0.213306352496, 0.0756509527564, 0.182060152292, 0.0890525877476, 0.140963256359, 0.210972800851],
        "dmean2": [0.16488853097, 0.315463274717, 0.138726085424, 0.403589904308, 0.251295804977, 0.184594646096, 0.36970821023, 0.13758996129, 0.296730130911, 0.159399300814, 0.240201920271, 0.365480750799],
        "dvar": [0.037368953228, 0.0535187087953, 0.0289637986571, 0.0745323374867, 0.0560430064797, 0.0170915275812, 0.0754559785128, 0.0161327123642, 0.0392481163144, 0.0228917580098, 0.034201759845, 0.0531714744866],
        "dvar2": [0.108798198402, 0.130585029721, 0.0827419534326, 0.157568588853, 0.115995384753, 0.0490741506219, 0.129318520427, 0.0454016104341, 0.0822633802891, 0.0658821240067, 0.080978743732, 0.119176879525],
        "max": [1, 1, 1, 1, 1, 1, 1, 0.619382679462, 1, 1, 1, 1],
        "mean": [0.0815892666578, 0.2458191365, 0.0654873996973, 0.459870874882, 0.264497637749, 0.114376410842, 0.352235585451, 0.0678374916315, 0.42404076457, 0.0809471830726, 0.214190408587, 0.406396776438],
        "median": [0.0273964647204, 0.11529725045, 0.0271114967763, 0.306433826685, 0.0994739681482, 0.0779952257872, 0.173923999071, 0.035158302635, 0.30675509572, 0.0404625497758, 0.149470940232, 0.326718121767],
        "min": [0.00135113904253, 0.00323794339783, 0.00112526223529, 0.00177510303911, 0.00125371257309, 0.00322063174099, 0.00179439387284, 0.00334766763262, 0.0110199423507, 0.00282636773773, 0.00263148662634, 0.00319097237661],
        "var": [0.0248102415353, 0.0759044736624, 0.0185450650752, 0.138781920075, 0.123482838273, 0.0144739886746, 0.138280794024, 0.0106806028634, 0.113903932273, 0.0152831198648, 0.0474958233535, 0.11523539573]
    }
},
"lowlevel": {
    "melbands": {
        "dmean": [1.56885494107e-06, 9.48823890212e-06, 6.84767837811e-06, 1.51782514877e-05, 1.71348328877e-05, 2.8522708817e-05, 2.18424647755e-05, 6.31748407613e-05, 3.54932089977e-05, 2.55157829088e-05, 1.49305615196e-05, 1.19228379845e-05, 1.08679896584e-05, 9.4912811619e-06, 1.90945429495e-05, 1.37431452458e-05, 8.65403217176e-06, 5.55654241907e-06, 5.43317582924e-06, 6.57235614199e-06, 1.75289221716e-06, 2.30756450037e-06, 1.14961687814e-06, 1.00465365449e-06, 1.53438929829e-06, 4.46919642627e-07, 2.90642248046e-07, 3.23276452718e-07, 3.14167010629e-07, 3.35231362669e-07, 1.66498111298e-07, 8.43736955858e-08, 5.85212625026e-08, 2.57958436833e-08, 1.07279367612e-08, 9.26827325998e-09, 2.34860508819e-09, 3.83268361492e-10, 1.43680123355e-10, 7.58836674053e-11],
        "dmean2": [2.75506522485e-06, 1.68309652508e-05, 1.24836660689e-05, 2.73636360362e-05, 3.07107111439e-05, 4.90602287755e-05, 3.37321762345e-05, 0.000103615791886, 6.03735170444e-05, 4.36384507339e-05, 2.45007486228e-05, 1.91529597942e-05, 1.82433213922e-05, 1.73386997631e-05, 3.33238494932e-05, 2.28830795095e-05, 1.3830745047e-05, 9.65601157077e-06, 9.0308885774e-06, 1.09854527182e-05, 3.02867692881e-06, 3.97805069952e-06, 1.97483791453e-06, 1.7739496343e-06, 2.68132657766e-06, 7.82207393968e-07, 5.20245237112e-07, 5.66105541111e-07, 5.40449207165e-07, 6.13006704953e-07, 3.03435655269e-07, 1.55164002535e-07, 1.07011487671e-07, 4.73566537096e-08, 1.96507059513e-08, 1.62387365776e-08, 4.26355395433e-09, 6.87849499581e-10, 2.60418769882e-10, 1.37005268241e-10],
        "dvar": [2.52130044273e-12, 1.48486792306e-10, 4.04124234077e-11, 2.42050102184e-10, 3.73419628552e-10, 1.08984032909e-09, 7.14313108663e-10, 1.22452403772e-08, 3.36398797707e-09, 1.13398834767e-09, 4.47598541564e-10, 2.87913443087e-10, 2.49369302985e-10, 2.37371955425e-10, 8.3507922799e-10, 5.96149685173e-10, 2.22808063666e-10, 8.59245591345e-11, 6.82663231499e-11, 1.44736597707e-10, 4.39260390214e-12, 1.18409110642e-11, 1.92556582658e-12, 1.91259139602e-12, 4.86033695929e-12, 7.84582902119e-13, 2.20762210595e-13, 3.17894473766e-13, 1.88865294389e-13, 2.08469092683e-13, 6.66105761044e-14, 2.2376928259e-14, 1.34452402689e-14, 2.66866306241e-15, 3.39932559411e-16, 2.32683365212e-16, 1.22439762307e-17, 4.29520202212e-19, 5.20460393519e-20, 1.25801198005e-20],
        "dvar2": [6.41909182059e-12, 4.18601875385e-10, 1.137027833e-10, 7.53033524425e-10, 1.20700294204e-09, 3.56206841801e-09, 1.74643244311e-09, 3.00178513157e-08, 8.79623840433e-09, 3.29872129612e-09, 1.06222142193e-09, 7.16998627137e-10, 6.71500466343e-10, 7.09000302912e-10, 2.1625876645e-09, 1.01463482061e-09, 4.76021111417e-10, 2.6502408601e-10, 1.78955517072e-10, 3.90330684441e-10, 1.16180814969e-11, 3.21026642769e-11, 4.50866731103e-12, 5.68308117579e-12, 1.40900641848e-11, 2.09988363503e-12, 6.846461874e-13, 8.79215537181e-13, 5.69474426382e-13, 5.97349318447e-13, 2.00876167371e-13, 6.62987256783e-14, 3.89795685421e-14, 8.02019329448e-15, 9.97360331326e-16, 6.28483941423e-16, 3.3793997396e-17, 1.21008820497e-18, 1.46202893724e-19, 3.42071979709e-20],
        "max": [7.87869976193e-06, 9.2176211183e-05, 4.67539794045e-05, 0.000113043650344, 0.000109911139589, 0.000158952447237, 0.000251928780926, 0.000729642226361, 0.000346311309841, 0.000204695345019, 0.000106406405393, 0.000116742638056, 9.6423595096e-05, 0.000104670398287, 0.000165262856171, 0.000146435733768, 0.00011937040108, 5.87321301282e-05, 5.48965290363e-05, 0.000109527856694, 1.12403586172e-05, 2.67945797532e-05, 1.03973279693e-05, 8.50812648423e-06, 1.23749432532e-05, 6.93051333656e-06, 2.52821337199e-06, 3.59034265784e-06, 2.08114738598e-06, 2.50211360253e-06, 1.44800264934e-06, 8.26705843338e-07, 6.27899339634e-07, 2.74584579074e-07, 8.67107345925e-08, 1.04785826238e-07, 2.07662829155e-08, 3.32255734037e-09, 1.08776554431e-09, 6.27785323726e-10],
        "mean": [2.38241545958e-06, 1.3908848814e-05, 9.23229254113e-06, 2.01873517653e-05, 2.57049323409e-05, 3.66763160855e-05, 3.37581404892e-05, 8.34206221043e-05, 4.56177476735e-05, 2.73043988273e-05, 1.77683123184e-05, 1.420368244e-05, 1.23152658489e-05, 9.25769109017e-06, 1.9021837943e-05, 1.54760891746e-05, 1.11071503852e-05, 5.47058652955e-06, 4.75281422041e-06, 6.37137191006e-06, 1.86154272797e-06, 2.60835963672e-06, 1.30110754526e-06, 1.07468463284e-06, 1.47648552229e-06, 4.84936208522e-07, 2.61063263451e-07, 2.79802094383e-07, 2.90348737053e-07, 3.06561986463e-07, 1.45092485582e-07, 6.81509391143e-08, 4.43649312842e-08, 1.8564787041e-08, 8.19886381009e-09, 7.6866903953e-09, 2.18927431739e-09, 3.17490145285e-10, 1.24803070656e-10, 7.64722798974e-11],
        "median": [1.83479028237e-06, 1.12294619612e-05, 7.16286831448e-06, 1.60427134688e-05, 2.04624411708e-05, 2.52204081335e-05, 1.44801751958e-05, 2.28379612963e-05, 1.35818972922e-05, 1.09228058136e-05, 6.02478166911e-06, 3.86957754017e-06, 5.38178528586e-06, 4.64357435703e-06, 6.3449465415e-06, 3.94485550714e-06, 2.49893491855e-06, 1.87249747796e-06, 9.8220664313e-07, 1.91317235476e-06, 8.41779467464e-07, 1.15706006909e-06, 6.61301669425e-07, 5.65551260934e-07, 3.87641364341e-07, 1.98195436951e-07, 1.0100784209e-07, 5.42268736581e-08, 1.24595558759e-07, 1.15129502376e-07, 4.45431282969e-08, 1.77193495432e-08, 6.65387878129e-09, 2.14553907973e-09, 1.34147271069e-09, 1.32907074235e-09, 5.94369276019e-10, 7.61630550294e-11, 4.18998100105e-11, 3.2881690426e-11],
        "min": [2.75094890867e-07, 1.55463385454e-06, 4.68448632773e-07, 1.03080438407e-07, 6.46448441444e-08, 8.28404793651e-08, 9.21039031709e-08, 6.97017767948e-08, 1.84464337138e-08, 1.71094942658e-08, 1.13555564951e-08, 9.44735312203e-09, 9.90015180946e-09, 7.97952548481e-09, 6.95918256355e-09, 1.65682523257e-09, 2.47439335688e-09, 1.28747390526e-09, 1.64277558223e-09, 6.77344791367e-10, 4.35026681345e-10, 7.18479664652e-10, 5.69703562103e-10, 2.65531263643e-10, 2.27173682643e-10, 1.23756477288e-10, 1.19527041043e-10, 8.83998915735e-11, 7.16521356137e-11, 4.99510398322e-11, 4.08958665543e-11, 2.75730185212e-11, 2.57951073696e-11, 1.84937464648e-11, 1.74962318938e-11, 1.7194634605e-11, 1.11383176987e-11, 4.33874073821e-12, 3.46666467234e-12, 4.18563751367e-12],
        "var": [2.9014071961e-12, 1.28271768207e-10, 5.535407549e-11, 3.01652397505e-10, 4.87037132846e-10, 1.36133937456e-09, 1.76225567472e-09, 1.84716046903e-08, 4.39251657269e-09, 1.30291399891e-09, 6.07765227034e-10, 4.12214040679e-10, 3.3963085122e-10, 1.76977030253e-10, 8.42656777689e-10, 8.58753124167e-10, 4.62658189537e-10, 8.96770505077e-11, 7.16192591343e-11, 1.77182532535e-10, 5.50106618244e-12, 1.73341115767e-11, 2.99751846608e-12, 1.97638541817e-12, 5.25836188828e-12, 9.01889782474e-13, 1.82604419866e-13, 3.40407904772e-13, 1.89426721379e-13, 2.11657866797e-13, 6.08989651784e-14, 1.73279698424e-14, 1.0722223314e-14, 2.00089553284e-15, 2.81444616766e-16, 2.45986652924e-16, 1.35459353538e-17, 3.59655648796e-19, 4.498472158e-20, 1.28324825887e-20]
    },
    "mfcc": {
        "dmean": [56.9893112183, 18.5376911163, 23.1567840576, 9.09495067596, 12.2204675674, 8.82403469086, 7.13515949249, 6.39815664291, 5.34166479111, 5.29658126831, 4.54349708557, 5.46523952484, 4.52991628647],
        "dmean2": [94.5517883301, 31.0775661469, 38.9276390076, 14.5860118866, 21.3186664581, 14.7394666672, 11.5577039719, 10.4525985718, 8.87875080109, 8.81917858124, 7.19184017181, 9.38478755951, 7.37817621231],
        "dvar": [2468.80859375, 264.378509521, 525.239929199, 61.6116523743, 117.690933228, 58.6685523987, 34.8992042542, 22.0974369049, 20.6186923981, 19.508518219, 13.6568841934, 22.4101390839, 11.9869794846],
        "dvar2": [6645.52539062, 733.837158203, 1274.70715332, 182.660812378, 319.982421875, 149.884765625, 103.538078308, 68.7560119629, 54.9438400269, 49.8125190735, 27.9398136139, 54.9535140991, 29.337059021],
        "max": [-688.040588379, 206.978607178, 60.0566749573, 56.0447311401, 20.8434295654, 37.4574737549, 12.108127594, 5.12130737305, 17.162525177, 11.4285373688, 19.8585853577, 23.1495571136, 6.9328918457],
        "mean": [-817.745605469, 164.948394775, -40.7593574524, 12.6434230804, -14.9700489044, -3.72985768318, -9.06300067902, -9.85160636902, -2.3477499485, -6.31675052643, 1.36163413525, 4.28385448456, -5.42378759384],
        "median": [-797.698181152, 171.153961182, -51.4671363831, 10.3040046692, -13.0252494812, -5.51221466064, -10.0090713501, -11.2457199097, -2.54504394531, -6.93350219727, 1.26655960083, 3.36598205566, -5.77099990845],
        "min": [-1049.96972656, 87.0223999023, -94.7363510132, -18.7412223816, -45.1207122803, -26.449672699, -41.3831596375, -25.9197921753, -18.2010269165, -26.2962875366, -12.2131786346, -16.6602401733, -15.3719902039],
        "var": [6292.52294922, 674.96081543, 1316.26184082, 255.541091919, 273.153442383, 146.652984619, 89.9410018921, 46.4804191589, 43.962474823, 55.9367256165, 38.361000061, 77.959526062, 25.6715660095],
        "cov": [[6331.36572266, 181.092971802, -2790.56030273, 231.936172485, -1034.14221191, 25.4673614502, -459.58770752, -65.0965805054, -53.0241966248, -118.321327209, 80.4092025757, 172.28213501, -123.83013916], [181.092971802, 679.127197266, -51.5402908325, -286.272644043, -54.2996902466, -249.230545044, 54.334690094, -86.8823394775, 55.2412757874, -106.025283813, 3.46190881729, 84.4958877563, -15.5192584991], [-2790.56030273, -51.5402908325, 1324.38684082, -101.140808105, 442.701202393, 5.132604599, 195.206787109, 43.6018409729, 14.9352169037, 61.4264450073, -43.1417770386, -73.4795532227, 55.4794197083], [231.936172485, -286.272644043, -101.140808105, 257.118499756, 39.6444969177, 108.600563049, -40.9893684387, 7.65533876419, -43.7487297058, 14.7548341751, -11.6359996796, -62.0994529724, -9.7704706192], [-1034.14221191, -54.2996902466, 442.701202393, 39.6444969177, 274.839569092, 27.1613311768, 69.0644073486, -1.10020208359, -29.8320140839, 17.8344078064, -27.5578517914, -69.0371322632, 10.7084054947], [25.4673614502, -249.230545044, 5.132604599, 108.600563049, 27.1613311768, 147.558258057, -8.34265422821, 47.627117157, -30.9519710541, 38.067565918, -10.2219314575, -52.1270675659, 2.32269072533], [-459.58770752, 54.334690094, 195.206787109, -40.9893684387, 69.0644073486, -8.34265422821, 90.4961929321, 12.8375167847, 11.6628427505, -14.1571779251, -18.9413433075, -13.4550294876, 5.55724573135], [-65.0965805054, -86.8823394775, 43.6018409729, 7.65533876419, -1.10020208359, 47.627117157, 12.8375167847, 46.7673377991, 1.56572628021, 23.0011024475, -1.72314608097, -7.36803197861, 9.61232757568], [-53.0241966248, 55.2412757874, 14.9352169037, -43.7487297058, -29.8320140839, -30.9519710541, 11.6628427505, 1.56572628021, 44.2338485718, -5.406894207, 13.3760213852, 24.7505340576, 4.22219991684], [-118.321327209, -106.025283813, 61.4264450073, 14.7548341751, 17.8344078064, 38.067565918, -14.1571779251, 23.0011024475, -5.406894207, 56.2820167542, 14.5993528366, -8.99551105499, 8.93025112152], [80.4092025757, 3.46190881729, -43.1417770386, -11.6359996796, -27.5578517914, -10.2219314575, -18.9413433075, -1.72314608097, 13.3760213852, 14.5993528366, 38.5977973938, 26.7682571411, 2.01593637466], [172.28213501, 84.4958877563, -73.4795532227, -62.0994529724, -69.0371322632, -52.1270675659, -13.4550294876, -7.36803197861, 24.7505340576, -8.99551105499, 26.7682571411, 78.4407577515, 2.97812128067], [-123.83013916, -15.5192584991, 55.4794197083, -9.7704706192, 10.7084054947, 2.32269072533, 5.55724573135, 9.61232757568, 4.22219991684, 8.93025112152, 2.01593637466, 2.97812128067, 25.8300323486]],
        "icov": [[0.197977423668, -0.280624598265, 0.271622776985, -0.254564583302, 0.265104264021, -0.246216714382, 0.236966118217, -0.222614809871, 0.194842070341, -0.157796144485, 0.142440468073, -0.121045440435, 0.0704466030002], [-0.280624598265, 0.405919998884, -0.383829236031, 0.367308646441, -0.377283006907, 0.355941414833, -0.338214665651, 0.318548053503, -0.275820344687, 0.230524852872, -0.20368988812, 0.173421472311, -0.0981730446219], [0.271622776985, -0.383829236031, 0.375650316477, -0.347395867109, 0.35935986042, -0.336563527584, 0.322688400745, -0.305586576462, 0.264869332314, -0.218535855412, 0.197277694941, -0.166545644403, 0.0949477553368], [-0.254564583302, 0.367308646441, -0.347395867109, 0.340327054262, -0.344531357288, 0.316678166389, -0.303352952003, 0.290404647589, -0.250080049038, 0.210346087813, -0.185221463442, 0.159529969096, -0.0890442430973], [0.265104264021, -0.377283006907, 0.35935986042, -0.344531357288, 0.368743687868, -0.330416053534, 0.313510477543, -0.292732089758, 0.268380582333, -0.213165774941, 0.187892898917, -0.157538086176, 0.0937152355909], [-0.246216714382, 0.355941414833, -0.336563527584, 0.316678166389, -0.330416053534, 0.333607077599, -0.29625582695, 0.260405987501, -0.235532402992, 0.198312580585, -0.180369570851, 0.159133568406, -0.0843536928296], [0.236966118217, -0.338214665651, 0.322688400745, -0.303352952003, 0.313510477543, -0.29625582695, 0.30992847681, -0.279361993074, 0.226940482855, -0.178411513567, 0.174307972193, -0.142867684364, 0.086383163929], [-0.222614809871, 0.318548053503, -0.305586576462, 0.290404647589, -0.292732089758, 0.260405987501, -0.279361993074, 0.305396139622, -0.225341171026, 0.163792222738, -0.152310729027, 0.130835697055, -0.0882203802466], [0.194842070341, -0.275820344687, 0.264869332314, -0.250080049038, 0.268380582333, -0.235532402992, 0.226940482855, -0.225341171026, 0.23207333684, -0.15006044507, 0.125398159027, -0.119042694569, 0.0676953494549], [-0.157796144485, 0.230524852872, -0.218535855412, 0.210346087813, -0.213165774941, 0.198312580585, -0.178411513567, 0.163792222738, -0.15006044507, 0.171624749899, -0.134952545166, 0.104283548892, -0.0573518946767], [0.142440468073, -0.20368988812, 0.197277694941, -0.185221463442, 0.187892898917, -0.180369570851, 0.174307972193, -0.152310729027, 0.125398159027, -0.134952545166, 0.154114097357, -0.10371516645, 0.0502883158624], [-0.121045440435, 0.173421472311, -0.166545644403, 0.159529969096, -0.157538086176, 0.159133568406, -0.142867684364, 0.130835697055, -0.119042694569, 0.104283548892, -0.10371516645, 0.103600874543, -0.045435205102], [0.0704466030002, -0.0981730446219, 0.0949477553368, -0.0890442430973, 0.0937152355909, -0.0843536928296, 0.086383163929, -0.0882203802466, 0.0676953494549, -0.0573518946767, 0.0502883158624, -0.045435205102, 0.0728920474648]]
    }
}

}