{
"metadata": {
    "version": {
        "essentia": "2.0.1",
        "extractor": "archive-music 1.0 mod ismir14"
    },
    "audio_properties": {
        "analysis_sample_rate": 44100,
        "bitrate": 32,
        "channels": 2,
        "equal_loudness": 0,
        "length": 30.0408172607,
        "replay_gain": -8.83718299866,
        "downmix": "mix"
    },
    "tags": {
        "track": 7,
        "year": 0,
        "album": "The Cool Jazz Collection",
        "artist": "Astrud Gilberto",
        "comment": "",
        "genre": "Jazz",
        "title": "Girl From Ipanema"
    }
},
"rhythm": {
    "bpm": 130.226318359,
    "bpm_histogram_first_peak": 129,
    "bpm_histogram_first_peak_spread": 0.508474588394,
    "bpm_histogram_first_peak_weight": 0.460317462683,
    "bpm_histogram_second_peak": 123,
    "bpm_histogram_second_peak_spread": 0,
    "bpm_histogram_second_peak_weight": 0.0317460335791
},
"tonal": {
    "tuning_frequency": {
        "dmean": 0.0729018226266,
        "dmean2": 0.105447493494,
        "dvar": 0.597101211548,
        "dvar2": 1.07256424427,
        "max": 451.326080322,
        "mean": 437.247680664,
        "median": 438.984558105,
        "min": 433.691802979,
        "var": 4.13647222519
    },
    "hpcp": {
        "dmean": [0.0798697993159, 0.138126522303, 0.0806926488876, 0.141567572951, 0.105550669134, 0.0657302364707, 0.133239373565, 0.0513021610677, 0.12720169127, 0.0927353352308, 0.11701143533, 0.109827905893],
        "dmean2": [0.150893598795, 0.237402364612, 0.152426958084, 0.2559235394, 0.189648851752, 0.118488006294, 0.227873712778, 0.097048163414, 0.227936848998, 0.171458140016, 0.213139057159, 0.198085471988],
        "dvar": [0.0359181016684, 0.0661979392171, 0.0504461824894, 0.072528488934, 0.0522225983441, 0.0343739427626, 0.0629465579987, 0.0286723319441, 0.0648579373956, 0.056431081146, 0.0605496503413, 0.0511632077396],
        "dvar2": [0.103229679167, 0.140832260251, 0.140926271677, 0.156050860882, 0.123459368944, 0.0924466699362, 0.138310074806, 0.0795061439276, 0.148573502898, 0.138343498111, 0.152565523982, 0.127179071307],
        "max": [1, 1, 1, 1, 1, 1, 1, 1, 1, 1, 1, 1],
        "mean": [0.051273163408, 0.255720555782, 0.0527056455612, 0.271550416946, 0.127040863037, 0.0706569924951, 0.237519934773, 0.0635731518269, 0.168533593416, 0.0780701190233, 0.107622995973, 0.138701334596],
        "median": [0.00174263573717, 0.0382123626769, 0.000999442767352, 0.0184045135975, 0.00654989201576, 0.00270917755552, 0.037493430078, 0.00129046244547, 0.0136047117412, 0.00136162072886, 0.0077247004956, 0.00679147802293],
        "min": [2.58931913777e-06, 4.94016785524e-06, 2.05129390451e-06, 5.7253741943e-06, 1.02107560451e-06, 3.93853133573e-06, 4.41156089437e-06, 1.90387606835e-06, 1.04010177893e-06, 1.74295610122e-06, 1.21265156849e-06, 4.98272174809e-06],
        "var": [0.0243088882416, 0.141938701272, 0.0342336632311, 0.163083389401, 0.0758008286357, 0.0465386658907, 0.134816452861, 0.0458309128881, 0.100724324584, 0.0545003451407, 0.0606104359031, 0.0808722674847]
    }
},
"lowlevel": {
    "melbands": {
        "dmean": [0.000257963431068, 0.000727496459149, 0.000853912904859, 0.000452987384051, 0.000257268606219, 9.60012112046e-05, 5.77208338655e-05, 7.02263059793e-05, 2.50979337579e-05, 1.6586323909e-05, 1.6245236111e-05, 1.58305774676e-05, 3.47017999047e-06, 2.39989708462e-06, 3.59058458343e-06, 2.33572859543e-06, 1.98726957024e-06, 7.91768513864e-07, 8.68882693794e-07, 7.90059232258e-07, 4.42167703341e-07, 5.8065995745e-07, 7.09998744242e-07, 6.10643894561e-07, 2.48339830478e-07, 1.4686118277e-07, 2.25872980764e-07, 3.13776610028e-07, 2.89774419571e-07, 3.35525299988e-07, 5.77169373628e-07, 1.03634920379e-06, 1.02303238236e-06, 7.57986470035e-07, 3.14470241847e-07, 1.97634733468e-07, 1.56067955004e-07, 1.24837399085e-07, 1.68037331605e-07, 2.42747006496e-07],
        "dmean2": [0.000360056059435, 0.00105277216062, 0.00129683956038, 0.000655070820358, 0.000381948979339, 0.000144336052472, 8.86704074219e-05, 0.000110922213935, 3.55435586243e-05, 2.41043326241e-05, 2.28170447372e-05, 1.86124161701e-05, 4.96168240716e-06, 3.49118454324e-06, 4.64879531137e-06, 3.32141212311e-06, 2.87806778942e-06, 1.17522529308e-06, 1.40773011026e-06, 1.15219040708e-06, 7.09448784164e-07, 8.86794168764e-07, 1.09785401037e-06, 9.65313461165e-07, 3.78704527293e-07, 2.07905841876e-07, 3.27485651042e-07, 4.89570197715e-07, 4.62086916286e-07, 5.36136553819e-07, 8.59078056692e-07, 1.59620105933e-06, 1.58935426953e-06, 1.29064562771e-06, 4.40472064156e-07, 2.86389024495e-07, 2.43373051489e-07, 1.81055270332e-07, 2.43850109882e-07, 3.43362046351e-07],
        "dvar": [3.78133847789e-07, 1.21526920793e-06, 1.30379089569e-06, 5.91447360421e-07, 2.14054821868e-07, 3.69526311772e-08, 3.57757237168e-08, 4.64333318462e-08, 4.32519220439e-09, 3.97217547743e-09, 2.0905754905e-09, 8.00901833742e-09, 7.16518303023e-11, 3.04933162054e-11, 1.66009331282e-10, 7.4877215539e-11, 9.50848150216e-11, 5.44774858904e-12, 1.97425895077e-11, 1.27643746267e-11, 2.44493357851e-12, 1.66736448867e-12, 3.70722679985e-12, 3.48916945683e-12, 6.08584092409e-13, 1.2416378147e-13, 4.7981703246e-13, 1.50715160838e-12, 8.85818870512e-13, 1.81645703253e-12, 6.80685239077e-12, 2.5857913033e-11, 2.09163068809e-11, 3.1374864512e-11, 1.28499392116e-12, 3.19385929379e-13, 2.06892147728e-13, 1.62606256585e-13, 4.34384461994e-13, 9.19322343945e-13],
        "dvar2": [7.23082962395e-07, 2.24831524065e-06, 2.51418464359e-06, 1.14958766062e-06, 4.68173993795e-07, 7.90713201582e-08, 7.49314139625e-08, 1.05301545261e-07, 7.12504499845e-09, 7.21681914229e-09, 4.27670121539e-09, 1.0971575648e-08, 1.31540112136e-10, 6.3430628805e-11, 2.1658139171e-10, 1.40259567849e-10, 2.10327422145e-10, 1.31751736257e-11, 5.35166216897e-11, 2.82444536509e-11, 6.50991543658e-12, 3.74726855448e-12, 8.25046021086e-12, 8.17753590537e-12, 1.44754607606e-12, 2.36475796627e-13, 9.09305996385e-13, 2.98886436434e-12, 2.15458120095e-12, 3.63478192857e-12, 1.53044781709e-11, 5.61167397273e-11, 4.71724534434e-11, 8.85077219848e-11, 2.24301892164e-12, 5.7320619605e-13, 3.68647224292e-13, 2.60098718822e-13, 8.41118624403e-13, 1.56391891624e-12],
        "max": [0.00922498200089, 0.0119314659387, 0.0119623001665, 0.019984414801, 0.00526922289282, 0.00243209721521, 0.00219751033001, 0.00193235150073, 0.00100401509553, 0.000961733749136, 0.00050583150005, 0.00249637756497, 0.000112364708912, 7.95221712906e-05, 0.000323166954331, 0.000142738208524, 0.00017888090224, 3.57759345206e-05, 7.51195766497e-05, 5.55621300009e-05, 2.56449147855e-05, 1.35886875796e-05, 1.81403211172e-05, 2.2870121029e-05, 1.36597918754e-05, 5.60520220461e-06, 9.35196567298e-06, 2.04854968615e-05, 1.10831333586e-05, 1.714388236e-05, 3.75588278985e-05, 6.78359137964e-05, 5.56225168111e-05, 0.000112907619041, 2.00601461984e-05, 6.04028264206e-06, 4.63709466203e-06, 6.439146091e-06, 7.83226550993e-06, 1.29421596284e-05],
        "mean": [0.000462404364953, 0.00156620587222, 0.00200916430913, 0.000765134755056, 0.00057085219305, 0.000167594713275, 6.87661886332e-05, 8.17073014332e-05, 3.31200208166e-05, 2.22994585783e-05, 2.07993161894e-05, 2.18336899707e-05, 4.65700759378e-06, 3.1213139664e-06, 5.01838894706e-06, 2.95031350106e-06, 2.12400800592e-06, 8.33007391066e-07, 8.41529072204e-07, 8.16106421553e-07, 4.35625821638e-07, 6.57949442484e-07, 7.84187648151e-07, 6.15215469679e-07, 2.61831331727e-07, 1.78294371267e-07, 2.49310801337e-07, 3.2310705933e-07, 2.83749898244e-07, 3.4376870417e-07, 5.92056437654e-07, 1.02459330265e-06, 9.9985243196e-07, 7.32243393031e-07, 3.48004448369e-07, 2.25998903147e-07, 1.87904518612e-07, 1.46284847347e-07, 1.83419146538e-07, 2.65598828264e-07],
        "median": [0.000118642186862, 0.000801697839051, 0.000805566320196, 0.000351823604433, 0.000184707401786, 5.95361416345e-05, 1.7202068193e-05, 1.48283252202e-05, 4.84572910864e-06, 2.02058549803e-06, 2.05082437787e-06, 2.00794056582e-06, 9.11702045414e-07, 1.02385502032e-06, 8.34011643747e-07, 2.98559172052e-07, 2.17124380697e-07, 1.45911258187e-07, 7.36278309432e-08, 6.18304980549e-08, 6.41488995257e-08, 1.19015041378e-07, 1.16025461239e-07, 7.0042588618e-08, 4.02286275403e-08, 3.46717925481e-08, 5.05852568722e-08, 5.19161034163e-08, 3.02771425709e-08, 3.81254778858e-08, 3.77632218829e-08, 2.58651340346e-08, 3.30969101014e-08, 2.50764635723e-08, 2.37195614261e-08, 2.30135341894e-08, 2.24703740059e-08, 1.78170331822e-08, 1.88055935268e-08, 1.8899738663e-08],
        "min": [4.07657154256e-07, 5.84055499075e-07, 5.85142913678e-07, 2.86102249447e-07, 6.57835926177e-07, 3.53330847247e-07, 1.0817590379e-07, 8.43744984991e-08, 2.71400537599e-08, 1.38744153944e-08, 1.08667919108e-08, 1.13924416567e-08, 7.41603267684e-09, 5.39759081875e-09, 2.18722862044e-09, 3.32027250138e-09, 1.88451165783e-09, 1.24264432078e-09, 9.54805456921e-10, 1.32836885935e-09, 4.93795171419e-10, 6.823568377e-10, 6.48664233438e-10, 4.87718976316e-10, 4.82801132407e-10, 4.13482414974e-10, 6.28027962968e-10, 7.66330388036e-10, 6.34093610952e-10, 6.66596888799e-10, 5.94642057816e-10, 6.63917032462e-10, 5.75165581829e-10, 3.65639130084e-10, 4.06939704156e-10, 4.35022906586e-10, 4.57408860788e-10, 3.90204424328e-10, 4.5275511118e-10, 2.91183022139e-10],
        "var": [1.14427439257e-06, 3.49959873347e-06, 7.06388118488e-06, 2.16650323637e-06, 7.87369117461e-07, 7.97318051582e-08, 4.6400849385e-08, 5.36003668117e-08, 8.5539531014e-09, 6.762507887e-09, 3.33808558572e-09, 1.89305779941e-08, 1.46362005848e-10, 4.89235145451e-11, 4.24472124116e-10, 1.17512971576e-10, 1.08685282996e-10, 5.65290913038e-12, 1.6848133999e-11, 1.47101514997e-11, 1.92890560295e-12, 2.14579612759e-12, 4.24193232623e-12, 3.50384435008e-12, 6.13796719614e-13, 1.90549453386e-13, 6.45281842283e-13, 1.77406190866e-12, 8.2931936058e-13, 2.06405118691e-12, 7.52336647841e-12, 2.80130380698e-11, 2.31176119914e-11, 2.65544652239e-11, 2.00797343163e-12, 4.69505185598e-13, 3.11947218274e-13, 2.58817679745e-13, 5.83472777472e-13, 1.3667557754e-12]
    },
    "mfcc": {
        "dmean": [41.0668907166, 28.4459342957, 14.3851127625, 10.7954559326, 8.0925321579, 9.72996425629, 7.7526473999, 6.75558996201, 6.91668653488, 7.06805753708, 5.92171049118, 6.08313941956, 5.42046117783],
        "dmean2": [52.7653541565, 38.9931564331, 20.2052593231, 14.9939670563, 12.0351657867, 13.9519882202, 11.7385053635, 10.1228904724, 10.7038850784, 10.0144424438, 8.936668396, 9.15169334412, 8.1761713028],
        "dvar": [1354.38964844, 778.481079102, 189.422424316, 93.1433334351, 50.4879722595, 93.8864135742, 43.9445266724, 37.1322784424, 36.4730949402, 33.2141723633, 23.357252121, 24.4456062317, 20.728302002],
        "dvar2": [2384.6003418, 1357.6328125, 339.907714844, 173.667816162, 103.530960083, 158.73034668, 89.8833465576, 79.5241241455, 77.7291259766, 63.2139968872, 46.2687416077, 55.2008323669, 48.8413925171],
        "max": [-627.799865723, 245.525024414, 135.961502075, 116.46950531, 47.406414032, 60.1912574768, 40.3301849365, 36.7607879639, 27.5817394257, 25.9780654907, 29.0616188049, 36.6467056274, 16.5527515411],
        "mean": [-803.882995605, 157.029144287, 62.5356140137, 30.5845355988, 8.7505941391, 8.13918495178, 3.19581198692, 2.7573826313, -5.59757566452, -10.9709739685, -4.76373958588, -0.990083575249, -5.99855089188],
        "median": [-793.424194336, 165.466842651, 62.192817688, 29.2154502869, 10.1179256439, 10.0561037064, 4.4380607605, 2.185587883, -5.01056480408, -10.3402805328, -4.50001621246, -1.41729068756, -4.89293193817],
        "min": [-1015.52288818, -42.0629959106, -20.3955001831, -31.7148246765, -34.152305603, -50.7248878479, -45.0316963196, -32.8429489136, -38.3897361755, -47.0801200867, -43.5490036011, -34.5375061035, -34.6102561951],
        "var": [5129.34960938, 2288.39941406, 729.907836914, 502.542816162, 200.663284302, 302.985107422, 190.65461731, 135.466461182, 107.447143555, 189.515884399, 133.408004761, 121.297149658, 83.6188583374],
        "cov": [[5137.27734375, -667.276367188, -487.279022217, -87.2010269165, -115.289459229, -180.779602051, -249.069213867, 33.5332527161, -12.6420907974, 124.252418518, 87.0598678589, -31.3218154907, -159.337142944], [-667.276367188, 2291.9362793, -422.738220215, -297.962310791, 92.9947433472, -244.40322876, 50.8252868652, 119.466156006, -114.647361755, -148.287185669, -33.0147171021, 25.0439567566, -91.3515396118], [-487.279022217, -422.738220215, 731.036010742, 125.391387939, -91.7805862427, 207.306274414, 36.8306655884, -58.1770324707, 24.3402366638, -75.7190246582, 25.9894676208, -27.5336284637, 74.8697662354], [-87.2010269165, -297.962310791, 125.391387939, 503.319549561, 125.400802612, -110.227745056, -54.2471847534, 22.7156944275, 2.80477380753, -96.6379776001, -1.96575403214, -44.87525177, 52.1371002197], [-115.289459229, 92.9947433472, -91.7805862427, 125.400802612, 200.973434448, -39.6511802673, -17.9255275726, 12.0167646408, 8.42936706543, -11.2073402405, -26.300901413, 23.5983829498, -5.69501399994], [-180.779602051, -244.40322876, 207.306274414, -110.227745056, -39.6511802673, 303.453399658, 69.5509109497, -22.4822216034, 47.1028251648, 62.3657684326, 44.2905158997, 20.1833438873, 31.7593421936], [-249.069213867, 50.8252868652, 36.8306655884, -54.2471847534, -17.9255275726, 69.5509109497, 190.949279785, 37.5143966675, 3.1900229454, 24.2024612427, 9.42024898529, 26.9031162262, 12.9295845032], [33.5332527161, 119.466156006, -58.1770324707, 22.7156944275, 12.0167646408, -22.4822216034, 37.5143966675, 135.675842285, 21.6938800812, -14.5709075928, 25.4278583527, -8.08027172089, -2.23091435432], [-12.6420907974, -114.647361755, 24.3402366638, 2.80477380753, 8.42936706543, 47.1028251648, 3.1900229454, 21.6938800812, 107.613212585, 62.0009536743, 15.6702718735, -17.1320743561, 10.2517414093], [124.252418518, -148.287185669, -75.7190246582, -96.6379776001, -11.2073402405, 62.3657684326, 24.2024612427, -14.5709075928, 62.0009536743, 189.808807373, 22.8614406586, 14.5606641769, -13.010389328], [87.0598678589, -33.0147171021, 25.9894676208, -1.96575403214, -26.300901413, 44.2905158997, 9.42024898529, 25.4278583527, 15.6702718735, 22.8614406586, 133.614196777, -10.9899692535, 14.9897089005], [-31.3218154907, 25.0439567566, -27.5336284637, -44.87525177, 23.5983829498, 20.1833438873, 26.9031162262, -8.08027172089, -17.1320743561, 14.5606641769, -10.9899692535, 121.48462677, 1.86834990978], [-159.337142944, -91.3515396118, 74.8697662354, 52.1371002197, -5.69501399994, 31.7593421936, 12.9295845032, -2.23091435432, 10.2517414093, -13.010389328, 14.9897089005, 1.86834990978, 83.7481002808]],
        "icov": [[0.000271555094514, 0.000142214703374, 0.000178709989996, 4.91996688652e-05, 0.00017859149375, 8.76339763636e-05, 0.000304313376546, -0.000184073651326, 0.000113610672997, -1.99927144422e-05, -0.000217506079935, -3.74010851374e-05, 0.000431164866313], [0.000142214703374, 0.00082953821402, 0.000146503705764, 0.000940044177696, -0.000694667571224, 0.000700342818163, -0.000137778435601, -0.000539174594451, 0.000331524846843, 0.000735211826395, -0.000340404367307, 0.000182813542779, 0.000283797329757], [0.000178709989996, 0.000146503705764, 0.00289976689965, -0.00123786937911, 0.00176524522249, -0.00204164348543, -0.000245922070462, 0.00119064038154, -0.000915117387194, 0.00172692595515, -3.84425256925e-05, 5.81971426072e-06, 2.91069991363e-05], [4.91996688652e-05, 0.000940044177696, -0.00123786937911, 0.0050562559627, -0.00376178370789, 0.00279037025757, 0.000155536399689, -0.00114901561756, 0.000230816905969, 0.00132050539833, -0.000857650884427, 0.00138966098893, -0.00199133181013], [0.00017859149375, -0.000694667571224, 0.00176524522249, -0.00376178370789, 0.00877094082534, -0.00189970224164, 0.000612703210209, 0.000587135786191, -0.0017037721118, -7.28123995941e-05, 0.00134909816552, -0.00241901399568, 0.00159347336739], [8.76339763636e-05, 0.000700342818163, -0.00204164348543, 0.00279037025757, -0.00189970224164, 0.00710321869701, -0.00136807851959, 0.000136339498567, -0.00108924345113, -0.00066385982791, -0.00174520537257, -0.000265676062554, -0.00124083040282], [0.000304313376546, -0.000137778435601, -0.000245922070462, 0.000155536399689, 0.000612703210209, -0.00136807851959, 0.00723434751853, -0.00294215860777, 0.00153798924293, -0.00150174286682, 0.000488904595841, -0.0011310732225, -0.000566911301576], [-0.000184073651326, -0.000539174594451, 0.00119064038154, -0.00114901561756, 0.000587135786191, 0.000136339498567, -0.00294215860777, 0.010697228834, -0.00416680984199, 0.00242152856663, -0.00201700697653, 6.45927211735e-05, 0.000685795967001], [0.000113610672997, 0.000331524846843, -0.000915117387194, 0.000230816905969, -0.0017037721118, -0.00108924345113, 0.00153798924293, -0.00416680984199, 0.0149788381532, -0.00558531843126, 0.000495809596032, 0.00258495705202, -0.00164672976825], [-1.99927144422e-05, 0.000735211826395, 0.00172692595515, 0.00132050539833, -7.28123995941e-05, -0.00066385982791, -0.00150174286682, 0.00242152856663, -0.00558531843126, 0.00998297799379, -0.00155560416169, -0.000807018834166, 0.00147216499317], [-0.000217506079935, -0.000340404367307, -3.84425256925e-05, -0.000857650884427, 0.00134909816552, -0.00174520537257, 0.000488904595841, -0.00201700697653, 0.000495809596032, -0.00155560416169, 0.00915968883783, 0.000582819571719, -0.00154729431961], [-3.74010851374e-05, 0.000182813542779, 5.81971426072e-06, 0.00138966098893, -0.00241901399568, -0.000265676062554, -0.0011310732225, 6.45927211735e-05, 0.00258495705202, -0.000807018834166, 0.000582819571719, 0.0100031187758, -0.00139875977766], [0.000431164866313, 0.000283797329757, 2.91069991363e-05, -0.00199133181013, 0.00159347336739, -0.00124083040282, -0.000566911301576, 0.000685795967001, -0.00164672976825, 0.00147216499317, -0.00154729431961, -0.00139875977766, 0.0157072674483]]
    }
}

}