{
"metadata": {
    "version": {
        "essentia": "2.0.1",
        "extractor": "archive-music 1.0 mod ismir14"
    },
    "audio_properties": {
        "analysis_sample_rate": 44100,
        "bitrate": 32,
        "channels": 2,
        "equal_loudness": 0,
        "length": 30.0408172607,
        "replay_gain": -12.2262630463,
        "downmix": "mix"
    },
    "tags": {
        "track": 6,
        "year": 0,
        "album": "Swing Classics (Jazz & Tzaz 70)",
        "artist": "Benny Carter",
        "comment": "",
        "genre": "Jazz",
        "title": "Babalu"
    }
},
"rhythm": {
    "bpm": 92.4430923462,
    "bpm_histogram_first_peak": 92,
    "bpm_histogram_first_peak_spread": 0.636363625526,
    "bpm_histogram_first_peak_weight": 0.355555564165,
    "bpm_histogram_second_peak": 99,
    "bpm_histogram_second_peak_spread": 0,
    "bpm_histogram_second_peak_weight": 0.0222222227603
},
"tonal": {
    "tuning_frequency": {
        "dmean": 0.073472507298,
        "dmean2": 0.115126617253,
        "dvar": 1.18419277668,
        "dvar2": 1.76816773415,
        "max": 456.04309082,
        "mean": 441.961212158,
        "median": 441.017791748,
        "min": 432.191345215,
        "var": 23.5755348206
    },
    "hpcp": {
        "dmean": [0.0885294750333, 0.132278636098, 0.0710715353489, 0.191584035754, 0.132082238793, 0.110350713134, 0.145713269711, 0.0636502504349, 0.19791470468, 0.103799022734, 0.190499201417, 0.199011191726],
        "dmean2": [0.159604683518, 0.225556313992, 0.128984317183, 0.333156585693, 0.223205283284, 0.188125982881, 0.24039940536, 0.110309422016, 0.334916114807, 0.183055624366, 0.331600129604, 0.336104214191],
        "dvar": [0.0308880582452, 0.0424903929234, 0.0297430679202, 0.0662267208099, 0.0497741103172, 0.0288987401873, 0.0443875305355, 0.0190851185471, 0.0582582168281, 0.0406665727496, 0.0570126138628, 0.062288492918],
        "dvar2": [0.0785130038857, 0.108225181699, 0.0752236321568, 0.146047264338, 0.111860774457, 0.0709935948253, 0.0924087241292, 0.0503754615784, 0.141186982393, 0.107865251601, 0.14416000247, 0.13851839304],
        "max": [1, 1, 1, 1, 1, 1, 1, 1, 1, 1, 1, 1],
        "mean": [0.0840594619513, 0.225221320987, 0.0647821873426, 0.432900220156, 0.222337439656, 0.121740020812, 0.308987855911, 0.0584073588252, 0.373896658421, 0.0827547386289, 0.25182184577, 0.343670070171],
        "median": [0.0158232860267, 0.0704664587975, 0.00870559737086, 0.28063249588, 0.0383632443845, 0.0459960699081, 0.132970005274, 0.01576558128, 0.248050481081, 0.0189128033817, 0.133758187294, 0.21675080061],
        "min": [0.000224681818509, 4.15753529523e-05, 1.9480679839e-05, 0.000230186153203, 5.94710872974e-05, 0.000350719143171, 0.000264658941887, 6.90825618221e-05, 0.00038665230386, 8.21142384666e-05, 6.25151733402e-05, 0.000231076832279],
        "var": [0.0311492308974, 0.0851822271943, 0.031105523929, 0.15719628334, 0.114179454744, 0.0387177988887, 0.129903882742, 0.0169433634728, 0.122014567256, 0.030816860497, 0.0869640111923, 0.125162407756]
    }
},
"lowlevel": {
    "melbands": {
        "dmean": [8.62443903316e-06, 3.95510069211e-05, 2.38460979745e-05, 5.23616909049e-05, 5.20316825714e-05, 8.09414632386e-05, 6.30323047517e-05, 0.00013896949531, 9.03575928533e-05, 6.69089859002e-05, 4.1451137804e-05, 3.4910022805e-05, 3.06200199702e-05, 2.45277515205e-05, 5.02558978042e-05, 3.98196352762e-05, 2.44350521825e-05, 1.62419200933e-05, 1.41029977385e-05, 1.56437054102e-05, 5.00514806845e-06, 6.97357927493e-06, 2.98684426525e-06, 2.72420902547e-06, 3.72970612261e-06, 1.1737697605e-06, 6.54866028071e-07, 8.10432709386e-07, 7.65924085044e-07, 7.76144702286e-07, 3.68259350125e-07, 1.96032701183e-07, 1.26963811908e-07, 5.19186400538e-08, 2.30027925596e-08, 1.82094641588e-08, 5.02579666772e-09, 9.18135234507e-10, 3.80508485831e-10, 1.93944846294e-10],
        "dmean2": [1.39133380799e-05, 6.65272746119e-05, 3.62116079486e-05, 7.92825449025e-05, 7.63291027397e-05, 0.00012389512267, 9.92346322164e-05, 0.000217051187064, 0.000135820126161, 0.000101643818198, 6.38770943624e-05, 5.33707861905e-05, 4.63362921437e-05, 3.70891502826e-05, 7.83786526881e-05, 6.40143553028e-05, 3.70961315639e-05, 2.36145533563e-05, 2.05495089176e-05, 2.48000742431e-05, 7.73135343479e-06, 1.07715468403e-05, 4.4959178922e-06, 3.96684345105e-06, 5.73662509851e-06, 1.76939840912e-06, 9.52716050051e-07, 1.24838254578e-06, 1.12915734007e-06, 1.15664124678e-06, 5.32829119493e-07, 2.73379242799e-07, 1.83212790716e-07, 7.44196171354e-08, 3.28010258954e-08, 2.57099372902e-08, 7.56693285808e-09, 1.44465228669e-09, 5.94543136945e-10, 3.03811337199e-10],
        "dvar": [1.01161856669e-10, 2.24594387532e-09, 1.48602752326e-09, 7.01352886878e-09, 4.85310858167e-09, 1.86322282048e-08, 8.28751289816e-09, 9.22352754174e-08, 2.49809879449e-08, 1.21627179439e-08, 6.19916740163e-09, 5.053450991e-09, 3.63173580098e-09, 1.87045046118e-09, 9.00168206641e-09, 1.02152695192e-08, 3.29925176068e-09, 1.31172195328e-09, 1.11808018399e-09, 1.18963083828e-09, 6.60909937888e-11, 3.15499709691e-10, 2.47525801939e-11, 2.37650003843e-11, 6.03624580875e-11, 6.6975825927e-12, 1.8773585117e-12, 4.61765911966e-12, 2.30646903486e-12, 2.08393632212e-12, 5.91249163344e-13, 2.05995959765e-13, 1.1764979995e-13, 2.0174432532e-14, 2.95873373036e-15, 1.69196366461e-15, 1.0261628132e-16, 5.82426389259e-18, 9.10693490979e-19, 1.78449521778e-19],
        "dvar2": [2.2679742806e-10, 5.25942134288e-09, 3.59383234283e-09, 1.66609943619e-08, 9.90385373711e-09, 4.05254603209e-08, 1.79206196549e-08, 1.85098826933e-07, 4.96137353423e-08, 2.43012276968e-08, 1.38552040951e-08, 1.17529683763e-08, 7.7315887026e-09, 3.62707086587e-09, 1.99721483796e-08, 2.62550088337e-08, 7.73598340942e-09, 2.62137800355e-09, 2.5667608039e-09, 2.54762411167e-09, 1.45792475315e-10, 7.42131245346e-10, 5.27345840606e-11, 4.87834980745e-11, 1.2455769749e-10, 1.26292769645e-11, 3.88801751211e-12, 1.04474432577e-11, 4.51365767679e-12, 3.83201500045e-12, 9.89115798815e-13, 3.4557475154e-13, 2.08693874898e-13, 3.63270577627e-14, 5.50244799811e-15, 2.89761966794e-15, 2.01954478959e-16, 1.33278574571e-17, 2.24640851071e-18, 4.2870708367e-19],
        "max": [9.01599632925e-05, 0.00062999362126, 0.000628914509434, 0.00121837772895, 0.000781733600888, 0.00127040210646, 0.00121371191926, 0.00413502147421, 0.00183341873344, 0.00104104785714, 0.000794835912529, 0.000814439728856, 0.000825137307402, 0.000511740741786, 0.000833609490655, 0.00142430607229, 0.000691288849339, 0.000416823546402, 0.000350607879227, 0.00053237733664, 0.000111038149043, 0.000240672918153, 5.40293804079e-05, 5.91338211962e-05, 7.03237092239e-05, 3.63157887477e-05, 1.43725346788e-05, 2.40429344558e-05, 1.31932556542e-05, 1.39829162435e-05, 8.95907214726e-06, 5.79273773837e-06, 3.53982750312e-06, 1.51647145685e-06, 5.51017933503e-07, 5.0982441735e-07, 8.33794473465e-08, 2.67329980375e-08, 1.04990416361e-08, 3.84428311406e-09],
        "mean": [1.11357549031e-05, 5.34533282917e-05, 3.8653579395e-05, 8.38179257698e-05, 0.000103525831946, 0.000146602251334, 0.00013974957983, 0.000331359391566, 0.000181332536158, 0.000107892214146, 7.13046902092e-05, 5.74908008275e-05, 4.76407476526e-05, 3.59043806384e-05, 7.56399385864e-05, 6.13596348558e-05, 4.44702236564e-05, 2.21728514589e-05, 1.90207119886e-05, 2.46983290708e-05, 7.4708914326e-06, 1.04818645923e-05, 5.24569986737e-06, 4.18877925767e-06, 5.94573066337e-06, 1.93638356905e-06, 1.00552301774e-06, 1.10116502583e-06, 1.15431805625e-06, 1.22753488085e-06, 5.70301153857e-07, 2.72890162023e-07, 1.74939856379e-07, 7.10008052351e-08, 3.19583683961e-08, 2.99906233181e-08, 8.44201775152e-09, 1.28232424679e-09, 4.6809595089e-10, 2.71675404395e-10],
        "median": [6.71238967698e-06, 3.54134754161e-05, 2.57193933066e-05, 5.54196885787e-05, 7.58012465667e-05, 8.60043073772e-05, 5.23985399923e-05, 7.9071323853e-05, 4.95456224598e-05, 3.10740615532e-05, 1.95388965949e-05, 1.22129840747e-05, 1.45097783388e-05, 1.44877685671e-05, 1.68687565747e-05, 1.25339574879e-05, 5.83314249525e-06, 5.78267145102e-06, 2.80845961242e-06, 5.63706680623e-06, 2.90909906653e-06, 3.01486261378e-06, 2.06429308491e-06, 1.63336198966e-06, 1.18453931464e-06, 5.97318091877e-07, 3.0242262028e-07, 1.63447225532e-07, 3.0768455872e-07, 2.63194124273e-07, 9.66569189131e-08, 5.06944033418e-08, 1.75348660036e-08, 5.82271564298e-09, 3.39732619814e-09, 3.2015978757e-09, 1.32674038422e-09, 2.25558349776e-10, 1.15574522175e-10, 8.75842592896e-11],
        "min": [1.38280755735e-08, 2.58603680692e-08, 2.56802650256e-07, 7.78537625479e-08, 2.12941628774e-08, 3.59539455985e-08, 9.77507781386e-08, 5.21003826748e-08, 3.20521778008e-08, 1.23423680165e-08, 7.2761832115e-09, 5.36469979551e-09, 3.91228649477e-09, 3.83062248588e-09, 4.86376938724e-09, 2.84490520031e-09, 4.05888522792e-09, 1.27923138749e-09, 7.1311134775e-10, 6.91370849459e-10, 4.99706664936e-10, 4.98006524907e-10, 5.53984580431e-10, 3.02979918931e-10, 1.46088863229e-10, 1.34058181223e-10, 9.45978850808e-11, 7.83600476173e-11, 8.07361399957e-11, 4.8852952933e-11, 4.12365003255e-11, 4.29473748231e-11, 3.35159816567e-11, 2.2885231904e-11, 1.98778476318e-11, 1.42587079296e-11, 1.10098614253e-11, 4.72434591448e-12, 6.02196374364e-12, 6.36792832007e-12],
        "var": [1.58577553866e-10, 3.23215654241e-09, 1.97275884517e-09, 1.00159649463e-08, 1.15985505644e-08, 3.30284670724e-08, 3.4978722141e-08, 3.36159018843e-07, 8.32511091176e-08, 2.66238409097e-08, 1.33509079348e-08, 9.44506428624e-09, 7.17376558157e-09, 3.49043971504e-09, 1.7696738297e-08, 1.89447728616e-08, 9.44246636436e-09, 2.33411157069e-09, 1.8265169377e-09, 3.09305248081e-09, 1.32865732305e-10, 4.70087690996e-10, 6.55127341265e-11, 4.41166964071e-11, 1.22112070455e-10, 1.85497277261e-11, 3.53319045028e-12, 8.04551043843e-12, 4.42608406523e-12, 4.78013288674e-12, 1.3090562705e-12, 4.17060754421e-13, 2.33971208293e-13, 4.03350042168e-14, 6.12591506926e-15, 4.9129177255e-15, 2.56356850827e-16, 8.84438881735e-18, 1.11989346495e-18, 2.5942033201e-19]
    },
    "mfcc": {
        "dmean": [40.1657714844, 14.5329627991, 16.3289337158, 8.9970664978, 9.7799539566, 7.33380794525, 6.6280670166, 5.90134811401, 5.23777770996, 5.4576215744, 5.0210108757, 5.10820865631, 4.97419786453],
        "dmean2": [47.0915412903, 20.657087326, 22.6088504791, 13.8509988785, 13.4606866837, 11.1862869263, 10.3512001038, 9.64294052124, 8.42014217377, 8.48288726807, 8.10983562469, 8.21208095551, 7.968521595],
        "dvar": [2114.43652344, 208.584869385, 404.365325928, 68.4851913452, 82.6672134399, 35.9380645752, 32.4631080627, 25.4819030762, 20.5276241302, 18.7734012604, 15.995306015, 20.9080371857, 15.3135852814],
        "dvar2": [3325.24682617, 375.666351318, 668.768737793, 142.733947754, 140.806915283, 77.0547714233, 66.8188247681, 59.6246681213, 50.5337638855, 44.2092628479, 38.791267395, 47.0763664246, 37.5644378662],
        "max": [-606.64654541, 234.216918945, 76.7825317383, 69.8090896606, 29.8425483704, 49.5680084229, 19.1266822815, 24.3662376404, 18.3219337463, 18.4968891144, 27.0586204529, 34.2763671875, 24.2775802612],
        "mean": [-772.617736816, 176.106826782, -42.8492279053, 18.1253051758, -17.3233528137, -0.991230547428, -11.1338634491, -7.88757991791, -3.79430198669, -4.9576921463, 0.789832651615, 4.68093395233, -5.45063877106],
        "median": [-740.916015625, 183.491165161, -57.5505218506, 16.678396225, -18.8083763123, -1.7385559082, -10.9997634888, -8.19326782227, -4.00071525574, -4.69494247437, 1.14489364624, 2.72757530212, -5.25855255127],
        "min": [-1040.4239502, 60.2493057251, -114.037231445, -30.960975647, -63.5076332092, -27.012172699, -54.1611824036, -32.4837112427, -26.594909668, -32.0044021606, -19.3469791412, -19.2450637817, -27.9115104675],
        "var": [10450.7714844, 889.726928711, 1756.2878418, 290.66204834, 436.057250977, 148.640899658, 144.546447754, 69.961555481, 61.9890594482, 79.2968215942, 55.2278900146, 101.841171265, 44.2910652161],
        "cov": [[10466.9238281, 78.7739105225, -4048.04858398, 342.182128906, -1720.56665039, 10.8212833405, -829.00982666, -9.3837890625, -253.841217041, -122.984954834, -38.0522537231, 328.15423584, -212.457550049], [78.7739105225, 891.102111816, -19.468875885, -273.225036621, -17.3327159882, -245.250747681, 61.4621582031, -93.3987808228, 51.1629257202, -135.693450928, 7.21975135803, 24.2460613251, 3.13875722885], [-4048.04858398, -19.468875885, 1759.00231934, -107.838752747, 662.203369141, 50.0273513794, 304.751342773, 38.8216667175, 88.0867614746, 67.5828094482, 3.11312794685, -139.019424438, 75.6450805664], [342.182128906, -273.225036621, -107.838752747, 291.111297607, 33.1960296631, 97.0789489746, -33.2872543335, 5.51206493378, -33.3782348633, 13.5215978622, -15.0371294022, -41.3496704102, -19.3728866577], [-1720.56665039, -17.3327159882, 662.203369141, 33.1960296631, 436.731201172, 43.5213737488, 147.644851685, 4.18571424484, 6.20237350464, 22.6367225647, -5.64588880539, -101.860374451, 21.6236629486], [10.8212833405, -245.250747681, 50.0273513794, 97.0789489746, 43.5213737488, 148.870635986, 7.78788375854, 49.6903686523, -20.5823822021, 40.6920433044, -6.99546146393, -32.5133285522, -4.1150894165], [-829.00982666, 61.4621582031, 304.751342773, -33.2872543335, 147.644851685, 7.78788375854, 144.769851685, 15.4991016388, 31.5420894623, -9.15571784973, -7.4321808815, -33.792930603, 16.6756839752], [-9.3837890625, -93.3987808228, 38.8216667175, 5.51206493378, 4.18571424484, 49.6903686523, 15.4991016388, 70.0696868896, 6.77567815781, 30.9421367645, 2.34513473511, 2.39342546463, 4.27401924133], [-253.841217041, 51.1629257202, 88.0867614746, -33.3782348633, 6.20237350464, -20.5823822021, 31.5420894623, 6.77567815781, 62.0848693848, 8.92687797546, 17.9155578613, 14.177649498, 9.85058879852], [-122.984954834, -135.693450928, 67.5828094482, 13.5215978622, 22.6367225647, 40.6920433044, -9.15571784973, 30.9421367645, 8.92687797546, 79.419380188, 24.7677650452, 4.87017965317, 5.01595163345], [-38.0522537231, 7.21975135803, 3.11312794685, -15.0371294022, -5.64588880539, -6.99546146393, -7.4321808815, 2.34513473511, 17.9155578613, 24.7677650452, 55.3132476807, 34.5907363892, 9.86233615875], [328.15423584, 24.2460613251, -139.019424438, -41.3496704102, -101.860374451, -32.5133285522, -33.792930603, 2.39342546463, 14.177649498, 4.87017965317, 34.5907363892, 101.998573303, 7.59787034988], [-212.457550049, 3.13875722885, 75.6450805664, -19.3728866577, 21.6236629486, -4.1150894165, 16.6756839752, 4.27401924133, 9.85058879852, 5.01595163345, 9.86233615875, 7.59787034988, 44.3595199585]],
        "icov": [[0.0068676546216, -0.00826553720981, 0.0101248882711, -0.00713011715561, 0.00959662534297, -0.0107668396086, 0.00854575727135, -0.00801023747772, 0.00810582842678, -0.00688210735098, 0.00631854543462, -0.0032222813461, 0.00310527533293], [-0.00826553720981, 0.0133138392121, -0.0117414239794, 0.0106725133955, -0.0122825680301, 0.0160188414156, -0.0109983235598, 0.0100502371788, -0.0110500296578, 0.0123494938016, -0.0096467807889, 0.005144323688, -0.00288562336937], [0.0101248882711, -0.0117414239794, 0.0168079808354, -0.00939445849508, 0.0116844661534, -0.0158566515893, 0.0117918234318, -0.0116499420255, 0.0101513015106, -0.0105492686853, 0.00980311911553, -0.00438832584769, 0.00359212839976], [-0.00713011715561, 0.0106725133955, -0.00939445849508, 0.0141762718558, -0.0121136466041, 0.00915952492505, -0.00769818900153, 0.0100549180061, -0.0100340023637, 0.0099968444556, -0.00741051742807, 0.00496957125142, -0.00211928552017], [0.00959662534297, -0.0122825680301, 0.0116844661534, -0.0121136466041, 0.0216816775501, -0.0149142527953, 0.00790230650455, -0.00985745619982, 0.0157061610371, -0.0116936499253, 0.00622283527628, -0.00124880601652, 0.00430750800297], [-0.0107668396086, 0.0160188414156, -0.0158566515893, 0.00915952492505, -0.0149142527953, 0.0339625291526, -0.0156565979123, 0.0049300561659, -0.00900468602777, 0.010243867524, -0.0120960129425, 0.00870910473168, -0.00379029172473], [0.00854575727135, -0.0109983235598, 0.0117918234318, -0.00769818900153, 0.00790230650455, -0.0156565979123, 0.0266403798014, -0.0138532500714, 0.00323073077016, -0.00342737720348, 0.0099395820871, -0.00370750273578, 0.00234826863743], [-0.00801023747772, 0.0100502371788, -0.0116499420255, 0.0100549180061, -0.00985745619982, 0.0049300561659, -0.0138532500714, 0.03328628093, -0.0117210270837, 0.00141360901762, -0.00383897149004, 0.00113164330833, -0.0044524227269], [0.00810582842678, -0.0110500296578, 0.0101513015106, -0.0100340023637, 0.0157061610371, -0.00900468602777, 0.00323073077016, -0.0117210270837, 0.0355360992253, -0.0125831132755, 0.00154578441288, -0.00463366834447, 0.00331634096801], [-0.00688210735098, 0.0123494938016, -0.0105492686853, 0.0099968444556, -0.0116936499253, 0.010243867524, -0.00342737720348, 0.00141360901762, -0.0125831132755, 0.0342084802687, -0.0178967528045, 0.00561330514029, -0.0017336999299], [0.00631854543462, -0.0096467807889, 0.00980311911553, -0.00741051742807, 0.00622283527628, -0.0120960129425, 0.0099395820871, -0.00383897149004, 0.00154578441288, -0.0178967528045, 0.0382885187864, -0.0142122944817, -0.000928464054596], [-0.0032222813461, 0.005144323688, -0.00438832584769, 0.00496957125142, -0.00124880601652, 0.00870910473168, -0.00370750273578, 0.00113164330833, -0.00463366834447, 0.00561330514029, -0.0142122944817, 0.0207074694335, -0.00343469763175], [0.00310527533293, -0.00288562336937, 0.00359212839976, -0.00211928552017, 0.00430750800297, -0.00379029172473, 0.00234826863743, -0.0044524227269, 0.00331634096801, -0.0017336999299, -0.000928464054596, -0.00343469763175, 0.0279178787023]]
    }
}

}