{
"metadata": {
    "version": {
        "essentia": "2.0.1",
        "extractor": "archive-music 1.0 mod ismir14"
    },
    "audio_properties": {
        "analysis_sample_rate": 44100,
        "bitrate": 32,
        "channels": 2,
        "equal_loudness": 0,
        "length": 30.0408172607,
        "replay_gain": -8.37414169312,
        "downmix": "mix"
    },
    "tags": {
        "track": 7,
        "year": 0,
        "album": "The Cool Jazz Collection",
        "artist": "Astrud Gilberto",
        "comment": "",
        "genre": "Jazz",
        "title": "Girl From Ipanema"
    }
},
"rhythm": {
    "bpm": 129.900985718,
    "bpm_histogram_first_peak": 129,
    "bpm_histogram_first_peak_spread": 0.537037074566,
    "bpm_histogram_first_peak_weight": 0.396825402975,
    "bpm_histogram_second_peak": 136,
    "bpm_histogram_second_peak_spread": 0.33333337307,
    "bpm_histogram_second_peak_weight": 0.0634920671582
},
"tonal": {
    "tuning_frequency": {
        "dmean": 0.0841796994209,
        "dmean2": 0.12085929513,
        "dvar": 0.542355358601,
        "dvar2": 0.922156095505,
        "max": 451.065460205,
        "mean": 438.328887939,
        "median": 437.718536377,
        "min": 433.441375732,
        "var": 2.0666217804
    },
    "hpcp": {
        "dmean": [0.0910704657435, 0.143114760518, 0.0820408761501, 0.145654380322, 0.102885864675, 0.0792975649238, 0.127795279026, 0.0424582660198, 0.130139186978, 0.0927797034383, 0.121795020998, 0.0996542200446],
        "dmean2": [0.171220719814, 0.244105860591, 0.156469061971, 0.264297068119, 0.183959141374, 0.147260949016, 0.217622339725, 0.0805971994996, 0.233600646257, 0.170233279467, 0.224480733275, 0.178857162595],
        "dvar": [0.0457060113549, 0.069395147264, 0.051596544683, 0.075614310801, 0.0499156601727, 0.0434762537479, 0.0604117587209, 0.0216897875071, 0.0665943175554, 0.0553323552012, 0.0658449679613, 0.0451144315302],
        "dvar2": [0.13049249351, 0.14734312892, 0.141962662339, 0.163820788264, 0.120717167854, 0.111327558756, 0.127583935857, 0.0604953356087, 0.152267694473, 0.136128813028, 0.159519299865, 0.10977255553],
        "max": [1, 1, 1, 1, 1, 1, 1, 1, 1, 1, 1, 1],
        "mean": [0.0593231283128, 0.257118165493, 0.052532762289, 0.274946928024, 0.121509894729, 0.0835147798061, 0.228759363294, 0.0578567907214, 0.171664431691, 0.0798828825355, 0.119752883911, 0.133334323764],
        "median": [0.0017498023808, 0.0423515066504, 0.000984117621556, 0.0225832685828, 0.00594376446679, 0.00337701896206, 0.0318499915302, 0.00117529858835, 0.0131258657202, 0.0011656996794, 0.00789083167911, 0.0067724082619],
        "min": [5.84983808949e-07, 8.59908311668e-07, 1.79139260581e-06, 6.58830413158e-06, 5.28372538611e-07, 5.4669058045e-06, 4.61693980469e-06, 3.81089023449e-07, 8.60953946358e-07, 2.14842066271e-06, 1.49005529693e-06, 2.63923789134e-06],
        "var": [0.0317120403051, 0.142565876245, 0.0333969704807, 0.164618343115, 0.0715107917786, 0.0553896278143, 0.131258025765, 0.0415161922574, 0.102903403342, 0.0549794659019, 0.0697660967708, 0.07784614712]
    }
},
"lowlevel": {
    "melbands": {
        "dmean": [0.000261345674517, 0.000734316650778, 0.000862163200509, 0.00045585251064, 0.000256777653703, 9.5754796348e-05, 5.78198450967e-05, 7.1048103564e-05, 2.54518490692e-05, 1.65935725818e-05, 1.65025103342e-05, 1.59096107382e-05, 3.60471858585e-06, 2.48607716458e-06, 3.61741444976e-06, 2.29766283155e-06, 2.02184969567e-06, 8.2427078496e-07, 9.08498861918e-07, 7.98331200258e-07, 4.65927001869e-07, 6.40409609787e-07, 7.65999971009e-07, 6.4956168444e-07, 2.65314014314e-07, 1.5934263331e-07, 2.44288202111e-07, 3.26610518186e-07, 3.14993144457e-07, 3.76114513756e-07, 6.79013282934e-07, 1.15358034236e-06, 1.083100301e-06, 8.02769363872e-07, 3.7504150896e-07, 2.27041610401e-07, 1.93564375195e-07, 1.40343814792e-07, 1.81213252404e-07, 3.14208449481e-07],
        "dmean2": [0.000366944150301, 0.00105589185841, 0.00130413030274, 0.000663976999931, 0.000381541613024, 0.000143554090755, 8.92073148862e-05, 0.000112291862024, 3.61973325198e-05, 2.35369025177e-05, 2.3177739422e-05, 1.90232258319e-05, 5.14403200214e-06, 3.66157473763e-06, 4.73993122796e-06, 3.35285562869e-06, 3.01654836221e-06, 1.23641780192e-06, 1.48816661749e-06, 1.18561376894e-06, 7.68690938457e-07, 9.9476824289e-07, 1.18026230211e-06, 1.02441742911e-06, 3.97308809852e-07, 2.29193119594e-07, 3.56125951839e-07, 4.93087952691e-07, 5.02333932673e-07, 5.96459926783e-07, 9.92026457425e-07, 1.73304442797e-06, 1.64044558915e-06, 1.35302423132e-06, 5.11084294885e-07, 3.40425543754e-07, 2.8827869869e-07, 2.06623866461e-07, 2.64081137402e-07, 4.44286428092e-07],
        "dvar": [3.91403204958e-07, 1.24998416595e-06, 1.28757699258e-06, 5.96089080318e-07, 2.19480369879e-07, 3.68742227863e-08, 3.53657121366e-08, 4.80241979517e-08, 4.49567982841e-09, 3.83465881271e-09, 2.12492112794e-09, 7.66514141048e-09, 7.78013556357e-11, 3.41250985803e-11, 1.74460612623e-10, 7.14265729895e-11, 9.15953840552e-11, 6.31910929833e-12, 2.42191891542e-11, 1.24637418442e-11, 2.83836430921e-12, 2.01626540984e-12, 4.03424385911e-12, 3.91110147741e-12, 6.16801748565e-13, 1.44389911811e-13, 5.39802035536e-13, 1.56509928715e-12, 1.03283343249e-12, 1.9299778789e-12, 9.47200477774e-12, 2.9048975031e-11, 2.23476567113e-11, 2.86267121119e-11, 1.68371740161e-12, 4.49713210464e-13, 3.22140507629e-13, 1.91836631758e-13, 5.10314826421e-13, 1.61050740886e-12],
        "dvar2": [7.58686212521e-07, 2.31194144362e-06, 2.48926494351e-06, 1.16614455692e-06, 4.84174051962e-07, 7.79631719183e-08, 7.43963468608e-08, 1.1022652302e-07, 7.64083640803e-09, 6.73615474511e-09, 4.36158842376e-09, 1.07300337504e-08, 1.44114109535e-10, 7.2929350059e-11, 2.32946051337e-10, 1.31693475569e-10, 1.99020758207e-10, 1.55500751164e-11, 6.73798031259e-11, 2.78870919412e-11, 7.68983401261e-12, 4.58456449887e-12, 8.85267120027e-12, 9.29666760241e-12, 1.45802803424e-12, 2.84318629837e-13, 1.05610485635e-12, 3.1894291895e-12, 2.52250412398e-12, 3.95330860062e-12, 2.139575149e-11, 6.45022715795e-11, 4.91180603135e-11, 7.92226492741e-11, 2.84493782698e-12, 8.62438972234e-13, 5.92517950936e-13, 3.302933556e-13, 1.00268979317e-12, 2.8983128831e-12],
        "max": [0.00904950499535, 0.0127172833309, 0.0120012601838, 0.0200302209705, 0.00519676413387, 0.00244410336018, 0.00213455990888, 0.00202557258308, 0.000975267903414, 0.00093151605688, 0.000503230490722, 0.00243782065809, 0.00011376261682, 8.74267934705e-05, 0.00032335659489, 0.000137076844112, 0.000176328307134, 3.92158945033e-05, 8.4499566583e-05, 5.1643790357e-05, 2.82205746771e-05, 1.4030123566e-05, 1.98943289433e-05, 2.18208078877e-05, 1.31742890517e-05, 6.14473037786e-06, 1.00406268757e-05, 2.17612214328e-05, 1.20277300084e-05, 1.80129409273e-05, 4.35292604379e-05, 7.25698264432e-05, 5.72268254473e-05, 0.000107485306216, 2.29188426601e-05, 7.86087821325e-06, 6.59897204969e-06, 5.76120237383e-06, 9.41666985455e-06, 1.80805000127e-05],
        "mean": [0.000466058874736, 0.00157352082897, 0.00201574643143, 0.000766765500885, 0.000571953831241, 0.000168519065483, 6.88998625265e-05, 8.19378255983e-05, 3.33275747835e-05, 2.23941551667e-05, 2.09685022128e-05, 2.18949735427e-05, 4.76005197925e-06, 3.18258048537e-06, 5.06738706463e-06, 2.9387581435e-06, 2.1589021344e-06, 8.60514489887e-07, 8.64540311341e-07, 8.34849743114e-07, 4.59928855889e-07, 7.06098887804e-07, 8.38277173898e-07, 6.54694815694e-07, 2.81459023199e-07, 1.87617317238e-07, 2.66390202341e-07, 3.38398251643e-07, 2.96807030509e-07, 3.79242436566e-07, 6.76226420637e-07, 1.13019882519e-06, 1.08483948225e-06, 8.0415048842e-07, 4.08322648582e-07, 2.52071089335e-07, 2.19889699338e-07, 1.5421903754e-07, 1.88299566162e-07, 3.19315148545e-07],
        "median": [0.000121082754049, 0.00080749753397, 0.00081897439668, 0.000357457844075, 0.000182419229532, 5.86398236919e-05, 1.7957037926e-05, 1.49034112837e-05, 5.16969157616e-06, 2.18403647523e-06, 2.08829987969e-06, 2.04670732273e-06, 9.28463748551e-07, 1.034595698e-06, 8.65049628374e-07, 3.29731221882e-07, 2.23967305146e-07, 1.53841355655e-07, 7.27155793356e-08, 6.42516155835e-08, 6.7852340635e-08, 1.26715150373e-07, 1.17108243103e-07, 6.95360853342e-08, 4.04346636174e-08, 3.10876089316e-08, 4.76271431182e-08, 5.37480779883e-08, 3.04415124219e-08, 3.61764413981e-08, 3.75919313456e-08, 2.19067057827e-08, 3.12598622543e-08, 2.24100311641e-08, 2.24883471844e-08, 2.16476685466e-08, 1.97876541819e-08, 1.3963346035e-08, 1.25806334239e-08, 1.34964857068e-08],
        "min": [2.45081736239e-07, 5.59459522265e-07, 4.91005721415e-07, 2.51230801496e-07, 7.05910338183e-07, 2.25008747634e-07, 1.00893160493e-07, 8.86920261678e-08, 2.95951885221e-08, 2.00868899292e-09, 8.85975826037e-09, 9.48085432384e-09, 3.66752139769e-09, 1.08126163578e-09, 3.28292171226e-10, 7.70401936689e-11, 9.58463752809e-10, 1.13720821648e-09, 2.11079348444e-11, 7.88685349667e-12, 6.03728135193e-12, 1.13713127456e-11, 5.41875962504e-12, 4.29297352875e-12, 6.62033405527e-12, 3.56870284192e-12, 4.36867625409e-11, 3.41526196213e-10, 4.98418702144e-11, 1.27532678862e-10, 4.28066818103e-11, 8.2743048524e-12, 1.95057772018e-12, 5.88354972381e-12, 8.7349717032e-14, 5.88481737299e-13, 3.45277788565e-13, 1.64343555041e-13, 4.22826080789e-13, 8.11376451595e-14],
        "var": [1.16361502478e-06, 3.57483145308e-06, 7.12045039108e-06, 2.18244781536e-06, 7.89295540926e-07, 8.09303273286e-08, 4.5699330542e-08, 5.41336753201e-08, 8.63213323044e-09, 6.74859856886e-09, 3.36884697916e-09, 1.82759514189e-08, 1.55427976045e-10, 5.27938907868e-11, 4.38867081565e-10, 1.1391262239e-10, 1.07234277014e-10, 6.29857190709e-12, 1.93411588828e-11, 1.45956059738e-11, 2.15576883601e-12, 2.51000262241e-12, 4.78062728293e-12, 3.85356373547e-12, 6.54445898515e-13, 2.18201555457e-13, 7.23772224879e-13, 1.81934827446e-12, 9.63845648259e-13, 2.27398460305e-12, 1.05842105913e-11, 3.18034938662e-11, 2.57603573889e-11, 2.63342542217e-11, 2.75642421214e-12, 6.1468305489e-13, 4.65682071897e-13, 2.99348707714e-13, 6.83320479193e-13, 2.24861340485e-12]
    },
    "mfcc": {
        "dmean": [40.9020805359, 30.996679306, 17.5419139862, 11.9178028107, 9.59280014038, 11.0289134979, 9.05275726318, 8.01628494263, 8.07223796844, 7.98114442825, 7.45984554291, 7.62187242508, 6.85485982895],
        "dmean2": [53.1542320251, 42.2458839417, 24.8394775391, 17.0432720184, 14.3903303146, 16.1490535736, 13.5549535751, 12.3588237762, 12.566160202, 11.3302125931, 11.2857961655, 11.846455574, 10.3965396881],
        "dvar": [1329.56140137, 839.092224121, 293.242431641, 112.882026672, 72.6148300171, 107.244316101, 58.3488998413, 50.069694519, 43.649471283, 44.6999206543, 36.6662101746, 41.4552268982, 32.3724861145],
        "dvar2": [2387.5300293, 1442.47912598, 488.439666748, 208.731399536, 160.362838745, 181.221405029, 125.840934753, 102.351257324, 99.2382507324, 85.691696167, 76.3056182861, 92.5614089966, 76.5620651245],
        "max": [-630.165283203, 248.884002686, 189.526382446, 116.292892456, 52.4914703369, 85.4261779785, 46.9608459473, 40.1184616089, 30.3770198822, 35.1848945618, 34.9946594238, 49.4671897888, 23.0007648468],
        "mean": [-806.914855957, 160.842971802, 60.5597229004, 31.6380214691, 7.81782341003, 8.90446090698, 2.68993282318, 2.79273724556, -5.54520463943, -10.2434310913, -5.77054452896, 0.00895379669964, -6.51128387451],
        "median": [-797.552001953, 170.350509644, 58.7082061768, 29.3357105255, 9.89839553833, 10.6156215668, 3.73882293701, 2.31969547272, -4.28081321716, -9.29117870331, -4.87025260925, -1.06248569489, -4.64991664886],
        "min": [-1009.32983398, -38.9441680908, -39.8460273743, -35.6738815308, -57.1074829102, -51.4165687561, -48.619808197, -43.0673027039, -46.3636703491, -49.252456665, -65.584526062, -42.7366409302, -51.7479019165],
        "var": [4801.16064453, 2573.21240234, 1038.17614746, 580.113220215, 268.34197998, 356.101226807, 225.702285767, 166.328842163, 125.977928162, 233.573303223, 203.920501709, 194.840682983, 128.188354492],
        "cov": [[4808.58154297, -513.274414062, -468.374145508, -61.5078010559, -125.463752747, -165.257980347, -255.861740112, 74.2363052368, -62.6270942688, 153.870635986, 69.9901275635, 0.996937274933, -173.625549316], [-513.274414062, 2577.18945312, -776.350585938, -308.575286865, 194.680541992, -297.063201904, 24.6705551147, 159.791641235, -120.341453552, -184.675262451, -68.2253875732, 84.9241485596, -127.588027954], [-468.374145508, -776.350585938, 1039.78076172, 97.7693099976, -183.84992981, 291.019622803, 51.9050140381, -115.636169434, 61.3087158203, -66.2355041504, 71.720664978, -79.3325119019, 116.263412476], [-61.5078010559, -308.575286865, 97.7693099976, 581.00982666, 95.2129745483, -136.064468384, -44.2753562927, 15.3558521271, 5.41349172592, -112.520347595, 36.5433387756, -94.7992630005, 74.0954437256], [-125.463752747, 194.680541992, -183.84992981, 95.2129745483, 268.756713867, -78.5034713745, -15.1638116837, 23.9533367157, 9.01951122284, -19.216583252, -46.5235862732, 47.334777832, -25.9136753082], [-165.257980347, -297.063201904, 291.019622803, -136.064468384, -78.5034713745, 356.651611328, 51.0289306641, -35.4186210632, 51.6555366516, 68.2788467407, 44.6564903259, 14.2780694962, 40.0278701782], [-255.861740112, 24.6705551147, 51.9050140381, -44.2753562927, -15.1638116837, 51.0289306641, 226.051132202, 18.6155738831, 5.63921785355, 22.2081985474, 20.6238250732, 20.3233108521, 15.7545070648], [74.2363052368, 159.791641235, -115.636169434, 15.3558521271, 23.9533367157, -35.4186210632, 18.6155738831, 166.585922241, 7.34559011459, -11.5911312103, 22.3636932373, -0.383250147104, -8.19209003448], [-62.6270942688, -120.341453552, 61.3087158203, 5.41349172592, 9.01951122284, 51.6555366516, 5.63921785355, 7.34559011459, 126.172637939, 43.6475791931, 18.85297966, -28.3963546753, 21.0129585266], [153.870635986, -184.675262451, -66.2355041504, -112.520347595, -19.216583252, 68.2788467407, 22.2081985474, -11.5911312103, 43.6475791931, 233.934310913, -16.7184638977, 46.9028625488, -36.5966072083], [69.9901275635, -68.2253875732, 71.720664978, 36.5433387756, -46.5235862732, 44.6564903259, 20.6238250732, 22.3636932373, 18.85297966, -16.7184638977, 204.235671997, -73.4322738647, 50.9086303711], [0.996937274933, 84.9241485596, -79.3325119019, -94.7992630005, 47.334777832, 14.2780694962, 20.3233108521, -0.383250147104, -28.3963546753, 46.9028625488, -73.4322738647, 195.141830444, -46.6178321838], [-173.625549316, -127.588027954, 116.263412476, 74.0954437256, -25.9136753082, 40.0278701782, 15.7545070648, -8.19209003448, 21.0129585266, -36.5966072083, 50.9086303711, -46.6178321838, 128.386489868]],
        "icov": [[0.000280761130853, 0.000125975406263, 0.000159979594173, 4.15754366259e-05, 0.000181797004188, 8.74262113939e-05, 0.00027800857788, -0.00013857371232, 0.000109610955406, -4.0224618715e-05, -0.000217571665416, -2.31573631027e-05, 0.000350954214809], [0.000125975406263, 0.000765014323406, 0.000430208398029, 0.000586696434766, -0.000241448244196, 0.000289994961349, -7.29809762561e-05, -0.000358403427526, 0.000173003412783, 0.000812098558526, -0.000134394926135, 2.52500703937e-05, 0.000315009034239], [0.000159979594173, 0.000430208398029, 0.00213798112236, -0.000377180986106, 0.00101979169995, -0.00129491975531, -0.000251283490798, 0.000760364346206, -0.000572998542339, 0.00130147626624, 1.91188473764e-06, -4.17027649746e-06, 7.68766622059e-05], [4.15754366259e-05, 0.000586696434766, -0.000377180986106, 0.00320164579898, -0.00153830181807, 0.00153535162099, 0.000233220562222, -0.00058566161897, 0.00026154590887, 0.000830610923003, -0.000278072286164, 0.000850689830258, -0.00110897736158], [0.000181797004188, -0.000241448244196, 0.00101979169995, -0.00153830181807, 0.00568769592792, -0.000247693853453, 0.000140972944791, 0.000197681525606, -0.0016659918474, 0.000573429686483, 0.000504891795572, -0.00159190851264, 0.000848655821756], [8.74262113939e-05, 0.000289994961349, -0.00129491975531, 0.00153535162099, -0.000247693853453, 0.00522918626666, -0.000194102598471, -0.000148200619151, -0.000746096484363, -0.000939356861636, -0.000919357058592, -0.000677478616126, -0.00100009224843], [0.00027800857788, -7.29809762561e-05, -0.000251283490798, 0.000233220562222, 0.000140972944791, -0.000194102598471, 0.0051860040985, -0.000894671364222, 0.000343873805832, -0.00071888777893, -0.000633817515336, -0.000643986451905, -0.000451809784863], [-0.00013857371232, -0.000358403427526, 0.000760364346206, -0.00058566161897, 0.000197681525606, -0.000148200619151, -0.000894671364222, 0.0072635570541, -0.00127638608683, 0.000541254878044, -0.000906604982447, -0.000316237448715, 0.000373080227291], [0.000109610955406, 0.000173003412783, -0.000572998542339, 0.00026154590887, -0.0016659918474, -0.000746096484363, 0.000343873805832, -0.00127638608683, 0.0104479938745, -0.00254128826782, -7.08622683305e-05, 0.00205678958446, -0.00119866617024], [-4.0224618715e-05, 0.000812098558526, 0.00130147626624, 0.000830610923003, 0.000573429686483, -0.000939356861636, -0.00071888777893, 0.000541254878044, -0.00254128826782, 0.00707779778168, 4.46501471743e-05, -0.00107464694884, 0.00165160605684], [-0.000217571665416, -0.000134394926135, 1.91188473764e-06, -0.000278072286164, 0.000504891795572, -0.000919357058592, -0.000633817515336, -0.000906604982447, -7.08622683305e-05, 4.46501471743e-05, 0.00661163916811, 0.00198636832647, -0.00173667655326], [-2.31573631027e-05, 2.52500703937e-05, -4.17027649746e-06, 0.000850689830258, -0.00159190851264, -0.000677478616126, -0.000643986451905, -0.000316237448715, 0.00205678958446, -0.00107464694884, 0.00198636832647, 0.00751215359196, 0.000752444611862], [0.000350954214809, 0.000315009034239, 7.68766622059e-05, -0.00110897736158, 0.000848655821756, -0.00100009224843, -0.000451809784863, 0.000373080227291, -0.00119866617024, 0.00165160605684, -0.00173667655326, 0.000752444611862, 0.0113382320851]]
    }
}

}