{
"metadata": {
    "version": {
        "essentia": "2.0.1",
        "extractor": "archive-music 1.0 mod ismir14"
    },
    "audio_properties": {
        "analysis_sample_rate": 44100,
        "bitrate": 32,
        "channels": 2,
        "equal_loudness": 0,
        "length": 30.0408172607,
        "replay_gain": -11.8030014038,
        "downmix": "mix"
    },
    "tags": {
        "track": 6,
        "year": 0,
        "album": "Swing Classics (Jazz & Tzaz 70)",
        "artist": "Benny Carter",
        "comment": "",
        "genre": "Jazz",
        "title": "Babalu"
    }
},
"rhythm": {
    "bpm": 92.8061752319,
    "bpm_histogram_first_peak": 92,
    "bpm_histogram_first_peak_spread": 0.5,
    "bpm_histogram_first_peak_weight": 0.444444447756,
    "bpm_histogram_second_peak": 86,
    "bpm_histogram_second_peak_spread": 0,
    "bpm_histogram_second_peak_weight": 0.0666666701436
},
"tonal": {
    "tuning_frequency": {
        "dmean": 0.111968241632,
        "dmean2": 0.195503309369,
        "dvar": 0.990963041782,
        "dvar2": 1.94211184978,
        "max": 456.570251465,
        "mean": 438.643188477,
        "median": 438.984558105,
        "min": 435.700531006,
        "var": 3.49260568619
    },
    "hpcp": {
        "dmean": [0.0853141695261, 0.131011709571, 0.065145239234, 0.179530739784, 0.120331175625, 0.0965386033058, 0.142221063375, 0.0612177476287, 0.192672923207, 0.100138731301, 0.178761944175, 0.197661831975],
        "dmean2": [0.155002012849, 0.225082829595, 0.115874744952, 0.308206319809, 0.202517107129, 0.165266379714, 0.237885519862, 0.107698731124, 0.325017273426, 0.177681624889, 0.309416085482, 0.334714055061],
        "dvar": [0.0317238196731, 0.043584857136, 0.0270501188934, 0.0614887177944, 0.0427725538611, 0.0227047391236, 0.0455370396376, 0.0184954274446, 0.0555941946805, 0.0373445339501, 0.0564475618303, 0.0626455247402],
        "dvar2": [0.0824416279793, 0.110172972083, 0.067134283483, 0.136517003179, 0.0923306122422, 0.0538315214217, 0.0960492193699, 0.0470275767148, 0.135736122727, 0.102131351829, 0.146576032043, 0.143364742398],
        "max": [1, 1, 1, 1, 1, 1, 1, 1, 1, 1, 1, 1],
        "mean": [0.0805418267846, 0.220116063952, 0.0611200220883, 0.436024755239, 0.23030424118, 0.106658004224, 0.314950615168, 0.0575248859823, 0.370193511248, 0.0787246748805, 0.239751338959, 0.342245012522],
        "median": [0.0158090796322, 0.0666605755687, 0.00881052948534, 0.284957408905, 0.044687718153, 0.0412798710167, 0.141929537058, 0.0173519738019, 0.244150161743, 0.0180874895304, 0.124829411507, 0.215956896544],
        "min": [0.000183987081982, 0.000204458963708, 7.03731420799e-05, 0.000275721919024, 0.000120815704577, 0.000471813837066, 0.000746764650103, 3.31882511091e-05, 0.000436446513049, 0.000124860292999, 0.000177450783667, 0.000257625652011],
        "var": [0.0305158849806, 0.0849897712469, 0.0293870531023, 0.159878641367, 0.118298046291, 0.0294360406697, 0.132820993662, 0.0168440658599, 0.12167904526, 0.0272853989154, 0.0822193920612, 0.124474205077]
    }
},
"lowlevel": {
    "melbands": {
        "dmean": [8.74813758855e-06, 3.99784803449e-05, 2.36483047047e-05, 5.2246832638e-05, 5.21680849488e-05, 8.17822801764e-05, 6.45816689939e-05, 0.000142081233207, 9.01946696104e-05, 6.71603556839e-05, 4.16391085309e-05, 3.46371671185e-05, 3.04071891151e-05, 2.44207512878e-05, 4.93978404847e-05, 3.97251278628e-05, 2.5306653697e-05, 1.6742020307e-05, 1.4877184185e-05, 1.63100885402e-05, 5.21590527569e-06, 7.27366523279e-06, 3.14267504109e-06, 2.85935470856e-06, 3.89077740692e-06, 1.27272255668e-06, 6.9621341936e-07, 8.59099998252e-07, 7.75160344801e-07, 8.16407066395e-07, 3.88052001199e-07, 2.16245254592e-07, 1.39572307489e-07, 5.74693359567e-08, 2.45968330148e-08, 1.97541183411e-08, 5.21541920762e-09, 6.28969987204e-10, 1.55773990929e-10, 4.49546302961e-11],
        "dmean2": [1.42063163366e-05, 6.75147311995e-05, 3.61975617125e-05, 7.9278506746e-05, 7.66803204897e-05, 0.000125106278574, 0.000101775505755, 0.000222487855353, 0.000136349262903, 0.000101356738014, 6.40566795482e-05, 5.29870521859e-05, 4.63814176328e-05, 3.67454231309e-05, 7.75665612309e-05, 6.34798198007e-05, 3.84012855648e-05, 2.4985491109e-05, 2.15323161683e-05, 2.57256342593e-05, 7.98600285634e-06, 1.14088352348e-05, 4.75400247524e-06, 4.25949519922e-06, 5.98382484895e-06, 1.92977495317e-06, 1.02702699678e-06, 1.30188959702e-06, 1.15485011065e-06, 1.23049801459e-06, 5.83955625189e-07, 3.0129302786e-07, 2.01278695044e-07, 8.40692635506e-08, 3.63617154164e-08, 2.83436651927e-08, 8.53109494159e-09, 1.02282127212e-09, 2.69303412903e-10, 7.76393740964e-11],
        "dvar": [1.0331548117e-10, 2.29414109931e-09, 1.37600897343e-09, 6.4913003861e-09, 4.85569229269e-09, 1.95363707434e-08, 8.57478799077e-09, 9.27439458565e-08, 2.44137137173e-08, 1.19873888593e-08, 6.37308517071e-09, 5.03085395565e-09, 3.66371466498e-09, 1.89945992268e-09, 8.8519414021e-09, 9.7290691059e-09, 3.47293216407e-09, 1.52406998133e-09, 1.29207033961e-09, 1.25219212777e-09, 7.49580952863e-11, 3.210619548e-10, 2.73548302065e-11, 2.52994725863e-11, 6.27774776607e-11, 7.90026117442e-12, 2.03839657827e-12, 4.67151144157e-12, 2.32725384103e-12, 2.28753344392e-12, 7.32915030749e-13, 2.70315914834e-13, 1.45824351943e-13, 2.46450131353e-14, 3.74895342499e-15, 2.06489204838e-15, 1.16921847235e-16, 2.99218359085e-18, 4.34844918911e-19, 3.95247673128e-20],
        "dvar2": [2.3031995755e-10, 5.47036993481e-09, 3.25018656433e-09, 1.52087071825e-08, 1.00997779029e-08, 4.29350919262e-08, 1.87414137542e-08, 1.87892410963e-07, 4.91536340519e-08, 2.4022190459e-08, 1.45463614487e-08, 1.17904823682e-08, 7.77710607025e-09, 3.66251295958e-09, 1.94906473183e-08, 2.46672566817e-08, 8.15772427387e-09, 3.25619198271e-09, 3.05445246873e-09, 2.66928568138e-09, 1.65353661319e-10, 7.78747732966e-10, 6.13044198738e-11, 5.28929886001e-11, 1.31861674357e-10, 1.45721473083e-11, 4.21024196409e-12, 1.06884492576e-11, 4.37867190423e-12, 4.24932528401e-12, 1.33187905149e-12, 4.63170300724e-13, 2.58661364896e-13, 4.72051563149e-14, 7.7018859362e-15, 4.04984366829e-15, 2.54944952783e-16, 6.80270233836e-18, 1.25585579807e-18, 9.37596041138e-20],
        "max": [8.66403861437e-05, 0.000631686125416, 0.000575648329686, 0.0011132734362, 0.000774024054408, 0.00131689780392, 0.0012324861018, 0.00403545983136, 0.00196838541888, 0.00100094964728, 0.000894098891877, 0.000811520440038, 0.000870547548402, 0.000571567856241, 0.000879437953699, 0.00138029153459, 0.000681404955685, 0.000483185809571, 0.00044574495405, 0.000562464818358, 0.000112499983516, 0.000226241027121, 6.2051556597e-05, 5.2188999689e-05, 7.13998379069e-05, 3.97516450903e-05, 1.35634118124e-05, 2.38838074438e-05, 1.44025907503e-05, 1.34613028422e-05, 1.00195202322e-05, 5.89628871239e-06, 3.78624304176e-06, 1.60497063462e-06, 5.06941262302e-07, 5.52653546038e-07, 9.69944551343e-08, 2.13818829309e-08, 8.31288193837e-09, 2.43832043445e-09],
        "mean": [1.11835433927e-05, 5.32176927663e-05, 3.84989070881e-05, 8.31413199194e-05, 0.000102412566775, 0.000145612968481, 0.000138478339068, 0.000329001864884, 0.000179470065632, 0.000106900610263, 7.08148727426e-05, 5.71419986954e-05, 4.68227699457e-05, 3.5635108361e-05, 7.53510903451e-05, 6.10836286796e-05, 4.4639888074e-05, 2.2464655558e-05, 1.93644573301e-05, 2.50306220551e-05, 7.64753622207e-06, 1.04949813249e-05, 5.31806063009e-06, 4.28493149229e-06, 6.0013780967e-06, 2.00712975129e-06, 1.05115361748e-06, 1.13020621484e-06, 1.1823387922e-06, 1.2650212966e-06, 5.97925406964e-07, 2.94280056323e-07, 1.87455356127e-07, 7.36646441624e-08, 3.18538901922e-08, 2.93436670518e-08, 7.29342630734e-09, 6.388493623e-10, 1.16635451297e-10, 3.50469792076e-11],
        "median": [6.57386226521e-06, 3.54234689439e-05, 2.5009690944e-05, 5.4535408708e-05, 7.52215273678e-05, 8.50342257763e-05, 5.20012581546e-05, 7.62682466302e-05, 5.02811162733e-05, 3.05013236357e-05, 1.93313753698e-05, 1.25019805637e-05, 1.401742702e-05, 1.45666817843e-05, 1.68434598891e-05, 1.25159349409e-05, 5.94707717028e-06, 6.01944884693e-06, 2.94776918963e-06, 5.38930271432e-06, 2.963798579e-06, 2.93068615065e-06, 1.97424196813e-06, 1.69723398358e-06, 1.19855576486e-06, 6.28080442766e-07, 3.19246055369e-07, 1.74577365897e-07, 3.17686613016e-07, 2.88227056444e-07, 1.01537253272e-07, 4.93859175776e-08, 1.77795982381e-08, 5.69191449529e-09, 2.73494515923e-09, 2.19358775588e-09, 5.77983771954e-10, 1.0779080753e-11, 1.0550937294e-12, 7.45134965015e-13],
        "min": [1.53672967684e-08, 2.84905006254e-08, 2.7695759286e-07, 7.88875809121e-08, 2.27639755934e-08, 3.91275634115e-08, 9.23358172145e-08, 5.5128772658e-08, 3.18036796898e-08, 1.29013848493e-08, 7.3551018609e-09, 4.90711471457e-09, 3.55619356185e-09, 3.56411677949e-09, 4.93874319218e-09, 2.80119194507e-09, 3.7898968408e-09, 1.25474908241e-09, 6.91195600755e-10, 7.9765022365e-10, 4.68468541737e-10, 5.93652571546e-10, 5.13555420412e-10, 3.23734039576e-10, 1.30555261046e-10, 1.11214752685e-10, 9.57878568131e-11, 9.77930791901e-11, 1.00544801651e-10, 5.37361197206e-11, 4.93060141327e-11, 9.0319097687e-12, 2.21107583197e-13, 1.2818134683e-13, 4.32577151183e-14, 2.4719997574e-14, 2.5241781728e-14, 2.35518358017e-14, 2.20872108038e-14, 2.36218515451e-14],
        "var": [1.60546950734e-10, 3.20730597636e-09, 1.89100868297e-09, 9.64745439092e-09, 1.13889413456e-08, 3.33748566561e-08, 3.47842110671e-08, 3.32281302917e-07, 8.12925833316e-08, 2.60673918007e-08, 1.33015438664e-08, 9.35239885536e-09, 7.0277601516e-09, 3.50438589258e-09, 1.7464737212e-08, 1.8567504867e-08, 9.6059276089e-09, 2.48662357372e-09, 1.98762428738e-09, 3.20496273964e-09, 1.43719980361e-10, 4.61398946827e-10, 6.64947402695e-11, 4.51014850467e-11, 1.21757146032e-10, 1.94769859962e-11, 3.73022619737e-12, 8.28356133686e-12, 4.59047860488e-12, 5.12732608107e-12, 1.46426902721e-12, 5.12229473247e-13, 2.81886195158e-13, 4.47384201896e-14, 6.47795000896e-15, 5.08724303528e-15, 2.2854497399e-16, 4.78851465166e-18, 3.4602076547e-19, 3.724845674e-20]
    },
    "mfcc": {
        "dmean": [39.8268165588, 14.4440956116, 16.6086597443, 9.12435245514, 9.94366550446, 7.59721708298, 6.85422801971, 6.03246259689, 5.56671094894, 5.78276252747, 5.26560783386, 5.40235567093, 5.19822978973],
        "dmean2": [46.6141700745, 20.5610561371, 22.6797790527, 13.8883638382, 13.7035045624, 11.5157995224, 10.4711761475, 9.70464324951, 9.07102394104, 8.93989562988, 8.61992168427, 8.8506603241, 8.3024559021],
        "dvar": [2073.48754883, 199.823669434, 412.496368408, 68.6014633179, 86.5742034912, 39.0650253296, 33.8866539001, 26.3817138672, 22.6321144104, 20.4604892731, 16.9180850983, 22.5036697388, 16.7817592621],
        "dvar2": [3226.18969727, 372.018707275, 694.541381836, 143.623214722, 143.719192505, 82.1924285889, 73.4732284546, 60.1182403564, 54.9957084656, 49.4128494263, 42.4164352417, 51.0783081055, 41.0326385498],
        "max": [-612.561584473, 233.733734131, 76.544921875, 69.9010314941, 30.4218940735, 50.4210281372, 18.7940406799, 25.576669693, 20.8805656433, 18.5982227325, 25.8438682556, 33.1326370239, 24.2167282104],
        "mean": [-772.475769043, 176.310684204, -44.3422355652, 19.6427574158, -18.0162830353, -0.698290109634, -11.0243473053, -8.21003246307, -3.32544088364, -5.35098361969, 1.21087360382, 4.28818893433, -5.1763048172],
        "median": [-741.851196289, 183.269180298, -59.6798362732, 17.9697380066, -19.1288604736, -2.04875564575, -10.7947120667, -8.47874069214, -3.18232727051, -5.2421836853, 1.29180908203, 2.32970046997, -4.84664916992],
        "min": [-1040.76525879, 60.4780921936, -121.552047729, -29.8319473267, -63.1377639771, -27.7855186462, -54.4251861572, -33.7035980225, -28.208732605, -33.7789535522, -17.9110927582, -18.9033508301, -27.5999259949],
        "var": [10258.0488281, 854.1484375, 1794.14868164, 298.348815918, 445.877319336, 164.054733276, 149.610855103, 76.8694152832, 66.0877990723, 85.1264190674, 55.2780189514, 104.970397949, 45.3571510315],
        "cov": [[10273.9033203, 194.837753296, -4069.60888672, 381.37310791, -1751.28674316, 46.675491333, -834.740356445, -9.84822559357, -245.922866821, -129.155471802, -16.7655582428, 300.417022705, -189.79196167], [194.837753296, 855.46862793, -46.2527046204, -275.18939209, -24.9062290192, -253.239685059, 67.8679199219, -102.903991699, 55.8793106079, -139.570373535, 6.91464948654, 30.9041099548, -5.87692499161], [-4069.60888672, -46.2527046204, 1796.92175293, -124.38621521, 687.135070801, 31.2579689026, 310.858276367, 39.7529830933, 86.0387954712, 70.8765869141, -3.86237859726, -129.196014404, 68.0483169556], [381.37310791, -275.18939209, -124.38621521, 298.809936523, 21.2364959717, 109.469474792, -39.8086967468, 8.1564540863, -34.4143867493, 12.2331438065, -12.5741834641, -49.357460022, -13.6266031265], [-1751.28674316, -24.9062290192, 687.135070801, 21.2364959717, 446.566467285, 31.3620185852, 154.285217285, 2.45602464676, 8.79328536987, 21.841884613, -7.30088090897, -95.4448547363, 18.799539566], [46.675491333, -253.239685059, 31.2579689026, 109.469474792, 31.3620185852, 164.308303833, -2.50833964348, 57.4710159302, -25.6616020203, 44.1262779236, -6.61682653427, -37.0693817139, -0.301551133394], [-834.740356445, 67.8679199219, 310.858276367, -39.8086967468, 154.285217285, -2.50833964348, 149.842102051, 10.1902322769, 34.8067054749, -13.5180025101, -6.9270401001, -30.0643501282, 13.7268896103], [-9.84822559357, -102.903991699, 39.7529830933, 8.1564540863, 2.45602464676, 57.4710159302, 10.1902322769, 76.9882278442, 1.29513716698, 36.534286499, 0.336034864187, 0.184237867594, 5.20272445679], [-245.922866821, 55.8793106079, 86.0387954712, -34.4143867493, 8.79328536987, -25.6616020203, 34.8067054749, 1.29513716698, 66.1899414062, 5.0358877182, 19.497587204, 15.4451475143, 9.09673595428], [-129.155471802, -139.570373535, 70.8765869141, 12.2331438065, 21.841884613, 44.1262779236, -13.5180025101, 36.534286499, 5.0358877182, 85.2579956055, 22.535369873, 7.48690080643, 5.14063215256], [-16.7655582428, 6.91464948654, -3.86237859726, -12.5741834641, -7.30088090897, -6.61682653427, -6.9270401001, 0.336034864187, 19.497587204, 22.535369873, 55.3634567261, 33.6003875732, 9.72867870331], [300.417022705, 30.9041099548, -129.196014404, -49.357460022, -95.4448547363, -37.0693817139, -30.0643501282, 0.184237867594, 15.4451475143, 7.48690080643, 33.6003875732, 105.132644653, 5.2706785202], [-189.79196167, -5.87692499161, 68.0483169556, -13.6266031265, 18.799539566, -0.301551133394, 13.7268896103, 5.20272445679, 9.09673595428, 5.14063215256, 9.72867870331, 5.2706785202, 45.4272537231]],
        "icov": [[0.0180811285973, -0.0233850125223, 0.0257248356938, -0.0214584376663, 0.0235157459974, -0.0242382846773, 0.0210369750857, -0.0191622581333, 0.0175339877605, -0.0152678471059, 0.0129127316177, -0.0105273099616, 0.0101626068354], [-0.0233850125223, 0.0337283536792, -0.0327913500369, 0.0299679432064, -0.0309671144933, 0.0341688878834, -0.0279070232064, 0.0251270588487, -0.0237311534584, 0.02354109101, -0.0185538046062, 0.0149469869211, -0.0123033858836], [0.0257248356938, -0.0327913500369, 0.0385019667447, -0.0293561592698, 0.0309437252581, -0.0344230122864, 0.0291990097612, -0.0272628888488, 0.0233134236187, -0.0222395956516, 0.0190086942166, -0.0145772723481, 0.0134877171367], [-0.0214584376663, 0.0299679432064, -0.0293561592698, 0.0324970670044, -0.0299210175872, 0.0264442004263, -0.0236889123917, 0.0245662797242, -0.0224122162908, 0.0210347957909, -0.0163778793067, 0.0146247856319, -0.0112315881997], [0.0235157459974, -0.0309671144933, 0.0309437252581, -0.0299210175872, 0.0387854017317, -0.0309737529606, 0.0229680966586, -0.0232850443572, 0.0270413327962, -0.0220738593489, 0.014477272518, -0.010926483199, 0.0136333592236], [-0.0242382846773, 0.0341688878834, -0.0344230122864, 0.0264442004263, -0.0309737529606, 0.0484384037554, -0.030192559585, 0.0181502196938, -0.0200514663011, 0.0200075488538, -0.0199842639267, 0.0181956738234, -0.0132445609197], [0.0210369750857, -0.0279070232064, 0.0291990097612, -0.0236889123917, 0.0229680966586, -0.030192559585, 0.0403216332197, -0.0258609876037, 0.0132870255038, -0.012351071462, 0.0171076953411, -0.012460171245, 0.0110269347206], [-0.0191622581333, 0.0251270588487, -0.0272628888488, 0.0245662797242, -0.0232850443572, 0.0181502196938, -0.0258609876037, 0.0431515462697, -0.0195788647979, 0.00890370644629, -0.0098542990163, 0.00918372999877, -0.0120130423456], [0.0175339877605, -0.0237311534584, 0.0233134236187, -0.0224122162908, 0.0270413327962, -0.0200514663011, 0.0132870255038, -0.0195788647979, 0.0413635335863, -0.0179869309068, 0.00535181630403, -0.0106585649773, 0.00928666628897], [-0.0152678471059, 0.02354109101, -0.0222395956516, 0.0210347957909, -0.0220738593489, 0.0200075488538, -0.012351071462, 0.00890370644629, -0.0179869309068, 0.0381052456796, -0.0201967358589, 0.00943614263088, -0.00661817798391], [0.0129127316177, -0.0185538046062, 0.0190086942166, -0.0163778793067, 0.014477272518, -0.0199842639267, 0.0171076953411, -0.0098542990163, 0.00535181630403, -0.0201967358589, 0.0397812575102, -0.0169627778232, 0.00265867821872], [-0.0105273099616, 0.0149469869211, -0.0145772723481, 0.0146247856319, -0.010926483199, 0.0181956738234, -0.012460171245, 0.00918372999877, -0.0106585649773, 0.00943614263088, -0.0169627778232, 0.0237110685557, -0.00652142195031], [0.0101626068354, -0.0123033858836, 0.0134877171367, -0.0112315881997, 0.0136333592236, -0.0132445609197, 0.0110269347206, -0.0120130423456, 0.00928666628897, -0.00661817798391, 0.00265867821872, -0.00652142195031, 0.0306974425912]]
    }
}

}