{
"metadata": {
    "version": {
        "essentia": "2.0.1",
        "extractor": "archive-music 1.0 mod ismir14"
    },
    "audio_properties": {
        "analysis_sample_rate": 44100,
        "bitrate": 32,
        "channels": 2,
        "equal_loudness": 0,
        "length": 30.0408172607,
        "replay_gain": -13.1388397217,
        "downmix": "mix"
    },
    "tags": {
        "track": 0,
        "year": 0,
        "album": "",
        "artist": "",
        "comment": "",
        "genre": "",
        "title": ""
    }
},
"rhythm": {
    "bpm": 86.560585022,
    "bpm_histogram_first_peak": 86,
    "bpm_histogram_first_peak_spread": 0.595238089561,
    "bpm_histogram_first_peak_weight": 0.404761910439,
    "bpm_histogram_second_peak": 0,
    "bpm_histogram_second_peak_spread": 0,
    "bpm_histogram_second_peak_weight": 0
},
"tonal": {
    "tuning_frequency": {
        "dmean": 0.389701932669,
        "dmean2": 0.773337423801,
        "dvar": 5.66265010834,
        "dvar2": 11.8277959824,
        "max": 455.516601562,
        "mean": 441.218322754,
        "median": 441.782684326,
        "min": 432.690917969,
        "var": 60.6494255066
    },
    "hpcp": {
        "dmean": [0.227638602257, 0.152327895164, 0.232422232628, 0.251762330532, 0.118187971413, 0.21531380713, 0.265396386385, 0.273308485746, 0.177517816424, 0.113312289119, 0.243338599801, 0.0812981724739],
        "dmean2": [0.389161765575, 0.269656717777, 0.430091530085, 0.445863336325, 0.20781289041, 0.349463135004, 0.458191663027, 0.480745732784, 0.297636598349, 0.195322111249, 0.448254227638, 0.145680055022],
        "dvar": [0.0433868803084, 0.0312899015844, 0.0598791018128, 0.0583841018379, 0.0277574062347, 0.0601330697536, 0.0681258663535, 0.0469996295869, 0.0387508533895, 0.0194165706635, 0.0685318484902, 0.0149682639167],
        "dvar2": [0.11824772507, 0.0810505822301, 0.170709863305, 0.173516780138, 0.0779149308801, 0.142142787576, 0.159798592329, 0.118398047984, 0.0955579504371, 0.0481253936887, 0.17289493978, 0.043786700815],
        "max": [1, 1, 1, 1, 1, 1, 1, 1, 1, 1, 1, 1],
        "mean": [0.305109500885, 0.179731294513, 0.235121503472, 0.305255711079, 0.133588343859, 0.326463669538, 0.350588828325, 0.400137454271, 0.249282345176, 0.137667879462, 0.783908545971, 0.10053575784],
        "median": [0.251216799021, 0.127129644156, 0.133068904281, 0.206405311823, 0.0756134241819, 0.138541132212, 0.243819758296, 0.358330100775, 0.138417229056, 0.0831403657794, 0.981052100658, 0.0791977122426],
        "min": [0.0168396420777, 0.00586829520762, 0.00928521342576, 0.00930598471314, 0.00878345500678, 0.0199619401246, 0.00790114421397, 0.0151176219806, 0.00768270343542, 0.00465908041224, 0.139555349946, 0.00547801144421],
        "var": [0.0642559379339, 0.0377630591393, 0.0614944398403, 0.0711643919349, 0.0257385428995, 0.111059144139, 0.0966558307409, 0.0854670926929, 0.0673801526427, 0.0249259863049, 0.0779802873731, 0.010934850201]
    }
},
"lowlevel": {
    "melbands": {
        "dmean": [1.45868380059e-05, 6.21423823759e-05, 5.74089644942e-05, 3.7971411075e-05, 1.55755151354e-05, 2.83073004539e-05, 2.87495749944e-05, 3.54149087798e-05, 4.09413914895e-05, 2.24916893785e-05, 1.59143964993e-05, 1.03007114376e-05, 8.99419228517e-06, 5.10730751557e-06, 8.38246160129e-06, 4.87520765091e-06, 6.3209745349e-06, 3.83011865779e-06, 2.51699975706e-06, 2.29714146371e-06, 2.32120487453e-06, 2.30721025218e-06, 3.69277336176e-06, 3.91951789425e-06, 2.51680376095e-06, 1.58551165441e-06, 1.63519769103e-06, 1.03455192857e-06, 4.83287408315e-07, 4.28603271985e-07, 3.74569140149e-07, 1.89045877619e-07, 7.8432265127e-08, 5.35403685831e-08, 5.18347071932e-08, 4.11417744317e-08, 3.46952191421e-08, 3.03943572533e-08, 1.70417386869e-08, 8.41434033561e-09],
        "dmean2": [2.56627354247e-05, 0.000116819908726, 0.000103024663986, 6.8840708991e-05, 2.8121896321e-05, 5.12327605975e-05, 5.11241996719e-05, 6.47150518489e-05, 6.7770080932e-05, 3.97642652388e-05, 2.71501066891e-05, 1.85679327842e-05, 1.62912983797e-05, 8.89408056537e-06, 1.54266381287e-05, 8.62404976942e-06, 1.16112387332e-05, 6.76918443787e-06, 4.54798509963e-06, 3.74288129024e-06, 4.0922250264e-06, 4.11115433963e-06, 6.7405730988e-06, 6.66687537887e-06, 4.29725787399e-06, 2.71611816061e-06, 2.77473213828e-06, 1.77075764896e-06, 8.4484912577e-07, 7.77864386237e-07, 6.35705930563e-07, 3.25127274436e-07, 1.37997815841e-07, 9.43165616718e-08, 9.0831832722e-08, 7.09007466071e-08, 6.19870093033e-08, 5.32333004344e-08, 3.07547942668e-08, 1.5293107225e-08],
        "dvar": [4.65609106826e-10, 4.68347449711e-09, 2.77488876321e-09, 3.03370017996e-09, 2.05331987524e-10, 5.84741532972e-10, 6.7615779642e-10, 1.42116074464e-09, 6.33450580878e-09, 3.41153394423e-09, 4.89146778637e-10, 5.89993831568e-10, 4.82393514023e-10, 1.11695770688e-10, 3.31654925745e-10, 7.1921239797e-11, 2.10890707675e-10, 5.15833244175e-11, 1.4761634623e-11, 2.13240865937e-11, 1.159246657e-11, 1.02067807331e-11, 3.86933020347e-11, 4.60456187068e-11, 1.81645688074e-11, 8.07751088239e-12, 1.0936421907e-11, 4.91610268119e-12, 5.19076643647e-13, 6.91871093837e-13, 5.49214699327e-13, 1.21240840176e-13, 1.46197039663e-14, 6.49853926232e-15, 6.71458306233e-15, 2.21812856711e-15, 1.54029860376e-15, 8.16351190443e-16, 3.03960578919e-16, 1.19908088361e-16],
        "dvar2": [1.21208754145e-09, 1.53782906409e-08, 8.0941111591e-09, 8.43360314917e-09, 5.5897225737e-10, 1.89512894266e-09, 1.85768100902e-09, 3.79186548827e-09, 1.32037998313e-08, 9.42503319834e-09, 1.21956389432e-09, 1.62704349993e-09, 1.33691513415e-09, 3.21348614385e-10, 9.75105995948e-10, 2.04249950286e-10, 5.98151750353e-10, 1.29990906927e-10, 3.93136842525e-11, 5.02078101317e-11, 2.86465677568e-11, 2.87537476468e-11, 1.09841816198e-10, 1.22992172003e-10, 4.3026682911e-11, 2.15830235628e-11, 2.73279125024e-11, 1.27591322924e-11, 1.31083121788e-12, 1.68568577066e-12, 1.5651231396e-12, 3.33343677097e-13, 3.31634405267e-14, 1.44554032915e-14, 1.31885892859e-14, 4.439477977e-15, 3.70089065798e-15, 2.08592175888e-15, 7.93634031496e-16, 3.04027256294e-16],
        "max": [0.000171530264197, 0.000417502480559, 0.000270352873486, 0.000329552451149, 8.75296609593e-05, 0.000146422855323, 0.000148457795149, 0.000146277889144, 0.000859088671859, 0.000485389318783, 0.000155488334713, 0.000133578869281, 0.000134328118293, 7.69117832533e-05, 0.000124538157252, 4.55407789559e-05, 8.91706804396e-05, 6.93254987709e-05, 2.62984904111e-05, 4.52216627309e-05, 2.20094552787e-05, 2.18585555558e-05, 3.22452397086e-05, 4.99833113281e-05, 3.3043903386e-05, 1.97497010959e-05, 2.68445419351e-05, 1.30140042529e-05, 5.32153717359e-06, 5.97598636887e-06, 4.70668192065e-06, 2.27707391787e-06, 7.31714521862e-07, 6.05855461799e-07, 6.92833623361e-07, 3.76923964041e-07, 3.33369371219e-07, 2.33722005305e-07, 1.54319877765e-07, 1.05245369753e-07],
        "mean": [1.84940272447e-05, 7.21149262972e-05, 7.74505388108e-05, 4.05341452279e-05, 2.18616296479e-05, 3.99937671318e-05, 3.94792405132e-05, 2.99966486637e-05, 4.72422252642e-05, 2.38364627876e-05, 1.8538790755e-05, 8.68963343237e-06, 6.83097414367e-06, 4.72697502119e-06, 7.63306525187e-06, 4.20077049057e-06, 4.78367564938e-06, 3.85167186323e-06, 2.62158118858e-06, 2.22466564992e-06, 2.17335764319e-06, 2.22342623601e-06, 3.5125794966e-06, 3.77986270905e-06, 2.47285356636e-06, 2.04752655009e-06, 1.69915233528e-06, 9.97997290142e-07, 5.45005889308e-07, 4.53420170743e-07, 3.64131949482e-07, 2.27603990766e-07, 1.13320886896e-07, 9.13220929988e-08, 8.90432829692e-08, 7.40750536465e-08, 6.68441657581e-08, 4.89012990101e-08, 2.55132004412e-08, 1.38224667268e-08],
        "median": [1.25395390569e-05, 5.5537911976e-05, 6.42987070023e-05, 2.66162169282e-05, 1.75863551704e-05, 3.54589719791e-05, 3.03175511362e-05, 1.57450413099e-05, 2.98614668282e-05, 1.3428722923e-05, 1.14670201583e-05, 2.72466581919e-06, 1.90034597836e-06, 1.91911226466e-06, 3.78827894565e-06, 1.90998116523e-06, 1.69313955212e-06, 1.32912316531e-06, 1.20912591228e-06, 9.41392329423e-07, 9.28902863961e-07, 8.1768621385e-07, 9.89857880995e-07, 7.40241887343e-07, 8.47246894864e-07, 7.04588160261e-07, 3.8147544501e-07, 3.45578939687e-07, 3.37126522254e-07, 1.9646111582e-07, 1.27125105109e-07, 9.54889500804e-08, 6.2529608158e-08, 5.46591536477e-08, 5.50992282911e-08, 5.10300566248e-08, 5.13142950354e-08, 3.51380116115e-08, 1.70150755707e-08, 9.92436532954e-09],
        "min": [1.89560500985e-06, 6.1291361817e-06, 4.07021843785e-06, 3.63434719475e-06, 1.11579595341e-06, 6.52729795547e-07, 9.05460638023e-07, 5.40473934052e-07, 1.01641369099e-07, 1.0429504016e-07, 9.89591555367e-08, 2.53007659268e-08, 6.30885708119e-08, 1.55679899194e-07, 4.44298002833e-08, 3.26243672077e-08, 3.78260907041e-08, 1.49650478676e-08, 1.53049644069e-08, 2.02992254117e-08, 2.90312094364e-08, 3.73402713194e-08, 3.73001576293e-08, 2.0093096964e-08, 3.10059959929e-08, 3.54070373021e-08, 9.38604216572e-09, 8.37771452211e-09, 4.26707167378e-08, 1.99109511101e-08, 8.5793345761e-09, 7.32556104666e-09, 7.34204119723e-09, 3.34553518222e-09, 2.70972599914e-09, 5.198759645e-09, 3.86874088321e-09, 4.67870409082e-09, 3.09800474163e-09, 1.31357369426e-09],
        "var": [4.19233370241e-10, 3.66021324361e-09, 2.54304133307e-09, 2.17263873559e-09, 2.80490658477e-10, 7.43131389758e-10, 9.63058521819e-10, 1.10713638257e-09, 6.9988308482e-09, 2.19992202233e-09, 5.26091226138e-10, 4.24264928744e-10, 3.28498422908e-10, 7.51324280568e-11, 2.05730515956e-10, 5.31867674902e-11, 1.31454319652e-10, 6.40916555938e-11, 1.43341389106e-11, 2.09518895289e-11, 1.22354531021e-11, 1.04667732814e-11, 3.88713748689e-11, 5.28795861265e-11, 1.90818472134e-11, 1.09073999832e-11, 1.23581509609e-11, 4.12411467823e-12, 5.169173466e-13, 6.48347911816e-13, 4.74920558609e-13, 1.15101653794e-13, 1.91622247719e-14, 9.94512648909e-15, 1.11696227286e-14, 4.83063270984e-15, 2.6055760485e-15, 1.48602560294e-15, 5.12364141745e-16, 1.55117143631e-16]
    },
    "mfcc": {
        "dmean": [32.1166572571, 11.5967750549, 17.3361740112, 9.09319496155, 10.4357385635, 9.59544277191, 10.5613098145, 7.2097325325, 6.0911822319, 6.83340883255, 6.23666286469, 6.59991836548, 6.69862890244],
        "dmean2": [56.5752372742, 19.2687416077, 27.3751850128, 15.2617702484, 18.3761062622, 16.4523410797, 17.8645877838, 12.7387456894, 10.3202104568, 11.1006565094, 10.2235441208, 10.9038829803, 10.9345293045],
        "dvar": [760.190673828, 102.804130554, 147.145980835, 90.5322723389, 69.255569458, 62.261554718, 83.7613677979, 28.5709667206, 32.0602531433, 30.6909332275, 26.8517131805, 24.43775177, 27.7685070038],
        "dvar2": [1650.28491211, 216.624969482, 430.288879395, 206.073425293, 177.07069397, 164.411026001, 224.8412323, 92.8511962891, 82.1202545166, 84.4425430298, 67.4017410278, 69.7797012329, 69.9846801758],
        "max": [-655.951660156, 149.110931396, 30.8271751404, 70.9847564697, 23.815486908, 20.6907444, 29.5725708008, 21.1618404388, 8.67502593994, 28.0344562531, 26.9400272369, 20.8091468811, 9.09473991394],
        "mean": [-749.211730957, 122.46962738, -5.06373214722, 25.1940746307, -6.84521245956, -5.80827617645, -4.39195108414, 0.151765465736, -5.25030183792, 6.31835317612, 0.655966162682, 3.31197094917, -7.41968202591],
        "median": [-753.100769043, 126.88571167, -4.23011398315, 23.5956420898, -8.98873329163, -5.26322555542, -5.90103721619, -0.437953948975, -4.33139419556, 6.91388511658, 0.694301605225, 3.54475021362, -6.26955604553],
        "min": [-929.802612305, 68.9980163574, -57.2124938965, -12.3944320679, -35.0339736938, -32.9654998779, -22.3674468994, -16.2133331299, -31.6494674683, -26.8017921448, -16.7528114319, -12.2008304596, -32.396572113],
        "var": [1344.40612793, 328.077148438, 352.25177002, 166.334396362, 120.06678009, 89.6546630859, 121.843978882, 53.4685630798, 54.9885215759, 63.9695930481, 44.7640342712, 39.2474937439, 58.7075996399],
        "cov": [[1352.70495605, -366.058654785, -534.509521484, 80.496711731, 20.5032558441, -90.8155975342, -0.618038237095, 47.178981781, -44.629486084, -37.5965881348, 41.7697677612, -11.4969797134, -77.5731582642], [-366.058654785, 330.102294922, 167.313964844, -144.794815063, -78.3734512329, 52.2068557739, 1.73809254169, -53.9690704346, 29.2635478973, 34.2342948914, 9.90494728088, 32.5456542969, 33.1650543213], [-534.509521484, 167.313964844, 354.426177979, 2.7213613987, 4.44721078873, 33.7518310547, -16.5366668701, -12.8690271378, 26.7228164673, 8.1101140976, -11.7143859863, -0.254836469889, 39.5017318726], [80.496711731, -144.794815063, 2.7213613987, 167.36114502, 88.6583404541, -52.065536499, -35.9647979736, 21.6793384552, -9.21016025543, -14.0046415329, -7.34065961838, -22.7357349396, -5.5917429924], [20.5032558441, -78.3734512329, 4.44721078873, 88.6583404541, 120.807929993, -25.9073619843, -41.1131019592, 18.6708297729, -6.51433515549, -7.22961521149, -14.6982603073, -15.9585733414, 0.878959953785], [-90.8155975342, 52.2068557739, 33.7518310547, -52.065536499, -25.9073619843, 90.2080841064, 64.3623428345, 4.7231259346, -1.27505469322, -19.6150722504, -6.97631835938, -0.0961437895894, -20.3663234711], [-0.618038237095, 1.73809254169, -16.5366668701, -35.9647979736, -41.1131019592, 64.3623428345, 122.596099854, 27.0101146698, -29.1127109528, -31.5793457031, -13.8998451233, 1.88915264606, -17.0808448792], [47.178981781, -53.9690704346, -12.8690271378, 21.6793384552, 18.6708297729, 4.7231259346, 27.0101146698, 53.7986183167, -3.63434171677, -27.7794208527, -7.60943317413, -5.37370872498, -6.64742469788], [-44.629486084, 29.2635478973, 26.7228164673, -9.21016025543, -6.51433515549, -1.27505469322, -29.1127109528, -3.63434171677, 55.3279571533, 24.6504364014, -0.902407169342, -4.89899396896, 0.167495504022], [-37.5965881348, 34.2342948914, 8.1101140976, -14.0046415329, -7.22961521149, -19.6150722504, -31.5793457031, -27.7794208527, 24.6504364014, 64.3644714355, 10.3607759476, -4.76818323135, 11.1175441742], [41.7697677612, 9.90494728088, -11.7143859863, -7.34065961838, -14.6982603073, -6.97631835938, -13.8998451233, -7.60943317413, -0.902407169342, 10.3607759476, 45.0403556824, 12.3925237656, -7.00862312317], [-11.4969797134, 32.5456542969, -0.254836469889, -22.7357349396, -15.9585733414, -0.0961437895894, 1.88915264606, -5.37370872498, -4.89899396896, -4.76818323135, 12.3925237656, 39.4897613525, 19.0983257294], [-77.5731582642, 33.1650543213, 39.5017318726, -5.5917429924, 0.878959953785, -20.3663234711, -17.0808448792, -6.64742469788, 0.167495504022, 11.1175441742, -7.00862312317, 19.0983257294, 59.0699920654]],
        "icov": [[0.00222206069157, 0.00064291007584, 0.0028768631164, -0.000362188002327, 0.000358417397365, 0.000815836305264, 8.58926505316e-05, -0.000308905466227, -0.000390805100324, 0.00110890495125, -0.00164237152785, 0.000479940790683, 0.000307404145133], [0.00064291007584, 0.0100689670071, -0.00349838030525, 0.00732866115868, -0.000517585838679, 0.00011636743875, -0.000585037458222, 0.00555049767718, -0.00219778041355, 3.0136656278e-05, -0.00120904983487, -0.00301679433323, -0.000439980969531], [0.0028768631164, -0.00349838030525, 0.00947200972587, -0.00507496856153, 0.00122243585065, -0.00286867958494, 0.00173255475238, -0.00218233559281, -0.00102223770227, 0.00203112303279, -0.00214971415699, 0.00349601986818, -0.00358903501183], [-0.000362188002327, 0.00732866115868, -0.00507496856153, 0.0193406790495, -0.00927698146552, 0.00941778346896, -0.00404524244368, 0.00513296853751, -0.0029154480435, 0.00430572079495, -0.00289148907177, 0.00247126654722, 0.00148312351666], [0.000358417397365, -0.000517585838679, 0.00122243585065, -0.00927698146552, 0.0194322392344, -0.0077383168973, 0.0118197631091, -0.00969020836055, 0.00827013794333, -0.00474398164079, 0.00732692144811, -0.000927921151742, 0.000474546744954], [0.000815836305264, 0.00011636743875, -0.00286867958494, 0.00941778346896, -0.0077383168973, 0.0321958549321, -0.0182162076235, 0.00899795070291, -0.00989593192935, 0.00977465882897, -0.00329906120896, 0.00169944704976, 0.00802427809685], [8.58926505316e-05, -0.000585037458222, 0.00173255475238, -0.00404524244368, 0.0118197631091, -0.0182162076235, 0.0279627572745, -0.016225097701, 0.016343979165, -0.00679043261334, 0.0100274430588, -0.00368282292038, 0.00231526629068], [-0.000308905466227, 0.00555049767718, -0.00218233559281, 0.00513296853751, -0.00969020836055, 0.00899795070291, -0.016225097701, 0.0392812937498, -0.0154218133539, 0.0170210897923, -0.00701485574245, 0.00486214598641, -0.00416550692171], [-0.000390805100324, -0.00219778041355, -0.00102223770227, -0.0029154480435, 0.00827013794333, -0.00989593192935, 0.016343979165, -0.0154218133539, 0.0343779139221, -0.0162693634629, 0.00989298243076, -0.00312699144706, 0.00573329534382], [0.00110890495125, 3.0136656278e-05, 0.00203112303279, 0.00430572079495, -0.00474398164079, 0.00977465882897, -0.00679043261334, 0.0170210897923, -0.0162693634629, 0.0339134968817, -0.012157744728, 0.0134119279683, -0.0082342159003], [-0.00164237152785, -0.00120904983487, -0.00214971415699, -0.00289148907177, 0.00732692144811, -0.00329906120896, 0.0100274430588, -0.00701485574245, 0.00989298243076, -0.012157744728, 0.0365739315748, -0.0175637304783, 0.0128277968615], [0.000479940790683, -0.00301679433323, 0.00349601986818, 0.00247126654722, -0.000927921151742, 0.00169944704976, -0.00368282292038, 0.00486214598641, -0.00312699144706, 0.0134119279683, -0.0175637304783, 0.0458526499569, -0.0191221572459], [0.000307404145133, -0.000439980969531, -0.00358903501183, 0.00148312351666, 0.000474546744954, 0.00802427809685, 0.00231526629068, -0.00416550692171, 0.00573329534382, -0.0082342159003, 0.0128277968615, -0.0191221572459, 0.0323186032474]]
    }
}

}