{
"metadata": {
    "version": {
        "essentia": "2.0.1",
        "extractor": "archive-music 1.0 mod ismir14"
    },
    "audio_properties": {
        "analysis_sample_rate": 44100,
        "bitrate": 32,
        "channels": 2,
        "equal_loudness": 0,
        "length": 30.0408172607,
        "replay_gain": -13.3254871368,
        "downmix": "mix"
    },
    "tags": {
        "track": 0,
        "year": 0,
        "album": "",
        "artist": "",
        "comment": "",
        "genre": "",
        "title": ""
    }
},
"rhythm": {
    "bpm": 90.2956161499,
    "bpm_histogram_first_peak": 91,
    "bpm_histogram_first_peak_spread": 0.341463446617,
    "bpm_histogram_first_peak_weight": 0.62790697813,
    "bpm_histogram_second_peak": 85,
    "bpm_histogram_second_peak_spread": 0,
    "bpm_histogram_second_peak_weight": 0.0465116277337
},
"tonal": {
    "tuning_frequency": {
        "dmean": 0.18739412725,
        "dmean2": 0.362547129393,
        "dvar": 0.786273241043,
        "dvar2": 1.48736560345,
        "max": 452.37008667,
        "mean": 449.267913818,
        "median": 450.284484863,
        "min": 446.657836914,
        "var": 3.34115505219
    },
    "hpcp": {
        "dmean": [0.282123178244, 0.0770444050431, 0.151812255383, 0.164384827018, 0.404264748096, 0.297154605389, 0.118640191853, 0.318612784147, 0.135322451591, 0.0982042625546, 0.124173991382, 0.14816185832],
        "dmean2": [0.498385965824, 0.128326609731, 0.256231337786, 0.306432664394, 0.735468149185, 0.535687327385, 0.203447163105, 0.53101593256, 0.243879497051, 0.172448039055, 0.216590568423, 0.260705828667],
        "dvar": [0.099552758038, 0.00999175291508, 0.0307655166835, 0.0532131530344, 0.090473882854, 0.0840789824724, 0.0146672679111, 0.0886170864105, 0.0305928383023, 0.0182963926345, 0.0267791710794, 0.0321280919015],
        "dvar2": [0.178704291582, 0.0257200803608, 0.0760241299868, 0.148711696267, 0.23493117094, 0.199880987406, 0.0370442084968, 0.196821287274, 0.0848289579153, 0.0519405677915, 0.0754394382238, 0.0915721207857],
        "max": [1, 0.655624687672, 1, 1, 1, 1, 0.700163900852, 1, 1, 1, 1, 1],
        "mean": [0.565629243851, 0.0829953253269, 0.18504281342, 0.150812312961, 0.404637187719, 0.398542076349, 0.128871709108, 0.425372868776, 0.124946884811, 0.10144995153, 0.120032832026, 0.147330850363],
        "median": [0.499679118395, 0.0517457425594, 0.110480964184, 0.0754545405507, 0.261336237192, 0.251765847206, 0.074522793293, 0.272503137589, 0.0701511204243, 0.0714530274272, 0.0707586556673, 0.0823966786265],
        "min": [0.00812822114676, 0.00227441755123, 0.0112756192684, 0.00557200890034, 0.0131920669228, 0.00920972041786, 0.00539791956544, 0.00698868604377, 0.00140669976827, 0.00455838348716, 0.00316790747456, 0.00442937808111],
        "var": [0.158637046814, 0.010489388369, 0.0405114740133, 0.0482104234397, 0.11953894794, 0.133939653635, 0.0188750587404, 0.141701951623, 0.0273193810135, 0.0151065494865, 0.0226268097758, 0.0297508146614]
    }
},
"lowlevel": {
    "melbands": {
        "dmean": [6.82313693687e-05, 0.000174436441739, 4.96611901326e-05, 3.11549629259e-05, 2.79960459011e-05, 2.06476543099e-05, 2.71597873507e-05, 4.20908509113e-05, 7.2239417932e-05, 5.45368202438e-05, 2.16959360841e-05, 2.55331160588e-05, 3.06228612317e-05, 1.02468711702e-05, 1.75655623025e-05, 2.14024366869e-05, 5.59514455745e-06, 3.64070274372e-06, 1.59536989486e-06, 1.92315451386e-06, 3.46718934452e-06, 2.42745068135e-06, 4.45907062385e-06, 3.52033316631e-06, 1.950017122e-06, 2.36685673372e-06, 2.05998526326e-06, 1.2256498394e-06, 5.48667799194e-07, 4.87037311814e-07, 2.26832867156e-07, 9.29250134618e-08, 5.46011058589e-08, 5.00649441904e-08, 4.30093294312e-08, 4.11512672827e-08, 3.86271956643e-08, 5.49991874266e-08, 5.23221146409e-08, 4.03653999115e-08],
        "dmean2": [0.000106966122985, 0.000279468629742, 8.84794208105e-05, 5.47358795302e-05, 5.06139331264e-05, 3.76416683139e-05, 4.64730037493e-05, 7.9570512753e-05, 0.000133704583277, 0.000101437028206, 4.21277291025e-05, 4.81954411953e-05, 5.57973689865e-05, 1.93248761207e-05, 3.18856800732e-05, 3.88307817047e-05, 1.05351800812e-05, 6.74509237797e-06, 2.89830882139e-06, 3.40280212185e-06, 6.29262103757e-06, 4.49657272839e-06, 8.48551189847e-06, 6.50797528579e-06, 3.56906457455e-06, 4.38788492829e-06, 3.7825459458e-06, 2.21953541768e-06, 1.01717205325e-06, 9.16587168831e-07, 4.17974348466e-07, 1.7071909042e-07, 1.03333320567e-07, 9.19250240372e-08, 7.81631186442e-08, 7.31145277655e-08, 7.15231180948e-08, 1.01055846358e-07, 9.71771498826e-08, 7.40638483876e-08],
        "dvar": [2.08948702785e-09, 1.63675188958e-08, 2.71518652006e-09, 5.94123583664e-10, 1.28189947546e-09, 4.21442603038e-10, 1.86921833567e-09, 3.37562400254e-09, 7.33543137343e-09, 1.54799906227e-08, 9.17539999534e-09, 1.95604887843e-09, 3.27020743818e-09, 2.22257351412e-10, 5.94955418265e-10, 1.25370602788e-09, 4.08154177123e-10, 6.11180828169e-11, 2.96206397084e-12, 2.25682710367e-12, 1.07303931365e-11, 5.78096641737e-12, 2.15656034697e-11, 8.91306039391e-12, 2.98379658654e-12, 5.57963744652e-12, 4.13127995355e-12, 1.39331428339e-12, 3.17751874075e-13, 2.88681594905e-13, 4.83653373427e-14, 9.45843914529e-15, 2.80746021049e-15, 2.10653854081e-15, 1.3054725893e-15, 1.67161592152e-15, 1.77294329662e-15, 3.90672728746e-15, 2.98060157996e-15, 2.30327443655e-15],
        "dvar2": [5.29042631925e-09, 4.8365169647e-08, 7.51441042723e-09, 1.60776547631e-09, 3.33355698601e-09, 9.54123335895e-10, 4.73997774364e-09, 9.8854160413e-09, 2.13132906879e-08, 4.39386340645e-08, 2.75944671557e-08, 5.80264947203e-09, 9.15574727145e-09, 6.45067443905e-10, 1.56347013114e-09, 3.49318551862e-09, 1.22086418752e-09, 1.78550479957e-10, 8.53329212847e-12, 6.54463722799e-12, 2.80970854222e-11, 1.65954090747e-11, 5.9393295837e-11, 2.37606097991e-11, 8.72304659061e-12, 1.5273374579e-11, 1.14995860057e-11, 3.94110915777e-12, 8.88142803659e-13, 8.19464125463e-13, 1.44157336892e-13, 2.95306009192e-14, 8.0816556992e-15, 6.12798860592e-15, 3.75946510386e-15, 5.02672634284e-15, 5.50157428362e-15, 1.19000268623e-14, 9.11081004748e-15, 6.96490205055e-15],
        "max": [0.000264689850155, 0.000819924462121, 0.000427906838013, 0.000179601658601, 0.000299527251627, 0.000154774010298, 0.000430682644947, 0.000288552837446, 0.000498361245263, 0.000958955381066, 0.000871857628226, 0.000265878625214, 0.000324453547364, 7.72737694206e-05, 0.000134275906021, 0.000165087374626, 0.000183174328413, 5.11625694344e-05, 1.39639596455e-05, 6.76830541124e-06, 1.86600082088e-05, 1.10381224658e-05, 2.11155220313e-05, 1.45400163092e-05, 9.03824638954e-06, 1.54541939992e-05, 1.14992562885e-05, 7.6731594163e-06, 3.21421839544e-06, 3.83719907404e-06, 1.49936920479e-06, 8.48994204716e-07, 3.3999367588e-07, 3.27563355995e-07, 2.07701148724e-07, 2.3920048875e-07, 2.33182134934e-07, 3.63703719586e-07, 3.22538539876e-07, 3.67186146377e-07],
        "mean": [0.000101007099147, 0.000266897783149, 8.60634245328e-05, 4.07915904361e-05, 2.72557845165e-05, 2.20936199185e-05, 2.86955291813e-05, 3.58313518518e-05, 6.0221318563e-05, 3.82341095246e-05, 1.51420726979e-05, 1.86824800039e-05, 2.12870763789e-05, 8.58485964272e-06, 1.47007422129e-05, 1.5765437638e-05, 4.07126890423e-06, 2.94182132166e-06, 1.67646919635e-06, 2.06568893191e-06, 3.04055106426e-06, 2.20944161811e-06, 3.78072650165e-06, 2.96611142403e-06, 1.85537828656e-06, 2.09130485018e-06, 1.69160853147e-06, 1.01485693449e-06, 5.11227710831e-07, 4.07595848628e-07, 2.2175871095e-07, 1.16331882793e-07, 7.24117015238e-08, 6.39133830305e-08, 6.08258687862e-08, 6.01995040483e-08, 4.69755754295e-08, 6.81254661572e-08, 6.18030639998e-08, 5.08421216239e-08],
        "median": [9.26475986489e-05, 0.000234880615608, 7.41543190088e-05, 3.18032216455e-05, 1.68655878952e-05, 1.5394653019e-05, 1.62962023751e-05, 1.83397551154e-05, 2.91421329166e-05, 9.1288375188e-06, 5.66169273952e-06, 6.98351050232e-06, 4.15682825405e-06, 3.94936205339e-06, 5.91273146711e-06, 4.73114550914e-06, 1.47874300183e-06, 1.25774238313e-06, 1.14408362606e-06, 1.63917798091e-06, 1.91908816305e-06, 1.36351422952e-06, 2.19389198719e-06, 1.54099484462e-06, 1.3880953702e-06, 1.21843527268e-06, 9.06980972104e-07, 5.30063857695e-07, 3.37811542295e-07, 2.35646893998e-07, 1.56595561407e-07, 9.61868167337e-08, 5.73661296244e-08, 4.86975437752e-08, 5.03770429816e-08, 5.11548527982e-08, 3.44692345777e-08, 5.05132753403e-08, 4.66643221841e-08, 3.93082721928e-08],
        "min": [4.49190429208e-06, 1.27177245304e-05, 5.05526804773e-06, 5.28552300239e-06, 1.91421781892e-06, 1.486801807e-06, 1.52265943143e-06, 1.65460710377e-06, 1.32371485506e-06, 6.68603831855e-07, 5.49003232209e-07, 3.99434327392e-07, 3.46158486764e-07, 5.48824971247e-07, 2.93782761673e-07, 2.19277353608e-07, 1.0384953697e-07, 2.29139217822e-07, 1.51514427671e-07, 2.10866730299e-07, 2.13982602304e-07, 1.45882310676e-07, 2.0542525192e-07, 2.12238035147e-07, 2.12156521684e-07, 2.72859296047e-07, 8.32345605772e-08, 5.45594041057e-08, 5.21734442316e-08, 4.10970635301e-08, 2.4325322201e-08, 1.73277197035e-08, 1.25995773814e-08, 1.16369083258e-08, 7.95752796989e-09, 7.90542209472e-09, 6.33068220068e-09, 1.02457473616e-08, 3.67421071346e-09, 2.04514827296e-09],
        "var": [3.90289578434e-09, 3.09652996577e-08, 3.35787109229e-09, 8.29377677647e-10, 1.12359965776e-09, 5.27647425752e-10, 1.7446781797e-09, 2.46366815837e-09, 6.54080478668e-09, 9.5684953294e-09, 4.74644590298e-09, 1.29274502214e-09, 2.24599983056e-09, 1.6537454739e-10, 4.70141647835e-10, 8.98780050385e-10, 2.15450282615e-10, 3.81901697766e-11, 2.66391140917e-12, 2.67570384252e-12, 9.94912919411e-12, 5.16320102992e-12, 1.71824793976e-11, 8.93285272141e-12, 2.74381233879e-12, 4.60289879128e-12, 3.46838985484e-12, 1.22438073135e-12, 2.62534893998e-13, 2.17987954076e-13, 4.23790268557e-14, 8.7725321934e-15, 2.84827195195e-15, 2.15126823317e-15, 1.38152471302e-15, 1.4213420378e-15, 1.50955808404e-15, 3.35743065633e-15, 2.6091471394e-15, 1.91106345362e-15]
    },
    "mfcc": {
        "dmean": [42.9569473267, 11.602098465, 20.5789890289, 13.0259723663, 11.8189611435, 11.5523767471, 10.1291341782, 8.23041915894, 5.36230516434, 6.40329265594, 6.85553073883, 6.1741809845, 5.95084857941],
        "dmean2": [79.0707626343, 19.4964466095, 34.957775116, 21.1722564697, 20.6320915222, 19.5514545441, 16.4009914398, 13.8698091507, 8.88212203979, 10.891248703, 11.225692749, 10.6155233383, 10.0930871964],
        "dvar": [801.727416992, 76.4437026978, 187.124298096, 112.244781494, 73.7048568726, 86.3935623169, 74.494468689, 50.4069900513, 16.0011882782, 26.8551998138, 27.6976566315, 19.715845108, 16.0020656586],
        "dvar2": [2666.4609375, 207.99281311, 648.689575195, 300.982208252, 235.780029297, 256.598815918, 202.602096558, 140.890304565, 45.8174514771, 68.8223953247, 76.4554290771, 55.450717926, 46.6664085388],
        "max": [-667.674194336, 151.785675049, 32.6323165894, 59.0305252075, 32.9539451599, 21.2588920593, 42.6911468506, 37.1115646362, 13.8957710266, 24.4760608673, 20.2170257568, 24.6225967407, 16.6292495728],
        "mean": [-734.742980957, 125.460113525, -6.44079971313, 25.2966976166, 5.32623004913, -5.84668397903, 14.1433601379, 5.95652198792, 1.27031099796, 3.47893953323, 5.64860582352, 7.99162197113, 1.07061266899],
        "median": [-733.794433594, 126.889907837, -7.86059570312, 23.4920501709, 4.72324752808, -5.91762161255, 13.6168365479, 5.64479255676, 1.84908676147, 2.96879005432, 4.94892120361, 8.3740978241, 1.13933181763],
        "min": [-823.388549805, 94.0391845703, -42.9837341309, -10.1664733887, -23.6821327209, -32.1735534668, -12.4706916809, -15.1287269592, -14.8785820007, -17.1787090302, -10.8085536957, -7.60251617432, -14.8555545807],
        "var": [973.685974121, 140.930587769, 297.909637451, 214.47366333, 120.52519989, 102.273979187, 102.613883972, 70.1851959229, 31.0074386597, 54.3509521484, 44.044883728, 37.2729949951, 30.4485626221],
        "cov": [[979.696350098, -3.98545622826, -376.691680908, 0.893055856228, -176.523986816, -100.415283203, -44.3106803894, -30.2305450439, -33.197265625, -24.2648239136, -35.2967681885, -11.2034244537, -38.086391449], [-3.98545622826, 141.800521851, -1.23729074001, -104.755279541, -44.5305671692, 8.02135658264, 23.8280391693, 10.5809078217, -16.9897689819, -1.72296929359, 44.4551696777, 6.93003559113, -1.91016829014], [-376.691680908, -1.23729074001, 299.748565674, -40.1543464661, 119.406913757, 17.7473869324, -0.764878988266, -3.43785572052, 17.407365799, 22.4229679108, 0.384318083525, -11.185218811, 13.3007192612], [0.893055856228, -104.755279541, -40.1543464661, 215.797576904, 30.4006881714, -5.47526597977, -61.2478523254, -18.9833774567, 31.7659416199, 18.051700592, -39.0737571716, -7.67808914185, 20.3073043823], [-176.523986816, -44.5305671692, 119.406913757, 30.4006881714, 121.269180298, 1.43551373482, 2.69530200958, -23.7657566071, 22.041721344, 27.6318321228, -7.99413251877, 0.35646033287, 2.27305555344], [-100.415283203, 8.02135658264, 17.7473869324, -5.47526597977, 1.43551373482, 102.905296326, 49.0490646362, 27.0095748901, -10.5760622025, -3.05124855042, 29.3433818817, -1.85095739365, -12.2925004959], [-44.3106803894, 23.8280391693, -0.764878988266, -61.2478523254, 2.69530200958, 49.0490646362, 103.247299194, 39.3567008972, -4.81967306137, -15.0237493515, 26.3487434387, 14.7599992752, -12.7661333084], [-30.2305450439, 10.5809078217, -3.43785572052, -18.9833774567, -23.7657566071, 27.0095748901, 39.3567008972, 70.6184387207, 2.94806933403, -17.3655948639, 9.52077198029, 11.865073204, 5.73243379593], [-33.197265625, -16.9897689819, 17.407365799, 31.7659416199, 22.041721344, -10.5760622025, -4.81967306137, 2.94806933403, 31.198841095, 20.6449546814, -4.20839357376, 2.21503973007, 5.94298887253], [-24.2648239136, -1.72296929359, 22.4229679108, 18.051700592, 27.6318321228, -3.05124855042, -15.0237493515, -17.3655948639, 20.6449546814, 54.6864509583, 10.2146463394, -1.94298601151, -3.14571166039], [-35.2967681885, 44.4551696777, 0.384318083525, -39.0737571716, -7.99413251877, 29.3433818817, 26.3487434387, 9.52077198029, -4.20839357376, 10.2146463394, 44.3167648315, 11.2028141022, -6.83867645264], [-11.2034244537, 6.93003559113, -11.185218811, -7.67808914185, 0.35646033287, -1.85095739365, 14.7599992752, 11.865073204, 2.21503973007, -1.94298601151, 11.2028141022, 37.503074646, 9.0193605423], [-38.086391449, -1.91016829014, 13.3007192612, 20.3073043823, 2.27305555344, -12.2925004959, -12.7661333084, 5.73243379593, 5.94298887253, -3.14571166039, -6.83867645264, 9.0193605423, 30.636516571]],
        "icov": [[0.00271788914688, 0.000477468827739, 0.00279381521977, 0.000711711705662, 0.00138436234556, 0.00188038102351, 0.000100900811958, 0.000242652822635, 0.00114147178829, -0.00127417687327, 0.00182940566447, 0.000432516710134, 0.00230106641538], [0.000477468827739, 0.0169624965638, -0.000442481163191, 0.00575199071318, 0.0055224201642, 0.00229878094979, 8.84906330612e-05, 0.00173836620525, 0.00046020821901, -0.000855961523484, -0.0139599386603, 0.00305672246031, -0.00593837117776], [0.00279381521977, -0.000442481163191, 0.0117029519752, 0.00567266484722, -0.00893085729331, -0.00190969242249, 0.00488539040089, -0.00256462139077, -0.00190213310998, -0.000418842042563, 0.0031827786006, 0.00436455011368, -0.00323180458508], [0.000711711705662, 0.00575199071318, 0.00567266484722, 0.014099127613, -0.00366279366426, -0.00694700609893, 0.00796878896654, 0.000965563056525, -0.0108116334304, 0.000519396853633, 0.00353820133023, 0.00136722985189, -0.00740274740383], [0.00138436234556, 0.0055224201642, -0.00893085729331, -0.00366279366426, 0.0259415470064, 0.00311988801695, -0.00890418514609, 0.00998962856829, -0.00290479511023, -0.00561533449218, 0.00108659185935, -0.00514163030311, 0.00386121473275], [0.00188038102351, 0.00229878094979, -0.00190969242249, -0.00694700609893, 0.00311988801695, 0.0232648905367, -0.00945509038866, -0.0050988048315, 0.0145921763033, -0.00290883844718, -0.0136218685657, 0.00620291382074, 0.00603611255065], [0.000100900811958, 8.84906330612e-05, 0.00488539040089, 0.00796878896654, -0.00890418514609, -0.00945509038866, 0.0245276447386, -0.00782274268568, -0.00890729576349, 0.0075215222314, -0.0021591973491, -0.00397148635238, 0.00446651363745], [0.000242652822635, 0.00173836620525, -0.00256462139077, 0.000965563056525, 0.00998962856829, -0.0050988048315, -0.00782274268568, 0.0270972009748, -0.0138464346528, 0.00663384003565, 0.000775280292146, -0.00443076249212, -0.00538884941489], [0.00114147178829, 0.00046020821901, -0.00190213310998, -0.0108116334304, -0.00290479511023, 0.0145921763033, -0.00890729576349, -0.0138464346528, 0.0707542896271, -0.0267670098692, 0.00146375165787, 0.000569211086258, -0.00192480895203], [-0.00127417687327, -0.000855961523484, -0.000418842042563, 0.000519396853633, -0.00561533449218, -0.00290883844718, 0.0075215222314, 0.00663384003565, -0.0267670098692, 0.0379021540284, -0.0157351754606, 0.0018003010191, 0.00438428577036], [0.00182940566447, -0.0139599386603, 0.0031827786006, 0.00353820133023, 0.00108659185935, -0.0136218685657, -0.0021591973491, 0.000775280292146, 0.00146375165787, -0.0157351754606, 0.0603980123997, -0.0159962363541, 0.00737748295069], [0.000432516710134, 0.00305672246031, 0.00436455011368, 0.00136722985189, -0.00514163030311, 0.00620291382074, -0.00397148635238, -0.00443076249212, 0.000569211086258, 0.0018003010191, -0.0159962363541, 0.0396212562919, -0.0151890823618], [0.00230106641538, -0.00593837117776, -0.00323180458508, -0.00740274740383, 0.00386121473275, 0.00603611255065, 0.00446651363745, -0.00538884941489, -0.00192480895203, 0.00438428577036, 0.00737748295069, -0.0151890823618, 0.0533880367875]]
    }
}

}