{
"metadata": {
    "version": {
        "essentia": "2.0.1",
        "extractor": "archive-music 1.0 mod ismir14"
    },
    "audio_properties": {
        "analysis_sample_rate": 44100,
        "bitrate": 32,
        "channels": 2,
        "equal_loudness": 0,
        "length": 30.0408172607,
        "replay_gain": -9.58841705322,
        "downmix": "mix"
    },
    "tags": {
        "track": 0,
        "year": 0,
        "album": "",
        "artist": "",
        "comment": "",
        "genre": "",
        "title": ""
    }
},
"rhythm": {
    "bpm": 172.265594482,
    "bpm_histogram_first_peak": 172,
    "bpm_histogram_first_peak_spread": 0,
    "bpm_histogram_first_peak_weight": 0.529411792755,
    "bpm_histogram_second_peak": 178,
    "bpm_histogram_second_peak_spread": 0,
    "bpm_histogram_second_peak_weight": 0.258823543787
},
"tonal": {
    "tuning_frequency": {
        "dmean": 0.033851351589,
        "dmean2": 0.0678075104952,
        "dvar": 0.118872463703,
        "dvar2": 0.297089636326,
        "max": 438.984558105,
        "mean": 435.261627197,
        "median": 435.448913574,
        "min": 432.940917969,
        "var": 0.392032146454
    },
    "hpcp": {
        "dmean": [0.0834681466222, 0.1520588696, 0.152926951647, 0.152894645929, 0.0386985763907, 0.0799812972546, 0.103247337043, 0.120373636484, 0.0499172359705, 0.0604837462306, 0.135911479592, 0.0654274970293],
        "dmean2": [0.149824932218, 0.276961535215, 0.282834678888, 0.278287917376, 0.0727904736996, 0.139373406768, 0.191748514771, 0.205193579197, 0.0880112871528, 0.108227483928, 0.229110151529, 0.117131978273],
        "dvar": [0.0427854955196, 0.0730809941888, 0.0789829343557, 0.0831511467695, 0.022071769461, 0.0432272739708, 0.0623222365975, 0.0636419355869, 0.0241874363273, 0.0253799129277, 0.0557273216546, 0.0333194434643],
        "dvar2": [0.101396150887, 0.184027552605, 0.209740623832, 0.1657589674, 0.060150437057, 0.10163205862, 0.155047252774, 0.133019372821, 0.056175366044, 0.0592138431966, 0.10819324851, 0.086438536644],
        "max": [1, 1, 1, 1, 1, 1, 1, 1, 1, 1, 1, 1],
        "mean": [0.082315698266, 0.188953757286, 0.136723935604, 0.303691029549, 0.0276259928942, 0.111172132194, 0.128948256373, 0.188744187355, 0.0489236861467, 0.0627885758877, 0.330828338861, 0.0531489923596],
        "median": [0.00967039261013, 0.0348004326224, 0.0276470780373, 0.0483508557081, 0.00114698300604, 0.0108379591256, 0.00132018746808, 0.0099706556648, 0.00236653978936, 0.00382651528344, 0.103886947036, 0.00327469175681],
        "min": [2.24059731408e-05, 2.23605857173e-05, 8.44637816044e-06, 2.62909316007e-06, 1.41061093473e-06, 4.04623597206e-06, 3.42395605912e-06, 3.58016973223e-06, 8.15234398033e-06, 2.91566925625e-06, 4.14638407165e-07, 1.7482909243e-05],
        "var": [0.0451366566122, 0.104430094361, 0.0663364231586, 0.167485937476, 0.0160341989249, 0.0716962665319, 0.0919010937214, 0.116239443421, 0.030869955197, 0.0335160195827, 0.158940419555, 0.0273705404252]
    }
},
"lowlevel": {
    "melbands": {
        "dmean": [2.14392389353e-06, 4.45860532636e-05, 5.90178460698e-05, 0.000487009965582, 0.000509483565111, 0.000276986567769, 0.000112163485028, 9.47079024627e-05, 5.51905905013e-05, 3.94524577132e-05, 3.43142382917e-05, 1.84757736861e-05, 3.25779255945e-05, 1.25617825688e-05, 1.36976623253e-05, 8.74844135978e-06, 1.80076567631e-05, 8.64782214194e-06, 1.03399015643e-05, 2.8963031582e-06, 4.07278912462e-06, 3.78278582502e-06, 2.82054179479e-06, 3.1824688449e-06, 6.90819751981e-06, 6.99115344105e-06, 2.27962505051e-06, 1.20031199913e-06, 3.8758730625e-07, 2.42446390075e-07, 1.09833450779e-07, 1.87356210546e-08, 2.85561752023e-09, 7.71485098028e-10, 2.59536669933e-10, 1.14000565932e-10, 5.15456462236e-11, 2.01907726649e-11, 1.0876420424e-11, 7.02099836603e-12],
        "dmean2": [3.74506498702e-06, 6.83848702465e-05, 8.6332205683e-05, 0.000743494427297, 0.00076386803994, 0.000421014323365, 0.00017255358398, 0.000143675002619, 8.47915871418e-05, 6.34982934571e-05, 4.81014540128e-05, 2.73911537079e-05, 4.91200626129e-05, 1.80193674169e-05, 2.33982118516e-05, 1.30855578391e-05, 2.5689460017e-05, 1.3699599549e-05, 1.55474099302e-05, 4.38044025941e-06, 6.53484630675e-06, 6.22569405095e-06, 4.76470222566e-06, 5.05422667629e-06, 1.10180408228e-05, 1.05196968434e-05, 3.73962348021e-06, 1.93883852262e-06, 6.27995632385e-07, 4.09599010709e-07, 1.76639190386e-07, 2.98667011123e-08, 4.36740377197e-09, 1.21003329578e-09, 4.10206563162e-10, 1.81358691953e-10, 7.99373137128e-11, 2.95316618382e-11, 1.55556349052e-11, 9.97480570364e-12],
        "dvar": [1.14344991808e-11, 9.45492484306e-09, 1.33227997523e-08, 1.48448111759e-06, 7.65733375374e-07, 1.48830253011e-07, 3.70936454885e-08, 4.64582043946e-08, 3.23561586413e-08, 1.43325769031e-08, 1.26713413096e-08, 4.44465841909e-09, 1.32333743963e-08, 1.7593683177e-09, 4.0077035024e-09, 3.99507843474e-10, 2.85811974088e-09, 2.53435689102e-10, 4.94484619917e-10, 2.79765186711e-11, 6.14968284629e-11, 6.19844869876e-11, 6.11211636858e-11, 5.51479521771e-11, 3.46213113733e-10, 2.96359520258e-10, 2.73342546514e-11, 9.81633350994e-12, 1.50927458465e-12, 1.3373206622e-12, 3.86498965428e-13, 6.13694809692e-15, 4.04045118464e-16, 1.45358728508e-17, 7.02594442702e-19, 1.49963140466e-19, 2.90483536026e-20, 1.93595462942e-21, 1.77472549581e-21, 1.57376028982e-21],
        "dvar2": [3.08739804555e-11, 1.49460923637e-08, 2.6034618017e-08, 2.471113703e-06, 1.5654031813e-06, 3.37416480534e-07, 8.41875262836e-08, 1.02286620063e-07, 6.45925055665e-08, 3.47553203994e-08, 2.74457789828e-08, 7.95056998015e-09, 2.7281121362e-08, 3.30409744009e-09, 1.10140128129e-08, 8.5342027889e-10, 4.22256940524e-09, 5.60249402426e-10, 9.6459484844e-10, 6.53111592586e-11, 1.50015208589e-10, 1.43906761507e-10, 1.69500719016e-10, 1.25930835204e-10, 6.96047608439e-10, 5.13675824099e-10, 7.03686414694e-11, 2.33153218954e-11, 3.04387504785e-12, 2.68612779589e-12, 8.06566293789e-13, 1.45989702938e-14, 9.24128721443e-16, 3.54957130568e-17, 1.66076081131e-18, 3.39941427408e-19, 5.77094703563e-20, 2.73820794419e-21, 2.46655302608e-21, 2.02440237045e-21],
        "max": [3.59839905286e-05, 0.00257048383355, 0.0014880259987, 0.0297174416482, 0.00965502858162, 0.00315154157579, 0.00188221223652, 0.00258125830442, 0.00257403939031, 0.0012322627008, 0.0014722708147, 0.000810313620605, 0.00170065474231, 0.000610817223787, 0.000800504989456, 0.000364067149349, 0.00139555241913, 0.000189010548638, 0.000405038066674, 8.31913857837e-05, 6.94985865266e-05, 8.04431547294e-05, 8.74957331689e-05, 0.000110391476483, 0.000253283214988, 0.000315204408253, 5.01003050886e-05, 3.39311700372e-05, 1.81597770279e-05, 1.9135643015e-05, 1.24102725749e-05, 1.44536647895e-06, 4.34522121395e-07, 5.66788465051e-08, 1.25388002203e-08, 5.61704727176e-09, 2.74694711422e-09, 1.19556609057e-09, 1.15849008164e-09, 1.14100495718e-09],
        "mean": [2.45015098699e-06, 7.56735025789e-05, 0.00011126633035, 0.000909856171347, 0.000876160222106, 0.000406798761105, 0.000155211237143, 0.000152578169946, 6.8641755206e-05, 4.20397009293e-05, 4.18199197156e-05, 2.22889502766e-05, 3.82300713682e-05, 1.43975412357e-05, 1.29328809635e-05, 9.75470993581e-06, 2.10970065382e-05, 1.00621882666e-05, 1.35246609716e-05, 3.87618911191e-06, 4.61652780359e-06, 4.05595483244e-06, 2.65878861683e-06, 3.6258579712e-06, 7.64901687944e-06, 8.1545631474e-06, 2.26206316256e-06, 1.12090083348e-06, 3.92953779738e-07, 2.32453373883e-07, 9.80887904234e-08, 1.64865667784e-08, 2.59433541316e-09, 7.62192697845e-10, 3.28349791801e-10, 1.58496507585e-10, 8.0592435503e-11, 3.82803858057e-11, 2.31091222547e-11, 1.52808373594e-11],
        "median": [1.43282500176e-06, 3.993880091e-05, 5.38781023351e-05, 0.000293444667477, 0.000399315787945, 0.000197992863832, 6.03309963481e-05, 4.10144893976e-05, 1.10975634016e-05, 3.82463804272e-06, 3.16511022902e-06, 1.65668609498e-06, 2.53637972492e-06, 2.37505787481e-06, 1.86278589354e-06, 1.9931501356e-06, 4.59448165202e-06, 3.11621988658e-06, 4.48863465863e-06, 1.23929726215e-06, 1.46301613313e-06, 1.21431844491e-06, 4.78433832996e-07, 7.51270022192e-07, 1.38225891533e-06, 1.2391076325e-06, 4.46821786682e-07, 1.52789539243e-07, 4.40974545768e-08, 1.51497872025e-08, 4.80792694546e-09, 1.18914533775e-09, 4.42381881127e-10, 2.35076680344e-10, 1.50611426109e-10, 7.41290015482e-11, 4.24860806258e-11, 2.50062210522e-11, 1.55416790548e-11, 9.39822612095e-12],
        "min": [3.15588124522e-08, 7.07039930603e-07, 8.57932263898e-07, 5.49449396203e-07, 5.68476139051e-07, 1.98951568109e-07, 1.59203310091e-07, 6.00394258754e-08, 1.23238867999e-08, 4.33198898975e-09, 4.34223457191e-09, 6.81989842377e-09, 5.97425264814e-09, 5.24748777764e-09, 2.10230410858e-09, 1.66473645979e-09, 4.91915219669e-09, 3.57641094517e-09, 8.3721390931e-10, 1.06228546792e-10, 7.00361019179e-11, 6.3070916545e-11, 6.92157303694e-11, 6.36959027189e-11, 9.62963805917e-11, 6.66370153501e-11, 3.8370293054e-11, 2.99645898372e-11, 2.88455093145e-11, 1.73889149607e-11, 1.32055824609e-11, 1.3694944484e-11, 8.04134623472e-12, 5.7735621839e-12, 6.31487093519e-12, 4.55594806673e-12, 6.65938875224e-12, 7.67460140577e-12, 5.81457798576e-12, 3.83570388993e-12],
        "var": [1.13625662698e-11, 3.62045931013e-08, 2.71197766466e-08, 4.35835227108e-06, 1.51314372943e-06, 2.59993868212e-07, 5.70480871431e-08, 9.10754920369e-08, 5.50648060482e-08, 1.60484336931e-08, 1.96538145758e-08, 8.04643551788e-09, 2.1784630988e-08, 2.48574361095e-09, 3.22669779784e-09, 6.42813302587e-10, 6.32847685367e-09, 3.70744407396e-10, 7.89735332685e-10, 4.40542255453e-11, 7.42769318274e-11, 6.88441803565e-11, 5.17532301736e-11, 7.64853042012e-11, 4.49026482663e-10, 5.44885470077e-10, 2.84154730995e-11, 1.00566430183e-11, 1.85246284458e-12, 1.4552707997e-12, 4.11875638847e-13, 6.48903089397e-15, 3.6867500782e-16, 1.2676142532e-17, 7.17185029828e-19, 1.68007736562e-19, 3.64632587747e-20, 4.11743205506e-21, 3.6467182228e-21, 3.33755704548e-21]
    },
    "mfcc": {
        "dmean": [36.4006080627, 11.8548517227, 22.0277690887, 13.7174911499, 10.4095249176, 9.43720436096, 7.62715244293, 9.3880405426, 7.1710858345, 7.06663560867, 6.94605350494, 6.78173732758, 6.45735216141],
        "dmean2": [52.0390434265, 16.79662323, 32.0922813416, 19.3681793213, 14.7958545685, 14.1357269287, 11.2178153992, 14.1390590668, 11.284611702, 10.9938325882, 10.8871107101, 10.4134988785, 10.1336088181],
        "dvar": [1392.67126465, 150.090805054, 593.567993164, 127.039207458, 73.425567627, 76.0538711548, 41.9428977966, 62.7387962341, 35.1207199097, 33.614490509, 35.151714325, 34.4965591431, 26.6773471832],
        "dvar2": [2706.4777832, 301.822631836, 1106.46520996, 265.851196289, 132.172470093, 155.293762207, 93.1809921265, 141.248550415, 75.3509368896, 75.3181838989, 77.6698150635, 76.8812255859, 59.1015510559],
        "max": [-683.977355957, 247.112243652, 102.148193359, 130.765655518, 60.105670929, 30.6530303955, 35.5358200073, 26.963602066, 2.13721084595, 31.4284229279, 13.4262886047, 20.0182437897, 24.5910568237],
        "mean": [-805.865661621, 198.299179077, -40.6432876587, 34.7703933716, 11.2840490341, -25.7067775726, -4.79357624054, -30.207950592, -25.3264045715, -5.10089540482, -11.3572511673, -14.2626514435, -7.22327327728],
        "median": [-798.263427734, 200.363845825, -48.4733085632, 33.6878852844, 13.9395980835, -26.1408576965, -4.51082992554, -31.4594306946, -25.6781158447, -4.53807830811, -10.2118053436, -13.7206077576, -7.19626617432],
        "min": [-1028.87231445, 86.0212478638, -127.405181885, -29.1352615356, -63.6100387573, -76.7459411621, -40.1343460083, -74.2157745361, -58.0297470093, -48.2438201904, -49.9592018127, -50.0051994324, -41.985118866],
        "var": [3506.88476562, 534.782348633, 1744.2520752, 575.181152344, 378.495666504, 274.438232422, 141.305984497, 250.805633545, 109.550476074, 165.531265259, 111.72265625, 95.7305603027, 90.9896621704],
        "cov": [[3512.30493164, 6.46441793442, -2263.30615234, 645.48651123, -530.357177734, -530.803833008, 298.937774658, -224.215133667, 24.8756256104, -99.7585372925, -62.7225494385, 82.0810241699, -124.71937561], [6.46441793442, 535.608886719, 251.151596069, -361.970092773, 32.1813278198, -64.2658081055, -60.9834136963, 132.159606934, -40.354259491, -23.1154117584, -8.9877872467, -33.2430152893, -11.0587186813], [-2263.30615234, 251.151596069, 1746.94799805, -488.610015869, 275.191162109, 350.286712646, -242.182525635, 165.989746094, -18.0502204895, 13.8702831268, 39.8635101318, -63.9406814575, 46.1358642578], [645.48651123, -361.970092773, -488.610015869, 576.070129395, -16.2037525177, -55.7274665833, 63.0731544495, -228.612731934, -1.33253860474, 20.8814029694, -32.1248893738, 18.521856308, -16.2162399292], [-530.357177734, 32.1813278198, 275.191162109, -16.2037525177, 379.080657959, 137.466781616, -100.387802124, -50.64585495, -64.0138092041, 101.248161316, 9.3661031723, -43.465473175, 60.2871665955], [-530.803833008, -64.2658081055, 350.286712646, -55.7274665833, 137.466781616, 274.86239624, -32.3828620911, -65.2288894653, 11.2076225281, 41.6375198364, 48.6474380493, 11.356221199, 24.9969367981], [298.937774658, -60.9834136963, -242.182525635, 63.0731544495, -100.387802124, -32.3828620911, 141.524383545, 14.5859603882, -5.38887691498, -1.58303821087, -6.56238460541, 21.7795448303, -6.4103884697], [-224.215133667, 132.159606934, 165.989746094, -228.612731934, -50.64585495, -65.2288894653, 14.5859603882, 251.193267822, 39.2958679199, -84.5227813721, -6.00649690628, -8.26369857788, -12.1103210449], [24.8756256104, -40.354259491, -18.0502204895, -1.33253860474, -64.0138092041, 11.2076225281, -5.38887691498, 39.2958679199, 109.719802856, -21.0199661255, -22.8769207001, 19.0396671295, -14.1709222794], [-99.7585372925, -23.1154117584, 13.8702831268, 20.8814029694, 101.248161316, 41.6375198364, -1.58303821087, -84.5227813721, -21.0199661255, 165.787109375, 42.9681930542, -37.4178543091, 37.6093559265], [-62.7225494385, -8.9877872467, 39.8635101318, -32.1248893738, 9.3661031723, 48.6474380493, -6.56238460541, -6.00649690628, -22.8769207001, 42.9681930542, 111.895332336, 22.1552753448, -3.50689411163], [82.0810241699, -33.2430152893, -63.9406814575, 18.521856308, -43.465473175, 11.356221199, 21.7795448303, -8.26369857788, 19.0396671295, -37.4178543091, 22.1552753448, 95.8785171509, 19.4509449005], [-124.71937561, -11.0587186813, 46.1358642578, -16.2162399292, 60.2871665955, 24.9969367981, -6.4103884697, -12.1103210449, -14.1709222794, 37.6093559265, -3.50689411163, 19.4509449005, 91.1302947998]],
        "icov": [[1.8225004673, -2.53487443924, 2.47536492348, -2.30358314514, 2.13679122925, -1.91195380688, 1.65053904057, -1.3547488451, 1.07789850235, -0.780096828938, 0.53765553236, -0.312500178814, 0.147413522005], [-2.53487443924, 3.53028869629, -3.44363689423, 3.20843720436, -2.97457909584, 2.66396069527, -2.29841971397, 1.88861858845, -1.50119423866, 1.08812522888, -0.749520897865, 0.436074674129, -0.204487279058], [2.47536492348, -3.44363689423, 3.36493849754, -3.13133764267, 2.90677428246, -2.60504317284, 2.25125432014, -1.84953045845, 1.47271800041, -1.06748962402, 0.737546026707, -0.429286569357, 0.202838078141], [-2.30358314514, 3.20843720436, -3.13133764267, 2.9235086441, -2.71093940735, 2.43176198006, -2.10259366035, 1.73330843449, -1.37854349613, 1.00268745422, -0.692296564579, 0.40512868762, -0.19025310874], [2.13679122925, -2.97457909584, 2.90677428246, -2.71093940735, 2.52411627769, -2.26384234428, 1.96181690693, -1.61542618275, 1.29083323479, -0.940846383572, 0.65265005827, -0.381623208523, 0.179468929768], [-1.91195380688, 2.66396069527, -2.60504317284, 2.43176198006, -2.26384234428, 2.04268503189, -1.76838231087, 1.46261394024, -1.16897952557, 0.854264974594, -0.596919715405, 0.350192517042, -0.166575089097], [1.65053904057, -2.29841971397, 2.25125432014, -2.10259366035, 1.96181690693, -1.76838231087, 1.54822146893, -1.27580809593, 1.02291142941, -0.751882493496, 0.526492416859, -0.313739657402, 0.149294018745], [-1.3547488451, 1.88861858845, -1.84953045845, 1.73330843449, -1.61542618275, 1.46261394024, -1.27580809593, 1.0665589571, -0.851985514164, 0.630961298943, -0.442540407181, 0.266018092632, -0.127328172326], [1.07789850235, -1.50119423866, 1.47271800041, -1.37854349613, 1.29083323479, -1.16897952557, 1.02291142941, -0.851985514164, 0.695749163628, -0.508734226227, 0.3618940413, -0.218879982829, 0.106357872486], [-0.780096828938, 1.08812522888, -1.06748962402, 1.00268745422, -0.940846383572, 0.854264974594, -0.751882493496, 0.630961298943, -0.508734226227, 0.390754312277, -0.275250941515, 0.171399712563, -0.0852264612913], [0.53765553236, -0.749520897865, 0.737546026707, -0.692296564579, 0.65265005827, -0.596919715405, 0.526492416859, -0.442540407181, 0.3618940413, -0.275250941515, 0.207162097096, -0.125690311193, 0.063158787787], [-0.312500178814, 0.436074674129, -0.429286569357, 0.40512868762, -0.381623208523, 0.350192517042, -0.313739657402, 0.266018092632, -0.218879982829, 0.171399712563, -0.125690311193, 0.0928647741675, -0.0450856611133], [0.147413522005, -0.204487279058, 0.202838078141, -0.19025310874, 0.179468929768, -0.166575089097, 0.149294018745, -0.127328172326, 0.106357872486, -0.0852264612913, 0.063158787787, -0.0450856611133, 0.0356725156307]]
    }
}

}