{
"metadata": {
    "version": {
        "essentia": "2.0.1",
        "extractor": "archive-music 1.0 mod ismir14"
    },
    "audio_properties": {
        "analysis_sample_rate": 44100,
        "bitrate": 32,
        "channels": 2,
        "equal_loudness": 0,
        "length": 30.0408172607,
        "replay_gain": -14.3957881927,
        "downmix": "mix"
    },
    "tags": {
        "track": 0,
        "year": 0,
        "album": "",
        "artist": "",
        "comment": "",
        "genre": "",
        "title": ""
    }
},
"rhythm": {
    "bpm": 109.315917969,
    "bpm_histogram_first_peak": 110,
    "bpm_histogram_first_peak_spread": 0.433962225914,
    "bpm_histogram_first_peak_weight": 0.566037714481,
    "bpm_histogram_second_peak": 0,
    "bpm_histogram_second_peak_spread": 0,
    "bpm_histogram_second_peak_weight": 0
},
"tonal": {
    "tuning_frequency": {
        "dmean": 0.0686858221889,
        "dmean2": 0.109206162393,
        "dvar": 0.519369781017,
        "dvar2": 1.02507209778,
        "max": 448.208557129,
        "mean": 441.767852783,
        "median": 441.017791748,
        "min": 432.940917969,
        "var": 1.56461179256
    },
    "hpcp": {
        "dmean": [0.106487244368, 0.0716982111335, 0.0497935377061, 0.123862810433, 0.0641693845391, 0.115897543728, 0.0519253946841, 0.070288553834, 0.117637306452, 0.0541638359427, 0.110672459006, 0.0782999247313],
        "dmean2": [0.188605442643, 0.136354327202, 0.0900319963694, 0.213523939252, 0.119264632463, 0.207330137491, 0.0984636247158, 0.124290704727, 0.202838078141, 0.100368119776, 0.188125401735, 0.146285280585],
        "dvar": [0.0525554604828, 0.0415867343545, 0.0226424224675, 0.0541958287358, 0.0299919229001, 0.0514839366078, 0.0255989618599, 0.0243283677846, 0.0457476042211, 0.0232490263879, 0.0459008216858, 0.0444929488003],
        "dvar2": [0.127873018384, 0.107807457447, 0.0630421862006, 0.125018298626, 0.0789128020406, 0.136194095016, 0.0742756724358, 0.0642678141594, 0.116817861795, 0.064978286624, 0.1184508726, 0.12558029592],
        "max": [1, 1, 1, 1, 1, 1, 1, 1, 1, 1, 1, 1],
        "mean": [0.165050387383, 0.216253593564, 0.0356573723257, 0.417079985142, 0.0444885492325, 0.219432219863, 0.0325197391212, 0.0866660922766, 0.216379418969, 0.0342220067978, 0.200407058001, 0.0516737475991],
        "median": [0.0222345106304, 0.00487340521067, 0.00343154720031, 0.177936524153, 0.00245016347617, 0.0350293144584, 0.00275824102573, 0.010353051126, 0.0749382674694, 0.00241254502907, 0.0531717464328, 0.00256057176739],
        "min": [7.41230678614e-07, 4.15155773226e-06, 3.92980746255e-06, 6.657711765e-06, 2.88244405056e-06, 2.44130910687e-06, 5.71126292925e-07, 5.36915904377e-05, 2.05462583835e-06, 1.55421003001e-06, 7.57816496844e-06, 1.05804804207e-06],
        "var": [0.0929254814982, 0.151349678636, 0.0148701313883, 0.189818263054, 0.0225597117096, 0.12174372375, 0.0144919157028, 0.0390728674829, 0.102479696274, 0.0141896288842, 0.0968994870782, 0.0297586712986]
    }
},
"lowlevel": {
    "melbands": {
        "dmean": [0.000517757202033, 0.000879401748534, 0.000614350254182, 0.000376629672246, 0.000165169738466, 0.000147243277752, 8.3839353465e-05, 0.00012019375572, 0.000174816246727, 0.000109582055302, 2.64116970357e-05, 3.2296829886e-05, 1.87377627299e-05, 1.97493791347e-05, 2.19528428715e-05, 1.94119093067e-05, 2.00991908059e-05, 1.79971666512e-05, 1.0365189155e-05, 1.68191381817e-05, 7.09274308974e-06, 5.00222085975e-06, 5.37755749974e-06, 3.25528594658e-06, 2.02033152163e-06, 1.49892662193e-06, 9.4030673381e-07, 6.96952099588e-07, 7.08922016202e-07, 5.37474761586e-07, 4.36946777427e-07, 4.56116850955e-07, 4.24706854574e-07, 3.2501793612e-07, 2.84920076865e-07, 2.44744370548e-07, 1.94295239453e-07, 1.28460030169e-07, 1.02118427492e-07, 8.40780529643e-08],
        "dmean2": [0.000880012230482, 0.00144682882819, 0.000967708649114, 0.000619098718744, 0.000269849610049, 0.000218931760173, 0.000132334898808, 0.000182364077773, 0.000278560153674, 0.000170016050106, 3.94639064325e-05, 4.89293051942e-05, 2.84192738036e-05, 3.09617789753e-05, 3.58540346497e-05, 3.02016032947e-05, 3.29169270117e-05, 2.76219961961e-05, 1.66017580341e-05, 2.65096696239e-05, 1.10479059003e-05, 8.14530903881e-06, 8.94050754141e-06, 5.41390363651e-06, 3.19585979014e-06, 2.338998911e-06, 1.46831041548e-06, 1.10160533495e-06, 1.07520338588e-06, 7.98274982117e-07, 6.39919107925e-07, 6.59313286633e-07, 6.33079025647e-07, 4.64328763883e-07, 4.3535186478e-07, 3.69200591877e-07, 2.82956932551e-07, 1.95440492234e-07, 1.56051129352e-07, 1.30771894646e-07],
        "dvar": [1.97266444957e-06, 1.38911434533e-06, 6.27243309737e-07, 5.0522555739e-07, 4.48877734982e-08, 6.10267321122e-08, 1.78272010487e-08, 5.98322174028e-08, 1.3214645378e-07, 7.77372122229e-08, 4.97947638678e-09, 8.48942605103e-09, 2.67759614481e-09, 2.45405384902e-09, 4.61964955178e-09, 1.93878757493e-09, 1.93436777707e-09, 1.81444315128e-09, 6.22370155412e-10, 3.62151197919e-09, 2.54322757298e-10, 7.34144967041e-11, 1.64436422811e-10, 4.32579146115e-11, 1.13464819138e-11, 6.92629417362e-12, 2.95660588026e-12, 1.95165585082e-12, 1.57762984534e-12, 1.12127863418e-12, 8.64062293937e-13, 1.0097017623e-12, 9.40182393744e-13, 6.6359623959e-13, 8.19889729026e-13, 1.08090153581e-12, 1.0706763167e-12, 3.21664054984e-13, 1.28213588292e-13, 1.25472237309e-13],
        "dvar2": [5.40551991435e-06, 3.46239448845e-06, 1.49845345732e-06, 1.39990811476e-06, 1.20784562796e-07, 1.19846532698e-07, 3.93683663447e-08, 1.26180665916e-07, 3.06544336581e-07, 1.78832479492e-07, 8.84386430755e-09, 1.66369140686e-08, 6.01585048443e-09, 5.80267922601e-09, 1.18970815421e-08, 4.10836742404e-09, 5.22958831795e-09, 4.14904288704e-09, 1.54751822468e-09, 9.54437240352e-09, 6.32164487424e-10, 1.84037188267e-10, 4.39579095346e-10, 1.1249930848e-10, 2.75103551051e-11, 1.66061591561e-11, 7.12445163628e-12, 4.66420131684e-12, 3.36682136164e-12, 2.55909768203e-12, 1.92274017888e-12, 2.17956859158e-12, 2.05904130551e-12, 1.35738089605e-12, 1.63758134657e-12, 2.28435239474e-12, 2.38781737438e-12, 5.8661116329e-13, 2.41943888969e-13, 2.40304412653e-13],
        "max": [0.0121837761253, 0.00984023883939, 0.0083672972396, 0.00549706304446, 0.00168412690982, 0.00235797814094, 0.00127395265736, 0.00292974035256, 0.00495334947482, 0.00370821170509, 0.00152526656166, 0.00189686112572, 0.00105486705434, 0.000508407654706, 0.00082738470519, 0.000483598239953, 0.000511019839905, 0.000634737371001, 0.000239629371208, 0.00123767717741, 0.000271376105957, 8.72712189448e-05, 0.000230778372497, 9.35290445341e-05, 3.71950955014e-05, 3.06545225612e-05, 1.27658786369e-05, 1.39273815876e-05, 1.23037361845e-05, 9.16673343454e-06, 9.39292658586e-06, 1.03044740172e-05, 1.14385256893e-05, 1.31071128635e-05, 1.62238939083e-05, 2.10450452869e-05, 2.17420856643e-05, 1.11775234473e-05, 7.03167279426e-06, 6.83977850713e-06],
        "mean": [0.000636479468085, 0.00263880402781, 0.00191152037587, 0.000703456520569, 0.000302638160065, 0.00026714449632, 0.000138948307722, 0.000174039771082, 0.000235449391766, 0.000174011918716, 3.73940602003e-05, 3.88258340536e-05, 2.55058057519e-05, 2.50966950261e-05, 2.46942672675e-05, 2.7623216738e-05, 2.519336158e-05, 2.41535690293e-05, 1.33577641463e-05, 2.63215933956e-05, 1.14574486361e-05, 7.91764432506e-06, 1.04641203507e-05, 6.21873914497e-06, 3.15642978421e-06, 2.0161410248e-06, 1.16254386739e-06, 8.19444380795e-07, 8.79563913259e-07, 6.35905450963e-07, 5.19902300766e-07, 5.22661878222e-07, 4.82080849906e-07, 3.70634921865e-07, 3.21088492683e-07, 2.55053180354e-07, 2.0067226103e-07, 1.3848527658e-07, 1.06369839159e-07, 9.05367869564e-08],
        "median": [0.000338597455993, 0.0024018662516, 0.00171700306237, 0.000521163106896, 0.000208164492506, 9.23625339055e-05, 6.34033349343e-05, 5.91996031289e-05, 5.93604781898e-05, 3.61878301192e-05, 1.1890384485e-05, 1.1226398783e-05, 7.62086165196e-06, 5.45884086023e-06, 6.00010025664e-06, 6.55844451103e-06, 5.29474800715e-06, 5.51021184947e-06, 3.68374799109e-06, 3.40763745044e-06, 3.45747093888e-06, 3.33175944434e-06, 2.45299816015e-06, 1.52340476234e-06, 1.10908638362e-06, 7.37806772122e-07, 4.2525363142e-07, 2.67029548695e-07, 2.73826856301e-07, 1.44405532865e-07, 1.15983098681e-07, 1.17662722232e-07, 1.02192899476e-07, 8.7546169425e-08, 6.56372236563e-08, 6.20368965087e-08, 4.25692476824e-08, 2.89935115916e-08, 2.27213234893e-08, 1.70184772941e-08],
        "min": [3.54208509634e-07, 3.58944902246e-07, 1.01924774754e-06, 2.17350725507e-06, 5.76355569137e-06, 1.702139798e-07, 4.7317413987e-07, 4.06759141924e-08, 2.32975935432e-07, 9.83302044233e-08, 1.32856046164e-08, 1.46665799505e-08, 8.11695866076e-09, 1.0054030497e-08, 3.6678544646e-09, 2.73830336184e-09, 2.61920907185e-09, 2.25076535187e-09, 2.08985850847e-09, 2.59453858398e-09, 3.94219767941e-09, 2.8712006106e-09, 2.20277862617e-09, 1.23862642365e-09, 1.11260700653e-09, 8.56278603578e-10, 5.37877242746e-10, 3.01108360468e-10, 1.97419428027e-10, 1.36600508682e-10, 5.78676134788e-11, 1.89093289638e-11, 1.71309147423e-11, 1.13787087391e-11, 7.03432234336e-12, 5.31133080225e-12, 4.97245951012e-12, 4.35848351767e-13, 1.35431935306e-13, 3.6385475931e-14],
        "var": [1.45934825468e-06, 3.58674446943e-06, 1.57770693932e-06, 5.14989551448e-07, 8.59831956745e-08, 1.64684735182e-07, 3.68096841896e-08, 1.12104238781e-07, 2.08345923625e-07, 1.86368367849e-07, 9.1681044978e-09, 1.24107470967e-08, 4.58542404047e-09, 3.18663229137e-09, 4.58032989314e-09, 3.88000476192e-09, 3.19451620712e-09, 3.37108096993e-09, 8.06813560406e-10, 1.00760173538e-08, 5.37177913262e-10, 1.37341249484e-10, 5.45952061337e-10, 1.63874913639e-10, 2.36730929998e-11, 1.02948977468e-11, 3.53937842576e-12, 2.19492718272e-12, 2.34395207237e-12, 1.48590189632e-12, 1.0751847546e-12, 1.25469177149e-12, 1.15080536246e-12, 8.80860651347e-13, 1.00499534909e-12, 1.14124584349e-12, 1.044592364e-12, 4.05089156663e-13, 1.60990226141e-13, 1.49897130299e-13]
    },
    "mfcc": {
        "dmean": [32.7155723572, 17.5788230896, 12.1101255417, 9.43273639679, 8.11693286896, 7.17316389084, 6.66581773758, 6.51334571838, 5.73347663879, 6.25638103485, 5.61640739441, 5.54327869415, 5.85065984726],
        "dmean2": [41.4455604553, 23.2679920197, 16.0041275024, 13.9259128571, 11.8776378632, 10.8199939728, 10.1505336761, 10.4007787704, 8.9493188858, 9.94084358215, 8.80271816254, 8.85527133942, 9.18933010101],
        "dvar": [1267.60839844, 324.481506348, 146.766296387, 78.598815918, 65.1709365845, 39.7099075317, 31.7760066986, 32.8316612244, 24.1460323334, 30.2304515839, 25.5989685059, 20.8965187073, 24.2214393616],
        "dvar2": [2563.42529297, 596.818237305, 231.920379639, 162.107818604, 118.045265198, 83.0096969604, 66.9501571655, 76.8048400879, 49.7104377747, 69.1472320557, 55.5958900452, 52.0126609802, 63.8866996765],
        "max": [-576.03112793, 247.615692139, 119.09072876, 91.8949584961, 67.9707107544, 40.4905128479, 32.7200393677, 50.6732406616, 28.3881950378, 37.7202606201, 38.5174102783, 28.1965370178, 23.9293746948],
        "mean": [-711.735839844, 168.176925659, 7.62008857727, 32.4909439087, 17.4856262207, 6.85683059692, -4.66819572449, 5.02981376648, -0.738513588905, 2.35943174362, 1.47788083553, -0.974627673626, -5.73604202271],
        "median": [-700.651367188, 168.75112915, 7.38829040527, 30.6260566711, 16.8159828186, 7.88663578033, -3.6094121933, 4.61832809448, -0.429347991943, 1.81372833252, 0.542048454285, -1.40597915649, -5.39794635773],
        "min": [-952.415710449, 18.2658824921, -93.8020019531, -47.0428352356, -28.8866844177, -31.9038505554, -44.7844619751, -28.1334838867, -35.2185783386, -27.7208328247, -24.1366577148, -24.2785110474, -29.8214035034],
        "var": [5143.45996094, 1259.15246582, 1101.39001465, 431.331054688, 260.513427734, 167.423995972, 179.076293945, 101.254798889, 71.2352905273, 127.89994812, 84.8841705322, 63.2549438477, 61.6160774231],
        "cov": [[5151.40966797, -1468.04492188, -707.53503418, -93.3060302734, -331.490539551, -57.5571975708, -212.433181763, 4.96186590195, -24.2881393433, 48.2720222473, 14.7826595306, -21.4778690338, -43.9799804688], [-1468.04492188, 1261.09863281, -380.721008301, -243.229354858, 32.1873588562, -105.210151672, 80.1008987427, -32.6225624084, -35.9475898743, 26.2959060669, 48.5359954834, 15.0140600204, -0.174789339304], [-707.53503418, -380.721008301, 1103.09240723, 224.582229614, -17.2870731354, 209.919921875, 116.31414032, 49.2466506958, 14.4349374771, -68.5977401733, -43.6663360596, -6.3885178566, 14.3362798691], [-93.3060302734, -243.229354858, 224.582229614, 431.997741699, 113.782012939, 9.12487125397, -101.003463745, 25.7360954285, 43.4358100891, -69.2068862915, -60.5498466492, 1.62176632881, 15.8802032471], [-331.490539551, 32.1873588562, -17.2870731354, 113.782012939, 260.91607666, -26.1349773407, -41.8717269897, 14.9832353592, 15.8367204666, 13.0167102814, -3.16243767738, 16.9775886536, -1.05489981174], [-57.5571975708, -105.210151672, 209.919921875, 9.12487125397, -26.1349773407, 167.682769775, 70.1130142212, 1.3384591341, 7.68594932556, -2.86344718933, 8.78800106049, -0.736562430859, -4.51607608795], [-212.433181763, 80.1008987427, 116.31414032, -101.003463745, -41.8717269897, 70.1130142212, 179.35307312, 18.1796913147, -29.524017334, 25.9879493713, 29.1396350861, 7.59705495834, -6.2147231102], [4.96186590195, -32.6225624084, 49.2466506958, 25.7360954285, 14.9832353592, 1.3384591341, 18.1796913147, 101.411300659, 4.5687994957, -7.43432712555, 7.69402122498, 18.6368312836, -2.78710055351], [-24.2881393433, -35.9475898743, 14.4349374771, 43.4358100891, 15.8367204666, 7.68594932556, -29.524017334, 4.5687994957, 71.3453903198, 12.3781785965, -12.7949295044, -1.9914495945, 0.0198159664869], [48.2720222473, 26.2959060669, -68.5977401733, -69.2068862915, 13.0167102814, -2.86344718933, 25.9879493713, -7.43432712555, 12.3781785965, 128.097625732, 55.7662467957, -6.94615602493, -25.8553333282], [14.7826595306, 48.5359954834, -43.6663360596, -60.5498466492, -3.16243767738, 8.78800106049, 29.1396350861, 7.69402122498, -12.7949295044, 55.7662467957, 85.0153656006, 15.1631278992, -12.887802124], [-21.4778690338, 15.0140600204, -6.3885178566, 1.62176632881, 16.9775886536, -0.736562430859, 7.59705495834, 18.6368312836, -1.9914495945, -6.94615602493, 15.1631278992, 63.3527107239, 19.6426830292], [-43.9799804688, -0.174789339304, 14.3362798691, 15.8802032471, -1.05489981174, -4.51607608795, -6.2147231102, -2.78710055351, 0.0198159664869, -25.8553333282, -12.887802124, 19.6426830292, 61.7113113403]],
        "icov": [[0.000599044840783, 0.000885769492015, 0.000657840748318, 0.000108729793283, 0.000688973581418, -9.35811985983e-05, 0.000282324152067, -0.000232981561567, 0.000458105409052, -0.000137577066198, -3.12485417453e-06, -0.000177856491064, 0.000269637646852], [0.000885769492015, 0.00238968688063, 0.00122528220527, 0.000561692228075, 0.000606604735367, 0.000564161047805, -0.000487339071697, 8.22003567009e-05, 0.000339147285558, 0.000441098207375, -0.000511708145496, -0.000208521087188, 0.000359339406714], [0.000657840748318, 0.00122528220527, 0.00231139594689, -0.000704018864781, 0.000852080527693, -0.00138930242974, -0.000873243727256, -0.000592624186538, 0.000457625166746, 0.000224650546443, 0.000290315656457, 0.000184560616617, 1.05448552858e-05], [0.000108729793283, 0.000561692228075, -0.000704018864781, 0.00434085633606, -0.00150754058268, 3.04872628476e-06, 0.00200842833146, -0.000632573093753, -0.0010892302962, 0.00133798283059, 0.000647259585094, 4.19390817115e-05, -4.35055044363e-05], [0.000688973581418, 0.000606604735367, 0.000852080527693, -0.00150754058268, 0.00571363558993, 4.53994398413e-05, 0.000942228827626, -0.000758007285185, 0.000833741389215, -0.0018502343446, 0.000621154322289, -0.00176767248195, 0.000761271279771], [-9.35811985983e-05, 0.000564161047805, -0.00138930242974, 3.04872628476e-06, 4.53994398413e-05, 0.00995818898082, -0.00387434684671, 0.00187360518612, -0.00302258390002, 0.0018251837464, -0.00242238352075, 0.000116146962682, 0.000903654145077], [0.000282324152067, -0.000487339071697, -0.000873243727256, 0.00200842833146, 0.000942228827626, -0.00387434684671, 0.0108287623152, -0.00253123044968, 0.00424222648144, -0.00273828580976, 0.00079553964315, -0.00112810509745, -2.87672773993e-05], [-0.000232981561567, 8.22003567009e-05, -0.000592624186538, -0.000632573093753, -0.000758007285185, 0.00187360518612, -0.00253123044968, 0.0119115971029, -0.00218291976489, 0.00205618352629, -0.00202291249298, -0.00308553362265, 0.00196370366029], [0.000458105409052, 0.000339147285558, 0.000457625166746, -0.0010892302962, 0.000833741389215, -0.00302258390002, 0.00424222648144, -0.00218291976489, 0.0188704393804, -0.005936936941, 0.00514252483845, -0.00112928217277, -0.000436947419075], [-0.000137577066198, 0.000441098207375, 0.000224650546443, 0.00133798283059, -0.0018502343446, 0.0018251837464, -0.00273828580976, 0.00205618352629, -0.005936936941, 0.0149193480611, -0.0094462428242, 0.00292783253826, 0.00277376873419], [-3.12485417453e-06, -0.000511708145496, 0.000290315656457, 0.000647259585094, 0.000621154322289, -0.00242238352075, 0.00079553964315, -0.00202291249298, 0.00514252483845, -0.0094462428242, 0.0212190244347, -0.00613798527047, 0.00201015803032], [-0.000177856491064, -0.000208521087188, 0.000184560616617, 4.19390817115e-05, -0.00176767248195, 0.000116146962682, -0.00112810509745, -0.00308553362265, -0.00112928217277, 0.00292783253826, -0.00613798527047, 0.021326975897, -0.00729887187481], [0.000269637646852, 0.000359339406714, 1.05448552858e-05, -4.35055044363e-05, 0.000761271279771, 0.000903654145077, -2.87672773993e-05, 0.00196370366029, -0.000436947419075, 0.00277376873419, 0.00201015803032, -0.00729887187481, 0.020476648584]]
    }
}

}