{
"metadata": {
    "version": {
        "essentia": "2.0.1",
        "extractor": "archive-music 1.0 mod ismir14"
    },
    "audio_properties": {
        "analysis_sample_rate": 44100,
        "bitrate": 32,
        "channels": 2,
        "equal_loudness": 0,
        "length": 30.0408172607,
        "replay_gain": -14.819978714,
        "downmix": "mix"
    },
    "tags": {
        "track": 0,
        "year": 0,
        "album": "",
        "artist": "",
        "comment": "",
        "genre": "",
        "title": ""
    }
},
"rhythm": {
    "bpm": 109.314041138,
    "bpm_histogram_first_peak": 110,
    "bpm_histogram_first_peak_spread": 0.396226406097,
    "bpm_histogram_first_peak_weight": 0.603773593903,
    "bpm_histogram_second_peak": 0,
    "bpm_histogram_second_peak_spread": 0,
    "bpm_histogram_second_peak_weight": 0
},
"tonal": {
    "tuning_frequency": {
        "dmean": 0.0413389354944,
        "dmean2": 0.0753694549203,
        "dvar": 0.458850950003,
        "dvar2": 0.899217844009,
        "max": 456.04309082,
        "mean": 434.642578125,
        "median": 434.193115234,
        "min": 433.441375732,
        "var": 3.87136769295
    },
    "hpcp": {
        "dmean": [0.156229510903, 0.202577978373, 0.247042268515, 0.285486340523, 0.212005406618, 0.155839517713, 0.124120719731, 0.136813059449, 0.205105766654, 0.117680676281, 0.120903909206, 0.126568213105],
        "dmean2": [0.297133028507, 0.389193117619, 0.473496347666, 0.545128524303, 0.406892865896, 0.288446843624, 0.231528505683, 0.255888700485, 0.379301130772, 0.222736701369, 0.22702395916, 0.243297666311],
        "dvar": [0.0891027748585, 0.124657168984, 0.143010735512, 0.148179784417, 0.126756235957, 0.0843905285001, 0.0728450939059, 0.0788674429059, 0.0975247174501, 0.0733309239149, 0.0702203288674, 0.076341919601],
        "dvar2": [0.240028694272, 0.344564706087, 0.373544752598, 0.385401636362, 0.329389810562, 0.228541314602, 0.202506557107, 0.214853569865, 0.253685325384, 0.215469583869, 0.202121630311, 0.215185374022],
        "max": [1, 1, 1, 1, 1, 1, 1, 1, 1, 1, 1, 1],
        "mean": [0.117026351392, 0.13430993259, 0.181880131364, 0.249192371964, 0.14252898097, 0.128731355071, 0.0928644761443, 0.122914373875, 0.227394923568, 0.0767515078187, 0.0961285233498, 0.0813226625323],
        "median": [0.00786700006574, 0.00361323147081, 0.00594321032986, 0.0219448748976, 0.00299060321413, 0.00935518089682, 0.00214993511327, 0.00503318710253, 0.0252379421145, 0.00203685369343, 0.00460257334635, 0.00303253741004],
        "min": [0, 0, 0, 0, 0, 0, 0, 0, 0, 0, 0, 0],
        "var": [0.0697325095534, 0.0911676809192, 0.120496869087, 0.147275835276, 0.0970583334565, 0.0737215876579, 0.0589781180024, 0.0779907628894, 0.126654297113, 0.0493135489523, 0.0580336935818, 0.0501999594271]
    }
},
"lowlevel": {
    "melbands": {
        "dmean": [0.00177423539571, 0.00530202221125, 0.00514393625781, 0.0021596273873, 0.000923249521293, 0.000590741517954, 0.000346841407008, 0.000331760558765, 0.000412398308981, 0.000319848913932, 7.23843768355e-05, 8.7054890173e-05, 5.44197828276e-05, 4.99584966747e-05, 5.6479810155e-05, 5.72322096559e-05, 6.37362172711e-05, 4.94256964885e-05, 2.56953444477e-05, 5.09099081683e-05, 2.40697791014e-05, 1.68674778251e-05, 1.9494247681e-05, 1.14223421406e-05, 6.54902441966e-06, 4.39764971816e-06, 2.43733802563e-06, 1.7439642761e-06, 1.88597846318e-06, 1.33455057494e-06, 1.11714075501e-06, 9.79929836831e-07, 9.07338687739e-07, 6.43523037525e-07, 5.63458456782e-07, 4.5719963282e-07, 3.25282741187e-07, 2.18495742388e-07, 1.88790295397e-07, 1.57364610232e-07],
        "dmean2": [0.00287519698031, 0.00899391062558, 0.00862452480942, 0.0035629470367, 0.00153945130296, 0.0010227515595, 0.000587925955188, 0.000503085611854, 0.000605176901445, 0.000462922209408, 0.000106003615656, 0.000129482214106, 7.99631161499e-05, 7.32111584512e-05, 8.18935368443e-05, 8.49116986501e-05, 0.000101735982753, 7.59585382184e-05, 3.785312947e-05, 7.76800516178e-05, 3.79478733521e-05, 2.59988373728e-05, 3.05423127429e-05, 1.80981769518e-05, 1.05063054434e-05, 6.95564267517e-06, 3.93550317312e-06, 2.87193847726e-06, 3.08842368213e-06, 2.16635476136e-06, 1.81826624157e-06, 1.58286320584e-06, 1.45520516526e-06, 1.00554302662e-06, 9.21838704926e-07, 7.32918806534e-07, 5.07832169205e-07, 3.33854160317e-07, 2.82573807908e-07, 2.39100131694e-07],
        "dvar": [1.93973628484e-05, 4.12002627854e-05, 2.79808627965e-05, 8.29532837088e-06, 1.6994094949e-06, 9.20975935514e-07, 2.91680578357e-07, 3.97027832832e-07, 7.12995699814e-07, 6.5954833417e-07, 2.48005420644e-08, 6.4527405641e-08, 1.99828686931e-08, 2.42880062729e-08, 2.66496851253e-08, 2.73772080561e-08, 3.83414260341e-08, 1.60142583638e-08, 4.08084455117e-09, 5.01929164898e-08, 3.27687255108e-09, 1.42974310169e-09, 2.6007154208e-09, 8.12211464751e-10, 1.84587956031e-10, 1.32019312149e-10, 3.74209621623e-11, 2.19482539782e-11, 1.95923260254e-11, 1.2270618549e-11, 9.06787752525e-12, 7.17764563063e-12, 5.55990800274e-12, 3.9031516734e-12, 4.15156060571e-12, 3.85328097555e-12, 3.16840629254e-12, 1.22261543337e-12, 9.52820071107e-13, 5.80715597137e-13],
        "dvar2": [4.11955043091e-05, 0.000122622848721, 8.14796003397e-05, 2.18007535295e-05, 4.55803910882e-06, 2.76479681816e-06, 7.94661161763e-07, 8.44106466502e-07, 1.34944912134e-06, 1.26987583826e-06, 4.66607836813e-08, 1.27662431737e-07, 3.74330006991e-08, 5.13783078304e-08, 4.70391583463e-08, 6.49577884815e-08, 1.03991645517e-07, 3.65637582433e-08, 7.99404986651e-09, 1.23575617295e-07, 7.60680851641e-09, 3.38653882714e-09, 7.05659664035e-09, 2.23783080955e-09, 4.75398054256e-10, 3.38848143988e-10, 9.36415597841e-11, 5.74958206045e-11, 4.97709130853e-11, 3.13091046145e-11, 2.28883786924e-11, 1.77802130658e-11, 1.30525971975e-11, 8.6430706342e-12, 9.47757757691e-12, 8.1192509313e-12, 6.36985169472e-12, 2.39717035284e-12, 1.80658472123e-12, 1.23563019625e-12],
        "max": [0.0714073330164, 0.0600860863924, 0.0515688508749, 0.0370229408145, 0.0129481684417, 0.0129065159708, 0.00822144467384, 0.0120334932581, 0.0199408698827, 0.0191706307232, 0.00666395016015, 0.00933665130287, 0.00479869637638, 0.00436358945444, 0.00391593575478, 0.00341075076722, 0.00359995942563, 0.00267427810468, 0.00121508946177, 0.00616812799126, 0.00124758784659, 0.000971060013399, 0.00115350377746, 0.000527475553099, 0.000226308620768, 0.000255744467722, 0.000135784997838, 9.89237232716e-05, 8.33306112327e-05, 6.72522000968e-05, 7.2577764513e-05, 5.0265371101e-05, 4.84978772874e-05, 5.2556166338e-05, 7.3879462434e-05, 8.06784300948e-05, 8.91645613592e-05, 5.60947664781e-05, 5.38726999366e-05, 3.78071490559e-05],
        "mean": [0.00234051933512, 0.00917046237737, 0.00810086075217, 0.00315155135468, 0.0013506176183, 0.00102441082709, 0.000617941725068, 0.000703646684997, 0.000925235450268, 0.000727758510038, 0.000170546947629, 0.000156326917931, 0.000108750122308, 0.000104360020487, 0.000103511199995, 0.000107307874714, 0.000100995363027, 9.55142531893e-05, 5.40718428965e-05, 0.000104289167211, 4.64897348138e-05, 3.15840043186e-05, 4.19796051574e-05, 2.48769847531e-05, 1.21714101624e-05, 7.72248768044e-06, 4.36080563304e-06, 2.98404165733e-06, 3.29751492245e-06, 2.30603950513e-06, 1.87360410564e-06, 1.84479392829e-06, 1.71294482243e-06, 1.27712041831e-06, 1.07209086764e-06, 8.50121580243e-07, 6.75853414123e-07, 4.50070189117e-07, 3.57033968612e-07, 3.00955605326e-07],
        "median": [0.00109122181311, 0.00752310082316, 0.00642182445154, 0.00215766392648, 0.00077831390081, 0.000361071201041, 0.00027858762769, 0.000225525393034, 0.000226163916523, 0.000140907912282, 5.06175092596e-05, 3.902145545e-05, 2.83494919131e-05, 2.03507988772e-05, 2.22718354053e-05, 2.06849817914e-05, 1.9633633201e-05, 1.94116091734e-05, 1.30440175781e-05, 1.21967032101e-05, 1.1833908502e-05, 1.10316941573e-05, 8.02551130619e-06, 4.96376060255e-06, 3.58496436093e-06, 2.50098901233e-06, 1.35364882681e-06, 8.37194932046e-07, 8.42006215862e-07, 4.46209242e-07, 3.35452881473e-07, 3.18491970575e-07, 2.93248376693e-07, 2.4530106657e-07, 1.87400090113e-07, 1.65290288123e-07, 1.26511025655e-07, 7.99865702561e-08, 6.16706756773e-08, 4.85892748259e-08],
        "min": [1.16256509627e-11, 5.41979829072e-12, 1.19478905936e-12, 2.01711108753e-12, 4.94547285068e-12, 4.52791536903e-12, 3.10088673489e-12, 1.87904834921e-12, 9.66609496438e-13, 9.73182255268e-13, 6.49055115209e-12, 1.39849859124e-11, 1.18614319755e-11, 2.46315229498e-12, 5.48283597343e-12, 6.06784587853e-12, 7.46416557035e-12, 2.05821470978e-11, 6.48082976173e-11, 9.01237834361e-11, 8.43174974285e-11, 3.80912315578e-11, 2.991087239e-11, 4.88811465263e-12, 3.98443300922e-12, 3.5568371165e-12, 7.93389919734e-12, 3.35456163715e-12, 1.17573450975e-11, 5.04139507918e-11, 1.03437631724e-11, 1.19837499299e-11, 1.58284513968e-11, 9.38836768744e-12, 9.71287633655e-12, 1.3464023299e-11, 1.13050584519e-11, 1.27704583019e-11, 1.08048891015e-11, 4.97635136223e-12],
        "var": [2.94599012705e-05, 6.08975351497e-05, 4.34243011114e-05, 1.1528532923e-05, 2.55168697549e-06, 2.35534116655e-06, 7.42841734791e-07, 1.71093904555e-06, 3.21865991282e-06, 3.40044084624e-06, 1.69950183704e-07, 2.23656584808e-07, 8.94472123036e-08, 6.96459565575e-08, 8.6843620295e-08, 7.2354708891e-08, 6.52105143217e-08, 6.18223339188e-08, 1.486297041e-08, 1.81285130907e-07, 1.08708348989e-08, 3.03244052091e-09, 1.02863282336e-08, 3.10377656909e-09, 4.38914876666e-10, 2.20592530353e-10, 6.83349973829e-11, 3.82608007776e-11, 4.4645381142e-11, 2.53028518277e-11, 1.83319071728e-11, 1.82459585635e-11, 1.67029393788e-11, 1.17974258834e-11, 1.32609504974e-11, 1.28764776619e-11, 1.31102862941e-11, 4.9116865089e-12, 2.89983466926e-12, 1.94724444902e-12]
    },
    "mfcc": {
        "dmean": [13.8537254333, 10.0523233414, 8.75793743134, 8.05442619324, 7.26932764053, 7.1725859642, 6.91936922073, 6.9322180748, 6.73682022095, 6.58351945877, 6.43160057068, 6.22822856903, 6.05666875839],
        "dmean2": [18.1509494781, 14.6586465836, 13.222369194, 12.6820383072, 11.6995697021, 11.456363678, 11.2145233154, 11.24766922, 10.932062149, 10.7564277649, 10.573923111, 10.2596921921, 9.93190670013],
        "dvar": [461.024871826, 135.470535278, 60.5590057373, 49.3573799133, 36.1631813049, 32.7581825256, 29.4401531219, 30.4166164398, 27.9138507843, 28.6967258453, 27.2087345123, 24.8441104889, 21.0799789429],
        "dvar2": [648.535827637, 229.755020142, 124.531463623, 116.50705719, 84.7786178589, 82.009262085, 79.7650527954, 80.12449646, 74.4772644043, 72.9160308838, 72.7179260254, 63.948890686, 57.9310569763],
        "max": [-497.016357422, 269.891052246, 139.693115234, 102.358825684, 73.7512893677, 46.5813713074, 37.3652000427, 55.7843475342, 31.3940372467, 44.052192688, 47.4390411377, 39.1786499023, 29.7956047058],
        "mean": [-647.022399902, 175.47102356, 5.54703092575, 32.7129058838, 15.7898035049, 5.14516019821, -5.6867389679, 4.74361085892, -1.50354087353, 1.69874954224, 0.555431902409, -1.76729655266, -6.44075918198],
        "median": [-631.577697754, 174.768981934, 5.79990005493, 32.047290802, 15.7657318115, 5.95946884155, -4.7172870636, 4.53632736206, -1.0765247345, 0.797523498535, -0.155307769775, -2.33489227295, -6.34667778015],
        "min": [-1138.42004395, 1.14440917969e-05, -100.862312317, -59.2475738525, -43.4138374329, -54.266784668, -55.0659484863, -37.3019104004, -42.3695640564, -35.9347877502, -33.5232429504, -30.9260139465, -44.9005432129],
        "var": [6020.80126953, 1609.00708008, 1245.29553223, 505.592895508, 310.807037354, 215.952102661, 217.629760742, 143.168121338, 102.600387573, 164.632156372, 114.755493164, 91.1321258545, 87.5136184692],
        "cov": [[6023.12792969, -1775.52478027, -683.93963623, -217.597946167, -337.045074463, -67.0551605225, -239.861953735, 44.5164604187, -12.489812851, 68.4214782715, 42.1785964966, -28.2590293884, -33.9641532898], [-1775.52478027, 1609.62878418, -451.39755249, -219.495651245, 29.9139118195, -108.778953552, 94.0348434448, -26.6863536835, -40.1531143188, 37.2718811035, 49.3280220032, 22.2152233124, -11.958319664], [-683.93963623, -451.39755249, 1245.77661133, 262.429321289, 7.02238321304, 223.950057983, 131.577636719, 40.7831497192, 15.6011219025, -85.5623397827, -54.7815093994, -19.9598464966, 15.4210700989], [-217.597946167, -219.495651245, 262.429321289, 505.788238525, 136.840835571, 15.1257181168, -97.2813034058, 5.64267683029, 42.9038848877, -86.4840087891, -69.3574142456, -4.61478710175, 18.4865531921], [-337.045074463, 29.9139118195, 7.02238321304, 136.840835571, 310.927154541, -21.6407814026, -40.5351829529, 17.7583885193, 17.8574390411, 10.298283577, -13.6661710739, 17.4263343811, -0.0141852758825], [-67.0551605225, -108.778953552, 223.950057983, 15.1257181168, -21.6407814026, 216.035552979, 81.5306015015, -11.2263450623, 3.21732354164, -13.2304487228, 1.77848315239, -11.1704969406, -7.51310873032], [-239.861953735, 94.0348434448, 131.577636719, -97.2813034058, -40.5351829529, 81.5306015015, 217.713851929, 33.644153595, -28.9369258881, 29.9918861389, 27.6023464203, 2.84553933144, -9.33151912689], [44.5164604187, -26.6863536835, 40.7831497192, 5.64267683029, 17.7583885193, -11.2263450623, 33.644153595, 143.223434448, 12.9005050659, -0.907855331898, 8.41090774536, 16.5256404877, -6.52981328964], [-12.489812851, -40.1531143188, 15.6011219025, 42.9038848877, 17.8574390411, 3.21732354164, -28.9369258881, 12.9005050659, 102.640029907, 22.612405777, -13.4448928833, -2.56057143211, -3.59374785423], [68.4214782715, 37.2718811035, -85.5623397827, -86.4840087891, 10.298283577, -13.2304487228, 29.9918861389, -0.907855331898, 22.612405777, 164.695770264, 66.1601715088, -11.9364843369, -29.345697403], [42.1785964966, 49.3280220032, -54.7815093994, -69.3574142456, -13.6661710739, 1.77848315239, 27.6023464203, 8.41090774536, -13.4448928833, 66.1601715088, 114.799835205, 20.4327507019, -15.8813819885], [-28.2590293884, 22.2152233124, -19.9598464966, -4.61478710175, 17.4263343811, -11.1704969406, 2.84553933144, 16.5256404877, -2.56057143211, -11.9364843369, 20.4327507019, 91.1673431396, 26.6825790405], [-33.9641532898, -11.958319664, 15.4210700989, 18.4865531921, -0.0141852758825, -7.51310873032, -9.33151912689, -6.52981328964, -3.59374785423, -29.345697403, -15.8813819885, 26.6825790405, 87.5474395752]],
        "icov": [[0.000411911489209, 0.000561884080525, 0.000385759049095, 0.000128761734231, 0.000353798270226, -5.97258185735e-05, 0.000211541351746, -0.0002510358172, 0.000209975973121, -9.39470992307e-05, -2.92622553388e-05, 1.43528268381e-05, 0.000107613384898], [0.000561884080525, 0.0015568844974, 0.000786182063166, 0.00033342896495, 0.00023615329701, 0.000318163947668, -0.000413623492932, -2.13989169424e-05, 0.000188570018508, 0.000193695886992, -0.000234048828133, 1.00612433016e-05, 0.000230555422604], [0.000385759049095, 0.000786182063166, 0.00168233865406, -0.000528580800164, 0.000380163546652, -0.000868535891641, -0.000749884697143, -0.000410837237723, 7.78817775426e-05, 0.000258127547568, 8.18859334686e-05, 0.000228783770581, -7.78772664489e-05], [0.000128761734231, 0.00033342896495, -0.000528580800164, 0.00333256437443, -0.00117160694208, 1.34891279231e-05, 0.00128161092289, -8.64903704496e-05, -0.000811839767266, 0.00119614810683, 0.000283554691123, 0.000299624516629, -5.62407803955e-05], [0.000353798270226, 0.00023615329701, 0.000380163546652, -0.00117160694208, 0.00432642828673, -9.86359300441e-05, 0.000695913971867, -0.000792937469669, 0.000514749728609, -0.00142300163861, 0.000777257024311, -0.00109734642319, 0.000376804469852], [-5.97258185735e-05, 0.000318163947668, -0.000868535891641, 1.34891279231e-05, -9.86359300441e-05, 0.00695363851264, -0.00276744086295, 0.00168829527684, -0.00134565797634, 0.00134260766208, -0.00104013783857, 0.000550541677512, 0.000636426731944], [0.000211541351746, -0.000413623492932, -0.000749884697143, 0.00128161092289, 0.000695913971867, -0.00276744086295, 0.00812914315611, -0.00239453208633, 0.00248331180774, -0.00201053870842, 0.000401641213102, -0.000506083015352, -7.36526772016e-06], [-0.0002510358172, -2.13989169424e-05, -0.000410837237723, -8.64903704496e-05, -0.000792937469669, 0.00168829527684, -0.00239453208633, 0.00840112101287, -0.00196888879873, 0.0012400529813, -0.000879708502907, -0.00126471475232, 0.00106716959272], [0.000209975973121, 0.000188570018508, 7.78817775426e-05, -0.000811839767266, 0.000514749728609, -0.00134565797634, 0.00248331180774, -0.00196888879873, 0.0123348208144, -0.00403376901522, 0.00298202689737, -0.000908951449674, 0.000239571949351], [-9.39470992307e-05, 0.000193695886992, 0.000258127547568, 0.00119614810683, -0.00142300163861, 0.00134260766208, -0.00201053870842, 0.0012400529813, -0.00403376901522, 0.0107568083331, -0.00595658179373, 0.0025767411571, 0.00125933927484], [-2.92622553388e-05, -0.000234048828133, 8.18859334686e-05, 0.000283554691123, 0.000777257024311, -0.00104013783857, 0.000401641213102, -0.000879708502907, 0.00298202689737, -0.00595658179373, 0.0139126991853, -0.00437646685168, 0.00175387703348], [1.43528268381e-05, 1.00612433016e-05, 0.000228783770581, 0.000299624516629, -0.00109734642319, 0.000550541677512, -0.000506083015352, -0.00126471475232, -0.000908951449674, 0.0025767411571, -0.00437646685168, 0.0141627946869, -0.00448184413835], [0.000107613384898, 0.000230555422604, -7.78772664489e-05, -5.62407803955e-05, 0.000376804469852, 0.000636426731944, -7.36526772016e-06, 0.00106716959272, 0.000239571949351, 0.00125933927484, 0.00175387703348, -0.00448184413835, 0.013770791702]]
    }
}

}