{
"metadata": {
    "version": {
        "essentia": "2.0.1",
        "extractor": "archive-music 1.0 mod ismir14"
    },
    "audio_properties": {
        "analysis_sample_rate": 44100,
        "bitrate": 32,
        "channels": 2,
        "equal_loudness": 0,
        "length": 30.0408172607,
        "replay_gain": -10.0283031464,
        "downmix": "mix"
    },
    "tags": {
        "track": 0,
        "year": 0,
        "album": "",
        "artist": "",
        "comment": "",
        "genre": "",
        "title": ""
    }
},
"rhythm": {
    "bpm": 172.265594482,
    "bpm_histogram_first_peak": 172,
    "bpm_histogram_first_peak_spread": 0,
    "bpm_histogram_first_peak_weight": 0.529411792755,
    "bpm_histogram_second_peak": 178,
    "bpm_histogram_second_peak_spread": 0,
    "bpm_histogram_second_peak_weight": 0.258823543787
},
"tonal": {
    "tuning_frequency": {
        "dmean": 0.112545371056,
        "dmean2": 0.223498374224,
        "dvar": 2.15706992149,
        "dvar2": 4.38575077057,
        "max": 455.779724121,
        "mean": 445.0597229,
        "median": 454.990661621,
        "min": 431.443084717,
        "var": 124.294540405
    },
    "hpcp": {
        "dmean": [0.12063151598, 0.120289601386, 0.165134936571, 0.131600469351, 0.0843208432198, 0.0744788572192, 0.0942178741097, 0.0940258577466, 0.106847405434, 0.0951081886888, 0.113384120166, 0.084853284061],
        "dmean2": [0.225573062897, 0.223484203219, 0.306297779083, 0.242047563195, 0.158601462841, 0.140153348446, 0.176822185516, 0.177448108792, 0.203541442752, 0.17354285717, 0.204443216324, 0.158029362559],
        "dvar": [0.0715724900365, 0.068598434329, 0.0880496874452, 0.0733576565981, 0.0495523586869, 0.0427665188909, 0.0619496032596, 0.059951286763, 0.0684506669641, 0.0509530007839, 0.0569937229156, 0.0445626936853],
        "dvar2": [0.197007343173, 0.183479771018, 0.239074021578, 0.198937103152, 0.140548795462, 0.117242209613, 0.169743895531, 0.160297065973, 0.197234585881, 0.14281578362, 0.150918185711, 0.123922869563],
        "max": [1, 1, 1, 1, 1, 1, 1, 1, 1, 1, 1, 1],
        "mean": [0.117398880422, 0.136928111315, 0.150751411915, 0.296687930822, 0.0603395067155, 0.0867830216885, 0.127252295613, 0.120748117566, 0.0811313465238, 0.0917806178331, 0.242036029696, 0.0713574513793],
        "median": [0.00812533404678, 0.00728041538969, 0.0189379546791, 0.019192090258, 0.000849285570439, 0.00571558484808, 0.000409951520851, 0.00239180517383, 0.0013775533298, 0.00210862583481, 0.0265868287534, 0.00263188779354],
        "min": [0, 0, 0, 0, 0, 0, 0, 0, 0, 0, 0, 0],
        "var": [0.0708579346538, 0.084470950067, 0.0821355730295, 0.175376802683, 0.0379555523396, 0.0550250336528, 0.095060005784, 0.086608491838, 0.0567583627999, 0.0547668002546, 0.140072569251, 0.0392592921853]
    }
},
"lowlevel": {
    "melbands": {
        "dmean": [8.71774318512e-06, 0.000147937083966, 0.000383570499253, 0.00135240016971, 0.00153999379836, 0.000824276066851, 0.000273804820608, 0.000213970881305, 0.000115380149509, 7.81026319601e-05, 5.02495240653e-05, 3.82606085623e-05, 5.28267810296e-05, 2.68103012786e-05, 2.55084050877e-05, 1.99892365345e-05, 3.64458755939e-05, 2.13307630474e-05, 2.33860137087e-05, 6.99412112226e-06, 1.01805853774e-05, 9.13245457923e-06, 5.62049626751e-06, 6.73751128488e-06, 1.43722318171e-05, 1.3748947822e-05, 5.08381344844e-06, 2.85157466351e-06, 7.92510434167e-07, 5.36951404229e-07, 2.24045720643e-07, 3.76311533046e-08, 6.15113737723e-09, 1.58687918361e-09, 7.47411188495e-10, 3.89254906086e-10, 2.46140163807e-10, 1.68178179716e-10, 1.32249197704e-10, 1.12387189832e-10],
        "dmean2": [1.37451206683e-05, 0.000237427491811, 0.000666106003337, 0.0021070598159, 0.00238853413612, 0.00127443508245, 0.000394151720684, 0.000321021914715, 0.000154791094246, 9.53549315454e-05, 5.9047681134e-05, 4.75545784866e-05, 6.01418105362e-05, 3.15836587106e-05, 3.24169777741e-05, 2.80256426777e-05, 4.79676418763e-05, 3.02299467876e-05, 3.40097903972e-05, 1.00870865936e-05, 1.57862705237e-05, 1.31721744765e-05, 7.64229935157e-06, 9.308531844e-06, 1.93388168555e-05, 1.78471782419e-05, 7.25656218492e-06, 4.27399345426e-06, 1.13943144697e-06, 7.96092137989e-07, 3.37983010468e-07, 5.59859252292e-08, 8.92417251208e-09, 2.3362412005e-09, 1.20371834722e-09, 6.48110454193e-10, 4.24388219011e-10, 3.13707670951e-10, 2.51537540796e-10, 2.1649751436e-10],
        "dvar": [2.40299696808e-10, 5.44367146915e-08, 7.21164951756e-07, 8.04115370556e-06, 9.34931722441e-06, 2.33964146901e-06, 3.12084949883e-07, 2.90484365451e-07, 1.94633443584e-07, 1.45453157074e-07, 4.38825651372e-08, 3.039783536e-08, 5.32075326021e-08, 1.13636824395e-08, 2.23184635217e-08, 3.309373664e-09, 1.34825572928e-08, 2.89858248514e-09, 3.32046434792e-09, 2.69218203286e-10, 9.35892807696e-10, 6.91107393536e-10, 3.39093614299e-10, 3.34885064124e-10, 2.23390972387e-09, 2.16315587664e-09, 3.04582581379e-10, 1.2849746267e-10, 9.48254582495e-12, 1.39442077676e-11, 2.38578276059e-12, 5.01435508784e-14, 2.78033715673e-15, 7.00104097595e-17, 1.96032606927e-17, 9.86063727533e-18, 8.31237519867e-18, 7.59265279232e-18, 6.0730901606e-18, 4.79430202082e-18],
        "dvar2": [6.15929862668e-10, 1.36909577009e-07, 2.29190004575e-06, 2.10104608414e-05, 2.45613882726e-05, 5.9439225879e-06, 5.45560965293e-07, 5.49279150164e-07, 3.36427376624e-07, 2.70039322459e-07, 6.72049438322e-08, 5.12209119563e-08, 6.54801226574e-08, 1.73573546647e-08, 4.24733528348e-08, 6.13821304896e-09, 2.35413182281e-08, 6.00238569959e-09, 6.93499790927e-09, 5.86064197172e-10, 2.30927099665e-09, 1.58878177281e-09, 5.66221236564e-10, 6.45249742526e-10, 4.05421651806e-09, 4.41569891763e-09, 7.24321325141e-10, 3.16114773247e-10, 1.88469188173e-11, 2.9663948381e-11, 5.9121943452e-12, 1.139006966e-13, 6.76644265453e-15, 1.42951434402e-16, 5.39843214043e-17, 2.85897574849e-17, 2.4747134617e-17, 2.27290935094e-17, 1.81459190002e-17, 1.43203393617e-17],
        "max": [0.00028966346872, 0.00802965834737, 0.0166326500475, 0.10605956614, 0.081147134304, 0.0187134705484, 0.0101264677942, 0.0122027965263, 0.0130481384695, 0.0107965357602, 0.00807476788759, 0.00496142683551, 0.00710932258517, 0.00361445825547, 0.00550065422431, 0.0018977826694, 0.00535607337952, 0.000983744394034, 0.00203783274628, 0.000400861550588, 0.00051376450574, 0.000555803359021, 0.000424699304858, 0.000476532295579, 0.00186069100164, 0.0014784677187, 0.000477367982967, 0.000222536415095, 0.000102978723589, 0.000155911126058, 6.50008660159e-05, 8.25818824524e-06, 2.61945842794e-06, 2.76839529079e-07, 1.24724564898e-07, 1.03971366627e-07, 9.37329076578e-08, 8.92643257089e-08, 7.90885721358e-08, 6.82433167754e-08],
        "mean": [1.19821715998e-05, 0.00025589967845, 0.0006023219903, 0.00323375267908, 0.00360758719034, 0.00176833744626, 0.000703357509337, 0.00055836798856, 0.00029550830368, 0.00017745650257, 0.000161777919857, 9.33890041779e-05, 0.000151229032781, 6.46483604214e-05, 4.95338717883e-05, 4.26152219006e-05, 8.11901045381e-05, 4.18956224166e-05, 5.40601358807e-05, 1.58521652338e-05, 1.83861302503e-05, 1.61638236023e-05, 1.05334156615e-05, 1.41621476359e-05, 3.04230161419e-05, 3.26603840222e-05, 9.27999553824e-06, 4.51704681836e-06, 1.56743681146e-06, 9.45472606872e-07, 3.71503688257e-07, 6.3899292968e-08, 1.0331042688e-08, 3.02181257794e-09, 1.30367028284e-09, 6.49743592263e-10, 3.56368545784e-10, 1.92870927562e-10, 1.28367691477e-10, 9.30505603125e-11],
        "median": [5.7038050727e-06, 0.000117625226267, 0.000236745050643, 0.00107101269532, 0.00151857803576, 0.000846949988045, 0.00028775120154, 0.000146392238094, 6.12565709162e-05, 1.35048303491e-05, 1.07298301373e-05, 6.07958509136e-06, 8.52290122566e-06, 7.58128544476e-06, 6.16585884927e-06, 7.46758996684e-06, 1.48336903294e-05, 1.07775822471e-05, 1.38993682413e-05, 4.02370096708e-06, 4.35884157923e-06, 3.61384354619e-06, 1.61690684308e-06, 2.4323994694e-06, 4.83078520119e-06, 4.10823849961e-06, 1.43171109812e-06, 4.46285781663e-07, 1.11619385734e-07, 4.32274731565e-08, 1.39639757535e-08, 3.52465168163e-09, 1.4694857553e-09, 8.1245343786e-10, 4.99364605222e-10, 2.70094252519e-10, 1.61478982963e-10, 9.54859732949e-11, 5.99570948445e-11, 3.68961840247e-11],
        "min": [2.21803559677e-13, 1.38809135627e-12, 1.34302866137e-12, 6.37719824864e-12, 6.78668666404e-12, 5.62672434687e-12, 4.32020391683e-12, 3.16726766342e-12, 1.47276938908e-12, 8.14828781705e-13, 2.77436792073e-13, 3.93319166299e-13, 2.63551073326e-12, 6.49571065339e-12, 2.36024706723e-11, 3.68928047834e-11, 4.68993177627e-11, 1.05118289073e-10, 6.4593080884e-11, 2.07863865009e-11, 1.46574124366e-11, 3.12898708679e-12, 1.50875544697e-11, 7.77742367036e-12, 7.58240258775e-12, 2.93377162841e-11, 6.79004682341e-12, 8.13827043949e-12, 1.35410172658e-12, 3.71953986708e-13, 1.67736687712e-13, 3.03041825574e-13, 1.25978903958e-12, 3.9466103996e-12, 5.40988911654e-12, 9.50503673165e-13, 1.47832294366e-13, 1.33984620274e-13, 1.83754704161e-12, 1.72597125394e-12],
        "var": [4.98441843355e-10, 3.55063718871e-07, 1.36631103942e-06, 4.62372954644e-05, 2.90362131636e-05, 5.35913386557e-06, 1.19408491628e-06, 1.32158015731e-06, 8.82804329194e-07, 3.70660075077e-07, 3.12032938155e-07, 1.48588810589e-07, 3.61848066177e-07, 5.6094485501e-08, 5.30416635058e-08, 1.35015314484e-08, 1.01605529323e-07, 8.39732461344e-09, 1.41084361971e-08, 9.34569199806e-10, 1.62624647082e-09, 1.46073964036e-09, 9.25867382762e-10, 1.30422617151e-09, 8.51842685279e-09, 1.06719149073e-08, 6.00065108713e-10, 2.21315687998e-10, 3.69462758998e-11, 3.59301442765e-11, 6.63250487518e-12, 1.20093578094e-13, 7.48335397691e-15, 2.18926451653e-16, 2.15484470406e-17, 7.35929935125e-18, 4.6648035872e-18, 3.83920495757e-18, 3.07596602675e-18, 2.42880307655e-18]
    },
    "mfcc": {
        "dmean": [17.0340194702, 8.11579322815, 11.5879764557, 8.3213634491, 7.73041152954, 6.79808616638, 6.58190011978, 6.67445230484, 6.18219661713, 5.99800682068, 5.95162725449, 5.68706178665, 5.44981813431],
        "dmean2": [20.1028804779, 11.9116439819, 15.5526895523, 11.532998085, 11.1825408936, 10.2607135773, 10.2488565445, 9.93733501434, 9.56776618958, 9.29870223999, 9.14270305634, 8.85457897186, 8.57514572144],
        "dvar": [626.772766113, 62.5132751465, 205.722473145, 55.2716369629, 42.8078117371, 36.2775039673, 29.2081508636, 34.5938186646, 25.8384666443, 25.0421009064, 24.792388916, 21.9625148773, 20.2864990234],
        "dvar2": [837.530517578, 103.952911377, 301.284423828, 97.9891815186, 87.2939224243, 75.6424484253, 71.4365692139, 73.1511077881, 60.2112846375, 59.714931488, 55.8304634094, 51.4025421143, 49.0871391296],
        "max": [-608.300415039, 288.468231201, 111.74407959, 148.35848999, 65.3235778809, 44.8711242676, 48.2145767212, 24.7974948883, 21.404499054, 33.7397537231, 19.6805458069, 20.3838367462, 28.4627037048],
        "mean": [-752.285461426, 219.8775177, -49.6774749756, 40.8571434021, 6.03114652634, -25.8667888641, -5.62101364136, -33.0709991455, -24.5341911316, -7.10384082794, -11.2516918182, -14.375582695, -7.43227577209],
        "median": [-740.857055664, 221.877929688, -58.6370658875, 40.3034706116, 9.21139526367, -26.0943870544, -5.03957748413, -35.2383956909, -24.602142334, -6.23420715332, -9.75674629211, -14.0622711182, -7.27482223511],
        "min": [-1138.42004395, 1.14440917969e-05, -135.94052124, -33.2077407837, -72.8005371094, -83.5408935547, -44.9551010132, -76.7066650391, -63.9220352173, -68.3143157959, -68.759727478, -55.7678947449, -40.6829948425],
        "var": [5107.66992188, 727.31262207, 2104.17553711, 718.383789062, 538.47265625, 354.854980469, 147.319717407, 272.087280273, 139.693496704, 204.458282471, 153.077606201, 110.372154236, 113.99520874],
        "cov": [[5109.64355469, -31.4602279663, -2971.30297852, 950.951293945, -888.548950195, -640.008666992, 226.445404053, -288.087432861, 5.72918224335, -186.503295898, -60.6066932678, -5.22910881042, -138.562301636], [-31.4602279663, 727.59362793, 335.090209961, -417.294921875, 82.289932251, -109.098190308, -47.1129608154, 142.747131348, -40.8574867249, -29.9498310089, -29.7022972107, -25.2120189667, -23.8512916565], [-2971.30297852, 335.090209961, 2104.98852539, -611.285522461, 457.711517334, 382.493652344, -173.036331177, 206.076431274, -1.46048557758, 59.4014511108, 23.7273960114, -7.39168548584, 44.4138374329], [950.951293945, -417.294921875, -611.285522461, 718.661376953, -63.837272644, -62.240562439, 55.2388114929, -243.05921936, -5.12680101395, 8.07919025421, -33.8287162781, 0.434287130833, -12.0588359833], [-888.548950195, 82.289932251, 457.711517334, -63.837272644, 538.680725098, 195.997756958, -81.6499252319, -32.6207542419, -63.8427886963, 129.524124146, 19.0890083313, -21.5415534973, 64.0307540894], [-640.008666992, -109.098190308, 382.493652344, -62.240562439, 195.997756958, 354.992095947, -2.85247707367, -51.0893249512, 19.4279155731, 68.5477142334, 68.7850952148, 23.0272541046, 37.7546234131], [226.445404053, -47.1129608154, -173.036331177, 55.2388114929, -81.6499252319, -2.85247707367, 147.376647949, 25.1851940155, -11.7474012375, 1.89686965942, 0.400553107262, 16.0769767761, 5.16249036789], [-288.087432861, 142.747131348, 206.076431274, -243.05921936, -32.6207542419, -51.0893249512, 25.1851940155, 272.19241333, 56.8125724792, -81.7136459351, 1.05887389183, 2.61639428139, -12.447687149], [5.72918224335, -40.8574867249, -1.46048557758, -5.12680101395, -63.8427886963, 19.4279155731, -11.7474012375, 56.8125724792, 139.7474823, -12.0036220551, -20.1948261261, 16.5288906097, -8.5946598053], [-186.503295898, -29.9498310089, 59.4014511108, 8.07919025421, 129.524124146, 68.5477142334, 1.89686965942, -81.7136459351, -12.0036220551, 204.53729248, 69.5451431274, -29.0078582764, 45.0037460327], [-60.6066932678, -29.7022972107, 23.7273960114, -33.8287162781, 19.0890083313, 68.7850952148, 0.400553107262, 1.05887389183, -20.1948261261, 69.5451431274, 153.136764526, 34.9368476868, -0.51361644268], [-5.22910881042, -25.2120189667, -7.39168548584, 0.434287130833, -21.5415534973, 23.0272541046, 16.0769767761, 2.61639428139, 16.5288906097, -29.0078582764, 34.9368476868, 110.414802551, 32.0985298157], [-138.562301636, -23.8512916565, 44.4138374329, -12.0588359833, 64.0307540894, 37.7546234131, 5.16249036789, -12.447687149, -8.5946598053, 45.0037460327, -0.51361644268, 32.0985298157, 114.039253235]],
        "icov": [[0.0254939273, -0.0346098281443, 0.0349283628166, -0.0324676521122, 0.0312864892185, -0.0285133887082, 0.025700032711, -0.0222076047212, 0.0186537466943, -0.0140572777018, 0.0100430333987, -0.00613747397438, 0.00371278892271], [-0.0346098281443, 0.049760133028, -0.0476778335869, 0.0460682250559, -0.0436822064221, 0.0408905148506, -0.0360471755266, 0.0315223187208, -0.0259623061866, 0.0201903302222, -0.0141456024721, 0.00880890805274, -0.0046108122915], [0.0349283628166, -0.0476778335869, 0.0490419045091, -0.0445440784097, 0.0432415828109, -0.0410860143602, 0.0373792946339, -0.0326565988362, 0.0273803621531, -0.0210629142821, 0.0157567411661, -0.00977794174105, 0.00592251727358], [-0.0324676521122, 0.0460682250559, -0.0445440784097, 0.0460840724409, -0.0423265472054, 0.0399223677814, -0.0369065776467, 0.0343570634723, -0.0278596896678, 0.0221204292029, -0.0157240424305, 0.0103305149823, -0.00543134752661], [0.0312864892185, -0.0436822064221, 0.0432415828109, -0.0423265472054, 0.0443739518523, -0.0403763800859, 0.0378026850522, -0.0335043631494, 0.0297690443695, -0.0243968479335, 0.0182182304561, -0.011381065473, 0.00580224813893], [-0.0285133887082, 0.0408905148506, -0.0410860143602, 0.0399223677814, -0.0403763800859, 0.0432831868529, -0.0377290099859, 0.0353477932513, -0.0307385325432, 0.0247098971158, -0.0209437701851, 0.0127972923219, -0.00772696454078], [0.025700032711, -0.0360471755266, 0.0373792946339, -0.0369065776467, 0.0378026850522, -0.0377290099859, 0.0440357513726, -0.0358980633318, 0.0313708260655, -0.0266500841826, 0.0213937424123, -0.0154493069276, 0.00790663994849], [-0.0222076047212, 0.0315223187208, -0.0326565988362, 0.0343570634723, -0.0335043631494, 0.0353477932513, -0.0358980633318, 0.0395062528551, -0.0315497666597, 0.0280443057418, -0.0224936734885, 0.0160474721342, -0.00905510690063], [0.0186537466943, -0.0259623061866, 0.0273803621531, -0.0278596896678, 0.0297690443695, -0.0307385325432, 0.0313708260655, -0.0315497666597, 0.0348569005728, -0.0246802791953, 0.0216506514698, -0.0159220490605, 0.00916917715222], [-0.0140572777018, 0.0201903302222, -0.0210629142821, 0.0221204292029, -0.0243968479335, 0.0247098971158, -0.0266500841826, 0.0280443057418, -0.0246802791953, 0.0302787534893, -0.0228214897215, 0.0179631467909, -0.0114977667108], [0.0100430333987, -0.0141456024721, 0.0157567411661, -0.0157240424305, 0.0182182304561, -0.0209437701851, 0.0213937424123, -0.0224936734885, 0.0216506514698, -0.0228214897215, 0.0261637866497, -0.0167792532593, 0.0102042220533], [-0.00613747397438, 0.00880890805274, -0.00977794174105, 0.0103305149823, -0.011381065473, 0.0127972923219, -0.0154493069276, 0.0160474721342, -0.0159220490605, 0.0179631467909, -0.0167792532593, 0.0226262826473, -0.0108429221436], [0.00371278892271, -0.0046108122915, 0.00592251727358, -0.00543134752661, 0.00580224813893, -0.00772696454078, 0.00790663994849, -0.00905510690063, 0.00916917715222, -0.0114977667108, 0.0102042220533, -0.0108429221436, 0.0157151669264]]
    }
}

}