{
"metadata": {
    "version": {
        "essentia": "2.0.1",
        "extractor": "archive-music 1.0 mod ismir14"
    },
    "audio_properties": {
        "analysis_sample_rate": 44100,
        "bitrate": 32,
        "channels": 2,
        "equal_loudness": 0,
        "length": 30.0408172607,
        "replay_gain": -14.828502655,
        "downmix": "mix"
    },
    "tags": {
        "track": 0,
        "year": 0,
        "album": "",
        "artist": "",
        "comment": "",
        "genre": "",
        "title": ""
    }
},
"rhythm": {
    "bpm": 109.314041138,
    "bpm_histogram_first_peak": 110,
    "bpm_histogram_first_peak_spread": 0.396226406097,
    "bpm_histogram_first_peak_weight": 0.603773593903,
    "bpm_histogram_second_peak": 0,
    "bpm_histogram_second_peak_spread": 0,
    "bpm_histogram_second_peak_weight": 0
},
"tonal": {
    "tuning_frequency": {
        "dmean": 0.0247033182532,
        "dmean2": 0.0418911874294,
        "dvar": 0.412086725235,
        "dvar2": 0.806353271008,
        "max": 455.253540039,
        "mean": 434.232025146,
        "median": 434.193115234,
        "min": 433.191070557,
        "var": 1.8119879961
    },
    "hpcp": {
        "dmean": [0.157450273633, 0.202712237835, 0.246503800154, 0.28771558404, 0.21220305562, 0.155259206891, 0.124641679227, 0.137186333537, 0.202860146761, 0.113588891923, 0.119444400072, 0.124600619078],
        "dmean2": [0.298679739237, 0.389545321465, 0.471912741661, 0.549429655075, 0.408326566219, 0.288518130779, 0.233187675476, 0.257050991058, 0.373766243458, 0.214862003922, 0.225008115172, 0.239024996758],
        "dvar": [0.0891551151872, 0.124492876232, 0.142050161958, 0.14896723628, 0.127299815416, 0.0844877138734, 0.0727995857596, 0.0794058740139, 0.0959678515792, 0.06987413764, 0.0704762712121, 0.074470192194],
        "dvar2": [0.241281509399, 0.342457860708, 0.371099889278, 0.387376099825, 0.331865847111, 0.227866649628, 0.201914846897, 0.216662108898, 0.247490152717, 0.203689455986, 0.20345813036, 0.209755152464],
        "max": [1, 1, 1, 1, 1, 1, 1, 1, 1, 1, 1, 1],
        "mean": [0.118855394423, 0.134786978364, 0.180670723319, 0.250113666058, 0.142140954733, 0.12846802175, 0.0929299071431, 0.123263448477, 0.226957634091, 0.0757776349783, 0.0964459106326, 0.080431625247],
        "median": [0.00812352169305, 0.00351946987212, 0.00589558575302, 0.0223059207201, 0.00302957231179, 0.00924233999103, 0.00223359116353, 0.00511700613424, 0.0255678743124, 0.00197070837021, 0.00457157706842, 0.002949597314],
        "min": [0, 0, 0, 0, 8.76593389876e-07, 0, 0, 0, 0, 0, 0, 0],
        "var": [0.0706694126129, 0.0913634225726, 0.119244366884, 0.147451370955, 0.0970043614507, 0.0736416950822, 0.0587413944304, 0.0782010555267, 0.12592113018, 0.0481945164502, 0.0590117834508, 0.0491064041853]
    }
},
"lowlevel": {
    "melbands": {
        "dmean": [0.00177226925734, 0.00528370263055, 0.00512893917039, 0.00215521105565, 0.000921517028473, 0.000590508512687, 0.000346418615663, 0.000331247254508, 0.000412657827837, 0.000319945684168, 7.23165649106e-05, 8.68932984304e-05, 5.4290620028e-05, 4.99576162838e-05, 5.65584523429e-05, 5.77323189646e-05, 6.39389254502e-05, 4.92555591336e-05, 2.54783517448e-05, 5.14326056873e-05, 2.43039412453e-05, 1.68791502801e-05, 1.95999000425e-05, 1.14314179882e-05, 6.5399694904e-06, 4.44946363132e-06, 2.45146839006e-06, 1.75371712885e-06, 1.88131457435e-06, 1.33441733396e-06, 1.11304814254e-06, 9.71265535554e-07, 8.98460996268e-07, 6.38493759197e-07, 5.64010576909e-07, 4.74061266686e-07, 3.30029990891e-07, 2.31575924659e-07, 2.00314843823e-07, 1.702595398e-07],
        "dmean2": [0.0028724859003, 0.00896921101958, 0.00860400963575, 0.00355762219988, 0.00153763522394, 0.00102408870589, 0.000586894806474, 0.000502811046317, 0.000606201647315, 0.000463962962385, 0.000105814775452, 0.000128873172798, 7.97745015007e-05, 7.35149806133e-05, 8.2104212197e-05, 8.57215636643e-05, 0.000102213765786, 7.57045127102e-05, 3.75438794435e-05, 7.77421009843e-05, 3.79555458494e-05, 2.61054610746e-05, 3.06065376208e-05, 1.81343712029e-05, 1.05076269392e-05, 7.02322904544e-06, 3.99994360123e-06, 2.88905448542e-06, 3.06506967718e-06, 2.14268084164e-06, 1.82587837116e-06, 1.59079036166e-06, 1.44832461046e-06, 9.88919168776e-07, 9.15860880468e-07, 7.62132799537e-07, 5.104164984e-07, 3.51439268798e-07, 2.98962220313e-07, 2.56081619909e-07],
        "dvar": [1.93193445739e-05, 4.09823915106e-05, 2.78301522485e-05, 8.29267628433e-06, 1.68905728515e-06, 9.20367654089e-07, 2.90217741394e-07, 3.94964388306e-07, 7.14369662091e-07, 6.60097214222e-07, 2.48134366387e-08, 6.46131326221e-08, 1.9931723827e-08, 2.46341240739e-08, 2.64909942871e-08, 2.80298166899e-08, 3.86633125515e-08, 1.59183457527e-08, 4.02170341474e-09, 5.06404305156e-08, 3.31371396989e-09, 1.47707035492e-09, 2.57813126403e-09, 8.05514099866e-10, 1.85859355684e-10, 1.33278416081e-10, 3.79594584932e-11, 2.14023902767e-11, 1.92049397219e-11, 1.22614141063e-11, 9.24306551436e-12, 7.0650130711e-12, 5.29853808398e-12, 3.72883711755e-12, 3.98920349878e-12, 4.08415185352e-12, 3.12765091603e-12, 1.46884631194e-12, 1.23707153462e-12, 8.80926082948e-13],
        "dvar2": [4.08566302212e-05, 0.000121851786389, 8.09235716588e-05, 2.17893230001e-05, 4.52867243439e-06, 2.76099012808e-06, 7.91705019765e-07, 8.42192093842e-07, 1.35856589623e-06, 1.27637861169e-06, 4.63970621922e-08, 1.28122849219e-07, 3.74073145792e-08, 5.27543271289e-08, 4.7024730776e-08, 6.6916307162e-08, 1.05179580601e-07, 3.63138816795e-08, 7.83715847774e-09, 1.23876446878e-07, 7.61984164654e-09, 3.47935058542e-09, 6.97910085279e-09, 2.20466778167e-09, 4.76688910567e-10, 3.45326489626e-10, 9.62469132171e-11, 5.58080352764e-11, 4.9295918042e-11, 3.09735466442e-11, 2.36482795152e-11, 1.76833322291e-11, 1.24170309451e-11, 8.1852857825e-12, 8.93371314425e-12, 9.04898378451e-12, 6.24666984805e-12, 2.83869368983e-12, 2.43730383098e-12, 2.09955382073e-12],
        "max": [0.0713756904006, 0.0597545839846, 0.0518846958876, 0.0370407924056, 0.0128107946366, 0.012757149525, 0.00817294977605, 0.0120428055525, 0.0203536171466, 0.0194275006652, 0.00664761243388, 0.00935639813542, 0.00471054390073, 0.00439426582307, 0.00392150785774, 0.00343819800764, 0.00350798200816, 0.00265978183597, 0.0011710425606, 0.00612368667498, 0.00126152927987, 0.000983238685876, 0.00112618587445, 0.00051383691607, 0.000233893442783, 0.000254040816799, 0.000138469986268, 9.43468912737e-05, 6.89727676217e-05, 7.31567488401e-05, 7.22723198123e-05, 5.13319682796e-05, 4.9551268603e-05, 5.03179471707e-05, 7.66283483244e-05, 8.0530095147e-05, 8.3427374193e-05, 6.07509246038e-05, 6.11500654486e-05, 4.56939014839e-05],
        "mean": [0.00233875983395, 0.009152575396, 0.00808336958289, 0.00314514967613, 0.00134753680322, 0.00102312094532, 0.000616714067291, 0.000701539742295, 0.000922774313949, 0.000725991441868, 0.000169804901816, 0.000155899339006, 0.000108440071926, 0.000104195183667, 0.000103476457298, 0.000107451218355, 0.000101051111415, 9.52565678745e-05, 5.39405446034e-05, 0.000105200851976, 4.66803685413e-05, 3.15327415592e-05, 4.18545605498e-05, 2.48595824814e-05, 1.21380071505e-05, 7.75070930104e-06, 4.36592654296e-06, 3.00266583508e-06, 3.31001865561e-06, 2.32139973377e-06, 1.88324179362e-06, 1.83575514257e-06, 1.70490557139e-06, 1.27189684918e-06, 1.06814582068e-06, 8.55616747231e-07, 6.80164987443e-07, 4.6257213171e-07, 3.67912207366e-07, 3.12310959316e-07],
        "median": [0.00109752023127, 0.00749717373401, 0.00643827673048, 0.00214746687561, 0.000774972490035, 0.000361649872502, 0.000279302272247, 0.00022425717907, 0.000227533018915, 0.000141098207678, 4.99730995216e-05, 3.87610234611e-05, 2.8369428037e-05, 2.04587395274e-05, 2.22363942157e-05, 2.06390668609e-05, 1.95368029381e-05, 1.92373299797e-05, 1.31861315822e-05, 1.219130354e-05, 1.15699749585e-05, 1.11187546281e-05, 8.01119949756e-06, 5.04740273755e-06, 3.6356734654e-06, 2.47725279223e-06, 1.34526669626e-06, 8.29521638934e-07, 8.1866801338e-07, 4.32170338627e-07, 3.29400620558e-07, 3.22570485878e-07, 2.93648639627e-07, 2.46925338843e-07, 1.89003245055e-07, 1.65415514175e-07, 1.2544484207e-07, 8.12374310044e-08, 6.34271870581e-08, 5.00849210994e-08],
        "min": [4.07795013035e-11, 5.46618618424e-11, 6.32452840099e-11, 6.21265469625e-11, 5.5066104454e-11, 5.71145838957e-11, 5.47738902845e-11, 3.23035660721e-11, 2.98603815285e-11, 6.38449432211e-11, 1.41761963279e-10, 2.0423374103e-10, 2.48881942833e-10, 2.22677598583e-10, 6.61015825409e-11, 2.49064935343e-11, 2.81328398077e-11, 1.4582531016e-10, 3.45123762902e-10, 2.31330815614e-10, 3.09988736069e-11, 3.80165308955e-11, 7.51664980259e-11, 1.36869113265e-10, 9.4735740086e-11, 2.57548062738e-11, 7.91834219721e-12, 3.34798399941e-12, 1.17342871531e-11, 7.42068004267e-11, 1.9866046308e-11, 1.26590907895e-11, 3.72388665043e-12, 9.36996053663e-12, 1.28392773843e-11, 1.54121646001e-11, 1.20963629738e-11, 1.27990543511e-11, 9.08078560263e-12, 4.96659441004e-12],
        "var": [2.9447448469e-05, 6.06552530371e-05, 4.32756496593e-05, 1.14858185043e-05, 2.53688995144e-06, 2.35024026551e-06, 7.39248150694e-07, 1.69646239101e-06, 3.20603680848e-06, 3.37632991432e-06, 1.68188748262e-07, 2.23213973527e-07, 8.87963196305e-08, 6.93625281656e-08, 8.64510596443e-08, 7.28097688807e-08, 6.54453060633e-08, 6.14380866182e-08, 1.47507632775e-08, 1.86389385703e-07, 1.11470175312e-08, 3.05781777676e-09, 1.0177799048e-08, 3.09448378033e-09, 4.40151970427e-10, 2.22519766502e-10, 6.81888712162e-11, 3.85299812888e-11, 4.44562303636e-11, 2.60387700984e-11, 1.85201489561e-11, 1.77489793696e-11, 1.62469950687e-11, 1.17336531116e-11, 1.2913928607e-11, 1.22051865142e-11, 1.26793263389e-11, 5.46965554446e-12, 3.28383067266e-12, 2.33598947477e-12]
    },
    "mfcc": {
        "dmean": [13.8264570236, 10.0105266571, 8.79961395264, 8.07174301147, 7.26891326904, 7.16365098953, 6.9559431076, 6.9551243782, 6.74716377258, 6.59197044373, 6.45247650146, 6.30612611771, 6.01309204102],
        "dmean2": [18.100528717, 14.5964393616, 13.255982399, 12.6904067993, 11.641462326, 11.4226465225, 11.3050870895, 11.3482465744, 10.9723787308, 10.6947040558, 10.5948171616, 10.424577713, 9.86396598816],
        "dvar": [457.919616699, 134.418640137, 60.8657035828, 49.2222366333, 35.7651100159, 32.6120605469, 29.8665294647, 31.059677124, 28.1381797791, 28.8878803253, 27.5857925415, 25.0156822205, 21.4965381622],
        "dvar2": [636.059448242, 225.608642578, 125.398460388, 116.892959595, 84.5300445557, 82.0432357788, 80.6891555786, 80.6138000488, 75.2183227539, 73.5264358521, 74.1527175903, 64.0821609497, 58.3594169617],
        "max": [-497.609344482, 270.172729492, 142.651702881, 102.382347107, 72.1292953491, 46.70728302, 37.7018203735, 54.5213623047, 32.0178260803, 43.6645126343, 45.6126403809, 36.8243865967, 27.6357192993],
        "mean": [-647.042907715, 175.342453003, 5.71037244797, 32.5397644043, 15.907497406, 5.07027816772, -5.57834768295, 4.671646595, -1.49711322784, 1.69993829727, 0.565410614014, -1.74909985065, -6.44081258774],
        "median": [-631.729919434, 174.711578369, 5.79285430908, 31.8846664429, 16.0923576355, 5.67388153076, -4.60300254822, 4.40062522888, -1.0333366394, 1.04592323303, -0.170539855957, -2.21997070312, -6.24070930481],
        "min": [-1138.42004395, 1.14440917969e-05, -101.786712646, -59.3215179443, -44.3548049927, -55.933807373, -55.2663803101, -37.561126709, -42.5434913635, -36.5168876648, -33.5628662109, -31.5965270996, -43.9794769287],
        "var": [6022.51660156, 1616.90820312, 1255.2442627, 504.812438965, 310.28717041, 216.668624878, 217.460601807, 143.36781311, 102.699447632, 164.960403442, 115.349060059, 91.3927993774, 87.6998214722],
        "cov": [[6024.84375, -1781.6505127, -684.796508789, -212.852630615, -334.475616455, -68.6591491699, -241.602127075, 43.7581214905, -8.93107414246, 65.779258728, 39.6079025269, -26.8128528595, -32.8371124268], [-1781.6505127, 1617.53295898, -454.912109375, -221.212112427, 29.6288452148, -109.359085083, 93.5425796509, -25.3118572235, -42.8895339966, 39.2646789551, 49.6392097473, 21.5375461578, -12.5620536804], [-684.796508789, -454.912109375, 1255.72937012, 259.113128662, 5.64075469971, 225.558074951, 133.575195312, 39.7341499329, 16.9242515564, -86.4064178467, -54.4374465942, -18.3586425781, 14.8722677231], [-212.852630615, -221.212112427, 259.113128662, 505.007476807, 138.721908569, 13.6427307129, -97.0919265747, 5.40178632736, 42.8951225281, -86.1667327881, -69.6128005981, -4.69887113571, 18.3806648254], [-334.475616455, 29.6288452148, 5.64075469971, 138.721908569, 310.407073975, -21.9994602203, -40.5742073059, 17.7099628448, 17.8274936676, 10.4275522232, -13.1813745499, 17.1090908051, 0.299019217491], [-68.6591491699, -109.359085083, 225.558074951, 13.6427307129, -21.9994602203, 216.752349854, 81.5898208618, -11.01212883, 3.450558424, -13.5107936859, 1.40769588947, -10.6032142639, -8.43204021454], [-241.602127075, 93.5425796509, 133.575195312, -97.0919265747, -40.5742073059, 81.5898208618, 217.544631958, 33.617893219, -29.2004451752, 29.8760662079, 27.5423526764, 3.23979854584, -9.66724300385], [43.7581214905, -25.3118572235, 39.7341499329, 5.40178632736, 17.7099628448, -11.01212883, 33.617893219, 143.423202515, 13.135260582, -0.92582899332, 8.72392082214, 15.7359285355, -6.40682411194], [-8.93107414246, -42.8895339966, 16.9242515564, 42.8951225281, 17.8274936676, 3.450558424, -29.2004451752, 13.135260582, 102.739135742, 22.3618526459, -13.1863861084, -2.57230067253, -3.24455571175], [65.779258728, 39.2646789551, -86.4064178467, -86.1667327881, 10.4275522232, -13.5107936859, 29.8760662079, -0.92582899332, 22.3618526459, 165.024139404, 66.0759429932, -11.8748168945, -29.6510810852], [39.6079025269, 49.6392097473, -54.4374465942, -69.6128005981, -13.1813745499, 1.40769588947, 27.5423526764, 8.72392082214, -13.1863861084, 66.0759429932, 115.393630981, 19.9131393433, -15.7989025116], [-26.8128528595, 21.5375461578, -18.3586425781, -4.69887113571, 17.1090908051, -10.6032142639, 3.23979854584, 15.7359285355, -2.57230067253, -11.8748168945, 19.9131393433, 91.4281082153, 26.9299373627], [-32.8371124268, -12.5620536804, 14.8722677231, 18.3806648254, 0.299019217491, -8.43204021454, -9.66724300385, -6.40682411194, -3.24455571175, -29.6510810852, -15.7989025116, 26.9299373627, 87.7337036133]],
        "icov": [[0.000411759712733, 0.000562238798011, 0.000383289327146, 0.000130062035169, 0.000353189388989, -5.38630301889e-05, 0.000211115868296, -0.000247896910878, 0.000206825876376, -9.49833920458e-05, -2.09747649933e-05, -4.53911980003e-07, 0.000113084250188], [0.000562238798011, 0.00155347702093, 0.000781628477853, 0.000340629194397, 0.000237021580688, 0.000318227685057, -0.000400770251872, -3.04992845486e-05, 0.000207630218938, 0.000174402302946, -0.000205927004572, -1.37659690154e-05, 0.000246159092057], [0.000383289327146, 0.000781628477853, 0.00166527740657, -0.000517316628247, 0.000382520112908, -0.000859100662638, -0.000755347893573, -0.000389870430809, 5.42397501704e-05, 0.000265473732725, 8.04070950835e-05, 0.000197399305762, -6.84937331243e-05], [0.000130062035169, 0.000340629194397, -0.000517316628247, 0.00333966617472, -0.00119954987895, 3.53693940269e-05, 0.00126703188289, -8.20917266537e-05, -0.000787167053204, 0.00118055916391, 0.000324159831507, 0.000294535217108, -3.55811425834e-05], [0.000353189388989, 0.000237021580688, 0.000382520112908, -0.00119954987895, 0.00434592971578, -8.7834399892e-05, 0.000686105515342, -0.000795431667939, 0.000495531479828, -0.00140448415186, 0.000722334370948, -0.00107720994856, 0.000351242342731], [-5.38630301889e-05, 0.000318227685057, -0.000859100662638, 3.53693940269e-05, -8.7834399892e-05, 0.00691485637799, -0.00273213116452, 0.00165734102484, -0.00132714118809, 0.00132216012571, -0.000966990250163, 0.00050199276302, 0.000718033639714], [0.000211115868296, -0.000400770251872, -0.000755347893573, 0.00126703188289, 0.000686105515342, -0.00273213116452, 0.00812391750515, -0.00238145329058, 0.00250546471216, -0.00200790748931, 0.000384855549783, -0.00052301841788, -1.55452762556e-05], [-0.000247896910878, -3.04992845486e-05, -0.000389870430809, -8.20917266537e-05, -0.000795431667939, 0.00165734102484, -0.00238145329058, 0.0083570657298, -0.00198768917471, 0.00126334372908, -0.00091783242533, -0.00115919380914, 0.00104000163265], [0.000206825876376, 0.000207630218938, 5.42397501704e-05, -0.000787167053204, 0.000495531479828, -0.00132714118809, 0.00250546471216, -0.00198768917471, 0.0122953495011, -0.00396235007793, 0.00285685504787, -0.000847656221595, 0.00015474994143], [-9.49833920458e-05, 0.000174402302946, 0.000265473732725, 0.00118055916391, -0.00140448415186, 0.00132216012571, -0.00200790748931, 0.00126334372908, -0.00396235007793, 0.0106537248939, -0.00578697025776, 0.00244671525434, 0.00136089674197], [-2.09747649933e-05, -0.000205927004572, 8.04070950835e-05, 0.000324159831507, 0.000722334370948, -0.000966990250163, 0.000384855549783, -0.00091783242533, 0.00285685504787, -0.00578697025776, 0.0136497188359, -0.00415645586327, 0.00164479156956], [-4.53911980003e-07, -1.37659690154e-05, 0.000197399305762, 0.000294535217108, -0.00107720994856, 0.00050199276302, -0.00052301841788, -0.00115919380914, -0.000847656221595, 0.00244671525434, -0.00415645586327, 0.0139776542783, -0.0044310525991], [0.000113084250188, 0.000246159092057, -6.84937331243e-05, -3.55811425834e-05, 0.000351242342731, 0.000718033639714, -1.55452762556e-05, 0.00104000163265, 0.00015474994143, 0.00136089674197, 0.00164479156956, -0.0044310525991, 0.0137587785721]]
    }
}

}