{
"metadata": {
    "version": {
        "essentia": "2.0.1",
        "extractor": "archive-music 1.0 mod ismir14"
    },
    "audio_properties": {
        "analysis_sample_rate": 44100,
        "bitrate": 32,
        "channels": 2,
        "equal_loudness": 0,
        "length": 30.0408172607,
        "replay_gain": -13.0211219788,
        "downmix": "mix"
    },
    "tags": {
        "track": 0,
        "year": 0,
        "album": "",
        "artist": "",
        "comment": "",
        "genre": "",
        "title": ""
    }
},
"rhythm": {
    "bpm": 86.9152679443,
    "bpm_histogram_first_peak": 88,
    "bpm_histogram_first_peak_spread": 0.444444477558,
    "bpm_histogram_first_peak_weight": 0.476190507412,
    "bpm_histogram_second_peak": 82,
    "bpm_histogram_second_peak_spread": 0,
    "bpm_histogram_second_peak_weight": 0.142857149243
},
"tonal": {
    "tuning_frequency": {
        "dmean": 0.149506092072,
        "dmean2": 0.289390444756,
        "dvar": 2.33620738983,
        "dvar2": 4.59007740021,
        "max": 452.37008667,
        "mean": 444.289489746,
        "median": 442.293365479,
        "min": 431.193908691,
        "var": 41.6050682068
    },
    "hpcp": {
        "dmean": [0.162252366543, 0.155792102218, 0.16475494206, 0.216615140438, 0.0946601703763, 0.157215341926, 0.199359148741, 0.257258325815, 0.160047382116, 0.107759006321, 0.255381822586, 0.0771393552423],
        "dmean2": [0.274905443192, 0.269087404013, 0.281529724598, 0.364030867815, 0.169093608856, 0.269817113876, 0.33767130971, 0.44192019105, 0.272286474705, 0.190899044275, 0.443542003632, 0.137135609984],
        "dvar": [0.042179826647, 0.0534124225378, 0.0522680841386, 0.0643642321229, 0.0231013782322, 0.0526548027992, 0.0567312240601, 0.0715846940875, 0.0490516014397, 0.0306777209044, 0.0722005367279, 0.0199393443763],
        "dvar2": [0.106517389417, 0.135795980692, 0.129339173436, 0.137209355831, 0.0600050799549, 0.113040462136, 0.134082615376, 0.175839290023, 0.121314898133, 0.0799547210336, 0.145298272371, 0.0524316802621],
        "max": [1, 1, 1, 1, 1, 1, 1, 1, 1, 1, 1, 1],
        "mean": [0.232690408826, 0.1477984339, 0.164245322347, 0.273489058018, 0.0861650109291, 0.256089091301, 0.277274370193, 0.338066935539, 0.195523947477, 0.108114674687, 0.637611031532, 0.0757436975837],
        "median": [0.14207226038, 0.0388639047742, 0.0563424341381, 0.12956610322, 0.0318237766623, 0.0872063040733, 0.132612988353, 0.202245175838, 0.070345044136, 0.0393116921186, 0.679268360138, 0.0305220708251],
        "min": [0.0017557379324, 0.000234276754782, 0.000927965331357, 0.000593388045672, 0.00049103575293, 0.00300194928423, 0.000485393073177, 0.00241824495606, 0.000502311682794, 0.000295756966807, 0.00854435842484, 0.000544258218724],
        "var": [0.0671672970057, 0.056030575186, 0.0599336326122, 0.0981306880713, 0.0218347124755, 0.113058134913, 0.102192305028, 0.111965723336, 0.0780596062541, 0.0331033319235, 0.127864688635, 0.0179817359895]
    }
},
"lowlevel": {
    "melbands": {
        "dmean": [5.00416754221e-05, 0.000216391767026, 0.000198079840629, 0.000108193533379, 6.56896663713e-05, 0.000116619536129, 0.000117295749078, 0.000125532067614, 0.000132336572278, 6.9763220381e-05, 5.21172260051e-05, 3.04243185383e-05, 2.47502121056e-05, 1.58649872901e-05, 2.54753340414e-05, 1.37908791658e-05, 1.53159890033e-05, 1.16336432257e-05, 8.81084724824e-06, 7.62144736655e-06, 6.73868316881e-06, 6.88324553266e-06, 9.04355874809e-06, 8.77046568348e-06, 6.70840381645e-06, 5.0810212997e-06, 4.98725694342e-06, 3.09625033879e-06, 1.30051262204e-06, 1.15556667879e-06, 8.71571728567e-07, 5.20103242252e-07, 2.48725314123e-07, 1.9221224079e-07, 1.82399887194e-07, 1.54008503728e-07, 1.52867173142e-07, 1.14620760883e-07, 6.46929763093e-08, 3.43312187567e-08],
        "dmean2": [7.49857572373e-05, 0.000332840718329, 0.000309262919473, 0.000149570973008, 0.000104843740701, 0.00018792458286, 0.00018899544375, 0.000209325487958, 0.000198061869014, 0.000104960447061, 8.02158392617e-05, 4.63548385596e-05, 3.79629382223e-05, 2.32728198171e-05, 4.09246822528e-05, 2.14935298573e-05, 2.3227856218e-05, 1.80741462827e-05, 1.43582265082e-05, 1.11260023914e-05, 1.01552741398e-05, 1.05937842818e-05, 1.32155319079e-05, 1.28342971948e-05, 1.0220135664e-05, 7.71815302869e-06, 7.45773331801e-06, 4.96670236316e-06, 2.04177240448e-06, 1.72198610926e-06, 1.27294208596e-06, 8.01200144451e-07, 3.85769283184e-07, 2.92524163115e-07, 2.83968233816e-07, 2.45080912009e-07, 2.41506995735e-07, 1.8622556297e-07, 1.02927991463e-07, 5.24458911855e-08],
        "dvar": [4.55367299423e-09, 9.34950179499e-08, 5.70113840581e-08, 2.80403291697e-08, 7.04057212531e-09, 1.83330666204e-08, 2.54800749389e-08, 5.38982192211e-08, 5.47113288007e-08, 2.88949166816e-08, 8.39435720934e-09, 8.85924844596e-09, 7.23378290601e-09, 1.25581001154e-09, 7.19942638838e-09, 1.23784027473e-09, 1.71963854267e-09, 6.36623753714e-10, 3.04521852179e-10, 3.38368832953e-10, 1.51699611206e-10, 1.76501105398e-10, 3.27436494585e-10, 3.60071999994e-10, 2.02125066684e-10, 9.51562786899e-11, 1.45273834629e-10, 8.70636826522e-11, 4.50193224713e-12, 7.12097785252e-12, 4.76285070411e-12, 1.81807975792e-12, 2.04515590119e-13, 6.92675219483e-14, 6.02611696979e-14, 3.31766813457e-14, 4.32301831593e-14, 2.7347869859e-14, 8.09660498369e-15, 1.91658293206e-15],
        "dvar2": [9.13323816576e-09, 2.13851393482e-07, 1.18375155012e-07, 4.80495181421e-08, 1.73961023364e-08, 4.5443574237e-08, 6.44854836196e-08, 1.40842502105e-07, 9.77418039838e-08, 5.27172403508e-08, 1.95809750636e-08, 1.95786284962e-08, 1.76783068184e-08, 2.80154166532e-09, 1.80992572041e-08, 2.55753040967e-09, 3.44780826111e-09, 1.43762912685e-09, 6.65821064949e-10, 6.83345158237e-10, 3.25540178148e-10, 3.75654674034e-10, 6.04830685536e-10, 6.11215134061e-10, 4.6049161706e-10, 1.80229289826e-10, 3.46585815603e-10, 2.20394785755e-10, 1.08456741851e-11, 1.35692108591e-11, 9.66395366508e-12, 4.44466555574e-12, 4.37735758014e-13, 1.41143783401e-13, 1.24146434235e-13, 7.41787545017e-14, 1.09519882855e-13, 6.80145162738e-14, 2.09798981844e-14, 4.47330339071e-15],
        "max": [0.000915106269531, 0.00251615652815, 0.001688937773, 0.00194969738368, 0.000929814239498, 0.000980616547167, 0.00119722029194, 0.0018679414643, 0.0044431774877, 0.00284189428203, 0.00108990177978, 0.00115848332644, 0.0011213705875, 0.000465136603452, 0.00124838843476, 0.000454998662462, 0.000651617709082, 0.000371794914827, 0.000163868244272, 0.000350804621121, 0.000120243159472, 0.000149551487993, 0.000195327564143, 0.000233479804592, 0.000168593091075, 0.000118495998322, 0.000137724724482, 0.000134103407618, 2.52473455475e-05, 5.62159912079e-05, 3.64095940313e-05, 2.35986753978e-05, 6.09797734796e-06, 4.49136132374e-06, 3.88594162359e-06, 2.16842227019e-06, 2.76331525129e-06, 2.21652908294e-06, 8.47743820032e-07, 6.47606384518e-07],
        "mean": [7.76945016696e-05, 0.000294365832815, 0.000316335936077, 0.00016792966926, 9.20444072108e-05, 0.000165710473084, 0.000160893061548, 0.000122092329548, 0.00019567758136, 0.000100704302895, 7.64508149587e-05, 3.4320713894e-05, 2.66457518592e-05, 1.89052188944e-05, 3.11223084282e-05, 1.74226734089e-05, 1.87932309927e-05, 1.5295783669e-05, 1.07987898446e-05, 9.53543712967e-06, 8.81622418092e-06, 9.04482203623e-06, 1.39953490361e-05, 1.55600682774e-05, 9.86067334452e-06, 8.33064041217e-06, 6.8810841185e-06, 3.93779600927e-06, 2.07698758459e-06, 1.73401417669e-06, 1.39171982028e-06, 8.72359919413e-07, 4.35319947201e-07, 3.42860687397e-07, 3.30343254973e-07, 2.71811529728e-07, 2.55346037648e-07, 1.82601681331e-07, 1.00515805457e-07, 5.56606813973e-08],
        "median": [4.54543878732e-05, 0.000174813278136, 0.000216868153075, 8.96371202543e-05, 5.94611810811e-05, 0.000111142479, 8.57086561155e-05, 3.94028902519e-05, 8.76195990713e-05, 4.11581531807e-05, 3.64294937754e-05, 9.63565616985e-06, 6.0071970438e-06, 6.31997363598e-06, 1.23447371152e-05, 5.52359688299e-06, 4.69205497211e-06, 3.79053653887e-06, 3.29586100634e-06, 2.14618421523e-06, 2.28143835557e-06, 2.17315664486e-06, 1.86168313121e-06, 1.56292503561e-06, 2.17277943193e-06, 2.39950531977e-06, 9.33070850806e-07, 1.0408784874e-06, 1.07434755137e-06, 6.6203165261e-07, 3.82052519399e-07, 3.50781078851e-07, 2.18831274879e-07, 2.00649438398e-07, 1.85083393944e-07, 1.60503546454e-07, 1.63980530488e-07, 1.10682599086e-07, 5.76455683188e-08, 3.65347432307e-08],
        "min": [2.90386287816e-06, 1.35168311317e-05, 2.72711213256e-06, 4.07667585023e-06, 1.44955561154e-06, 6.01989427196e-07, 1.00191630281e-06, 3.03605133922e-07, 1.17514510123e-07, 1.40051483299e-07, 1.19544068866e-07, 4.13615168782e-08, 6.6056671244e-08, 1.23684046116e-07, 3.93247674424e-08, 3.32561320704e-08, 1.53543542325e-08, 2.89323764946e-08, 2.3868757637e-08, 2.86126020654e-08, 5.64337661046e-08, 5.65253550633e-08, 5.27281009965e-08, 4.88633737916e-08, 5.23829086774e-08, 3.06848768616e-08, 1.21571304135e-08, 1.10832072409e-08, 3.05457170668e-08, 1.2082467471e-08, 1.16066054545e-08, 1.13900462395e-08, 8.35608737759e-09, 5.30449817404e-09, 5.44866640695e-09, 4.48109904738e-09, 9.01808583365e-09, 4.90349139071e-09, 2.81681655778e-09, 1.35613764662e-09],
        "var": [1.07379909409e-08, 1.21586310797e-07, 8.95175915616e-08, 5.73812783955e-08, 1.02320365514e-08, 2.62084451919e-08, 3.31447758128e-08, 4.62349163399e-08, 1.74124394903e-07, 5.80327004229e-08, 1.46090073372e-08, 1.06074917738e-08, 8.18133116809e-09, 1.90318383275e-09, 6.96599267158e-09, 1.81791059983e-09, 2.73432987363e-09, 1.28605248673e-09, 4.11867012717e-10, 6.66061927834e-10, 3.16606602047e-10, 3.0266161799e-10, 8.22798940092e-10, 1.1605248984e-09, 4.11714107251e-10, 2.42970116249e-10, 2.82238177274e-10, 1.11975678729e-10, 9.33891332322e-12, 1.54273867986e-11, 9.51916757225e-12, 2.53517129165e-12, 4.52273879155e-13, 1.93525344404e-13, 2.00424014407e-13, 8.69701514039e-14, 6.77804370248e-14, 3.85050234156e-14, 1.27910089611e-14, 3.46278609661e-15]
    },
    "mfcc": {
        "dmean": [27.6173591614, 9.98640918732, 11.8165426254, 7.80280303955, 8.40722560883, 6.8944849968, 7.35233974457, 6.67469739914, 6.05220365524, 5.91709327698, 5.81005764008, 5.51507616043, 5.96596050262],
        "dmean2": [39.0625076294, 15.1736011505, 17.1533889771, 11.6670331955, 12.512752533, 10.3941850662, 11.086473465, 10.4846429825, 9.54239749908, 9.17009067535, 9.08463859558, 8.61274051666, 9.37357997894],
        "dvar": [628.043884277, 70.5761413574, 93.3943405151, 39.0002403259, 47.2005195618, 30.3378238678, 37.9111595154, 30.0789890289, 19.5792064667, 25.3848323822, 19.8538513184, 18.6753673553, 22.8242225647],
        "dvar2": [1103.94482422, 155.009399414, 171.051513672, 79.3174362183, 99.0023727417, 62.3342323303, 72.9365234375, 73.720741272, 49.9837989807, 55.6001586914, 49.5324249268, 43.8516693115, 52.0003395081],
        "max": [-578.764953613, 178.111618042, 49.2224769592, 74.9438247681, 34.9177246094, 27.0413970947, 40.7392730713, 30.0218048096, 17.1114253998, 32.0180397034, 28.6599693298, 24.9147491455, 19.0488204956],
        "mean": [-685.816833496, 122.339324951, -2.60814118385, 25.2655162811, -7.63069438934, -4.9400062561, -3.52874040604, -0.329920828342, -5.39616012573, 6.31495380402, 1.1906863451, 2.50888800621, -7.85755395889],
        "median": [-692.377563477, 124.891036987, -0.664128303528, 23.0941810608, -8.89280414581, -4.43702125549, -5.00221633911, -0.910983085632, -5.04585266113, 7.01497364044, 0.772216796875, 2.63642787933, -6.78813934326],
        "min": [-908.547058105, 57.579864502, -67.979057312, -20.5741271973, -44.797416687, -33.9310531616, -33.9711532593, -25.1236915588, -37.7853660583, -33.1010055542, -22.6473922729, -19.5528888702, -43.0522041321],
        "var": [1833.52368164, 427.551879883, 440.54006958, 202.480712891, 177.223876953, 116.185798645, 148.669235229, 81.7382125854, 73.416305542, 87.4740600586, 64.5378799438, 58.2467193604, 85.924621582],
        "cov": [[1836.35766602, -429.4949646, -619.429016113, 78.0820159912, 74.8027801514, -136.311401367, -8.72140979767, 65.9950027466, -24.1251373291, -64.7933502197, 3.43840289116, -27.5901145935, -57.0532913208], [-429.4949646, 428.21270752, 169.855865479, -158.379653931, -92.219619751, 46.9765052795, -11.7459917068, -64.8299636841, 24.5821266174, 40.0615653992, 13.8191518784, 40.3122787476, 41.8700218201], [-619.429016113, 169.855865479, 441.220977783, 10.5872592926, 7.90197944641, 64.0079650879, -2.89132428169, -6.99777984619, 10.1284627914, 15.6303777695, -13.7382135391, -4.39748716354, 27.1316680908], [78.0820159912, -158.379653931, 10.5872592926, 202.793670654, 108.69278717, -47.9658088684, -30.77693367, 32.911113739, -9.41814231873, -21.1558933258, -9.93308830261, -19.6586990356, -4.78737449646], [74.8027801514, -92.219619751, 7.90197944641, 108.69278717, 177.497787476, -13.4074621201, -39.6047134399, 28.1466751099, -9.12607479095, -15.7650108337, -18.4488315582, -15.30215168, 0.370842844248], [-136.311401367, 46.9765052795, 64.0079650879, -47.9658088684, -13.4074621201, 116.365379333, 71.0430831909, -0.112888000906, -2.8599383831, -16.6356067657, -6.39093732834, -0.0186499189585, -19.9756031036], [-8.72140979767, -11.7459917068, -2.89132428169, -30.77693367, -39.6047134399, 71.0430831909, 148.899017334, 37.5709877014, -26.6964893341, -23.0576133728, -11.0347385406, 2.99304080009, -18.4155426025], [65.9950027466, -64.8299636841, -6.99777984619, 32.911113739, 28.1466751099, -0.112888000906, 37.5709877014, 81.8645477295, 1.67844438553, -28.1564464569, -6.48275232315, -7.38009786606, -4.99867105484], [-24.1251373291, 24.5821266174, 10.1284627914, -9.41814231873, -9.12607479095, -2.8599383831, -26.6964893341, 1.67844438553, 73.5297775269, 32.8970489502, 4.035384655, 0.593534231186, 3.14769554138], [-64.7933502197, 40.0615653992, 15.6303777695, -21.1558933258, -15.7650108337, -16.6356067657, -23.0576133728, -28.1564464569, 32.8970489502, 87.6092605591, 24.8976593018, 1.08599734306, 12.3799905777], [3.43840289116, 13.8191518784, -13.7382135391, -9.93308830261, -18.4488315582, -6.39093732834, -11.0347385406, -6.48275232315, 4.035384655, 24.8976593018, 64.6376266479, 20.7787723541, -8.60732746124], [-27.5901145935, 40.3122787476, -4.39748716354, -19.6586990356, -15.30215168, -0.0186499189585, 2.99304080009, -7.38009786606, 0.593534231186, 1.08599734306, 20.7787723541, 58.3367462158, 28.341878891], [-57.0532913208, 41.8700218201, 27.1316680908, -4.78737449646, 0.370842844248, -19.9756031036, -18.4155426025, -4.99867105484, 3.14769554138, 12.3799905777, -8.60732746124, 28.341878891, 86.0574188232]],
        "icov": [[0.00122168578673, 0.000544832728337, 0.00136520864908, 0.000367747270502, -0.000458264927147, 0.000786317861639, -0.000249551172601, -5.38662970939e-05, -0.000333743460942, 0.000691250956152, -0.000312460237183, 0.000411722139688, 8.78308310348e-06], [0.000544832728337, 0.0052634482272, -0.00136811239645, 0.00368423829786, -0.000138793926453, 0.000598582089879, 8.52784723975e-05, 0.00216945423745, -0.00114882923663, 0.000655252486467, -0.00048531385255, -0.00138603709638, -0.000923872285057], [0.00136520864908, -0.00136811239645, 0.00519248470664, -0.00201567169279, 0.000236175241298, -0.00249727792107, 0.00127435778268, -0.00176777457818, 0.000705439597368, -0.000769243342802, 0.000594918965362, 0.0012936781859, -0.000870821473654], [0.000367747270502, 0.00368423829786, -0.00201567169279, 0.0118030766025, -0.00555743323639, 0.00571124861017, -0.00191825104412, 0.00155076698866, -0.00182443950325, 0.00316840480082, -0.00209613307379, 0.00108802120667, -0.000184431104572], [-0.000458264927147, -0.000138793926453, 0.000236175241298, -0.00555743323639, 0.0111968712881, -0.00565399695188, 0.00644520530477, -0.00539936311543, 0.00413069035858, -0.00352731067687, 0.00415412709117, -0.00171524530742, 0.000421760341851], [0.000786317861639, 0.000598582089879, -0.00249727792107, 0.00571124861017, -0.00565399695188, 0.0209368430078, -0.0122525235638, 0.00766295287758, -0.00663808220997, 0.00746328243986, -0.00345737370662, 0.0018857603427, 0.00224479986355], [-0.000249551172601, 8.52784723975e-05, 0.00127435778268, -0.00191825104412, 0.00644520530477, -0.0122525235638, 0.0184136256576, -0.0118013247848, 0.00930594280362, -0.00667702686042, 0.00651248730719, -0.00502933422104, 0.00259550241753], [-5.38662970939e-05, 0.00216945423745, -0.00176777457818, 0.00155076698866, -0.00539936311543, 0.00766295287758, -0.0118013247848, 0.0241027213633, -0.00984804611653, 0.0107154827565, -0.00648553064093, 0.00487397098914, -0.00320614874363], [-0.000333743460942, -0.00114882923663, 0.000705439597368, -0.00182443950325, 0.00413069035858, -0.00663808220997, 0.00930594280362, -0.00984804611653, 0.0223494637758, -0.0120058357716, 0.00617340486497, -0.0041086608544, 0.0027547669597], [0.000691250956152, 0.000655252486467, -0.000769243342802, 0.00316840480082, -0.00352731067687, 0.00746328243986, -0.00667702686042, 0.0107154827565, -0.0120058357716, 0.0235107634217, -0.0118124624714, 0.00812675151974, -0.00530155096203], [-0.000312460237183, -0.00048531385255, 0.000594918965362, -0.00209613307379, 0.00415412709117, -0.00345737370662, 0.00651248730719, -0.00648553064093, 0.00617340486497, -0.0118124624714, 0.0265374351293, -0.0140504250303, 0.00867633987218], [0.000411722139688, -0.00138603709638, 0.0012936781859, 0.00108802120667, -0.00171524530742, 0.0018857603427, -0.00502933422104, 0.00487397098914, -0.0041086608544, 0.00812675151974, -0.0140504250303, 0.0299218036234, -0.0120265008882], [8.78308310348e-06, -0.000923872285057, -0.000870821473654, -0.000184431104572, 0.000421760341851, 0.00224479986355, 0.00259550241753, -0.00320614874363, 0.0027547669597, -0.00530155096203, 0.00867633987218, -0.0120265008882, 0.0187186561525]]
    }
}

}