{
"metadata": {
    "version": {
        "essentia": "2.0.1",
        "extractor": "archive-music 1.0 mod ismir14"
    },
    "audio_properties": {
        "analysis_sample_rate": 44100,
        "bitrate": 32,
        "channels": 2,
        "equal_loudness": 0,
        "length": 30.0408172607,
        "replay_gain": -13.3073253632,
        "downmix": "mix"
    },
    "tags": {
        "track": 0,
        "year": 0,
        "album": "",
        "artist": "",
        "comment": "",
        "genre": "",
        "title": ""
    }
},
"rhythm": {
    "bpm": 90.2983322144,
    "bpm_histogram_first_peak": 91,
    "bpm_histogram_first_peak_spread": 0.390243828297,
    "bpm_histogram_first_peak_weight": 0.58139538765,
    "bpm_histogram_second_peak": 85,
    "bpm_histogram_second_peak_spread": 0,
    "bpm_histogram_second_peak_weight": 0.0465116277337
},
"tonal": {
    "tuning_frequency": {
        "dmean": 0.138565137982,
        "dmean2": 0.254234015942,
        "dvar": 1.80399298668,
        "dvar2": 3.81135630608,
        "max": 456.570251465,
        "mean": 448.232879639,
        "median": 447.432556152,
        "min": 432.940917969,
        "var": 10.8934717178
    },
    "hpcp": {
        "dmean": [0.21375259757, 0.122109875083, 0.120136797428, 0.13359259069, 0.27303892374, 0.30958122015, 0.174381509423, 0.204984381795, 0.130354732275, 0.0947409495711, 0.0941818803549, 0.128010854125],
        "dmean2": [0.363720864058, 0.226490214467, 0.209263026714, 0.24101999402, 0.490442842245, 0.570543527603, 0.324496865273, 0.346149027348, 0.24152199924, 0.17071813345, 0.16284160316, 0.224376782775],
        "dvar": [0.079276047647, 0.0475789271295, 0.0367714427412, 0.052108887583, 0.0945132747293, 0.113817833364, 0.0799400806427, 0.0700625777245, 0.0570221580565, 0.033235527575, 0.026934960857, 0.0377370715141],
        "dvar2": [0.170589998364, 0.134436994791, 0.0941419377923, 0.130264669657, 0.244054511189, 0.261390775442, 0.21713809669, 0.164566546679, 0.167192578316, 0.0897654742002, 0.0640719681978, 0.0977493524551],
        "max": [1, 1, 1, 1, 1, 1, 1, 1, 1, 1, 1, 1],
        "mean": [0.438899755478, 0.0843851864338, 0.134341016412, 0.127759799361, 0.260111033916, 0.438543349504, 0.1271622926, 0.281906872988, 0.103994771838, 0.0854660272598, 0.0965504869819, 0.124826394022],
        "median": [0.23234680295, 0.0177951417863, 0.0445787832141, 0.0259907022119, 0.0921521931887, 0.260940045118, 0.02294466272, 0.118611730635, 0.0283702015877, 0.0281974636018, 0.0309415049851, 0.0455828383565],
        "min": [0.00112229457591, 0.000550884346012, 0.000583603105042, 0.000330701237544, 0.000735999085009, 0.00164850486908, 0.000232545164181, 0.00180461234413, 0.000425870879553, 0.000667290587444, 0.000574902864173, 0.000850744720083],
        "var": [0.172135487199, 0.0317124947906, 0.048032540828, 0.0615581981838, 0.107750102878, 0.165718272328, 0.0613768026233, 0.114754207432, 0.0444525443017, 0.0297413077205, 0.0315454490483, 0.0387756153941]
    }
},
"lowlevel": {
    "melbands": {
        "dmean": [0.000233431957895, 0.000482460251078, 0.000173714914126, 0.000119553144032, 8.60861546244e-05, 6.11045325059e-05, 8.01960195531e-05, 0.000118730451504, 0.000190750550246, 0.000146761492942, 5.58034080314e-05, 6.82533354848e-05, 6.6559005063e-05, 3.41645572917e-05, 5.42291963939e-05, 6.4563624619e-05, 1.37303431984e-05, 1.00686220321e-05, 5.42019870409e-06, 6.42243139737e-06, 9.73851274466e-06, 7.43704049455e-06, 1.41406653711e-05, 1.19954756883e-05, 6.70874260322e-06, 6.76170293445e-06, 6.35674132354e-06, 3.96720588469e-06, 1.71208023403e-06, 1.57664260314e-06, 7.79683261953e-07, 3.26256582639e-07, 1.82635673696e-07, 1.59662448596e-07, 1.54352633785e-07, 1.4766590084e-07, 1.28106307784e-07, 1.64454135643e-07, 1.56709873522e-07, 1.32559307531e-07],
        "dmean2": [0.000380480312742, 0.000706741935574, 0.000270697433734, 0.000191952087334, 0.000138707371661, 9.39022138482e-05, 0.000124302881886, 0.000185473836609, 0.000309995084535, 0.000242568305111, 8.96187630133e-05, 0.000105821462057, 0.000100773322629, 5.79480911256e-05, 9.18047007872e-05, 0.000106902232801, 2.10986327147e-05, 1.619923205e-05, 8.6359150373e-06, 1.00683319033e-05, 1.5605279259e-05, 1.17619310913e-05, 2.31892900047e-05, 1.93348478206e-05, 1.07845435195e-05, 1.03943848444e-05, 1.02126523416e-05, 6.42278746454e-06, 2.74159197033e-06, 2.57175543084e-06, 1.23710776734e-06, 5.14413500241e-07, 2.88749532729e-07, 2.48861738328e-07, 2.39069237296e-07, 2.35112338487e-07, 1.91063449506e-07, 2.52187334127e-07, 2.41789507527e-07, 2.05026125855e-07],
        "dvar": [5.89432254117e-08, 2.11070513956e-07, 3.28318563447e-08, 3.02547604747e-08, 2.1012732887e-08, 7.17617520962e-09, 1.7907304084e-08, 4.37051035362e-08, 1.41888961025e-07, 1.721489582e-07, 8.03308779496e-08, 3.34107959077e-08, 3.09804981669e-08, 7.6754052003e-09, 1.64290199223e-08, 3.45221700115e-08, 2.34473462868e-09, 6.61284305092e-10, 6.79547806914e-11, 6.32119356858e-11, 2.06633959943e-10, 1.21686161147e-10, 5.36201805179e-10, 3.79189041277e-10, 1.05132527684e-10, 1.03123745654e-10, 1.2948821182e-10, 4.93928058176e-11, 8.11481871282e-12, 9.34854017115e-12, 1.48662050552e-12, 2.0908128744e-13, 5.33426011966e-14, 4.4854812681e-14, 3.96589601166e-14, 3.09777702621e-14, 2.24403320633e-14, 4.34600712894e-14, 4.58854789831e-14, 2.90981126726e-14],
        "dvar2": [1.60623216061e-07, 4.64132085654e-07, 6.85685961344e-08, 7.77147661779e-08, 5.20154053163e-08, 1.52770756046e-08, 3.74535815695e-08, 1.00957549876e-07, 3.4866818055e-07, 4.02303868441e-07, 1.66764351661e-07, 8.02026534075e-08, 6.78608103044e-08, 2.07891641679e-08, 4.24324326787e-08, 8.34939939409e-08, 3.85710130502e-09, 1.50657164522e-09, 1.610850342e-10, 1.59165111646e-10, 5.00720243046e-10, 3.11094344729e-10, 1.35847577631e-09, 9.39439748215e-10, 2.55731713583e-10, 2.47728143554e-10, 3.40194455939e-10, 1.29614319277e-10, 1.90581161963e-11, 2.38458471719e-11, 3.80301562811e-12, 5.16506054506e-13, 1.22353177394e-13, 1.02903871134e-13, 9.61601268447e-14, 7.07375442401e-14, 4.97021586214e-14, 9.21924009031e-14, 1.07738152438e-13, 6.3581098394e-14],
        "max": [0.00207633781247, 0.00454063946381, 0.00237723789178, 0.00211420049891, 0.00146606971975, 0.0012638240587, 0.00218583457172, 0.00156053283717, 0.00442468235269, 0.00453263008967, 0.00600032554939, 0.00199344661087, 0.0026283939369, 0.000700049742591, 0.00124356662855, 0.0023347584065, 0.00104159943294, 0.000354343326762, 9.04569023987e-05, 5.21571928402e-05, 0.000132546905661, 9.20914899325e-05, 0.00021839090914, 0.000156607973622, 8.37837724248e-05, 0.000105702049041, 0.000107310057501, 7.14936104487e-05, 2.65693452093e-05, 3.82477519452e-05, 9.81702578429e-06, 4.91775790579e-06, 1.92904622054e-06, 2.17409910874e-06, 1.83429733625e-06, 1.70786120179e-06, 1.41805526255e-06, 1.92473316929e-06, 2.45131195697e-06, 1.68587803273e-06],
        "mean": [0.000413136993302, 0.00106738228351, 0.000348396686604, 0.000164392229635, 0.000109991335194, 8.96753117559e-05, 0.000118120558909, 0.000144181642099, 0.000237165761064, 0.000149477797095, 5.65849586565e-05, 7.01570315869e-05, 8.31045545056e-05, 3.5009925341e-05, 5.85095986025e-05, 6.40515354462e-05, 1.51818157974e-05, 1.10610317279e-05, 6.64205799694e-06, 7.96346739662e-06, 1.17451472761e-05, 8.74068336998e-06, 1.48449616972e-05, 1.16751925816e-05, 7.38824792279e-06, 8.10586698208e-06, 6.58359704175e-06, 4.07017387261e-06, 1.99014084501e-06, 1.59619673923e-06, 8.6425200152e-07, 4.47117514568e-07, 2.84546274543e-07, 2.54395473576e-07, 2.41451090233e-07, 2.46967147177e-07, 2.0360049291e-07, 2.78065783732e-07, 2.54210874573e-07, 2.1356770219e-07],
        "median": [0.000341094797477, 0.000804857700132, 0.000286710215732, 0.000105103870737, 5.08057892148e-05, 4.60343144368e-05, 5.08038974658e-05, 4.9785056035e-05, 7.97168031568e-05, 2.27096752496e-05, 1.33355533762e-05, 1.94038038899e-05, 1.31934120873e-05, 1.19512678793e-05, 1.778434671e-05, 1.33026251206e-05, 4.246271601e-06, 3.69101735487e-06, 3.45315879713e-06, 3.75346962755e-06, 4.14807891502e-06, 3.17148669637e-06, 4.83929397888e-06, 3.18241973218e-06, 2.80846688838e-06, 3.58916190635e-06, 1.96471910385e-06, 1.19451146929e-06, 8.05472154752e-07, 5.76742650082e-07, 3.9998298007e-07, 2.6829539479e-07, 1.9702790155e-07, 1.69224534829e-07, 1.77008729452e-07, 1.87426422826e-07, 1.34149900077e-07, 1.9454807898e-07, 1.73238277057e-07, 1.50564929413e-07],
        "min": [6.70131339575e-06, 1.76752873813e-05, 8.88092927198e-06, 1.49019535911e-06, 7.5087477569e-08, 2.00043402288e-07, 1.76451192146e-06, 1.04997809558e-06, 5.18367983204e-07, 1.59558041446e-07, 1.65256352602e-07, 1.23692188936e-07, 9.50458272087e-08, 8.90504736617e-08, 4.37271665987e-07, 2.1043578613e-07, 1.56431823939e-07, 5.43135989517e-08, 1.7220050097e-07, 1.31315744056e-07, 1.60457716447e-07, 1.62694334449e-07, 2.55341518596e-07, 2.62257600525e-07, 2.76106874253e-07, 6.41967048409e-08, 1.14751017577e-07, 7.97978003675e-08, 6.18695707999e-08, 2.15027160522e-08, 2.01683452161e-08, 2.93265518536e-08, 1.9242978766e-08, 2.0509508758e-08, 5.0925748063e-09, 1.96340388392e-09, 5.58316237687e-09, 2.92519208855e-09, 3.60509644359e-09, 1.96686422704e-09],
        "var": [1.109364689e-07, 7.06634807557e-07, 8.27026411798e-08, 3.72413850869e-08, 2.82348455727e-08, 1.56112509586e-08, 4.02383939502e-08, 6.03526828513e-08, 1.748881715e-07, 2.12879470496e-07, 9.10163109324e-08, 3.31637863837e-08, 4.76503601021e-08, 6.38141051112e-09, 1.62462097109e-08, 3.45906983057e-08, 3.43922201829e-09, 7.81166409336e-10, 8.23635673552e-11, 8.14753889355e-11, 2.79778672452e-10, 1.5422259303e-10, 5.50434919866e-10, 3.65646041223e-10, 1.07590762688e-10, 1.30475741322e-10, 1.22195253915e-10, 4.68345535964e-11, 8.58524536185e-12, 8.04093250317e-12, 1.46479573263e-12, 2.50496726226e-13, 7.28093190665e-14, 5.71917120325e-14, 4.77846996455e-14, 4.16131396648e-14, 3.59045475642e-14, 7.5274930332e-14, 6.63895411627e-14, 4.38069922676e-14]
    },
    "mfcc": {
        "dmean": [32.241104126, 9.99669551849, 13.3059329987, 9.83674621582, 7.76094532013, 8.20049762726, 7.00974082947, 6.05745315552, 5.72603321075, 5.9162979126, 5.84539556503, 5.72953271866, 5.46426773071],
        "dmean2": [42.5769309998, 15.464384079, 19.6684246063, 14.9600172043, 11.4788217545, 11.7582912445, 10.4141387939, 9.18992137909, 9.02062702179, 9.20958900452, 9.30011367798, 9.17674827576, 8.76139259338],
        "dvar": [786.38494873, 66.4293212891, 142.976669312, 69.3136749268, 40.0180206299, 46.8638381958, 29.1357192993, 22.5836715698, 19.3014717102, 22.2055225372, 21.9161624908, 21.3364048004, 18.3984909058],
        "dvar2": [1657.17358398, 146.618057251, 267.506225586, 145.123733521, 77.10105896, 92.2440185547, 58.1500892639, 49.0826797485, 48.8060874939, 57.2771377563, 51.2083129883, 52.6803092957, 46.7191619873],
        "max": [-572.67364502, 173.439025879, 55.0840759277, 69.783996582, 42.73204422, 31.2796115875, 52.5934066772, 40.6277809143, 20.0309753418, 31.3090057373, 25.7530593872, 33.7466316223, 22.906578064],
        "mean": [-673.762451172, 123.460456848, -1.46181488037, 24.0885334015, 7.62997150421, -4.28118944168, 14.2236061096, 6.51016187668, 0.875090539455, 3.6375181675, 5.52845048904, 7.50316333771, 2.05767941475],
        "median": [-674.721313477, 124.44178772, 0.114360809326, 23.076543808, 7.50527572632, -3.20198345184, 14.1087999344, 6.90982723236, 1.3545923233, 2.79337882996, 5.34349250793, 7.74135398865, 2.07481384277],
        "min": [-877.479125977, 78.1599960327, -54.3753242493, -27.7227840424, -26.0915966034, -47.118927002, -18.7070198059, -19.1875915527, -24.3887557983, -27.7758560181, -18.21276474, -14.6176013947, -21.7772445679],
        "var": [1844.3026123, 200.903747559, 407.248931885, 252.391693115, 157.389877319, 167.529388428, 121.8282547, 85.7880172729, 53.0697174072, 72.2062225342, 60.5752754211, 55.139629364, 46.9497871399],
        "cov": [[1847.15319824, -39.0852203369, -582.842102051, 35.1325149536, -252.795883179, -216.823196411, -117.613265991, -89.7307128906, -47.9054603577, -41.2670402527, -77.4668273926, -13.5313711166, -77.7417297363], [-39.0852203369, 201.214263916, 6.06714344025, -100.251808167, -50.1852493286, 1.46115231514, 11.3737735748, 2.8659453392, -15.57513237, 11.8822946548, 44.4780158997, 0.536772727966, 0.234003081918], [-582.842102051, 6.06714344025, 407.878387451, -48.8611946106, 146.518966675, 55.7898368835, 17.0547122955, 16.789730072, 21.0419082642, 23.3611679077, 7.61737012863, -13.772983551, 25.386259079], [35.1325149536, -100.251808167, -48.8611946106, 252.781784058, 35.0309410095, -15.3292703629, -55.5110778809, -17.3740997314, 43.8399047852, 16.4068698883, -37.6662368774, -4.46512794495, 19.0485057831], [-252.795883179, -50.1852493286, 146.518966675, 35.0309410095, 157.633132935, 20.2114677429, 13.3858737946, -12.5935287476, 20.4506626129, 27.2334117889, -7.93950223923, 1.24953472614, 6.02877759933], [-216.823196411, 1.46115231514, 55.7898368835, -15.3292703629, 20.2114677429, 167.788314819, 77.736869812, 32.4865112305, -14.9469413757, -3.56932687759, 39.5579948425, -1.21556508541, -12.0944900513], [-117.613265991, 11.3737735748, 17.0547122955, -55.5110778809, 13.3858737946, 77.736869812, 122.016555786, 50.959072113, -7.3331284523, -16.5287284851, 27.0009326935, 17.3413600922, -6.76650428772], [-89.7307128906, 2.8659453392, 16.789730072, -17.3740997314, -12.5935287476, 32.4865112305, 50.959072113, 85.9206161499, 12.8656921387, -14.0209951401, 12.353509903, 12.4460735321, 9.76733207703], [-47.9054603577, -15.57513237, 21.0419082642, 43.8399047852, 20.4506626129, -14.9469413757, -7.3331284523, 12.8656921387, 53.1517410278, 27.7775821686, -2.75971198082, 4.50131034851, 10.3357906342], [-41.2670402527, 11.8822946548, 23.3611679077, 16.4068698883, 27.2334117889, -3.56932687759, -16.5287284851, -14.0209951401, 27.7775821686, 72.3178253174, 19.1735649109, -2.12703037262, 1.0038472414], [-77.4668273926, 44.4780158997, 7.61737012863, -37.6662368774, -7.93950223923, 39.5579948425, 27.0009326935, 12.353509903, -2.75971198082, 19.1735649109, 60.6688995361, 17.4589233398, -3.10361790657], [-13.5313711166, 0.536772727966, -13.772983551, -4.46512794495, 1.24953472614, -1.21556508541, 17.3413600922, 12.4460735321, 4.50131034851, -2.12703037262, 17.4589233398, 55.2248535156, 18.2609348297], [-77.7417297363, 0.234003081918, 25.386259079, 19.0485057831, 6.02877759933, -12.0944900513, -6.76650428772, 9.76733207703, 10.3357906342, 1.0038472414, -3.10361790657, 18.2609348297, 47.022354126]],
        "icov": [[0.00133960496169, 0.0003189239942, 0.00132201809902, 0.000181086914381, 0.00090002361685, 0.000911041977815, 0.000167617341504, 0.000418475188781, 0.000480250717374, -0.000459960516309, 0.00116579001769, -0.000444121687906, 0.00163589406293], [0.0003189239942, 0.00799000635743, -0.000291749485768, 0.00217075017281, 0.00273678055964, 0.00137741770595, -0.000455427303677, 0.00103906937875, 0.00052154425066, -0.00122315518092, -0.00486363470554, 0.00198863283731, -0.00169412698597], [0.00132201809902, -0.000291749485768, 0.00671361433342, 0.00268619903363, -0.00475264294073, -0.00122130755335, 0.00267908163369, -0.00103215780109, -0.00178529601544, 0.000723955628928, 0.000844246940687, 0.00228647724725, -0.00208568247035], [0.000181086914381, 0.00217075017281, 0.00268619903363, 0.00793332979083, -0.00235102511942, -0.00285696634091, 0.00408004084602, 0.000474952481454, -0.00596436299384, 0.000692705390975, 0.00195361790247, 0.000905542692635, -0.00324682728387], [0.00090002361685, 0.00273678055964, -0.00475264294073, -0.00235102511942, 0.0150498719886, 0.0015318550868, -0.00508630787954, 0.00467156851664, 0.000671572983265, -0.00498463585973, 0.00327908527106, -0.00328768324107, 0.00320676178671], [0.000911041977815, 0.00137741770595, -0.00122130755335, -0.00285696634091, 0.0015318550868, 0.0126464432105, -0.00692599173635, -0.000579502200708, 0.00540210166946, -0.00059362698812, -0.00658179819584, 0.00293226540089, 0.00274824956432], [0.000167617341504, -0.000455427303677, 0.00267908163369, 0.00408004084602, -0.00508630787954, -0.00692599173635, 0.0192097127438, -0.00785771477968, -0.00180214422289, 0.00348725821823, -0.000410005217418, -0.00354474876076, 0.00211856956594], [0.000418475188781, 0.00103906937875, -0.00103215780109, 0.000474952481454, 0.00467156851664, -0.000579502200708, -0.00785771477968, 0.0206770971417, -0.00930019840598, 0.00478541944176, -0.00167375360616, 0.000139930416481, -0.00334490952082], [0.000480250717374, 0.00052154425066, -0.00178529601544, -0.00596436299384, 0.000671572983265, 0.00540210166946, -0.00180214422289, -0.00930019840598, 0.0364089682698, -0.0150400428101, 0.00330137670971, -0.00290870480239, 0.00081286416389], [-0.000459960516309, -0.00122315518092, 0.000723955628928, 0.000692705390975, -0.00498463585973, -0.00059362698812, 0.00348725821823, 0.00478541944176, -0.0150400428101, 0.0262037329376, -0.0125296926126, 0.00470053264871, -0.00133756233845], [0.00116579001769, -0.00486363470554, 0.000844246940687, 0.00195361790247, 0.00327908527106, -0.00658179819584, -0.000410005217418, -0.00167375360616, 0.00330137670971, -0.0125296926126, 0.0360746905208, -0.0131180221215, 0.0058969669044], [-0.000444121687906, 0.00198863283731, 0.00228647724725, 0.000905542692635, -0.00328768324107, 0.00293226540089, -0.00354474876076, 0.000139930416481, -0.00290870480239, 0.00470053264871, -0.0131180221215, 0.0287773869932, -0.0132112484425], [0.00163589406293, -0.00169412698597, -0.00208568247035, -0.00324682728387, 0.00320676178671, 0.00274824956432, 0.00211856956594, -0.00334490952082, 0.00081286416389, -0.00133756233845, 0.0058969669044, -0.0132112484425, 0.0330858230591]]
    }
}

}