{
"metadata": {
    "version": {
        "essentia": "2.0.1",
        "extractor": "archive-music 1.0 mod ismir14"
    },
    "audio_properties": {
        "analysis_sample_rate": 44100,
        "bitrate": 32,
        "channels": 2,
        "equal_loudness": 0,
        "length": 30.0408172607,
        "replay_gain": -13.5811634064,
        "downmix": "mix"
    },
    "tags": {
        "track": 0,
        "year": 0,
        "album": "",
        "artist": "",
        "comment": "",
        "genre": "",
        "title": ""
    }
},
"rhythm": {
    "bpm": 172.265625,
    "bpm_histogram_first_peak": 172,
    "bpm_histogram_first_peak_spread": 0,
    "bpm_histogram_first_peak_weight": 0.441860467196,
    "bpm_histogram_second_peak": 178,
    "bpm_histogram_second_peak_spread": 0,
    "bpm_histogram_second_peak_weight": 0.430232554674
},
"tonal": {
    "tuning_frequency": {
        "dmean": 0.129420608282,
        "dmean2": 0.242871180177,
        "dvar": 1.95784878731,
        "dvar2": 4.06364440918,
        "max": 455.779724121,
        "mean": 450.39944458,
        "median": 454.465301514,
        "min": 431.193908691,
        "var": 53.6443138123
    },
    "hpcp": {
        "dmean": [0.179893746972, 0.157965943217, 0.173822805285, 0.179973781109, 0.151655688882, 0.136486917734, 0.22217169404, 0.289561927319, 0.270920008421, 0.213124200702, 0.271738797426, 0.261121660471],
        "dmean2": [0.334898144007, 0.289935797453, 0.323628246784, 0.330326288939, 0.283004969358, 0.248617559671, 0.405955612659, 0.536734700203, 0.502731323242, 0.396857440472, 0.494195491076, 0.492682158947],
        "dvar": [0.0775209516287, 0.0706287100911, 0.0892831087112, 0.083988122642, 0.0743908211589, 0.0602686963975, 0.0862923040986, 0.111657522619, 0.109905682504, 0.0962671339512, 0.0959614217281, 0.11444336921],
        "dvar2": [0.216662213206, 0.199981063604, 0.242334038019, 0.225206300616, 0.208583459258, 0.164623677731, 0.229374527931, 0.307963699102, 0.290404558182, 0.272008657455, 0.255192250013, 0.335376888514],
        "max": [1, 1, 1, 1, 1, 1, 1, 1, 1, 1, 1, 1],
        "mean": [0.152562856674, 0.127588108182, 0.13701184094, 0.170743092895, 0.111118674278, 0.117298960686, 0.221864506602, 0.276345819235, 0.249005943537, 0.16507036984, 0.303870141506, 0.188682213426],
        "median": [0.0278003439307, 0.0214923247695, 0.0159128364176, 0.0246947295964, 0.014141635038, 0.020912675187, 0.055760666728, 0.0831064283848, 0.0585453696549, 0.0247187912464, 0.12960241735, 0.0327229723334],
        "min": [0, 0, 0, 0, 0, 0, 0, 0, 0, 0, 0, 0],
        "var": [0.0741256847978, 0.0603080615401, 0.0761166885495, 0.0902069434524, 0.0570606030524, 0.0566211938858, 0.105903692544, 0.129130005836, 0.122863464057, 0.0826863721013, 0.124410957098, 0.096529237926]
    }
},
"lowlevel": {
    "melbands": {
        "dmean": [0.000203741175937, 0.000779627123848, 0.000920348044019, 0.000468604266644, 0.000275958678685, 0.000431141728768, 0.000532809761353, 0.000379233941203, 0.000407494604588, 0.000248529569944, 0.000121519464301, 7.76862361818e-05, 6.20287828497e-05, 4.46629273938e-05, 6.31325674476e-05, 3.98851807404e-05, 4.13358029618e-05, 3.5117034713e-05, 2.76333976217e-05, 2.36720388784e-05, 2.164496982e-05, 2.06214008358e-05, 2.56941584666e-05, 2.6457304557e-05, 1.9329976567e-05, 1.607631566e-05, 1.1541994354e-05, 7.68181689637e-06, 4.30906311522e-06, 3.36543121193e-06, 2.49334607361e-06, 1.54801489316e-06, 8.17461454972e-07, 6.24850713393e-07, 5.84181520935e-07, 5.17983380632e-07, 5.00316218677e-07, 3.75635380578e-07, 1.94805721776e-07, 1.01467129809e-07],
        "dmean2": [0.000349120673491, 0.00133669550996, 0.00159303483088, 0.000804421724752, 0.000468639365863, 0.000729565217625, 0.000947061926126, 0.00061181205092, 0.00068049156107, 0.000419425225118, 0.000185909855645, 0.000113857277029, 9.58622767939e-05, 6.96008792147e-05, 9.49748573476e-05, 6.36998811387e-05, 6.59431680106e-05, 5.81586282351e-05, 4.6065866627e-05, 3.96951691073e-05, 3.61792044714e-05, 3.28838250425e-05, 4.20498399762e-05, 4.25570360676e-05, 3.04495115415e-05, 2.59313546849e-05, 1.74038978002e-05, 1.18520893011e-05, 7.01704993844e-06, 5.41574536328e-06, 3.88009402741e-06, 2.50315906669e-06, 1.34407105179e-06, 1.03627894532e-06, 9.42754070365e-07, 8.48471415793e-07, 8.12703149222e-07, 6.09482810887e-07, 3.18971530078e-07, 1.66958500358e-07],
        "dvar": [7.57284723818e-08, 1.14020497222e-06, 1.40817644478e-06, 4.96739119171e-07, 1.80181046971e-07, 3.05141469426e-07, 8.08672893982e-07, 8.75000409906e-07, 5.05169055032e-07, 2.33248528048e-07, 6.19267908064e-08, 4.72317722711e-08, 4.03854230058e-08, 1.67665046291e-08, 7.65294885241e-08, 1.11347695508e-08, 1.69690395069e-08, 9.49136236272e-09, 6.27160545719e-09, 7.6520487724e-09, 3.53347084925e-09, 3.00426528099e-09, 4.17471124337e-09, 4.50214443504e-09, 2.30647656529e-09, 1.21557397481e-09, 9.59169299541e-10, 5.02759833765e-10, 7.25257423562e-11, 5.28627384921e-11, 3.41873578058e-11, 1.05596130798e-11, 2.51884342377e-12, 1.11988673543e-12, 1.22908692772e-12, 8.74242139185e-13, 8.11596720818e-13, 7.51542979325e-13, 2.41348499345e-13, 3.93273907634e-14],
        "dvar2": [2.15855763486e-07, 3.00403735309e-06, 3.87224827136e-06, 1.42408657666e-06, 4.90209856707e-07, 8.19708304789e-07, 2.29222632697e-06, 2.13534849536e-06, 1.42499766298e-06, 6.47056253911e-07, 1.47104984194e-07, 8.6346041428e-08, 8.96190428534e-08, 3.88797687378e-08, 2.00883192747e-07, 2.75765970059e-08, 4.10949958507e-08, 2.494353879e-08, 1.69879790235e-08, 2.10012593982e-08, 9.77356151566e-09, 8.16841261297e-09, 1.15821823243e-08, 1.17215508411e-08, 5.34699706733e-09, 2.98481439565e-09, 1.9163663989e-09, 1.00518504631e-09, 1.77700895665e-10, 1.20294732509e-10, 7.35856792167e-11, 2.30095335146e-11, 5.90531616662e-12, 2.96045284641e-12, 3.35642039336e-12, 2.37988838706e-12, 2.11934441351e-12, 2.0542244121e-12, 6.6849688762e-13, 1.0132578099e-13],
        "max": [0.00372894783504, 0.0150987859815, 0.0128786303103, 0.0100408522412, 0.00643533049151, 0.00608153548092, 0.00995932519436, 0.0120313670486, 0.0157771967351, 0.0127265071496, 0.0048570074141, 0.0058663431555, 0.00561820715666, 0.00372309284285, 0.0105452714488, 0.00292018987238, 0.00389175419696, 0.00166842411272, 0.00130388187245, 0.00190038129222, 0.00107407721225, 0.00133354042191, 0.00124943384435, 0.00130822625943, 0.00110300118104, 0.000749140919652, 0.000754775363021, 0.000652168411762, 0.000129761596327, 0.000225746131036, 0.000193330502952, 0.000104537080915, 4.00036879e-05, 2.24653267651e-05, 1.96214277821e-05, 1.66199552041e-05, 1.62991673278e-05, 2.0603341909e-05, 8.51915501698e-06, 3.79770517611e-06],
        "mean": [0.000248961063335, 0.00103796913754, 0.0012233039597, 0.00069733033888, 0.000366687017959, 0.00063297804445, 0.00063416082412, 0.000490178877953, 0.000740283285268, 0.00042398495134, 0.000268690142548, 0.000151960513904, 0.000106717583549, 7.68257741584e-05, 0.000118516421935, 7.16070062481e-05, 7.2201488365e-05, 5.98977239861e-05, 4.21061668021e-05, 3.69525041606e-05, 3.4875520214e-05, 3.61637175956e-05, 5.40635992365e-05, 6.05759814789e-05, 3.88695480069e-05, 3.32542695105e-05, 2.6797873943e-05, 1.54655863298e-05, 8.16721149022e-06, 6.64684330332e-06, 5.44994736629e-06, 3.3741914649e-06, 1.71987312569e-06, 1.34478307245e-06, 1.28601629967e-06, 1.07640687474e-06, 9.9650287666e-07, 7.24496999283e-07, 3.8691410964e-07, 2.13096001289e-07],
        "median": [0.000120544442325, 0.00053795974236, 0.000695006572641, 0.000368945184164, 0.000195971151697, 0.000360197533155, 0.000277276674751, 0.000156445297762, 0.00026163388975, 0.000149938467075, 0.000117101561045, 4.81001952721e-05, 2.12586073758e-05, 2.15375657717e-05, 3.98936244892e-05, 1.89941692952e-05, 1.69450086105e-05, 1.23783520394e-05, 1.07749956442e-05, 7.12916744305e-06, 7.24533174434e-06, 7.14876978236e-06, 6.24210269962e-06, 5.46465753359e-06, 7.68587324274e-06, 8.37785319163e-06, 3.28819237438e-06, 3.59555428986e-06, 3.77355240744e-06, 2.28303997574e-06, 1.38990344567e-06, 1.21582331758e-06, 7.91019317603e-07, 7.34631328214e-07, 6.72625617426e-07, 5.68641098653e-07, 5.97058374296e-07, 3.91509018982e-07, 2.02803917659e-07, 1.26818136437e-07],
        "min": [3.34450696304e-12, 3.93901751494e-12, 4.36125571421e-12, 4.70572886213e-12, 4.55739135666e-12, 3.28992432255e-12, 2.6195111618e-12, 3.56744234847e-12, 3.14804562626e-12, 1.33375558861e-12, 8.33630365259e-13, 2.89851823099e-12, 4.01635582431e-12, 2.52240676263e-12, 3.09551060999e-12, 9.37411433199e-12, 2.62963557179e-11, 2.12246609177e-11, 9.13223056204e-12, 3.35693903231e-11, 1.76673866509e-11, 1.09150414401e-11, 1.43498407601e-11, 6.01645382819e-12, 5.45504353494e-12, 3.66099728658e-12, 5.52641482923e-12, 5.92175787573e-12, 4.82176191335e-12, 7.81195095591e-13, 2.64024522731e-12, 2.90205836792e-12, 1.21564498919e-12, 7.23392374648e-13, 4.5892924877e-12, 2.97890423266e-12, 1.07104585346e-13, 1.01162741378e-12, 4.06088736856e-13, 5.89033623309e-14],
        "var": [1.38628507784e-07, 1.99875353246e-06, 2.2977280878e-06, 1.02025808246e-06, 2.48557711302e-07, 5.57972839488e-07, 9.22481660837e-07, 1.08010613076e-06, 2.47782600127e-06, 9.54721258495e-07, 2.05740704473e-07, 1.93001383764e-07, 1.41193680747e-07, 4.26511306273e-08, 1.22659287172e-07, 3.55000224772e-08, 4.99041448165e-08, 2.38443718104e-08, 9.4478069812e-09, 1.42662672786e-08, 6.6714811453e-09, 6.29759622228e-09, 1.43246445816e-08, 2.02046983588e-08, 7.7315887026e-09, 4.82118700518e-09, 4.83716222632e-09, 1.96477234482e-09, 1.91837157271e-10, 2.37940306347e-10, 1.66527944212e-10, 4.36627539679e-11, 8.67068569721e-12, 3.6589316646e-12, 3.70677663911e-12, 1.95602475189e-12, 1.46784515966e-12, 1.00992391533e-12, 3.23666684817e-13, 7.75941404229e-14]
    },
    "mfcc": {
        "dmean": [13.0664844513, 9.83533573151, 10.0600681305, 8.11759853363, 8.38610744476, 7.75709247589, 7.85451555252, 7.54530286789, 7.12482404709, 7.14972496033, 6.96804189682, 6.74298286438, 6.90538358688],
        "dmean2": [17.7184944153, 15.8795661926, 15.8137454987, 13.2488718033, 13.6899795532, 13.0759248734, 12.8990507126, 12.4090137482, 11.7086410522, 11.725525856, 11.5945100784, 11.4185743332, 11.5626535416],
        "dvar": [284.802612305, 65.6809768677, 73.3143920898, 39.9029388428, 46.0577468872, 37.7739944458, 35.5403060913, 33.9492111206, 31.4302101135, 29.461107254, 28.6473503113, 27.3732852936, 28.5997180939],
        "dvar2": [449.231292725, 157.268981934, 185.791305542, 106.069145203, 120.745521545, 101.49697113, 96.1674575806, 92.643157959, 84.0373382568, 81.3662033081, 77.1191329956, 75.9479293823, 77.2699127197],
        "max": [-495.522460938, 183.053695679, 68.9287567139, 83.0548477173, 40.4503135681, 32.8169708252, 48.8091087341, 46.3661689758, 24.8269309998, 41.3853416443, 39.1571884155, 32.5904350281, 24.4695072174],
        "mean": [-619.536987305, 120.682434082, -2.62461662292, 23.2669868469, -10.0600252151, -5.88366127014, -3.79104495049, -0.412985354662, -6.26440954208, 5.24454689026, 0.00488301645964, 1.234161973, -8.97671604156],
        "median": [-627.602966309, 123.218528748, -0.222003936768, 21.9410381317, -11.290555954, -5.19725227356, -5.03160858154, -0.79242515564, -5.90864181519, 5.94651794434, -0.702722549438, 1.35917282104, -8.0742816925],
        "min": [-1138.42004395, 1.14440917969e-05, -81.2818527222, -28.5424098969, -64.8279190063, -54.1563873291, -42.5068817139, -38.8607139587, -46.1983642578, -43.0278396606, -32.6268692017, -30.8786754608, -50.4041213989],
        "var": [2200.49023438, 533.073852539, 539.537658691, 259.02835083, 237.500778198, 162.810470581, 192.492431641, 118.173942566, 107.89364624, 123.922470093, 97.3149185181, 85.9837112427, 117.030052185],
        "cov": [[2201.34033203, -398.628448486, -659.250366211, 102.528953552, 78.9891357422, -140.817733765, -14.6431665421, 80.8444595337, -19.065788269, -56.1865348816, 5.22425794601, -19.4268608093, -53.9124336243], [-398.628448486, 533.279846191, 204.574569702, -156.792800903, -93.8267059326, 52.9595489502, -13.1950864792, -67.892036438, 24.9659347534, 40.0367088318, 13.7715110779, 38.2917747498, 41.4210739136], [-659.250366211, 204.574569702, 539.746154785, 28.0827941895, 12.2564468384, 74.3116149902, 6.3119058609, -4.23230314255, 6.82512187958, 13.941942215, -15.9574012756, -6.94937896729, 21.7287387848], [102.528953552, -156.792800903, 28.0827941895, 259.128448486, 138.08380127, -45.607673645, -25.3142967224, 39.9903144836, -9.06424236298, -25.5663394928, -8.80836009979, -19.3018722534, -4.51749944687], [78.9891357422, -93.8267059326, 12.2564468384, 138.08380127, 237.592544556, 8.79010868073, -29.6227359772, 36.0278282166, -8.2390460968, -18.335647583, -20.8232593536, -14.4534978867, 1.58685147762], [-140.817733765, 52.9595489502, 74.3116149902, -45.607673645, 8.79010868073, 162.873382568, 92.3400192261, 6.53836536407, 1.81994271278, -15.8231201172, -7.04497241974, -1.61853957176, -19.5543022156], [-14.6431665421, -13.1950864792, 6.3119058609, -25.3142967224, -29.6227359772, 92.3400192261, 192.566818237, 54.0437965393, -24.1279907227, -21.4677600861, -9.03139972687, 2.80405497551, -19.631521225], [80.8444595337, -67.892036438, -4.23230314255, 39.9903144836, 36.0278282166, 6.53836536407, 54.0437965393, 118.219604492, 16.5027217865, -23.1731872559, -1.08449101448, -6.39588880539, -4.47806310654], [-19.065788269, 24.9659347534, 6.82512187958, -9.06424236298, -8.2390460968, 1.81994271278, -24.1279907227, 16.5027217865, 107.935340881, 47.0315704346, 6.41399526596, 1.74876606464, 4.01138544083], [-56.1865348816, 40.0367088318, 13.941942215, -25.5663394928, -18.335647583, -15.8231201172, -21.4677600861, -23.1731872559, 47.0315704346, 123.970352173, 37.4365844727, 6.02818155289, 17.8902606964], [5.22425794601, 13.7715110779, -15.9574012756, -8.80836009979, -20.8232593536, -7.04497241974, -9.03139972687, -1.08449101448, 6.41399526596, 37.4365844727, 97.3525238037, 33.3604621887, -5.27439498901], [-19.4268608093, 38.2917747498, -6.94937896729, -19.3018722534, -14.4534978867, -1.61853957176, 2.80405497551, -6.39588880539, 1.74876606464, 6.02818155289, 33.3604621887, 86.0169372559, 41.8013534546], [-53.9124336243, 41.4210739136, 21.7287387848, -4.51749944687, 1.58685147762, -19.5543022156, -19.631521225, -4.47806310654, 4.01138544083, 17.8902606964, -5.27439498901, 41.8013534546, 117.075271606]],
        "icov": [[0.000785273034126, 7.16073991498e-05, 0.00090201839339, -0.000193752261112, -0.000103450474853, 0.000225832933211, 2.40101398958e-05, -0.000372860697098, 5.4522875871e-05, 8.35438186186e-05, 3.204758832e-05, 3.36150042131e-05, 0.000165084406035], [7.16073991498e-05, 0.00317233800888, -0.00117227307055, 0.00172506831586, 5.64661058888e-05, -0.000118538308016, 9.84529833659e-05, 0.00116658012848, -0.00068492529681, 0.000188287449419, -0.000308777001919, -0.000618792895693, -0.0005629719235], [0.00090201839339, -0.00117227307055, 0.00369761744514, -0.00167070108, 0.000408264138969, -0.00146242359187, 0.000776680302806, -0.00119859760161, 0.000717616290785, -0.000667196640279, 0.000676105497405, 0.000405814294936, -0.000123078934848], [-0.000193752261112, 0.00172506831586, -0.00167070108, 0.00780517514795, -0.00400508753955, 0.00313271326013, -0.0011067512678, 0.00045940693235, -0.000986902741715, 0.00164684886113, -0.00139595952351, 0.000831668789033, -0.000256464263657], [-0.000103450474853, 5.64661058888e-05, 0.000408264138969, -0.00400508753955, 0.00764698162675, -0.00373877747916, 0.00339763052762, -0.00281643471681, 0.00201848172583, -0.00157201313414, 0.00207315082662, -0.000737053633202, -3.64231564163e-05], [0.000225832933211, -0.000118538308016, -0.00146242359187, 0.00313271326013, -0.00373877747916, 0.0124082667753, -0.00715100532398, 0.00354367657565, -0.00349830230698, 0.00307583878748, -0.0016861576587, 0.000883932283614, 0.000856097729411], [2.40101398958e-05, 9.84529833659e-05, 0.000776680302806, -0.0011067512678, 0.00339763052762, -0.00715100532398, 0.0114829111844, -0.00672559766099, 0.00485745118931, -0.00282153347507, 0.00287484028377, -0.00238985777833, 0.00146470277105], [-0.000372860697098, 0.00116658012848, -0.00119859760161, 0.00045940693235, -0.00281643471681, 0.00354367657565, -0.00672559766099, 0.014745962806, -0.00611943053082, 0.00481605064124, -0.00343777285889, 0.00229661935009, -0.00177908956539], [5.4522875871e-05, -0.00068492529681, 0.000717616290785, -0.000986902741715, 0.00201848172583, -0.00349830230698, 0.00485745118931, -0.00611943053082, 0.0143890734762, -0.00702896108851, 0.00318397930823, -0.00194164284039, 0.00148273259401], [8.35438186186e-05, 0.000188287449419, -0.000667196640279, 0.00164684886113, -0.00157201313414, 0.00307583878748, -0.00282153347507, 0.00481605064124, -0.00702896108851, 0.0139880320057, -0.00669517647475, 0.00378111656755, -0.00314297364093], [3.204758832e-05, -0.000308777001919, 0.000676105497405, -0.00139595952351, 0.00207315082662, -0.0016861576587, 0.00287484028377, -0.00343777285889, 0.00318397930823, -0.00669517647475, 0.0163067374378, -0.00830096099526, 0.00459796376526], [3.36150042131e-05, -0.000618792895693, 0.000405814294936, 0.000831668789033, -0.000737053633202, 0.000883932283614, -0.00238985777833, 0.00229661935009, -0.00194164284039, 0.00378111656755, -0.00830096099526, 0.0189672447741, -0.00762151367962], [0.000165084406035, -0.0005629719235, -0.000123078934848, -0.000256464263657, -3.64231564163e-05, 0.000856097729411, 0.00146470277105, -0.00177908956539, 0.00148273259401, -0.00314297364093, 0.00459796376526, -0.00762151367962, 0.0125085534528]]
    }
}

}