{
"metadata": {
    "version": {
        "essentia": "2.0.1",
        "extractor": "archive-music 1.0 mod ismir14"
    },
    "audio_properties": {
        "analysis_sample_rate": 44100,
        "bitrate": 32,
        "channels": 2,
        "equal_loudness": 0,
        "length": 30.0408172607,
        "replay_gain": -13.720664978,
        "downmix": "mix"
    },
    "tags": {
        "track": 0,
        "year": 0,
        "album": "",
        "artist": "",
        "comment": "",
        "genre": "",
        "title": ""
    }
},
"rhythm": {
    "bpm": 90.2956161499,
    "bpm_histogram_first_peak": 91,
    "bpm_histogram_first_peak_spread": 0.341463446617,
    "bpm_histogram_first_peak_weight": 0.62790697813,
    "bpm_histogram_second_peak": 85,
    "bpm_histogram_second_peak_spread": 0,
    "bpm_histogram_second_peak_weight": 0.0465116277337
},
"tonal": {
    "tuning_frequency": {
        "dmean": 0.123943626881,
        "dmean2": 0.232596412301,
        "dvar": 1.71186089516,
        "dvar2": 3.5618853569,
        "max": 456.306610107,
        "mean": 450.417205811,
        "median": 453.154663086,
        "min": 431.193908691,
        "var": 50.4013061523
    },
    "hpcp": {
        "dmean": [0.18336969614, 0.175329059362, 0.171344354749, 0.12951926887, 0.185188606381, 0.186077982187, 0.215620443225, 0.247596606612, 0.178773999214, 0.173326104879, 0.180700153112, 0.196322739124],
        "dmean2": [0.342751652002, 0.329888522625, 0.317583292723, 0.241314560175, 0.338836550713, 0.347773998976, 0.401298284531, 0.454897344112, 0.337706834078, 0.324105918407, 0.341907292604, 0.360719799995],
        "dvar": [0.0925133749843, 0.0969077423215, 0.084740281105, 0.064164750278, 0.0860377922654, 0.0923522636294, 0.108818598092, 0.112541295588, 0.0964173078537, 0.0886128842831, 0.0920008942485, 0.0868518203497],
        "dvar2": [0.246833279729, 0.277920037508, 0.245717957616, 0.181453168392, 0.227532789111, 0.243782058358, 0.285354614258, 0.28348955512, 0.267967373133, 0.252336293459, 0.268701314926, 0.243584871292],
        "max": [1, 1, 1, 1, 1, 1, 1, 1, 1, 1, 1, 1],
        "mean": [0.167417600751, 0.126928240061, 0.146176964045, 0.105765849352, 0.178242310882, 0.193053543568, 0.17561981082, 0.283218294382, 0.128726392984, 0.134527057409, 0.131243467331, 0.171775624156],
        "median": [0.024753049016, 0.0112579893321, 0.0236921887845, 0.0120822433382, 0.0221577193588, 0.0246447566897, 0.0185526534915, 0.0689481496811, 0.0119580039755, 0.0171461738646, 0.01517803967, 0.0319089442492],
        "min": [0, 0, 0, 0, 0, 0, 0, 0, 0, 0, 0, 0],
        "var": [0.0936654284596, 0.0743892267346, 0.0753835067153, 0.0556394793093, 0.0960144400597, 0.108962334692, 0.101580195129, 0.14242850244, 0.0743163079023, 0.0735645517707, 0.0722167938948, 0.0843732208014]
    }
},
"lowlevel": {
    "melbands": {
        "dmean": [0.000781209440902, 0.00258719478734, 0.00124383589718, 0.000496824271977, 0.00034659676021, 0.000261693086941, 0.00028690948966, 0.00033404113492, 0.000473826075904, 0.000318887730828, 0.000145365847857, 0.000161757998285, 0.000145319194417, 0.000102721052826, 0.000144728110172, 0.000143094264786, 3.45276857843e-05, 2.62109315372e-05, 1.54598346853e-05, 1.85152002814e-05, 2.85056976281e-05, 2.07560078707e-05, 3.52989482053e-05, 2.71754779533e-05, 1.58249986271e-05, 1.86285233212e-05, 1.42973722177e-05, 8.47545288707e-06, 4.10198845202e-06, 3.42052680935e-06, 1.88086266917e-06, 8.6877554395e-07, 5.37536720913e-07, 4.43338279865e-07, 4.2469747541e-07, 4.52580678711e-07, 3.53040007894e-07, 4.79629363781e-07, 4.09377321375e-07, 3.52649976776e-07],
        "dmean2": [0.00128410407342, 0.00468948716298, 0.00218373211101, 0.000855175661854, 0.000601313367952, 0.000444137258455, 0.0004818632151, 0.000519912631717, 0.000690443441272, 0.000431514228694, 0.000215630090679, 0.000225703275646, 0.000195444226847, 0.00016381147725, 0.000213874373003, 0.00020887881692, 5.0158425438e-05, 3.97762269131e-05, 2.47246553045e-05, 2.97414153465e-05, 4.57488349639e-05, 3.38727368216e-05, 5.6040698837e-05, 4.0705101128e-05, 2.37470303546e-05, 2.95217323583e-05, 2.12199574889e-05, 1.27032653836e-05, 6.29065471003e-06, 5.14263365403e-06, 2.87289617518e-06, 1.38626865009e-06, 8.70043095347e-07, 7.07566186975e-07, 6.8723431923e-07, 7.27861447558e-07, 5.63616595173e-07, 7.73906492668e-07, 6.3760012381e-07, 5.71012776618e-07],
        "dvar": [6.83919211042e-07, 8.66574009706e-06, 1.99507871912e-06, 5.09899109602e-07, 4.87027705276e-07, 1.86815356074e-07, 2.54157100699e-07, 4.07730993857e-07, 9.03381476292e-07, 1.04107084553e-06, 3.05235573705e-07, 2.30354771702e-07, 1.48901918351e-07, 1.07621545453e-07, 1.53841497763e-07, 1.94977687329e-07, 1.08519024877e-08, 5.30001242893e-09, 6.74335365325e-10, 9.49323064603e-10, 3.36936012424e-09, 2.04088057565e-09, 5.84520876146e-09, 3.64541463682e-09, 9.43602973535e-10, 1.27069632594e-09, 9.18511433579e-10, 3.27523730359e-10, 7.16435868964e-11, 6.18615159098e-11, 1.51354154904e-11, 2.42042735681e-12, 6.80047055994e-13, 4.20484014361e-13, 4.68660212635e-13, 3.80399135585e-13, 3.35546803017e-13, 5.83091571988e-13, 5.16025481893e-13, 3.63934766654e-13],
        "dvar2": [1.90116850263e-06, 2.87742841465e-05, 5.77021819481e-06, 1.40121323966e-06, 1.37139090839e-06, 5.03573403421e-07, 6.61933768242e-07, 9.64646233115e-07, 1.76949595243e-06, 1.72941668097e-06, 5.20818502991e-07, 3.45710901684e-07, 2.26362146805e-07, 2.53577383091e-07, 2.73435489362e-07, 3.43953274751e-07, 1.5008811971e-08, 1.18373471025e-08, 1.5345794635e-09, 2.35396702131e-09, 8.15610690097e-09, 5.21000620424e-09, 1.4962486361e-08, 8.19198398005e-09, 2.09569628318e-09, 3.11265546671e-09, 1.82004922245e-09, 6.48824494132e-10, 1.46785888999e-10, 1.20663160019e-10, 3.34284648573e-11, 6.11250026289e-12, 1.70019749147e-12, 9.96727223326e-13, 1.00689476288e-12, 8.98973874942e-13, 8.02519238129e-13, 1.50663541972e-12, 1.0792208056e-12, 8.7694966306e-13],
        "max": [0.00826433487236, 0.0239430740476, 0.0143782915547, 0.0106560178101, 0.00898392219096, 0.00597944296896, 0.0112351039425, 0.0103841386735, 0.0179929025471, 0.0202568490058, 0.0259756278247, 0.0170802678913, 0.0155727071688, 0.0086765345186, 0.00956708844751, 0.0135451294482, 0.00510618183762, 0.00177334144246, 0.000452895794297, 0.000348834175384, 0.000980792799965, 0.000691363587976, 0.00123807857744, 0.000924182473682, 0.000493970699608, 0.000475859327707, 0.00053361884784, 0.00039273238508, 0.000160442345077, 0.000154291134095, 7.99579283921e-05, 3.09996939905e-05, 1.42147637234e-05, 8.44835176395e-06, 1.27377670651e-05, 1.0372388715e-05, 1.21750954349e-05, 1.49402931129e-05, 1.53898818098e-05, 1.27151497509e-05],
        "mean": [0.00133155519143, 0.00355590018444, 0.00185918842908, 0.00070015154779, 0.000454252643976, 0.00039412418846, 0.000458898866782, 0.000616955570877, 0.000932504131924, 0.000628931389656, 0.000242873778916, 0.000280640233541, 0.000328508584062, 0.000152208580403, 0.000240017470787, 0.000257524719927, 6.36185286567e-05, 4.41647971456e-05, 2.66227398242e-05, 3.08151138597e-05, 4.52749300166e-05, 3.51194976247e-05, 5.82999382459e-05, 4.69877959404e-05, 2.92066870315e-05, 3.22631749441e-05, 2.60795732174e-05, 1.55430952873e-05, 7.67486108089e-06, 6.03972648605e-06, 3.26995746036e-06, 1.6576135522e-06, 1.027879307e-06, 9.26693473957e-07, 8.82125675616e-07, 9.17754789498e-07, 7.63738739806e-07, 1.02185936157e-06, 9.56929056883e-07, 7.93034303115e-07],
        "median": [0.000961665180512, 0.00249138544314, 0.00130712939426, 0.000410537526477, 0.000200857000891, 0.00018213657313, 0.000172734216903, 0.00020056476933, 0.000249320873991, 9.46645304793e-05, 5.11222824571e-05, 6.41986553092e-05, 4.89515987283e-05, 4.56385569123e-05, 5.68129253224e-05, 4.30967193097e-05, 1.43931320054e-05, 1.08320264189e-05, 1.09063712443e-05, 1.26459126477e-05, 1.33149196699e-05, 1.07517853394e-05, 1.50052383106e-05, 9.76147566689e-06, 9.27099608816e-06, 1.20269587569e-05, 6.61247440803e-06, 3.67245843336e-06, 2.64802679339e-06, 1.8246463469e-06, 1.27004341266e-06, 8.9887237209e-07, 6.34783646092e-07, 5.80497157898e-07, 5.73390707359e-07, 6.25080815553e-07, 4.7010041726e-07, 6.50288654924e-07, 5.86829116855e-07, 5.12712404088e-07],
        "min": [2.0583996313e-11, 2.26426325606e-11, 2.05065027459e-11, 1.12624493065e-11, 3.3953386977e-12, 3.40857333678e-13, 7.38281614662e-13, 7.47764968435e-13, 1.42541618157e-13, 2.24337828045e-13, 2.34908528176e-13, 3.82654357419e-13, 1.43207613736e-12, 1.04692112184e-12, 7.05658025502e-13, 2.34262218998e-12, 4.74326177294e-12, 7.92205016864e-12, 3.38531654966e-12, 3.7552409099e-12, 1.53539785053e-11, 7.91699900082e-11, 1.82922010872e-10, 6.12785377996e-11, 2.67790040143e-10, 3.04688496655e-10, 2.54027410218e-10, 2.31147670449e-10, 5.89095716652e-11, 3.03273101077e-11, 2.41376103133e-11, 2.12502342112e-11, 1.23454961531e-11, 1.36389163852e-11, 1.31467484468e-11, 2.77750934231e-12, 1.03706756724e-11, 8.47238165042e-12, 3.33005801753e-12, 2.64802784734e-12],
        "var": [1.56401574714e-06, 1.12724055725e-05, 3.17642502523e-06, 7.3859166605e-07, 5.7446794699e-07, 3.5369950524e-07, 6.63523621824e-07, 1.13101827992e-06, 2.97979204333e-06, 3.87695672543e-06, 1.2765409565e-06, 7.17396687833e-07, 7.79207255164e-07, 1.49029744989e-07, 3.89407858847e-07, 6.82678034991e-07, 6.34296810631e-08, 1.61831046341e-08, 1.77235714993e-09, 1.8020479553e-09, 6.18564666155e-09, 3.48335338352e-09, 1.14941247631e-08, 8.27904589329e-09, 2.2923758447e-09, 2.76676814792e-09, 2.37681541115e-09, 8.38286884353e-10, 1.74542838516e-10, 1.48408521583e-10, 3.08253943204e-11, 4.75538315323e-12, 1.38104621055e-12, 1.02971472495e-12, 9.92978052214e-13, 8.48412811359e-13, 7.61006817458e-13, 1.40035552598e-12, 1.48409214605e-12, 8.96900663547e-13]
    },
    "mfcc": {
        "dmean": [13.9877443314, 9.32326221466, 9.81540775299, 8.49434089661, 8.27966213226, 7.87137699127, 7.65711784363, 7.23294734955, 7.07484292984, 6.89275074005, 6.97326469421, 6.90196943283, 6.42474412918],
        "dmean2": [17.4562530518, 14.8564319611, 15.2724123001, 13.5632867813, 13.5930557251, 12.8245210648, 12.7349491119, 11.984336853, 11.7544298172, 11.2609739304, 11.5147314072, 11.4615278244, 10.586602211],
        "dvar": [310.1640625, 55.2712631226, 68.8396911621, 45.077583313, 40.3251495361, 39.1782341003, 33.8883857727, 30.3799171448, 29.1066493988, 27.5372714996, 30.0111865997, 29.8628101349, 23.6056213379],
        "dvar2": [350.819244385, 130.463104248, 141.139877319, 110.798103333, 107.247520447, 100.443572998, 92.5098648071, 83.926864624, 80.1313247681, 77.3337783813, 84.1636581421, 80.1473922729, 62.6930427551],
        "max": [-496.591400146, 185.359863281, 68.4253997803, 76.4621124268, 53.2239761353, 44.0265312195, 58.9173431396, 49.8676948547, 31.1550617218, 40.7579841614, 39.3257904053, 42.4738731384, 30.3301506042],
        "mean": [-606.809631348, 125.113945007, -0.36813211441, 23.2449989319, 6.63274478912, -5.1259932518, 14.1083841324, 5.95149040222, -0.445096045732, 2.51361632347, 4.26009273529, 6.1096739769, 1.05938160419],
        "median": [-609.577148438, 125.171585083, 1.69773101807, 22.7015857697, 6.32840919495, -4.12749862671, 13.8349170685, 6.00239181519, -0.227067947388, 2.16927337646, 4.45670700073, 6.28847503662, 1.15259170532],
        "min": [-1138.42004395, 1.14440917969e-05, -66.2214050293, -40.0272979736, -40.4725570679, -56.5949630737, -25.4682865143, -33.4038619995, -35.3367881775, -42.2615585327, -29.8587112427, -27.3102035522, -28.0266304016],
        "var": [2319.10400391, 299.541656494, 521.25378418, 317.359313965, 225.050018311, 224.362380981, 169.97052002, 126.882965088, 86.025428772, 104.267875671, 94.5773239136, 87.8354492188, 73.5840988159],
        "cov": [[2320, 37.094745636, -674.185119629, 27.476102829, -293.194000244, -249.871261597, -129.081283569, -89.4655838013, -35.684803009, -19.9388160706, -56.9996376038, 1.93299984932, -73.2353057861], [37.094745636, 299.65737915, 10.7068986893, -94.1170120239, -58.1174125671, -1.67235422134, 12.6402082443, 2.04758358002, -15.153181076, 16.264541626, 49.8393058777, -1.77007520199, -2.52112221718], [-674.185119629, 10.7068986893, 521.455200195, -25.8173446655, 173.203598022, 75.1311187744, 21.1138572693, 17.512336731, 19.7858352661, 19.4151573181, 7.29467058182, -13.0252876282, 24.3984203339], [27.476102829, -94.1170120239, -25.8173446655, 317.481933594, 66.9349517822, -7.10987615585, -60.0899467468, -21.0387477875, 48.7519950867, 15.8775119781, -42.8628768921, -3.58164381981, 22.317653656], [-293.194000244, -58.1174125671, 173.203598022, 66.9349517822, 225.136978149, 44.6121444702, 16.8301181793, -12.2989616394, 21.1118984222, 24.8549880981, -13.5377721786, 2.15875172615, 7.32797241211], [-249.871261597, -1.67235422134, 75.1311187744, -7.10987615585, 44.6121444702, 224.449066162, 104.216285706, 37.4204978943, -17.147693634, -9.0345697403, 38.4952812195, -6.13315010071, -15.5633363724], [-129.081283569, 12.6402082443, 21.1138572693, -60.0899467468, 16.8301181793, 104.216285706, 170.036193848, 69.1261749268, -10.2861404419, -22.4021205902, 23.3501052856, 14.2532529831, -11.1238231659], [-89.4655838013, 2.04758358002, 17.512336731, -21.0387477875, -12.2989616394, 37.4204978943, 69.1261749268, 126.931991577, 23.4971637726, -19.7177772522, 8.90196895599, 10.5311107635, 8.28795051575], [-35.684803009, -15.153181076, 19.7858352661, 48.7519950867, 21.1118984222, -17.147693634, -10.2861404419, 23.4971637726, 86.0586700439, 38.2987480164, -3.59527683258, 1.89410996437, 7.46716213226], [-19.9388160706, 16.264541626, 19.4151573181, 15.8775119781, 24.8549880981, -9.0345697403, -22.4021205902, -19.7177772522, 38.2987480164, 104.308166504, 28.2735061646, -4.79743623734, -1.14177763462], [-56.9996376038, 49.8393058777, 7.29467058182, -42.8628768921, -13.5377721786, 38.4952812195, 23.3501052856, 8.90196895599, -3.59527683258, 28.2735061646, 94.6138687134, 30.9621772766, -5.70469236374], [1.93299984932, -1.77007520199, -13.0252876282, -3.58164381981, 2.15875172615, -6.13315010071, 14.2532529831, 10.5311107635, 1.89410996437, -4.79743623734, 30.9621772766, 87.8693847656, 26.4397335052], [-73.2353057861, -2.52112221718, 24.3984203339, 22.317653656, 7.32797241211, -15.5633363724, -11.1238231659, 8.28795051575, 7.46716213226, -1.14177763462, -5.70469236374, 26.4397335052, 73.6125335693]],
        "icov": [[0.000811528181657, -0.000156319074449, 0.000808037118986, -8.70708681759e-05, 0.000342927902238, 0.000439429219114, 0.000122784345876, 0.000174141445314, 0.000171514679096, -0.000148120467202, 0.000501004687976, -0.000340205937391, 0.000759633665439], [-0.000156319074449, 0.00418578553945, -0.000509956269525, 0.000724453420844, 0.000934025563765, 0.000350482558133, -0.000384974002372, 0.00020821756334, 0.000255374266999, -0.000418018957134, -0.00210500508547, 0.00101137184538, -0.000722052296624], [0.000808037118986, -0.000509956269525, 0.00384474522434, 0.000849235919304, -0.00225928565487, -0.000378892349545, 0.000955138180871, -0.000348041503457, -0.000472545390949, 0.000188129764865, 0.000155230110977, 0.000633074319921, -0.000581536674872], [-8.70708681759e-05, 0.000724453420844, 0.000849235919304, 0.00474909227341, -0.00153233041056, -0.00135990104172, 0.00195634714328, 0.000289058079943, -0.00249176914804, 0.00027358889929, 0.00124061224051, -5.61246706638e-05, -0.00128168589436], [0.000342927902238, 0.000934025563765, -0.00225928565487, -0.00153233041056, 0.00793583970517, -0.000395425740862, -0.00163093733136, 0.00172156724147, -0.00011896766955, -0.00190631102305, 0.00188253808301, -0.00160996592604, 0.000979318283498], [0.000439429219114, 0.000350482558133, -0.000378892349545, -0.00135990104172, -0.000395425740862, 0.00807088799775, -0.00446329684928, -0.000102938000055, 0.00180934835225, 0.00050680025015, -0.00347082060762, 0.00215018517338, 0.000852966448292], [0.000122784345876, -0.000384974002372, 0.000955138180871, 0.00195634714328, -0.00163093733136, -0.00446329684928, 0.0117722190917, -0.00494854571298, 0.000565019377973, 0.00069113925565, 0.000827303156257, -0.00210242741741, 0.0015267356066], [0.000174141445314, 0.00020821756334, -0.000348041503457, 0.000289058079943, 0.00172156724147, -0.000102938000055, -0.00494854571298, 0.0127556305379, -0.00589835084975, 0.00338522600941, -0.000998213770799, 0.000368649489246, -0.00172791245859], [0.000171514679096, 0.000255374266999, -0.000472545390949, -0.00249176914804, -0.00011896766955, 0.00180934835225, 0.000565019377973, -0.00589835084975, 0.0188779346645, -0.00788717530668, 0.00206426624209, -0.00123150798026, 0.000800312322099], [-0.000148120467202, -0.000418018957134, 0.000188129764865, 0.00027358889929, -0.00190631102305, 0.00050680025015, 0.00069113925565, 0.00338522600941, -0.00788717530668, 0.0157392453402, -0.00688545405865, 0.00334831001237, -0.000978791504167], [0.000501004687976, -0.00210500508547, 0.000155230110977, 0.00124061224051, 0.00188253808301, -0.00347082060762, 0.000827303156257, -0.000998213770799, 0.00206426624209, -0.00688545405865, 0.0192537233233, -0.00856057740748, 0.00356559664942], [-0.000340205937391, 0.00101137184538, 0.000633074319921, -5.61246706638e-05, -0.00160996592604, 0.00215018517338, -0.00210242741741, 0.000368649489246, -0.00123150798026, 0.00334831001237, -0.00856057740748, 0.0173009485006, -0.00694159418344], [0.000759633665439, -0.000722052296624, -0.000581536674872, -0.00128168589436, 0.000979318283498, 0.000852966448292, 0.0015267356066, -0.00172791245859, 0.000800312322099, -0.000978791504167, 0.00356559664942, -0.00694159418344, 0.0180782787502]]
    }
}

}