{
"metadata": {
    "version": {
        "essentia": "2.0.1",
        "extractor": "archive-music 1.0 mod ismir14"
    },
    "audio_properties": {
        "analysis_sample_rate": 44100,
        "bitrate": 32,
        "channels": 2,
        "equal_loudness": 0,
        "length": 30.0408172607,
        "replay_gain": -8.82925224304,
        "downmix": "mix"
    },
    "tags": {
        "track": 7,
        "year": 0,
        "album": "The Cool Jazz Collection",
        "artist": "Astrud Gilberto",
        "comment": "",
        "genre": "Jazz",
        "title": "Girl From Ipanema"
    }
},
"rhythm": {
    "bpm": 130.229049683,
    "bpm_histogram_first_peak": 129,
    "bpm_histogram_first_peak_spread": 0.542372882366,
    "bpm_histogram_first_peak_weight": 0.428571432829,
    "bpm_histogram_second_peak": 123,
    "bpm_histogram_second_peak_spread": 0,
    "bpm_histogram_second_peak_weight": 0.0317460335791
},
"tonal": {
    "tuning_frequency": {
        "dmean": 0.0877021923661,
        "dmean2": 0.161110013723,
        "dvar": 1.25891005993,
        "dvar2": 2.46198964119,
        "max": 456.570251465,
        "mean": 435.238555908,
        "median": 434.193115234,
        "min": 431.193908691,
        "var": 13.0244102478
    },
    "hpcp": {
        "dmean": [0.114594876766, 0.118432022631, 0.147319629788, 0.182690352201, 0.160311535001, 0.126149460673, 0.142181575298, 0.15451566875, 0.221406966448, 0.139126256108, 0.133104592562, 0.111921034753],
        "dmean2": [0.222289189696, 0.228245407343, 0.285298705101, 0.346571087837, 0.311009675264, 0.243563324213, 0.273070752621, 0.299238473177, 0.42579805851, 0.269680887461, 0.254563450813, 0.217935740948],
        "dvar": [0.0804914087057, 0.0780655071139, 0.0954852476716, 0.108887046576, 0.10758882761, 0.0811534970999, 0.0874204784632, 0.103282570839, 0.129096239805, 0.0965976938605, 0.0864677801728, 0.0771261826158],
        "dvar2": [0.230941459537, 0.223599925637, 0.266038835049, 0.303520828485, 0.302589774132, 0.234079092741, 0.244257628918, 0.289292156696, 0.356300145388, 0.280923545361, 0.245294585824, 0.226294904947],
        "max": [1, 1, 1, 1, 1, 1, 1, 1, 1, 1, 1, 1],
        "mean": [0.0725936591625, 0.106645807624, 0.108699478209, 0.208053648472, 0.115164123476, 0.0937797278166, 0.131478205323, 0.120250090957, 0.193695291877, 0.0953500345349, 0.0968365520239, 0.0793070197105],
        "median": [0.000367448141333, 0.00170823838562, 0.000678143172991, 0.00331941386685, 0.00109663524199, 0.00104367325548, 0.00155261624604, 0.00111457530875, 0.00412199832499, 0.000306215311866, 0.00173507549334, 0.000576545600779],
        "min": [0, 0, 0, 0, 0, 0, 0, 0, 0, 0, 0, 0],
        "var": [0.0538093447685, 0.0758438706398, 0.0790460854769, 0.13664457202, 0.0836845338345, 0.0668020918965, 0.0915288552642, 0.0875743255019, 0.127785131335, 0.0728426426649, 0.0644457563758, 0.0584691613913]
    }
},
"lowlevel": {
    "melbands": {
        "dmean": [0.000816181302071, 0.00339421024546, 0.00357895251364, 0.00185504357796, 0.00100479321554, 0.000377838587156, 0.000126714483486, 0.000120088443509, 5.07690092491e-05, 2.7314405088e-05, 2.74122212431e-05, 2.83093304461e-05, 8.87654550752e-06, 6.77261368764e-06, 7.86423061072e-06, 4.72368128612e-06, 3.70663178728e-06, 1.71515875991e-06, 1.60712647812e-06, 1.50733978899e-06, 9.73196506493e-07, 1.28618637518e-06, 1.49066204358e-06, 1.4906679553e-06, 6.09222865933e-07, 3.66309336641e-07, 5.85313046031e-07, 8.3078833768e-07, 7.05248453414e-07, 8.75856812854e-07, 1.40400845794e-06, 2.44519173975e-06, 2.84885231849e-06, 1.74177046119e-06, 7.81345363521e-07, 4.33395854316e-07, 3.73117273966e-07, 3.04832184383e-07, 3.62086325367e-07, 5.53311735985e-07],
        "dmean2": [0.00138352648355, 0.00580532103777, 0.00614576181397, 0.00308916554786, 0.00168248370755, 0.000640549638774, 0.000189744445379, 0.000172990650753, 6.99251613696e-05, 3.54125077138e-05, 3.55971969839e-05, 3.70590205421e-05, 1.24662456074e-05, 1.02173744381e-05, 1.08467029349e-05, 7.06373884896e-06, 5.25912219018e-06, 2.56579664892e-06, 2.34919252762e-06, 2.25257258535e-06, 1.4590190176e-06, 1.89767445136e-06, 2.22200651478e-06, 2.31985200116e-06, 9.341501368e-07, 5.5507905472e-07, 8.87288251761e-07, 1.35682103064e-06, 1.09943755433e-06, 1.33055766582e-06, 2.21859795602e-06, 3.82064490623e-06, 4.51897767562e-06, 2.71429530585e-06, 1.25495489556e-06, 6.643871302e-07, 5.45724390122e-07, 4.55830331703e-07, 5.31048783614e-07, 8.48729087011e-07],
        "dvar": [2.57504780166e-06, 2.90519928967e-05, 3.5167333408e-05, 9.16831595532e-06, 2.70428085969e-06, 4.34649905401e-07, 1.40256616987e-07, 1.47207089185e-07, 1.85364434913e-08, 1.05097335279e-08, 6.93780322081e-09, 1.81127699506e-08, 1.13786846612e-09, 4.78431350093e-10, 6.54714005233e-10, 4.61710669697e-10, 4.89369988976e-10, 4.45850405206e-11, 7.61638321856e-11, 6.45888481587e-11, 1.43724164514e-11, 1.63219628785e-11, 2.30119430455e-11, 4.08940832586e-11, 5.13221843496e-12, 9.83875849715e-13, 4.81582178649e-12, 1.4267940128e-11, 7.89023880954e-12, 3.21967313921e-11, 5.98314453537e-11, 2.07726141843e-10, 6.61557419956e-10, 1.74651210161e-10, 1.78098369386e-11, 2.16495983467e-12, 1.49709574165e-12, 1.60918110434e-12, 3.2113049199e-12, 7.66061259566e-12],
        "dvar2": [6.91538025421e-06, 8.76962512848e-05, 0.000113370580948, 2.52049794653e-05, 7.3960395639e-06, 1.21700122691e-06, 2.15540651993e-07, 2.34595930237e-07, 2.93871060819e-08, 1.41132101561e-08, 1.20313670138e-08, 2.10815098711e-08, 2.71535172125e-09, 1.10212206028e-09, 1.00911834444e-09, 9.66489777099e-10, 8.29970148164e-10, 9.17622158814e-11, 1.19985660296e-10, 1.24576848837e-10, 2.54797953569e-11, 3.41315621599e-11, 5.02547031767e-11, 1.02985245332e-10, 1.15231756428e-11, 2.06225206183e-12, 9.70109669679e-12, 3.75100471517e-11, 1.99268396922e-11, 7.97038615663e-11, 1.34115954453e-10, 4.94722263156e-10, 1.72984626623e-09, 3.63288260585e-10, 5.1656116884e-11, 4.91558226415e-12, 3.43656700319e-12, 3.90553041296e-12, 7.60790389021e-12, 2.07061676832e-11],
        "max": [0.0350874699652, 0.0726735666394, 0.0669802874327, 0.0838792100549, 0.0248981844634, 0.0119216386229, 0.00958314724267, 0.00906170997769, 0.00375448237173, 0.00402843672782, 0.00206421269104, 0.00980053190142, 0.00093144614948, 0.000718068098649, 0.00147030712105, 0.000801193993539, 0.00101369945332, 0.000281268410617, 0.000352584378561, 0.000312881282298, 0.000148460778291, 7.98092150944e-05, 9.26668217289e-05, 0.000151821106556, 6.91155801178e-05, 2.90501102427e-05, 6.09983617323e-05, 0.000129560052301, 7.65596996644e-05, 0.000181083378266, 0.000210914498894, 0.000362670107279, 0.000990965403616, 0.00062922592042, 0.000125918464619, 3.50204390998e-05, 2.45619066845e-05, 5.06005526404e-05, 6.8705783633e-05, 8.10782366898e-05],
        "mean": [0.00152652012184, 0.00621407246217, 0.00750956684351, 0.00366354710422, 0.00228025857359, 0.000821592053398, 0.000305610417854, 0.000302100146655, 0.000142210847116, 8.73010430951e-05, 8.56358383317e-05, 8.72049422469e-05, 2.28042263188e-05, 1.2933222024e-05, 1.99276710191e-05, 1.17427098303e-05, 8.1248654169e-06, 3.38796007782e-06, 3.27901057062e-06, 3.17910280501e-06, 1.71982833308e-06, 2.59780426859e-06, 3.08136441163e-06, 2.47412799581e-06, 1.06199843231e-06, 7.21267895187e-07, 1.01979162537e-06, 1.29459147047e-06, 1.12023747079e-06, 1.37804829592e-06, 2.37761946664e-06, 3.9508536247e-06, 4.18839272243e-06, 3.01588966067e-06, 1.40847191687e-06, 9.37919253374e-07, 7.79488232183e-07, 6.10412371316e-07, 7.64570131651e-07, 1.06966047042e-06],
        "median": [0.000357704557246, 0.0029060295783, 0.00321026914753, 0.00196157069877, 0.000791192695033, 0.000297784165014, 9.06305212993e-05, 5.10398276674e-05, 1.89611964743e-05, 6.99914744473e-06, 7.56686904424e-06, 7.88587476563e-06, 3.30749685418e-06, 3.4449622035e-06, 2.65491553364e-06, 1.06751656404e-06, 6.55571511743e-07, 4.59773218608e-07, 2.39979328853e-07, 2.05302583822e-07, 1.97755610998e-07, 3.42273125398e-07, 3.38472574413e-07, 2.20133685502e-07, 1.39172882996e-07, 1.18969531115e-07, 1.62425280337e-07, 1.70158472201e-07, 9.7958931633e-08, 1.17799615396e-07, 1.25483708757e-07, 8.769073645e-08, 1.12668807617e-07, 8.37708640233e-08, 8.19648562356e-08, 7.77948230279e-08, 7.40610914818e-08, 5.92752940065e-08, 6.34273362721e-08, 6.24428935225e-08],
        "min": [9.54788938884e-12, 9.48800239764e-12, 1.09689540437e-11, 1.49135339494e-11, 1.65045060951e-11, 1.16212881332e-11, 5.73890414357e-12, 3.14584035904e-12, 1.16880019118e-12, 5.05689348902e-13, 9.30670362824e-13, 9.37796064762e-13, 9.98112508442e-13, 3.13368200746e-13, 2.41645787581e-13, 9.90793818517e-13, 3.88735457669e-13, 1.02769496472e-12, 6.67714841751e-12, 5.03826017365e-12, 6.54464601003e-13, 5.57095168607e-13, 5.81825950266e-12, 3.33399562298e-12, 9.07490879318e-13, 2.69812449293e-12, 6.71550543039e-13, 2.17603365882e-12, 3.11964646824e-12, 1.03364044754e-11, 3.57816901109e-12, 2.18473091181e-12, 6.3052250053e-12, 1.04433423714e-11, 7.59665594319e-12, 3.15617345627e-12, 7.46536133692e-13, 8.86856506201e-13, 1.13811184869e-12, 4.71997874812e-13],
        "var": [1.28649580802e-05, 5.78255239816e-05, 9.04711851035e-05, 3.04527038679e-05, 1.204745422e-05, 1.78261905148e-06, 7.72384396441e-07, 7.38491110042e-07, 1.41447884516e-07, 1.0041319598e-07, 5.44276872461e-08, 2.62914909399e-07, 5.71358782508e-09, 1.19635534812e-09, 6.90585677532e-09, 2.02992422871e-09, 1.71756020517e-09, 1.13823894754e-10, 2.71742933711e-10, 2.5893570621e-10, 3.65412977654e-11, 4.34044016007e-11, 7.53550694066e-11, 7.55284029763e-11, 1.17535104913e-11, 3.79786002994e-12, 1.35453566766e-11, 3.38627008378e-11, 1.54400572189e-11, 5.14041309518e-11, 1.477711703e-10, 4.59721455348e-10, 8.16633038969e-10, 4.90364138184e-10, 4.07281847137e-11, 9.1483331327e-12, 5.94994799957e-12, 5.15890542091e-12, 1.16064042058e-11, 2.48089465638e-11]
    },
    "mfcc": {
        "dmean": [17.3098983765, 13.0642118454, 9.52089977264, 8.20866584778, 7.60355710983, 7.71931838989, 7.26290273666, 6.77734136581, 6.80793046951, 6.79074001312, 6.63710069656, 6.51554584503, 6.10190486908],
        "dmean2": [21.4120407104, 17.2364082336, 14.5365829468, 12.5580625534, 12.2720489502, 12.2683982849, 11.5849876404, 11.0681695938, 11.1783304214, 11.0816917419, 10.8971805573, 10.7538976669, 10.1950426102],
        "dvar": [507.365570068, 202.367279053, 85.5144042969, 48.5873069763, 36.3210716248, 41.1018981934, 33.3914909363, 28.6893768311, 28.7136878967, 29.1999015808, 27.0875015259, 25.3587932587, 23.266122818],
        "dvar2": [806.036682129, 293.587249756, 187.714141846, 112.044250488, 94.7031097412, 96.8453140259, 82.6921539307, 72.3895645142, 76.7298202515, 77.8701477051, 75.1381988525, 69.3678283691, 62.8292541504],
        "max": [-542.170715332, 256.334503174, 143.514251709, 120.071533203, 56.9977493286, 72.502204895, 43.3555984497, 45.1661262512, 33.8059082031, 35.3056488037, 31.5275688171, 40.8146209717, 24.4675178528],
        "mean": [-736.59161377, 159.703643799, 64.5691070557, 30.4931411743, 8.10031414032, 6.81375169754, 2.13553094864, 1.56046760082, -6.80391263962, -11.8168373108, -5.94110298157, -1.83265149593, -6.68675708771],
        "median": [-726.920043945, 169.675735474, 64.5995025635, 29.273399353, 8.81829833984, 8.22919654846, 3.31298446655, 1.23338699341, -7.02805519104, -10.6781234741, -5.44955825806, -2.03742599487, -6.44546127319],
        "min": [-1138.42004395, -51.4390716553, -21.6006774902, -45.0030517578, -46.7808685303, -60.6662216187, -51.3602218628, -42.0874481201, -46.7491073608, -61.4459495544, -50.5555648804, -39.730556488, -40.2022628784],
        "var": [6071.43554688, 2608.48583984, 765.000366211, 585.598754883, 241.172103882, 333.785064697, 229.804748535, 167.001754761, 131.916625977, 219.24041748, 167.414474487, 150.196365356, 100.303634644],
        "cov": [[6073.78173828, -601.385498047, -518.796875, -148.562438965, -143.301452637, -266.788909912, -261.403869629, 19.6540622711, -55.7309036255, 91.7539901733, 44.9694786072, -63.0850257874, -175.524398804], [-601.385498047, 2609.49389648, -410.239654541, -302.433319092, 97.5368728638, -253.398529053, 48.6836013794, 125.277046204, -132.789871216, -163.989578247, -42.2069206238, 34.1485595703, -113.707145691], [-518.796875, -410.239654541, 765.295959473, 173.043075562, -62.4974403381, 201.887466431, 35.5150909424, -56.8537254333, 24.5155715942, -85.7194290161, 19.2376613617, -32.4561767578, 69.2012252808], [-148.562438965, -302.433319092, 173.043075562, 585.825012207, 161.577682495, -100.867477417, -48.233745575, 28.027053833, 4.1355676651, -105.628440857, 6.9771528244, -52.2209663391, 62.3121261597], [-143.301452637, 97.5368728638, -62.4974403381, 161.577682495, 241.265289307, -24.7209949493, -19.9932041168, 17.2415409088, 8.13085269928, -19.7340450287, -16.8331623077, 15.5811901093, 0.944320678711], [-266.788909912, -253.398529053, 201.887466431, -100.867477417, -24.7209949493, 333.9140625, 79.4679794312, -22.1864109039, 49.6068344116, 55.6067428589, 45.7620124817, 12.6346139908, 32.0829162598], [-261.403869629, 48.6836013794, 35.5150909424, -48.233745575, -19.9932041168, 79.4679794312, 229.893554688, 52.4061470032, 10.3482131958, 28.5370483398, 17.3527812958, 23.6733341217, 15.4111948013], [19.6540622711, 125.277046204, -56.8537254333, 28.027053833, 17.2415409088, -22.1864109039, 52.4061470032, 167.06628418, 36.647605896, -10.3439474106, 30.912771225, -10.1900405884, -0.747114419937], [-55.7309036255, -132.789871216, 24.5155715942, 4.1355676651, 8.13085269928, 49.6068344116, 10.3482131958, 36.647605896, 131.967605591, 70.0918273926, 18.1083946228, -19.3162117004, 14.2747535706], [91.7539901733, -163.989578247, -85.7194290161, -105.628440857, -19.7340450287, 55.6067428589, 28.5370483398, -10.3439474106, 70.0918273926, 219.325134277, 29.2678432465, 16.7459602356, -7.89147424698], [44.9694786072, -42.2069206238, 19.2376613617, 6.9771528244, -16.8331623077, 45.7620124817, 17.3527812958, 30.912771225, 18.1083946228, 29.2678432465, 167.479171753, -4.24890708923, 18.4860363007], [-63.0850257874, 34.1485595703, -32.4561767578, -52.2209663391, 15.5811901093, 12.6346139908, 23.6733341217, -10.1900405884, -19.3162117004, 16.7459602356, -4.24890708923, 150.25440979, 7.821413517], [-175.524398804, -113.707145691, 69.2012252808, 62.3121261597, 0.944320678711, 32.0829162598, 15.4111948013, -0.747114419937, 14.2747535706, -7.89147424698, 18.4860363007, 7.821413517, 100.342391968]],
        "icov": [[0.000213544917642, 0.000101013836684, 0.000117403644253, 5.68662762817e-05, 9.71401459537e-05, 0.000111318804557, 0.000193820364075, -0.000133798035677, 0.000141034353874, -1.55918678502e-05, -0.000107914398541, 5.40401524631e-05, 0.000298839207971], [0.000101013836684, 0.000650243368, 8.86526977411e-05, 0.000653003109619, -0.000533237704076, 0.000533768499736, -0.00013597063662, -0.000414097885368, 0.000345433072653, 0.000523180060554, -0.000170209052158, 0.000109428889118, 0.000313884345815], [0.000117403644253, 8.86526977411e-05, 0.00242033274844, -0.00108851736877, 0.00127588631585, -0.00155476864893, -0.000160176248755, 0.000848205760121, -0.00063199410215, 0.00120382953901, 2.97145215882e-05, 4.00168100896e-05, 4.62048592453e-06], [5.68662762817e-05, 0.000653003109619, -0.00108851736877, 0.00406126538292, -0.00299038621597, 0.00213797087781, 2.2523534426e-05, -0.000766944431234, 0.000218320215936, 0.00102287961636, -0.00064773048507, 0.0011011302704, -0.00151360000018], [9.71401459537e-05, -0.000533237704076, 0.00127588631585, -0.00299038621597, 0.00678367959335, -0.00162719690707, 0.000575482728891, 0.000189377591596, -0.000910831673536, -0.000101399949926, 0.000821311550681, -0.00138029723894, 0.000990096013993], [0.000111318804557, 0.000533768499736, -0.00155476864893, 0.00213797087781, -0.00162719690707, 0.0056997151114, -0.00132105476223, 0.000454215100035, -0.000864652567543, -0.000219545516302, -0.00125647312962, 0.000176987974555, -0.000733215361834], [0.000193820364075, -0.00013597063662, -0.000160176248755, 2.2523534426e-05, 0.000575482728891, -0.00132105476223, 0.00586014566943, -0.00247453269549, 0.00116687291302, -0.00110818480607, 0.000303429900669, -0.000647184904665, -0.00047865943634], [-0.000133798035677, -0.000414097885368, 0.000848205760121, -0.000766944431234, 0.000189377591596, 0.000454215100035, -0.00247453269549, 0.00878388155252, -0.0037906805519, 0.00177053338848, -0.00154869596008, 0.000131011693156, 0.000440060684923], [0.000141034353874, 0.000345433072653, -0.00063199410215, 0.000218320215936, -0.000910831673536, -0.000864652567543, 0.00116687291302, -0.0037906805519, 0.0119985658675, -0.00420831190422, 0.000455268833321, 0.00173529132735, -0.00124100327957], [-1.55918678502e-05, 0.000523180060554, 0.00120382953901, 0.00102287961636, -0.000101399949926, -0.000219545516302, -0.00110818480607, 0.00177053338848, -0.00420831190422, 0.00778427859768, -0.00122252630536, -0.000673297152389, 0.000843280518893], [-0.000107914398541, -0.000170209052158, 2.97145215882e-05, -0.00064773048507, 0.000821311550681, -0.00125647312962, 0.000303429900669, -0.00154869596008, 0.000455268833321, -0.00122252630536, 0.0069503672421, 9.15584168979e-05, -0.00111254258081], [5.40401524631e-05, 0.000109428889118, 4.00168100896e-05, 0.0011011302704, -0.00138029723894, 0.000176987974555, -0.000647184904665, 0.000131011693156, 0.00173529132735, -0.000673297152389, 9.15584168979e-05, 0.00765459984541, -0.0013494231971], [0.000298839207971, 0.000313884345815, 4.62048592453e-06, -0.00151360000018, 0.000990096013993, -0.000733215361834, -0.00047865943634, 0.000440060684923, -0.00124100327957, 0.000843280518893, -0.00111254258081, -0.0013494231971, 0.012635987252]]
    }
}

}