{
"metadata": {
    "version": {
        "essentia": "2.0.1",
        "extractor": "archive-music 1.0 mod ismir14"
    },
    "audio_properties": {
        "analysis_sample_rate": 44100,
        "bitrate": 32,
        "channels": 2,
        "equal_loudness": 0,
        "length": 30.0408172607,
        "replay_gain": -12.2329673767,
        "downmix": "mix"
    },
    "tags": {
        "track": 6,
        "year": 0,
        "album": "Swing Classics (Jazz & Tzaz 70)",
        "artist": "Benny Carter",
        "comment": "",
        "genre": "Jazz",
        "title": "Babalu"
    }
},
"rhythm": {
    "bpm": 92.5154342651,
    "bpm_histogram_first_peak": 94,
    "bpm_histogram_first_peak_spread": 0.514285683632,
    "bpm_histogram_first_peak_weight": 0.377777785063,
    "bpm_histogram_second_peak": 89,
    "bpm_histogram_second_peak_spread": 0,
    "bpm_histogram_second_peak_weight": 0.20000000298
},
"tonal": {
    "tuning_frequency": {
        "dmean": 0.0619361922145,
        "dmean2": 0.119492717087,
        "dvar": 0.742554247379,
        "dvar2": 1.68759024143,
        "max": 454.990661621,
        "mean": 436.69833374,
        "median": 437.465789795,
        "min": 433.191070557,
        "var": 5.00153923035
    },
    "hpcp": {
        "dmean": [0.145501419902, 0.143342167139, 0.16153986752, 0.19678235054, 0.130327150226, 0.127651125193, 0.150265708566, 0.129498526454, 0.190970897675, 0.147460699081, 0.189830183983, 0.191851601005],
        "dmean2": [0.272804200649, 0.256910413504, 0.305905431509, 0.354426234961, 0.237501382828, 0.234593182802, 0.264550536871, 0.242012694478, 0.341994971037, 0.276181131601, 0.345054745674, 0.343840032816],
        "dvar": [0.0677797496319, 0.0585585199296, 0.0837382897735, 0.0810451060534, 0.0584652721882, 0.058209374547, 0.0569447688758, 0.0621766336262, 0.0748100951314, 0.070715598762, 0.07379642874, 0.075239636004],
        "dvar2": [0.196034565568, 0.162916019559, 0.241383895278, 0.213095977902, 0.158418744802, 0.160687536001, 0.150303468108, 0.17519544065, 0.199748769403, 0.206158638, 0.203247264028, 0.201235130429],
        "max": [1, 1, 1, 1, 1, 1, 1, 1, 1, 1, 1, 1],
        "mean": [0.110696993768, 0.153050407767, 0.120508529246, 0.3961994946, 0.154463723302, 0.111744232476, 0.241276741028, 0.0957454144955, 0.285822629929, 0.106609925628, 0.198449403048, 0.236539170146],
        "median": [0.0100903743878, 0.020994476974, 0.00402241852134, 0.193333178759, 0.0104409921914, 0.0152576640248, 0.0602932423353, 0.00727877719328, 0.0969640314579, 0.00865505635738, 0.0659104436636, 0.0601984523237],
        "min": [0, 0, 0, 0, 0, 0, 0, 0, 0, 0, 0, 0],
        "var": [0.0566617026925, 0.0678971111774, 0.073096178472, 0.172976493835, 0.0889546126127, 0.0549331605434, 0.116643644869, 0.0491732917726, 0.130006432533, 0.0533794052899, 0.0801560655236, 0.108450762928]
    }
},
"lowlevel": {
    "melbands": {
        "dmean": [2.783178752e-05, 0.000122777404613, 0.000138388844789, 0.000257238541963, 0.000309400784317, 0.000345076085068, 0.000265857379418, 0.000342128885677, 0.00024684460368, 0.000159113231348, 0.000116761919344, 9.662615048e-05, 9.3341441243e-05, 7.93216822785e-05, 0.000146964768646, 0.000131243607029, 7.19027375453e-05, 3.7614518078e-05, 3.97753319703e-05, 4.32350498158e-05, 1.5041302504e-05, 2.22705548367e-05, 1.02336789496e-05, 6.99813290339e-06, 8.67916605785e-06, 3.09954657496e-06, 1.83107101748e-06, 2.24771110879e-06, 1.80204244771e-06, 1.70058660842e-06, 8.13687506707e-07, 4.01666198968e-07, 2.69862283631e-07, 1.09091118361e-07, 4.77123620612e-08, 4.28439506095e-08, 1.24159393877e-08, 2.45354181416e-09, 9.24324006224e-10, 5.68167957127e-10],
        "dmean2": [4.31252447015e-05, 0.000199653877644, 0.000241470785113, 0.000465842749691, 0.000563732523005, 0.000590793555602, 0.000416859780671, 0.000483665207867, 0.00034269480966, 0.000219778943574, 0.000179865033715, 0.000147991508129, 0.000143078432302, 0.000122736571939, 0.000223169190576, 0.000207830220461, 0.000108116561023, 5.3259980632e-05, 5.77532482566e-05, 6.45989202894e-05, 2.3292572223e-05, 3.54388103005e-05, 1.66477893799e-05, 1.07762543848e-05, 1.26440208987e-05, 4.62784100819e-06, 2.83483313979e-06, 3.45591411133e-06, 2.73369232673e-06, 2.49569234256e-06, 1.19091589568e-06, 5.94698406076e-07, 3.95722508983e-07, 1.61670087095e-07, 6.74133460166e-08, 6.12480448581e-08, 1.83584347724e-08, 3.75878084213e-09, 1.38529754334e-09, 9.17675657686e-10],
        "dvar": [1.32948474452e-09, 2.40059563339e-08, 4.83261750617e-08, 1.50420120804e-07, 2.09655041772e-07, 2.79812979898e-07, 1.41666816944e-07, 5.16822638019e-07, 2.13655084735e-07, 8.88540085953e-08, 6.86754191292e-08, 5.42551070737e-08, 4.96558989482e-08, 2.92523854029e-08, 8.65836469188e-08, 1.19914290053e-07, 3.6162433048e-08, 8.0936954916e-09, 1.170043884e-08, 1.14128297923e-08, 7.31412819199e-10, 4.03800415327e-09, 5.47804024364e-10, 2.09242970173e-10, 4.5174083918e-10, 6.08593800355e-11, 1.93093787487e-11, 5.23761034543e-11, 2.04474596976e-11, 1.55565109405e-11, 4.51752480909e-12, 1.30487873111e-12, 6.93747305696e-13, 1.42109726222e-13, 1.67256819831e-14, 1.38953857643e-14, 8.85115072107e-16, 5.32511217442e-17, 6.65987430276e-18, 1.88418467291e-18],
        "dvar2": [2.77438672036e-09, 6.02705370056e-08, 1.39507292829e-07, 4.47280342541e-07, 6.57333487197e-07, 8.0545697756e-07, 3.4507371538e-07, 1.11729843866e-06, 4.58739066289e-07, 1.8142833369e-07, 1.69046543874e-07, 1.38603525102e-07, 1.19871387483e-07, 7.85624507671e-08, 2.0004178225e-07, 3.10845081231e-07, 9.1737923924e-08, 1.6458070462e-08, 2.70338240682e-08, 2.44682389905e-08, 1.75300107763e-09, 1.08805933152e-08, 1.54901647065e-09, 5.11388487112e-10, 9.57379620026e-10, 1.33233590827e-10, 4.53011655965e-11, 1.27159074936e-10, 4.84521936461e-11, 3.35349734093e-11, 1.02329993437e-11, 2.86197497992e-12, 1.53906011199e-12, 3.29511564518e-13, 3.36721752911e-14, 3.06933128815e-14, 2.00949905824e-15, 1.22806846865e-16, 1.28219554488e-17, 4.52501047727e-18],
        "max": [0.000474870001199, 0.00225487304851, 0.00448544044048, 0.00885781832039, 0.00598531682044, 0.00780769996345, 0.00592028535903, 0.0174401775002, 0.00813671387732, 0.00523571483791, 0.00485428748652, 0.0045223981142, 0.00532527454197, 0.00376556767151, 0.00579681899399, 0.00549102155492, 0.00433825934306, 0.0023062932305, 0.00200797896832, 0.00247444305569, 0.000508220342454, 0.00149771722499, 0.000414833601099, 0.000311706942739, 0.000366782187484, 0.000199117333977, 8.25083770906e-05, 0.000131051419885, 7.49414757593e-05, 6.39359786874e-05, 4.65733755846e-05, 2.99844523397e-05, 2.06226177397e-05, 8.10097935755e-06, 2.56111502495e-06, 2.54821679846e-06, 4.63444564502e-07, 1.69939340822e-07, 7.65760361787e-08, 2.78141136789e-08],
        "mean": [3.9220914914e-05, 0.000176187444595, 0.000175784691237, 0.000325741246343, 0.000414229347371, 0.000565174093936, 0.000612486910541, 0.00123443908524, 0.00076800014358, 0.000431447930168, 0.000296874437481, 0.000242703434196, 0.000191238941625, 0.000146227321238, 0.00029485928826, 0.000240367851802, 0.000177857786184, 9.22978579183e-05, 7.3230075941e-05, 9.77823510766e-05, 3.10718860419e-05, 4.02739133278e-05, 2.1675195967e-05, 1.67603648151e-05, 2.37650692725e-05, 7.86389227869e-06, 4.01125726057e-06, 4.38369261246e-06, 4.59074453829e-06, 4.90239972351e-06, 2.28479484576e-06, 1.09122356662e-06, 7.05233446752e-07, 2.89750857974e-07, 1.28835694113e-07, 1.1971604863e-07, 3.34443654992e-08, 5.1234216869e-09, 1.94966709444e-09, 1.19437570945e-09],
        "median": [2.0406441763e-05, 0.000104878432467, 9.74697832135e-05, 0.000169430131791, 0.000235460989643, 0.000292995071504, 0.000231098340009, 0.000261438253801, 0.000201556395041, 0.000104272883618, 6.76604395267e-05, 4.30474683526e-05, 4.79437512695e-05, 5.38866661373e-05, 6.16794131929e-05, 4.98888330185e-05, 2.45823957812e-05, 2.13453840843e-05, 1.10635428427e-05, 1.93844134628e-05, 9.95299251372e-06, 9.75439252215e-06, 7.45149873183e-06, 5.74464820602e-06, 4.019208518e-06, 2.05219180316e-06, 1.08597146209e-06, 5.98247197559e-07, 1.02795900148e-06, 8.30338535707e-07, 3.16096816277e-07, 1.56412696128e-07, 5.93574505103e-08, 2.06807939662e-08, 1.14815810193e-08, 1.01555359677e-08, 4.50418413678e-09, 7.07000846756e-10, 3.8541955738e-10, 3.47810058532e-10],
        "min": [1.01284267431e-11, 1.03382146593e-11, 1.00054894925e-11, 7.99712466387e-12, 4.83804099213e-12, 1.6112659167e-12, 3.17415825611e-13, 2.7267421719e-13, 8.74746306748e-14, 5.10689106563e-14, 2.85761106618e-13, 1.93153110693e-13, 4.83799740721e-14, 5.05471857946e-13, 2.54932685205e-12, 1.36613192547e-12, 4.46059340723e-13, 6.29573975418e-13, 1.12233887548e-12, 4.79345426199e-12, 5.47398660688e-13, 9.40643613348e-13, 5.18540234622e-13, 2.74969012403e-13, 1.05547038123e-12, 9.79210636187e-13, 9.6274312307e-13, 1.06118813823e-12, 1.3421476929e-13, 7.5120595508e-13, 5.43829467136e-13, 3.43827071848e-13, 3.47651154555e-14, 3.7121594996e-14, 6.06757753849e-14, 4.60162236007e-14, 5.31120760978e-14, 2.28293912366e-14, 6.6024483515e-14, 3.79795512802e-14],
        "var": [2.66065258714e-09, 4.56784547964e-08, 5.93238738134e-08, 2.0315307836e-07, 2.84647342141e-07, 5.67560391573e-07, 7.41386656955e-07, 4.89411286253e-06, 1.61972911883e-06, 4.86492808704e-07, 2.63917229404e-07, 1.85970776556e-07, 1.4155003214e-07, 7.4378426973e-08, 3.15116949423e-07, 3.16084282304e-07, 1.52874918058e-07, 4.42864340755e-08, 3.0191351641e-08, 5.3882747153e-08, 2.69230904237e-09, 8.1796267537e-09, 1.4043373131e-09, 8.20404189028e-10, 2.20199480871e-09, 3.38020667012e-10, 6.58736468151e-11, 1.47746356816e-10, 8.11678987911e-11, 8.4224398289e-11, 2.37316607338e-11, 7.27336333523e-12, 4.22895095678e-12, 7.52642360328e-13, 1.10437280523e-13, 8.80394932304e-14, 4.49489129592e-15, 1.75856361532e-16, 2.29909408411e-17, 5.77870402522e-18]
    },
    "mfcc": {
        "dmean": [16.2069015503, 9.88496780396, 9.63244915009, 7.96005249023, 7.70848274231, 6.90367650986, 6.73523521423, 6.81951618195, 6.70980167389, 6.63399982452, 6.38539886475, 6.26254987717, 6.22782039642],
        "dmean2": [17.813205719, 14.6815156937, 13.9847812653, 12.4931211472, 11.4974870682, 10.9829778671, 10.7677288055, 11.1714715958, 11.1112613678, 11.0213012695, 10.6511631012, 10.3963775635, 10.3011693954],
        "dvar": [512.95526123, 93.760635376, 91.1920013428, 41.9458274841, 40.5515556335, 32.0186691284, 28.4153003693, 29.1435432434, 28.9186000824, 26.2280445099, 24.2405109406, 22.980714798, 22.1886730194],
        "dvar2": [507.729034424, 161.885757446, 139.152801514, 100.819572449, 84.8822631836, 80.3309860229, 71.8925628662, 78.7985992432, 81.2894363403, 71.5676422119, 68.0704498291, 64.2924575806, 63.3828277588],
        "max": [-525.967712402, 254.127990723, 80.4072875977, 85.9803161621, 45.416431427, 52.1047286987, 31.3337020874, 31.6639881134, 30.6119728088, 26.4702777863, 29.3183097839, 39.449672699, 31.6792869568],
        "mean": [-713.062316895, 184.451034546, -49.9342498779, 21.9969177246, -21.9166202545, 1.53190290928, -14.700553894, -6.98017978668, -6.37166500092, -4.09285831451, -0.351967394352, 4.3460226059, -6.71297979355],
        "median": [-675.476745605, 191.561950684, -65.3724822998, 20.8025131226, -23.9429168701, 1.09264373779, -15.4198074341, -6.81256866455, -6.82985115051, -3.69586181641, -0.0250129699707, 2.83586120605, -6.70536804199],
        "min": [-1138.42004395, 1.14440917969e-05, -125.395965576, -34.8143386841, -75.8057785034, -36.08070755, -63.6262283325, -37.1801757812, -38.4161148071, -38.8563766479, -37.0176315308, -25.05909729, -34.4058570862],
        "var": [12877.1142578, 1119.7800293, 1725.27307129, 344.45715332, 515.502807617, 165.577285767, 200.148864746, 94.128326416, 99.8439941406, 95.5476150513, 82.8526687622, 127.63217926, 68.3276519775],
        "cov": [[12882.0898438, -531.097351074, -4301.57763672, 240.567718506, -2017.87573242, 78.5888442993, -1097.32019043, 62.7901077271, -410.917541504, -2.89579939842, -124.833641052, 440.521453857, -270.496887207], [-531.097351074, 1120.21276855, 169.493835449, -273.189056396, 64.1782836914, -227.090927124, 87.8896102905, -72.5449371338, 55.6136016846, -120.682342529, 5.98197746277, 5.01978445053, 16.1005687714], [-4301.57763672, 169.493835449, 1725.93969727, -22.8959445953, 704.756652832, 37.9021034241, 362.159484863, 21.7477359772, 136.169265747, 32.2392997742, 30.7383499146, -159.409378052, 86.1064376831], [240.567718506, -273.189056396, -22.8959445953, 344.590240479, 66.8320159912, 100.056785583, -20.6184463501, 3.49819922447, -25.9232578278, 14.6882381439, -16.5424079895, -46.8914833069, -13.9109153748], [-2017.87573242, 64.1782836914, 704.756652832, 66.8320159912, 515.701965332, 54.8282585144, 193.903091431, 3.52354001999, 33.5451622009, 10.6585597992, 11.8901529312, -111.171134949, 34.6318511963], [78.5888442993, -227.090927124, 37.9021034241, 100.056785583, 54.8282585144, 165.641265869, 33.2529449463, 41.0866622925, -8.63903141022, 31.9937820435, 4.60693788528, -20.2947978973, 0.376350671053], [-1097.32019043, 87.8896102905, 362.159484863, -20.6184463501, 193.903091431, 33.2529449463, 200.226196289, 28.9444942474, 45.7614898682, -2.6453576088, 7.1820640564, -38.8972511292, 25.0930156708], [62.7901077271, -72.5449371338, 21.7477359772, 3.49819922447, 3.52354001999, 41.0866622925, 28.9444942474, 94.1646957397, 23.1223068237, 29.1487674713, 8.61414432526, 11.5326299667, 7.10897350311], [-410.917541504, 55.6136016846, 136.169265747, -25.9232578278, 33.5451622009, -8.63903141022, 45.7614898682, 23.1223068237, 99.8825683594, 26.7396125793, 23.8267612457, 8.59799194336, 15.3300962448], [-2.89579939842, -120.682342529, 32.2392997742, 14.6882381439, 10.6585597992, 31.9937820435, -2.6453576088, 29.1487674713, 26.7396125793, 95.5845336914, 36.7494659424, 14.1360807419, 4.27101230621], [-124.833641052, 5.98197746277, 30.7383499146, -16.5424079895, 11.8901529312, 4.60693788528, 7.1820640564, 8.61414432526, 23.8267612457, 36.7494659424, 82.8846817017, 37.392074585, 12.0713281631], [440.521453857, 5.01978445053, -159.409378052, -46.8914833069, -111.171134949, -20.2947978973, -38.8972511292, 11.5326299667, 8.59799194336, 14.1360807419, 37.392074585, 127.681495667, 7.40271043777], [-270.496887207, 16.1005687714, 86.1064376831, -13.9109153748, 34.6318511963, 0.376350671053, 25.0930156708, 7.10897350311, 15.3300962448, 4.27101230621, 12.0713281631, 7.40271043777, 68.3540496826]],
        "icov": [[0.00139396858867, -0.00107031106018, 0.00218775356188, -0.000999214244075, 0.00181188236456, -0.00230937381275, 0.00224833120592, -0.00199984945357, 0.00173423695378, -0.00163520209026, 0.00149179215077, -0.000746813428123, 0.000817147723865], [-0.00107031106018, 0.00257083214819, -0.0015279968502, 0.00156076392159, -0.00180272944272, 0.00344684976153, -0.00237610866316, 0.00197827839293, -0.00218882109039, 0.00310741760768, -0.00184747669846, 0.000705753918737, -0.000491131038871], [0.00218775356188, -0.0015279968502, 0.00509555637836, -0.00118768366519, 0.00105907069519, -0.00325947348028, 0.00256505608559, -0.00289854826406, 0.0015841916902, -0.00275014946237, 0.00234284787439, -0.000642355473246, 0.000670392240863], [-0.000999214244075, 0.00156076392159, -0.00118768366519, 0.00512818340212, -0.00253139506094, -9.2318159659e-06, -0.000564041431062, 0.00201230193488, -0.00176065089181, 0.00183383806143, -0.000859924941324, 0.00140772853047, -0.000221963346121], [0.00181188236456, -0.00180272944272, 0.00105907069519, -0.00253139506094, 0.00827184226364, -0.00355183891952, 0.000581199710723, -0.00199619680643, 0.00386883947067, -0.00283743161708, 0.00072532746708, 0.00101126823574, 0.00064031756483], [-0.00230937381275, 0.00344684976153, -0.00325947348028, -9.2318159659e-06, -0.00355183891952, 0.0148422727361, -0.00634240079671, 0.000439895433374, -0.00136813416611, 0.00200962554663, -0.00356723810546, 0.00204122136347, -0.00125605706125], [0.00224833120592, -0.00237610866316, 0.00256505608559, -0.000564041431062, 0.000581199710723, -0.00634240079671, 0.0145187880844, -0.00572626711801, 0.000350796472048, -0.000467867066618, 0.00254781963304, -0.000990178668872, 0.000724912912119], [-0.00199984945357, 0.00197827839293, -0.00289854826406, 0.00201230193488, -0.00199619680643, 0.000439895433374, -0.00572626711801, 0.0173139497638, -0.00494730519131, -0.00048587252968, -0.000674479699228, -0.000350532296579, -0.00171170430258], [0.00173423695378, -0.00218882109039, 0.0015841916902, -0.00176065089181, 0.00386883947067, -0.00136813416611, 0.000350796472048, -0.00494730519131, 0.0169798675925, -0.0060803075321, 0.000270867312793, -0.00141867157072, 0.000135200112709], [-0.00163520209026, 0.00310741760768, -0.00275014946237, 0.00183383806143, -0.00283743161708, 0.00200962554663, -0.000467867066618, -0.00048587252968, -0.0060803075321, 0.0194922611117, -0.00832221005112, 0.0012117853621, -0.00023230885563], [0.00149179215077, -0.00184747669846, 0.00234284787439, -0.000859924941324, 0.00072532746708, -0.00356723810546, 0.00254781963304, -0.000674479699228, 0.000270867312793, -0.00832221005112, 0.0199348833412, -0.00647742021829, -0.00036045833258], [-0.000746813428123, 0.000705753918737, -0.000642355473246, 0.00140772853047, 0.00101126823574, 0.00204122136347, -0.000990178668872, -0.000350532296579, -0.00141867157072, 0.0012117853621, -0.00647742021829, 0.0130151286721, -0.00217273388989], [0.000817147723865, -0.000491131038871, 0.000670392240863, -0.000221963346121, 0.00064031756483, -0.00125605706125, 0.000724912912119, -0.00171170430258, 0.000135200112709, -0.00023230885563, -0.00036045833258, -0.00217273388989, 0.0169669687748]]
    }
}

}