{
"metadata": {
    "version": {
        "essentia": "2.0.1",
        "extractor": "archive-music 1.0 mod ismir14"
    },
    "audio_properties": {
        "analysis_sample_rate": 44100,
        "bitrate": 64,
        "channels": 2,
        "equal_loudness": 0,
        "length": 30.0669155121,
        "replay_gain": -8.42583656311,
        "downmix": "mix"
    },
    "tags": {
        "track": 7,
        "year": 0,
        "album": "The Cool Jazz Collection",
        "artist": "Astrud Gilberto",
        "comment": "",
        "genre": "Jazz",
        "title": "Girl From Ipanema"
    }
},
"rhythm": {
    "bpm": 130.002792358,
    "bpm_histogram_first_peak": 129,
    "bpm_histogram_first_peak_spread": 0.490909099579,
    "bpm_histogram_first_peak_weight": 0.444444447756,
    "bpm_histogram_second_peak": 136,
    "bpm_histogram_second_peak_spread": 0.199999988079,
    "bpm_histogram_second_peak_weight": 0.0634920671582
},
"tonal": {
    "tuning_frequency": {
        "dmean": 0.100303784013,
        "dmean2": 0.191805139184,
        "dvar": 1.38688075542,
        "dvar2": 3.08234357834,
        "max": 455.779724121,
        "mean": 436.050170898,
        "median": 434.193115234,
        "min": 431.193908691,
        "var": 20.1607666016
    },
    "hpcp": {
        "dmean": [0.114042796195, 0.122739717364, 0.167118683457, 0.176928192377, 0.147822618484, 0.122890107334, 0.146928369999, 0.158975213766, 0.235519587994, 0.138687446713, 0.119973987341, 0.105174921453],
        "dmean2": [0.220527872443, 0.235841631889, 0.322667002678, 0.335591524839, 0.285971850157, 0.236880525947, 0.281554996967, 0.308523744345, 0.451544910669, 0.271967411041, 0.228827893734, 0.202209830284],
        "dvar": [0.0776269212365, 0.0796861872077, 0.109276920557, 0.104153156281, 0.0958484336734, 0.080544963479, 0.0915082097054, 0.104464806616, 0.137136727571, 0.0987749099731, 0.074758566916, 0.0733406171203],
        "dvar2": [0.22130972147, 0.223316162825, 0.305591225624, 0.291128546, 0.273253440857, 0.230602771044, 0.264036148787, 0.301641225815, 0.384434193373, 0.280733555555, 0.207339942455, 0.207522273064],
        "max": [1, 1, 1, 1, 1, 1, 1, 1, 1, 1, 1, 1],
        "mean": [0.0697797164321, 0.113997302949, 0.118516117334, 0.202331990004, 0.110040485859, 0.095524713397, 0.133744582534, 0.115608245134, 0.203524425626, 0.0905144289136, 0.0947964265943, 0.0835460647941],
        "median": [0.000403591897339, 0.00181852013338, 0.000821468362119, 0.00331653491594, 0.00111031811684, 0.00108010298572, 0.00163321953733, 0.00104391411878, 0.00539769185707, 0.000360123638529, 0.00185544625856, 0.000619733182248],
        "min": [0, 0, 0, 0, 0, 0, 0, 0, 0, 0, 0, 0],
        "var": [0.0500114560127, 0.0804942548275, 0.0866990983486, 0.1317627877, 0.0772785320878, 0.0691601336002, 0.0927492529154, 0.0831250622869, 0.133207559586, 0.0703081712127, 0.0616691298783, 0.0628546327353]
    }
},
"lowlevel": {
    "melbands": {
        "dmean": [0.000784194446169, 0.0034369181376, 0.00356398080476, 0.00184323743451, 0.00099184946157, 0.00036649077083, 0.000129780106363, 0.000119507669297, 5.09874007548e-05, 2.70587861451e-05, 2.79777814285e-05, 2.74461617664e-05, 8.54226800584e-06, 6.32345108897e-06, 8.3049544628e-06, 4.79062964587e-06, 3.75581385015e-06, 1.70076020822e-06, 1.67813607277e-06, 1.63128879649e-06, 1.1019262729e-06, 1.37073914175e-06, 1.52496522787e-06, 1.66104587151e-06, 6.41139422441e-07, 4.25041008612e-07, 6.0516265421e-07, 9.10787207431e-07, 7.10021652139e-07, 9.49797538397e-07, 1.52277334564e-06, 2.21129812417e-06, 3.08878270516e-06, 1.68431722614e-06, 7.14967541171e-07, 3.35382878802e-07, 2.15269892578e-07, 8.85221851377e-08, 2.66734101473e-08, 2.46775400115e-09],
        "dmean2": [0.00132191122975, 0.00593338534236, 0.00616560038179, 0.00311669637449, 0.00164370390121, 0.000617849233095, 0.000192931242054, 0.000168923288584, 6.95027483744e-05, 3.62655555364e-05, 3.74408518837e-05, 3.53537288902e-05, 1.21341190606e-05, 9.52343725658e-06, 1.15693055704e-05, 7.28101076675e-06, 5.27366819369e-06, 2.57410033555e-06, 2.32166007663e-06, 2.42738906309e-06, 1.66308370808e-06, 2.04153525374e-06, 2.24819700634e-06, 2.51323376688e-06, 9.84725375019e-07, 6.47662659503e-07, 9.08537003852e-07, 1.40471036048e-06, 1.04797959466e-06, 1.40539759741e-06, 2.30586374528e-06, 3.59266323358e-06, 5.04389390699e-06, 2.51544247476e-06, 1.06154664081e-06, 4.91258788315e-07, 3.11657970542e-07, 1.35466706297e-07, 3.97405024444e-08, 3.90030407971e-09],
        "dvar": [2.33794321503e-06, 3.02342050418e-05, 3.68613764294e-05, 9.34278705245e-06, 2.59855028162e-06, 3.82969005841e-07, 1.41473961435e-07, 1.34987104161e-07, 1.7996654833e-08, 9.72082325745e-09, 7.04301594823e-09, 1.75225931542e-08, 6.88732126886e-10, 3.18042286951e-10, 8.17800327457e-10, 5.38476152556e-10, 5.36689748198e-10, 4.8923785162e-11, 7.99004057361e-11, 7.84591280834e-11, 1.8777819577e-11, 1.74977272255e-11, 2.22142703538e-11, 6.43576650305e-11, 8.87719411868e-12, 1.8873455316e-12, 4.4559148038e-12, 1.88991166467e-11, 8.8369086354e-12, 2.59340222908e-11, 6.64993823896e-11, 1.5007492471e-10, 5.73650738023e-10, 1.12044130918e-10, 1.06958226997e-11, 1.23524964129e-12, 5.59592248841e-13, 1.29644979105e-13, 1.75502414522e-14, 2.88556093633e-16],
        "dvar2": [6.0027159634e-06, 9.11607203307e-05, 0.000119110613014, 2.57714164036e-05, 7.0661862992e-06, 1.06940171918e-06, 2.2789852494e-07, 1.97858142315e-07, 2.81648837586e-08, 1.28580053271e-08, 1.23047767531e-08, 1.76865331269e-08, 1.36919731109e-09, 6.5477079314e-10, 1.39611577854e-09, 1.13047737837e-09, 8.4507745246e-10, 9.91859788746e-11, 1.1962397739e-10, 1.65030808463e-10, 4.06865895142e-11, 3.66677938013e-11, 4.40046783734e-11, 1.78172004928e-10, 2.27525932123e-11, 4.72514085151e-12, 9.29523905763e-12, 4.58323379249e-11, 2.06227725869e-11, 5.35915270494e-11, 1.63294586186e-10, 3.38837735647e-10, 1.55274459956e-09, 2.04614769572e-10, 2.59578244316e-11, 2.50387210965e-12, 1.20350290064e-12, 3.33847804002e-13, 4.46715283037e-14, 7.5068226129e-16],
        "max": [0.0343574285507, 0.0791945829988, 0.0595539063215, 0.0804928690195, 0.0257535539567, 0.0105821937323, 0.00945373252034, 0.00840013287961, 0.00364257744513, 0.00450223032385, 0.00234891660511, 0.00982978567481, 0.00095154583687, 0.000648070126772, 0.00168043177109, 0.000799907371402, 0.00113727303687, 0.000253572681686, 0.000395416951505, 0.000271329103271, 0.000140814328915, 7.51903789933e-05, 0.000103574959212, 0.000219400943024, 0.000123352016089, 3.36602388415e-05, 6.58331409795e-05, 0.000185339973541, 0.000101970821561, 0.00018057973648, 0.000202813549549, 0.000322123727528, 0.000838142586872, 0.00049363571452, 9.64752180153e-05, 2.9343085771e-05, 1.6041809431e-05, 1.05416902443e-05, 4.0015875129e-06, 6.72902444876e-07],
        "mean": [0.0015175845474, 0.0061355130747, 0.00743239140138, 0.00365850515664, 0.00226973043755, 0.000809895747807, 0.000302815547911, 0.000299721199553, 0.000140869786264, 8.7206637545e-05, 8.54760655784e-05, 8.61402077135e-05, 2.25376734306e-05, 1.28113642859e-05, 1.99334626814e-05, 1.17843128464e-05, 8.27063740871e-06, 3.46191518474e-06, 3.36370521836e-06, 3.23999574903e-06, 1.81078758033e-06, 2.69663951258e-06, 3.17781314152e-06, 2.60797628471e-06, 1.12203383651e-06, 7.80035122716e-07, 1.08768722384e-06, 1.45249248362e-06, 1.21362677419e-06, 1.50571395352e-06, 2.59945704784e-06, 4.28870635005e-06, 4.71921111966e-06, 3.19174159813e-06, 1.46898150888e-06, 7.71385430198e-07, 4.52138010587e-07, 1.68327574102e-07, 5.05956272434e-08, 4.02555988543e-09],
        "median": [0.000346564338543, 0.00289924372919, 0.0031478209421, 0.00192421267275, 0.000759750721045, 0.000286636553938, 8.92935349839e-05, 5.13049235451e-05, 1.94095300685e-05, 6.78842570778e-06, 7.90224839875e-06, 7.82996812632e-06, 3.30244006364e-06, 3.44939462593e-06, 2.70924965662e-06, 1.08301276214e-06, 7.31458897008e-07, 4.75763016539e-07, 2.52362923447e-07, 2.24492495704e-07, 2.31315013366e-07, 3.83649137348e-07, 3.88466219192e-07, 2.41304661586e-07, 1.51430938899e-07, 1.27060616251e-07, 1.67960592989e-07, 1.8582103678e-07, 1.1198393679e-07, 1.33766505428e-07, 1.32449599732e-07, 8.3606174428e-08, 1.16017645269e-07, 8.86323050509e-08, 7.89471386042e-08, 6.50090328236e-08, 4.07388931478e-08, 1.01452117818e-08, 1.33961453042e-09, 4.75363741426e-11],
        "min": [3.29157202249e-24, 3.84156801497e-24, 8.74246972944e-24, 1.91667577767e-23, 1.00694197579e-23, 4.40854916883e-24, 2.69840348704e-23, 2.22309096804e-23, 8.57702824267e-24, 1.19006846187e-23, 1.87650698037e-23, 8.55785497837e-24, 2.36564586445e-23, 3.4459627907e-23, 1.71003918557e-23, 6.159732026e-23, 1.56930561122e-23, 1.43628504548e-23, 4.86340731341e-23, 3.10933406989e-23, 9.62411093231e-24, 1.25502831751e-23, 4.05663263921e-23, 2.09507335816e-23, 1.19672518573e-23, 7.35634724452e-24, 7.42051950144e-24, 2.72230060821e-23, 3.22497508325e-23, 3.84645421942e-23, 3.02868597965e-23, 1.42591010463e-23, 1.17784111784e-23, 9.2450380238e-24, 2.26838215474e-23, 2.98097914309e-23, 1.98188191569e-23, 2.11657234219e-23, 2.60994977591e-23, 3.35013796328e-23],
        "var": [1.27502680698e-05, 5.70642987441e-05, 8.98227299331e-05, 3.05742469209e-05, 1.20447739391e-05, 1.70871521732e-06, 7.4390032978e-07, 7.21943820281e-07, 1.3904227103e-07, 1.01768726779e-07, 5.46156506687e-08, 2.56735575022e-07, 5.35480415564e-09, 1.07612752043e-09, 7.07629155272e-09, 2.22558083074e-09, 1.90463045335e-09, 1.16509302206e-10, 2.98483932015e-10, 2.76074829664e-10, 3.83666848291e-11, 4.49059678331e-11, 7.84281736776e-11, 9.50216710871e-11, 1.54149731174e-11, 4.88898851958e-12, 1.39656992568e-11, 4.94745182322e-11, 2.00297452235e-11, 5.82522780013e-11, 1.70968225688e-10, 5.00018249028e-10, 7.9863921032e-10, 4.12841538733e-10, 4.18522855261e-11, 6.11360094493e-12, 2.26870714055e-12, 4.35535613651e-13, 6.3466281384e-14, 6.98746594948e-16]
    },
    "mfcc": {
        "dmean": [15.9386615753, 11.8769245148, 9.49551773071, 8.23481178284, 7.81864452362, 7.78556632996, 7.42242908478, 7.05828762054, 6.89747667313, 6.94186830521, 6.74793815613, 6.57759475708, 6.13951826096],
        "dmean2": [19.1054725647, 15.4335956573, 14.2482509613, 12.402340889, 12.3009405136, 12.0909585953, 11.7067584991, 11.347120285, 11.2842340469, 11.1370744705, 11.0442771912, 10.6212654114, 9.97792339325],
        "dvar": [386.072235107, 154.621627808, 84.7053756714, 48.279094696, 40.2183837891, 43.4056167603, 34.628616333, 30.7261734009, 29.9139728546, 29.8035831451, 28.1408576965, 26.4933509827, 23.3266735077],
        "dvar2": [588.933654785, 206.289825439, 187.444580078, 105.747467041, 95.9757156372, 96.5606460571, 80.2196578979, 80.4592132568, 78.0616989136, 77.5193328857, 75.9914627075, 70.3696517944, 61.8384933472],
        "max": [-572.129821777, 266.527709961, 144.708694458, 141.701141357, 47.7528877258, 105.929168701, 36.5885848999, 55.4056396484, 23.6436347961, 58.9380645752, 24.3386192322, 55.9309997559, 22.1828384399],
        "mean": [-748.055114746, 176.707504272, 45.7051620483, 47.7618789673, -7.02506494522, 20.6885795593, -10.2562904358, 12.1698694229, -16.0698947906, -3.64657902718, -12.8840837479, 3.71979737282, -10.7675046921],
        "median": [-738.601867676, 187.697875977, 46.7371330261, 46.6118164062, -6.28437423706, 21.0063762665, -9.371509552, 12.0118999481, -16.0356349945, -2.7345199585, -11.8754024506, 2.95179367065, -10.0648422241],
        "min": [-1138.42004395, -34.4453811646, -42.5472335815, -40.6093215942, -105.114624023, -49.5304908752, -70.3946533203, -38.5023422241, -56.7799568176, -53.7468566895, -67.9243164062, -38.546749115, -68.1007843018],
        "var": [5461.88818359, 2425.78466797, 829.080871582, 633.586853027, 298.051971436, 368.796569824, 274.541748047, 181.124862671, 149.973083496, 255.588775635, 206.650924683, 176.286361694, 127.864097595],
        "cov": [[5463.99707031, -111.092170715, -727.113647461, 105.592521667, -374.003601074, -16.618730545, -488.337463379, 277.543945312, -286.323516846, 305.80355835, -153.774307251, 119.834037781, -318.583465576], [-111.092170715, 2426.72119141, -384.561279297, -394.62979126, 198.342102051, -373.752563477, 117.411567688, 29.1813640594, -41.111038208, -232.882919312, 4.31779098511, -13.9188747406, -60.8902702332], [-727.113647461, -384.561279297, 829.400939941, 158.966201782, -74.0092468262, 228.824783325, 46.0086326599, -64.5166091919, 30.6481151581, -99.0845031738, 50.0178718567, -45.4027557373, 70.8687744141], [105.592521667, -394.62979126, 158.966201782, 633.831481934, 113.830635071, -69.2210540771, -82.2863464355, 43.4251861572, -16.5735549927, -94.2303085327, 5.5497918129, -56.8116264343, 52.5632591248], [-374.003601074, 198.342102051, -74.0092468262, 113.830635071, 298.167022705, -67.649810791, 19.9968395233, 1.68616688251, 33.0781593323, -47.6152038574, -5.83966112137, 11.2737922668, 10.1261739731], [-16.618730545, -373.752563477, 228.824783325, -69.2210540771, -67.649810791, 368.938934326, 48.6812477112, -17.2470970154, 40.6290206909, 69.9092559814, 46.7254753113, 8.92337417603, 27.567615509], [-488.337463379, 117.411567688, 46.0086326599, -82.2863464355, 19.9968395233, 48.6812477112, 274.647766113, 27.898015976, 33.6229705811, 0.794702172279, 38.9147262573, 8.73521614075, 33.7704467773], [277.543945312, 29.1813640594, -64.5166091919, 43.4251861572, 1.68616688251, -17.2470970154, 27.898015976, 181.194793701, 26.7300128937, 5.46118116379, 23.6174945831, -13.1694393158, -8.08179092407], [-286.323516846, -41.111038208, 30.6481151581, -16.5735549927, 33.0781593323, 40.6290206909, 33.6229705811, 26.7300128937, 150.030990601, 43.095085144, 34.3212165833, -26.7993545532, 28.9913635254], [305.80355835, -232.882919312, -99.0845031738, -94.2303085327, -47.6152038574, 69.9092559814, 0.794702172279, 5.46118116379, 43.095085144, 255.687454224, -4.94101858139, 42.0210037231, -30.5997257233], [-153.774307251, 4.31779098511, 50.0178718567, 5.5497918129, -5.83966112137, 46.7254753113, 38.9147262573, 23.6174945831, 34.3212165833, -4.94101858139, 206.730712891, -37.623134613, 46.6940765381], [119.834037781, -13.9188747406, -45.4027557373, -56.8116264343, 11.2737922668, 8.92337417603, 8.73521614075, -13.1694393158, -26.7993545532, 42.0210037231, -37.623134613, 176.354431152, -14.6006965637], [-318.583465576, -60.8902702332, 70.8687744141, 52.5632591248, 10.1261739731, 27.567615509, 33.7704467773, -8.08179092407, 28.9913635254, -30.5997257233, 46.6940765381, -14.6006965637, 127.913467407]],
        "icov": [[0.000487021490699, -0.000164470315212, 0.000389765278669, -0.000438835209934, 0.000663622864522, -0.000506953278091, 0.000693641777616, -0.000720384414308, 0.000686202605721, -0.000474813015899, 6.74703915138e-05, -0.000207575212698, 0.000609720067587], [-0.000164470315212, 0.000825877010357, -5.86575661146e-05, 0.000863114080857, -0.000744771794416, 0.00082366069546, -0.000442062417278, 7.70145852584e-05, -0.000116763774713, 0.000861210923176, -0.000202464842005, 0.000206858996535, -5.64607671549e-06], [0.000389765278669, -5.86575661146e-05, 0.00234764674678, -0.00104050978553, 0.00125578639563, -0.00163395772688, 0.000136343544, 0.000319227343425, -0.000139327676152, 0.000789279001765, -7.20914204067e-06, -0.000149118030095, 0.000512634171173], [-0.000438835209934, 0.000863114080857, -0.00104050978553, 0.00342205446213, -0.00220137112774, 0.00157947069965, 0.000111080138595, -0.000564658897929, 0.000305920490064, 0.000966470921412, -0.000100034063507, 0.000889352639206, -0.00144308235031], [0.000663622864522, -0.000744771794416, 0.00125578639563, -0.00220137112774, 0.00574479810894, -0.00089277542429, 0.000363029452274, -3.37129640684e-05, -0.0010575101478, 4.62057032564e-05, 0.000248627242399, -0.00126053800341, 0.00116289744619], [-0.000506953278091, 0.00082366069546, -0.00163395772688, 0.00157947069965, -0.00089277542429, 0.00514056906104, -0.0010901261121, 0.000541116576642, -0.000839854939841, -0.000273798592389, -0.000725024496205, 9.5017523563e-05, -0.000929167959839], [0.000693641777616, -0.000442062417278, 0.000136343544, 0.000111080138595, 0.000363029452274, -0.0010901261121, 0.00544343842193, -0.00203341408633, 0.000793405051809, -0.000827324052807, -0.000231094250921, -0.000583232962526, -0.00032336928416], [-0.000720384414308, 7.70145852584e-05, 0.000319227343425, -0.000564658897929, -3.37129640684e-05, 0.000541116576642, -0.00203341408633, 0.00772606721148, -0.00265841977671, 0.000965194019955, -0.000789796875324, 0.000275817612419, 0.000361882441211], [0.000686202605721, -0.000116763774713, -0.000139327676152, 0.000305920490064, -0.0010575101478, -0.000839854939841, 0.000793405051809, -0.00265841977671, 0.0101802358404, -0.00289811217226, -0.000357937882654, 0.00152098457329, -0.00120409228839], [-0.000474813015899, 0.000861210923176, 0.000789279001765, 0.000966470921412, 4.62057032564e-05, -0.000273798592389, -0.000827324052807, 0.000965194019955, -0.00289811217226, 0.00675397878513, -0.000237063824898, -0.000990563654341, 0.000973721209448], [6.74703915138e-05, -0.000202464842005, -7.20914204067e-06, -0.000100034063507, 0.000248627242399, -0.000725024496205, -0.000231094250921, -0.000789796875324, -0.000357937882654, -0.000237063824898, 0.00582212675363, 0.000978731550276, -0.0017247524811], [-0.000207575212698, 0.000206858996535, -0.000149118030095, 0.000889352639206, -0.00126053800341, 9.5017523563e-05, -0.000583232962526, 0.000275817612419, 0.00152098457329, -0.000990563654341, 0.000978731550276, 0.00682656932622, -0.000610399525613], [0.000609720067587, -5.64607671549e-06, 0.000512634171173, -0.00144308235031, 0.00116289744619, -0.000929167959839, -0.00032336928416, 0.000361882441211, -0.00120409228839, 0.000973721209448, -0.0017247524811, -0.000610399525613, 0.010924869217]]
    }
}

}