{
"metadata": {
    "version": {
        "essentia": "2.0.1",
        "extractor": "archive-music 1.0 mod ismir14"
    },
    "audio_properties": {
        "analysis_sample_rate": 44100,
        "bitrate": 64,
        "channels": 2,
        "equal_loudness": 0,
        "length": 30.0669155121,
        "replay_gain": -11.7818088531,
        "downmix": "mix"
    },
    "tags": {
        "track": 6,
        "year": 0,
        "album": "Swing Classics (Jazz & Tzaz 70)",
        "artist": "Benny Carter",
        "comment": "",
        "genre": "Jazz",
        "title": "Babalu"
    }
},
"rhythm": {
    "bpm": 92.63256073,
    "bpm_histogram_first_peak": 94,
    "bpm_histogram_first_peak_spread": 0.540540575981,
    "bpm_histogram_first_peak_weight": 0.377777785063,
    "bpm_histogram_second_peak": 89,
    "bpm_histogram_second_peak_spread": 0,
    "bpm_histogram_second_peak_weight": 0.155555561185
},
"tonal": {
    "tuning_frequency": {
        "dmean": 0.0565061829984,
        "dmean2": 0.1110881567,
        "dvar": 0.590644478798,
        "dvar2": 1.52069664001,
        "max": 455.516601562,
        "mean": 437.434814453,
        "median": 436.456176758,
        "min": 431.193908691,
        "var": 3.72266221046
    },
    "hpcp": {
        "dmean": [0.14694494009, 0.142672389746, 0.150801181793, 0.202597931027, 0.15187305212, 0.121791161597, 0.147868007421, 0.121088474989, 0.197566434741, 0.137023597956, 0.185235872865, 0.192056357861],
        "dmean2": [0.272522777319, 0.260103464127, 0.283768087626, 0.36710986495, 0.280782669783, 0.225679442286, 0.256875157356, 0.225480929017, 0.358410894871, 0.256862431765, 0.33577850461, 0.347669899464],
        "dvar": [0.0672479718924, 0.0584441125393, 0.0803066268563, 0.0833424404263, 0.0705470964313, 0.0566809885204, 0.0528203248978, 0.0533636398613, 0.0736106112599, 0.0647626817226, 0.0732463151217, 0.0737539604306],
        "dvar2": [0.188579216599, 0.158409878612, 0.231083512306, 0.225600764155, 0.191840469837, 0.162645354867, 0.140151306987, 0.144705861807, 0.196503296494, 0.184602573514, 0.196839302778, 0.197396740317],
        "max": [1, 1, 1, 1, 1, 1, 1, 1, 1, 1, 1, 1],
        "mean": [0.11322003603, 0.148608058691, 0.107979245484, 0.399067401886, 0.172633334994, 0.10079780221, 0.233162820339, 0.0993587225676, 0.288446068764, 0.101459749043, 0.193477854133, 0.229942217469],
        "median": [0.0130484681576, 0.0206120982766, 0.00405789585784, 0.194250509143, 0.0140550183132, 0.0114624854177, 0.0626844763756, 0.00839511491358, 0.100774399936, 0.0093109253794, 0.0620420612395, 0.0627847388387],
        "min": [0, 0, 0, 0, 0, 0, 0, 0, 0, 0, 0, 0],
        "var": [0.0559413470328, 0.0674178600311, 0.0634339079261, 0.173341155052, 0.0995429232717, 0.0491100102663, 0.109886944294, 0.0495403930545, 0.129535347223, 0.0491700358689, 0.0810829922557, 0.104204148054]
    }
},
"lowlevel": {
    "melbands": {
        "dmean": [2.81737902696e-05, 0.000123957011965, 0.000138333649375, 0.00026701882598, 0.00031765375752, 0.000346050685039, 0.000269057782134, 0.000354544055881, 0.000257228064584, 0.000158880458912, 0.000121677163406, 0.000103118967672, 9.60208199103e-05, 7.97434622655e-05, 0.000146653022966, 0.000131251028506, 7.4809679063e-05, 3.80775818485e-05, 3.86738538509e-05, 4.45660080004e-05, 1.50912474055e-05, 2.2612795874e-05, 1.07749192466e-05, 7.38147218726e-06, 9.08421498025e-06, 3.08942890115e-06, 1.95650773094e-06, 2.2525643999e-06, 1.9174103727e-06, 1.81389782483e-06, 8.99952453892e-07, 4.18443647732e-07, 2.79175424112e-07, 1.15701041636e-07, 4.54538131578e-08, 3.8966710747e-08, 8.22872880946e-09, 7.10865921683e-10, 8.62877200247e-11, 2.2287491297e-11],
        "dmean2": [4.3476542487e-05, 0.000201142975129, 0.00024160144676, 0.000485459517222, 0.000579403014854, 0.00058896484552, 0.000417640461819, 0.000497394532431, 0.000354202697054, 0.000216862536035, 0.0001926261466, 0.000160414259881, 0.000147083192132, 0.000126217288198, 0.000226640739129, 0.000210594531382, 0.000113557609438, 5.50376425963e-05, 5.72988828935e-05, 6.72957030474e-05, 2.31915819313e-05, 3.60533813364e-05, 1.74481356225e-05, 1.13544037958e-05, 1.34348583742e-05, 4.64940012534e-06, 3.08969674734e-06, 3.438374506e-06, 2.99739167531e-06, 2.72325542028e-06, 1.33643516165e-06, 6.21998594852e-07, 4.0848621552e-07, 1.76224560278e-07, 6.90132182513e-08, 5.98067089186e-08, 1.28706796332e-08, 1.07003539362e-09, 1.36891636915e-10, 4.07198094687e-11],
        "dvar": [1.33827182669e-09, 2.62018158281e-08, 5.76082008763e-08, 1.80070884426e-07, 2.2254597809e-07, 2.72351769581e-07, 1.4784480129e-07, 5.20384105585e-07, 2.14018399447e-07, 7.80194753247e-08, 8.64715730131e-08, 7.44012069731e-08, 5.70189442328e-08, 3.27679892109e-08, 9.02156784832e-08, 1.25856459476e-07, 4.27357598198e-08, 8.37530489406e-09, 1.1745539652e-08, 1.31004824766e-08, 7.51134487942e-10, 4.36644809199e-09, 6.20904883064e-10, 2.39104402944e-10, 4.75593675553e-10, 6.36065436432e-11, 2.4061830653e-11, 5.44507841593e-11, 2.27510302264e-11, 1.81246510855e-11, 4.99650884903e-12, 1.36159779198e-12, 8.48549312413e-13, 1.50433173405e-13, 1.74104776277e-14, 1.50191511517e-14, 4.13164195764e-16, 4.50683194254e-18, 6.30191103965e-20, 2.1420417515e-21],
        "dvar2": [2.7605688846e-09, 6.74006130907e-08, 1.6863712915e-07, 5.38642893844e-07, 7.01468934494e-07, 7.79510003213e-07, 3.65619115428e-07, 1.11907604605e-06, 4.44905992936e-07, 1.50597841753e-07, 2.36778674889e-07, 2.03182437986e-07, 1.49637941149e-07, 9.08236046371e-08, 2.13461049725e-07, 3.19898191492e-07, 1.07180568421e-07, 1.74042433798e-08, 2.60136587826e-08, 2.94841271398e-08, 1.75073089359e-09, 1.1917799192e-08, 1.7517419737e-09, 5.52953405286e-10, 1.04530106793e-09, 1.371174424e-10, 5.6998079867e-11, 1.28695193391e-10, 5.73883926491e-11, 4.27855181839e-11, 1.13748810718e-11, 2.92250295145e-12, 1.81687564299e-12, 3.32976837292e-13, 3.79872660563e-14, 3.72212060706e-14, 9.86530379821e-16, 1.03077532118e-17, 1.49427269601e-19, 6.40864843872e-21],
        "max": [0.000537536339834, 0.00252237031236, 0.00614043232054, 0.00975089892745, 0.00610960926861, 0.0075617316179, 0.00646081008017, 0.0177360735834, 0.00847600214183, 0.00530078588054, 0.00654180394486, 0.00631782319397, 0.00470168562606, 0.00349654629827, 0.00499663967639, 0.00578368268907, 0.00462031550705, 0.00229880982079, 0.00193824421149, 0.00262847915292, 0.000541048415471, 0.00145290861838, 0.00046874457621, 0.000287265953375, 0.000400531454943, 0.000185848388355, 9.32278489927e-05, 0.000132970322738, 6.82632671669e-05, 6.67270505801e-05, 5.02129078086e-05, 2.30533387366e-05, 2.87800557999e-05, 8.6586769612e-06, 2.42585861088e-06, 2.85476198769e-06, 3.57618745284e-07, 3.89855721039e-08, 4.74131978123e-09, 5.75149483595e-10],
        "mean": [4.01166653319e-05, 0.000177244306542, 0.000176442161319, 0.000328734371578, 0.00041986675933, 0.000567652808968, 0.000611033116002, 0.00123438460287, 0.000781542155892, 0.000434342829976, 0.000297603633953, 0.000246056297328, 0.000192514853552, 0.000146748148836, 0.000296343758237, 0.000241354340687, 0.000179392925929, 9.1718560725e-05, 7.28575978428e-05, 9.85898586805e-05, 3.14221942972e-05, 4.03697704314e-05, 2.21562331717e-05, 1.70956300281e-05, 2.37669064518e-05, 8.00851103122e-06, 4.10807342632e-06, 4.46427793577e-06, 4.61651961814e-06, 4.95467429573e-06, 2.3252491701e-06, 1.09600887299e-06, 7.05746856511e-07, 2.82134834606e-07, 1.20047317864e-07, 9.63494741768e-08, 1.95472207309e-08, 1.33860478257e-09, 1.45582559896e-10, 2.0816579363e-11],
        "median": [2.02367409656e-05, 0.000101611018181, 9.65459767031e-05, 0.000163062213687, 0.000229901750572, 0.000284392386675, 0.000227857395657, 0.000256100320257, 0.000195330212591, 0.000102266349131, 6.87854189891e-05, 4.37817907368e-05, 4.64670556539e-05, 5.57051243959e-05, 6.02194486419e-05, 5.00982205267e-05, 2.52819736488e-05, 2.1239002308e-05, 1.06221432361e-05, 1.9425073333e-05, 9.91946581053e-06, 9.81280300039e-06, 7.33830938771e-06, 5.73604575038e-06, 4.09932545153e-06, 2.05298033507e-06, 1.07692312667e-06, 5.97566895522e-07, 1.05831020392e-06, 8.72180066835e-07, 3.30747326416e-07, 1.66730458773e-07, 6.48780513757e-08, 2.08840216231e-08, 1.08018962663e-08, 8.24137291744e-09, 2.55987142594e-09, 1.36572961273e-10, 2.77908824425e-11, 4.77041583319e-12],
        "min": [5.48425567641e-23, 2.14899231658e-23, 1.18314399861e-23, 9.58825483758e-24, 5.19000046134e-23, 5.65220226986e-23, 1.66135715916e-23, 1.48670161925e-23, 2.19164823454e-23, 1.98359216613e-23, 3.95722961761e-24, 7.60478478712e-24, 6.56681186322e-24, 1.89219505719e-23, 6.17233739217e-23, 3.03572135674e-23, 4.35031640344e-23, 2.15193445221e-23, 1.73127295455e-23, 2.58355796101e-23, 6.53424650176e-24, 9.99998500984e-24, 2.14212386245e-23, 1.9724015431e-23, 3.09166263898e-23, 1.8660561511e-23, 1.49613213583e-23, 8.37413558443e-24, 2.85100074054e-23, 1.71385348582e-23, 1.90841877057e-23, 2.52356067155e-23, 6.12786914517e-24, 2.25007695298e-23, 1.98859259763e-23, 2.18277560039e-23, 1.7453156253e-23, 1.8040196562e-23, 1.57312432909e-23, 2.19073710019e-23],
        "var": [2.77418288341e-09, 4.74924917171e-08, 6.4333143257e-08, 2.22366850267e-07, 2.96698516422e-07, 5.66363837606e-07, 7.41529333936e-07, 4.91828905069e-06, 1.69164127328e-06, 4.91799767133e-07, 2.70783743872e-07, 1.99181513949e-07, 1.42563067129e-07, 7.33972811418e-08, 3.15863331934e-07, 3.25685533653e-07, 1.63986456414e-07, 4.36612737076e-08, 3.0011829466e-08, 5.51475523025e-08, 2.78359468808e-09, 8.37919778007e-09, 1.51067403031e-09, 8.78229267087e-10, 2.1950274931e-09, 3.56564638926e-10, 7.0416013298e-11, 1.56255133832e-10, 8.20447668137e-11, 8.56946111294e-11, 2.48319403234e-11, 7.3288666802e-12, 4.38555268489e-12, 7.01403616177e-13, 9.65108933526e-14, 6.09218960544e-14, 1.6595427374e-15, 1.40028078856e-17, 1.48423873668e-19, 1.96438310647e-21]
    },
    "mfcc": {
        "dmean": [15.6644611359, 9.44831180573, 9.73136997223, 8.1252155304, 7.70939254761, 6.87762641907, 6.8069896698, 6.91674613953, 6.76722669601, 6.62073087692, 6.33880901337, 6.19942903519, 6.08957624435],
        "dmean2": [17.1517925262, 14.3112401962, 14.0866088867, 12.6438760757, 11.4818677902, 10.7050924301, 10.7252893448, 11.2824935913, 11.1917362213, 10.9617319107, 10.4787483215, 10.2969713211, 10.085647583],
        "dvar": [423.994750977, 75.5083618164, 96.4540405273, 42.119758606, 39.9441223145, 28.953502655, 29.7183856964, 29.1604785919, 28.8540115356, 26.8766040802, 23.1668758392, 22.6874523163, 22.7555484772],
        "dvar2": [362.051086426, 142.842315674, 147.969406128, 101.559944153, 82.18384552, 73.798789978, 75.5955352783, 77.3468170166, 77.6792602539, 72.4228668213, 64.2671585083, 61.9442176819, 62.3014793396],
        "max": [-537.098999023, 252.559967041, 81.100769043, 89.1212234497, 46.0181922913, 60.0184936523, 28.0947799683, 31.3472690582, 27.9928627014, 29.5851459503, 30.9695396423, 41.0986404419, 36.79920578],
        "mean": [-714.36114502, 186.811782837, -53.1995735168, 25.0042190552, -24.3432006836, 3.13061118126, -15.6508102417, -6.48242092133, -6.27213048935, -4.49179983139, 0.240890279412, 3.60526108742, -5.84266996384],
        "median": [-677.076171875, 193.464813232, -68.2832641602, 23.8200263977, -26.3433799744, 2.05721282959, -16.1704025269, -6.43545532227, -6.38844299316, -4.22015380859, 0.426082611084, 2.3299407959, -5.76075363159],
        "min": [-1138.42004395, 1.14440917969e-05, -139.54486084, -36.0676040649, -82.6508636475, -31.6891441345, -67.7456665039, -36.2455673218, -39.9319992065, -37.6071090698, -32.5353088379, -25.4175415039, -32.4467735291],
        "var": [12292.7236328, 959.276245117, 1842.93664551, 366.239776611, 567.083618164, 190.89112854, 226.757598877, 108.508178711, 109.256668091, 106.360214233, 83.4656677246, 124.91104126, 68.0896072388],
        "cov": [[12297.4707031, -110.62902832, -4419.44482422, 424.844299316, -2155.875, 238.627243042, -1193.70458984, 159.185974121, -455.802459717, 24.2826595306, -107.239349365, 407.455352783, -223.464553833], [-110.62902832, 959.646606445, 128.402099609, -303.589202881, 55.5526046753, -243.469619751, 97.3657531738, -97.7670822144, 68.4326782227, -128.676177979, 21.2916126251, 8.46538257599, 9.05493927002], [-4419.44482422, 128.402099609, 1843.64831543, -88.1413269043, 792.548400879, -32.7941207886, 420.944732666, -18.2397556305, 161.348388672, 15.6749362946, 26.913684845, -153.929290771, 75.0244674683], [424.844299316, -303.589202881, -88.1413269043, 366.381164551, 32.7036628723, 125.687889099, -45.7440605164, 18.3639259338, -38.4532814026, 22.5953292847, -19.4565811157, -46.6550598145, -13.6910943985], [-2155.875, 55.5526046753, 792.548400879, 32.7036628723, 567.30255127, 16.1285133362, 230.619659424, -17.7865867615, 51.0518684387, 0.262299120426, 10.6098842621, -109.297294617, 29.4573802948], [238.627243042, -243.469619751, -32.7941207886, 125.687889099, 16.1285133362, 190.964828491, 2.80525660515, 61.4104118347, -25.305311203, 46.4655532837, -3.52088451385, -15.5759353638, -3.48662567139], [-1193.70458984, 97.3657531738, 420.944732666, -45.7440605164, 230.619659424, 2.80525660515, 226.845153809, 11.5830621719, 59.8626670837, -14.0459041595, 9.23001670837, -38.4808731079, 22.730266571], [159.185974121, -97.7670822144, -18.2397556305, 18.3639259338, -17.7865867615, 61.4104118347, 11.5830621719, 108.550071716, 13.4000139236, 39.1809844971, 3.36822485924, 14.1096868515, 5.87206792831], [-455.802459717, 68.4326782227, 161.348388672, -38.4532814026, 51.0518684387, -25.305311203, 59.8626670837, 13.4000139236, 109.298851013, 18.7055339813, 26.9886646271, 9.30466651917, 15.4256467819], [24.2826595306, -128.676177979, 15.6749362946, 22.5953292847, 0.262299120426, 46.4655532837, -14.0459041595, 39.1809844971, 18.7055339813, 106.401275635, 32.5432662964, 17.9288253784, 3.76353311539], [-107.239349365, 21.2916126251, 26.913684845, -19.4565811157, 10.6098842621, -3.52088451385, 9.23001670837, 3.36822485924, 26.9886646271, 32.5432662964, 83.4978942871, 38.6094703674, 11.8117017746], [407.455352783, 8.46538257599, -153.929290771, -46.6550598145, -109.297294617, -15.5759353638, -38.4808731079, 14.1096868515, 9.30466651917, 17.9288253784, 38.6094703674, 124.959266663, 8.77073764801], [-223.464553833, 9.05493927002, 75.0244674683, -13.6910943985, 29.4573802948, -3.48662567139, 22.730266571, 5.87206792831, 15.4256467819, 3.76353311539, 11.8117017746, 8.77073764801, 68.1158981323]],
        "icov": [[0.0188847128302, -0.0252256095409, 0.0260682068765, -0.0234559606761, 0.0246817320585, -0.0249195676297, 0.0233874488622, -0.0214666724205, 0.0191750563681, -0.018448151648, 0.0165640488267, -0.0129686063156, 0.00945202168077], [-0.0252256095409, 0.035844411701, -0.0345256887376, 0.0324482657015, -0.0333290621638, 0.0347178839147, -0.0317530110478, 0.0290701687336, -0.0264205504209, 0.0264666229486, -0.0229986533523, 0.0176755283028, -0.0124584073201], [0.0260682068765, -0.0345256887376, 0.0377342402935, -0.0318502895534, 0.0321749448776, -0.0339975506067, 0.0313214994967, -0.0293909087777, 0.0254165381193, -0.0257915053517, 0.0230074692518, -0.0173801649362, 0.0124917225912], [-0.0234559606761, 0.0324482657015, -0.0318502895534, 0.0338175073266, -0.0318700149655, 0.0290418919176, -0.0278898775578, 0.0272715296596, -0.0244789961725, 0.0239251330495, -0.020810874179, 0.0173853039742, -0.0115697281435], [0.0246817320585, -0.0333290621638, 0.0321749448776, -0.0318700149655, 0.038111127913, -0.0328067094088, 0.0279564671218, -0.0272393599153, 0.0264473892748, -0.0247766338289, 0.0205918233842, -0.0151886763051, 0.012181696482], [-0.0249195676297, 0.0347178839147, -0.0339975506067, 0.0290418919176, -0.0328067094088, 0.0433237925172, -0.0328549034894, 0.0245096739382, -0.0230382177979, 0.0226337872446, -0.0224302187562, 0.0179480668157, -0.0122834099457], [0.0233874488622, -0.0317530110478, 0.0313214994967, -0.0278898775578, 0.0279564671218, -0.0328549034894, 0.039405208081, -0.0284527465701, 0.0207915827632, -0.0200343318284, 0.0202619750053, -0.0159622561187, 0.0113148754463], [-0.0214666724205, 0.0290701687336, -0.0293909087777, 0.0272715296596, -0.0272393599153, 0.0245096739382, -0.0284527465701, 0.037985984236, -0.0237989239395, 0.0176886767149, -0.016819357872, 0.0134270712733, -0.0115813547745], [0.0191750563681, -0.0264205504209, 0.0254165381193, -0.0244789961725, 0.0264473892748, -0.0230382177979, 0.0207915827632, -0.0237989239395, 0.0334034487605, -0.0216930191964, 0.0145358052105, -0.013703272678, 0.00887894723564], [-0.018448151648, 0.0264666229486, -0.0257915053517, 0.0239251330495, -0.0247766338289, 0.0226337872446, -0.0200343318284, 0.0176886767149, -0.0216930191964, 0.0340184047818, -0.0217976402491, 0.0125788422301, -0.00859679374844], [0.0165640488267, -0.0229986533523, 0.0230074692518, -0.020810874179, 0.0205918233842, -0.0224302187562, 0.0202619750053, -0.016819357872, 0.0145358052105, -0.0217976402491, 0.0323849841952, -0.0169791057706, 0.00699263298884], [-0.0129686063156, 0.0176755283028, -0.0173801649362, 0.0173853039742, -0.0151886763051, 0.0179480668157, -0.0159622561187, 0.0134270712733, -0.013703272678, 0.0125788422301, -0.0169791057706, 0.0217205155641, -0.00804579537362], [0.00945202168077, -0.0124584073201, 0.0124917225912, -0.0115697281435, 0.012181696482, -0.0122834099457, 0.0113148754463, -0.0115813547745, 0.00887894723564, -0.00859679374844, 0.00699263298884, -0.00804579537362, 0.0208751000464]]
    }
}

}