{
"metadata": {
    "version": {
        "essentia": "2.0.1",
        "extractor": "archive-music 1.0 mod ismir14"
    },
    "audio_properties": {
        "analysis_sample_rate": 44100,
        "bitrate": 32,
        "channels": 2,
        "equal_loudness": 0,
        "length": 30.0408172607,
        "replay_gain": -8.83718299866,
        "downmix": "mix"
    },
    "tags": {
        "track": 7,
        "year": 0,
        "album": "The Cool Jazz Collection",
        "artist": "Astrud Gilberto",
        "comment": "",
        "genre": "Jazz",
        "title": "Girl From Ipanema"
    }
},
"rhythm": {
    "bpm": 130.226318359,
    "bpm_histogram_first_peak": 129,
    "bpm_histogram_first_peak_spread": 0.508474588394,
    "bpm_histogram_first_peak_weight": 0.460317462683,
    "bpm_histogram_second_peak": 123,
    "bpm_histogram_second_peak_spread": 0,
    "bpm_histogram_second_peak_weight": 0.0317460335791
},
"tonal": {
    "tuning_frequency": {
        "dmean": 0.211896926165,
        "dmean2": 0.381132900715,
        "dvar": 1.48579514027,
        "dvar2": 3.10495615005,
        "max": 443.316436768,
        "mean": 441.330047607,
        "median": 442.548919678,
        "min": 431.692352295,
        "var": 8.6124830246
    },
    "hpcp": {
        "dmean": [0.079062409699, 0.239653944969, 0.122626692057, 0.259121894836, 0.12387612462, 0.122966505587, 0.208046615124, 0.0484816543758, 0.21672552824, 0.153010711074, 0.203106120229, 0.18081073463],
        "dmean2": [0.140571013093, 0.41358923912, 0.214281380177, 0.461042761803, 0.221431657672, 0.227907598019, 0.379374027252, 0.0916027128696, 0.401205033064, 0.285609185696, 0.389566957951, 0.319901257753],
        "dvar": [0.0348593965173, 0.0915731862187, 0.0518015325069, 0.105095721781, 0.0477577745914, 0.0594561249018, 0.087658688426, 0.0230691507459, 0.0853704065084, 0.0775415599346, 0.0956799164414, 0.083983361721],
        "dvar2": [0.0894927233458, 0.171441823244, 0.124552853405, 0.244849383831, 0.103201054037, 0.154144376516, 0.177939921618, 0.0563489943743, 0.242509752512, 0.229281008244, 0.278481274843, 0.199708715081],
        "max": [1, 1, 1, 1, 1, 1, 1, 1, 1, 1, 1, 1],
        "mean": [0.0617495179176, 0.307237833738, 0.0928936228156, 0.313861727715, 0.123675093055, 0.119775995612, 0.235382691026, 0.0620714612305, 0.212995916605, 0.115356020629, 0.167636677623, 0.171549052],
        "median": [0.00757467932999, 0.116880111396, 0.00927102100104, 0.0864472612739, 0.0306910444051, 0.0163565669209, 0.0699062794447, 0.00677819829434, 0.0479128733277, 0.0164462439716, 0.0335684902966, 0.0270732920617],
        "min": [6.92092580721e-05, 3.96883260692e-05, 3.75331073883e-05, 0.000214199506445, 5.85051639064e-05, 0.00011103903671, 5.33738384547e-05, 0.000113879279525, 4.06340177506e-06, 9.45411957218e-05, 6.48248387733e-05, 0.000345317268511],
        "var": [0.0278471298516, 0.138332024217, 0.0419289767742, 0.15278455615, 0.0557343997061, 0.0645053610206, 0.115012936294, 0.0411118119955, 0.105062581599, 0.064282014966, 0.091018974781, 0.0903514325619]
    }
},
"lowlevel": {
    "melbands": {
        "dmean": [0.00012566903024, 0.000307604612317, 0.000310017843731, 0.000159408271429, 0.000102406986116, 3.10540817736e-05, 1.59147493832e-05, 2.25034727919e-05, 9.35954631132e-06, 6.88880209054e-06, 6.92998082741e-06, 9.13697840588e-06, 1.31729939312e-06, 1.01856005585e-06, 1.55613577135e-06, 1.05806918782e-06, 8.23509935799e-07, 2.670372794e-07, 3.06399243755e-07, 2.99350460864e-07, 1.24170128402e-07, 1.74092292582e-07, 2.15321179553e-07, 1.81048619652e-07, 6.36849648572e-08, 4.90343232684e-08, 6.4975587577e-08, 1.05218958879e-07, 8.80173942619e-08, 1.12730035084e-07, 2.06507266398e-07, 3.79806294859e-07, 4.31220087194e-07, 2.52238720577e-07, 1.12407043673e-07, 7.28606366351e-08, 5.67725102485e-08, 4.08643678895e-08, 5.35676143443e-08, 8.16423479932e-08],
        "dmean2": [0.000199628339033, 0.000477366003906, 0.0005059374962, 0.000260450615315, 0.000160357580171, 5.0322018069e-05, 2.82475957647e-05, 4.00436329073e-05, 1.66356840055e-05, 1.23113350128e-05, 1.26297491079e-05, 1.69686845766e-05, 2.32092156693e-06, 1.88966419046e-06, 2.74242734122e-06, 1.96963924282e-06, 1.56059434175e-06, 4.83544170038e-07, 5.80700429964e-07, 5.63758305816e-07, 2.24002690175e-07, 3.05613696128e-07, 3.80555860602e-07, 3.30705120177e-07, 1.09542163784e-07, 8.57694786305e-08, 1.14938089268e-07, 1.96908544581e-07, 1.58600968803e-07, 2.05362994166e-07, 3.77000390017e-07, 7.00005671206e-07, 8.17924899366e-07, 4.49213729325e-07, 2.00531218297e-07, 1.31260193825e-07, 1.02898184196e-07, 7.31828890821e-08, 9.76783951501e-08, 1.51045455254e-07],
        "dvar": [7.25466549056e-08, 9.39134352507e-08, 1.32617870463e-07, 8.99343035599e-08, 1.76793477635e-08, 1.98178295996e-09, 1.23750043546e-09, 1.54140722408e-09, 3.58888169183e-10, 2.52419557478e-10, 1.62629146261e-10, 2.20585349986e-09, 6.20940278362e-12, 4.06844566717e-12, 1.61499771889e-11, 7.6376864902e-12, 8.75227321173e-12, 2.22607725981e-13, 8.15537795715e-13, 8.699927714e-13, 5.83946953292e-14, 8.28918842745e-14, 1.6129626931e-13, 1.42771699411e-13, 1.04216833188e-14, 1.00361749076e-14, 2.26201165004e-14, 1.46790227001e-13, 3.35318659775e-14, 8.46472956832e-14, 3.19135180522e-13, 1.1393367803e-12, 1.72499894143e-12, 7.26271744567e-13, 6.72047324474e-14, 1.79709220595e-14, 1.05942120717e-14, 6.80022190495e-15, 1.88302640895e-14, 5.0747492146e-14],
        "dvar2": [1.74661167307e-07, 2.14421447708e-07, 2.82679138763e-07, 2.19123322154e-07, 3.58939544753e-08, 3.71179442737e-09, 3.3467233429e-09, 4.33328306571e-09, 1.05332464972e-09, 7.11542103016e-10, 4.70394057039e-10, 6.3999321398e-09, 1.71692625395e-11, 1.17595343185e-11, 4.13444278813e-11, 2.20681996982e-11, 2.56250420189e-11, 6.07206884599e-13, 2.32400080083e-12, 2.47705545312e-12, 1.67266211732e-13, 2.261566314e-13, 4.5335921974e-13, 4.1195459587e-13, 2.65761601636e-14, 2.66347968664e-14, 6.36707619137e-14, 4.30811744785e-13, 9.45052480825e-14, 2.45759846935e-13, 8.91301247218e-13, 3.20397159324e-12, 4.84728186409e-12, 1.89954844389e-12, 1.77848607694e-13, 4.79776198696e-14, 2.78444717234e-14, 1.74233017066e-14, 4.96975101046e-14, 1.38482609169e-13],
        "max": [0.0018538973527, 0.00186646054499, 0.00275077670813, 0.00356900226325, 0.00104901031591, 0.000326666078763, 0.000280681706499, 0.000267971190624, 0.000105439881736, 0.000154594585183, 6.98684380041e-05, 0.000440004805569, 1.64780467458e-05, 1.45021640492e-05, 3.35663862643e-05, 2.02871851798e-05, 2.55163286056e-05, 2.78995457847e-06, 6.95401649864e-06, 6.67703443469e-06, 1.59954004175e-06, 1.94225026462e-06, 2.49601339419e-06, 2.93451330435e-06, 7.78447827088e-07, 9.3890247399e-07, 1.20988477192e-06, 3.32393119606e-06, 1.14609895263e-06, 2.25381018026e-06, 3.87443242289e-06, 6.18645663053e-06, 9.25592848944e-06, 7.9532564996e-06, 1.52531617914e-06, 5.86265116453e-07, 4.21432588382e-07, 4.70615646009e-07, 7.796677437e-07, 1.38046914344e-06],
        "mean": [0.000108964901301, 0.000389954802813, 0.000500554568134, 0.000186065793969, 0.000139190437039, 3.97786679969e-05, 1.56704772962e-05, 1.96135642909e-05, 7.82394727139e-06, 5.23899370819e-06, 4.99592624692e-06, 5.78750541536e-06, 1.05584626908e-06, 8.12313146525e-07, 1.21331936498e-06, 7.29557314116e-07, 5.28885891526e-07, 2.07451705592e-07, 2.02429305318e-07, 2.02488891432e-07, 1.02945257652e-07, 1.59099641905e-07, 1.86389740975e-07, 1.46290119574e-07, 6.01714376103e-08, 4.38875566999e-08, 5.7161077649e-08, 7.94256251879e-08, 6.74735005646e-08, 8.1076663605e-08, 1.42442004858e-07, 2.42540039608e-07, 2.67189960823e-07, 1.70123243493e-07, 8.01855293275e-08, 5.36364339609e-08, 4.42376695275e-08, 3.36243353161e-08, 4.26200692516e-08, 6.10357062669e-08],
        "median": [3.50104528479e-05, 0.000266947667114, 0.000273001322057, 0.000115706083307, 5.85498928558e-05, 2.13712937693e-05, 5.80416190132e-06, 5.23563267052e-06, 2.29517581829e-06, 9.6829865015e-07, 8.64601304329e-07, 7.52000687498e-07, 3.3581147818e-07, 3.49599133642e-07, 2.99225092704e-07, 1.3275464994e-07, 8.70695444632e-08, 6.28167029504e-08, 2.43932998245e-08, 2.49737883706e-08, 2.71086086912e-08, 5.51179475394e-08, 5.71586475928e-08, 2.91865411839e-08, 1.70413176903e-08, 1.3078282457e-08, 1.74123595542e-08, 1.68022626923e-08, 1.37663596078e-08, 1.23703243204e-08, 1.21822045784e-08, 8.44551983903e-09, 1.08749382832e-08, 8.88867912607e-09, 7.54281170856e-09, 7.84983278379e-09, 7.11630310235e-09, 6.6512031438e-09, 6.01828320512e-09, 6.86949475082e-09],
        "min": [9.11382130653e-07, 2.28062458518e-06, 4.87712759423e-06, 9.29403313421e-07, 1.33987305162e-06, 1.95137033643e-07, 1.21317583535e-07, 6.02818204243e-08, 2.46021638617e-08, 1.9245751659e-08, 1.51511265756e-08, 1.16353273683e-08, 7.48778195003e-09, 8.11091194208e-09, 2.74171085834e-09, 2.70287792148e-09, 1.77996217765e-09, 1.21206733539e-09, 7.8302880846e-10, 4.33440006109e-10, 3.75464603852e-10, 7.35228822268e-10, 8.32252822214e-10, 7.1509798083e-10, 4.61695320864e-10, 6.60765608895e-10, 8.118637429e-10, 1.06312669779e-09, 6.41713293614e-10, 1.02191854978e-09, 1.40732825393e-09, 8.54498971581e-10, 9.12762310179e-10, 1.24866739171e-09, 6.84271417306e-10, 7.49928175114e-10, 7.61385787751e-10, 7.08792691206e-10, 7.35038752087e-10, 6.93929191886e-10],
        "var": [6.49844764666e-08, 1.62690113825e-07, 3.87591740036e-07, 9.98718050482e-08, 3.83573279805e-08, 2.93970559007e-09, 1.03060227019e-09, 1.31810284909e-09, 2.73613409707e-10, 2.09456244016e-10, 1.17392914833e-10, 1.24107524258e-09, 4.78198080092e-12, 2.59810814356e-12, 1.30803848655e-11, 4.76323060855e-12, 4.76776517572e-12, 1.68226963935e-13, 4.8356013204e-13, 5.31186694023e-13, 3.99584032041e-14, 6.64596958196e-14, 1.16717765552e-13, 9.66002587166e-14, 1.11829202989e-14, 8.43732483375e-15, 1.60804512474e-14, 7.97293410763e-14, 2.14829239467e-14, 5.38131279988e-14, 2.12668776903e-13, 7.00476894371e-13, 1.04107564583e-12, 5.14669199186e-13, 4.82261223957e-14, 1.31221065169e-14, 8.20776789362e-15, 5.5828674237e-15, 1.41039947326e-14, 3.45665404394e-14]
    },
    "mfcc": {
        "dmean": [46.340423584, 33.8043251038, 21.3978672028, 16.435464859, 11.1544094086, 13.4538908005, 10.5309000015, 9.21102809906, 7.77045965195, 10.061000824, 7.32098531723, 7.06284666061, 6.3711233139],
        "dmean2": [72.5048065186, 53.4427452087, 33.1568336487, 26.3786182404, 16.387550354, 21.8435649872, 17.445558548, 14.6045484543, 12.8506946564, 15.9022159576, 11.6233053207, 11.8247814178, 9.69254207611],
        "dvar": [1129.04638672, 835.671875, 295.957580566, 153.616577148, 73.3397064209, 114.875846863, 69.3774490356, 56.907951355, 33.6186180115, 62.540348053, 34.7039108276, 30.7070827484, 25.2951488495],
        "dvar2": [3079.29931641, 1947.83874512, 808.333496094, 352.091217041, 160.243530273, 294.764648438, 163.496765137, 144.771514893, 94.949180603, 148.345336914, 84.7800064087, 71.2758407593, 66.8140258789],
        "max": [-728.52532959, 213.039321899, 126.118156433, 99.6537017822, 35.0328140259, 55.8131446838, 29.7779579163, 37.8794136047, 19.7108039856, 21.5105361938, 27.8512115479, 33.8374061584, 12.466960907],
        "mean": [-851.625183105, 151.907714844, 63.1548614502, 29.0024528503, 6.94362974167, 6.97561979294, 1.66566479206, 3.04208731651, -5.61166906357, -11.5524396896, -4.17927932739, -1.36629641056, -6.5652089119],
        "median": [-845.915893555, 158.584777832, 63.7871665955, 26.5229797363, 8.43994903564, 9.00688552856, 3.81288146973, 3.21443557739, -6.08954811096, -10.8350906372, -4.22992706299, -1.62930488586, -5.79766464233],
        "min": [-996.726989746, 46.3589553833, 5.1411819458, -15.9407234192, -37.7773246765, -41.5709457397, -41.1541938782, -20.8296508789, -30.8822879791, -41.563583374, -34.5903816223, -24.2888793945, -32.511264801],
        "var": [3133.86206055, 1337.67932129, 644.492553711, 437.109039307, 182.279098511, 208.800567627, 175.863616943, 124.28944397, 75.2793960571, 153.229537964, 119.082244873, 92.6311187744, 67.506439209],
        "cov": [[3153.20678711, -523.407958984, -342.958740234, -78.679977417, -132.255981445, -52.4651947021, -255.511642456, 28.6989574432, 114.590423584, 175.923919678, 136.227813721, 21.7610321045, -118.255859375], [-523.407958984, 1345.93664551, -369.698181152, -231.41494751, 140.542114258, -114.456573486, 130.660308838, 81.544418335, -46.1442832947, -21.2827911377, -23.8165168762, -2.52198290825, -62.5018882751], [-342.958740234, -369.698181152, 648.470947266, 101.622238159, -129.610946655, 149.289093018, 21.3998947144, -64.1483535767, -8.81864452362, -110.683860779, 48.8150939941, -19.7392406464, 90.5141067505], [-78.679977417, -231.41494751, 101.622238159, 439.807250977, 120.433059692, -109.957969666, -77.9698867798, 20.4658756256, -21.4528617859, -114.294906616, -10.2942457199, -39.8873901367, 41.3468513489], [-132.255981445, 140.542114258, -129.610946655, 120.433059692, 183.404266357, -56.4068756104, -24.544883728, 15.622792244, -2.12879323959, -18.6630039215, -34.8917198181, 12.262345314, -12.6054849625], [-52.4651947021, -114.456573486, 149.289093018, -109.957969666, -56.4068756104, 210.08946228, 59.6409378052, -9.35122013092, 30.6005554199, 50.8572540283, 40.2301635742, 10.6899633408, 20.5246582031], [-255.511642456, 130.660308838, 21.3998947144, -77.9698867798, -24.544883728, 59.6409378052, 176.949188232, 21.7778720856, -11.2011651993, 21.6658115387, -0.929346144199, 32.3850746155, 8.70855998993], [28.6989574432, 81.544418335, -64.1483535767, 20.4658756256, 15.622792244, -9.35122013092, 21.7778720856, 125.056663513, 13.9788484573, -11.1217479706, 35.0384521484, -5.44856643677, -4.15023183823], [114.590423584, -46.1442832947, -8.81864452362, -21.4528617859, -2.12879323959, 30.6005554199, -11.2011651993, 13.9788484573, 75.7440872192, 50.3924484253, 11.7908964157, -10.8394327164, -0.053236220032], [175.923919678, -21.2827911377, -110.683860779, -114.294906616, -18.6630039215, 50.8572540283, 21.6658115387, -11.1217479706, 50.3924484253, 154.17539978, 7.80894994736, 12.9506349564, -27.4076747894], [136.227813721, -23.8165168762, 48.8150939941, -10.2942457199, -34.8917198181, 40.2301635742, -0.929346144199, 35.0384521484, 11.7908964157, 7.80894994736, 119.817321777, -14.2776947021, 8.97381401062], [21.7610321045, -2.52198290825, -19.7392406464, -39.8873901367, 12.262345314, 10.6899633408, 32.3850746155, -5.44856643677, -10.8394327164, 12.9506349564, -14.2776947021, 93.202911377, -3.95468187332], [-118.255859375, -62.5018882751, 90.5141067505, 41.3468513489, -12.6054849625, 20.5246582031, 8.70855998993, -4.15023183823, -0.053236220032, -27.4076747894, 8.97381401062, -3.95468187332, 67.9231491089]],
        "icov": [[0.000562845496461, 0.000165678182384, 0.000508248806, -0.000200440335902, 0.000797422253527, -3.73031725758e-05, 0.000675322313327, 9.75615475909e-05, -0.000631464761682, 3.64931365766e-05, -0.000674165377859, -0.000585680012591, 0.000724943529349], [0.000165678182384, 0.00171122187749, 0.000274625228485, 0.00190410309006, -0.00205973070115, 0.00131366902497, -0.00123262614943, -0.00044486115803, 0.000289262010483, 0.000998503295705, -0.000685952370986, 0.00120385573246, 0.000253536942182], [0.000508248806, 0.000274625228485, 0.00496339891106, -0.00211217184551, 0.0038946045097, -0.0034579092171, -0.000101263794932, 0.00282081915066, -0.00230527110398, 0.00410714372993, -0.0013771528611, -0.000948774861172, -0.000455699308077], [-0.000200440335902, 0.00190410309006, -0.00211217184551, 0.00754440296441, -0.00697964848951, 0.00437466613948, -0.00084955355851, -0.00203600246459, 0.00144083390478, 0.0011158172274, -0.000443904486019, 0.00331917195581, -0.00230411300436], [0.000797422253527, -0.00205973070115, 0.0038946045097, -0.00697964848951, 0.0147139756009, -0.00407529110089, 0.00277217454277, 0.00170803023502, -0.00354183441959, 0.00121794675943, 0.0011687502265, -0.00504031451419, 0.00230366224423], [-3.73031725758e-05, 0.00131366902497, -0.0034579092171, 0.00437466613948, -0.00407529110089, 0.0111115425825, -0.00268569169566, -0.0011673172703, -0.000625597313046, -0.00297068385407, -0.00198034057394, 0.00127891020384, -0.00161513919011], [0.000675322313327, -0.00123262614943, -0.000101263794932, -0.00084955355851, 0.00277217454277, -0.00268569169566, 0.00990143790841, -0.0024794973433, 0.00211355998181, -0.00258441246115, 0.00107073434629, -0.00348257226869, -0.000786771124694], [9.75615475909e-05, -0.00044486115803, 0.00282081915066, -0.00203600246459, 0.00170803023502, -0.0011673172703, -0.0024794973433, 0.0123211247846, -0.00509366393089, 0.00432086410001, -0.00420147413388, -0.000601483101491, 0.00124091550242], [-0.000631464761682, 0.000289262010483, -0.00230527110398, 0.00144083390478, -0.00354183441959, -0.000625597313046, 0.00211355998181, -0.00509366393089, 0.0220780298114, -0.00890213809907, 0.00161610660143, 0.00370303052478, -0.00326150353067], [3.64931365766e-05, 0.000998503295705, 0.00410714372993, 0.0011158172274, 0.00121794675943, -0.00297068385407, -0.00258441246115, 0.00432086410001, -0.00890213809907, 0.0157710500062, -0.00181701383553, -0.000676301482599, 0.00310649559833], [-0.000674165377859, -0.000685952370986, -0.0013771528611, -0.000443904486019, 0.0011687502265, -0.00198034057394, 0.00107073434629, -0.00420147413388, 0.00161610660143, -0.00181701383553, 0.0119718369097, 0.00132302322891, -0.0015147953527], [-0.000585680012591, 0.00120385573246, -0.000948774861172, 0.00331917195581, -0.00504031451419, 0.00127891020384, -0.00348257226869, -0.000601483101491, 0.00370303052478, -0.000676301482599, 0.00132302322891, 0.0144866872579, -0.00118149118498], [0.000724943529349, 0.000253536942182, -0.000455699308077, -0.00230411300436, 0.00230366224423, -0.00161513919011, -0.000786771124694, 0.00124091550242, -0.00326150353067, 0.00310649559833, -0.0015147953527, -0.00118149118498, 0.0207023732364]]
    }
}

}