{
"metadata": {
    "version": {
        "essentia": "2.0.1",
        "extractor": "archive-music 1.0 mod ismir14"
    },
    "audio_properties": {
        "analysis_sample_rate": 44100,
        "bitrate": 32,
        "channels": 2,
        "equal_loudness": 0,
        "length": 30.0408172607,
        "replay_gain": -12.2262630463,
        "downmix": "mix"
    },
    "tags": {
        "track": 6,
        "year": 0,
        "album": "Swing Classics (Jazz & Tzaz 70)",
        "artist": "Benny Carter",
        "comment": "",
        "genre": "Jazz",
        "title": "Babalu"
    }
},
"rhythm": {
    "bpm": 92.4430923462,
    "bpm_histogram_first_peak": 92,
    "bpm_histogram_first_peak_spread": 0.636363625526,
    "bpm_histogram_first_peak_weight": 0.355555564165,
    "bpm_histogram_second_peak": 99,
    "bpm_histogram_second_peak_spread": 0,
    "bpm_histogram_second_peak_weight": 0.0222222227603
},
"tonal": {
    "tuning_frequency": {
        "dmean": 0.350459903479,
        "dmean2": 0.565283000469,
        "dvar": 4.02016353607,
        "dvar2": 6.10596466064,
        "max": 455.779724121,
        "mean": 438.794921875,
        "median": 440.254241943,
        "min": 432.191345215,
        "var": 8.39334583282
    },
    "hpcp": {
        "dmean": [0.0925851389766, 0.178306028247, 0.0759853199124, 0.222990065813, 0.145310491323, 0.100056886673, 0.211525663733, 0.0743611454964, 0.18215174973, 0.0898591727018, 0.139341175556, 0.212678700686],
        "dmean2": [0.164338424802, 0.310759961605, 0.138531655073, 0.401566207409, 0.255203068256, 0.180804640055, 0.366631239653, 0.134779334068, 0.299673140049, 0.161011040211, 0.236139073968, 0.361146062613],
        "dvar": [0.0375944711268, 0.0520971380174, 0.0288618691266, 0.0735418274999, 0.0563458278775, 0.0166649501771, 0.0754257366061, 0.015994489193, 0.0400961339474, 0.0224629119039, 0.0342702232301, 0.0524012818933],
        "dvar2": [0.109891586006, 0.12649782002, 0.0826958715916, 0.155393913388, 0.116388656199, 0.048004437238, 0.128258466721, 0.0450186431408, 0.0848113819957, 0.0643625110388, 0.0809708684683, 0.121944122016],
        "max": [1, 1, 1, 1, 1, 1, 1, 0.605944275856, 1, 1, 1, 1],
        "mean": [0.0811924040318, 0.244971051812, 0.0650226399302, 0.458016186953, 0.264042586088, 0.113686136901, 0.353806376457, 0.0671176686883, 0.422829598188, 0.0815361589193, 0.214149996638, 0.405420124531],
        "median": [0.0277085490525, 0.109731949866, 0.0266975145787, 0.307639092207, 0.101715937257, 0.0809080526233, 0.172810137272, 0.0354376398027, 0.293331891298, 0.0404883250594, 0.149252563715, 0.32456690073],
        "min": [0.00141866970807, 0.00317537388764, 0.00117465958465, 0.00191560504027, 0.00123844610061, 0.00392643781379, 0.0036674013827, 0.00310347368941, 0.0124563463032, 0.0026983958669, 0.00270228763111, 0.00300574419089],
        "var": [0.024706332013, 0.0742707774043, 0.0183846801519, 0.138627141714, 0.122882269323, 0.0141531853005, 0.139703884721, 0.0105803003535, 0.114253096282, 0.0151729201898, 0.0472472645342, 0.114818714559]
    }
},
"lowlevel": {
    "melbands": {
        "dmean": [1.57713373028e-06, 9.47906846704e-06, 6.87337205818e-06, 1.5195870219e-05, 1.72041509359e-05, 2.85386104224e-05, 2.18809509533e-05, 6.33497766103e-05, 3.56041673513e-05, 2.55720315181e-05, 1.49343641169e-05, 1.1945924598e-05, 1.08484473458e-05, 9.50879257289e-06, 1.90883765754e-05, 1.37923125294e-05, 8.71069187269e-06, 5.57808607482e-06, 5.42438010598e-06, 6.55876101519e-06, 1.75372258582e-06, 2.30855334848e-06, 1.14471106372e-06, 9.97535721581e-07, 1.53940845848e-06, 4.45610396582e-07, 2.88382466351e-07, 3.22550476994e-07, 3.13805827545e-07, 3.37239981718e-07, 1.66842880844e-07, 8.40885476805e-08, 5.82944892358e-08, 2.50207516928e-08, 1.08403312993e-08, 9.3249452604e-09, 2.29185603828e-09, 3.92970322949e-10, 1.38962494289e-10, 6.80864947755e-11],
        "dmean2": [2.77081971944e-06, 1.68570768437e-05, 1.24994512589e-05, 2.73766436294e-05, 3.07921873173e-05, 4.91155333293e-05, 3.37468300131e-05, 0.000103947990283, 6.05578788964e-05, 4.37309099652e-05, 2.44787734118e-05, 1.91825929505e-05, 1.81734576472e-05, 1.73660919245e-05, 3.33641874022e-05, 2.29284669331e-05, 1.39289213621e-05, 9.70640121523e-06, 9.00535087567e-06, 1.09778857222e-05, 3.03391789203e-06, 3.99700638809e-06, 1.96231917471e-06, 1.75422792381e-06, 2.68559551841e-06, 7.8062691955e-07, 5.16375109783e-07, 5.64098002087e-07, 5.39416078027e-07, 6.17264390712e-07, 3.0373411164e-07, 1.55276680402e-07, 1.06586540483e-07, 4.58811832971e-08, 1.9769176518e-08, 1.62147273386e-08, 4.15302947587e-09, 7.07292724389e-10, 2.52707799131e-10, 1.22626589438e-10],
        "dvar": [2.5463051806e-12, 1.48169823633e-10, 4.09834839676e-11, 2.4395238607e-10, 3.76287917492e-10, 1.08906950125e-09, 7.16818326918e-10, 1.24136718682e-08, 3.4017315631e-09, 1.14439990817e-09, 4.47628684119e-10, 2.89720414326e-10, 2.4835167256e-10, 2.37739022912e-10, 8.28988988566e-10, 5.99873872797e-10, 2.22114035497e-10, 8.72140692998e-11, 6.83273645996e-11, 1.44018311166e-10, 4.39013105383e-12, 1.19713197688e-11, 1.88704173815e-12, 1.82526910253e-12, 4.92294052745e-12, 7.7333956296e-13, 2.1229154231e-13, 3.15583388415e-13, 1.86544668059e-13, 2.13946685346e-13, 6.79952513565e-14, 2.25597094987e-14, 1.32610614249e-14, 2.46998894353e-15, 3.59510031921e-16, 2.44402621903e-16, 1.12062434106e-17, 4.4022810694e-19, 5.01923437551e-20, 9.82359857027e-21],
        "dvar2": [6.48815636634e-12, 4.16223749911e-10, 1.15571684167e-10, 7.58544005386e-10, 1.21966126088e-09, 3.54919937884e-09, 1.75741754482e-09, 3.04699661058e-08, 8.88756623851e-09, 3.32909699807e-09, 1.06469166816e-09, 7.24789617212e-10, 6.66587007814e-10, 7.09179048819e-10, 2.13778394986e-09, 1.02190056417e-09, 4.73974082205e-10, 2.69007871534e-10, 1.7913770467e-10, 3.88291093723e-10, 1.15916347701e-11, 3.27451919746e-11, 4.43862698332e-12, 5.44860467508e-12, 1.43684673534e-11, 2.06413467048e-12, 6.59282090726e-13, 8.71042441734e-13, 5.60281747213e-13, 6.13658863308e-13, 2.05219508379e-13, 6.68235608449e-14, 3.84964277253e-14, 7.39755377452e-15, 1.05938611883e-15, 6.78252156333e-16, 3.09212619943e-17, 1.21722181057e-18, 1.41450172418e-19, 2.67275982277e-20],
        "max": [7.86163946032e-06, 9.1812798928e-05, 4.61062481918e-05, 0.000113902366138, 0.000111029075924, 0.000159257047926, 0.0002525045129, 0.000738063303288, 0.000349967536749, 0.000207268691156, 0.000105941377115, 0.000116930175864, 9.59717290243e-05, 0.000104022532469, 0.000163203629199, 0.000146951380884, 0.000118776071758, 5.84413428442e-05, 5.41269655514e-05, 0.000109073880594, 1.12702355182e-05, 2.67133909801e-05, 1.02621597762e-05, 7.92123591964e-06, 1.24624239106e-05, 6.87884175932e-06, 2.50846164818e-06, 3.62349419447e-06, 2.07679977393e-06, 2.55050235864e-06, 1.4664686887e-06, 8.54734935274e-07, 6.12512678799e-07, 2.59076614384e-07, 9.08647805886e-08, 1.05894542912e-07, 1.93986409158e-08, 3.42808714748e-09, 9.95796778369e-10, 5.4767074209e-10],
        "mean": [2.38928373619e-06, 1.39225994644e-05, 9.25719359657e-06, 2.02430182981e-05, 2.57418560068e-05, 3.67383618141e-05, 3.37968158419e-05, 8.36621038616e-05, 4.57632086182e-05, 2.73702898994e-05, 1.77850724867e-05, 1.42157223308e-05, 1.23174122564e-05, 9.27970904741e-06, 1.90398168343e-05, 1.55129655468e-05, 1.11432818812e-05, 5.46582532479e-06, 4.75014394397e-06, 6.36952563582e-06, 1.86324155038e-06, 2.61003106061e-06, 1.29749662392e-06, 1.07158189167e-06, 1.47644175286e-06, 4.84080658225e-07, 2.59147128645e-07, 2.80064483604e-07, 2.90572785389e-07, 3.07793328602e-07, 1.45363188153e-07, 6.80818033061e-08, 4.40471907837e-08, 1.80965376018e-08, 8.20295120718e-09, 7.60364127217e-09, 2.13300976881e-09, 3.22486343185e-10, 1.17992296489e-10, 6.77075825961e-11],
        "median": [1.84771647582e-06, 1.13129681267e-05, 7.19172339814e-06, 1.59358914971e-05, 2.05189862754e-05, 2.49480253842e-05, 1.46540014612e-05, 2.26623415074e-05, 1.36043918246e-05, 1.09207921923e-05, 6.00050452704e-06, 3.90702643926e-06, 5.48812022316e-06, 4.6106733862e-06, 6.1817245296e-06, 3.99071450374e-06, 2.48978835771e-06, 1.8734265268e-06, 9.90662783806e-07, 1.88251158306e-06, 8.19612182568e-07, 1.17100375974e-06, 6.58273222598e-07, 5.58387284855e-07, 3.8707437966e-07, 1.93906501522e-07, 9.70749240992e-08, 5.34962367738e-08, 1.27029707642e-07, 1.07915774095e-07, 4.43370211656e-08, 1.78299419673e-08, 6.2602869555e-09, 2.01645700137e-09, 1.17919451981e-09, 1.28048260883e-09, 5.71665548232e-10, 8.41215777592e-11, 3.71868785765e-11, 2.75157362173e-11],
        "min": [2.71432071486e-07, 1.56108126248e-06, 4.70730185498e-07, 1.05930816119e-07, 6.50399627489e-08, 8.47168735163e-08, 9.54538990072e-08, 7.02309534972e-08, 1.8428284676e-08, 1.66982356831e-08, 1.14176970101e-08, 9.97225502175e-09, 9.81814629597e-09, 7.80927145172e-09, 7.22750614912e-09, 1.6671478642e-09, 2.37682562521e-09, 1.27543764439e-09, 1.65847802158e-09, 6.79541589665e-10, 4.03320848941e-10, 7.11885994598e-10, 5.53211310095e-10, 2.59962606997e-10, 2.0937811207e-10, 1.19200885274e-10, 1.2454696996e-10, 8.47767273049e-11, 6.92448459683e-11, 5.11703526773e-11, 4.03405885085e-11, 2.94365816444e-11, 2.86826291884e-11, 1.95150874627e-11, 1.54502920874e-11, 1.51865655468e-11, 8.51618255082e-12, 5.69620088944e-12, 4.60583350972e-12, 4.87442464864e-12],
        "var": [2.93297764548e-12, 1.27823487905e-10, 5.55802695534e-11, 3.02724845191e-10, 4.88372453589e-10, 1.36303013321e-09, 1.76980141653e-09, 1.86304678351e-08, 4.43777148362e-09, 1.31213240273e-09, 6.0676930147e-10, 4.12826411944e-10, 3.39590661147e-10, 1.77599213114e-10, 8.41667624485e-10, 8.64756211083e-10, 4.62131721779e-10, 8.99475147143e-11, 7.16750755969e-11, 1.769186464e-10, 5.51001518717e-12, 1.72857075875e-11, 2.97150195075e-12, 1.93159355698e-12, 5.27718233695e-12, 8.93793123281e-13, 1.78674796855e-13, 3.40495914884e-13, 1.89428063079e-13, 2.16870385582e-13, 6.19827201175e-14, 1.73316798467e-14, 1.04721376834e-14, 1.87793705384e-15, 2.91884880176e-16, 2.46455326841e-16, 1.27048638972e-17, 3.75339484349e-19, 4.19382283087e-20, 1.02216235023e-20]
    },
    "mfcc": {
        "dmean": [56.9864845276, 18.611749649, 23.1303462982, 9.06834697723, 12.219707489, 8.85155487061, 7.20883083344, 6.43789052963, 5.31034851074, 5.25393438339, 4.54724407196, 5.52084779739, 4.57445859909],
        "dmean2": [94.5793609619, 31.1885128021, 38.8924064636, 14.6395101547, 21.3017978668, 14.7016630173, 11.6864957809, 10.5364093781, 8.84868526459, 8.74214935303, 7.10523891449, 9.45841789246, 7.50116920471],
        "dvar": [2470.32910156, 264.216186523, 526.779968262, 62.0496482849, 117.794029236, 58.0637283325, 35.2990913391, 21.6606349945, 20.8029670715, 20.292848587, 13.5255823135, 22.2694358826, 12.520813942],
        "dvar2": [6640.49462891, 735.480041504, 1280.60424805, 182.105194092, 320.856323242, 149.985992432, 105.342887878, 67.7115325928, 54.892539978, 52.5322990417, 28.8887577057, 54.5294685364, 29.6926860809],
        "max": [-687.834960938, 207.266479492, 59.8985939026, 56.1666030884, 20.880645752, 37.6792068481, 11.8386878967, 4.83554840088, 16.963596344, 11.7548236847, 19.982509613, 23.3399066925, 6.77882385254],
        "mean": [-817.835510254, 165.146530151, -40.8128166199, 12.5942306519, -14.9016504288, -3.79267716408, -8.96748924255, -9.93499183655, -2.30959820747, -6.33992290497, 1.38868498802, 4.27926683426, -5.46508455276],
        "median": [-797.731445312, 171.32623291, -51.7863273621, 10.0903511047, -12.9043693542, -5.40412902832, -9.94381713867, -11.0367202759, -2.36326599121, -6.84855651855, 1.17050552368, 3.28734588623, -5.64505767822],
        "min": [-1050.05908203, 87.0928573608, -95.013671875, -18.7461967468, -45.1959457397, -26.8621788025, -41.871181488, -25.3961334229, -18.1414413452, -26.0190048218, -12.5908718109, -16.68699646, -15.3483695984],
        "var": [6295.12402344, 677.317687988, 1319.54626465, 256.678527832, 274.255737305, 147.694320679, 89.6659851074, 46.5440635681, 43.5284957886, 55.9220428467, 38.1828269958, 77.8134536743, 26.181344986],
        "cov": [[6333.98291016, 182.213729858, -2794.23730469, 238.328659058, -1034.94067383, 24.009979248, -456.868255615, -69.0915222168, -48.8489723206, -122.761611938, 80.4537963867, 172.992095947, -127.229202271], [182.213729858, 681.498657227, -53.9550895691, -287.370330811, -53.00390625, -251.38117981, 55.159450531, -87.5631866455, 54.3634872437, -105.506195068, 3.35345458984, 84.7768859863, -16.373128891], [-2794.23730469, -53.9550895691, 1327.69152832, -104.05695343, 443.915802002, 6.49018764496, 193.546737671, 46.0543212891, 12.6512613297, 64.4802780151, -43.0958518982, -73.5006256104, 57.102935791], [238.328659058, -287.370330811, -104.05695343, 258.262969971, 38.5746307373, 109.469894409, -41.3132171631, 7.62418413162, -42.6619758606, 14.1442327499, -11.7195167542, -62.1379470825, -10.1238718033], [-1034.94067383, -53.00390625, 443.915802002, 38.5746307373, 275.948699951, 26.7399482727, 68.8979492188, -0.805228888988, -30.4593391418, 18.4707717896, -27.9064273834, -68.887046814, 10.982632637], [24.009979248, -251.38117981, 6.49018764496, 109.469894409, 26.7399482727, 148.606018066, -8.60496520996, 47.4415740967, -30.6187610626, 38.266078949, -10.369893074, -52.0235443115, 2.49008560181], [-456.868255615, 55.159450531, 193.546737671, -41.3132171631, 68.8979492188, -8.60496520996, 90.2194824219, 12.3649482727, 11.6005430222, -14.26176548, -19.172624588, -13.6524963379, 5.21207475662], [-69.0915222168, -87.5631866455, 46.0543212891, 7.62418413162, -0.805228888988, 47.4415740967, 12.3649482727, 46.8313713074, 1.16691565514, 23.5910816193, -1.38566744328, -7.39871788025, 9.84969043732], [-48.8489723206, 54.3634872437, 12.6512613297, -42.6619758606, -30.4593391418, -30.6187610626, 11.6005430222, 1.16691565514, 43.7971916199, -5.64177656174, 13.5198554993, 24.2838459015, 3.99221396446], [-122.761611938, -105.506195068, 64.4802780151, 14.1442327499, 18.4707717896, 38.266078949, -14.26176548, 23.5910816193, -5.64177656174, 56.2672424316, 14.5463628769, -9.07405853271, 9.57082080841], [80.4537963867, 3.35345458984, -43.0958518982, -11.7195167542, -27.9064273834, -10.369893074, -19.172624588, -1.38566744328, 13.5198554993, 14.5463628769, 38.4185218811, 26.6259098053, 2.54290771484], [172.992095947, 84.7768859863, -73.5006256104, -62.1379470825, -68.887046814, -52.0235443115, -13.6524963379, -7.39871788025, 24.2838459015, -9.07405853271, 26.6259098053, 78.2937850952, 3.30327391624], [-127.229202271, -16.373128891, 57.102935791, -10.1238718033, 10.982632637, 2.49008560181, 5.21207475662, 9.84969043732, 3.99221396446, 9.57082080841, 2.54290771484, 3.30327391624, 26.342956543]],
        "icov": [[0.205500513315, -0.292572230101, 0.282112061977, -0.265629172325, 0.273524403572, -0.258152276278, 0.247705131769, -0.23144043982, 0.198874950409, -0.163595840335, 0.15038074553, -0.127766191959, 0.0757516101003], [-0.292572230101, 0.424713850021, -0.400432467461, 0.384675592184, -0.390987485647, 0.374530881643, -0.355040162802, 0.332552850246, -0.282694846392, 0.239552691579, -0.215770065784, 0.183611184359, -0.106105089188], [0.282112061977, -0.400432467461, 0.390290349722, -0.362745672464, 0.371104359627, -0.353117763996, 0.337671607733, -0.318003386259, 0.270547121763, -0.22667580843, 0.208362400532, -0.175885811448, 0.102260529995], [-0.265629172325, 0.384675592184, -0.362745672464, 0.356409192085, -0.357327371836, 0.333789795637, -0.318744719028, 0.30319789052, -0.256714522839, 0.218924894929, -0.19641803205, 0.169035106897, -0.096289254725], [0.273524403572, -0.390987485647, 0.371104359627, -0.357327371836, 0.377896249294, -0.344252735376, 0.325755953789, -0.302544951439, 0.2725058496, -0.219744592905, 0.197239145637, -0.165534287691, 0.100194878876], [-0.258152276278, 0.374530881643, -0.353117763996, 0.333789795637, -0.344252735376, 0.351181805134, -0.313054323196, 0.275360107422, -0.243304550648, 0.207159698009, -0.191539317369, 0.16864643991, -0.0920383483171], [0.247705131769, -0.355040162802, 0.337671607733, -0.318744719028, 0.325755953789, -0.313054323196, 0.32514449954, -0.291712135077, 0.232750982046, -0.186438858509, 0.185467898846, -0.151920676231, 0.0933492705226], [-0.23144043982, 0.332552850246, -0.318003386259, 0.30319789052, -0.302544951439, 0.275360107422, -0.291712135077, 0.314798653126, -0.229246199131, 0.17029312253, -0.162154182792, 0.138987600803, -0.0940357297659], [0.198874950409, -0.282694846392, 0.270547121763, -0.256714522839, 0.2725058496, -0.243304550648, 0.232750982046, -0.229246199131, 0.233206644654, -0.152958258986, 0.130149379373, -0.123406715691, 0.0718841552734], [-0.163595840335, 0.239552691579, -0.22667580843, 0.218924894929, -0.219744592905, 0.207159698009, -0.186438858509, 0.17029312253, -0.152958258986, 0.176672875881, -0.141274243593, 0.109482064843, -0.0615897700191], [0.15038074553, -0.215770065784, 0.208362400532, -0.19641803205, 0.197239145637, -0.191539317369, 0.185467898846, -0.162154182792, 0.130149379373, -0.141274243593, 0.162241712213, -0.109844133258, 0.0545656681061], [-0.127766191959, 0.183611184359, -0.175885811448, 0.169035106897, -0.165534287691, 0.16864643991, -0.151920676231, 0.138987600803, -0.123406715691, 0.109482064843, -0.109844133258, 0.108770087361, -0.0496778264642], [0.0757516101003, -0.106105089188, 0.102260529995, -0.096289254725, 0.100194878876, -0.0920383483171, 0.0933492705226, -0.0940357297659, 0.0718841552734, -0.0615897700191, 0.0545656681061, -0.0496778264642, 0.075262568891]]
    }
}

}