{
"metadata": {
    "version": {
        "essentia": "2.0.1",
        "extractor": "archive-music 1.0 mod ismir14"
    },
    "audio_properties": {
        "analysis_sample_rate": 44100,
        "bitrate": 32,
        "channels": 2,
        "equal_loudness": 0,
        "length": 30.0408172607,
        "replay_gain": -8.82323265076,
        "downmix": "mix"
    },
    "tags": {
        "track": 7,
        "year": 0,
        "album": "The Cool Jazz Collection",
        "artist": "Astrud Gilberto",
        "comment": "",
        "genre": "Jazz",
        "title": "Girl From Ipanema"
    }
},
"rhythm": {
    "bpm": 130.35269165,
    "bpm_histogram_first_peak": 129,
    "bpm_histogram_first_peak_spread": 0.482758641243,
    "bpm_histogram_first_peak_weight": 0.47619047761,
    "bpm_histogram_second_peak": 123,
    "bpm_histogram_second_peak_spread": 0,
    "bpm_histogram_second_peak_weight": 0.047619048506
},
"tonal": {
    "tuning_frequency": {
        "dmean": 0.0484918877482,
        "dmean2": 0.0891150683165,
        "dvar": 0.636560797691,
        "dvar2": 1.18172633648,
        "max": 456.570251465,
        "mean": 434.333587646,
        "median": 434.193115234,
        "min": 431.443084717,
        "var": 1.53785824776
    },
    "hpcp": {
        "dmean": [0.117558851838, 0.117502689362, 0.148892581463, 0.179968804121, 0.164157763124, 0.122495479882, 0.137848690152, 0.158772468567, 0.224847659469, 0.137497842312, 0.133298665285, 0.114559531212],
        "dmean2": [0.227867901325, 0.22523149848, 0.287764698267, 0.341691493988, 0.318820774555, 0.234742134809, 0.264857441187, 0.308015316725, 0.434349954128, 0.266184568405, 0.255671769381, 0.224116235971],
        "dvar": [0.0825346186757, 0.0761679038405, 0.0977375283837, 0.106223031878, 0.109149597585, 0.0778638646007, 0.0850833505392, 0.105062104762, 0.131563574076, 0.0954318419099, 0.0860351473093, 0.0802537798882],
        "dvar2": [0.237089514732, 0.220342293382, 0.273162961006, 0.296165764332, 0.309010505676, 0.227123066783, 0.239119440317, 0.29787877202, 0.366066426039, 0.277097553015, 0.243446230888, 0.235968500376],
        "max": [1, 1, 1, 1, 1, 1, 1, 1, 1, 1, 1, 1],
        "mean": [0.0731160715222, 0.104377910495, 0.10965180397, 0.207760706544, 0.116655625403, 0.0910654887557, 0.130346164107, 0.12087636441, 0.195656836033, 0.0946736708283, 0.0965061113238, 0.0800553560257],
        "median": [0.000366992491763, 0.00160812621471, 0.000657243537717, 0.00335754523985, 0.00107582169585, 0.00105618266389, 0.00153779378161, 0.00116604857612, 0.00428706826642, 0.000327032088535, 0.00174875627272, 0.000590120616835],
        "min": [0, 0, 0, 0, 0, 0, 0, 0, 0, 0, 0, 0],
        "var": [0.0543074272573, 0.0737787038088, 0.0805476456881, 0.135410264134, 0.0846473127604, 0.0646474510431, 0.0911456122994, 0.0876966565847, 0.129214912653, 0.0723924934864, 0.0638395771384, 0.059681378305]
    }
},
"lowlevel": {
    "melbands": {
        "dmean": [0.000815061270259, 0.00340391788632, 0.00358047545888, 0.00185751600657, 0.0010017384775, 0.000376902287826, 0.000127417544718, 0.000120374548715, 5.04997587996e-05, 2.66756214842e-05, 2.72201141343e-05, 2.80402055068e-05, 8.7740854724e-06, 6.54091581964e-06, 7.80335722084e-06, 4.62391062683e-06, 3.63599201592e-06, 1.66445227023e-06, 1.55934901613e-06, 1.54192809987e-06, 9.7333429494e-07, 1.23372637972e-06, 1.47943694628e-06, 1.48603805883e-06, 5.97519090206e-07, 3.50054449427e-07, 5.58021724828e-07, 8.3511520188e-07, 7.11317056812e-07, 8.71192241902e-07, 1.38960945151e-06, 2.46310719376e-06, 2.85025453195e-06, 1.69254838056e-06, 7.69471455442e-07, 4.15705159185e-07, 3.57877013357e-07, 2.85985123583e-07, 3.60014070111e-07, 5.49011133444e-07],
        "dmean2": [0.00138259225059, 0.00581840006635, 0.00615776563063, 0.00310061499476, 0.00167578773107, 0.000636982033029, 0.000189547034097, 0.000170917817741, 6.90634551574e-05, 3.40312799381e-05, 3.54610747308e-05, 3.63752551493e-05, 1.22929868667e-05, 9.9413218777e-06, 1.06773750304e-05, 6.87512692821e-06, 5.05958360009e-06, 2.44870398092e-06, 2.20141214413e-06, 2.22234461944e-06, 1.45272190366e-06, 1.81819837053e-06, 2.12612735595e-06, 2.26093015954e-06, 9.27721316657e-07, 5.23198195879e-07, 8.46841430757e-07, 1.38691427765e-06, 1.09107656954e-06, 1.2898104842e-06, 2.19011008085e-06, 3.83973065254e-06, 4.53291522717e-06, 2.64895311375e-06, 1.2500096318e-06, 6.28427699212e-07, 5.34519529083e-07, 4.19687751219e-07, 5.36533264039e-07, 8.39223787352e-07],
        "dvar": [2.56366183748e-06, 2.89929466817e-05, 3.57031822205e-05, 9.21283208299e-06, 2.72134320767e-06, 4.3494634383e-07, 1.43096656302e-07, 1.47995848465e-07, 1.85056947544e-08, 1.01075325887e-08, 6.77092115708e-09, 1.85134823028e-08, 1.08630160423e-09, 4.36118335889e-10, 6.64441779374e-10, 4.81559847554e-10, 5.16531650785e-10, 4.48203765768e-11, 7.06132791128e-11, 7.09754408024e-11, 1.43447311321e-11, 1.5530153552e-11, 2.30875891322e-11, 4.0741438001e-11, 6.55124869284e-12, 9.33842738381e-13, 4.3130820096e-12, 1.48728009075e-11, 8.07320790081e-12, 2.81307494659e-11, 5.90069174078e-11, 2.13510403801e-10, 6.72082778319e-10, 1.74796593866e-10, 1.48974790837e-11, 1.99962182229e-12, 1.48098102792e-12, 1.23005501184e-12, 3.93849189373e-12, 8.22304811049e-12],
        "dvar2": [6.90632532496e-06, 8.77137717907e-05, 0.000115425995318, 2.53764665104e-05, 7.37023719921e-06, 1.21196148939e-06, 2.20460222522e-07, 2.33085543755e-07, 2.89591248759e-08, 1.33874049624e-08, 1.17139222766e-08, 2.08677413127e-08, 2.57303489626e-09, 1.01950770048e-09, 1.0426804975e-09, 9.8448704744e-10, 8.70733485314e-10, 8.96614379964e-11, 1.12268083718e-10, 1.43292031018e-10, 2.77934411597e-11, 3.21567078521e-11, 4.97821991963e-11, 1.01387766238e-10, 1.57038548831e-11, 1.98309012441e-12, 8.69819841154e-12, 4.11190317906e-11, 1.93233901102e-11, 6.50738421482e-11, 1.32937133523e-10, 5.09167374929e-10, 1.78159942354e-09, 3.64113544871e-10, 4.21101556403e-11, 4.5041431522e-12, 3.47133368057e-12, 2.91600706255e-12, 9.96472002135e-12, 2.2488224824e-11],
        "max": [0.0338658280671, 0.0705954879522, 0.0708942487836, 0.0821814015508, 0.0244382992387, 0.0123338885605, 0.00940024666488, 0.00938514340669, 0.00368955358863, 0.00415607448667, 0.00216744188219, 0.0100217377767, 0.000944839906879, 0.000631763250567, 0.00151307519991, 0.000834463571664, 0.00104430841748, 0.000276200764347, 0.000345474720234, 0.000322424457408, 0.000127389314002, 8.03978982731e-05, 9.09501468414e-05, 0.000145319412695, 9.87803941825e-05, 2.7062396839e-05, 5.64813090023e-05, 0.000131793116452, 8.21044668555e-05, 0.000164587792824, 0.000195671935217, 0.000375024304958, 0.000987323699519, 0.00063030642923, 0.000104194055893, 3.2768726669e-05, 2.56174080278e-05, 4.17019473389e-05, 7.66730663599e-05, 8.16119572846e-05],
        "mean": [0.0015235816827, 0.00622610887513, 0.0075298291631, 0.00367314484902, 0.00228450004943, 0.000823416456115, 0.000306230445858, 0.000303191598505, 0.000142761258758, 8.75729310792e-05, 8.56977640069e-05, 8.69242721819e-05, 2.26744014071e-05, 1.27769053506e-05, 1.98360594368e-05, 1.17343033708e-05, 8.17941054265e-06, 3.43438159689e-06, 3.3166331832e-06, 3.21264815284e-06, 1.74738090664e-06, 2.63553693003e-06, 3.11847975354e-06, 2.48819765147e-06, 1.07060031951e-06, 7.16206216111e-07, 1.00848183138e-06, 1.30735884341e-06, 1.12124598672e-06, 1.39312476222e-06, 2.39457540374e-06, 3.98515840061e-06, 4.20369588028e-06, 2.9588122743e-06, 1.39684425449e-06, 9.20160800888e-07, 7.5938135069e-07, 5.75368915179e-07, 7.38362075481e-07, 1.05217418422e-06],
        "median": [0.000354194606189, 0.00291612930596, 0.00323465629481, 0.0019720136188, 0.000794215709902, 0.000303781271214, 9.11437819013e-05, 5.06263822899e-05, 1.90090850083e-05, 6.98205940353e-06, 7.62237141316e-06, 7.87336466601e-06, 3.29992076331e-06, 3.4562840483e-06, 2.71507792604e-06, 1.05779497517e-06, 6.69838073009e-07, 4.58639959788e-07, 2.50471970276e-07, 2.0729471828e-07, 2.05410429999e-07, 3.59119923132e-07, 3.49298858282e-07, 2.24610531063e-07, 1.4103194701e-07, 1.16772213232e-07, 1.6455402374e-07, 1.72285425037e-07, 9.70063851469e-08, 1.18211410438e-07, 1.24413148228e-07, 8.50455137424e-08, 1.1030067526e-07, 8.34550917261e-08, 7.84721123637e-08, 7.71932064936e-08, 6.97895927715e-08, 5.42956577476e-08, 5.76003316155e-08, 5.77707908178e-08],
        "min": [2.38492689139e-12, 3.25552692443e-12, 3.58282479206e-12, 2.77308514693e-12, 1.38339101459e-12, 3.32800410494e-13, 5.99543743644e-14, 7.68794479033e-14, 1.67469445429e-13, 1.64184082454e-13, 5.74144274875e-14, 4.58150295588e-14, 2.83880801895e-13, 5.56334817624e-13, 2.3434154465e-13, 7.35381319641e-13, 1.93162608304e-12, 1.67992562135e-12, 1.27735615054e-12, 8.34637480657e-13, 2.58841288247e-13, 5.63601899525e-13, 5.58205120581e-13, 8.17510826829e-13, 9.84895433438e-13, 2.64061472341e-12, 7.75616875413e-13, 5.67255964423e-12, 1.12283988531e-12, 1.15655185082e-12, 9.12050057873e-13, 1.02756919727e-12, 2.63322284984e-12, 3.3996251452e-13, 9.47395048696e-13, 2.41352402473e-12, 7.76153013388e-13, 9.21960207831e-13, 1.13317731934e-12, 5.0884231724e-13],
        "var": [1.276740295e-05, 5.78643157496e-05, 9.10494127311e-05, 3.07436930598e-05, 1.21205921459e-05, 1.79438734449e-06, 7.72673445226e-07, 7.45614613606e-07, 1.42594899444e-07, 1.01158676102e-07, 5.43083054083e-08, 2.60777483163e-07, 5.57863266692e-09, 1.11089626387e-09, 6.88484336209e-09, 2.11521511417e-09, 1.83607640203e-09, 1.15539453005e-10, 2.72176642335e-10, 2.65218402795e-10, 3.52486720367e-11, 4.27684519744e-11, 7.5236532282e-11, 7.73011307742e-11, 1.331717462e-11, 3.6726576641e-12, 1.29529199866e-11, 3.54404040837e-11, 1.64326347668e-11, 5.11962486294e-11, 1.48526135835e-10, 4.74057848532e-10, 8.10641942461e-10, 4.75244288367e-10, 4.02838457036e-11, 8.87689487888e-12, 5.82317614267e-12, 4.34828778886e-12, 1.16793970328e-11, 2.52756704455e-11]
    },
    "mfcc": {
        "dmean": [17.4397392273, 13.1962976456, 9.48244285583, 8.13044452667, 7.57358551025, 7.62896156311, 7.2636847496, 6.75033664703, 6.80813884735, 6.65127229691, 6.59085893631, 6.48314428329, 6.05121278763],
        "dmean2": [21.6000061035, 17.512014389, 14.4523515701, 12.4799661636, 12.1604824066, 12.0997180939, 11.5492858887, 11.0206165314, 11.1601762772, 10.8032045364, 10.9143362045, 10.6756162643, 10.1165800095],
        "dvar": [514.682556152, 210.001083374, 84.407661438, 48.9230918884, 36.1392784119, 40.6225204468, 33.5140800476, 28.8036308289, 28.8206501007, 28.6467323303, 26.8698348999, 24.4333667755, 23.4307117462],
        "dvar2": [825.408996582, 307.184204102, 185.440567017, 113.385131836, 94.6073608398, 95.6349563599, 83.456413269, 73.0693740845, 77.7667999268, 75.5428848267, 73.0162582397, 67.4856262207, 63.1206703186],
        "max": [-542.526794434, 259.22442627, 144.976577759, 120.046180725, 58.9720306396, 71.3878479004, 43.2643966675, 45.2895469666, 35.8941497803, 34.4547576904, 29.8810634613, 41.7223815918, 26.8247680664],
        "mean": [-737.056518555, 160.651824951, 63.4828186035, 31.136100769, 8.01047134399, 6.9617023468, 1.72256481647, 1.73991680145, -6.74959850311, -11.8292560577, -6.03481769562, -1.79698908329, -6.69247770309],
        "median": [-727.088500977, 170.277099609, 63.6645965576, 29.5680465698, 8.81328392029, 8.48722267151, 2.81401634216, 1.31632423401, -6.85949516296, -10.4186515808, -5.65119361877, -2.10870361328, -6.56113052368],
        "min": [-1138.42004395, -49.4961166382, -20.9817142487, -45.7629776001, -44.9989700317, -59.8115196228, -51.0501708984, -45.4928245544, -46.8164176941, -60.6548576355, -50.4900169373, -40.8663635254, -39.6290893555],
        "var": [6108.93310547, 2633.02563477, 762.444458008, 586.034118652, 239.754180908, 333.094329834, 228.815734863, 167.246185303, 131.909729004, 220.189254761, 167.191513062, 151.744308472, 100.976303101],
        "cov": [[6111.29345703, -637.078796387, -501.159332275, -163.393783569, -139.399200439, -269.829803467, -261.960479736, 22.158498764, -58.7000579834, 92.9491195679, 44.881690979, -65.2553100586, -172.959487915], [-637.078796387, 2634.04296875, -416.158508301, -297.317779541, 96.2108688354, -252.729736328, 52.9768028259, 124.787864685, -130.74609375, -166.7237854, -39.7602653503, 36.8899154663, -113.490821838], [-501.159332275, -416.158508301, 762.739013672, 174.116546631, -62.1160240173, 200.317520142, 32.552192688, -58.7302589417, 25.9485912323, -85.4062042236, 19.5254459381, -34.6404190063, 68.602897644], [-163.393783569, -297.317779541, 174.116546631, 586.260559082, 159.905105591, -98.2496795654, -48.1335067749, 28.3670692444, 2.85474467278, -106.63633728, 7.62181138992, -52.7105941772, 62.1823692322], [-139.399200439, 96.2108688354, -62.1160240173, 159.905105591, 239.846817017, -22.8389053345, -19.2122573853, 15.8610668182, 8.36812782288, -19.0408420563, -17.2529144287, 17.4252719879, -0.254580914974], [-269.829803467, -252.729736328, 200.317520142, -98.2496795654, -22.8389053345, 333.223052979, 78.1314926147, -20.7727966309, 50.2930908203, 55.0294456482, 45.342414856, 11.790927887, 32.8410224915], [-261.960479736, 52.9768028259, 32.552192688, -48.1335067749, -19.2122573853, 78.1314926147, 228.904144287, 52.5017814636, 11.2012491226, 28.8236274719, 17.9646492004, 22.6548900604, 14.9827528], [22.158498764, 124.787864685, -58.7302589417, 28.3670692444, 15.8610668182, -20.7727966309, 52.5017814636, 167.310806274, 35.2651138306, -9.20433616638, 30.591917038, -9.69322395325, -0.66697704792], [-58.7000579834, -130.74609375, 25.9485912323, 2.85474467278, 8.36812782288, 50.2930908203, 11.2012491226, 35.2651138306, 131.960693359, 70.1354293823, 17.7198238373, -18.7677135468, 15.1451034546], [92.9491195679, -166.7237854, -85.4062042236, -106.63633728, -19.0408420563, 55.0294456482, 28.8236274719, -9.20433616638, 70.1354293823, 220.274337769, 29.2128658295, 16.2861671448, -7.80889463425], [44.881690979, -39.7602653503, 19.5254459381, 7.62181138992, -17.2529144287, 45.342414856, 17.9646492004, 30.591917038, 17.7198238373, 29.2128658295, 167.256103516, -6.11839532852, 20.1856136322], [-65.2553100586, 36.8899154663, -34.6404190063, -52.7105941772, 17.4252719879, 11.790927887, 22.6548900604, -9.69322395325, -18.7677135468, 16.2861671448, -6.11839532852, 151.802947998, 7.59781694412], [-172.959487915, -113.490821838, 68.602897644, 62.1823692322, -0.254580914974, 32.8410224915, 14.9827528, -0.66697704792, 15.1451034546, -7.80889463425, 20.1856136322, 7.59781694412, 101.015319824]],
        "icov": [[0.000212837650906, 0.000105536426418, 0.000106882864202, 7.83904470154e-05, 7.55112341722e-05, 0.000128205007059, 0.00019366799097, -0.000139051728183, 0.000140504838782, -1.08321755761e-05, -0.000115914517664, 6.05077766522e-05, 0.00028772544465], [0.000105536426418, 0.000644480576739, 9.91527267615e-05, 0.000642472237814, -0.000522667716723, 0.000528511067387, -0.000138637085911, -0.000406385748647, 0.000320495513733, 0.000542421534192, -0.000186113553355, 0.000106574363599, 0.000309741240926], [0.000106882864202, 9.91527267615e-05, 0.00241849920712, -0.00107348628808, 0.0012629221892, -0.00153143808711, -0.000174153159605, 0.000894289813004, -0.000669255852699, 0.00120818358846, 1.97178233066e-05, 4.48985083494e-05, 3.19541250065e-05], [7.83904470154e-05, 0.000642472237814, -0.00107348628808, 0.00404006894678, -0.00297951023094, 0.00209885509685, 6.96432616678e-05, -0.000858561892528, 0.000285581452772, 0.00102203385904, -0.000636932207271, 0.00112572766375, -0.00152894924395], [7.55112341722e-05, -0.000522667716723, 0.0012629221892, -0.00297951023094, 0.00679621426389, -0.00161044322886, 0.000521585869137, 0.000298193714116, -0.000996156479232, -9.24362029764e-05, 0.000810720724985, -0.00143496773671, 0.00107192608994], [0.000128205007059, 0.000528511067387, -0.00153143808711, 0.00209885509685, -0.00161044322886, 0.00564278615639, -0.00125778687652, 0.000330267299432, -0.000797567365225, -0.000225556796067, -0.00122541014571, 0.000175345296157, -0.000754671928007], [0.00019366799097, -0.000138637085911, -0.000174153159605, 6.96432616678e-05, 0.000521585869137, -0.00125778687652, 0.00583923701197, -0.00240181596018, 0.00107984279748, -0.00107419514097, 0.000246924872044, -0.000603406690061, -0.000469363090815], [-0.000139051728183, -0.000406385748647, 0.000894289813004, -0.000858561892528, 0.000298193714116, 0.000330267299432, -0.00240181596018, 0.00864965282381, -0.00359818595462, 0.00165246997494, -0.00147038465366, 9.00120139704e-05, 0.000487503129989], [0.000140504838782, 0.000320495513733, -0.000669255852699, 0.000285581452772, -0.000996156479232, -0.000797567365225, 0.00107984279748, -0.00359818595462, 0.0118513014168, -0.00412430148572, 0.000450845662272, 0.00170835875906, -0.00136202818248], [-1.08321755761e-05, 0.000542421534192, 0.00120818358846, 0.00102203385904, -9.24362029764e-05, -0.000225556796067, -0.00107419514097, 0.00165246997494, -0.00412430148572, 0.00773282162845, -0.0012365001021, -0.000646143394988, 0.000896359677427], [-0.000115914517664, -0.000186113553355, 1.97178233066e-05, -0.000636932207271, 0.000810720724985, -0.00122541014571, 0.000246924872044, -0.00147038465366, 0.000450845662272, -0.0012365001021, 0.00697587989271, 0.00018201812054, -0.00124562112615], [6.05077766522e-05, 0.000106574363599, 4.48985083494e-05, 0.00112572766375, -0.00143496773671, 0.000175345296157, -0.000603406690061, 9.00120139704e-05, 0.00170835875906, -0.000646143394988, 0.00018201812054, 0.00759277446195, -0.00138419272844], [0.00028772544465, 0.000309741240926, 3.19541250065e-05, -0.00152894924395, 0.00107192608994, -0.000754671928007, -0.000469363090815, 0.000487503129989, -0.00136202818248, 0.000896359677427, -0.00124562112615, -0.00138419272844, 0.012607017532]]
    }
}

}