{
"metadata": {
    "version": {
        "essentia": "2.0.1",
        "extractor": "archive-music 1.0 mod ismir14"
    },
    "audio_properties": {
        "analysis_sample_rate": 44100,
        "bitrate": 32,
        "channels": 2,
        "equal_loudness": 0,
        "length": 30.0408172607,
        "replay_gain": -12.206199646,
        "downmix": "mix"
    },
    "tags": {
        "track": 6,
        "year": 0,
        "album": "Swing Classics (Jazz & Tzaz 70)",
        "artist": "Benny Carter",
        "comment": "",
        "genre": "Jazz",
        "title": "Babalu"
    }
},
"rhythm": {
    "bpm": 92.4049606323,
    "bpm_histogram_first_peak": 92,
    "bpm_histogram_first_peak_spread": 0.613636374474,
    "bpm_histogram_first_peak_weight": 0.377777785063,
    "bpm_histogram_second_peak": 99,
    "bpm_histogram_second_peak_spread": 0,
    "bpm_histogram_second_peak_weight": 0.0222222227603
},
"tonal": {
    "tuning_frequency": {
        "dmean": 0.0396616607904,
        "dmean2": 0.0753304436803,
        "dvar": 0.369069069624,
        "dvar2": 0.834729731083,
        "max": 454.727905273,
        "mean": 438.313018799,
        "median": 437.465789795,
        "min": 433.191070557,
        "var": 2.37481188774
    },
    "hpcp": {
        "dmean": [0.147334009409, 0.143105953932, 0.150460451841, 0.192499697208, 0.139420613647, 0.119898684323, 0.151672258973, 0.125735446811, 0.193287625909, 0.144128158689, 0.183561146259, 0.193800315261],
        "dmean2": [0.276075750589, 0.259167224169, 0.285256624222, 0.347007602453, 0.256701260805, 0.221506938338, 0.266695052385, 0.234386235476, 0.346647053957, 0.270358741283, 0.332802802324, 0.344014436007],
        "dvar": [0.066895082593, 0.0602386146784, 0.0792895406485, 0.079609952867, 0.0619267337024, 0.0562337487936, 0.0587018840015, 0.0595605187118, 0.0756925716996, 0.0703689679503, 0.070518001914, 0.0759917199612],
        "dvar2": [0.191589385271, 0.16729965806, 0.229227662086, 0.209994509816, 0.167557030916, 0.158634528518, 0.156295031309, 0.167514532804, 0.20136384666, 0.202108830214, 0.191555991769, 0.203551888466],
        "max": [1, 1, 1, 1, 1, 1, 1, 1, 1, 1, 1, 1],
        "mean": [0.11242967844, 0.149324148893, 0.109551280737, 0.396844923496, 0.164013877511, 0.101999528706, 0.241052567959, 0.0961621403694, 0.288026332855, 0.103948920965, 0.190630421042, 0.235488459468],
        "median": [0.0113755175844, 0.0207528248429, 0.00371244247071, 0.187654227018, 0.0124476011842, 0.0125099765137, 0.0611705109477, 0.00739421416074, 0.101613670588, 0.00829865969718, 0.0639154687524, 0.0650207176805],
        "min": [0, 0, 0, 0, 0, 0, 0, 0, 0, 0, 0, 0],
        "var": [0.056676864624, 0.0675306767225, 0.0662592947483, 0.173412829638, 0.0928268432617, 0.0498870536685, 0.117122471333, 0.0489574111998, 0.129721805453, 0.0524091534317, 0.0768308266997, 0.107162244618]
    }
},
"lowlevel": {
    "melbands": {
        "dmean": [2.7906284231e-05, 0.000123413250549, 0.000139438619954, 0.000259221036686, 0.000311824376695, 0.000346099492162, 0.000266739371, 0.000343110936228, 0.000247899879469, 0.00015893575619, 0.000117578041682, 9.74808062892e-05, 9.35461430345e-05, 7.98454202595e-05, 0.000148456601892, 0.000132394809043, 7.20477401046e-05, 3.7354802771e-05, 3.98938936996e-05, 4.34383437096e-05, 1.4994770936e-05, 2.22775561269e-05, 1.02530557342e-05, 6.91992590873e-06, 8.7564212663e-06, 3.04932746076e-06, 1.83807264875e-06, 2.24163204621e-06, 1.76404330432e-06, 1.65830419974e-06, 8.06828893474e-07, 3.9090394921e-07, 2.65959585022e-07, 1.01942632114e-07, 4.46504060392e-08, 4.13829113199e-08, 1.16016511953e-08, 2.06720374152e-09, 8.99413377109e-10, 5.11816478088e-10],
        "dmean2": [4.31159351137e-05, 0.000201110262424, 0.000243574439082, 0.000469763384899, 0.00056817184668, 0.000593154807575, 0.00041704371688, 0.00048368415446, 0.000343777355738, 0.000219111185288, 0.000181149545824, 0.000148609135067, 0.000143790370203, 0.000124018421047, 0.000225445692195, 0.000209486155654, 0.000107850770291, 5.25288123754e-05, 5.79858788115e-05, 6.47685446893e-05, 2.31922076637e-05, 3.54618241545e-05, 1.66874142451e-05, 1.06811066871e-05, 1.26661025206e-05, 4.55872213934e-06, 2.88866908704e-06, 3.42952284882e-06, 2.65552580458e-06, 2.39436940319e-06, 1.16831540709e-06, 5.63857383895e-07, 3.82183571901e-07, 1.48236367181e-07, 6.34683416934e-08, 5.96477747195e-08, 1.70538072553e-08, 3.10364356437e-09, 1.385002113e-09, 8.15676026722e-10],
        "dvar": [1.29507649049e-09, 2.42052298205e-08, 4.91063048003e-08, 1.53654951873e-07, 2.11632624314e-07, 2.81990139683e-07, 1.41361624628e-07, 5.17353669238e-07, 2.16356639271e-07, 8.91014977356e-08, 6.94743107488e-08, 5.58300641273e-08, 5.05178405774e-08, 3.00029157074e-08, 8.77891608297e-08, 1.22057855378e-07, 3.60334446725e-08, 7.79886200064e-09, 1.17744711758e-08, 1.15611245022e-08, 7.25627447018e-10, 4.00936439604e-09, 5.56159063247e-10, 2.08328979068e-10, 4.56526982884e-10, 5.84195192221e-11, 1.97516569073e-11, 5.2650946103e-11, 1.97509005678e-11, 1.52898700645e-11, 4.51714143521e-12, 1.23049357162e-12, 6.99162028186e-13, 1.20176899031e-13, 1.55271185042e-14, 1.42779210899e-14, 7.79706004046e-16, 3.61952630096e-17, 6.60695831821e-18, 1.48554637999e-18],
        "dvar2": [2.69638822381e-09, 6.07350969517e-08, 1.41813472965e-07, 4.57058575876e-07, 6.62944501073e-07, 8.16938040771e-07, 3.4484094158e-07, 1.11238591671e-06, 4.6047620117e-07, 1.8085489728e-07, 1.71388322201e-07, 1.43083752846e-07, 1.24616420294e-07, 8.09453837292e-08, 2.03666147058e-07, 3.16825662594e-07, 9.06276227397e-08, 1.56642396831e-08, 2.71916604788e-08, 2.50818228409e-08, 1.74252245966e-09, 1.07745572464e-08, 1.58305091258e-09, 5.02966834848e-10, 9.6571350916e-10, 1.26804663991e-10, 4.74616110302e-11, 1.27179863862e-10, 4.6463985437e-11, 3.24601907853e-11, 1.01737333835e-11, 2.64688986874e-12, 1.61037220885e-12, 2.55695855114e-13, 2.9943681947e-14, 3.1766818722e-14, 1.66252376398e-15, 7.43878958832e-17, 1.3330055276e-17, 3.34381310616e-18],
        "max": [0.000478924222989, 0.0022134874016, 0.00447468459606, 0.00904813129455, 0.00615160679445, 0.00782036501914, 0.00610609911382, 0.0177189316601, 0.0083146058023, 0.00530905649066, 0.00480735208839, 0.00451503740624, 0.0052380063571, 0.00370752764866, 0.00573065597564, 0.00552472565323, 0.00415980815887, 0.0022413295228, 0.00195929710753, 0.00253506586887, 0.000514244369697, 0.00148985011037, 0.000421868026024, 0.000300093292026, 0.000377037795261, 0.000196874054382, 8.26230170787e-05, 0.000139583906275, 6.98786825524e-05, 6.89492808306e-05, 4.58826179965e-05, 3.02857351926e-05, 2.14191986743e-05, 7.21794549463e-06, 2.46697709372e-06, 2.6506688755e-06, 4.18603946173e-07, 1.2774361835e-07, 6.36963406464e-08, 2.67753641481e-08],
        "mean": [3.93078917114e-05, 0.000177041132702, 0.0001768162183, 0.000327815243509, 0.000416904309532, 0.000568455900066, 0.000615735712927, 0.00124189292546, 0.000773353502154, 0.000433312408859, 0.000299018312944, 0.000244453112828, 0.000192434206838, 0.000147282626131, 0.000297140504699, 0.000241794754402, 0.000178322312422, 9.25803688006e-05, 7.38015078241e-05, 9.8284559499e-05, 3.12180709443e-05, 4.04618403991e-05, 2.17497436097e-05, 1.68085462064e-05, 2.3919474188e-05, 7.87467979535e-06, 4.03892681788e-06, 4.41763586423e-06, 4.58983504359e-06, 4.93361267218e-06, 2.29460647461e-06, 1.08808455934e-06, 7.00729117398e-07, 2.85849694137e-07, 1.27736839772e-07, 1.20030350104e-07, 3.367224366e-08, 5.07485875545e-09, 1.89396431871e-09, 1.08839248725e-09],
        "median": [2.03492600122e-05, 0.000104738079244, 9.74553986453e-05, 0.000171183899511, 0.000239076092839, 0.000291196716717, 0.0002318045008, 0.000264381465968, 0.000201475515496, 0.000105132188764, 6.67539206916e-05, 4.38664101239e-05, 4.81610986753e-05, 5.38910135219e-05, 6.24677777523e-05, 5.07880613441e-05, 2.40555655182e-05, 2.13549010368e-05, 1.1027275832e-05, 1.94696549443e-05, 1.00733541331e-05, 9.7378188002e-06, 7.47678132029e-06, 5.68358200326e-06, 4.11529345001e-06, 2.04097432288e-06, 1.06501840946e-06, 5.94452785663e-07, 1.05811136564e-06, 8.09338644103e-07, 3.15944646445e-07, 1.60377396696e-07, 5.92225646301e-08, 2.00128393857e-08, 1.1228297403e-08, 1.02052126749e-08, 4.37767466721e-09, 6.60785925977e-10, 3.42712885848e-10, 3.01706243322e-10],
        "min": [1.12257002739e-12, 6.66843587727e-13, 2.49322535274e-13, 5.80022276953e-14, 1.7418609144e-13, 2.54227005116e-13, 2.30584838333e-13, 2.52393727663e-13, 2.14004541085e-13, 1.67073792951e-13, 8.74465159572e-14, 1.99526369548e-14, 2.34540068844e-14, 4.51104946583e-14, 1.14250929477e-14, 5.94288886765e-14, 2.58113625959e-13, 1.75454879033e-13, 1.53226484777e-13, 8.64117940614e-14, 8.22929506657e-14, 9.58008967837e-14, 3.4654299829e-14, 1.81688011532e-13, 1.90705795339e-13, 1.18501413651e-13, 1.08819569566e-13, 1.31693158982e-13, 1.09017267056e-13, 7.38277982585e-13, 2.11151029387e-13, 7.06095270686e-14, 5.8416284505e-14, 6.13334253177e-14, 2.52096588505e-14, 5.80696582942e-14, 4.22880961747e-14, 2.32922981304e-14, 7.99667068132e-14, 4.07140480726e-14],
        "var": [2.6487703142e-09, 4.62741773788e-08, 6.03310041924e-08, 2.06989369644e-07, 2.88538501536e-07, 5.72617807393e-07, 7.48057175315e-07, 4.95543054058e-06, 1.64704897543e-06, 4.90157560762e-07, 2.67672021437e-07, 1.89336049061e-07, 1.42782440093e-07, 7.52725739517e-08, 3.20523412256e-07, 3.21764872524e-07, 1.53327988528e-07, 4.42086189878e-08, 3.0662562267e-08, 5.4493376922e-08, 2.70340327901e-09, 8.24340418148e-09, 1.41745026827e-09, 8.24085466533e-10, 2.23496798846e-09, 3.36485783681e-10, 6.64885438373e-11, 1.51412563043e-10, 8.05081626365e-11, 8.56460596887e-11, 2.39117111528e-11, 7.2058487649e-12, 4.15527248027e-12, 7.24724100176e-13, 1.07707781225e-13, 8.85553566241e-14, 4.54766271908e-15, 1.59650358085e-16, 2.21306117926e-17, 4.95310374123e-18]
    },
    "mfcc": {
        "dmean": [16.2441520691, 9.90407657623, 9.59005260468, 8.01967334747, 7.66545343399, 6.83264112473, 6.73612642288, 6.84206628799, 6.69137144089, 6.58868694305, 6.35933256149, 6.22542715073, 6.14798307419],
        "dmean2": [17.9436225891, 14.6950244904, 13.8734445572, 12.5607252121, 11.4938869476, 10.9020929337, 10.7329654694, 11.2669153214, 11.1372318268, 10.9927139282, 10.6905097961, 10.3446187973, 10.1903800964],
        "dvar": [515.602905273, 94.8034896851, 90.8014907837, 42.2457695007, 41.2941322327, 32.1225128174, 28.6248188019, 29.1187877655, 28.8285541534, 26.5730895996, 24.3645038605, 22.5922336578, 22.4285488129],
        "dvar2": [515.778320312, 164.962890625, 140.553543091, 103.131416321, 86.2345733643, 79.8111190796, 72.6528320312, 78.2078170776, 79.5227127075, 71.6651382446, 67.0849533081, 62.9067192078, 63.1565093994],
        "max": [-525.01361084, 255.694885254, 79.1197509766, 83.8848876953, 45.4458351135, 52.5374755859, 31.0832748413, 31.5030479431, 28.8134803772, 27.5266666412, 29.7408409119, 38.4570007324, 31.3059196472],
        "mean": [-712.863098145, 184.654495239, -50.1975021362, 22.1169776917, -21.9063339233, 1.46780121326, -14.7163982391, -7.01104640961, -6.37861728668, -4.04497909546, -0.458487510681, 4.40396547318, -6.76853561401],
        "median": [-675.645996094, 191.74432373, -65.693359375, 20.959564209, -24.000793457, 1.18378448486, -15.4293365479, -6.71044158936, -6.71236801147, -3.8147354126, -0.215770721436, 2.7437286377, -6.80361175537],
        "min": [-1138.42004395, 1.14440917969e-05, -124.751708984, -35.9939041138, -76.3660430908, -33.45936203, -64.6180496216, -36.690612793, -42.6001358032, -38.9251556396, -37.5892677307, -26.0909042358, -33.8992729187],
        "var": [12852.8964844, 1122.03063965, 1713.49768066, 344.825469971, 520.264892578, 165.898620605, 199.999649048, 94.4055099487, 99.6369400024, 96.3659896851, 82.3429870605, 127.933395386, 68.7819671631],
        "cov": [[12857.8623047, -527.879516602, -4283.96435547, 236.917602539, -2033.53405762, 91.2942199707, -1093.62036133, 68.916885376, -417.547149658, 4.21503353119, -130.970092773, 450.157989502, -275.280670166], [-527.879516602, 1122.46411133, 167.458938599, -271.417999268, 61.8862609863, -228.423248291, 90.0842132568, -75.0393753052, 56.3854522705, -122.942428589, 7.52324342728, 2.24097490311, 17.6578350067], [-4283.96435547, 167.458938599, 1714.15979004, -21.5173225403, 708.63873291, 34.4297142029, 359.943084717, 20.0930805206, 138.674789429, 30.8400306702, 33.7139358521, -161.892318726, 87.1935424805], [236.917602539, -271.417999268, -21.5173225403, 344.958709717, 68.1111526489, 100.254211426, -19.7981338501, 3.20130515099, -25.12433815, 14.2628669739, -16.2875213623, -47.1730613708, -14.6237154007], [-2033.53405762, 61.8862609863, 708.63873291, 68.1111526489, 520.465881348, 53.3160667419, 195.310150146, 3.09610819817, 35.783367157, 9.81389808655, 13.9242458344, -112.795845032, 35.4457473755], [91.2942199707, -228.423248291, 34.4297142029, 100.254211426, 53.3160667419, 165.962722778, 31.8088226318, 41.9806365967, -8.49499320984, 33.074508667, 4.78906869888, -19.7711181641, 0.392527163029], [-1093.62036133, 90.0842132568, 359.943084717, -19.7981338501, 195.310150146, 31.8088226318, 200.076934814, 27.5772342682, 46.8549308777, -3.96036744118, 7.46675395966, -40.2478713989, 25.7495441437], [68.916885376, -75.0393753052, 20.0930805206, 3.20130515099, 3.09610819817, 41.9806365967, 27.5772342682, 94.4419937134, 23.2763557434, 30.1095714569, 8.53374958038, 12.7562627792, 6.85203933716], [-417.547149658, 56.3854522705, 138.674789429, -25.12433815, 35.783367157, -8.49499320984, 46.8549308777, 23.2763557434, 99.6754455566, 26.8734607697, 24.4591464996, 7.87004232407, 15.3873815536], [4.21503353119, -122.942428589, 30.8400306702, 14.2628669739, 9.81389808655, 33.074508667, -3.96036744118, 30.1095714569, 26.8734607697, 96.4032287598, 36.9941482544, 15.3020687103, 3.84003424644], [-130.970092773, 7.52324342728, 33.7139358521, -16.2875213623, 13.9242458344, 4.78906869888, 7.46675395966, 8.53374958038, 24.4591464996, 36.9941482544, 82.3748092651, 36.5986022949, 12.7305698395], [450.157989502, 2.24097490311, -161.892318726, -47.1730613708, -112.795845032, -19.7711181641, -40.2478713989, 12.7562627792, 7.87004232407, 15.3020687103, 36.5986022949, 127.982826233, 7.25640106201], [-275.280670166, 17.6578350067, 87.1935424805, -14.6237154007, 35.4457473755, 0.392527163029, 25.7495441437, 6.85203933716, 15.3873815536, 3.84003424644, 12.7305698395, 7.25640106201, 68.8085479736]],
        "icov": [[0.00143592082895, -0.00111953122541, 0.00224445550703, -0.00104914198164, 0.00187253626063, -0.00239012204111, 0.00226389151067, -0.00204060529359, 0.00180917582475, -0.00169342930894, 0.00152265268844, -0.000775094202254, 0.000859816849697], [-0.00111953122541, 0.00262543046847, -0.00159353867639, 0.00160721573047, -0.00183320173528, 0.00352179375477, -0.00242913584225, 0.00204899930395, -0.00228983839042, 0.00319337844849, -0.00195114989765, 0.000776808883529, -0.000549561227672], [0.00224445550703, -0.00159353867639, 0.00520024960861, -0.00124480878003, 0.001108796685, -0.00336237810552, 0.00260849785991, -0.00295266951434, 0.00165592483245, -0.00283961906098, 0.00238282326609, -0.000659285695292, 0.000716725364327], [-0.00104914198164, 0.00160721573047, -0.00124480878003, 0.00517662428319, -0.00260599190369, 5.33916136192e-05, -0.000618721125647, 0.00212598498911, -0.00191002106294, 0.0019527428085, -0.000932958791964, 0.00146450696047, -0.000233854530961], [0.00187253626063, -0.00183320173528, 0.001108796685, -0.00260599190369, 0.00836694147438, -0.00359652959742, 0.000579704414122, -0.00213021435775, 0.0040121152997, -0.002887732815, 0.000704786449205, 0.000955892261118, 0.000741288997233], [-0.00239012204111, 0.00352179375477, -0.00336237810552, 5.33916136192e-05, -0.00359652959742, 0.0150300050154, -0.00639740331098, 0.00041146093281, -0.0014172703959, 0.00200455961749, -0.00370032759383, 0.00219679065049, -0.00141571601853], [0.00226389151067, -0.00242913584225, 0.00260849785991, -0.000618721125647, 0.000579704414122, -0.00639740331098, 0.0144884837791, -0.00561448559165, 0.00025765754981, -0.000397904252168, 0.0025934916921, -0.000960062607192, 0.000704591046087], [-0.00204060529359, 0.00204899930395, -0.00295266951434, 0.00212598498911, -0.00213021435775, 0.00041146093281, -0.00561448559165, 0.0174495615065, -0.00513271288946, -0.000489007215947, -0.000532968435436, -0.000504997733515, -0.0017108253669], [0.00180917582475, -0.00228983839042, 0.00165592483245, -0.00191002106294, 0.0040121152997, -0.0014172703959, 0.00025765754981, -0.00513271288946, 0.0173482038081, -0.00624809507281, 0.000183827927685, -0.00141015148256, 0.000261128880084], [-0.00169342930894, 0.00319337844849, -0.00283961906098, 0.0019527428085, -0.002887732815, 0.00200455961749, -0.000397904252168, -0.000489007215947, -0.00624809507281, 0.019690675661, -0.00846169516444, 0.00117559044156, -0.000167356571183], [0.00152265268844, -0.00195114989765, 0.00238282326609, -0.000932958791964, 0.000704786449205, -0.00370032759383, 0.0025934916921, -0.000532968435436, 0.000183827927685, -0.00846169516444, 0.020198000595, -0.00647974153981, -0.000507300079335], [-0.000775094202254, 0.000776808883529, -0.000659285695292, 0.00146450696047, 0.000955892261118, 0.00219679065049, -0.000960062607192, -0.000504997733515, -0.00141015148256, 0.00117559044156, -0.00647974153981, 0.0130850411952, -0.00218027667142], [0.000859816849697, -0.000549561227672, 0.000716725364327, -0.000233854530961, 0.000741288997233, -0.00141571601853, 0.000704591046087, -0.0017108253669, 0.000261128880084, -0.000167356571183, -0.000507300079335, -0.00218027667142, 0.0169636625797]]
    }
}

}