{
"metadata": {
    "version": {
        "essentia": "2.0.1",
        "extractor": "archive-music 1.0 mod ismir14"
    },
    "audio_properties": {
        "analysis_sample_rate": 44100,
        "bitrate": 128,
        "channels": 2,
        "equal_loudness": 0,
        "length": 30.0669155121,
        "replay_gain": -9.77210235596,
        "downmix": "mix"
    },
    "tags": {
        "track": 0,
        "year": 0,
        "album": "",
        "artist": "",
        "comment": "",
        "genre": "",
        "title": ""
    }
},
"rhythm": {
    "bpm": 172.265594482,
    "bpm_histogram_first_peak": 172,
    "bpm_histogram_first_peak_spread": 0,
    "bpm_histogram_first_peak_weight": 0.5,
    "bpm_histogram_second_peak": 178,
    "bpm_histogram_second_peak_spread": 0,
    "bpm_histogram_second_peak_weight": 0.27380952239
},
"tonal": {
    "tuning_frequency": {
        "dmean": 0.0528186261654,
        "dmean2": 0.10260297358,
        "dvar": 0.299568384886,
        "dvar2": 0.675466060638,
        "max": 448.726654053,
        "mean": 434.774078369,
        "median": 433.691802979,
        "min": 432.690917969,
        "var": 3.31306123734
    },
    "hpcp": {
        "dmean": [0.0828072801232, 0.147193610668, 0.156200051308, 0.154935121536, 0.0309557039291, 0.0803115442395, 0.0835298225284, 0.123357348144, 0.0552495159209, 0.0586995556951, 0.143522888422, 0.0611593239009],
        "dmean2": [0.147205352783, 0.266018748283, 0.285926252604, 0.278349459171, 0.0563263744116, 0.1415155828, 0.147544756532, 0.21645988524, 0.0990018770099, 0.103757999837, 0.242043405771, 0.112590029836],
        "dvar": [0.0408169925213, 0.0681941211224, 0.079712934792, 0.0855671018362, 0.0177446063608, 0.0437634214759, 0.0470665991306, 0.0687214285135, 0.0316825546324, 0.0254232492298, 0.0596855059266, 0.0288358349353],
        "dvar2": [0.103958152235, 0.174758061767, 0.210832580924, 0.169533848763, 0.0455215387046, 0.102886296809, 0.091392852366, 0.135307908058, 0.0748348236084, 0.0617648251355, 0.120100207627, 0.0745140388608],
        "max": [1, 1, 1, 1, 1, 1, 1, 1, 1, 1, 1, 1],
        "mean": [0.0800060480833, 0.186905175447, 0.145015284419, 0.31304782629, 0.0237878728658, 0.107474565506, 0.126701280475, 0.185561925173, 0.0539053045213, 0.0618993192911, 0.331514179707, 0.0504749454558],
        "median": [0.0101564554498, 0.0346868596971, 0.0315816812217, 0.0501780696213, 0.00117894366849, 0.011351489462, 0.00146462535486, 0.0102462163195, 0.00273852120154, 0.00452267145738, 0.098920956254, 0.00362000893801],
        "min": [0, 0, 4.7028543122e-06, 0, 0, 0, 1.39171368119e-06, 0, 0, 0, 1.8189301727e-06, 0],
        "var": [0.0420046895742, 0.101390786469, 0.0716353580356, 0.172654256225, 0.0136680072173, 0.0682434141636, 0.0898082405329, 0.117661096156, 0.036138471216, 0.0338168404996, 0.159382432699, 0.0236676167697]
    }
},
"lowlevel": {
    "melbands": {
        "dmean": [1.72012710209e-06, 4.15888207499e-05, 5.50964577997e-05, 0.000504516705405, 0.000502859533299, 0.000269169395324, 0.000113127651275, 9.66610241449e-05, 5.68214854866e-05, 3.95337301597e-05, 3.27367088175e-05, 2.00838712772e-05, 3.40967671946e-05, 1.30056023409e-05, 1.0182283404e-05, 8.53251367516e-06, 1.75447494257e-05, 8.48245508678e-06, 9.90467196971e-06, 2.76641912933e-06, 3.98551037506e-06, 3.89293654735e-06, 2.22145399675e-06, 2.73769205705e-06, 7.07277331458e-06, 7.34482728149e-06, 2.12034774449e-06, 1.1576179304e-06, 3.97684175368e-07, 2.55107551084e-07, 9.91788908777e-08, 1.60294426621e-08, 2.9755167219e-09, 6.44366227043e-10, 2.41855424576e-10, 9.92924145682e-11, 3.85177514883e-11, 1.70746906197e-11, 1.45020740208e-11, 4.19038588551e-12],
        "dmean2": [2.75171555586e-06, 6.42845625407e-05, 8.2578517322e-05, 0.000778511457611, 0.000787979282904, 0.000417149363784, 0.000176451561856, 0.000149455459905, 9.10630187718e-05, 6.45618347335e-05, 4.9343721912e-05, 3.10982613883e-05, 5.29194512637e-05, 2.00544764084e-05, 1.66645604622e-05, 1.35237105496e-05, 2.83945137198e-05, 1.34428782985e-05, 1.50858622874e-05, 4.211896794e-06, 6.45356749374e-06, 6.45713089398e-06, 3.64379707207e-06, 4.22011362389e-06, 1.0959647625e-05, 1.1249671843e-05, 3.39352277479e-06, 1.87047578493e-06, 6.18220326487e-07, 3.95632525851e-07, 1.53544249315e-07, 2.59570764882e-08, 4.81294515353e-09, 1.03372299609e-09, 3.79978881693e-10, 1.56780435856e-10, 5.93286531014e-11, 2.62160831238e-11, 2.24164211499e-11, 6.93847540187e-12],
        "dvar": [4.81898332003e-12, 8.05492295086e-09, 1.15164349168e-08, 1.82294388651e-06, 8.27612439025e-07, 1.46903062159e-07, 4.96765935054e-08, 6.24895264423e-08, 4.444799373e-08, 1.55011896652e-08, 1.2990007292e-08, 5.49566703256e-09, 1.49947556594e-08, 2.00683736296e-09, 1.73529812741e-09, 4.08954009545e-10, 3.35035221788e-09, 3.18530202215e-10, 4.31848695692e-10, 2.58636861927e-11, 5.22918999768e-11, 7.19706585994e-11, 2.85227067659e-11, 3.61642035762e-11, 3.98667709955e-10, 3.90786875082e-10, 2.02182229292e-11, 7.8772526696e-12, 1.6334554152e-12, 1.73259692184e-12, 3.41440363396e-13, 4.26455974416e-15, 6.28403049777e-16, 8.30169381542e-18, 5.98211952517e-19, 1.16162601933e-19, 2.5516625198e-20, 2.00518338629e-20, 2.63366600686e-20, 1.0510329327e-21],
        "dvar2": [1.18324308684e-11, 1.29336488186e-08, 2.22303331299e-08, 3.82226426154e-06, 1.87865373391e-06, 3.46677325069e-07, 1.25503632376e-07, 1.526977087e-07, 1.10586526603e-07, 3.53631399719e-08, 2.81610734731e-08, 1.1778479525e-08, 3.28302185437e-08, 3.80887499318e-09, 3.80223230678e-09, 8.88025486478e-10, 5.7784586005e-09, 7.73838604307e-10, 8.14073919386e-10, 5.67541187657e-11, 1.28780736075e-10, 1.81108336661e-10, 6.58278015431e-11, 6.93899729343e-11, 9.48337630646e-10, 7.70236929792e-10, 5.01448847723e-11, 1.90571915887e-11, 3.74471504153e-12, 4.25679500329e-12, 8.14484981196e-13, 9.63550375962e-15, 1.60181468919e-15, 1.72550487892e-17, 1.3825290997e-18, 2.97418321014e-19, 6.35336361246e-20, 5.01318658663e-20, 6.59719190011e-20, 2.6368847815e-21],
        "max": [3.06349757011e-05, 0.00225907773711, 0.00162454636302, 0.0302676744759, 0.0138648161665, 0.00364304659888, 0.00219669635408, 0.00280454242602, 0.00276779313572, 0.00148456124589, 0.00142521702219, 0.000916198070627, 0.001702621812, 0.000611251278315, 0.000543984293472, 0.000283210189082, 0.00127735792194, 0.000181874129339, 0.000422161334427, 8.18400803837e-05, 7.01707613189e-05, 0.000108290070784, 5.35562867299e-05, 8.65832771524e-05, 0.000304660847178, 0.000318115780829, 4.2393723561e-05, 2.62796220341e-05, 2.03916588362e-05, 2.54348124145e-05, 1.21426000987e-05, 1.09620077637e-06, 5.18647084391e-07, 4.15214707061e-08, 1.08740589866e-08, 4.55703208502e-09, 2.240028385e-09, 1.92206206506e-09, 2.54851162396e-09, 4.97405894251e-10],
        "mean": [2.27049599744e-06, 7.26686994312e-05, 0.000107267878775, 0.000878192891832, 0.000838008068968, 0.000386722385883, 0.000148956183693, 0.000147954910062, 6.5597021603e-05, 4.17416158598e-05, 3.98684023821e-05, 2.14293395402e-05, 3.80432720704e-05, 1.43061079143e-05, 1.19111700769e-05, 9.5213908935e-06, 2.01328657568e-05, 9.68588028627e-06, 1.29823538373e-05, 3.66576023225e-06, 4.32666774941e-06, 3.86886767956e-06, 2.46070794674e-06, 3.36085759045e-06, 7.14355064702e-06, 7.98964174464e-06, 2.1590049073e-06, 1.07836251573e-06, 3.710425176e-07, 2.15389420077e-07, 8.57326227788e-08, 1.47808583151e-08, 2.53438714459e-09, 7.0398642471e-10, 2.84388540495e-10, 1.19416934674e-10, 4.59691278099e-11, 1.61333550686e-11, 9.20557900741e-12, 2.6253812492e-12],
        "median": [1.38018117468e-06, 3.68693690689e-05, 4.78438014397e-05, 0.000257145118667, 0.000398326519644, 0.000184386284673, 5.6989301811e-05, 3.76429125026e-05, 1.1204783732e-05, 3.68872360923e-06, 2.76672790278e-06, 1.37758763685e-06, 2.32290653912e-06, 2.09639915738e-06, 1.67203586443e-06, 1.80976371666e-06, 4.10176426158e-06, 2.96358712149e-06, 3.88009993912e-06, 1.16398575756e-06, 1.38237771807e-06, 9.776584875e-07, 4.75059607652e-07, 7.13141503184e-07, 1.51943777382e-06, 1.28601811866e-06, 3.99084541414e-07, 1.43136475117e-07, 3.44164305943e-08, 1.3583861147e-08, 4.25749657751e-09, 1.02423236559e-09, 3.92321619636e-10, 2.10038084147e-10, 1.24716958982e-10, 5.61209793914e-11, 2.33419377577e-11, 7.54586323981e-12, 2.16123061288e-12, 5.12805184601e-13],
        "min": [6.8422698063e-12, 2.17682746828e-11, 2.27597836411e-11, 1.5607215173e-11, 3.98543142932e-11, 7.68455611644e-12, 6.39878011688e-11, 7.08073252809e-11, 2.41974652121e-11, 4.95045254789e-11, 2.90038791595e-11, 5.00738166209e-11, 1.30124088588e-11, 4.90878865333e-11, 5.14500872462e-11, 3.5026776618e-11, 6.43676500989e-11, 3.17725637466e-11, 3.67688414438e-11, 2.75345822531e-11, 1.08583376665e-11, 5.78323543568e-12, 4.99245870339e-12, 1.47613102297e-11, 9.40561777768e-12, 1.53422032023e-11, 1.09742093884e-11, 4.9024308918e-12, 1.42341206096e-12, 4.1151790634e-13, 8.56290244874e-13, 2.73959593075e-13, 1.97659881626e-13, 2.42183145283e-13, 2.26063972771e-13, 7.6091796709e-13, 3.36734112816e-13, 6.25616258017e-13, 4.65957242408e-13, 2.18736094233e-14],
        "var": [7.70724543214e-12, 3.35679466446e-08, 2.50958489545e-08, 4.0905847527e-06, 1.43072895753e-06, 2.39964833781e-07, 5.92611897332e-08, 9.29470900246e-08, 5.51527392645e-08, 1.78502279624e-08, 1.857882026e-08, 7.7676256538e-09, 2.16739870496e-08, 2.77129363901e-09, 2.22134755035e-09, 6.30709484639e-10, 6.23865314964e-09, 3.89456772387e-10, 7.399312274e-10, 4.25331367349e-11, 6.40459005274e-11, 6.99122357228e-11, 3.50637435753e-11, 6.24596555032e-11, 4.2193717964e-10, 5.87890847115e-10, 2.40824027387e-11, 8.38554746474e-12, 1.75142203258e-12, 1.47703951934e-12, 3.09177217248e-13, 4.72643241073e-15, 4.72316529878e-16, 9.09381189617e-18, 6.05209693704e-19, 1.00186015529e-19, 1.78218874096e-20, 1.01345788987e-20, 1.32101559696e-20, 5.30702198128e-22]
    },
    "mfcc": {
        "dmean": [37.8576431274, 11.9218673706, 21.9847068787, 13.6185541153, 10.7017755508, 9.46068477631, 7.87422704697, 9.75602722168, 7.29877710342, 7.09331846237, 7.2491607666, 6.58517122269, 6.23033857346],
        "dmean2": [53.9601821899, 17.1010951996, 31.5023670197, 19.4202880859, 15.3957958221, 14.197602272, 11.7881755829, 14.948592186, 11.110830307, 10.7676343918, 11.4904956818, 10.0330638885, 9.60039329529],
        "dvar": [1512.22399902, 218.987854004, 499.732879639, 132.309768677, 84.1782913208, 87.0163955688, 38.4628868103, 65.999671936, 35.1245346069, 33.5527458191, 35.4294013977, 31.7502117157, 25.8163337708],
        "dvar2": [2748.99365234, 313.766967773, 886.791992188, 263.099304199, 158.933364868, 180.149780273, 86.1104660034, 143.577407837, 81.9106216431, 82.015663147, 80.5059204102, 68.6562652588, 60.6260070801],
        "max": [-691.033996582, 246.782745361, 101.192382812, 131.523010254, 63.570438385, 29.6719055176, 36.3075485229, 27.8433322906, 9.58121871948, 29.5152759552, 18.393825531, 18.7583789825, 25.5211639404],
        "mean": [-809.034545898, 197.149246216, -39.9063873291, 34.3453674316, 11.7330980301, -25.610118866, -4.91892385483, -29.8064804077, -25.3391971588, -5.15688657761, -11.3589553833, -14.2435235977, -7.00877475739],
        "median": [-801.684875488, 198.78817749, -47.9631309509, 32.8304176331, 14.5877990723, -26.1065788269, -4.07632064819, -31.5755310059, -25.5163650513, -5.03249359131, -10.2865695953, -14.1661834717, -6.82235336304],
        "min": [-1138.42004395, 1.14440917969e-05, -121.801559448, -23.3512992859, -59.5520019531, -75.3787231445, -38.0197677612, -71.871887207, -60.8907089233, -47.5341186523, -44.9074134827, -45.9581871033, -38.3538627625],
        "var": [3756.02539062, 635.017333984, 1712.3104248, 581.272338867, 387.509338379, 288.015014648, 139.049957275, 254.285873413, 109.760665894, 165.822265625, 112.612541199, 90.6407241821, 89.087387085],
        "cov": [[3761.82177734, 186.537567139, -2256.65209961, 678.82434082, -546.801574707, -577.591674805, 293.35256958, -265.101898193, 2.47407436371, -84.933921814, -79.390045166, 57.3358230591, -129.457061768], [186.537567139, 635.997314453, 230.658828735, -343.80682373, 29.097869873, -78.1367340088, -64.8673553467, 115.206344604, -55.2225112915, -24.3449802399, -11.9604673386, -40.5930366516, -15.3017244339], [-2256.65209961, 230.658828735, 1714.95288086, -497.034240723, 287.847137451, 364.37789917, -240.901275635, 176.416473389, -15.5013608932, 4.7263174057, 44.4773483276, -55.3560905457, 47.4148635864], [678.82434082, -343.80682373, -497.034240723, 582.169372559, -16.2465457916, -64.7753372192, 63.5278663635, -235.284072876, -0.726184487343, 25.7954616547, -38.2265586853, 14.4760923386, -15.3096189499], [-546.801574707, 29.097869873, 287.847137451, -16.2465457916, 388.10736084, 149.335174561, -101.325866699, -47.0766868591, -61.5440063477, 103.185836792, 13.0112094879, -43.3244552612, 60.0728569031], [-577.591674805, -78.1367340088, 364.37789917, -64.7753372192, 149.335174561, 288.459503174, -33.9605789185, -58.0650939941, 15.03819561, 41.7054138184, 52.4742889404, 12.2446174622, 25.9390907288], [293.35256958, -64.8673553467, -240.901275635, 63.5278663635, -101.325866699, -33.9605789185, 139.264541626, 13.2230377197, -6.54987335205, -2.01266336441, -8.62638378143, 19.4025001526, -5.8642539978], [-265.101898193, 115.206344604, 176.416473389, -235.284072876, -47.0766868591, -58.0650939941, 13.2230377197, 254.678283691, 38.7604026794, -86.1967391968, -5.45796489716, -10.6874332428, -12.6802282333], [2.47407436371, -55.2225112915, -15.5013608932, -0.726184487343, -61.5440063477, 15.03819561, -6.54987335205, 38.7604026794, 109.930046082, -20.7701873779, -21.9275932312, 18.6526050568, -15.2859115601], [-84.933921814, -24.3449802399, 4.7263174057, 25.7954616547, 103.185836792, 41.7054138184, -2.01266336441, -86.1967391968, -20.7701873779, 166.078155518, 44.8293113708, -34.1183738708, 38.5650215149], [-79.390045166, -11.9604673386, 44.4773483276, -38.2265586853, 13.0112094879, 52.4742889404, -8.62638378143, -5.45796489716, -21.9275932312, 44.8293113708, 112.786323547, 20.6967525482, -3.23066473007], [57.3358230591, -40.5930366516, -55.3560905457, 14.4760923386, -43.3244552612, 12.2446174622, 19.4025001526, -10.6874332428, 18.6526050568, -34.1183738708, 20.6967525482, 90.7806015015, 17.8640632629], [-129.457061768, -15.3017244339, 47.4148635864, -15.3096189499, 60.0728569031, 25.9390907288, -5.8642539978, -12.6802282333, -15.2859115601, 38.5650215149, -3.23066473007, 17.8640632629, 89.2248687744]],
        "icov": [[0.635265052319, -0.884909570217, 0.85725736618, -0.799005568027, 0.732639312744, -0.647188782692, 0.554494798183, -0.451094776392, 0.356189072132, -0.257712602615, 0.172773078084, -0.0993553251028, 0.0430774949491], [-0.884909570217, 1.23595833778, -1.19479882717, 1.11647105217, -1.02280604839, 0.905625283718, -0.775050342083, 0.632593929768, -0.498133182526, 0.362092226744, -0.242494150996, 0.14031419158, -0.0598702169955], [0.85725736618, -1.19479882717, 1.16010963917, -1.08133816719, 0.994265735149, -0.883058667183, 0.759780406952, -0.620175659657, 0.491430103779, -0.357433944941, 0.242085844278, -0.140237316489, 0.0614948123693], [-0.799005568027, 1.11647105217, -1.08133816719, 1.01724863052, -0.933283805847, 0.831264436245, -0.717107474804, 0.591675102711, -0.467621773481, 0.34382468462, -0.232689186931, 0.137790083885, -0.059721019119], [0.732639312744, -1.02280604839, 0.994265735149, -0.933283805847, 0.866908013821, -0.772975325584, 0.671909034252, -0.553094565868, 0.443697035313, -0.328602254391, 0.226124107838, -0.133467361331, 0.0586453787982], [-0.647188782692, 0.905625283718, -0.883058667183, 0.831264436245, -0.772975325584, 0.701984345913, -0.609787106514, 0.508720755577, -0.409345954657, 0.305581092834, -0.215403556824, 0.129012718797, -0.0590742006898], [0.554494798183, -0.775050342083, 0.759780406952, -0.717107474804, 0.671909034252, -0.609787106514, 0.548005223274, -0.453005999327, 0.36836463213, -0.279389262199, 0.198677748442, -0.123917743564, 0.0572077892721], [-0.451094776392, 0.632593929768, -0.620175659657, 0.591675102711, -0.553094565868, 0.508720755577, -0.453005999327, 0.390242695808, -0.314304947853, 0.243378937244, -0.173767760396, 0.111413262784, -0.0523816980422], [0.356189072132, -0.498133182526, 0.491430103779, -0.467621773481, 0.443697035313, -0.409345954657, 0.36836463213, -0.314304947853, 0.268958359957, -0.201287984848, 0.149214565754, -0.0965448617935, 0.0476103052497], [-0.257712602615, 0.362092226744, -0.357433944941, 0.34382468462, -0.328602254391, 0.305581092834, -0.279389262199, 0.243378937244, -0.201287984848, 0.169570237398, -0.122514806688, 0.0837504863739, -0.0432343706489], [0.172773078084, -0.242494150996, 0.242085844278, -0.232689186931, 0.226124107838, -0.215403556824, 0.198677748442, -0.173767760396, 0.149214565754, -0.122514806688, 0.102080456913, -0.0655658692122, 0.0345994085073], [-0.0993553251028, 0.14031419158, -0.140237316489, 0.137790083885, -0.133467361331, 0.129012718797, -0.123917743564, 0.111413262784, -0.0965448617935, 0.0837504863739, -0.0655658692122, 0.0594758056104, -0.0289035439491], [0.0430774949491, -0.0598702169955, 0.0614948123693, -0.059721019119, 0.0586453787982, -0.0590742006898, 0.0572077892721, -0.0523816980422, 0.0476103052497, -0.0432343706489, 0.0345994085073, -0.0289035439491, 0.028403673321]]
    }
}

}