{
"metadata": {
    "version": {
        "essentia": "2.0.1",
        "extractor": "archive-music 1.0 mod ismir14"
    },
    "audio_properties": {
        "analysis_sample_rate": 44100,
        "bitrate": 128,
        "channels": 2,
        "equal_loudness": 0,
        "length": 30.0669155121,
        "replay_gain": -14.3525009155,
        "downmix": "mix"
    },
    "tags": {
        "track": 0,
        "year": 0,
        "album": "",
        "artist": "",
        "comment": "",
        "genre": "",
        "title": ""
    }
},
"rhythm": {
    "bpm": 109.27457428,
    "bpm_histogram_first_peak": 110,
    "bpm_histogram_first_peak_spread": 0.490566015244,
    "bpm_histogram_first_peak_weight": 0.509433984756,
    "bpm_histogram_second_peak": 0,
    "bpm_histogram_second_peak_spread": 0,
    "bpm_histogram_second_peak_weight": 0
},
"tonal": {
    "tuning_frequency": {
        "dmean": 0.0710171833634,
        "dmean2": 0.117785774171,
        "dvar": 0.482130408287,
        "dvar2": 0.958121299744,
        "max": 449.504882812,
        "mean": 442.655517578,
        "median": 443.316436768,
        "min": 434.695007324,
        "var": 1.08194231987
    },
    "hpcp": {
        "dmean": [0.134300485253, 0.0773816779256, 0.0705452039838, 0.129744321108, 0.0731359198689, 0.110398724675, 0.0551847629249, 0.0827999264002, 0.110550276935, 0.0493048503995, 0.121133252978, 0.0769608020782],
        "dmean2": [0.239190101624, 0.142313718796, 0.124834559858, 0.220660552382, 0.1361631006, 0.194274663925, 0.103916034102, 0.144007056952, 0.183112338185, 0.090148806572, 0.20428045094, 0.142828509212],
        "dvar": [0.0701109543443, 0.0427095815539, 0.0335009545088, 0.0559321939945, 0.0374136455357, 0.046327419579, 0.0260953400284, 0.031566850841, 0.0450803674757, 0.0225654877722, 0.0526806525886, 0.0400815494359],
        "dvar2": [0.184660539031, 0.10718293488, 0.0886255502701, 0.119745336473, 0.0991911590099, 0.120174072683, 0.0742492601275, 0.0792133435607, 0.11057536304, 0.0622663721442, 0.13231870532, 0.109705105424],
        "max": [1, 1, 1, 1, 1, 1, 1, 1, 1, 1, 1, 1],
        "mean": [0.170040130615, 0.210841074586, 0.0513523332775, 0.413918465376, 0.0517045296729, 0.216090485454, 0.0337641984224, 0.100207194686, 0.206369057298, 0.0335850380361, 0.217086151242, 0.0503266267478],
        "median": [0.0222851391882, 0.00475822994485, 0.00365903554484, 0.165579766035, 0.00275186891668, 0.0347432419658, 0.00244929548353, 0.0104783056304, 0.0569604560733, 0.00230851769447, 0.051684062928, 0.0024502587039],
        "min": [1.26701092995e-06, 9.76188948698e-06, 3.93862637793e-06, 0, 3.53240375262e-06, 9.99883013719e-07, 8.46614057082e-07, 2.83811677946e-05, 8.97353231721e-07, 2.05738228942e-06, 5.01976501255e-06, 2.04070533982e-06],
        "var": [0.09571865201, 0.14602637291, 0.0247748196125, 0.189200386405, 0.028439220041, 0.11877130717, 0.0153851173818, 0.0494175851345, 0.100756675005, 0.0144089693204, 0.106884688139, 0.026500781998]
    }
},
"lowlevel": {
    "melbands": {
        "dmean": [0.000506590527948, 0.000867380469572, 0.00062877999153, 0.000397911644541, 0.00016546912957, 0.000152317777975, 8.79620274645e-05, 0.000122225435916, 0.000168724756804, 0.000113044632599, 2.75216079899e-05, 3.28576788888e-05, 1.98407560674e-05, 2.20556721615e-05, 2.15984055103e-05, 2.07705161301e-05, 1.94677595573e-05, 1.67607504409e-05, 9.51000038185e-06, 1.52874708874e-05, 6.95613289281e-06, 4.969091151e-06, 5.07994309373e-06, 3.35619506586e-06, 1.97909707822e-06, 1.39621818107e-06, 8.51242134559e-07, 6.05798220477e-07, 6.54239954656e-07, 4.80388564483e-07, 4.10443334431e-07, 4.06381758467e-07, 3.67085164044e-07, 2.60979987843e-07, 2.07812021813e-07, 1.52207491055e-07, 8.59599182945e-08, 2.82090901749e-08, 7.10496994571e-09, 6.6567162893e-10],
        "dmean2": [0.000869910931215, 0.00141359737609, 0.000961412442848, 0.000655651558191, 0.000267059425823, 0.000228690420045, 0.000140486677992, 0.000186534103705, 0.000260917382548, 0.000180127419299, 4.16451221099e-05, 5.5013657402e-05, 2.99911262118e-05, 3.51444323314e-05, 3.43444153259e-05, 3.29895592586e-05, 3.21591942338e-05, 2.62920129899e-05, 1.47565642692e-05, 2.30627774727e-05, 1.09713382699e-05, 7.7947124737e-06, 8.06221214589e-06, 5.29196904608e-06, 3.17055128107e-06, 2.24297627938e-06, 1.32282616505e-06, 9.07264279704e-07, 9.81962102742e-07, 7.19187653431e-07, 6.18069293523e-07, 5.85160535138e-07, 5.37827872904e-07, 3.73279249288e-07, 2.83153951841e-07, 2.06952464055e-07, 1.20942559079e-07, 3.98537913782e-08, 1.01090149585e-08, 1.02684449832e-09],
        "dvar": [1.8447748289e-06, 1.48082062879e-06, 5.6324478237e-07, 5.39952509371e-07, 4.67359164702e-08, 7.29484739281e-08, 2.18506226446e-08, 6.24321998544e-08, 9.91461490685e-08, 7.68056338529e-08, 4.49785630963e-09, 1.00123829228e-08, 2.83808310186e-09, 3.11631165317e-09, 3.86842557987e-09, 2.41275199819e-09, 1.63338076398e-09, 1.71940761629e-09, 4.43691250407e-10, 2.34161579016e-09, 1.99963046121e-10, 7.67479690911e-11, 1.23139526353e-10, 4.17046848444e-11, 1.14775732321e-11, 8.93676018604e-12, 2.50804737222e-12, 1.24748659753e-12, 1.39497701585e-12, 8.54113437962e-13, 7.15740400975e-13, 7.12927546859e-13, 6.08159573048e-13, 4.1075430275e-13, 3.59270068123e-13, 3.17877153636e-13, 1.60685470463e-13, 1.16168061498e-14, 7.26537745947e-16, 1.39313345176e-17],
        "dvar2": [4.99693987877e-06, 3.72353269995e-06, 1.41670545872e-06, 1.52564928158e-06, 1.27120586058e-07, 1.54891935722e-07, 5.17948137713e-08, 1.34922544248e-07, 2.10656850186e-07, 1.77898584752e-07, 7.83045095432e-09, 2.35849260122e-08, 6.40501029991e-09, 7.63433138928e-09, 9.05950692243e-09, 5.53808288117e-09, 4.13372092112e-09, 3.48108986081e-09, 9.59335610951e-10, 5.61265789401e-09, 4.92697160848e-10, 2.08823319747e-10, 2.92535218271e-10, 1.02593981921e-10, 2.69296321354e-11, 2.33043827291e-11, 6.08575256161e-12, 2.86846414677e-12, 3.02149776553e-12, 1.93449900196e-12, 1.59114214859e-12, 1.47577935115e-12, 1.16208388398e-12, 7.80822509514e-13, 6.18904612889e-13, 5.63435040811e-13, 3.18975342016e-13, 1.92990273691e-14, 1.40873416414e-15, 3.4631901578e-17],
        "max": [0.00981874670833, 0.00922119058669, 0.00855618249625, 0.00579466018826, 0.00169434712734, 0.00246046995744, 0.00145903835073, 0.00261264271103, 0.0036927787587, 0.0042094620876, 0.00120713957585, 0.00153762078844, 0.00087474018801, 0.000513778999448, 0.000648352084681, 0.000502844864968, 0.000380666926503, 0.000624923501164, 0.000223625975195, 0.00112971023191, 0.000254647427937, 9.79041869869e-05, 0.000166750571225, 8.98635626072e-05, 3.32279305439e-05, 3.94645794586e-05, 1.91054841707e-05, 9.68439144344e-06, 1.09280845209e-05, 8.71648808243e-06, 8.41507790028e-06, 8.18387252366e-06, 1.04842474684e-05, 9.43538634601e-06, 1.35655991471e-05, 1.35900436362e-05, 9.46548880165e-06, 2.48324613494e-06, 6.08018808634e-07, 7.93661243392e-08],
        "mean": [0.000646847533062, 0.00265461066738, 0.00192255654838, 0.000725641613826, 0.000303908367641, 0.000266368326265, 0.000142013232107, 0.000174950197106, 0.000239702509134, 0.000178333561053, 3.78683362214e-05, 3.89597116737e-05, 2.63200854533e-05, 2.61712812062e-05, 2.54818205576e-05, 2.76020382444e-05, 2.47164007305e-05, 2.36459018197e-05, 1.31031520141e-05, 2.70768741757e-05, 1.14136091725e-05, 7.88497982285e-06, 1.05209492176e-05, 6.27652070762e-06, 3.06513970827e-06, 1.94297467715e-06, 1.08185099634e-06, 7.38322057714e-07, 8.21816911412e-07, 5.74763021177e-07, 4.79489415284e-07, 4.74430919439e-07, 4.34040089203e-07, 3.18936827171e-07, 2.46917778668e-07, 1.678171202e-07, 9.18406541928e-08, 3.09113623587e-08, 7.32650740076e-09, 5.8765292632e-10],
        "median": [0.000362051767297, 0.00238620070741, 0.00178876251448, 0.000513082370162, 0.000213186067413, 9.61092955549e-05, 6.52286835248e-05, 5.87387730775e-05, 6.18234917056e-05, 3.76509669877e-05, 1.10691298687e-05, 1.03355705505e-05, 7.39957204132e-06, 5.65882828596e-06, 6.26595192443e-06, 5.90180343352e-06, 5.00213036503e-06, 5.42613315702e-06, 3.60828380508e-06, 3.31104433826e-06, 3.37185110766e-06, 3.24807547258e-06, 2.39822634285e-06, 1.54539679897e-06, 1.08224719497e-06, 7.37825814667e-07, 3.89789704514e-07, 2.50971311289e-07, 2.50872261631e-07, 1.28867739591e-07, 1.04812848178e-07, 9.93355726564e-08, 9.47780662841e-08, 7.41605532539e-08, 5.23174996658e-08, 3.64539864961e-08, 1.97684997261e-08, 6.41573905114e-09, 1.48681156276e-09, 9.28041740678e-11],
        "min": [3.57968932274e-10, 1.1868957206e-10, 2.75657469073e-10, 1.98626892711e-10, 9.22131815351e-10, 6.65351107543e-10, 3.77582021205e-10, 1.32822822185e-10, 1.08057396364e-10, 7.45467923502e-11, 1.93147650651e-10, 2.68273486759e-10, 5.32861421654e-10, 3.18421206069e-10, 2.1628968061e-10, 2.66104249746e-10, 1.95300678407e-10, 1.20714022112e-10, 9.6797077298e-11, 6.1606046653e-11, 4.43590789101e-11, 2.82254913886e-11, 1.94458789349e-11, 2.1728788907e-11, 1.23147221587e-11, 1.14968815718e-11, 1.90558940155e-11, 2.22068752276e-11, 1.51782284658e-11, 1.93344940752e-11, 1.46224907183e-11, 1.03279971381e-11, 6.90688565369e-12, 7.76132803859e-12, 6.6576783149e-12, 4.67806522686e-12, 3.58745802162e-12, 1.55728598419e-12, 2.37376768632e-13, 1.72102373449e-14],
        "var": [1.392668878e-06, 3.66298968402e-06, 1.52641132445e-06, 5.37959181202e-07, 8.50432044786e-08, 1.68379784782e-07, 4.00243713727e-08, 1.12757781778e-07, 2.04711497531e-07, 1.97765842813e-07, 8.76049721654e-09, 1.16435394659e-08, 4.9488217968e-09, 3.70596464627e-09, 4.53619852792e-09, 4.01378130732e-09, 2.89846258106e-09, 3.31803984288e-09, 7.30475790967e-10, 1.02425188331e-08, 5.24547960623e-10, 1.37647671039e-10, 5.54629231431e-10, 1.71297698248e-10, 2.28583766498e-11, 1.05683682292e-11, 2.99345921315e-12, 1.59222006239e-12, 2.06070989266e-12, 1.17345608057e-12, 8.9699666965e-13, 9.62489419762e-13, 8.89834321678e-13, 6.00354401609e-13, 5.41522555964e-13, 4.3644089536e-13, 1.86959226312e-13, 1.70177457195e-14, 8.94715925866e-16, 1.15931099929e-17]
    },
    "mfcc": {
        "dmean": [30.9251594543, 14.9495182037, 11.629986763, 9.46576499939, 9.37961292267, 8.02893257141, 7.12450361252, 6.37266111374, 6.11299133301, 6.40681219101, 5.69927549362, 5.48516988754, 5.26916980743],
        "dmean2": [39.6913223267, 19.1258354187, 15.6485385895, 13.8838024139, 13.0591821671, 11.8859415054, 10.5719671249, 9.78923416138, 9.52417182922, 9.61107444763, 8.93186283112, 8.60607624054, 8.09665298462],
        "dvar": [1524.52001953, 272.504455566, 148.320968628, 78.0029449463, 78.0631332397, 52.3718910217, 36.0124702454, 29.6753463745, 28.5612754822, 31.616853714, 25.3254146576, 22.7604007721, 18.4725322723],
        "dvar2": [2465.85839844, 423.537536621, 248.552581787, 158.640762329, 143.77394104, 106.877235413, 77.5653991699, 62.6330108643, 67.9104614258, 68.7586746216, 56.9782409668, 50.5454826355, 44.2813186646],
        "max": [-590.105102539, 247.124053955, 109.858535767, 96.7172088623, 56.3402137756, 55.9141311646, 23.5658149719, 53.5167198181, 21.8363685608, 44.7614059448, 28.8526496887, 27.9800453186, 18.4453048706],
        "mean": [-723.264770508, 182.502365112, -4.96419811249, 43.634727478, 7.45672273636, 15.8052625656, -12.4871730804, 12.0091333389, -6.38636064529, 7.1066327095, -2.18890500069, 2.09535336494, -8.07218456268],
        "median": [-712.172302246, 185.322174072, -7.12997436523, 42.7680130005, 6.8641204834, 16.6235809326, -12.1358070374, 12.5930728912, -6.27940177917, 5.98978614807, -3.5591583252, 1.79656600952, -7.83270835876],
        "min": [-1138.42004395, 1.14440917969e-05, -100.393333435, -41.4462203979, -38.2770004272, -31.8391685486, -57.9846839905, -27.5947875977, -40.6943206787, -28.0863418579, -25.9639453888, -23.5018005371, -29.3048686981],
        "var": [5080.51074219, 995.797363281, 1039.86474609, 488.852935791, 306.563964844, 213.185821533, 204.419845581, 127.310836792, 84.4042129517, 138.387237549, 93.0057296753, 68.4855880737, 62.95287323],
        "cov": [[5088.35107422, -767.866882324, -1084.01635742, 226.407211304, -577.698547363, 189.628585815, -456.812652588, 228.244338989, -214.003616333, 205.574249268, -127.689239502, 116.167785645, -153.58795166], [-767.866882324, 997.334106445, -191.429489136, -341.001098633, 139.478546143, -194.723266602, 166.874969482, -120.382606506, 34.9558868408, -41.5973243713, 110.321556091, -54.245929718, 41.2887077332], [-1084.01635742, -191.429489136, 1041.46948242, 226.628250122, -22.5239486694, 202.321258545, 116.044136047, 41.3657646179, 10.8449773788, -69.1407318115, -51.7115898132, 0.836201429367, 12.3289289474], [226.407211304, -341.001098633, 226.628250122, 489.60736084, 60.4387245178, 58.1663513184, -134.992050171, 59.6240959167, 20.6541061401, -46.1040534973, -78.3877105713, 14.9002485275, 1.96100175381], [-577.698547363, 139.478546143, -22.5239486694, 60.4387245178, 307.03704834, -75.9451065063, -6.9118142128, -19.6436309814, 37.0179634094, -8.21134281158, 19.6833209991, -3.09343528748, 15.3190555573], [189.628585815, -194.723266602, 202.321258545, 58.1663513184, -75.9451065063, 213.514801025, 36.0513839722, 31.5388088226, -17.0163440704, 20.5026702881, -11.8994569778, 12.1281375885, -17.9392623901], [-456.812652588, 166.874969482, 116.044136047, -134.992050171, -6.9118142128, 36.0513839722, 204.735321045, -4.55402374268, -12.8071231842, 10.4061803818, 42.9169387817, -4.21255350113, 5.73932218552], [228.244338989, -120.382606506, 41.3657646179, 59.6240959167, -19.6436309814, 31.5388088226, -4.55402374268, 127.50730896, -14.8613414764, 12.0208511353, -3.33358836174, 30.1081390381, -12.7778739929], [-214.003616333, 34.9558868408, 10.8449773788, 20.6541061401, 37.0179634094, -17.0163440704, -12.8071231842, -14.8613414764, 84.5344619751, 2.35119056702, -4.16193008423, -11.0492343903, 6.23260211945], [205.574249268, -41.5973243713, -69.1407318115, -46.1040534973, -8.21134281158, 20.5026702881, 10.4061803818, 12.0208511353, 2.35119056702, 138.600784302, 44.75756073, -1.81564235687, -30.7874641418], [-127.689239502, 110.321556091, -51.7115898132, -78.3877105713, 19.6833209991, -11.8994569778, 42.9169387817, -3.33358836174, -4.16193008423, 44.75756073, 93.1492538452, 8.62225151062, -6.79983949661], [116.167785645, -54.245929718, 0.836201429367, 14.9002485275, -3.09343528748, 12.1281375885, -4.21255350113, 30.1081390381, -11.0492343903, -1.81564235687, 8.62225151062, 68.5912780762, 15.1410608292], [-153.58795166, 41.2887077332, 12.3289289474, 1.96100175381, 15.3190555573, -17.9392623901, 5.73932218552, -12.7778739929, 6.23260211945, -30.7874641418, -6.79983949661, 15.1410608292, 63.0500221252]],
        "icov": [[0.00144832010847, -0.000795745698269, 0.00182665069588, -0.0012389839394, 0.00231949659064, -0.00194276426919, 0.00205230084248, -0.00123176933266, 0.00253896880895, -0.00203350698575, 0.00257775536738, -0.0020664036274, 0.00170803000219], [-0.000795745698269, 0.00278993626125, -0.000903060426936, 0.00157132116146, -0.00189468206372, 0.00235002534464, -0.00240820064209, 0.00135431624949, -0.00205661519431, 0.00249863998033, -0.00335039338097, 0.00247818860225, -0.00154810282402], [0.00182665069588, -0.000903060426936, 0.00389418867417, -0.00238539883867, 0.00293327076361, -0.00352348596789, 0.00116211175919, -0.00158610357903, 0.00276125525124, -0.00183290441055, 0.00342419859953, -0.00228115194477, 0.001960454043], [-0.0012389839394, 0.00157132116146, -0.00238539883867, 0.0053120944649, -0.00334170041606, 0.00124541728292, 0.000586866342928, -0.000102349586086, -0.00273246853612, 0.00264865392819, -0.00154443539213, 0.00214127870277, -0.00177110673394], [0.00231949659064, -0.00189468206372, 0.00293327076361, -0.00334170041606, 0.00802873913199, -0.00187276385259, 0.00295053701848, -0.00161728274543, 0.00294726993889, -0.00357211520895, 0.00326843978837, -0.0037476317957, 0.00255826930515], [-0.00194276426919, 0.00235002534464, -0.00352348596789, 0.00124541728292, -0.00187276385259, 0.0105849094689, -0.00477346917614, 0.00198061810806, -0.00304931239225, 0.00175864971243, -0.00358153320849, 0.00203638360836, -0.00103369506542], [0.00205230084248, -0.00240820064209, 0.00116211175919, 0.000586866342928, 0.00295053701848, -0.00477346917614, 0.011977776885, -0.0029297338333, 0.00472479779273, -0.00322909490205, 0.00202857586555, -0.00239442544989, 0.00132171879523], [-0.00123176933266, 0.00135431624949, -0.00158610357903, -0.000102349586086, -0.00161728274543, 0.00198061810806, -0.0029297338333, 0.011428669095, -0.00133179267868, 0.0011885749409, -0.00222275056876, -0.00255667348392, 0.00105151045136], [0.00253896880895, -0.00205661519431, 0.00276125525124, -0.00273246853612, 0.00294726993889, -0.00304931239225, 0.00472479779273, -0.00133179267868, 0.0180363245308, -0.00532831018791, 0.00558283086866, -0.00209104013629, 0.0015124999918], [-0.00203350698575, 0.00249863998033, -0.00183290441055, 0.00264865392819, -0.00357211520895, 0.00175864971243, -0.00322909490205, 0.0011885749409, -0.00532831018791, 0.0139688858762, -0.0092909745872, 0.00414697034284, 0.000939185381867], [0.00257775536738, -0.00335039338097, 0.00342419859953, -0.00154443539213, 0.00326843978837, -0.00358153320849, 0.00202857586555, -0.00222275056876, 0.00558283086866, -0.0092909745872, 0.0224751569331, -0.00804352667183, 0.00467037502676], [-0.0020664036274, 0.00247818860225, -0.00228115194477, 0.00214127870277, -0.0037476317957, 0.00203638360836, -0.00239442544989, -0.00255667348392, -0.00209104013629, 0.00414697034284, -0.00804352667183, 0.022865479812, -0.00921412557364], [0.00170803000219, -0.00154810282402, 0.001960454043, -0.00177110673394, 0.00255826930515, -0.00103369506542, 0.00132171879523, 0.00105151045136, 0.0015124999918, 0.000939185381867, 0.00467037502676, -0.00921412557364, 0.0229092538357]]
    }
}

}