{
"metadata": {
    "version": {
        "essentia": "2.0.1",
        "extractor": "archive-music 1.0 mod ismir14"
    },
    "audio_properties": {
        "analysis_sample_rate": 44100,
        "bitrate": 96,
        "channels": 2,
        "equal_loudness": 0,
        "length": 30.0669155121,
        "replay_gain": -13.4506072998,
        "downmix": "mix"
    },
    "tags": {
        "track": 0,
        "year": 0,
        "album": "",
        "artist": "",
        "comment": "",
        "genre": "",
        "title": ""
    }
},
"rhythm": {
    "bpm": 88.3257827759,
    "bpm_histogram_first_peak": 89,
    "bpm_histogram_first_peak_spread": 0.309523761272,
    "bpm_histogram_first_peak_weight": 0.674418628216,
    "bpm_histogram_second_peak": 94,
    "bpm_histogram_second_peak_spread": 0,
    "bpm_histogram_second_peak_weight": 0.0232558138669
},
"tonal": {
    "tuning_frequency": {
        "dmean": 0.318737834692,
        "dmean2": 0.592313766479,
        "dvar": 4.22273588181,
        "dvar2": 9.60269451141,
        "max": 456.306610107,
        "mean": 442.205352783,
        "median": 440.763122559,
        "min": 431.692352295,
        "var": 22.9206256866
    },
    "hpcp": {
        "dmean": [0.169668510556, 0.160250172019, 0.170973524451, 0.232485309243, 0.0922154709697, 0.151078626513, 0.202879026532, 0.241555720568, 0.169675141573, 0.129281684756, 0.252921640873, 0.0763362571597],
        "dmean2": [0.28643450141, 0.282600969076, 0.299383491278, 0.405610978603, 0.165504515171, 0.256912738085, 0.347042798996, 0.40094473958, 0.290192633867, 0.227173179388, 0.42973908782, 0.134592607617],
        "dvar": [0.0435914508998, 0.0557446479797, 0.0612299479544, 0.0769764259458, 0.0229012295604, 0.0525101423264, 0.0612162202597, 0.064838051796, 0.0537062101066, 0.0377802997828, 0.0716559141874, 0.018981995061],
        "dvar2": [0.105996049941, 0.146252468228, 0.145327210426, 0.181173712015, 0.0630901604891, 0.109272010624, 0.146797120571, 0.154054909945, 0.133356794715, 0.10274169594, 0.147629514337, 0.0506119839847],
        "max": [1, 1, 1, 1, 1, 1, 1, 1, 1, 1, 1, 1],
        "mean": [0.237074956298, 0.139395132661, 0.173714846373, 0.278963565826, 0.0797371044755, 0.255913794041, 0.278325736523, 0.329162538052, 0.197154760361, 0.114220194519, 0.624765336514, 0.0755349323153],
        "median": [0.134241804481, 0.0410737358034, 0.0584742203355, 0.126461520791, 0.0281891562045, 0.0822833701968, 0.143545672297, 0.205984696746, 0.0699160322547, 0.0387783534825, 0.661539494991, 0.0319694578648],
        "min": [0.00266026845202, 0, 0, 0, 0.000332316791173, 0.00178843981121, 0.000498911365867, 0, 0.000531344907358, 0, 0, 0],
        "var": [0.0707074999809, 0.0501827262342, 0.0698390975595, 0.105691954494, 0.0185671467334, 0.112880386412, 0.104650937021, 0.107718914747, 0.0777080133557, 0.0359540879726, 0.128264516592, 0.0173571053892]
    }
},
"lowlevel": {
    "melbands": {
        "dmean": [4.77171633975e-05, 0.000211011021747, 0.000217820270336, 0.000105320199509, 6.67958665872e-05, 0.000116491035442, 0.000128291067085, 0.000130655491375, 0.000130400017952, 6.8663735874e-05, 5.03394985572e-05, 2.94063775073e-05, 2.38603824982e-05, 1.51583999468e-05, 2.41886609729e-05, 1.4547689716e-05, 1.60234740179e-05, 1.28612382468e-05, 1.00093166111e-05, 8.724457075e-06, 6.91794593877e-06, 6.95639755577e-06, 8.65005404194e-06, 9.81054927252e-06, 7.06395667294e-06, 5.37978530701e-06, 4.5466690608e-06, 2.66135862148e-06, 1.46870411299e-06, 1.2235440181e-06, 9.0122483698e-07, 5.19387469922e-07, 2.63426017e-07, 1.92876044025e-07, 1.78518433813e-07, 1.34578499456e-07, 8.22914145715e-08, 3.41800614478e-08, 6.48462927799e-09, 3.07957298551e-10],
        "dmean2": [7.11669854354e-05, 0.000332877913024, 0.000348470872268, 0.000140085612657, 0.000107011735963, 0.000188281890587, 0.000210229467484, 0.000221760026761, 0.000186902150745, 0.00010133448086, 7.44200588088e-05, 4.68449179607e-05, 3.69722401956e-05, 2.39113596763e-05, 3.7322875869e-05, 2.10930356843e-05, 2.4326816856e-05, 2.03232630156e-05, 1.60496419994e-05, 1.35274030981e-05, 1.09662360046e-05, 1.05500857899e-05, 1.26150334836e-05, 1.42353146657e-05, 1.09350548883e-05, 7.91149886936e-06, 7.12639985068e-06, 4.11633891417e-06, 2.3794716526e-06, 1.91334288502e-06, 1.35687298553e-06, 8.03077682576e-07, 3.98708351668e-07, 3.05440920556e-07, 2.87807694122e-07, 2.15177038854e-07, 1.34523006068e-07, 5.63837190271e-08, 1.0736035172e-08, 5.14433273757e-10],
        "dvar": [3.6380072288e-09, 9.25879177771e-08, 7.53051736524e-08, 2.84709766873e-08, 8.3779658766e-09, 1.99995007222e-08, 3.17373789471e-08, 5.51688827954e-08, 4.87972471319e-08, 2.42715074705e-08, 6.51920384342e-09, 1.03509272265e-08, 6.23988594128e-09, 1.43243050754e-09, 4.26249480157e-09, 1.36232691794e-09, 2.32816210755e-09, 7.93539400856e-10, 5.10733844106e-10, 6.2996741157e-10, 1.97764526977e-10, 1.80658821236e-10, 2.98449182035e-10, 4.74069727918e-10, 2.10328560124e-10, 1.05238977255e-10, 1.28949115275e-10, 5.37663351341e-11, 7.03397539867e-12, 8.12555491642e-12, 4.91269178116e-12, 1.4418043582e-12, 2.05497104793e-13, 7.6752799537e-14, 6.56747266704e-14, 3.01318757272e-14, 1.09851931628e-14, 2.87756722171e-15, 1.08842615374e-16, 2.25372699118e-19],
        "dvar2": [5.92131321753e-09, 2.0322541161e-07, 1.67499138115e-07, 4.89713372076e-08, 2.11839061848e-08, 4.83611799496e-08, 8.16364291722e-08, 1.47104202597e-07, 7.57147802233e-08, 4.0048899308e-08, 1.27557573393e-08, 2.4244489083e-08, 1.25982237975e-08, 2.84655499172e-09, 9.40550926032e-09, 2.6081481419e-09, 5.53248646895e-09, 1.8901784582e-09, 1.28623334206e-09, 1.62070512566e-09, 4.26748136828e-10, 4.00860566963e-10, 5.03069808033e-10, 1.06253550403e-09, 4.68624805627e-10, 2.26525700975e-10, 2.78794182185e-10, 1.00502051126e-10, 1.76681742153e-11, 1.78877121448e-11, 1.0781392272e-11, 3.17001112859e-12, 4.23367043463e-13, 1.47384938997e-13, 1.45260485498e-13, 7.14742325113e-14, 2.74187631285e-14, 7.45809037222e-15, 2.81165228242e-16, 5.93133942435e-19],
        "max": [0.000848471594509, 0.0032061834354, 0.00254915445112, 0.00232688616961, 0.0012226755498, 0.00121647340711, 0.00135736435186, 0.00166841549799, 0.00395336281508, 0.00250150333159, 0.00111192103941, 0.00114794471301, 0.00107014225796, 0.000496870139614, 0.00086181354709, 0.000570853415411, 0.00074251787737, 0.000342700193869, 0.000219341542106, 0.000408989290008, 0.000139076189953, 0.000134143774631, 0.000198237874429, 0.000327660411131, 0.000196395354578, 0.000117564944958, 0.000154570501763, 0.000104183098301, 2.85262467514e-05, 5.84175395488e-05, 3.56118252967e-05, 2.02941009775e-05, 6.98510348229e-06, 4.98027748108e-06, 3.32933495883e-06, 2.11576116271e-06, 1.08937251753e-06, 7.02332954461e-07, 9.45322824464e-08, 3.93976806734e-09],
        "mean": [7.93438302935e-05, 0.000292405078653, 0.000324947934132, 0.000168017795659, 9.15207565413e-05, 0.00016663808492, 0.0001646689052, 0.000123478399473, 0.00019939331105, 0.000101568861282, 7.71323393565e-05, 3.44888539985e-05, 2.75162856269e-05, 1.93115320144e-05, 3.06007132167e-05, 1.79925427801e-05, 1.89241090993e-05, 1.57643862622e-05, 1.11691815619e-05, 9.9232647699e-06, 9.11138431547e-06, 9.22152594285e-06, 1.40869897223e-05, 1.55728321261e-05, 1.00195884443e-05, 8.46509828989e-06, 7.06220180291e-06, 4.0221875679e-06, 2.18956711251e-06, 1.78831885478e-06, 1.46176512317e-06, 9.01787586827e-07, 4.55994154436e-07, 3.53681656406e-07, 3.19336606935e-07, 2.21898503128e-07, 1.35256570388e-07, 5.44054508111e-08, 9.48947675994e-09, 3.55815293895e-10],
        "median": [4.82012983412e-05, 0.00017309046234, 0.000222695060074, 9.49504901655e-05, 5.92548421992e-05, 0.000113498361316, 8.71679731063e-05, 4.05739228881e-05, 8.38798441691e-05, 4.25658618042e-05, 3.80964993383e-05, 8.98152029549e-06, 6.21122399025e-06, 6.24218500889e-06, 1.20893773783e-05, 5.35931030754e-06, 4.73223781228e-06, 3.67807047041e-06, 3.3570765936e-06, 2.14848819269e-06, 2.24169070862e-06, 2.06478443943e-06, 1.91819231077e-06, 1.51762492351e-06, 2.20688730224e-06, 2.38285974774e-06, 1.0585409882e-06, 1.08824576728e-06, 1.12373618322e-06, 6.40011023734e-07, 4.04089917083e-07, 3.65585606232e-07, 2.20534587925e-07, 2.06358791388e-07, 1.77136143975e-07, 1.24095848264e-07, 8.90759039862e-08, 3.42116805996e-08, 5.30703259116e-09, 1.77326001105e-10],
        "min": [4.34821467721e-09, 7.16376380439e-09, 5.32996802249e-09, 3.15211656776e-09, 1.19146592592e-09, 5.87428883314e-10, 5.24846444083e-10, 3.71880332084e-10, 2.42703329656e-10, 4.36593920738e-11, 3.26923340829e-12, 5.12124847737e-12, 3.98250737943e-11, 1.15701677406e-10, 9.60607912659e-11, 4.13262028764e-11, 3.77390792228e-11, 2.07323255785e-11, 3.17594388288e-11, 2.09291264874e-11, 2.00696490676e-11, 1.88338494106e-11, 4.24129342758e-11, 6.31714541788e-11, 3.06506313386e-11, 9.57931390461e-12, 1.18922692874e-11, 1.24438523721e-11, 1.25628873623e-11, 2.25905370799e-11, 1.0972903223e-13, 6.74194424247e-12, 6.47877888491e-12, 2.12495602711e-12, 2.87587965594e-12, 4.2850631897e-12, 3.36504175219e-12, 1.10461834991e-12, 5.57735552621e-13, 1.73327183091e-14],
        "var": [1.03020632025e-08, 1.21611975601e-07, 1.04564726655e-07, 5.99560365799e-08, 1.07997930598e-08, 2.73693281372e-08, 3.77664512996e-08, 4.63559288733e-08, 1.79532079869e-07, 5.50507301966e-08, 1.49807295458e-08, 1.12387104068e-08, 8.41846414801e-09, 2.18782969519e-09, 5.25532062312e-09, 2.05480454873e-09, 2.95945223883e-09, 1.41846800972e-09, 5.39941535926e-10, 8.0418632864e-10, 3.46566608744e-10, 3.09299530432e-10, 8.15944867227e-10, 1.20875975895e-09, 4.27557184102e-10, 2.4807872423e-10, 2.9027946713e-10, 1.05776283565e-10, 1.14988955857e-11, 1.51892404904e-11, 1.01227871571e-11, 2.53294477406e-12, 5.18432031246e-13, 2.28741721744e-13, 1.98400771181e-13, 7.03183645752e-14, 1.86235473928e-14, 3.56220129484e-15, 1.42555459734e-16, 2.75693688845e-19]
    },
    "mfcc": {
        "dmean": [28.3734264374, 9.92998886108, 12.0606575012, 7.949198246, 8.34142494202, 6.88396024704, 7.22336530685, 6.76688766479, 5.99210453033, 6.45079040527, 6.10178518295, 5.31964492798, 5.88411140442],
        "dmean2": [40.3184318542, 14.7896108627, 17.1203746796, 11.683713913, 12.4277048111, 10.1722164154, 10.5159282684, 10.5117855072, 9.43072414398, 10.1015014648, 9.46005916595, 8.154545784, 9.08312702179],
        "dvar": [897.775268555, 94.3485336304, 99.1807250977, 42.7728691101, 48.9977378845, 31.1428165436, 37.7786560059, 28.9739131927, 20.1586456299, 24.7819137573, 23.3802051544, 17.9582881927, 23.2133140564],
        "dvar2": [1175.13085938, 183.341644287, 178.921386719, 83.15284729, 105.37651062, 64.9038696289, 71.0699768066, 69.283164978, 50.6683502197, 57.8883743286, 59.2026290894, 42.9836158752, 55.3758392334],
        "max": [-587.611938477, 179.550231934, 36.455821991, 93.2328567505, 18.3494148254, 36.456413269, 29.6304397583, 37.9468460083, 6.57127380371, 44.3723831177, 24.2815742493, 29.6637649536, 11.0593719482],
        "mean": [-697.460205078, 137.502105713, -17.744512558, 39.9160499573, -21.2407093048, 7.31973028183, -14.222442627, 9.14078044891, -13.3818540573, 13.0536556244, -4.50912952423, 7.15850162506, -11.8217954636],
        "median": [-705.850158691, 140.57131958, -15.8797340393, 37.7490158081, -22.318901062, 7.62084579468, -15.0434112549, 8.6128616333, -12.5171432495, 13.545583725, -4.8498916626, 7.31304359436, -10.6750679016],
        "min": [-1128.65783691, 13.608959198, -83.7424926758, -3.82718276978, -61.4807662964, -22.8717002869, -41.7809448242, -17.2938461304, -45.590423584, -27.7762527466, -25.988117218, -18.2260169983, -48.4011306763],
        "var": [2226.03149414, 450.042938232, 466.039978027, 221.635406494, 171.03125, 114.334228516, 151.52494812, 87.6681594849, 78.3037796021, 86.1353302002, 67.1415557861, 52.8954048157, 89.2250518799],
        "cov": [[2229.46655273, -230.317230225, -697.760986328, 162.783630371, -5.18611526489, -78.9659500122, -86.392364502, 118.108215332, -85.0447387695, -9.00716114044, -51.4370765686, 30.3115634918, -109.949150085], [-230.317230225, 450.737457275, 164.648254395, -164.690109253, -81.9932632446, 27.1436748505, 1.06203842163, -77.9523696899, 38.6366119385, 27.8797416687, 31.4837207794, 25.6050205231, 53.4959793091], [-697.760986328, 164.648254395, 466.759155273, -3.21642994881, 14.5089521408, 52.0197296143, 11.6229505539, -16.8934860229, 22.0427150726, 4.02316236496, -0.907721817493, -14.2301311493, 38.1585845947], [162.783630371, -164.690109253, -3.21642994881, 221.977432251, 106.572364807, -48.5432891846, -41.0167312622, 42.795501709, -16.3589420319, -17.8237876892, -17.6472988129, -14.1363935471, -11.8429841995], [-5.18611526489, -81.9932632446, 14.5089521408, 106.572364807, 171.295181274, -6.65006828308, -44.6905479431, 26.8319377899, -8.85257530212, -9.95231342316, -20.8481559753, -11.0029058456, -0.205289527774], [-78.9659500122, 27.1436748505, 52.0197296143, -48.5432891846, -6.65006828308, 114.510673523, 75.2671508789, 5.11334371567, -2.00154519081, -18.2676830292, -6.37630224228, -4.25399494171, -21.8606700897], [-86.392364502, 1.06203842163, 11.6229505539, -41.0167312622, -44.6905479431, 75.2671508789, 151.758789062, 30.014919281, -25.9642925262, -23.0985794067, -9.79856491089, 3.40993928909, -14.9654073715], [118.108215332, -77.9523696899, -16.8934860229, 42.795501709, 26.8319377899, 5.11334371567, 30.014919281, 87.8034515381, -3.43473958969, -26.0005340576, -12.2058343887, -3.27747535706, -10.6763114929], [-85.0447387695, 38.6366119385, 22.0427150726, -16.3589420319, -8.85257530212, -2.00154519081, -25.9642925262, -3.43473958969, 78.424621582, 33.2896652222, 6.43238735199, -0.92538434267, 7.2532453537], [-9.00716114044, 27.8797416687, 4.02316236496, -17.8237876892, -9.95231342316, -18.2676830292, -23.0985794067, -26.0005340576, 33.2896652222, 86.2682495117, 20.9654808044, -1.09989631176, 11.4388971329], [-51.4370765686, 31.4837207794, -0.907721817493, -17.6472988129, -20.8481559753, -6.37630224228, -9.79856491089, -12.2058343887, 6.43238735199, 20.9654808044, 67.2451705933, 19.8463020325, -5.63192367554], [30.3115634918, 25.6050205231, -14.2301311493, -14.1363935471, -11.0029058456, -4.25399494171, 3.40993928909, -3.27747535706, -0.92538434267, -1.09989631176, 19.8463020325, 52.9770317078, 27.7742424011], [-109.949150085, 53.4959793091, 38.1585845947, -11.8429841995, -0.205289527774, -21.8606700897, -14.9654073715, -10.6763114929, 7.2532453537, 11.4388971329, -5.63192367554, 27.7742424011, 89.3627471924]],
        "icov": [[0.00273341359571, -0.0024177164305, 0.00428678654134, -0.00378774688579, 0.0034413409885, -0.00395558727905, 0.00533617148176, -0.00592883396894, 0.00503593729809, -0.00443972973153, 0.00516833737493, -0.00436738319695, 0.0035462253727], [-0.0024177164305, 0.0064746811986, -0.00514453882352, 0.00599991949275, -0.00306139537133, 0.00404675910249, -0.00491665489972, 0.00747857475653, -0.00578972138464, 0.00477861892432, -0.00556942960247, 0.00329152587801, -0.00432153092697], [0.00428678654134, -0.00514453882352, 0.00978761073202, -0.00731660146266, 0.00533876288682, -0.00820766109973, 0.00844523962587, -0.00934120453894, 0.00757049815729, -0.00680023385212, 0.00739434640855, -0.00467035779729, 0.00368132488802], [-0.00378774688579, 0.00599991949275, -0.00731660146266, 0.0151156205684, -0.00921677518636, 0.0100587913767, -0.00772493332624, 0.0071654971689, -0.00697299465537, 0.00731329200789, -0.00723570166156, 0.00589195126668, -0.00378016987815], [0.0034413409885, -0.00306139537133, 0.00533876288682, -0.00921677518636, 0.0146835697815, -0.00954092107713, 0.0115318596363, -0.010025056079, 0.00846703536808, -0.00693734362721, 0.00852716621011, -0.0056088892743, 0.00348033150658], [-0.00395558727905, 0.00404675910249, -0.00820766109973, 0.0100587913767, -0.00954092107713, 0.0242332667112, -0.0170348417014, 0.0113557931036, -0.010901439935, 0.00972153339535, -0.00714293308556, 0.00553744565696, -0.000572253484279], [0.00533617148176, -0.00491665489972, 0.00844523962587, -0.00772493332624, 0.0115318596363, -0.0170348417014, 0.0249689258635, -0.0176189653575, 0.015362505801, -0.0107399886474, 0.0123957749456, -0.0103819156066, 0.00695044128224], [-0.00592883396894, 0.00747857475653, -0.00934120453894, 0.0071654971689, -0.010025056079, 0.0113557931036, -0.0176189653575, 0.0306679457426, -0.0158004127443, 0.0147783756256, -0.0118740312755, 0.00955336168408, -0.00769177637994], [0.00503593729809, -0.00578972138464, 0.00757049815729, -0.00697299465537, 0.00846703536808, -0.010901439935, 0.015362505801, -0.0158004127443, 0.0275990329683, -0.0157213769853, 0.0111229475588, -0.00849430728704, 0.00665628444403], [-0.00443972973153, 0.00477861892432, -0.00680023385212, 0.00731329200789, -0.00693734362721, 0.00972153339535, -0.0107399886474, 0.0147783756256, -0.0157213769853, 0.0250549037009, -0.01428221073, 0.0113411350176, -0.00847707688808], [0.00516833737493, -0.00556942960247, 0.00739434640855, -0.00723570166156, 0.00852716621011, -0.00714293308556, 0.0123957749456, -0.0118740312755, 0.0111229475588, -0.01428221073, 0.0315335206687, -0.0195324700326, 0.0134896663949], [-0.00436738319695, 0.00329152587801, -0.00467035779729, 0.00589195126668, -0.0056088892743, 0.00553744565696, -0.0103819156066, 0.00955336168408, -0.00849430728704, 0.0113411350176, -0.0195324700326, 0.0371482819319, -0.0173634402454], [0.0035462253727, -0.00432153092697, 0.00368132488802, -0.00378016987815, 0.00348033150658, -0.000572253484279, 0.00695044128224, -0.00769177637994, 0.00665628444403, -0.00847707688808, 0.0134896663949, -0.0173634402454, 0.0229722708464]]
    }
}

}