{
"metadata": {
    "version": {
        "essentia": "2.0.1",
        "extractor": "archive-music 1.0 mod ismir14"
    },
    "audio_properties": {
        "analysis_sample_rate": 44100,
        "bitrate": 128,
        "channels": 2,
        "equal_loudness": 0,
        "length": 30.0669155121,
        "replay_gain": -13.8585624695,
        "downmix": "mix"
    },
    "tags": {
        "track": 0,
        "year": 0,
        "album": "",
        "artist": "",
        "comment": "",
        "genre": "",
        "title": ""
    }
},
"rhythm": {
    "bpm": 90.2956161499,
    "bpm_histogram_first_peak": 91,
    "bpm_histogram_first_peak_spread": 0.341463446617,
    "bpm_histogram_first_peak_weight": 0.62790697813,
    "bpm_histogram_second_peak": 83,
    "bpm_histogram_second_peak_spread": 0.5,
    "bpm_histogram_second_peak_weight": 0.0232558138669
},
"tonal": {
    "tuning_frequency": {
        "dmean": 0.090008251369,
        "dmean2": 0.155212968588,
        "dvar": 0.840916395187,
        "dvar2": 1.93053138256,
        "max": 456.570251465,
        "mean": 447.80267334,
        "median": 446.91595459,
        "min": 431.443084717,
        "var": 6.92588710785
    },
    "hpcp": {
        "dmean": [0.215937137604, 0.115976639092, 0.119335137308, 0.160013154149, 0.245552480221, 0.313323020935, 0.183228075504, 0.222814559937, 0.114998884499, 0.0868380516768, 0.106804989278, 0.12578317523],
        "dmean2": [0.371441364288, 0.218157425523, 0.205198168755, 0.29376372695, 0.433547228575, 0.56236076355, 0.342905193567, 0.391550064087, 0.206819161773, 0.156165376306, 0.186414688826, 0.225754484534],
        "dvar": [0.0786361023784, 0.0479529537261, 0.0350768603384, 0.0700574591756, 0.0881938636303, 0.107596211135, 0.0899107977748, 0.0822020918131, 0.0445688441396, 0.0300147850066, 0.0342848710716, 0.0429243892431],
        "dvar2": [0.161751776934, 0.128259122372, 0.0946668237448, 0.182927042246, 0.215627238154, 0.263714641333, 0.255632758141, 0.198251828551, 0.121247708797, 0.0794890075922, 0.0897522121668, 0.116242468357],
        "max": [1, 1, 1, 1, 1, 1, 1, 1, 1, 1, 1, 1],
        "mean": [0.442917138338, 0.0833283439279, 0.134855002165, 0.141744792461, 0.246480792761, 0.425409406424, 0.130873844028, 0.284718573093, 0.101614743471, 0.0774731263518, 0.096947722137, 0.114710249007],
        "median": [0.23551300168, 0.0150101510808, 0.0423624776304, 0.0264187175781, 0.0762165486813, 0.251779228449, 0.0209906790406, 0.113929629326, 0.02683451958, 0.0280097723007, 0.0290164221078, 0.0366609171033],
        "min": [0.00122144829948, 0.000468928454211, 0.000918372534215, 0.000270951539278, 0.00113488780335, 0.00108428869862, 0.000251417164691, 0.00147477700375, 0.000448163948022, 0.000641473685391, 0.000377614866011, 2.88765677396e-05],
        "var": [0.172703400254, 0.0334421545267, 0.0475945174694, 0.0721538215876, 0.103017069399, 0.161867633462, 0.0678644627333, 0.118459165096, 0.0389988534153, 0.0235074684024, 0.0321155674756, 0.0369195528328]
    }
},
"lowlevel": {
    "melbands": {
        "dmean": [0.000236459105508, 0.000516476284247, 0.000178112488356, 0.000112879104563, 8.09714620118e-05, 5.9497589973e-05, 8.03302318673e-05, 0.00010488031694, 0.000183548152563, 0.000133995126816, 5.28873897565e-05, 6.92158937454e-05, 5.79421321163e-05, 2.8752399885e-05, 5.24151910213e-05, 6.41100923531e-05, 1.39992598633e-05, 9.86866871244e-06, 4.90812226417e-06, 6.28810948911e-06, 9.29409998207e-06, 6.94792015565e-06, 1.32036348077e-05, 1.15944976642e-05, 6.41493397779e-06, 6.43082421448e-06, 5.7381453189e-06, 3.71988812731e-06, 1.70305554548e-06, 1.43314218803e-06, 6.85307782078e-07, 2.83957291458e-07, 1.67241211102e-07, 1.35785228395e-07, 1.27040095776e-07, 9.82864989396e-08, 5.89581397037e-08, 3.74181787777e-08, 1.16122933491e-08, 8.8909940521e-10],
        "dmean2": [0.00040586470277, 0.000798870809376, 0.000286703783786, 0.00017708199448, 0.000132899236633, 8.91537711141e-05, 0.000125799328089, 0.000159071627422, 0.000283742032479, 0.000224377421546, 8.21363864816e-05, 0.000110373002826, 8.13705555629e-05, 4.84036172566e-05, 8.65114270709e-05, 0.000101817167888, 2.27195196203e-05, 1.52712909767e-05, 7.51554352973e-06, 1.00052266134e-05, 1.47631790242e-05, 1.08860931505e-05, 2.07823486562e-05, 1.84360087587e-05, 1.01669847936e-05, 9.85096176009e-06, 8.94968070497e-06, 5.94024322709e-06, 2.68426310868e-06, 2.26362203648e-06, 1.09642235202e-06, 4.38581736262e-07, 2.54322969795e-07, 2.01988498816e-07, 1.99246485977e-07, 1.52937531084e-07, 9.08638426722e-08, 5.83303680912e-08, 1.78370545001e-08, 1.43034439848e-09],
        "dvar": [7.12089800459e-08, 2.14799854348e-07, 3.57241560778e-08, 1.92130542587e-08, 1.71856928688e-08, 7.41560857165e-09, 1.83336457127e-08, 3.14373735932e-08, 1.12083242243e-07, 1.52358992977e-07, 5.25627470438e-08, 4.68549075094e-08, 1.96921554618e-08, 4.40910197241e-09, 1.95248865964e-08, 3.39479448996e-08, 2.61961474735e-09, 6.44471531697e-10, 4.67448094121e-11, 6.74583930382e-11, 1.77103554044e-10, 1.05568144504e-10, 4.05802669246e-10, 3.50840245744e-10, 9.92776208464e-11, 8.94776613913e-11, 8.91571538819e-11, 4.03328481724e-11, 9.31087412032e-12, 7.56475698055e-12, 1.38288978793e-12, 1.3216871716e-13, 4.03519177707e-14, 2.99012930301e-14, 3.34749690803e-14, 1.37591786312e-14, 5.89348160524e-15, 2.47060537176e-15, 2.84722051937e-16, 1.88043981948e-18],
        "dvar2": [1.99629539566e-07, 5.15465615081e-07, 7.87033798133e-08, 4.47859385133e-08, 4.25208384058e-08, 1.56274744256e-08, 3.53934908048e-08, 6.4166712832e-08, 2.41655641275e-07, 3.43408345316e-07, 8.50518802054e-08, 1.23017599662e-07, 3.45732686924e-08, 1.09326308007e-08, 5.12693887345e-08, 8.06930344766e-08, 4.95667995537e-09, 1.38105282765e-09, 1.04454452032e-10, 1.75142303438e-10, 4.2063935668e-10, 2.47721509972e-10, 9.3032898052e-10, 8.68184357738e-10, 2.4495391826e-10, 1.98087893311e-10, 2.0779698795e-10, 1.02570250904e-10, 2.36747756815e-11, 1.84293153654e-11, 3.49766504822e-12, 3.09247121183e-13, 9.42635116556e-14, 7.02902905152e-14, 8.3155487704e-14, 3.11472446142e-14, 1.40466751661e-14, 5.94014676789e-15, 6.87760471743e-16, 4.72822145682e-18],
        "max": [0.00216014985926, 0.00389073439874, 0.00210811756551, 0.00175630510785, 0.00152966135647, 0.00113577826414, 0.00234313309193, 0.0015316833742, 0.00389070366509, 0.00456598168239, 0.00522866239771, 0.00308627495542, 0.00149949465413, 0.000774536223616, 0.00158434070181, 0.00261591374874, 0.000951831403654, 0.000359668949386, 8.01144415163e-05, 5.67358511034e-05, 0.000107686675619, 8.64954272402e-05, 0.000175409208168, 0.000130678410642, 7.8805765952e-05, 8.63103705342e-05, 8.95566336112e-05, 5.37500236533e-05, 2.87540296995e-05, 2.70809741778e-05, 1.12665939014e-05, 4.4993339543e-06, 1.70423095369e-06, 1.90904415831e-06, 2.44451439357e-06, 1.26632016872e-06, 7.66097286942e-07, 4.73268386258e-07, 1.73366359491e-07, 1.65686735443e-08],
        "mean": [0.00040467112558, 0.00105224491563, 0.000343837600667, 0.000159456554684, 0.000106019957457, 8.77353013493e-05, 0.000117352567031, 0.00013848450908, 0.000230390578508, 0.000144335019286, 5.44976719539e-05, 6.97132418281e-05, 7.93379949755e-05, 3.24572392856e-05, 5.69124931644e-05, 6.20713180979e-05, 1.47295122588e-05, 1.08026479211e-05, 6.33709623798e-06, 7.65150798543e-06, 1.12783454824e-05, 8.50160995469e-06, 1.4373717022e-05, 1.12770030682e-05, 7.13540885044e-06, 7.90706781117e-06, 6.35483092992e-06, 3.84007125831e-06, 1.90353898688e-06, 1.50223434048e-06, 8.05531612968e-07, 4.10454049415e-07, 2.58480525872e-07, 2.21453674953e-07, 1.99011324753e-07, 1.69206302303e-07, 9.24502074895e-08, 6.15757826949e-08, 1.81323276394e-08, 1.29238963975e-09],
        "median": [0.000335465010721, 0.000797188433353, 0.000289842457278, 0.000108210217149, 4.89096892125e-05, 4.44356555818e-05, 4.83440089738e-05, 4.74627086078e-05, 7.45026700315e-05, 2.32559850701e-05, 1.2650667486e-05, 1.84660657396e-05, 1.19737169371e-05, 1.17783911264e-05, 1.61577536346e-05, 1.20892045743e-05, 3.8048431179e-06, 3.20643380292e-06, 3.09655820274e-06, 3.35074173563e-06, 3.6997882944e-06, 3.08618905365e-06, 4.58377826362e-06, 3.13479290526e-06, 2.72969577964e-06, 3.11514645546e-06, 1.88500121112e-06, 1.11446979645e-06, 7.7614777183e-07, 5.37703499504e-07, 3.66169018662e-07, 2.61869672613e-07, 1.80059601007e-07, 1.50766027218e-07, 1.36407322771e-07, 1.28152905177e-07, 6.36352268657e-08, 4.33880700257e-08, 1.22331345054e-08, 8.69894101196e-10],
        "min": [3.43798045588e-11, 1.07637516955e-10, 4.30393320983e-09, 3.76888165121e-09, 2.47282261334e-09, 8.6299750679e-10, 3.31053212621e-10, 1.94763782879e-09, 3.32234684208e-09, 1.09144804306e-09, 3.0047128674e-10, 1.04043917926e-09, 2.55294896334e-10, 6.71113720152e-10, 6.42777109316e-10, 1.61639118756e-10, 4.67935690196e-11, 2.62942084772e-10, 3.90173476861e-10, 1.32528654717e-10, 3.99411032026e-10, 5.8161830907e-10, 3.7555947241e-10, 4.84469520057e-10, 1.72851996605e-10, 1.30095351158e-10, 2.1428027408e-10, 9.83935988241e-11, 1.79700559988e-10, 2.61353417207e-12, 1.34723593392e-10, 7.92482329759e-11, 2.06331150082e-11, 3.84374164442e-11, 2.11075809609e-11, 2.50904869797e-11, 1.40026323869e-11, 1.33636886279e-11, 7.8311506585e-12, 2.2673549236e-12],
        "var": [1.12832189814e-07, 6.86958173901e-07, 8.17174310441e-08, 3.01615656895e-08, 2.54264058697e-08, 1.59037263359e-08, 4.05614137833e-08, 5.23681151776e-08, 1.64187866858e-07, 2.00044752319e-07, 7.6683747352e-08, 3.88492260583e-08, 3.96007315828e-08, 4.41199343726e-09, 1.81044619296e-08, 3.38886962936e-08, 3.23412252534e-09, 7.9704703948e-10, 7.07196592953e-11, 8.17578088563e-11, 2.56313831271e-10, 1.48783305121e-10, 4.97119068132e-10, 3.45642570121e-10, 1.01489434912e-10, 1.21360879679e-10, 1.02872071972e-10, 4.05496088096e-11, 8.64225791625e-12, 6.86188562568e-12, 1.31742414287e-12, 1.90895828875e-13, 6.0780129844e-14, 4.29453530842e-14, 3.7201598952e-14, 1.97587680538e-14, 8.15148763647e-15, 3.65002421191e-15, 3.77018732337e-16, 2.17263702817e-18]
    },
    "mfcc": {
        "dmean": [32.519618988, 10.0562801361, 13.6713533401, 9.57435321808, 7.94267082214, 7.97432756424, 6.98382329941, 6.24037122726, 5.5599527359, 6.05872058868, 6.10248756409, 5.86577415466, 5.51931667328],
        "dmean2": [40.8385162354, 15.2729272842, 20.1139431, 14.0913152695, 11.8928766251, 11.5963792801, 10.168806076, 9.54410552979, 8.7803401947, 9.89471721649, 9.55260276794, 9.36618328094, 8.82711410522],
        "dvar": [1077.47399902, 93.4412307739, 154.533126831, 60.8094482422, 41.6826210022, 44.4169692993, 29.9703197479, 23.5411834717, 19.4519271851, 23.5474472046, 23.0026741028, 21.8568878174, 18.8347549438],
        "dvar2": [1703.97741699, 167.848175049, 311.999206543, 112.326057434, 84.1979141235, 84.0854721069, 56.6565742493, 49.7585830688, 48.887714386, 57.1220664978, 56.842300415, 52.9802894592, 47.798122406],
        "max": [-594.960327148, 187.053192139, 29.6994094849, 85.5860748291, 28.5029792786, 48.2657241821, 38.6460189819, 53.5372238159, 8.50838088989, 40.7574081421, 24.4144058228, 39.0403900146, 14.6588020325],
        "mean": [-690.691345215, 143.141387939, -19.6518211365, 41.3858566284, -8.35871887207, 9.84173488617, 1.63558375835, 17.8327198029, -9.23369216919, 12.0035715103, -1.90652596951, 13.7376346588, -3.4133207798],
        "median": [-692.561767578, 143.803192139, -17.9415168762, 40.2015380859, -9.04438781738, 10.8781375885, 1.72522354126, 18.3109207153, -8.93041038513, 11.5146808624, -2.07755661011, 13.9165496826, -3.466381073],
        "min": [-1123.5604248, 16.3984184265, -67.7855224609, -9.40380477905, -41.6209144592, -28.0563049316, -31.3618183136, -10.9674987793, -37.3032035828, -17.567653656, -23.2166519165, -10.0276184082, -26.4978027344],
        "var": [2281.05737305, 253.476913452, 417.791809082, 245.593078613, 155.668457031, 159.963180542, 131.664962769, 87.6768722534, 52.7792930603, 75.490234375, 65.5242538452, 57.6774902344, 47.4683380127],
        "cov": [[2284.57763672, 129.552276611, -641.953308105, 112.670021057, -284.289978027, -181.101303101, -129.428970337, -49.1670608521, -67.193862915, -11.3786478043, -87.4529418945, 21.7960147858, -78.0085372925], [129.552276611, 253.86807251, 3.90581560135, -93.3077163696, -50.7190437317, -3.35040736198, 14.0967235565, 7.34155368805, -17.3339729309, 10.6516275406, 46.1807098389, 5.40574741364, 4.06340551376], [-641.953308105, 3.90581560135, 418.436523438, -51.2350616455, 137.727645874, 59.6885566711, 14.131772995, 20.8583030701, 19.3483848572, 25.5217437744, 13.1070890427, -9.75029087067, 25.1972179413], [112.670021057, -93.3077163696, -51.2350616455, 245.972076416, 40.9362945557, -16.8826122284, -51.9270896912, -20.8160228729, 44.0544166565, 13.3661823273, -37.2562408447, -4.85757923126, 17.1642055511], [-284.289978027, -50.7190437317, 137.727645874, 40.9362945557, 155.908691406, 26.5869083405, 9.17659473419, -8.13514709473, 19.698425293, 30.7184906006, -8.87183189392, 4.16350698471, 5.81332540512], [-181.101303101, -3.35040736198, 59.6885566711, -16.8826122284, 26.5869083405, 160.210037231, 84.8757476807, 26.001871109, -9.64201259613, -4.82193613052, 40.9688835144, -3.3446354866, -8.5058889389], [-129.428970337, 14.0967235565, 14.131772995, -51.9270896912, 9.17659473419, 84.8757476807, 131.868148804, 53.4684562683, -7.41949605942, -15.2110185623, 29.3688144684, 16.9467792511, -6.01308727264], [-49.1670608521, 7.34155368805, 20.8583030701, -20.8160228729, -8.13514709473, 26.001871109, 53.4684562683, 87.812171936, 11.789648056, -15.5958089828, 9.84690856934, 15.2500238419, 10.4328508377], [-67.193862915, -17.3339729309, 19.3483848572, 44.0544166565, 19.698425293, -9.64201259613, -7.41949605942, 11.789648056, 52.8607444763, 29.033826828, -1.29974412918, 1.30217313766, 9.75391960144], [-11.3786478043, 10.6516275406, 25.5217437744, 13.3661823273, 30.7184906006, -4.82193613052, -15.2110185623, -15.5958089828, 29.033826828, 75.6067276001, 17.238658905, -2.98495697975, 0.498673290014], [-87.4529418945, 46.1807098389, 13.1070890427, -37.2562408447, -8.87183189392, 40.9688835144, 29.3688144684, 9.84690856934, -1.29974412918, 17.238658905, 65.6253738403, 15.2137947083, 0.00935549661517], [21.7960147858, 5.40574741364, -9.75029087067, -4.85757923126, 4.16350698471, -3.3446354866, 16.9467792511, 15.2500238419, 1.30217313766, -2.98495697975, 15.2137947083, 57.7664985657, 18.2177410126], [-78.0085372925, 4.06340551376, 25.1972179413, 17.1642055511, 5.81332540512, -8.5058889389, -6.01308727264, 10.4328508377, 9.75391960144, 0.498673290014, 0.00935549661517, 18.2177410126, 47.5415916443]],
        "icov": [[0.0014326334931, -0.0011506115552, 0.00137001322582, -0.00101628608536, 0.00150166801177, -0.000307547190459, 0.00112920254469, -0.00114290986676, 0.00251293950714, -0.00232543423772, 0.00311513012275, -0.00226670480333, 0.0026216651313], [-0.0011506115552, 0.00638456037268, -0.0014410543954, 0.00198286771774, 0.000292061682558, 0.00143173220567, -0.00132605701219, 0.000840253662318, -0.000644745014142, 0.000636506942101, -0.00578963989392, 0.0026336859446, -0.00339993368834], [0.00137001322582, -0.0014410543954, 0.00605256529525, 0.00132334034424, -0.00330043933354, -0.00200624135323, 0.00319398194551, -0.00245063332841, 0.000698165502399, -0.0013539288193, 0.00250097922981, -1.9990860892e-05, -0.000449985440355], [-0.00101628608536, 0.00198286771774, 0.00132334034424, 0.00825164746493, -0.00372129748575, -0.0021814617794, 0.00240358524024, 0.00156907574274, -0.00787766464055, 0.00302112009376, -0.000193463420146, 0.00199621031061, -0.00467350473627], [0.00150166801177, 0.000292061682558, -0.00330043933354, -0.00372129748575, 0.0148744126782, -0.000774491636548, -0.0020101647824, 0.00146957929246, 0.00358388433233, -0.00747962342575, 0.00698061892763, -0.00616801762953, 0.00470302766189], [-0.000307547190459, 0.00143173220567, -0.00200624135323, -0.0021814617794, -0.000774491636548, 0.0133579568937, -0.00830058287829, 0.000687401625328, 0.0028859260492, 0.00147711322643, -0.00852572079748, 0.00477703427896, 7.13697518222e-05], [0.00112920254469, -0.00132605701219, 0.00319398194551, 0.00240358524024, -0.0020101647824, -0.00830058287829, 0.0188538208604, -0.00863593164831, 0.00101033318788, 5.86316491535e-05, 0.00210452592, -0.00503603089601, 0.00416753161699], [-0.00114290986676, 0.000840253662318, -0.00245063332841, 0.00156907574274, 0.00146957929246, 0.000687401625328, -0.00863593164831, 0.0202618967742, -0.0106267984957, 0.00672104395926, -0.00206305924803, -0.000225565585424, -0.00461360253394], [0.00251293950714, -0.000644745014142, 0.000698165502399, -0.00787766464055, 0.00358388433233, 0.0028859260492, 0.00101033318788, -0.0106267984957, 0.0396773740649, -0.0182087961584, 0.0052784839645, -0.00299282534979, 0.00238679838367], [-0.00232543423772, 0.000636506942101, -0.0013539288193, 0.00302112009376, -0.00747962342575, 0.00147711322643, 5.86316491535e-05, 0.00672104395926, -0.0182087961584, 0.0275936312973, -0.0135691091418, 0.00617402466014, -0.00344865070656], [0.00311513012275, -0.00578963989392, 0.00250097922981, -0.000193463420146, 0.00698061892763, -0.00852572079748, 0.00210452592, -0.00206305924803, 0.0052784839645, -0.0135691091418, 0.0353115610778, -0.0136119453236, 0.00695902993903], [-0.00226670480333, 0.0026336859446, -1.9990860892e-05, 0.00199621031061, -0.00616801762953, 0.00477703427896, -0.00503603089601, -0.000225565585424, -0.00299282534979, 0.00617402466014, -0.0136119453236, 0.028761330992, -0.0141023686156], [0.0026216651313, -0.00339993368834, -0.000449985440355, -0.00467350473627, 0.00470302766189, 7.13697518222e-05, 0.00416753161699, -0.00461360253394, 0.00238679838367, -0.00344865070656, 0.00695902993903, -0.0141023686156, 0.0334786809981]]
    }
}

}