{
"metadata": {
    "version": {
        "essentia": "2.0.1",
        "extractor": "archive-music 1.0 mod ismir14"
    },
    "audio_properties": {
        "analysis_sample_rate": 44100,
        "bitrate": 1444,
        "channels": 2,
        "equal_loudness": 0,
        "length": 30,
        "replay_gain": -8.87187004089,
        "downmix": "mix"
    },
    "tags": {
        "track": 0,
        "year": 0,
        "album": "",
        "artist": "",
        "comment": "",
        "genre": "",
        "title": ""
    }
},
"rhythm": {
    "bpm": 130.42539978,
    "bpm_histogram_first_peak": 129,
    "bpm_histogram_first_peak_spread": 0.438596487045,
    "bpm_histogram_first_peak_weight": 0.507936537266,
    "bpm_histogram_second_peak": 123,
    "bpm_histogram_second_peak_spread": 0,
    "bpm_histogram_second_peak_weight": 0.047619048506
},
"tonal": {
    "tuning_frequency": {
        "dmean": 0.0171755570918,
        "dmean2": 0.0251366272569,
        "dvar": 0.0237979739904,
        "dvar2": 0.0573876947165,
        "max": 438.731048584,
        "mean": 438.471038818,
        "median": 438.477722168,
        "min": 437.213165283,
        "var": 0.0101659391075
    },
    "hpcp": {
        "dmean": [0.0535251647234, 0.233128964901, 0.0840938165784, 0.23892480135, 0.146841898561, 0.0775472223759, 0.230800628662, 0.0401377789676, 0.208343461156, 0.133222937584, 0.177719652653, 0.186970233917],
        "dmean2": [0.0977806374431, 0.420846700668, 0.157150581479, 0.426013439894, 0.25488653779, 0.14084109664, 0.418997764587, 0.0758463218808, 0.385595679283, 0.248082816601, 0.323750495911, 0.328309953213],
        "dvar": [0.0212444160134, 0.0957914069295, 0.0418336726725, 0.108861349523, 0.0546083785594, 0.0390373393893, 0.102763213217, 0.0147899817675, 0.0844919234514, 0.0602140240371, 0.0771336778998, 0.0803723111749],
        "dvar2": [0.0581533014774, 0.176032811403, 0.115746207535, 0.228799208999, 0.125086203218, 0.100228153169, 0.238994389772, 0.0302574522793, 0.224297299981, 0.171806365252, 0.208025410771, 0.178998678923],
        "max": [1, 1, 1, 1, 1, 1, 1, 1, 1, 1, 1, 1],
        "mean": [0.0374090522528, 0.316431701183, 0.0506434813142, 0.314703434706, 0.136057138443, 0.0806058421731, 0.268219262362, 0.0523229725659, 0.206698581576, 0.0951248034835, 0.146813601255, 0.177771255374],
        "median": [0.0054618944414, 0.103293128312, 0.0069687878713, 0.0739435702562, 0.0288787670434, 0.00829839427024, 0.0703962445259, 0.00611693412066, 0.0342772454023, 0.0105177247897, 0.0308599881828, 0.0209758337587],
        "min": [5.19245513715e-05, 0.000120868033264, 2.79753840005e-05, 0.000210800673813, 0.000111662964628, 7.89970290498e-05, 0.000106306724774, 6.55953990645e-05, 6.29385976936e-05, 5.40663095308e-05, 8.43075104058e-05, 0.000362528138794],
        "var": [0.0146261444315, 0.148426920176, 0.0237039607018, 0.162805378437, 0.0626968070865, 0.0479229725897, 0.13657514751, 0.0309983622283, 0.10525200516, 0.0494221709669, 0.0754238888621, 0.0925608053803]
    }
},
"lowlevel": {
    "melbands": {
        "dmean": [0.000119446245662, 0.000285236863419, 0.000302205677144, 0.000156890702783, 9.89814361674e-05, 3.28476198774e-05, 1.7513631974e-05, 2.109360139e-05, 9.55363884714e-06, 5.95913888901e-06, 6.52616472507e-06, 9.11031111173e-06, 1.25098040371e-06, 9.44105352119e-07, 1.51715084939e-06, 9.39645190101e-07, 6.73508736782e-07, 2.45027194978e-07, 2.79701964701e-07, 3.14200178764e-07, 1.32641218897e-07, 1.76972136501e-07, 2.21595286121e-07, 1.77951832825e-07, 7.10574141749e-08, 4.95659442379e-08, 6.10055295169e-08, 9.02520937984e-08, 8.23221242285e-08, 8.63578222265e-08, 1.71722305708e-07, 3.25620192143e-07, 4.03382188097e-07, 2.73384671345e-07, 1.10099755091e-07, 6.66228316959e-08, 5.37218589614e-08, 4.20180654714e-08, 5.94923292851e-08, 8.41462224344e-08],
        "dmean2": [0.000187939542229, 0.000438012124505, 0.000510021753144, 0.000256767816609, 0.000149687344674, 5.30595170858e-05, 3.14454446197e-05, 3.64327606803e-05, 1.70356324816e-05, 1.03714846773e-05, 1.14507956823e-05, 1.70454713952e-05, 2.16482067117e-06, 1.69036422903e-06, 2.67095424533e-06, 1.66663323853e-06, 1.23595179957e-06, 4.33846594206e-07, 5.19669811183e-07, 5.92161654822e-07, 2.41367729359e-07, 3.03145895941e-07, 4.08497243143e-07, 3.2233126035e-07, 1.23601182622e-07, 8.68698180057e-08, 1.07152395401e-07, 1.63678024023e-07, 1.48053473481e-07, 1.5465265335e-07, 2.90462281782e-07, 5.7199792991e-07, 7.42508234453e-07, 4.98132806115e-07, 1.97262920665e-07, 1.19755753758e-07, 9.81360059882e-08, 7.64806671327e-08, 1.08257346199e-07, 1.58617581292e-07],
        "dvar": [6.52605507412e-08, 8.07753508525e-08, 1.33966437943e-07, 9.8907086965e-08, 1.77269328105e-08, 2.09635153681e-09, 1.20062182418e-09, 1.13211828801e-09, 3.25743959584e-10, 1.24430202253e-10, 1.25201571333e-10, 2.33429853225e-09, 5.21969316727e-12, 3.76513837469e-12, 1.60655291154e-11, 5.07322048954e-12, 5.46361610468e-12, 1.77125851421e-13, 5.61023666759e-13, 9.30532669148e-13, 8.92550668249e-14, 7.1640305179e-14, 2.03163237644e-13, 1.35572895141e-13, 1.23591085554e-14, 1.01470015455e-14, 1.36370534209e-14, 8.23409604931e-14, 2.31086308942e-14, 4.039709512e-14, 1.75510728997e-13, 7.27313120754e-13, 1.80657832444e-12, 1.54291228231e-12, 8.51610042251e-14, 1.40564575496e-14, 9.70570585029e-15, 7.75905896607e-15, 2.6961980283e-14, 6.34897950186e-14],
        "dvar2": [1.60429237894e-07, 1.78262524742e-07, 2.84427613906e-07, 2.4165288437e-07, 3.65627066401e-08, 4.30624380598e-09, 3.32291238969e-09, 2.90437984773e-09, 9.01744290349e-10, 2.47648151985e-10, 3.49079903872e-10, 6.8718208901e-09, 1.38472514705e-11, 1.09802843901e-11, 3.86040158173e-11, 1.40483371464e-11, 1.57301081882e-11, 4.72176985011e-13, 1.55234516647e-12, 2.75082842789e-12, 2.60989309591e-13, 1.81874318123e-13, 5.60711091273e-13, 3.9954029126e-13, 3.49483727277e-14, 2.80648324269e-14, 3.72932784101e-14, 2.37063163154e-13, 6.35742679203e-14, 1.05565025037e-13, 4.41245727022e-13, 1.98735949572e-12, 5.18697281307e-12, 4.44415294495e-12, 2.32937665467e-13, 3.555649495e-14, 2.48078433609e-14, 2.02712026581e-14, 7.47756891128e-14, 1.76373848794e-13],
        "max": [0.0017972169444, 0.00164705538191, 0.00265471963212, 0.00367043260485, 0.00111048610415, 0.00033988582436, 0.000222530885367, 0.000187880810699, 0.000100026176369, 0.000112804766104, 6.3490922912e-05, 0.000445593730547, 1.85933513421e-05, 1.59381779667e-05, 3.26420158672e-05, 1.57954327733e-05, 2.04326242965e-05, 2.53922689808e-06, 5.81307176617e-06, 7.12675318937e-06, 2.22538369599e-06, 1.35857612804e-06, 2.56549060396e-06, 2.784392791e-06, 6.39774157207e-07, 9.27061194034e-07, 9.26535676626e-07, 2.54532733379e-06, 8.97717143289e-07, 1.60893512202e-06, 2.65410290012e-06, 5.58698866371e-06, 1.06185852928e-05, 1.15376033136e-05, 2.30617524721e-06, 6.95550568253e-07, 4.72246938443e-07, 5.04007232394e-07, 1.13913915811e-06, 1.88835861081e-06],
        "mean": [0.000105118022475, 0.00038785621291, 0.000500270223711, 0.000182667499757, 0.000138097282615, 3.95883434976e-05, 1.54717490659e-05, 1.91791696125e-05, 7.74325599195e-06, 5.18874139743e-06, 4.91678201797e-06, 5.68947370994e-06, 1.04583148186e-06, 7.90096578385e-07, 1.23578593048e-06, 6.90905721967e-07, 4.84586337279e-07, 2.00796520744e-07, 1.89638768688e-07, 1.99349358354e-07, 1.06323945204e-07, 1.62310655583e-07, 1.88858322758e-07, 1.42979047268e-07, 6.07535852737e-08, 4.32066755707e-08, 5.5334449911e-08, 7.32349576538e-08, 6.44327471377e-08, 7.42401411458e-08, 1.33028223104e-07, 2.20489326352e-07, 2.5298928108e-07, 1.7544050479e-07, 7.93361891738e-08, 5.17655607268e-08, 4.25914485902e-08, 3.33878276138e-08, 4.34711822095e-08, 6.08595911444e-08],
        "median": [3.49980618921e-05, 0.000271896249615, 0.00025649779127, 0.000116035203973, 5.48895004613e-05, 1.871387758e-05, 5.43895430383e-06, 5.09203573529e-06, 2.09115796679e-06, 9.6788414794e-07, 8.75782575349e-07, 7.41329017728e-07, 3.02458914803e-07, 3.6590279251e-07, 3.04953800878e-07, 1.19355107131e-07, 7.7063859294e-08, 6.05967827028e-08, 2.3600023269e-08, 2.82986345468e-08, 2.88848340801e-08, 6.37256576397e-08, 5.74976297685e-08, 3.56932225998e-08, 1.60924749082e-08, 1.27101653646e-08, 1.4609245369e-08, 1.81493362561e-08, 1.40823086525e-08, 1.1739730077e-08, 1.24479591079e-08, 9.01709729106e-09, 1.05695630026e-08, 8.92538221109e-09, 7.57379758909e-09, 7.66945351671e-09, 6.99220725764e-09, 6.13430373164e-09, 6.31547258934e-09, 6.83451695238e-09],
        "min": [9.37049321692e-07, 2.6148534289e-06, 2.26518159252e-06, 2.13435072283e-07, 5.13851148298e-07, 1.92348224459e-07, 6.80428726696e-08, 3.59793403959e-08, 2.19112283872e-08, 5.57549206803e-09, 5.31350696775e-09, 7.03572977656e-09, 9.11954955995e-09, 5.31111021829e-09, 7.67453101069e-10, 8.72466654478e-10, 8.12269529415e-10, 1.62599445019e-09, 2.48571219164e-10, 1.38550920736e-10, 1.08659629905e-10, 4.52324372402e-10, 2.7434504668e-10, 2.24561383377e-10, 1.4166265383e-10, 4.19309087452e-10, 6.73270161844e-10, 1.09091191636e-09, 7.07944314282e-10, 9.30040433555e-10, 1.28559474177e-09, 7.87853393636e-10, 1.09776221446e-09, 1.25538202056e-09, 9.06284769453e-10, 6.96711022208e-10, 7.25447146799e-10, 7.7680617494e-10, 6.73622158054e-10, 7.48572259734e-10],
        "var": [5.71730573995e-08, 1.50449722014e-07, 3.80856818083e-07, 1.0099635972e-07, 3.8287538473e-08, 3.01434099903e-09, 1.00682917559e-09, 1.16860754407e-09, 2.64864713495e-10, 1.66492472586e-10, 1.01629045457e-10, 1.2619059131e-09, 4.32983076476e-12, 2.42985189261e-12, 1.39509306885e-11, 3.58300975695e-12, 3.14125743646e-12, 1.43030159656e-13, 3.60577453312e-13, 5.44681433203e-13, 5.52099090458e-14, 6.58113971305e-14, 1.38369919906e-13, 9.0650489231e-14, 1.22241135264e-14, 8.25007973043e-15, 1.17218018129e-14, 4.82458616515e-14, 1.61207124174e-14, 3.21392896021e-14, 1.49772175998e-13, 4.93164049094e-13, 1.05401505666e-12, 8.79887146216e-13, 5.68577235532e-14, 1.13928074399e-14, 7.76653149074e-15, 6.16091235306e-15, 1.84380099079e-14, 4.0580166045e-14]
    },
    "mfcc": {
        "dmean": [47.3465995789, 34.0043869019, 20.890630722, 16.1847801208, 11.6771774292, 13.2141742706, 10.4241390228, 8.78569793701, 7.42657852173, 10.0617599487, 7.49070358276, 7.26354694366, 6.56121730804],
        "dmean2": [75.2957611084, 52.0046844482, 32.4447250366, 26.2254772186, 17.3460731506, 21.030664444, 17.1285991669, 13.3647079468, 12.5972805023, 15.8240098953, 11.8180274963, 12.1266136169, 9.93225765228],
        "dvar": [1198.35632324, 747.028808594, 290.152130127, 162.694488525, 84.1633529663, 118.186042786, 70.1981430054, 47.4510269165, 37.0296707153, 62.5913581848, 35.3040008545, 31.0028934479, 24.8097915649],
        "dvar2": [2942.11572266, 1808.27966309, 741.61126709, 355.146392822, 181.754318237, 325.70199585, 167.433517456, 118.135734558, 97.3898773193, 147.80909729, 84.0898284912, 72.3449935913, 67.1399917603],
        "max": [-739.686767578, 214.527618408, 123.767829895, 97.3191223145, 37.1845245361, 49.8511199951, 30.9189243317, 37.7480545044, 19.1669425964, 19.3583068848, 26.5548973083, 31.0147819519, 13.0115890503],
        "mean": [-852.421081543, 152.121231079, 63.2272949219, 29.1315631866, 7.04432439804, 7.31164693832, 1.56174910069, 3.22587394714, -5.39197063446, -11.3912572861, -4.1878862381, -1.26723301411, -6.70761823654],
        "median": [-849.991027832, 161.495803833, 63.3010215759, 27.5060844421, 8.66589355469, 9.82230377197, 3.46287155151, 3.03940963745, -5.11054229736, -11.0430870056, -3.36509132385, -1.64112854004, -6.10136795044],
        "min": [-1034.39477539, 56.4627418518, -1.30979537964, -11.6306114197, -38.538734436, -41.5218811035, -44.4171485901, -20.3693695068, -30.9184265137, -42.9193725586, -32.5278129578, -23.9853134155, -32.4869918823],
        "var": [3249.86914062, 1331.64086914, 630.95501709, 433.81048584, 195.177703857, 205.547042847, 179.128952026, 120.136611938, 74.1820602417, 156.518264771, 122.727256775, 96.2209396362, 69.2764434814],
        "cov": [[3269.93017578, -522.736206055, -340.131744385, -76.2204742432, -152.733947754, -77.6629180908, -254.766693115, 20.5452194214, 95.3480987549, 145.202163696, 129.069641113, 8.13331604004, -134.74055481], [-522.736206055, 1339.86083984, -351.761016846, -246.125915527, 134.557006836, -91.8824691772, 139.037368774, 73.8681564331, -38.5341300964, -21.2297115326, -27.7661495209, 13.5491352081, -57.7995452881], [-340.131744385, -351.761016846, 634.84979248, 98.0064239502, -130.729629517, 139.84387207, 19.849811554, -55.672290802, -7.88981723785, -119.662498474, 49.1933746338, -23.9730587006, 90.6847305298], [-76.2204742432, -246.125915527, 98.0064239502, 436.488342285, 125.369178772, -110.190452576, -82.0640640259, 13.5021591187, -20.7629032135, -108.647445679, -11.6635122299, -44.685256958, 45.0001907349], [-152.733947754, 134.557006836, -130.729629517, 125.369178772, 196.382492065, -56.5251541138, -24.8466587067, 16.0712566376, -1.22193038464, -16.6721401215, -36.1768379211, 14.2203969955, -9.89503574371], [-77.6629180908, -91.8824691772, 139.84387207, -110.190452576, -56.5251541138, 206.815856934, 63.4398574829, -0.22628647089, 25.8316783905, 49.554233551, 42.222869873, 11.9819402695, 16.357749939], [-254.766693115, 139.037368774, 19.849811554, -82.0640640259, -24.8466587067, 63.4398574829, 180.234695435, 24.2777271271, -8.14978218079, 27.3489589691, -1.79936873913, 34.8979568481, 8.04741573334], [20.5452194214, 73.8681564331, -55.672290802, 13.5021591187, 16.0712566376, -0.22628647089, 24.2777271271, 120.878196716, 13.7530212402, -11.4824075699, 35.642375946, -5.46555280685, -5.26455068588], [95.3480987549, -38.5341300964, -7.88981723785, -20.7629032135, -1.22193038464, 25.8316783905, -8.14978218079, 13.7530212402, 74.6399765015, 48.2449493408, 11.8420934677, -10.5089416504, -0.342778146267], [145.202163696, -21.2297115326, -119.662498474, -108.647445679, -16.6721401215, 49.554233551, 27.3489589691, -11.4824075699, 48.2449493408, 157.484420776, 6.80415248871, 16.9413528442, -28.3651618958], [129.069641113, -27.7661495209, 49.1933746338, -11.6635122299, -36.1768379211, 42.222869873, -1.79936873913, 35.642375946, 11.8420934677, 6.80415248871, 123.484832764, -17.0808849335, 8.22287845612], [8.13331604004, 13.5491352081, -23.9730587006, -44.685256958, 14.2203969955, 11.9819402695, 34.8979568481, -5.46555280685, -10.5089416504, 16.9413528442, -17.0808849335, 96.8148956299, -2.66492033005], [-134.74055481, -57.7995452881, 90.6847305298, 45.0001907349, -9.89503574371, 16.357749939, 8.04741573334, -5.26455068588, -0.342778146267, -28.3651618958, 8.22287845612, -2.66492033005, 69.7040786743]],
        "icov": [[0.000531371624675, 0.000176916699274, 0.000509511795826, -0.000175732086063, 0.000787304888945, -8.81607945757e-07, 0.000567654322367, 0.000123863996123, -0.00064939603908, 0.000224129253183, -0.00061001710128, -0.000532268022653, 0.00081985630095], [0.000176916699274, 0.00166112440638, 0.000443526892923, 0.00178607972339, -0.00173167802859, 0.00111403141636, -0.00124819099437, -0.000214671526919, 9.87835082924e-05, 0.00123392697424, -0.000627287488896, 0.000931390444748, 0.000222169721383], [0.000509511795826, 0.000443526892923, 0.00525719020516, -0.00195429171436, 0.00371713587083, -0.00351249868982, -0.00045253886492, 0.00302603677846, -0.00288135418668, 0.00499760359526, -0.00139977969229, -0.000928870402277, -0.000443310214905], [-0.000175732086063, 0.00178607972339, -0.00195429171436, 0.00736812734976, -0.00647717993706, 0.0041165263392, -0.000691581808496, -0.00178299762774, 0.00177049508784, 0.000673388305586, -0.000331636925694, 0.00321735907346, -0.00256840023212], [0.000787304888945, -0.00173167802859, 0.00371713587083, -0.00647717993706, 0.0134327793494, -0.00354964565486, 0.00242292042822, 0.001252443064, -0.00366979488172, 0.00161014206242, 0.000979767297395, -0.00467244675383, 0.00232930039056], [-8.81607945757e-07, 0.00111403141636, -0.00351249868982, 0.0041165263392, -0.00354964565486, 0.0108678387478, -0.00231505953707, -0.0016242871061, 0.000315521931043, -0.00354738207534, -0.00188295973931, 0.00108183093835, -0.00125399383251], [0.000567654322367, -0.00124819099437, -0.00045253886492, -0.000691581808496, 0.00242292042822, -0.00231505953707, 0.00976654887199, -0.00282084662467, 0.00206387904473, -0.00292789610103, 0.00128558441065, -0.00311238784343, -0.000807833857834], [0.000123863996123, -0.000214671526919, 0.00302603677846, -0.00178299762774, 0.001252443064, -0.0016242871061, -0.00282084662467, 0.0127783361822, -0.0052147321403, 0.00512916967273, -0.00431917933747, -0.000478172587464, 0.00167825038079], [-0.00064939603908, 9.87835082924e-05, -0.00288135418668, 0.00177049508784, -0.00366979488172, 0.000315521931043, 0.00206387904473, -0.0052147321403, 0.0218163356185, -0.00937869586051, 0.0015533035621, 0.00379185634665, -0.00354243163019], [0.000224129253183, 0.00123392697424, 0.00499760359526, 0.000673388305586, 0.00161014206242, -0.00354738207534, -0.00292789610103, 0.00512916967273, -0.00937869586051, 0.0164067503065, -0.00211194297299, -0.0012709844159, 0.00313725764863], [-0.00061001710128, -0.000627287488896, -0.00139977969229, -0.000331636925694, 0.000979767297395, -0.00188295973931, 0.00128558441065, -0.00431917933747, 0.0015533035621, -0.00211194297299, 0.0116152400151, 0.00156132539269, -0.001720129163], [-0.000532268022653, 0.000931390444748, -0.000928870402277, 0.00321735907346, -0.00467244675383, 0.00108183093835, -0.00311238784343, -0.000478172587464, 0.00379185634665, -0.0012709844159, 0.00156132539269, 0.0140037294477, -0.0018665229436], [0.00081985630095, 0.000222169721383, -0.000443310214905, -0.00256840023212, 0.00232930039056, -0.00125399383251, -0.000807833857834, 0.00167825038079, -0.00354243163019, 0.00313725764863, -0.001720129163, -0.0018665229436, 0.0205860435963]]
    }
}

}