{
"metadata": {
    "version": {
        "essentia": "2.0.1",
        "extractor": "archive-music 1.0 mod ismir14"
    },
    "audio_properties": {
        "analysis_sample_rate": 44100,
        "bitrate": 1444,
        "channels": 2,
        "equal_loudness": 0,
        "length": 30,
        "replay_gain": -12.2083683014,
        "downmix": "mix"
    },
    "tags": {
        "track": 0,
        "year": 0,
        "album": "",
        "artist": "",
        "comment": "",
        "genre": "",
        "title": ""
    }
},
"rhythm": {
    "bpm": 92.5965042114,
    "bpm_histogram_first_peak": 94,
    "bpm_histogram_first_peak_spread": 0.540540575981,
    "bpm_histogram_first_peak_weight": 0.377777785063,
    "bpm_histogram_second_peak": 89,
    "bpm_histogram_second_peak_spread": 0,
    "bpm_histogram_second_peak_weight": 0.155555561185
},
"tonal": {
    "tuning_frequency": {
        "dmean": 0.271928578615,
        "dmean2": 0.493914872408,
        "dvar": 3.93050694466,
        "dvar2": 7.44243955612,
        "max": 456.04309082,
        "mean": 439.102752686,
        "median": 440.254241943,
        "min": 432.690917969,
        "var": 18.2074642181
    },
    "hpcp": {
        "dmean": [0.080892495811, 0.172867819667, 0.0780272632837, 0.23940898478, 0.149866446853, 0.107044324279, 0.220877289772, 0.0728794634342, 0.183969005942, 0.084308475256, 0.143262177706, 0.221183121204],
        "dmean2": [0.139947608113, 0.303818166256, 0.139899894595, 0.413751393557, 0.26463341713, 0.192398250103, 0.385894417763, 0.126917541027, 0.303041815758, 0.148911654949, 0.252264469862, 0.383193731308],
        "dvar": [0.0247998684645, 0.0514742657542, 0.0264328606427, 0.0701809749007, 0.0579172931612, 0.0196748636663, 0.0744339972734, 0.0129760699347, 0.0466988123953, 0.0189566221088, 0.0329311601818, 0.0599778369069],
        "dvar2": [0.0725031420588, 0.117737665772, 0.0738227814436, 0.157882720232, 0.12489964813, 0.0552717521787, 0.126683577895, 0.0356931388378, 0.0985350012779, 0.0535598173738, 0.076663672924, 0.14551025629],
        "max": [0.986177861691, 1, 1, 1, 1, 1, 1, 0.651151955128, 1, 1, 1, 1],
        "mean": [0.0763629004359, 0.248957559466, 0.0676299333572, 0.470696002245, 0.272533684969, 0.11823759228, 0.354681402445, 0.070563942194, 0.427803605795, 0.0796400234103, 0.214205026627, 0.413708418608],
        "median": [0.0288955792785, 0.119329541922, 0.0310939140618, 0.320089459419, 0.0986382141709, 0.0812102556229, 0.16212554276, 0.0359005220234, 0.30140426755, 0.0425620898604, 0.145213350654, 0.297796607018],
        "min": [0.000950446352363, 0.00413434393704, 0.00107347266749, 0.00380104198121, 0.000811132078525, 0.00369478622451, 0.00438820756972, 0.00335121387616, 0.0120609859005, 0.00203834567219, 0.0038514721673, 0.00278264284134],
        "var": [0.0177388899028, 0.0750412940979, 0.0181167311966, 0.141470775008, 0.128562897444, 0.017387393862, 0.135586857796, 0.00994022283703, 0.120869792998, 0.0134084988385, 0.0448426865041, 0.120241694152]
    }
},
"lowlevel": {
    "melbands": {
        "dmean": [1.65671167451e-06, 9.61223122431e-06, 7.209384421e-06, 1.55863654072e-05, 1.77034671651e-05, 3.05107769236e-05, 2.22763537749e-05, 6.63936443743e-05, 3.76075804525e-05, 2.73067034868e-05, 1.46288984979e-05, 1.17887539091e-05, 1.19895266835e-05, 9.68526273937e-06, 1.98087964236e-05, 1.31933311422e-05, 9.49448804022e-06, 5.88347529629e-06, 5.83616065342e-06, 6.47101614959e-06, 1.77263621026e-06, 2.48415722126e-06, 1.23283678022e-06, 1.03562240383e-06, 1.66208474184e-06, 4.86540898237e-07, 2.9050929129e-07, 3.41984389252e-07, 3.32523313773e-07, 3.49322050397e-07, 1.82113751634e-07, 9.22146128346e-08, 6.35428847318e-08, 2.72256528433e-08, 1.13205151919e-08, 9.76435554634e-09, 2.30044494565e-09, 4.00876665196e-10, 1.47404172202e-10, 7.23507156963e-11],
        "dmean2": [2.92519735012e-06, 1.72188520082e-05, 1.29545651362e-05, 2.75135098491e-05, 3.16847181239e-05, 5.34271894139e-05, 3.56779164576e-05, 0.000107385807496, 6.41571605229e-05, 4.70850500278e-05, 2.47567550105e-05, 1.95417705982e-05, 2.05515207199e-05, 1.76894664037e-05, 3.43067149515e-05, 2.25922303798e-05, 1.51568583533e-05, 1.04523414848e-05, 1.0025820302e-05, 1.09887159851e-05, 3.04837521981e-06, 4.30058935308e-06, 2.14535930354e-06, 1.84756413546e-06, 3.01745376419e-06, 8.58336250076e-07, 5.16347938628e-07, 6.2185989691e-07, 5.8867755115e-07, 6.43921850951e-07, 3.34564447257e-07, 1.67930551243e-07, 1.18145294437e-07, 5.001110992e-08, 2.08362429532e-08, 1.72001168863e-08, 4.23390389415e-09, 7.27075233353e-10, 2.73941952456e-10, 1.32039865153e-10],
        "dvar": [2.99657347547e-12, 1.23531490592e-10, 4.65180914622e-11, 2.24644011726e-10, 4.88266038712e-10, 1.16908205339e-09, 7.59879048573e-10, 1.28884378725e-08, 3.659194725e-09, 1.19867815673e-09, 4.36782721103e-10, 2.44961800844e-10, 3.61735696952e-10, 2.21562199143e-10, 8.98315866138e-10, 6.26024065919e-10, 2.86152518347e-10, 1.12363146565e-10, 8.01530439243e-11, 1.40285422168e-10, 4.53834409289e-12, 1.57756897823e-11, 2.042653156e-12, 2.01816406468e-12, 6.08512762748e-12, 8.9666235591e-13, 2.05085772041e-13, 4.11251138395e-13, 2.20793083252e-13, 2.26703408108e-13, 8.18246024322e-14, 2.77108878514e-14, 1.6505124768e-14, 2.9234173269e-15, 3.98349430698e-16, 2.61496593811e-16, 1.11448045706e-17, 4.43804887608e-19, 5.57810215427e-20, 1.13525498441e-20],
        "dvar2": [8.19658143442e-12, 3.45698247806e-10, 1.33687408366e-10, 7.23160697991e-10, 1.58924806648e-09, 3.75585074153e-09, 1.79829695579e-09, 3.25759614839e-08, 1.00895016786e-08, 3.49041684444e-09, 1.04352915198e-09, 6.1625832215e-10, 1.08946196509e-09, 6.87497725416e-10, 2.43614195483e-09, 1.0778293813e-09, 7.01501745581e-10, 3.54055312846e-10, 2.22516824411e-10, 3.78057501971e-10, 1.23849099379e-11, 4.68415028987e-11, 5.00153607766e-12, 6.1081816688e-12, 1.80217629014e-11, 2.51183882721e-12, 6.38814630534e-13, 1.19040530471e-12, 6.65893501364e-13, 6.6829701495e-13, 2.55227994772e-13, 8.5672015814e-14, 4.91023000526e-14, 9.00397886404e-15, 1.19325745269e-15, 7.30491748684e-16, 3.04297082609e-17, 1.24326249023e-18, 1.56383341565e-19, 3.21201049632e-20],
        "max": [9.11732422537e-06, 8.56706610648e-05, 4.99653760926e-05, 9.95335285552e-05, 0.000138266215799, 0.000165967707289, 0.00023453378526, 0.000663181883283, 0.000360543519491, 0.000198680427275, 0.000117504700029, 9.15932178032e-05, 0.000115809736599, 8.82564127096e-05, 0.000154802328325, 0.000136160626425, 0.000123493286083, 5.91342650296e-05, 4.75543020002e-05, 0.000109369262645, 1.1424594959e-05, 2.80050335277e-05, 1.09231141323e-05, 9.56962139753e-06, 1.1648169675e-05, 6.60318892187e-06, 2.42226542468e-06, 3.33066304847e-06, 2.29075476454e-06, 2.4770915843e-06, 1.47654884586e-06, 8.29566658922e-07, 6.80188236402e-07, 2.59829334937e-07, 9.03462122892e-08, 1.10775225437e-07, 1.92613036631e-08, 3.45322259676e-09, 9.9213171012e-10, 5.58661783501e-10],
        "mean": [2.39266660174e-06, 1.38200730362e-05, 9.39727397054e-06, 2.01870079763e-05, 2.57859082922e-05, 3.7392219383e-05, 3.40365986631e-05, 8.36362087284e-05, 4.53460233985e-05, 2.76659775409e-05, 1.75779059646e-05, 1.39577859954e-05, 1.24574862639e-05, 9.24750293052e-06, 1.89886941371e-05, 1.5653520677e-05, 1.11365643534e-05, 5.61854903935e-06, 4.86362523588e-06, 6.20583887212e-06, 1.88193450867e-06, 2.63712399828e-06, 1.33278319936e-06, 1.08093502149e-06, 1.53179223616e-06, 4.92418280373e-07, 2.60478600467e-07, 2.84814802853e-07, 2.93105358651e-07, 3.10150312544e-07, 1.48396892996e-07, 7.03032014826e-08, 4.5970050877e-08, 1.87009483454e-08, 8.25082491218e-09, 7.67921726208e-09, 2.12693418433e-09, 3.17801757133e-10, 1.20278134674e-10, 6.75731276489e-11],
        "median": [1.79388769084e-06, 1.16198980322e-05, 7.4439931268e-06, 1.47290629684e-05, 1.94899166672e-05, 2.44583461608e-05, 1.52191760208e-05, 2.26752326853e-05, 1.4138199731e-05, 1.02484455056e-05, 5.75237800149e-06, 3.59142995876e-06, 4.88886871608e-06, 5.43081341675e-06, 5.62015702599e-06, 4.42027385361e-06, 2.13407952288e-06, 1.76997332346e-06, 1.02715841876e-06, 2.19340313379e-06, 7.9012892229e-07, 1.09693360173e-06, 6.25588882031e-07, 4.96854511312e-07, 3.61561745876e-07, 1.84860979857e-07, 1.01268483377e-07, 5.18058165255e-08, 1.06123302146e-07, 9.97946898451e-08, 4.05096578504e-08, 1.55011896652e-08, 6.11723693922e-09, 2.25588259184e-09, 1.21454923896e-09, 1.18722465192e-09, 5.195036068e-10, 7.81353801105e-11, 3.67945708624e-11, 2.71582773631e-11],
        "min": [8.99983092495e-08, 5.43244539131e-07, 1.52329164393e-07, 6.56224514728e-08, 2.67932627196e-08, 5.90200954775e-08, 2.7482697007e-08, 1.58408415274e-08, 4.94801044582e-09, 5.70152991486e-09, 4.59151250354e-09, 5.67223246151e-09, 3.29696336898e-09, 2.9117814826e-09, 1.94575622281e-09, 4.33324598426e-10, 5.95319071817e-10, 3.51743384419e-10, 3.98418797953e-10, 2.01680547263e-10, 1.30592897607e-10, 1.87762361215e-10, 1.6618549592e-10, 7.9958165089e-11, 7.06324373989e-11, 3.98342261954e-11, 4.58927409963e-11, 3.1662859834e-11, 2.46784138264e-11, 1.81413131045e-11, 1.49795939541e-11, 1.10965880581e-11, 1.09559184641e-11, 7.85985252577e-12, 6.74461094613e-12, 6.54045958018e-12, 5.73258888276e-12, 5.20073871121e-12, 4.45442294161e-12, 3.99481706395e-12],
        "var": [3.17188679835e-12, 1.1270670508e-10, 6.05571079393e-11, 3.08616548983e-10, 5.34125577101e-10, 1.44194223228e-09, 1.77766878995e-09, 1.87697004606e-08, 4.44909753483e-09, 1.35423705583e-09, 5.80643422232e-10, 3.68384878158e-10, 3.88305165799e-10, 1.66400282442e-10, 8.68469296478e-10, 8.6893375828e-10, 4.91992502294e-10, 1.04059781625e-10, 7.64530938557e-11, 1.62997698672e-10, 5.67274092284e-12, 1.8879328656e-11, 3.13451998732e-12, 2.04900658073e-12, 5.99404900714e-12, 9.78227698498e-13, 1.77667667904e-13, 3.85318648733e-13, 2.06320366607e-13, 2.21812978683e-13, 6.91193318401e-14, 2.01934179285e-14, 1.23409049703e-14, 2.11769629407e-15, 3.11474211147e-16, 2.57403677671e-16, 1.26864401034e-17, 3.74739571609e-19, 4.62268463609e-20, 1.08415606363e-20]
    },
    "mfcc": {
        "dmean": [59.5726318359, 18.6856975555, 22.8681545258, 8.74657058716, 12.4001502991, 8.95941066742, 7.4880566597, 6.5260052681, 5.18065071106, 5.19779443741, 4.59868621826, 5.35692453384, 4.3005657196],
        "dmean2": [99.8343811035, 30.7424640656, 38.3428230286, 14.0298900604, 21.6556758881, 14.6574296951, 12.2940359116, 10.8045635223, 8.25168800354, 8.61325359344, 7.870885849, 9.01657104492, 6.70496225357],
        "dvar": [2439.49438477, 289.605010986, 481.112548828, 48.9964294434, 128.730072021, 54.6170005798, 39.1071739197, 22.8958301544, 20.0996551514, 20.1385002136, 16.4157505035, 19.6911506653, 12.8361558914],
        "dvar2": [6551.09619141, 812.423583984, 1174.12036133, 135.37828064, 348.152954102, 147.32472229, 119.234786987, 66.8521347046, 53.8761177063, 52.5342445374, 31.4352893829, 47.2837028503, 33.4627494812],
        "max": [-685.820251465, 206.429168701, 61.0033302307, 55.3866767883, 19.5438842773, 34.9487037659, 10.0222358704, 5.50213623047, 13.7966575623, 13.6406726837, 18.7153739929, 22.9728336334, 6.70531463623],
        "mean": [-818.527404785, 165.013259888, -40.7411613464, 12.7854499817, -14.6667346954, -4.02157592773, -8.86724758148, -9.93212032318, -2.21763777733, -6.3720035553, 1.51051175594, 4.38575649261, -5.60605573654],
        "median": [-800.864685059, 172.6456604, -49.3858299255, 9.83011245728, -15.1344871521, -6.24266052246, -9.52362060547, -11.2141876221, -2.6506652832, -6.20021820068, 1.91310501099, 3.4115524292, -5.92957305908],
        "min": [-1078.48535156, 74.6382217407, -96.3804168701, -18.5531730652, -45.7109680176, -24.9009056091, -41.6269874573, -25.5561065674, -17.3106613159, -26.0464859009, -12.6392421722, -17.6975097656, -16.9912834167],
        "var": [6473.26318359, 692.382385254, 1290.98059082, 246.041046143, 284.593353271, 140.42350769, 92.5344619751, 46.4548377991, 43.2167320251, 56.0838241577, 38.5473251343, 76.0584487915, 25.7795448303],
        "cov": [[6513.22167969, 281.862457275, -2799.6796875, 205.530960083, -1076.48876953, 16.7910289764, -479.357971191, -85.4113693237, -73.6507110596, -139.611068726, 51.3696708679, 162.288223267, -128.201522827], [281.862457275, 696.65637207, -88.9238586426, -282.066711426, -63.0149841309, -241.073272705, 50.1385574341, -89.9157562256, 53.8474082947, -108.107170105, -1.205468297, 79.8381347656, -19.6325473785], [-2799.6796875, -88.9238586426, 1298.94970703, -90.5732498169, 454.596557617, 12.3983592987, 197.676116943, 52.7411079407, 21.2080287933, 71.1422729492, -29.1624011993, -67.4873275757, 57.5501174927], [205.530960083, -282.066711426, -90.5732498169, 247.559829712, 41.9657211304, 107.076126099, -36.7834396362, 7.86895370483, -43.3390464783, 15.8894147873, -12.1947546005, -61.3055076599, -8.02804756165], [-1076.48876953, -63.0149841309, 454.596557617, 41.9657211304, 286.350128174, 29.5979728699, 74.8572998047, 2.50270438194, -24.6415271759, 23.1056976318, -23.5458145142, -69.1215896606, 10.5464582443], [16.7910289764, -241.073272705, 12.3983592987, 107.076126099, 29.5979728699, 141.290313721, -8.37914943695, 46.1938781738, -30.9010448456, 39.4011802673, -7.69450473785, -47.8157920837, 2.60802412033], [-479.357971191, 50.1385574341, 197.676116943, -36.7834396362, 74.8572998047, -8.37914943695, 93.1056594849, 11.4891777039, 15.3553934097, -13.5132360458, -17.0278759003, -12.863161087, 4.11282253265], [-85.4113693237, -89.9157562256, 52.7411079407, 7.86895370483, 2.50270438194, 46.1938781738, 11.4891777039, 46.7415962219, 0.659202098846, 23.2781524658, -0.949905872345, -7.19078969955, 8.89436721802], [-73.6507110596, 53.8474082947, 21.2080287933, -43.3390464783, -24.6415271759, -30.9010448456, 15.3553934097, 0.659202098846, 43.4835014343, -5.59623908997, 11.8360939026, 22.9879608154, 3.44711112976], [-139.611068726, -108.107170105, 71.1422729492, 15.8894147873, 23.1056976318, 39.4011802673, -13.5132360458, 23.2781524658, -5.59623908997, 56.4300193787, 15.7170982361, -9.35292720795, 10.348110199], [51.3696708679, -1.205468297, -29.1624011993, -12.1947546005, -23.5458145142, -7.69450473785, -17.0278759003, -0.949905872345, 11.8360939026, 15.7170982361, 38.7852706909, 25.907169342, 3.29622912407], [162.288223267, 79.8381347656, -67.4873275757, -61.3055076599, -69.1215896606, -47.8157920837, -12.863161087, -7.19078969955, 22.9879608154, -9.35292720795, 25.907169342, 76.5279464722, 3.55864715576], [-128.201522827, -19.6325473785, 57.5501174927, -8.02804756165, 10.5464582443, 2.60802412033, 4.11282253265, 8.89436721802, 3.44711112976, 10.348110199, 3.29622912407, 3.55864715576, 25.9386787415]],
        "icov": [[0.22420437634, -0.31580889225, 0.309244453907, -0.287777870893, 0.295384138823, -0.282479584217, 0.269574165344, -0.248865380883, 0.205137327313, -0.178855150938, 0.163017302752, -0.134277150035, 0.0866000726819], [-0.31580889225, 0.451979607344, -0.434301763773, 0.411565929651, -0.417695909739, 0.403111726046, -0.381885051727, 0.354430615902, -0.288548737764, 0.257409632206, -0.230590865016, 0.190413981676, -0.120668619871], [0.309244453907, -0.434301763773, 0.429826170206, -0.394784659147, 0.402731269598, -0.388262540102, 0.369319915771, -0.343974113464, 0.280954837799, -0.24859264493, 0.226339668036, -0.185844779015, 0.117131136358], [-0.287777870893, 0.411565929651, -0.394784659147, 0.383156239986, -0.383126944304, 0.360818564892, -0.344981461763, 0.325283795595, -0.262986570597, 0.23649212718, -0.210701197386, 0.176040962338, -0.110451340675], [0.295384138823, -0.417695909739, 0.402731269598, -0.383126944304, 0.403119057417, -0.372652709484, 0.351178109646, -0.322618067265, 0.277165383101, -0.238169655204, 0.212258681655, -0.171991497278, 0.11497951299], [-0.282479584217, 0.403111726046, -0.388262540102, 0.360818564892, -0.372652709484, 0.382198035717, -0.342514812946, 0.298357397318, -0.251011312008, 0.223491892219, -0.207629099488, 0.175769850612, -0.106372274458], [0.269574165344, -0.381885051727, 0.369319915771, -0.344981461763, 0.351178109646, -0.342514812946, 0.349703758955, -0.309184372425, 0.237863525748, -0.204420223832, 0.199607849121, -0.159957185388, 0.105885989964], [-0.248865380883, 0.354430615902, -0.343974113464, 0.325283795595, -0.322618067265, 0.298357397318, -0.309184372425, 0.328198194504, -0.23235411942, 0.187953948975, -0.173858180642, 0.145503088832, -0.102213218808], [0.205137327313, -0.288548737764, 0.280954837799, -0.262986570597, 0.277165383101, -0.251011312008, 0.237863525748, -0.23235411942, 0.227868139744, -0.161144271493, 0.136500537395, -0.123266793787, 0.0788158923388], [-0.178855150938, 0.257409632206, -0.24859264493, 0.23649212718, -0.238169655204, 0.223491892219, -0.204420223832, 0.187953948975, -0.161144271493, 0.188398316503, -0.150612279773, 0.114576272666, -0.0724081397057], [0.163017302752, -0.230590865016, 0.226339668036, -0.210701197386, 0.212258681655, -0.207629099488, 0.199607849121, -0.173858180642, 0.136500537395, -0.150612279773, 0.168131172657, -0.114362321794, 0.0625981986523], [-0.134277150035, 0.190413981676, -0.185844779015, 0.176040962338, -0.171991497278, 0.175769850612, -0.159957185388, 0.145503088832, -0.123266793787, 0.114576272666, -0.114362321794, 0.109864652157, -0.0548641122878], [0.0866000726819, -0.120668619871, 0.117131136358, -0.110451340675, 0.11497951299, -0.106372274458, 0.105885989964, -0.102213218808, 0.0788158923388, -0.0724081397057, 0.0625981986523, -0.0548641122878, 0.0813665539026]]
    }
}

}