{
"metadata": {
    "version": {
        "essentia": "2.0.1",
        "extractor": "archive-music 1.0 mod ismir14"
    },
    "audio_properties": {
        "analysis_sample_rate": 44100,
        "bitrate": 64,
        "channels": 2,
        "equal_loudness": 0,
        "length": 30.0669155121,
        "replay_gain": -8.42583656311,
        "downmix": "mix"
    },
    "tags": {
        "track": 7,
        "year": 0,
        "album": "The Cool Jazz Collection",
        "artist": "Astrud Gilberto",
        "comment": "",
        "genre": "Jazz",
        "title": "Girl From Ipanema"
    }
},
"rhythm": {
    "bpm": 130.002792358,
    "bpm_histogram_first_peak": 129,
    "bpm_histogram_first_peak_spread": 0.490909099579,
    "bpm_histogram_first_peak_weight": 0.444444447756,
    "bpm_histogram_second_peak": 136,
    "bpm_histogram_second_peak_spread": 0.199999988079,
    "bpm_histogram_second_peak_weight": 0.0634920671582
},
"tonal": {
    "tuning_frequency": {
        "dmean": 0.110831320286,
        "dmean2": 0.182669684291,
        "dvar": 1.1745043993,
        "dvar2": 2.48148727417,
        "max": 456.04309082,
        "mean": 437.487854004,
        "median": 437.465789795,
        "min": 435.197479248,
        "var": 2.07587218285
    },
    "hpcp": {
        "dmean": [0.0926615074277, 0.138283371925, 0.110811635852, 0.155344575644, 0.106645062566, 0.0832792073488, 0.127909526229, 0.0469842292368, 0.121579006314, 0.101257875562, 0.124437756836, 0.0972096994519],
        "dmean2": [0.16726462543, 0.241444140673, 0.207976877689, 0.285081893206, 0.189073607326, 0.150331363082, 0.225211396813, 0.0858792215586, 0.21212053299, 0.183426082134, 0.229100465775, 0.175495743752],
        "dvar": [0.049943972379, 0.063417673111, 0.0674976631999, 0.0818786174059, 0.0509328357875, 0.0425057038665, 0.0597904585302, 0.0291421245784, 0.0563123598695, 0.0606434904039, 0.0676139220595, 0.0467653274536],
        "dvar2": [0.133942425251, 0.123936742544, 0.185304149985, 0.178313806653, 0.125459060073, 0.113882578909, 0.131587356329, 0.0690465942025, 0.122646600008, 0.146614193916, 0.170493081212, 0.108195237815],
        "max": [1, 1, 1, 1, 1, 1, 1, 1, 1, 1, 1, 1],
        "mean": [0.0670258253813, 0.24618165195, 0.0688724070787, 0.266342520714, 0.126730561256, 0.0838693380356, 0.224704802036, 0.0663264915347, 0.162642896175, 0.0870969444513, 0.110864587128, 0.13608430326],
        "median": [0.00210936693475, 0.0375806242228, 0.00110498210415, 0.0189292691648, 0.00793387647718, 0.00317622697912, 0.0261141359806, 0.001093020197, 0.0126603152603, 0.001439805259, 0.00662094540894, 0.00807148404419],
        "min": [0, 3.49607512362e-06, 2.26282395488e-06, 0, 2.26766678679e-06, 5.68067162021e-06, 2.60244269157e-05, 0, 0, 0, 0, 0],
        "var": [0.0385849289596, 0.134196251631, 0.0443426258862, 0.158520460129, 0.0738036707044, 0.0520647168159, 0.128369688988, 0.0507974773645, 0.0943382233381, 0.0603271909058, 0.0651849508286, 0.0828391164541]
    }
},
"lowlevel": {
    "melbands": {
        "dmean": [0.000260359927779, 0.0007260745042, 0.000801211223006, 0.000434097397374, 0.00024936182308, 9.50580870267e-05, 5.93730910623e-05, 6.5711516072e-05, 2.54610131378e-05, 1.70973162312e-05, 1.51005760927e-05, 1.47644150275e-05, 3.65032201444e-06, 2.57837336903e-06, 3.80902088182e-06, 2.40940062213e-06, 2.02288606488e-06, 6.92097614774e-07, 6.88267107307e-07, 6.91210232162e-07, 4.38977963313e-07, 6.1460212919e-07, 7.4797861771e-07, 6.61435592519e-07, 2.75533608374e-07, 1.69199950051e-07, 2.27873556469e-07, 3.75222157345e-07, 2.98314347447e-07, 4.01904571845e-07, 6.79005495385e-07, 9.99341409624e-07, 1.24843813865e-06, 7.39197560051e-07, 3.26676541818e-07, 1.72338602056e-07, 1.02310160344e-07, 3.83141021132e-08, 1.23197301249e-08, 1.18083154366e-09],
        "dmean2": [0.000363101687981, 0.00105122523382, 0.00116682727821, 0.000662970996927, 0.00036356356577, 0.00014366688265, 9.10473245312e-05, 9.6195974038e-05, 3.75361014449e-05, 2.29422257689e-05, 2.2024854843e-05, 2.03994513868e-05, 5.36422248842e-06, 3.74196451958e-06, 4.98870849697e-06, 3.36448601956e-06, 2.93117909678e-06, 1.09554798655e-06, 1.04599598671e-06, 1.04762921183e-06, 7.00379075624e-07, 9.72713564806e-07, 1.12258396712e-06, 1.09186885311e-06, 4.36081222688e-07, 2.46466044018e-07, 3.29342043415e-07, 5.56521456474e-07, 4.42386578925e-07, 5.97329176344e-07, 9.6567782748e-07, 1.39728399517e-06, 1.98439033738e-06, 9.65086314864e-07, 4.45838708174e-07, 2.36200364157e-07, 1.34921450012e-07, 4.9209059938e-08, 1.6216596066e-08, 1.74892511584e-09],
        "dvar": [3.90727848298e-07, 1.35113498345e-06, 1.04723744698e-06, 5.43009548437e-07, 1.67142118812e-07, 4.18063343943e-08, 3.57485703262e-08, 3.2310996545e-08, 5.05567410158e-09, 3.6554970162e-09, 1.73087544297e-09, 9.43784250751e-09, 8.44643868736e-11, 4.05070942067e-11, 2.31075755752e-10, 8.37639332896e-11, 9.68478006125e-11, 3.78527677952e-12, 8.63093971293e-12, 1.15207895307e-11, 1.99955178283e-12, 2.4505376027e-12, 3.55146944839e-12, 4.44320405121e-12, 7.60987301819e-13, 1.78243582546e-13, 4.6784960888e-13, 2.63870197394e-12, 8.40639894934e-13, 2.2546274743e-12, 7.57219374009e-12, 1.84702322881e-11, 4.77924817777e-11, 1.30540049256e-11, 1.49982120907e-12, 2.3549662654e-13, 7.54467831526e-14, 1.35160861046e-14, 2.48138068964e-15, 4.27473573329e-17],
        "dvar2": [7.45622060094e-07, 2.64416439677e-06, 1.81011091627e-06, 1.12487873594e-06, 3.30971914764e-07, 8.9102336176e-08, 7.60720411108e-08, 6.59159411498e-08, 9.51325596077e-09, 6.67903199414e-09, 2.99220337396e-09, 1.64302065286e-08, 1.68248387444e-10, 7.89416934599e-11, 4.21971596554e-10, 1.84569443062e-10, 2.25504448448e-10, 7.86608278514e-12, 1.86060281765e-11, 2.07867820179e-11, 4.96902042083e-12, 6.20217375721e-12, 8.00908037807e-12, 1.09703062606e-11, 1.90357842336e-12, 3.55497776399e-13, 8.50491823235e-13, 5.8165720504e-12, 1.83308294759e-12, 5.24112914527e-12, 1.56873125601e-11, 3.27725797888e-11, 1.24875221275e-10, 2.02580556496e-11, 2.45003908654e-12, 4.25208479538e-13, 1.30141475938e-13, 2.04249764075e-14, 4.1482697438e-15, 9.67238966219e-17],
        "max": [0.00979963038117, 0.0113813718781, 0.0116865579039, 0.0139594469219, 0.00499507924542, 0.00202496419661, 0.00234341667965, 0.00203330512159, 0.00101960508619, 0.00106673850678, 0.000391899287933, 0.00218851980753, 0.000127911625896, 0.000124951082398, 0.000351890252205, 0.000162921802257, 0.0001960950176, 2.24049854296e-05, 4.43546050519e-05, 4.26045371569e-05, 1.65655837918e-05, 1.46240618051e-05, 2.0213677999e-05, 2.36143205257e-05, 1.46189513544e-05, 6.72345959174e-06, 1.14801696327e-05, 3.11823605443e-05, 1.27643615997e-05, 2.38884404098e-05, 3.8788515667e-05, 6.97921277606e-05, 0.000106595813122, 8.24843300506e-05, 1.98337784241e-05, 6.73051090416e-06, 3.15481497637e-06, 1.80670133432e-06, 7.88097452187e-07, 1.18118457237e-07],
        "mean": [0.000457665591966, 0.00156215101015, 0.00199925573543, 0.000757024332415, 0.000558906525839, 0.000167068224982, 6.80662924424e-05, 7.874808216e-05, 3.22247724398e-05, 2.20485380851e-05, 2.08507735806e-05, 2.16387470573e-05, 4.72533338325e-06, 3.21590528074e-06, 5.10920563102e-06, 2.84941756945e-06, 2.06693994187e-06, 8.37848176616e-07, 8.08809147657e-07, 8.28143186027e-07, 4.48773477046e-07, 6.85235534092e-07, 8.0210975284e-07, 6.46959563255e-07, 2.80300412214e-07, 1.98235042603e-07, 2.70954188863e-07, 3.67827993841e-07, 3.04399577544e-07, 3.68207480506e-07, 6.65367224428e-07, 1.0835002513e-06, 1.18111563552e-06, 7.96281142357e-07, 3.71021002366e-07, 1.9692232911e-07, 1.12324485713e-07, 4.1658793748e-08, 1.28397994459e-08, 1.01407271469e-09],
        "median": [0.000116181981866, 0.000713488378096, 0.000824856688268, 0.000354802497895, 0.000188909136341, 6.2109065766e-05, 1.78121354111e-05, 1.48094295582e-05, 5.05954903929e-06, 2.19306912186e-06, 1.90163984826e-06, 1.98780230676e-06, 9.00535781057e-07, 1.06324432636e-06, 8.82346910203e-07, 3.10483301291e-07, 2.16650221319e-07, 1.48356448904e-07, 7.35348564262e-08, 6.42598294576e-08, 7.10509340252e-08, 1.20214906474e-07, 1.13583595862e-07, 7.47104778043e-08, 4.74179522314e-08, 3.83084177713e-08, 5.30611927729e-08, 5.3822319046e-08, 3.13223438297e-08, 4.01561734975e-08, 3.8985831452e-08, 2.56357548523e-08, 3.54001947755e-08, 2.60218726567e-08, 2.21389253596e-08, 1.83582109514e-08, 1.1548165979e-08, 3.3498863683e-09, 4.78840911367e-10, 1.07942535119e-11],
        "min": [2.73114086902e-10, 2.07702660626e-10, 2.06369712985e-10, 1.56572518839e-10, 8.99313609692e-11, 9.63072260829e-11, 2.34888969386e-10, 5.37715288962e-11, 1.99862654204e-10, 6.79694217576e-11, 4.53636867653e-12, 4.05916307511e-11, 5.11165623718e-11, 2.98084022743e-11, 1.17222872034e-11, 5.25507198521e-12, 8.95761004434e-13, 5.17627347235e-12, 2.69434236207e-12, 5.48551048335e-12, 4.90805573267e-12, 3.37411457281e-12, 1.35792961077e-12, 1.57148578005e-12, 1.58355717862e-12, 6.5476972802e-12, 1.66243633443e-11, 8.35794627951e-12, 5.84688113897e-12, 6.01121973379e-12, 6.62065888224e-12, 6.7560436412e-12, 1.25011803752e-13, 4.90957491675e-12, 1.46005967733e-11, 1.04935374626e-11, 3.6768422508e-12, 1.87881719731e-13, 9.94594014894e-14, 2.00630934392e-14],
        "var": [1.14974807275e-06, 3.55496240445e-06, 6.80551693222e-06, 1.87407181329e-06, 7.36114941446e-07, 8.24587615966e-08, 4.42203571538e-08, 4.4760977147e-08, 8.42156300251e-09, 6.65957333723e-09, 3.20965609646e-09, 1.83906987417e-08, 1.55871898722e-10, 5.97220189968e-11, 4.56672533122e-10, 1.13326223405e-10, 1.01379293849e-10, 4.99194479156e-12, 1.21836343098e-11, 1.56984789751e-11, 1.80589202446e-12, 2.48748851378e-12, 4.21150527646e-12, 4.12532464786e-12, 7.16196199568e-13, 2.59836314791e-13, 6.91077186796e-13, 2.7126263475e-12, 9.28149159092e-13, 2.32639406871e-12, 9.22308583673e-12, 2.57719384028e-11, 3.97770046068e-11, 2.12742982952e-11, 2.3774448122e-12, 3.54602116984e-13, 1.1871656002e-13, 2.31103385127e-14, 3.74999908716e-15, 4.20080166839e-17]
    },
    "mfcc": {
        "dmean": [37.8520202637, 24.3852500916, 14.7511405945, 12.2535448074, 9.46898651123, 10.837020874, 9.06583023071, 7.4268488884, 7.33802986145, 7.88012933731, 6.87934017181, 6.54531145096, 5.84990739822],
        "dmean2": [48.2824707031, 33.28673172, 20.1051864624, 17.4687461853, 13.3263425827, 15.4770669937, 13.3703346252, 11.0361032486, 10.825802803, 11.2663087845, 10.263461113, 10.0036277771, 8.9761838913],
        "dvar": [1277.80444336, 672.65612793, 190.00692749, 121.711524963, 74.9775466919, 101.988296509, 64.4687957764, 42.11378479, 35.0227355957, 47.5308113098, 32.1800804138, 28.9552230835, 25.9606666565],
        "dvar2": [1953.41418457, 965.308654785, 352.070892334, 217.202911377, 160.716003418, 173.341125488, 134.906005859, 97.678314209, 75.6426696777, 90.5765838623, 66.3955001831, 61.5176277161, 55.3480300903],
        "max": [-653.979675293, 245.380981445, 121.55291748, 118.499382019, 41.2882118225, 82.6817016602, 34.1903457642, 40.2836608887, 22.0226707458, 47.210975647, 26.4930114746, 45.5316734314, 21.0371398926],
        "mean": [-812.688354492, 169.335205078, 47.9952163696, 43.984664917, -3.0677447319, 18.5675754547, -6.26121377945, 10.6595544815, -12.4623174667, -5.01523590088, -9.71160984039, 2.75784492493, -8.60722255707],
        "median": [-805.864013672, 179.071685791, 48.2787971497, 42.2857551575, -0.886127471924, 18.8194351196, -4.7846031189, 10.1869754791, -12.179145813, -4.00399017334, -9.07849311829, 2.22131347656, -7.4373626709],
        "min": [-1138.42004395, -10.7824783325, -34.624042511, -24.646446228, -80.4877319336, -40.2935295105, -59.3538970947, -31.3088226318, -43.244468689, -46.2836685181, -55.82787323, -31.1253166199, -50.3619308472],
        "var": [4725.77001953, 2066.23974609, 753.68371582, 574.548095703, 265.089813232, 335.159942627, 235.025131226, 141.035751343, 116.745819092, 225.139175415, 160.414825439, 139.432479858, 99.2705612183],
        "cov": [[4733.06298828, 5.95535564423, -695.70489502, 198.197067261, -365.510620117, 49.3203048706, -443.771697998, 269.557281494, -236.654632568, 300.602783203, -87.8671340942, 105.34853363, -264.302124023], [5.95535564423, 2069.4284668, -312.313018799, -402.854003906, 210.543426514, -359.459716797, 136.307312012, 13.2841558456, -16.2804775238, -216.347579956, 22.2876091003, -27.9895801544, -39.082157135], [-695.70489502, -312.313018799, 754.846862793, 129.826324463, -92.066078186, 225.749450684, 42.9895362854, -49.3969116211, 20.5188446045, -91.2847671509, 40.972530365, -31.6443767548, 76.5212402344], [198.197067261, -402.854003906, 129.826324463, 575.434753418, 69.6269378662, -58.8681221008, -105.948493958, 47.8619880676, -22.7937831879, -76.8701095581, -6.7562046051, -47.0667648315, 43.4288978577], [-365.510620117, 210.543426514, -92.066078186, 69.6269378662, 265.498901367, -89.8349456787, 25.8357200623, -4.42253303528, 34.7729988098, -43.6297912598, -18.3557491302, 14.2142848969, 6.54051971436], [49.3203048706, -359.459716797, 225.749450684, -58.8681221008, -89.8349456787, 335.677154541, 33.6708755493, -9.42151832581, 30.6413993835, 86.2446136475, 40.2168502808, 24.0379562378, 21.3926067352], [-443.771697998, 136.307312012, 42.9895362854, -105.948493958, 25.8357200623, 33.6708755493, 235.387832642, 12.3116149902, 26.481628418, -2.12448167801, 22.3254566193, 13.6421775818, 26.2478923798], [269.557281494, 13.2841558456, -49.3969116211, 47.8619880676, -4.42253303528, -9.42151832581, 12.3116149902, 141.25340271, 16.0217971802, 2.50770521164, 25.5021362305, -7.48414897919, -5.34278869629], [-236.654632568, -16.2804775238, 20.5188446045, -22.7937831879, 34.7729988098, 30.6413993835, 26.481628418, 16.0217971802, 116.925987244, 38.0602302551, 25.7231693268, -20.4392642975, 20.5315170288], [300.602783203, -216.347579956, -91.2847671509, -76.8701095581, -43.6297912598, 86.2446136475, -2.12448167801, 2.50770521164, 38.0602302551, 225.486618042, -4.2189912796, 40.3585205078, -33.9111862183], [-87.8671340942, 22.2876091003, 40.972530365, -6.7562046051, -18.3557491302, 40.2168502808, 22.3254566193, 25.5021362305, 25.7231693268, -4.2189912796, 160.662384033, -31.2016391754, 30.6415328979], [105.34853363, -27.9895801544, -31.6443767548, -47.0667648315, 14.2142848969, 24.0379562378, 13.6421775818, -7.48414897919, -20.4392642975, 40.3585205078, -31.2016391754, 139.647659302, -13.1624441147], [-264.302124023, -39.082157135, 76.5212402344, 43.4288978577, 6.54051971436, 21.3926067352, 26.2478923798, -5.34278869629, 20.5315170288, -33.9111862183, 30.6415328979, -13.1624441147, 99.4237594604]],
        "icov": [[0.000872233766131, -0.000588266411796, 0.000857675797306, -0.0010699526174, 0.00142067950219, -0.00122650410049, 0.00118622684386, -0.00124085485004, 0.00110168103129, -0.000924581603613, 0.000317768251989, -0.000465955468826, 0.000982830068097], [-0.000588266411796, 0.0013968629064, -0.000597329286393, 0.0017003895482, -0.00164594897069, 0.00170002900995, -0.000988840591162, 0.000497220491525, -0.000527768861502, 0.00139830121771, -0.000540239503607, 0.000515470223036, -0.000446813850431], [0.000857675797306, -0.000597329286393, 0.00335433124565, -0.0019532837905, 0.002399798017, -0.00304437964223, 0.000555108243134, -5.69612757317e-06, 8.31861616462e-05, 0.000807129137684, 0.000338839832693, -0.000514179118909, 0.000752685009502], [-0.0010699526174, 0.0017003895482, -0.0019532837905, 0.00497071584687, -0.00361998844892, 0.00290022301488, -0.000185392156709, -0.000362480321201, 6.92752582836e-05, 0.00150695536286, -0.000394546019379, 0.00151085294783, -0.00237892591394], [0.00142067950219, -0.00164594897069, 0.002399798017, -0.00361998844892, 0.00833169091493, -0.00194676138926, 0.000935589254368, -0.000500857131556, -0.00146691396367, -0.000365482119378, 0.0010045763338, -0.0024041805882, 0.002011137316], [-0.00122650410049, 0.00170002900995, -0.00304437964223, 0.00290022301488, -0.00194676138926, 0.00777722010389, -0.00187730544712, 0.00113894813694, -0.00153693847824, -0.000415311515098, -0.00149906997103, 4.22134544351e-05, -0.00186113372911], [0.00118622684386, -0.000988840591162, 0.000555108243134, -0.000185392156709, 0.000935589254368, -0.00187730544712, 0.00707489205524, -0.00287548499182, 0.00143090204801, -0.00147421751171, 0.000282216642518, -0.000974555267021, -0.000275778758805], [-0.00124085485004, 0.000497220491525, -5.69612757317e-06, -0.000362480321201, -0.000500857131556, 0.00113894813694, -0.00287548499182, 0.0105440579355, -0.00369693036191, 0.00191587058362, -0.00173501751851, 0.000144328776514, 0.000143900339026], [0.00110168103129, -0.000527768861502, 8.31861616462e-05, 6.92752582836e-05, -0.00146691396367, -0.00153693847824, 0.00143090204801, -0.00369693036191, 0.0139733674005, -0.00457385089248, -0.000347169057932, 0.0023243506439, -0.00155322591309], [-0.000924581603613, 0.00139830121771, 0.000807129137684, 0.00150695536286, -0.000365482119378, -0.000415311515098, -0.00147421751171, 0.00191587058362, -0.00457385089248, 0.00910334847867, -0.000421124277636, -0.00123536249157, 0.00143361114897], [0.000317768251989, -0.000540239503607, 0.000338839832693, -0.000394546019379, 0.0010045763338, -0.00149906997103, 0.000282216642518, -0.00173501751851, -0.000347169057932, -0.000421124277636, 0.00770051963627, 0.00126744084992, -0.00164473301265], [-0.000465955468826, 0.000515470223036, -0.000514179118909, 0.00151085294783, -0.0024041805882, 4.22134544351e-05, -0.000974555267021, 0.000144328776514, 0.0023243506439, -0.00123536249157, 0.00126744084992, 0.0092391949147, -0.000954949879088], [0.000982830068097, -0.000446813850431, 0.000752685009502, -0.00237892591394, 0.002011137316, -0.00186113372911, -0.000275778758805, 0.000143900339026, -0.00155322591309, 0.00143361114897, -0.00164473301265, -0.000954949879088, 0.0144937252626]]
    }
}

}