{
"metadata": {
    "version": {
        "essentia": "2.0.1",
        "extractor": "archive-music 1.0 mod ismir14"
    },
    "audio_properties": {
        "analysis_sample_rate": 44100,
        "bitrate": 64,
        "channels": 2,
        "equal_loudness": 0,
        "length": 30.0669155121,
        "replay_gain": -11.7818088531,
        "downmix": "mix"
    },
    "tags": {
        "track": 6,
        "year": 0,
        "album": "Swing Classics (Jazz & Tzaz 70)",
        "artist": "Benny Carter",
        "comment": "",
        "genre": "Jazz",
        "title": "Babalu"
    }
},
"rhythm": {
    "bpm": 92.63256073,
    "bpm_histogram_first_peak": 94,
    "bpm_histogram_first_peak_spread": 0.540540575981,
    "bpm_histogram_first_peak_weight": 0.377777785063,
    "bpm_histogram_second_peak": 89,
    "bpm_histogram_second_peak_spread": 0,
    "bpm_histogram_second_peak_weight": 0.155555561185
},
"tonal": {
    "tuning_frequency": {
        "dmean": 0.111759752035,
        "dmean2": 0.182091787457,
        "dvar": 1.38145887852,
        "dvar2": 3.27912974358,
        "max": 456.570251465,
        "mean": 438.312072754,
        "median": 441.017791748,
        "min": 431.941772461,
        "var": 19.1618919373
    },
    "hpcp": {
        "dmean": [0.120520591736, 0.142795920372, 0.0891598835588, 0.192561283708, 0.136398375034, 0.126196444035, 0.15663921833, 0.0810175016522, 0.201473847032, 0.102105952799, 0.196244001389, 0.205627813935],
        "dmean2": [0.218049272895, 0.245403066278, 0.163269639015, 0.332701325417, 0.235170558095, 0.221966609359, 0.26389709115, 0.144658312201, 0.34476339817, 0.179399684072, 0.344928443432, 0.356277883053],
        "dvar": [0.0565006583929, 0.0436122044921, 0.0378692299128, 0.0647945553064, 0.0561368837953, 0.0419449582696, 0.0482509769499, 0.027765577659, 0.0555329509079, 0.0342194512486, 0.0630153864622, 0.0636340156198],
        "dvar2": [0.157106220722, 0.112847238779, 0.0924513339996, 0.146245539188, 0.132051602006, 0.10804323107, 0.109916567802, 0.0751006528735, 0.134136021137, 0.0871425643563, 0.159345015883, 0.136147648096],
        "max": [1, 1, 1, 1, 1, 1, 1, 1, 1, 1, 1, 1],
        "mean": [0.109070010483, 0.216219067574, 0.0794541686773, 0.430387109518, 0.211571440101, 0.13321788609, 0.304734528065, 0.0682751461864, 0.373470157385, 0.0867453366518, 0.256618767977, 0.345789194107],
        "median": [0.0176571458578, 0.0676471218467, 0.0111423432827, 0.278140813112, 0.0348622240126, 0.0507638603449, 0.139659613371, 0.018476864323, 0.261625796556, 0.0180674958974, 0.134207993746, 0.209066525102],
        "min": [0, 7.0975649578e-05, 4.61945128336e-05, 0.000503703020513, 3.64345614798e-05, 0.000410984124755, 0.000522028654814, 7.36942820367e-05, 0.000296240934404, 9.42328479141e-05, 0.000136641392601, 0.0001718490239],
        "var": [0.050957608968, 0.081259354949, 0.0389829948545, 0.15386608243, 0.10883372277, 0.0453734509647, 0.127656787634, 0.022621691227, 0.11980612576, 0.0305225271732, 0.0895473882556, 0.127582535148]
    }
},
"lowlevel": {
    "melbands": {
        "dmean": [8.73468252394e-06, 4.02020777983e-05, 2.54496771959e-05, 5.14133862453e-05, 5.24980678165e-05, 8.25176248327e-05, 6.34889220237e-05, 0.00014087704767, 9.26919019548e-05, 7.01634053257e-05, 4.10826287407e-05, 3.47562454408e-05, 3.30240072799e-05, 2.44116035901e-05, 4.92518229294e-05, 4.25833350164e-05, 2.51034380199e-05, 1.61531734193e-05, 1.33103058033e-05, 1.65820911207e-05, 4.90133425046e-06, 6.53997221889e-06, 3.06956621898e-06, 2.82969631371e-06, 3.91965795643e-06, 1.25446854327e-06, 6.66501193791e-07, 7.51124730414e-07, 7.83411792327e-07, 7.67863582496e-07, 4.02352469564e-07, 1.89115183957e-07, 1.3243759156e-07, 5.01101666828e-08, 2.08905781562e-08, 1.704875352e-08, 3.05425862379e-09, 2.6329904923e-10, 2.83509778154e-11, 1.9982114921e-12],
        "dmean2": [1.47325554281e-05, 6.86442217557e-05, 3.96886134695e-05, 7.66188823036e-05, 7.89385958342e-05, 0.000128234547446, 9.8257609352e-05, 0.000210134705412, 0.000140051124617, 0.000108404638013, 6.50735673844e-05, 5.32268386451e-05, 5.19199420523e-05, 3.74282062694e-05, 7.8453682363e-05, 6.81747987983e-05, 3.78592703782e-05, 2.38381471718e-05, 2.05089581868e-05, 2.51486690104e-05, 7.71773738961e-06, 9.92317018245e-06, 4.67965219286e-06, 4.29078636444e-06, 5.90778290643e-06, 1.89458432942e-06, 9.64541754911e-07, 1.14790145744e-06, 1.14874353585e-06, 1.18486150313e-06, 5.60437683816e-07, 2.66263668891e-07, 1.831016192e-07, 6.98224624784e-08, 2.98258164833e-08, 2.57233381262e-08, 4.48895765004e-09, 4.13061390647e-10, 4.5005287691e-11, 3.42825919562e-12],
        "dvar": [1.13920803346e-10, 2.32175723092e-09, 2.05179473411e-09, 5.99004579271e-09, 5.00119856639e-09, 1.64495315147e-08, 7.50113926529e-09, 7.95683945398e-08, 2.59834571636e-08, 1.33856401519e-08, 5.57801893564e-09, 4.88651563657e-09, 5.68916602717e-09, 2.13204587318e-09, 9.7480015171e-09, 9.87948212128e-09, 3.05451197669e-09, 1.27181609688e-09, 8.59416537935e-10, 1.35397582035e-09, 7.67731642148e-11, 1.7760205806e-10, 2.85117641302e-11, 2.69249310347e-11, 6.17011858273e-11, 8.44707463699e-12, 1.79613659015e-12, 3.74279730472e-12, 2.14541730735e-12, 2.15009824181e-12, 6.72402292266e-13, 2.08165312787e-13, 1.43383541802e-13, 1.86630377629e-14, 2.40717488599e-15, 1.61931131939e-15, 3.58799980083e-17, 4.31929572541e-19, 5.02091280898e-21, 2.02960058516e-23],
        "dvar2": [2.65100053021e-10, 5.46482548103e-09, 5.40752598255e-09, 1.44008467373e-08, 9.95348070632e-09, 3.32308935924e-08, 1.58732973432e-08, 1.4394490222e-07, 5.14142683983e-08, 3.00629814376e-08, 1.17993783633e-08, 1.14621210301e-08, 1.45486680481e-08, 4.31305524629e-09, 2.15658744196e-08, 2.43958329094e-08, 6.75112943327e-09, 2.55396215287e-09, 2.01344252382e-09, 2.93318391797e-09, 1.63690727639e-10, 3.804508375e-10, 5.89351970004e-11, 5.34504558669e-11, 1.25153651331e-10, 1.81489216017e-11, 3.59552275106e-12, 7.71103840502e-12, 4.32509150022e-12, 4.13887544029e-12, 1.22752513449e-12, 3.6532005177e-13, 2.64386304733e-13, 3.18553912632e-14, 4.38331969259e-15, 3.65943220686e-15, 7.71535444828e-17, 1.0190254067e-18, 1.21172750892e-20, 5.41171202756e-23],
        "max": [8.09579651104e-05, 0.000539395143278, 0.000732319662347, 0.00117305316962, 0.000873908982612, 0.00119197380263, 0.00135551358107, 0.00395593140274, 0.00187800452113, 0.00101636745967, 0.000735216250177, 0.000849635223858, 0.000976270239335, 0.00067957554711, 0.00102538056672, 0.00107802613638, 0.000683118705638, 0.000429683714174, 0.000278892257484, 0.000579518557061, 0.000112745066872, 0.000157711241627, 7.27046281099e-05, 5.7743909565e-05, 7.84723379184e-05, 3.96645518776e-05, 1.21570074043e-05, 2.22938706429e-05, 1.12627467388e-05, 1.34667279781e-05, 8.5125257101e-06, 4.57751275462e-06, 5.37687947144e-06, 1.36704568376e-06, 4.50148661457e-07, 4.78941217352e-07, 6.5042790709e-08, 6.53123599648e-09, 7.64823926414e-10, 5.67855762412e-11],
        "mean": [1.14081285574e-05, 5.43713358638e-05, 3.81963654945e-05, 8.25025126687e-05, 0.000103933358332, 0.000146679813042, 0.000138249160955, 0.000331268412992, 0.000183676413144, 0.000106934749056, 7.14882044122e-05, 5.76445781917e-05, 4.79320806335e-05, 3.62569953722e-05, 7.56753215683e-05, 6.29810383543e-05, 4.3607011321e-05, 2.17616125155e-05, 1.82455769391e-05, 2.5144099709e-05, 7.5864459177e-06, 1.02535050246e-05, 5.32135209141e-06, 4.3087661652e-06, 5.96892186877e-06, 1.98226757675e-06, 1.02882700048e-06, 1.12250097573e-06, 1.15212742458e-06, 1.22259700674e-06, 5.8400286207e-07, 2.71608797675e-07, 1.77071413532e-07, 6.9907898137e-08, 2.9564175108e-08, 2.41105357901e-08, 4.83089879211e-09, 3.23380655587e-10, 3.20388646169e-11, 1.80138954968e-12],
        "median": [6.74923921906e-06, 3.61145903298e-05, 2.38173925027e-05, 5.3055184253e-05, 7.54269058234e-05, 8.52768716868e-05, 5.27296542714e-05, 7.49262544559e-05, 4.68104954052e-05, 3.15684264933e-05, 1.88526264537e-05, 1.19884571177e-05, 1.35782520374e-05, 1.50480573211e-05, 1.57977301569e-05, 1.25062297229e-05, 6.012227459e-06, 5.49917194803e-06, 2.58582099377e-06, 5.04499394083e-06, 2.88841306428e-06, 3.14824933412e-06, 1.95157917915e-06, 1.62952244409e-06, 1.15845045912e-06, 6.14464113369e-07, 3.21811228332e-07, 1.70320916482e-07, 3.22929878394e-07, 2.59906897782e-07, 1.03100987303e-07, 4.95179115489e-08, 1.8452015027e-08, 6.16699935563e-09, 3.08452841047e-09, 2.48907183753e-09, 7.77078457137e-10, 3.82195525228e-11, 6.17891154908e-12, 5.27982985023e-13],
        "min": [4.36239711021e-10, 2.23266696797e-10, 2.6910482176e-10, 7.77540476449e-10, 5.2967974451e-10, 6.01992788951e-10, 7.78939746038e-10, 2.39754077702e-10, 2.08659704098e-11, 3.20408921617e-10, 8.53150397551e-11, 7.68001773288e-11, 5.35127914203e-11, 6.22540977102e-11, 1.68873248718e-10, 5.4394558302e-11, 2.54653763354e-11, 2.94244073551e-11, 2.12360094787e-11, 1.61722076703e-11, 1.44612308239e-11, 5.16606341039e-11, 8.90047844454e-12, 1.62623161465e-11, 1.56563824405e-11, 8.61487124042e-14, 6.07701259106e-12, 6.44254441462e-12, 2.69304401641e-14, 7.1681464204e-14, 1.74220360361e-12, 1.13239571799e-12, 5.54338530374e-13, 1.18331817327e-13, 4.48018195893e-13, 1.45511776456e-13, 1.07186666227e-13, 5.78828773649e-14, 4.82547521093e-14, 1.31082304231e-14],
        "var": [1.61361382589e-10, 3.28110782988e-09, 2.28319052553e-09, 9.15744813312e-09, 1.16953913221e-08, 3.22728723745e-08, 3.45325616991e-08, 3.30121054049e-07, 8.44165768399e-08, 2.63167443393e-08, 1.32332740321e-08, 9.17217768404e-09, 7.82859466142e-09, 3.70860098187e-09, 1.84561148586e-08, 1.98860448108e-08, 9.18419562623e-09, 2.21267648648e-09, 1.4648741109e-09, 3.2942648609e-09, 1.41857317559e-10, 3.7263309105e-10, 7.10861439157e-11, 4.76465256138e-11, 1.24063037621e-10, 1.99108108473e-11, 3.60569408532e-12, 7.99809957847e-12, 4.31435963344e-12, 4.63430249037e-12, 1.42137853137e-12, 4.00484224776e-13, 2.56630735542e-13, 3.82412133101e-14, 5.15470243326e-15, 3.46826851737e-15, 8.910020305e-17, 7.09707730681e-19, 6.59647659891e-21, 1.49093322692e-23]
    },
    "mfcc": {
        "dmean": [39.3076858521, 13.3839845657, 16.6248588562, 9.55985450745, 10.151925087, 7.32732534409, 7.0355091095, 5.95928907394, 5.51677131653, 5.61674547195, 4.74403238297, 5.24056863785, 4.83546638489],
        "dmean2": [47.8474159241, 18.5120105743, 22.3471755981, 14.6892118454, 14.5553636551, 10.8498678207, 10.7407121658, 9.56598854065, 8.97926616669, 8.53474521637, 7.669506073, 8.09132480621, 7.73031759262],
        "dvar": [2079.16894531, 238.177734375, 338.99230957, 69.9829559326, 98.0317611694, 34.4309616089, 31.7334079742, 24.2698326111, 21.159412384, 18.0409832001, 15.6913881302, 17.7064285278, 14.8231744766],
        "dvar2": [3033.35644531, 337.446533203, 520.747924805, 148.219573975, 161.706451416, 71.0537948608, 72.1305160522, 55.4657440186, 50.5676383972, 41.4091262817, 37.3014526367, 41.2129058838, 38.6488494873],
        "max": [-609.872436523, 228.171691895, 75.1782836914, 77.3665008545, 32.1015510559, 55.5214996338, 18.3483009338, 15.7720737457, 24.0077323914, 17.714723587, 22.5608329773, 31.9017848969, 22.4892120361],
        "mean": [-773.657653809, 176.867004395, -44.5894813538, 19.6233711243, -18.1499443054, -0.369317620993, -10.9397974014, -7.86948823929, -3.2672123909, -5.60275363922, 1.70961260796, 3.96537876129, -4.54394817352],
        "median": [-739.82043457, 184.464385986, -59.5399589539, 18.6655197144, -19.1935462952, -1.04302978516, -10.6792144775, -8.2866973877, -3.16529846191, -5.35801696777, 1.63906478882, 2.39985656738, -4.55054473877],
        "min": [-1138.13977051, 0.371837615967, -116.065200806, -34.0171585083, -65.4588623047, -27.7922782898, -52.8961830139, -32.7372741699, -27.7693557739, -30.0610656738, -20.1259326935, -18.2547836304, -25.2387962341],
        "var": [10340.2412109, 873.22253418, 1757.08557129, 307.415985107, 459.931335449, 161.503753662, 152.924072266, 73.2356567383, 63.2004241943, 80.9107818604, 54.4819717407, 97.0080871582, 40.2522659302],
        "cov": [[10356.1982422, 396.018554688, -4014.80395508, 438.143707275, -1792.92675781, 71.978187561, -882.040344238, -13.9977798462, -216.807800293, -165.353042603, 11.3310441971, 256.692840576, -132.620223999], [396.018554688, 874.570129395, -50.2559127808, -275.130645752, -32.9336624146, -240.668640137, 44.6984405518, -100.324043274, 42.3602027893, -136.316055298, -3.1356446743, 34.9171295166, -13.0283002853], [-4014.80395508, -50.2559127808, 1759.79711914, -144.098724365, 699.085266113, 11.5200328827, 329.587524414, 27.8912639618, 76.7008514404, 73.2760543823, -13.313252449, -107.118537903, 45.9428634644], [438.143707275, -275.130645752, -144.098724365, 307.890380859, 7.86712789536, 115.622573853, -43.4307289124, 13.6434412003, -33.2201576233, 14.7677259445, -13.2696247101, -46.9585952759, -15.2153081894], [-1792.92675781, -32.9336624146, 699.085266113, 7.86712789536, 460.641113281, 25.0402889252, 168.062683105, 2.18998646736, 5.16474056244, 25.5891685486, -15.7556724548, -88.8840637207, 8.05814647675], [71.978187561, -240.668640137, 11.5200328827, 115.622573853, 25.0402889252, 161.752990723, -3.58327460289, 55.0828742981, -26.6121330261, 44.2684020996, -6.49453306198, -34.3792304993, -1.35874855518], [-882.040344238, 44.6984405518, 329.587524414, -43.4307289124, 168.062683105, -3.58327460289, 153.160064697, 12.0939664841, 30.2399597168, -6.99265623093, -11.2648744583, -26.08943367, 9.80647277832], [-13.9977798462, -100.324043274, 27.8912639618, 13.6434412003, 2.18998646736, 55.0828742981, 12.0939664841, 73.3486785889, 3.95328974724, 32.7407455444, 3.40611124039, 1.31967890263, 8.80717849731], [-216.807800293, 42.3602027893, 76.7008514404, -33.2201576233, 5.16474056244, -26.6121330261, 30.2399597168, 3.95328974724, 63.2979545593, 5.24583005905, 17.1484642029, 18.602437973, 7.44296312332], [-165.353042603, -136.316055298, 73.2760543823, 14.7677259445, 25.5891685486, 44.2684020996, -6.99265623093, 32.7407455444, 5.24583005905, 81.0356445312, 25.2091464996, 2.38451313972, 7.94074773788], [11.3310441971, -3.1356446743, -13.313252449, -13.2696247101, -15.7556724548, -6.49453306198, -11.2648744583, 3.40611124039, 17.1484642029, 25.2091464996, 54.5660514832, 35.8747406006, 7.08660984039], [256.692840576, 34.9171295166, -107.118537903, -46.9585952759, -88.8840637207, -34.3792304993, -26.08943367, 1.31967890263, 18.602437973, 2.38451313972, 35.8747406006, 97.1577911377, 8.32406616211], [-132.620223999, -13.0283002853, 45.9428634644, -15.2153081894, 8.05814647675, -1.35874855518, 9.80647277832, 8.80717849731, 7.44296312332, 7.94074773788, 7.08660984039, 8.32406616211, 40.3143844604]],
        "icov": [[0.0908108130097, -0.125718563795, 0.124885603786, -0.116422615945, 0.119015350938, -0.111766308546, 0.105458252132, -0.0953237786889, 0.0819242075086, -0.0745264962316, 0.0650185123086, -0.0555894635618, 0.0390655696392], [-0.125718563795, 0.176894068718, -0.172549217939, 0.162998974323, -0.165160089731, 0.156624123454, -0.146317705512, 0.132529079914, -0.114117711782, 0.106512524188, -0.0913487523794, 0.0778829306364, -0.0532496087253], [0.124885603786, -0.172549217939, 0.173710435629, -0.159027472138, 0.161140963435, -0.153859585524, 0.144142538309, -0.130743771791, 0.111107937992, -0.103265590966, 0.0901229381561, -0.0763756111264, 0.0529451258481], [-0.116422615945, 0.162998974323, -0.159027472138, 0.155964016914, -0.154416397214, 0.140206739306, -0.133700028062, 0.123902916908, -0.106675475836, 0.0983316004276, -0.0841568484902, 0.0731185674667, -0.049152970314], [0.119015350938, -0.165160089731, 0.161140963435, -0.154416397214, 0.164137899876, -0.145684376359, 0.133704379201, -0.123777352273, 0.111246474087, -0.0993064045906, 0.0830317214131, -0.0698274895549, 0.0518693551421], [-0.111766308546, 0.156624123454, -0.153859585524, 0.140206739306, -0.145684376359, 0.153165608644, -0.131391063333, 0.109597317874, -0.0963688641787, 0.0896500423551, -0.0810782164335, 0.07148527354, -0.0468737259507], [0.105458252132, -0.146317705512, 0.144142538309, -0.133700028062, 0.133704379201, -0.131391063333, 0.138285949826, -0.114197798073, 0.088748447597, -0.0816140919924, 0.0775409191847, -0.0646591931581, 0.0444753132761], [-0.0953237786889, 0.132529079914, -0.130743771791, 0.123902916908, -0.123777352273, 0.109597317874, -0.114197798073, 0.1234145239, -0.0883980020881, 0.0721837356687, -0.0650974437594, 0.0560994446278, -0.04377835989], [0.0819242075086, -0.114117711782, 0.111107937992, -0.106675475836, 0.111246474087, -0.0963688641787, 0.088748447597, -0.0883980020881, 0.0981766432524, -0.0695508643985, 0.0525403991342, -0.051269210875, 0.0349049456418], [-0.0745264962316, 0.106512524188, -0.103265590966, 0.0983316004276, -0.0993064045906, 0.0896500423551, -0.0816140919924, 0.0721837356687, -0.0695508643985, 0.0875780433416, -0.0652315318584, 0.0482584871352, -0.0319027379155], [0.0650185123086, -0.0913487523794, 0.0901229381561, -0.0841568484902, 0.0830317214131, -0.0810782164335, 0.0775409191847, -0.0650974437594, 0.0525403991342, -0.0652315318584, 0.0795136094093, -0.0513057522476, 0.0256947781891], [-0.0555894635618, 0.0778829306364, -0.0763756111264, 0.0731185674667, -0.0698274895549, 0.07148527354, -0.0646591931581, 0.0560994446278, -0.051269210875, 0.0482584871352, -0.0513057522476, 0.0533346906304, -0.0252601895481], [0.0390655696392, -0.0532496087253, 0.0529451258481, -0.049152970314, 0.0518693551421, -0.0468737259507, 0.0444753132761, -0.04377835989, 0.0349049456418, -0.0319027379155, 0.0256947781891, -0.0252601895481, 0.0445566996932]]
    }
}

}