{
"metadata": {
    "version": {
        "essentia": "2.0.1",
        "extractor": "archive-music 1.0 mod ismir14"
    },
    "audio_properties": {
        "analysis_sample_rate": 44100,
        "bitrate": 96,
        "channels": 2,
        "equal_loudness": 0,
        "length": 30.0669155121,
        "replay_gain": -13.5051937103,
        "downmix": "mix"
    },
    "tags": {
        "track": 0,
        "year": 0,
        "album": "",
        "artist": "",
        "comment": "",
        "genre": "",
        "title": ""
    }
},
"rhythm": {
    "bpm": 88.3256530762,
    "bpm_histogram_first_peak": 89,
    "bpm_histogram_first_peak_spread": 0.357142865658,
    "bpm_histogram_first_peak_weight": 0.62790697813,
    "bpm_histogram_second_peak": 94,
    "bpm_histogram_second_peak_spread": 0,
    "bpm_histogram_second_peak_weight": 0.0232558138669
},
"tonal": {
    "tuning_frequency": {
        "dmean": 0.248840004206,
        "dmean2": 0.462596803904,
        "dvar": 3.32341217995,
        "dvar2": 6.42028951645,
        "max": 454.202880859,
        "mean": 441.314147949,
        "median": 440.508575439,
        "min": 431.692352295,
        "var": 29.0931625366
    },
    "hpcp": {
        "dmean": [0.169065177441, 0.145875155926, 0.185626223683, 0.23212480545, 0.0982844159007, 0.149294644594, 0.205284684896, 0.234751969576, 0.18118365109, 0.117043085396, 0.255680352449, 0.0777991190553],
        "dmean2": [0.287856787443, 0.258358597755, 0.321413040161, 0.39554554224, 0.177841886878, 0.25179374218, 0.353236287832, 0.395077317953, 0.306154131889, 0.207942932844, 0.440639972687, 0.134292587638],
        "dvar": [0.0451564267278, 0.051040712744, 0.0650377124548, 0.0728168338537, 0.0287889614701, 0.0522267185152, 0.0629823133349, 0.0628354996443, 0.0592337474227, 0.0349237956107, 0.0753295272589, 0.019059618935],
        "dvar2": [0.113487914205, 0.135856717825, 0.150598064065, 0.17715318501, 0.0805692896247, 0.109193637967, 0.149797052145, 0.1490983814, 0.149530857801, 0.0964979678392, 0.157861113548, 0.0491524264216],
        "max": [1, 1, 1, 1, 1, 1, 1, 1, 1, 1, 1, 1],
        "mean": [0.233383253217, 0.130194097757, 0.181922674179, 0.276736110449, 0.0845215916634, 0.244140267372, 0.27775490284, 0.32085609436, 0.210070848465, 0.10794146359, 0.632184445858, 0.0768049284816],
        "median": [0.128065392375, 0.0409478135407, 0.0560085363686, 0.125229209661, 0.0316461324692, 0.0809458568692, 0.129648834467, 0.202296629548, 0.0699665248394, 0.0362065061927, 0.692938089371, 0.0295399948955],
        "min": [0.0023916347418, 0, 0.00141475128476, 0, 0, 0.001729529351, 0.000328742928104, 0, 0.000304021028569, 0.000763171119615, 0, 0],
        "var": [0.0697327926755, 0.0457386747003, 0.0754253789783, 0.102179445326, 0.0214762184769, 0.107093073428, 0.106596052647, 0.10580534488, 0.0836476013064, 0.0329549312592, 0.128586962819, 0.0183722916991]
    }
},
"lowlevel": {
    "melbands": {
        "dmean": [4.74243752251e-05, 0.000209996476769, 0.000214547981159, 0.000104775499494, 6.60439618514e-05, 0.00011718548194, 0.00012988265371, 0.000129765947349, 0.000129127030959, 7.21172618796e-05, 4.87073666591e-05, 2.92683471343e-05, 2.34195194935e-05, 1.48027575051e-05, 2.42513633566e-05, 1.45680942296e-05, 1.60395211424e-05, 1.24676234918e-05, 1.00848519651e-05, 8.90047249413e-06, 7.08639890945e-06, 7.20632169759e-06, 8.86127236299e-06, 9.98409814201e-06, 7.00321515978e-06, 5.35044819117e-06, 4.66430037704e-06, 2.79148707705e-06, 1.50903179019e-06, 1.25229155401e-06, 9.66336301644e-07, 5.68267182643e-07, 2.82266057638e-07, 2.02317977482e-07, 1.91829926166e-07, 1.44181868222e-07, 8.57653361663e-08, 3.65346011222e-08, 6.19739015661e-09, 1.9853763078e-10],
        "dmean2": [7.23541888874e-05, 0.000332351512043, 0.000340010068612, 0.000141978889587, 0.000106682768092, 0.000191318467841, 0.00021213637956, 0.000220438087126, 0.000187506040675, 0.000108686814201, 7.23783741705e-05, 4.71130333608e-05, 3.53333743988e-05, 2.35954139498e-05, 3.76566385967e-05, 2.11863425648e-05, 2.40343943005e-05, 1.98070956685e-05, 1.63129843713e-05, 1.41518512464e-05, 1.10925402623e-05, 1.08800468297e-05, 1.26687318698e-05, 1.45788417285e-05, 1.08289414129e-05, 7.85898282629e-06, 6.93007541486e-06, 4.27120403401e-06, 2.47414777732e-06, 2.00367253456e-06, 1.50039920754e-06, 8.9932393621e-07, 4.37742841086e-07, 3.16634498176e-07, 3.10159151695e-07, 2.33715482523e-07, 1.37746880569e-07, 6.09161290299e-08, 1.02877839581e-08, 3.53070961356e-10],
        "dvar": [3.77904241233e-09, 9.3121357736e-08, 7.31421891942e-08, 2.89128934128e-08, 8.33617352924e-09, 2.10599768735e-08, 3.20085824512e-08, 5.50871526173e-08, 4.85596061139e-08, 3.10009653504e-08, 6.52871490203e-09, 1.03186978961e-08, 5.61743362937e-09, 1.40955913608e-09, 4.26614699123e-09, 1.4133808568e-09, 2.25547935884e-09, 7.19970361107e-10, 5.08174891056e-10, 6.23562368407e-10, 1.96801658303e-10, 1.99795138767e-10, 3.13661763229e-10, 5.06137687317e-10, 1.86142282144e-10, 1.01553529475e-10, 1.38748873502e-10, 6.53575457643e-11, 7.71049109977e-12, 8.33953045509e-12, 6.02463695251e-12, 1.68328176918e-12, 2.37212213847e-13, 7.22074716642e-14, 8.63137076461e-14, 3.49343119807e-14, 1.08013006159e-14, 3.385194067e-15, 1.02061554148e-16, 1.39428620549e-19],
        "dvar2": [6.44858744181e-09, 2.02669738769e-07, 1.62987674912e-07, 5.12711153533e-08, 2.12451727322e-08, 5.17943945511e-08, 8.31773334653e-08, 1.4612329835e-07, 7.54482130105e-08, 5.84125956493e-08, 1.28840085267e-08, 2.46145486216e-08, 1.14410170227e-08, 2.80719270052e-09, 9.53984358176e-09, 2.66758015677e-09, 5.24649790279e-09, 1.70270708644e-09, 1.29666744009e-09, 1.60485258416e-09, 4.13121620246e-10, 4.42112679799e-10, 5.5480808836e-10, 1.18367082802e-09, 4.09703104776e-10, 2.09313608113e-10, 3.08664427351e-10, 1.30052052461e-10, 1.92666924081e-11, 1.71988031455e-11, 1.32326163915e-11, 3.84101431217e-12, 5.19733670164e-13, 1.3466652923e-13, 1.84498263564e-13, 8.2958251e-14, 2.71093386048e-14, 8.82236144762e-15, 2.70096863432e-16, 3.86728443064e-19],
        "max": [0.000888159207534, 0.00314469402656, 0.00234978413209, 0.00231368467212, 0.00114152696915, 0.00140300916974, 0.00142023328226, 0.00163206411526, 0.00394863123074, 0.0029133814387, 0.00113889633212, 0.00112722441554, 0.000973845599219, 0.000480135087855, 0.000904353917576, 0.000609530834481, 0.000752114865463, 0.000349087320501, 0.000203660776606, 0.000358545192285, 0.000148063831148, 0.000155965768499, 0.000184201082448, 0.000334778393153, 0.00020221878367, 0.000113292917376, 0.000170082377736, 0.000133508539875, 2.90800417133e-05, 5.52960700588e-05, 3.90020686609e-05, 2.10781236092e-05, 6.87313058734e-06, 4.0924305722e-06, 3.95110919271e-06, 2.19694902626e-06, 1.15112072763e-06, 7.65744289311e-07, 9.247241195e-08, 2.74225953056e-09],
        "mean": [7.80909613241e-05, 0.000288039533189, 0.000320561346598, 0.000166330763022, 9.00487721083e-05, 0.000164924727869, 0.000164239594596, 0.000122561104945, 0.000197991612367, 0.000102033402072, 7.55119253881e-05, 3.40054139087e-05, 2.67543855443e-05, 1.8846065359e-05, 3.03179767798e-05, 1.79523121915e-05, 1.902029544e-05, 1.55113139044e-05, 1.10594664875e-05, 1.00484030554e-05, 9.21591890801e-06, 9.52250138653e-06, 1.42717763083e-05, 1.56954520207e-05, 1.00268607639e-05, 8.6452027972e-06, 7.28360328139e-06, 4.14573014496e-06, 2.27367968364e-06, 1.84682221516e-06, 1.49805521232e-06, 9.40779102621e-07, 4.82806228774e-07, 3.61958228723e-07, 3.4342122035e-07, 2.35450343666e-07, 1.41068241533e-07, 5.39776934261e-08, 8.09511568889e-09, 1.56985757727e-10],
        "median": [4.71001840197e-05, 0.000164735494764, 0.000222827758989, 9.45044594118e-05, 5.91277275817e-05, 0.000109257860458, 8.51842560223e-05, 3.91545727325e-05, 8.0527854152e-05, 3.9316200855e-05, 3.60355224984e-05, 8.83796838025e-06, 6.04007573202e-06, 6.28311045148e-06, 1.14666217996e-05, 5.44594649909e-06, 4.49879598818e-06, 3.78218010155e-06, 3.18693741974e-06, 2.10769212572e-06, 2.31007834373e-06, 2.0958850655e-06, 1.97279405256e-06, 1.53283747295e-06, 2.37976473727e-06, 2.43124213739e-06, 1.07330242827e-06, 1.16227897706e-06, 1.12089173854e-06, 6.69046585244e-07, 4.24639068797e-07, 3.58633513997e-07, 2.30868934636e-07, 2.01848948223e-07, 1.84765440281e-07, 1.32103053829e-07, 8.82894326537e-08, 3.30843654694e-08, 4.44098713359e-09, 2.34943748484e-11],
        "min": [4.29424451553e-09, 6.97413105044e-09, 4.98006658134e-09, 2.57203436327e-09, 1.38903000213e-09, 4.65025989937e-10, 4.49456999396e-10, 4.10609851675e-10, 1.94270002862e-10, 4.88509233065e-11, 4.00790121577e-12, 4.7300670325e-12, 4.03843625207e-11, 1.06769343367e-10, 9.30848870206e-11, 4.39829526966e-11, 4.86676809963e-11, 2.9613585889e-11, 3.79769236891e-11, 2.47047694801e-11, 1.87491393938e-11, 1.66796611245e-11, 4.07404943115e-11, 7.69966659875e-11, 3.09621391026e-11, 1.19836623264e-11, 1.99757779762e-11, 1.94631828015e-11, 1.58622785046e-11, 2.23197103161e-11, 1.10452669417e-13, 9.24983093592e-12, 8.13101148911e-12, 2.56121599623e-12, 2.58414492062e-12, 4.22771019581e-12, 2.95454307721e-12, 1.26557152345e-12, 5.29723834242e-13, 1.58606106222e-14],
        "var": [1.01477661829e-08, 1.21943841691e-07, 1.0254620264e-07, 5.90078315099e-08, 1.05219912783e-08, 2.7828351179e-08, 3.81502687219e-08, 4.64319960258e-08, 1.76769020754e-07, 6.11965162989e-08, 1.46563134962e-08, 1.09034496987e-08, 7.60389173848e-09, 2.10745487728e-09, 5.17673992562e-09, 2.10882378227e-09, 3.00648261842e-09, 1.36576439047e-09, 5.19279785838e-10, 8.08213385106e-10, 3.49760970186e-10, 3.43464090502e-10, 8.29023072413e-10, 1.2417235018e-09, 4.14129036619e-10, 2.58838422917e-10, 3.12521508672e-10, 1.17341428241e-10, 1.23252796858e-11, 1.72429050205e-11, 1.11772865269e-11, 2.74174563261e-12, 5.99488557754e-13, 2.35458489728e-13, 2.70842159464e-13, 8.25254103877e-14, 1.95903999267e-14, 3.82273931206e-15, 1.1540679646e-16, 1.25002797461e-19]
    },
    "mfcc": {
        "dmean": [28.3680763245, 10.0007371902, 11.8825263977, 7.98177480698, 8.48935508728, 6.95264863968, 7.32339906693, 6.87355613708, 5.88427734375, 6.47868537903, 5.91791200638, 5.40367603302, 6.12089729309],
        "dmean2": [40.4434814453, 14.874710083, 16.9292068481, 11.751244545, 12.753115654, 10.2537107468, 10.5068130493, 10.6858606339, 9.2009601593, 10.2913608551, 9.10973548889, 8.3090877533, 9.4807062149],
        "dvar": [899.153381348, 93.4835205078, 98.783531189, 44.9722747803, 48.9991836548, 32.0288162231, 37.6328048706, 29.6653766632, 20.1209869385, 24.6427211761, 22.7511692047, 18.6138534546, 22.9705924988],
        "dvar2": [1151.11706543, 181.254364014, 172.48828125, 86.6910247803, 104.794136047, 67.7482376099, 74.5737304688, 70.8432617188, 51.4167900085, 57.1424293518, 56.8601226807, 43.8585548401, 53.8630943298],
        "max": [-590.537963867, 179.221496582, 37.1991615295, 92.9507522583, 18.1402854919, 37.828125, 29.5046463013, 38.3162231445, 4.73909378052, 41.752281189, 20.9456520081, 34.8025245667, 10.4650611877],
        "mean": [-697.51739502, 136.898208618, -18.3260154724, 40.6442108154, -21.737071991, 7.78514051437, -14.7645807266, 9.59772586823, -13.6671485901, 13.2690391541, -4.85146331787, 7.56608104706, -11.9359817505],
        "median": [-705.846008301, 139.886383057, -16.3838806152, 38.6546058655, -22.8192710876, 7.64673042297, -15.6212310791, 9.14087486267, -12.796957016, 13.8000297546, -5.29203414917, 7.68656539917, -10.6950645447],
        "min": [-1128.8449707, 13.342754364, -86.2335662842, -1.46257400513, -62.2621002197, -23.0542259216, -44.7953109741, -16.5188789368, -42.6843414307, -27.5087203979, -26.6964797974, -17.1429901123, -46.8338088989],
        "var": [2223.41650391, 449.590942383, 469.955657959, 227.663284302, 173.232070923, 114.250106812, 152.525741577, 90.9770126343, 77.1820068359, 87.2311019897, 66.1321411133, 55.1699142456, 91.2785949707],
        "cov": [[2226.84765625, -225.820220947, -703.483093262, 169.997817993, -12.7084293365, -75.378944397, -91.6653137207, 124.025970459, -90.0748672485, -0.541624486446, -51.1507835388, 34.9756088257, -111.123580933], [-225.820220947, 450.284759521, 168.927810669, -164.630157471, -76.9318771362, 23.7987823486, 1.67491960526, -80.2616195679, 41.9288253784, 23.29728508, 30.3092689514, 23.805480957, 55.3928794861], [-703.483093262, 168.927810669, 470.680908203, -8.47315311432, 16.996383667, 49.3466720581, 11.4211730957, -20.7439460754, 24.6158809662, 1.29430425167, -0.43047618866, -15.3827209473, 42.3122901917], [169.997817993, -164.630157471, -8.47315311432, 228.01461792, 108.600959778, -46.1097221375, -40.4159126282, 47.3796272278, -19.4978466034, -17.1167621613, -19.8021621704, -13.4022636414, -10.8727645874], [-12.7084293365, -76.9318771362, 16.996383667, 108.600959778, 173.499404907, -7.43605184555, -42.694316864, 25.0518188477, -10.5877189636, -11.3496570587, -20.5876255035, -12.6036014557, -2.54853796959], [-75.378944397, 23.7987823486, 49.3466720581, -46.1097221375, -7.43605184555, 114.426422119, 75.7978134155, 5.71177005768, -2.43605947495, -19.1980953217, -5.15587949753, -5.01904916763, -20.4592914581], [-91.6653137207, 1.67491960526, 11.4211730957, -40.4159126282, -42.694316864, 75.7978134155, 152.761108398, 30.7284641266, -25.1450538635, -22.812669754, -8.53329467773, 4.31614971161, -14.440158844], [124.025970459, -80.2616195679, -20.7439460754, 47.3796272278, 25.0518188477, 5.71177005768, 30.7284641266, 91.1174087524, -4.51226711273, -24.3279972076, -11.3751087189, -1.84684753418, -9.8426322937], [-90.0748672485, 41.9288253784, 24.6158809662, -19.4978466034, -10.5877189636, -2.43605947495, -25.1450538635, -4.51226711273, 77.301109314, 32.5004920959, 7.90388154984, -1.09188306332, 6.96229600906], [-0.541624486446, 23.29728508, 1.29430425167, -17.1167621613, -11.3496570587, -19.1980953217, -22.812669754, -24.3279972076, 32.5004920959, 87.3657150269, 22.8168849945, 0.342918783426, 10.4205293655], [-51.1507835388, 30.3092689514, -0.43047618866, -19.8021621704, -20.5876255035, -5.15587949753, -8.53329467773, -11.3751087189, 7.90388154984, 22.8168849945, 66.2341918945, 20.5195617676, -4.28083133698], [34.9756088257, 23.805480957, -15.3827209473, -13.4022636414, -12.6036014557, -5.01904916763, 4.31614971161, -1.84684753418, -1.09188306332, 0.342918783426, 20.5195617676, 55.2550506592, 28.5160293579], [-111.123580933, 55.3928794861, 42.3122901917, -10.8727645874, -2.54853796959, -20.4592914581, -14.440158844, -9.8426322937, 6.96229600906, 10.4205293655, -4.28083133698, 28.5160293579, 91.4194564819]],
        "icov": [[0.00272597139701, -0.00249023339711, 0.00410496536642, -0.00334434979595, 0.00308140274137, -0.0036685327068, 0.00519422162324, -0.00553386937827, 0.00490580871701, -0.00419064424932, 0.00505389412865, -0.00418500136584, 0.00366038759239], [-0.00249023339711, 0.00655876891688, -0.00502208806574, 0.00551457656547, -0.00289680226706, 0.00392601685598, -0.00505859265104, 0.007266335655, -0.00594048621133, 0.00478714890778, -0.00558263622224, 0.0033430729527, -0.00463707419112], [0.00410496536642, -0.00502208806574, 0.00919643510133, -0.0061661042273, 0.00439771544188, -0.00720994593576, 0.00773191265762, -0.00817350484431, 0.00687673082575, -0.00602451851591, 0.00686910748482, -0.00417613098398, 0.00368054187857], [-0.00334434979595, 0.00551457656547, -0.0061661042273, 0.0134659996256, -0.0078724976629, 0.00818687491119, -0.00617643818259, 0.00495710736141, -0.00548892654479, 0.00583698181435, -0.00601917644963, 0.00496916519478, -0.00385946361348], [0.00308140274137, -0.00289680226706, 0.00439771544188, -0.0078724976629, 0.0131153725088, -0.0076400898397, 0.00979224033654, -0.00794919580221, 0.00719970371574, -0.00551154557616, 0.00748657574877, -0.00466564996168, 0.00376157881692], [-0.0036685327068, 0.00392601685598, -0.00720994593576, 0.00818687491119, -0.0076400898397, 0.0221335981041, -0.0155278798193, 0.00941375643015, -0.00959363114089, 0.00860546901822, -0.00688614649698, 0.00550050800666, -0.00151459861081], [0.00519422162324, -0.00505859265104, 0.00773191265762, -0.00617643818259, 0.00979224033654, -0.0155278798193, 0.0237726941705, -0.0160658881068, 0.0144626181573, -0.00969144888222, 0.0118643604219, -0.0099881272763, 0.00756322639063], [-0.00553386937827, 0.007266335655, -0.00817350484431, 0.00495710736141, -0.00794919580221, 0.00941375643015, -0.0160658881068, 0.0281744562089, -0.0144015038386, 0.0129279550165, -0.0109503231943, 0.0082917176187, -0.00785198993981], [0.00490580871701, -0.00594048621133, 0.00687673082575, -0.00548892654479, 0.00719970371574, -0.00959363114089, 0.0144626181573, -0.0144015038386, 0.027187904343, -0.0145999668166, 0.0103932498023, -0.00763541320339, 0.00697660911828], [-0.00419064424932, 0.00478714890778, -0.00602451851591, 0.00583698181435, -0.00551154557616, 0.00860546901822, -0.00969144888222, 0.0129279550165, -0.0145999668166, 0.0235960967839, -0.0137984324247, 0.00996985752136, -0.00821234006435], [0.00505389412865, -0.00558263622224, 0.00686910748482, -0.00601917644963, 0.00748657574877, -0.00688614649698, 0.0118643604219, -0.0109503231943, 0.0103932498023, -0.0137984324247, 0.0313761904836, -0.0186543539166, 0.0130626466125], [-0.00418500136584, 0.0033430729527, -0.00417613098398, 0.00496916519478, -0.00466564996168, 0.00550050800666, -0.0099881272763, 0.0082917176187, -0.00763541320339, 0.00996985752136, -0.0186543539166, 0.0350974313915, -0.0165490284562], [0.00366038759239, -0.00463707419112, 0.00368054187857, -0.00385946361348, 0.00376157881692, -0.00151459861081, 0.00756322639063, -0.00785198993981, 0.00697660911828, -0.00821234006435, 0.0130626466125, -0.0165490284562, 0.0223287828267]]
    }
}

}