{
"metadata": {
    "version": {
        "essentia": "2.0.1",
        "extractor": "archive-music 1.0 mod ismir14"
    },
    "audio_properties": {
        "analysis_sample_rate": 44100,
        "bitrate": 128,
        "channels": 2,
        "equal_loudness": 0,
        "length": 30.0669155121,
        "replay_gain": -13.8883152008,
        "downmix": "mix"
    },
    "tags": {
        "track": 0,
        "year": 0,
        "album": "",
        "artist": "",
        "comment": "",
        "genre": "",
        "title": ""
    }
},
"rhythm": {
    "bpm": 90.2942581177,
    "bpm_histogram_first_peak": 91,
    "bpm_histogram_first_peak_spread": 0.31707316637,
    "bpm_histogram_first_peak_weight": 0.651162803173,
    "bpm_histogram_second_peak": 83,
    "bpm_histogram_second_peak_spread": 0.5,
    "bpm_histogram_second_peak_weight": 0.0232558138669
},
"tonal": {
    "tuning_frequency": {
        "dmean": 0.129039764404,
        "dmean2": 0.24130551517,
        "dvar": 0.982859969139,
        "dvar2": 2.36985993385,
        "max": 456.570251465,
        "mean": 450.245758057,
        "median": 452.631469727,
        "min": 442.293365479,
        "var": 14.4647731781
    },
    "hpcp": {
        "dmean": [0.2132884413, 0.109601303935, 0.120225869119, 0.158917978406, 0.25778773427, 0.307697594166, 0.177076622844, 0.226186782122, 0.114205911756, 0.0899090617895, 0.105667725205, 0.128294080496],
        "dmean2": [0.369090616703, 0.203099265695, 0.211512878537, 0.291023701429, 0.456506043673, 0.552878975868, 0.333422809839, 0.391660094261, 0.206298738718, 0.159968420863, 0.183580726385, 0.230363756418],
        "dvar": [0.0774453431368, 0.0422058552504, 0.0378002822399, 0.0679954737425, 0.097542129457, 0.102969072759, 0.0877704396844, 0.079417578876, 0.0445515885949, 0.0322628244758, 0.0325634330511, 0.0442652218044],
        "dvar2": [0.1568184793, 0.114518083632, 0.10214997828, 0.176306694746, 0.234860047698, 0.246320039034, 0.25043874979, 0.199881434441, 0.126095443964, 0.08545383811, 0.0853120163083, 0.119385004044],
        "max": [1, 1, 1, 1, 1, 1, 1, 1, 1, 1, 1, 1],
        "mean": [0.443508446217, 0.0803429484367, 0.134161308408, 0.141354694963, 0.25874248147, 0.412289202213, 0.128662496805, 0.286841273308, 0.0975008383393, 0.0804574415088, 0.0963619053364, 0.1180755198],
        "median": [0.252430766821, 0.0162318814546, 0.0442621000111, 0.0254163388163, 0.0802587270737, 0.237622693181, 0.0218521598727, 0.108524955809, 0.0262726079673, 0.0283850263804, 0.0296196062118, 0.0390495695174],
        "min": [0.00130677968264, 0.000369579240214, 0.000503715709783, 0.000287500821287, 0.00194213935174, 0.0011879382655, 0.000275109923678, 0.00209064153023, 0.000611400057096, 0.000601220992394, 0.000437886716099, 0.000838497362565],
        "var": [0.172394663095, 0.029757456854, 0.0488614477217, 0.0709658265114, 0.112834513187, 0.15783727169, 0.0654933601618, 0.118603169918, 0.0365645810962, 0.0254212077707, 0.0304933022708, 0.0377434715629]
    }
},
"lowlevel": {
    "melbands": {
        "dmean": [0.000237574713537, 0.000515683495905, 0.000178555725142, 0.000114350281365, 7.88522665971e-05, 5.88581096963e-05, 8.22364527266e-05, 0.000105184895801, 0.000182705683983, 0.000134113652166, 5.43054775335e-05, 7.05362763256e-05, 5.80979758524e-05, 2.87574330287e-05, 5.21136789757e-05, 6.38904020889e-05, 1.39661560752e-05, 9.85324186331e-06, 4.86904218633e-06, 6.16360284766e-06, 9.03596082935e-06, 6.84142514729e-06, 1.35401696753e-05, 1.17936033348e-05, 6.67400354359e-06, 6.47092929285e-06, 5.76877891945e-06, 3.72428644368e-06, 1.74277306542e-06, 1.40227996326e-06, 7.07049764515e-07, 2.89238499818e-07, 1.74645052198e-07, 1.43955944054e-07, 1.40154000405e-07, 1.01384721063e-07, 6.33010017737e-08, 4.01132638217e-08, 1.18157057472e-08, 8.6856971615e-10],
        "dmean2": [0.000407076091506, 0.000797904096544, 0.000285959860776, 0.000178099129698, 0.000129810679937, 8.82692838786e-05, 0.000126509665279, 0.000160525174579, 0.000280766515061, 0.000224651172175, 8.42403896968e-05, 0.000113417103421, 8.254039858e-05, 4.83843978145e-05, 8.535253437e-05, 0.000102086516563, 2.27829659707e-05, 1.52749635163e-05, 7.42692554923e-06, 9.74874819804e-06, 1.41956361404e-05, 1.06884463094e-05, 2.14595584112e-05, 1.89076708921e-05, 1.05106528281e-05, 9.82051278697e-06, 8.97161862667e-06, 6.0045358623e-06, 2.80756967186e-06, 2.21044024329e-06, 1.10111352569e-06, 4.39591985923e-07, 2.71594444712e-07, 2.19886928221e-07, 2.1620132884e-07, 1.60430531082e-07, 9.63520534469e-08, 6.20425097964e-08, 1.83054211789e-08, 1.40809675031e-09],
        "dvar": [7.18145187761e-08, 2.1712293119e-07, 3.43424488847e-08, 1.99860821226e-08, 1.6385644841e-08, 7.32648652857e-09, 1.83516544183e-08, 3.22522915042e-08, 1.07182920317e-07, 1.53421552795e-07, 5.42578106888e-08, 5.1450442129e-08, 2.06306882689e-08, 4.40929959211e-09, 1.90625346619e-08, 3.3527726373e-08, 2.83143619662e-09, 6.94260759992e-10, 4.64997519656e-11, 6.55756074441e-11, 1.59693605561e-10, 9.91948051476e-11, 4.44685538392e-10, 3.62298108181e-10, 1.05157722807e-10, 8.9457080632e-11, 8.06058275682e-11, 3.87806731172e-11, 9.92341018385e-12, 6.77159890661e-12, 1.34564560016e-12, 1.25272879635e-13, 5.01195832341e-14, 3.58921876595e-14, 3.77274844395e-14, 1.50102573058e-14, 6.58701227718e-15, 2.74846648329e-15, 2.75465093554e-16, 1.96962974185e-18],
        "dvar2": [2.01927207399e-07, 5.15681847446e-07, 7.42936947518e-08, 4.63878677692e-08, 3.98924342448e-08, 1.51563668283e-08, 3.50168605223e-08, 6.4503346664e-08, 2.2535999733e-07, 3.52543338522e-07, 8.89093172418e-08, 1.36098435632e-07, 3.62636747298e-08, 1.09479927346e-08, 5.00194765607e-08, 7.96713663931e-08, 5.30961097311e-09, 1.44742007269e-09, 1.01268327057e-10, 1.7021817289e-10, 3.79135667306e-10, 2.31245883553e-10, 1.04645392351e-09, 8.83766171356e-10, 2.58186083624e-10, 1.97182631334e-10, 1.88957446912e-10, 9.71641725411e-11, 2.52443361354e-11, 1.64788772905e-11, 3.38292198074e-12, 2.80749598916e-13, 1.20551612855e-13, 8.29362620247e-14, 9.15820560663e-14, 3.15911102074e-14, 1.55985979206e-14, 6.38547688101e-15, 6.46183065433e-16, 5.18921045296e-18],
        "max": [0.00222164113075, 0.00376389594749, 0.00208276882768, 0.00181743432768, 0.00153528223746, 0.0012369195465, 0.00233332533389, 0.00161142484285, 0.00392279122025, 0.00440427893773, 0.00538088334724, 0.00328432256356, 0.00182125472929, 0.00075051857857, 0.00152230239473, 0.00259801931679, 0.0010039183544, 0.000383936159778, 8.82325475686e-05, 5.55635015189e-05, 0.000103867379948, 8.48277559271e-05, 0.000184899574379, 0.000149265542859, 7.31288091629e-05, 8.19841152406e-05, 8.61631342559e-05, 5.32716658199e-05, 2.79091054836e-05, 2.51473884418e-05, 1.01634195744e-05, 3.46118645211e-06, 2.50783227784e-06, 2.23518441089e-06, 2.51784126704e-06, 1.23148595321e-06, 7.42158192679e-07, 5.94359391926e-07, 1.83647685503e-07, 1.98967153864e-08],
        "mean": [0.000403110665502, 0.00104914291296, 0.000343594932929, 0.000159967661602, 0.000105229184555, 8.67909839144e-05, 0.000116714851174, 0.000139127267175, 0.000231400219491, 0.000144449775689, 5.49928627152e-05, 7.01920143911e-05, 7.86108721513e-05, 3.25522341882e-05, 5.64735601074e-05, 6.16212637397e-05, 1.48016270032e-05, 1.09284146674e-05, 6.28921179668e-06, 7.61775936553e-06, 1.11159170046e-05, 8.51530239743e-06, 1.45381263792e-05, 1.15381772048e-05, 7.40995892556e-06, 8.01527676231e-06, 6.38076562609e-06, 3.89365277442e-06, 1.95736038222e-06, 1.51151789396e-06, 8.51232869081e-07, 4.26824982469e-07, 2.76519898534e-07, 2.35788476743e-07, 2.15291521499e-07, 1.77629104314e-07, 9.72698899204e-08, 6.42734221401e-08, 1.78302155263e-08, 1.00546171389e-09],
        "median": [0.000334205513354, 0.000766963174101, 0.000284841225948, 0.000106042891275, 4.81320821564e-05, 4.38244642282e-05, 4.72728061141e-05, 4.72502615594e-05, 7.23163975636e-05, 2.29125053011e-05, 1.21861121443e-05, 1.82570074685e-05, 1.26152071971e-05, 1.15487036965e-05, 1.55478410306e-05, 1.22786113934e-05, 3.95586266677e-06, 3.11341477754e-06, 3.09295319312e-06, 3.64380389328e-06, 3.78569711756e-06, 3.06872175315e-06, 4.64320828542e-06, 2.96930602417e-06, 2.9120990348e-06, 3.30975763063e-06, 2.08706228477e-06, 1.15724822081e-06, 8.65218282797e-07, 5.99356383191e-07, 4.072857962e-07, 2.66933710691e-07, 1.97062362872e-07, 1.57008400947e-07, 1.46012439473e-07, 1.3226052431e-07, 6.33796375382e-08, 4.50163035737e-08, 1.1422375934e-08, 5.63556368238e-10],
        "min": [3.81080063339e-11, 1.09067914422e-10, 4.31781455035e-09, 3.51730355952e-09, 2.62618082836e-09, 9.90645676602e-10, 2.57455001762e-10, 1.17942877687e-09, 4.06100220118e-09, 1.0834012576e-09, 2.98602476079e-10, 1.14321141442e-09, 3.07597863847e-10, 6.66785182624e-10, 6.52028153691e-10, 1.85975165823e-10, 4.77668286869e-11, 2.7122357138e-10, 3.92159998919e-10, 1.81767975671e-10, 3.9576972255e-10, 4.32045982324e-10, 3.73147263089e-10, 6.28399610125e-10, 2.41143160995e-10, 1.55786161748e-10, 2.15962692174e-10, 7.94747739841e-11, 1.67861946565e-10, 2.59664685587e-12, 1.82181006392e-10, 7.9245152107e-11, 2.04667012504e-11, 3.899206652e-11, 2.23089047235e-11, 2.59149732923e-11, 1.84742134784e-11, 1.19320612418e-11, 1.03478605892e-11, 4.22400219728e-14],
        "var": [1.13035092397e-07, 6.82289908127e-07, 8.07426161487e-08, 3.15652251004e-08, 2.55394301263e-08, 1.60611648425e-08, 4.05964257766e-08, 5.44940199632e-08, 1.64182964113e-07, 1.98702792886e-07, 7.82613227557e-08, 4.13450109704e-08, 4.01015896045e-08, 4.42222081176e-09, 1.77721997119e-08, 3.3310435299e-08, 3.4976292973e-09, 8.68970617685e-10, 6.96186233662e-11, 8.01530439243e-11, 2.36078628868e-10, 1.43958220344e-10, 5.20718967945e-10, 3.60461827054e-10, 1.0846248899e-10, 1.2295285623e-10, 9.6031023411e-11, 3.9965804971e-11, 9.01862352159e-12, 6.32717229304e-12, 1.33684567322e-12, 1.91236959536e-13, 7.03437484585e-14, 5.04347743581e-14, 4.43685446185e-14, 2.20889268926e-14, 9.39205124399e-15, 4.2434720119e-15, 3.84400968579e-16, 1.96920312345e-18]
    },
    "mfcc": {
        "dmean": [32.2464866638, 9.87864494324, 13.4577093124, 9.44780731201, 8.04975318909, 8.01080131531, 7.03396320343, 6.33066749573, 5.58942079544, 6.05194330215, 6.21908378601, 5.96943712234, 5.52414703369],
        "dmean2": [40.1505432129, 14.9776716232, 19.843536377, 14.2130022049, 11.9674043655, 11.6473426819, 10.11581707, 9.63451290131, 8.79733657837, 9.67794036865, 9.84681606293, 9.51651573181, 8.83978748322],
        "dvar": [1058.94287109, 90.5856018066, 147.67350769, 62.1647567749, 41.6830711365, 43.4452209473, 29.353099823, 24.4011192322, 20.6302833557, 21.7768115997, 25.1967048645, 22.5656509399, 18.511095047],
        "dvar2": [1670.70947266, 157.539749146, 289.531311035, 111.04082489, 85.8414535522, 82.994934082, 56.2871131897, 53.9462471008, 48.9362373352, 54.3466300964, 59.2816848755, 54.9698410034, 45.9053878784],
        "max": [-597.412109375, 185.782470703, 28.2370986938, 85.8342132568, 25.7157859802, 46.8483276367, 39.4952163696, 60.3372917175, 13.6683349609, 40.5297164917, 24.2171401978, 36.9275970459, 15.5353660583],
        "mean": [-689.799438477, 142.135299683, -20.091375351, 42.1976928711, -8.90457630157, 10.366601944, 1.22844779491, 18.2463378906, -9.53481864929, 12.2326021194, -2.01402068138, 13.9457731247, -3.69637513161],
        "median": [-690.581604004, 143.266769409, -18.4986076355, 41.0173416138, -9.0482006073, 11.1373062134, 1.17461395264, 18.4462604523, -9.06140518188, 11.5957927704, -2.03413772583, 14.0908470154, -3.49925613403],
        "min": [-1123.58984375, 16.3025627136, -68.1953811646, -6.4375, -46.0353775024, -30.3254852295, -31.973695755, -7.42288208008, -37.8273544312, -20.7627639771, -25.0640068054, -7.58022689819, -25.4664764404],
        "var": [2257.37060547, 249.261672974, 405.049072266, 239.53225708, 158.795425415, 158.200469971, 131.273422241, 89.5311508179, 57.2153053284, 75.8557052612, 68.4336853027, 57.7128677368, 48.2871742249],
        "cov": [[2260.85424805, 147.779632568, -628.029846191, 103.667175293, -288.839263916, -177.228424072, -134.464904785, -42.1745033264, -73.7059555054, -4.7452173233, -93.3576049805, 24.3618564606, -80.8799667358], [147.779632568, 249.646347046, -2.4989323616, -89.65234375, -55.5361213684, -3.84838747978, 12.6511964798, 5.68250799179, -17.279882431, 10.0195541382, 44.5548973083, 4.65330123901, 3.52380824089], [-628.029846191, -2.4989323616, 405.674133301, -39.7492256165, 137.595031738, 57.4966468811, 14.0241880417, 18.4146556854, 23.5580883026, 22.3948936462, 14.6470708847, -9.14274215698, 25.1630973816], [103.667175293, -89.65234375, -39.7492256165, 239.901916504, 43.0344619751, -14.5870981216, -53.020526886, -20.9182033539, 40.2705383301, 14.2423830032, -35.3980789185, -6.8958697319, 17.8182163239], [-288.839263916, -55.5361213684, 137.595031738, 43.0344619751, 159.040466309, 27.2167663574, 12.4350214005, -8.19887924194, 19.0251502991, 29.9105472565, -8.42486000061, 3.75524139404, 4.60182666779], [-177.228424072, -3.84838747978, 57.4966468811, -14.5870981216, 27.2167663574, 158.444595337, 85.6101913452, 28.853187561, -10.1105995178, -5.5256061554, 41.6791000366, -1.81633424759, -8.03343009949], [-134.464904785, 12.6511964798, 14.0241880417, -53.020526886, 12.4350214005, 85.6101913452, 131.476013184, 53.6445198059, -6.74429225922, -15.4705476761, 29.5044994354, 17.4210186005, -6.49675703049], [-42.1745033264, 5.68250799179, 18.4146556854, -20.9182033539, -8.19887924194, 28.853187561, 53.6445198059, 89.6693115234, 11.403459549, -14.3195333481, 9.97040843964, 13.0882072449, 9.90151691437], [-73.7059555054, -17.279882431, 23.5580883026, 40.2705383301, 19.0251502991, -10.1105995178, -6.74429225922, 11.403459549, 57.303604126, 29.211233139, 1.38191604614, 1.31371867657, 11.6771192551], [-4.7452173233, 10.0195541382, 22.3948936462, 14.2423830032, 29.9105472565, -5.5256061554, -15.4705476761, -14.3195333481, 29.211233139, 75.9727630615, 17.4459171295, -1.77722358704, -0.591061234474], [-93.3576049805, 44.5548973083, 14.6470708847, -35.3980789185, -8.42486000061, 41.6791000366, 29.5044994354, 9.97040843964, 1.38191604614, 17.4459171295, 68.5392913818, 16.3007984161, 2.4040184021], [24.3618564606, 4.65330123901, -9.14274215698, -6.8958697319, 3.75524139404, -1.81633424759, 17.4210186005, 13.0882072449, 1.31371867657, -1.77722358704, 16.3007984161, 57.8019332886, 17.4963607788], [-80.8799667358, 3.52380824089, 25.1630973816, 17.8182163239, 4.60182666779, -8.03343009949, -6.49675703049, 9.90151691437, 11.6771192551, -0.591061234474, 2.4040184021, 17.4963607788, 48.3616943359]],
        "icov": [[0.00147757644299, -0.00123908673413, 0.00139827036764, -0.00101701135281, 0.00149702420458, -0.000315154960845, 0.00122579641175, -0.00107776757795, 0.00193418096751, -0.00198588240892, 0.00294030201621, -0.00238428846933, 0.0026242248714], [-0.00123908673413, 0.00660061230883, -0.00159440306015, 0.00196358724497, 0.000526837131474, 0.00145582389086, -0.00160357472487, 0.000917592376936, 5.81038329983e-05, 0.000177567024366, -0.00549153424799, 0.00285069248639, -0.00342885754071], [0.00139827036764, -0.00159440306015, 0.00618033250794, 0.00130683719181, -0.0034438923467, -0.00213695247658, 0.00347923790105, -0.00219293753617, -0.00012155733566, -0.000756359018851, 0.00226586079225, -0.000277903862298, -0.000345429580193], [-0.00101701135281, 0.00196358724497, 0.00130683719181, 0.0081717306748, -0.00382765615359, -0.0024642618373, 0.0028366392944, 0.00114663504064, -0.00633256742731, 0.00230040377937, 0.000126833387185, 0.00209207995795, -0.00463950866833], [0.00149702420458, 0.000526837131474, -0.0034438923467, -0.00382765615359, 0.0148674417287, -0.000391154375393, -0.00266009056941, 0.00162520853337, 0.00330995675176, -0.0071962219663, 0.00638085464016, -0.00562535738572, 0.00432841619477], [-0.000315154960845, 0.00145582389086, -0.00213695247658, -0.0024642618373, -0.000391154375393, 0.0137950601056, -0.0086960894987, 0.000244783586822, 0.00368702877313, 0.000919212296139, -0.00833381246775, 0.00459021981806, 0.000371674861526], [0.00122579641175, -0.00160357472487, 0.00347923790105, 0.0028366392944, -0.00266009056941, -0.0086960894987, 0.0197041314095, -0.00825310964137, -0.000492127030157, 0.0012459254358, 0.00196453789249, -0.00553440814838, 0.00449542142451], [-0.00107776757795, 0.000917592376936, -0.00219293753617, 0.00114663504064, 0.00162520853337, 0.000244783586822, -0.00825310964137, 0.0185614060611, -0.00760460551828, 0.00457027647644, -0.00102221081033, 0.000268650328508, -0.00432805158198], [0.00193418096751, 5.81038329983e-05, -0.00012155733566, -0.00633256742731, 0.00330995675176, 0.00368702877313, -0.000492127030157, -0.00760460551828, 0.0328372903168, -0.0144068179652, 0.00222137547098, -0.0015689333668, -0.000232348640566], [-0.00198588240892, 0.000177567024366, -0.000756359018851, 0.00230040377937, -0.0071962219663, 0.000919212296139, 0.0012459254358, 0.00457027647644, -0.0144068179652, 0.0250507574528, -0.0112727144733, 0.00466117355973, -0.00106025382411], [0.00294030201621, -0.00549153424799, 0.00226586079225, 0.000126833387185, 0.00638085464016, -0.00833381246775, 0.00196453789249, -0.00102221081033, 0.00222137547098, -0.0112727144733, 0.0325266197324, -0.0124831851572, 0.00479867588729], [-0.00238428846933, 0.00285069248639, -0.000277903862298, 0.00209207995795, -0.00562535738572, 0.00459021981806, -0.00553440814838, 0.000268650328508, -0.0015689333668, 0.00466117355973, -0.0124831851572, 0.0281713455915, -0.0134576521814], [0.0026242248714, -0.00342885754071, -0.000345429580193, -0.00463950866833, 0.00432841619477, 0.000371674861526, 0.00449542142451, -0.00432805158198, -0.000232348640566, -0.00106025382411, 0.00479867588729, -0.0134576521814, 0.0330184288323]]
    }
}

}