{
"metadata": {
    "version": {
        "essentia": "2.0.1",
        "extractor": "archive-music 1.0 mod ismir14"
    },
    "audio_properties": {
        "analysis_sample_rate": 44100,
        "bitrate": 32,
        "channels": 2,
        "equal_loudness": 0,
        "length": 30.0408172607,
        "replay_gain": -9.58456420898,
        "downmix": "mix"
    },
    "tags": {
        "track": 0,
        "year": 0,
        "album": "",
        "artist": "",
        "comment": "",
        "genre": "",
        "title": ""
    }
},
"rhythm": {
    "bpm": 172.265594482,
    "bpm_histogram_first_peak": 172,
    "bpm_histogram_first_peak_spread": 0,
    "bpm_histogram_first_peak_weight": 0.529411792755,
    "bpm_histogram_second_peak": 178,
    "bpm_histogram_second_peak_spread": 0,
    "bpm_histogram_second_peak_weight": 0.258823543787
},
"tonal": {
    "tuning_frequency": {
        "dmean": 0.029155889526,
        "dmean2": 0.0506199710071,
        "dvar": 0.0738106891513,
        "dvar2": 0.173209711909,
        "max": 437.971466064,
        "mean": 435.379241943,
        "median": 435.448913574,
        "min": 431.692352295,
        "var": 0.179142564535
    },
    "hpcp": {
        "dmean": [0.0834345072508, 0.152073100209, 0.152573406696, 0.15278339386, 0.0383612141013, 0.0800048857927, 0.103068836033, 0.120207950473, 0.050338242203, 0.060481082648, 0.135560154915, 0.0648680850863],
        "dmean2": [0.149965509772, 0.277014523745, 0.282096713781, 0.278139024973, 0.0722489133477, 0.139544069767, 0.191461443901, 0.204505488276, 0.0888279005885, 0.108072772622, 0.228501081467, 0.115733318031],
        "dvar": [0.0427864268422, 0.0729401037097, 0.0784196779132, 0.0831335932016, 0.0220377519727, 0.0432717502117, 0.0623405091465, 0.0635130703449, 0.0240471754223, 0.0254121106118, 0.0556563027203, 0.0327278077602],
        "dvar2": [0.101506955922, 0.183701679111, 0.208164483309, 0.165435478091, 0.0601106472313, 0.101783126593, 0.155211389065, 0.132777661085, 0.0557141564786, 0.0591210462153, 0.107850074768, 0.0848341807723],
        "max": [1, 1, 1, 1, 1, 1, 1, 1, 1, 1, 1, 1],
        "mean": [0.0821987017989, 0.188976109028, 0.136511996388, 0.303370594978, 0.027365827933, 0.111102350056, 0.128943368793, 0.188459843397, 0.0490950010717, 0.0628718659282, 0.330748647451, 0.0528805479407],
        "median": [0.00956678204238, 0.034488838166, 0.0269933864474, 0.0473897010088, 0.00111808627844, 0.0109054828063, 0.00130847352557, 0.00983054377139, 0.00226433807984, 0.00376757211052, 0.105525299907, 0.00326710892841],
        "min": [2.13988387259e-05, 2.17987399083e-05, 7.33256592866e-06, 2.68506914836e-06, 2.96973496461e-07, 3.89224578612e-06, 3.42959583577e-06, 3.45729813489e-06, 8.01290570962e-06, 2.22067865252e-06, 5.09928213432e-07, 1.09448519652e-05],
        "var": [0.0450947098434, 0.104263715446, 0.0660289973021, 0.167470678687, 0.0159719251096, 0.0716143622994, 0.0920133814216, 0.116184398532, 0.0308100767434, 0.0335531570017, 0.158967807889, 0.0270738396794]
    }
},
"lowlevel": {
    "melbands": {
        "dmean": [2.14272836274e-06, 4.45727600891e-05, 5.89507399127e-05, 0.000487296027131, 0.000510420068167, 0.000277092010947, 0.000112069443276, 9.44828789216e-05, 5.5129356042e-05, 3.94686430809e-05, 3.43818792317e-05, 1.8494494725e-05, 3.2544889109e-05, 1.25270944409e-05, 1.38196310218e-05, 8.80582319951e-06, 1.79716007551e-05, 8.63613513502e-06, 1.03497195596e-05, 2.90314028462e-06, 4.08230289395e-06, 3.78625691155e-06, 2.82255223283e-06, 3.16559317071e-06, 6.89735679771e-06, 7.02354918758e-06, 2.27833766075e-06, 1.18963498608e-06, 3.87537198776e-07, 2.43574959313e-07, 1.10038577361e-07, 1.84439095108e-08, 2.86613710543e-09, 7.34897087629e-10, 2.58083304727e-10, 1.12384074269e-10, 5.34653050999e-11, 2.05759610739e-11, 1.07820011599e-11, 7.25577887703e-12],
        "dmean2": [3.7262529986e-06, 6.83219332132e-05, 8.63921814016e-05, 0.000744386168662, 0.000765162927564, 0.000420981989009, 0.000172485990333, 0.000143507655594, 8.4846651589e-05, 6.35291580693e-05, 4.80644630443e-05, 2.74759422609e-05, 4.90478414577e-05, 1.80151291715e-05, 2.36236865021e-05, 1.32095856316e-05, 2.57464434981e-05, 1.36370854307e-05, 1.55548495968e-05, 4.3992299652e-06, 6.55117582937e-06, 6.23941650701e-06, 4.78065157949e-06, 5.02843067807e-06, 1.09719730972e-05, 1.05645258373e-05, 3.74626461053e-06, 1.91765434465e-06, 6.29148985354e-07, 4.11008130641e-07, 1.77728523454e-07, 2.94075483964e-08, 4.4937333854e-09, 1.13809828228e-09, 4.12629069801e-10, 1.72844585866e-10, 8.36502048185e-11, 3.03855655914e-11, 1.53242401407e-11, 1.00688936355e-11],
        "dvar": [1.14419142563e-11, 9.4522354388e-09, 1.33565958294e-08, 1.48712445025e-06, 7.70335361722e-07, 1.49178532638e-07, 3.71683732681e-08, 4.62321843031e-08, 3.23206172936e-08, 1.43855691803e-08, 1.26809904799e-08, 4.48560300015e-09, 1.31835671269e-08, 1.75194214691e-09, 4.14690948247e-09, 4.16229134492e-10, 2.78779688223e-09, 2.52196930006e-10, 5.00657570957e-10, 2.843262778e-11, 6.15343331845e-11, 6.22312340548e-11, 6.08716063666e-11, 5.42824465932e-11, 3.42511713436e-10, 3.0141322771e-10, 2.74301970027e-11, 9.67651046097e-12, 1.53923521064e-12, 1.33358645307e-12, 4.08282674162e-13, 6.10861823296e-15, 4.25917467925e-16, 1.23377313628e-17, 7.53595297345e-19, 1.25767655185e-19, 2.59497657241e-20, 2.15740214812e-21, 1.56527522619e-21, 1.61534530069e-21],
        "dvar2": [3.09747297256e-11, 1.49470391619e-08, 2.60792880624e-08, 2.47857997238e-06, 1.57654687882e-06, 3.38449638093e-07, 8.43559035957e-08, 1.01692691601e-07, 6.44797921723e-08, 3.48577877674e-08, 2.72731153217e-08, 8.04702260382e-09, 2.71850275624e-08, 3.29676197452e-09, 1.14082787661e-08, 8.93789209311e-10, 4.03374844637e-09, 5.58073920409e-10, 9.75945324555e-10, 6.69959226984e-11, 1.50386356146e-10, 1.44294298732e-10, 1.68942082546e-10, 1.2363093882e-10, 6.87132795107e-10, 5.22073828613e-10, 7.0741780489e-11, 2.28874853098e-11, 3.11746331874e-12, 2.69593592242e-12, 8.60371290271e-13, 1.42501739846e-14, 9.94105077831e-16, 2.9856309969e-17, 1.82943524252e-18, 2.71603797704e-19, 4.93133997308e-20, 3.04988236925e-21, 1.91824759249e-21, 2.0500247746e-21],
        "max": [3.64038860425e-05, 0.00256930547766, 0.00148770958185, 0.0297134313732, 0.00966249406338, 0.00316019705497, 0.00188870565034, 0.00257654883899, 0.0025538764894, 0.00124284694903, 0.00147023459431, 0.000806446594652, 0.00169741280843, 0.000609248003457, 0.000821112364065, 0.000374205992557, 0.0013690929627, 0.000187372104847, 0.000404440186685, 8.46732145874e-05, 7.19748350093e-05, 8.12191065052e-05, 8.66844202392e-05, 0.000108976753836, 0.000248820259003, 0.00032295222627, 5.04023228132e-05, 3.392383951e-05, 1.88340181921e-05, 1.88226094906e-05, 1.28372321342e-05, 1.45947092278e-06, 4.41555073394e-07, 5.41363682771e-08, 1.37606237516e-08, 5.55889201337e-09, 2.61712340688e-09, 1.28117783049e-09, 1.18001608485e-09, 1.18745235866e-09],
        "mean": [2.45140040533e-06, 7.56556983106e-05, 0.000111393550469, 0.000910605536774, 0.000876973790582, 0.000407125422498, 0.00015533111582, 0.000152521839482, 6.86576313456e-05, 4.21004151576e-05, 4.19036841777e-05, 2.23191327677e-05, 3.81713725801e-05, 1.43848792504e-05, 1.29841791932e-05, 9.78956450126e-06, 2.11034039239e-05, 1.00546940303e-05, 1.35476348078e-05, 3.87851923733e-06, 4.61793342765e-06, 4.05512764701e-06, 2.66234064838e-06, 3.61762886314e-06, 7.64218566474e-06, 8.17784257379e-06, 2.25767348638e-06, 1.11489612209e-06, 3.9202191715e-07, 2.31909723425e-07, 9.82455858889e-08, 1.63208913051e-08, 2.58213783688e-09, 7.4460604349e-10, 3.1859195837e-10, 1.57262508571e-10, 8.23895049407e-11, 3.89415548419e-11, 2.25029370138e-11, 1.50341440686e-11],
        "median": [1.4282693428e-06, 4.00520220865e-05, 5.28165692231e-05, 0.000294842408039, 0.000399797572754, 0.000197427172679, 6.06431531196e-05, 4.07464358432e-05, 1.10936143756e-05, 3.82613779948e-06, 3.14600356432e-06, 1.65694655152e-06, 2.58062027569e-06, 2.35162224271e-06, 1.86839474736e-06, 1.96615110326e-06, 4.66175924885e-06, 3.15307897836e-06, 4.50752850156e-06, 1.22773133171e-06, 1.46733441397e-06, 1.21525886243e-06, 4.98403437632e-07, 7.54703251005e-07, 1.39299493185e-06, 1.2269410945e-06, 4.45245234459e-07, 1.44218546438e-07, 4.42413927715e-08, 1.48591494664e-08, 4.66508787156e-09, 1.12513565131e-09, 4.20099399712e-10, 2.220106321e-10, 1.47982348597e-10, 7.22856566271e-11, 4.28736698921e-11, 2.49525712592e-11, 1.5244265919e-11, 9.47836947818e-12],
        "min": [3.98716011318e-08, 6.88371187607e-07, 8.97961854207e-07, 5.10908535034e-07, 5.69585154153e-07, 1.47504934489e-07, 1.61090085271e-07, 6.02279683903e-08, 1.19206777782e-08, 4.43876402301e-09, 4.20411483404e-09, 6.86882772882e-09, 5.88229776e-09, 5.34129585006e-09, 2.15516759994e-09, 1.71585512465e-09, 4.50544801467e-09, 3.47050299609e-09, 7.98836607974e-10, 1.16918003057e-10, 7.18128334576e-11, 6.01209845796e-11, 7.01754487853e-11, 6.24659907134e-11, 9.98283886111e-11, 6.75451430898e-11, 4.36585871622e-11, 2.98905136753e-11, 3.1349714491e-11, 1.77226497367e-11, 1.26904580594e-11, 1.27246164994e-11, 6.9116301224e-12, 5.07901576699e-12, 5.1950514203e-12, 4.54669331698e-12, 6.31874370535e-12, 6.54556834082e-12, 4.8806254177e-12, 3.25044548569e-12],
        "var": [1.13868064283e-11, 3.62687373467e-08, 2.71794959872e-08, 4.36241680291e-06, 1.51739413923e-06, 2.6037673706e-07, 5.71371359115e-08, 9.08336303951e-08, 5.50267493793e-08, 1.61224580353e-08, 1.9767309567e-08, 8.09274336433e-09, 2.17158113713e-08, 2.47339304593e-09, 3.31346106108e-09, 6.58850807245e-10, 6.26504004231e-09, 3.68608837897e-10, 7.9790579699e-10, 4.4179819525e-11, 7.41911532209e-11, 6.89978976731e-11, 5.15517628585e-11, 7.56417706249e-11, 4.47339110199e-10, 5.54508383654e-10, 2.83391851652e-11, 9.96636367184e-12, 1.87969930419e-12, 1.44258693532e-12, 4.2764500708e-13, 6.56180584722e-15, 3.75110446516e-16, 1.11247801824e-17, 7.24013922772e-19, 1.54423207856e-19, 3.57093935063e-20, 4.73979135806e-21, 3.42183091715e-21, 3.34511072313e-21]
    },
    "mfcc": {
        "dmean": [36.376739502, 11.8940181732, 22.0335845947, 13.7037000656, 10.3715305328, 9.50986003876, 7.65136480331, 9.36876010895, 7.19809055328, 7.07274103165, 6.99887037277, 6.824198246, 6.41659593582],
        "dmean2": [52.0196876526, 16.8880195618, 32.1243095398, 19.3787498474, 14.7710428238, 14.1951217651, 11.2550058365, 14.1326417923, 11.297876358, 10.9919891357, 10.9893636703, 10.4388504028, 10.1092805862],
        "dvar": [1392.61865234, 151.13092041, 594.553955078, 127.346191406, 73.7108917236, 76.5239715576, 41.5685272217, 63.1256828308, 35.2707023621, 33.7913551331, 35.0652046204, 34.4299736023, 26.7608547211],
        "dvar2": [2708.24047852, 303.777923584, 1106.97363281, 266.802062988, 131.948028564, 157.109008789, 92.7363586426, 141.27293396, 76.7544784546, 75.9657363892, 76.7770690918, 77.7337493896, 58.6639060974],
        "max": [-683.708374023, 247.220855713, 102.02734375, 131.753845215, 60.0803565979, 30.8754272461, 34.5087966919, 26.6027774811, 1.65818023682, 32.1480407715, 13.5073509216, 21.1102771759, 24.4677200317],
        "mean": [-805.952758789, 198.394226074, -40.6386299133, 34.6869697571, 11.3976659775, -25.7737121582, -4.80482292175, -30.1657752991, -25.4010334015, -5.05897378922, -11.3640346527, -14.3074636459, -7.20189094543],
        "median": [-798.047973633, 200.490951538, -48.7917671204, 33.6938438416, 14.1367416382, -26.3098716736, -4.48558425903, -31.3301467896, -25.4771766663, -4.67889404297, -10.4542331696, -13.663192749, -6.94948577881],
        "min": [-1028.6784668, 86.2191848755, -127.328536987, -28.6507949829, -63.6155090332, -77.162902832, -39.9890365601, -74.1390380859, -57.7260818481, -47.2668685913, -50.340763092, -50.5307121277, -40.8349723816],
        "var": [3502.37548828, 535.779541016, 1745.61242676, 573.687866211, 377.754821777, 276.199493408, 140.510818481, 251.888931274, 110.01902771, 166.687408447, 112.10987854, 95.9227828979, 90.8587036133],
        "cov": [[3507.78857422, 8.03975772858, -2262.63110352, 643.406738281, -528.488220215, -533.067993164, 298.29385376, -223.501815796, 24.4051074982, -97.4535598755, -64.7724990845, 79.5158920288, -122.61252594], [8.03975772858, 536.607666016, 251.404022217, -361.274871826, 32.7601776123, -65.1264572144, -61.3403129578, 133.347579956, -40.7597160339, -22.4321651459, -8.58701610565, -33.7898902893, -10.0353317261], [-2262.63110352, 251.404022217, 1748.3104248, -488.914794922, 274.210021973, 352.072753906, -241.826583862, 166.255462646, -17.4673500061, 12.9941358566, 41.2046089172, -62.5221557617, 44.9422683716], [643.406738281, -361.274871826, -488.914794922, 574.574523926, -16.3176651001, -56.6068763733, 63.9920539856, -229.764541626, -1.0410579443, 22.1036643982, -33.7624855042, 19.0628967285, -16.4156494141], [-528.488220215, 32.7601776123, 274.210021973, -16.3176651001, 378.338684082, 136.621139526, -99.5715713501, -50.5664176941, -64.2480316162, 101.22958374, 8.96157550812, -42.818813324, 60.0529251099], [-533.067993164, -65.1264572144, 352.072753906, -56.6068763733, 136.621139526, 276.626373291, -32.6218757629, -64.9052810669, 11.6043071747, 40.3088035583, 49.0866661072, 11.4184627533, 24.2755966187], [298.29385376, -61.3403129578, -241.826583862, 63.9920539856, -99.5715713501, -32.6218757629, 140.727981567, 14.0019798279, -5.32717704773, -1.08059871197, -6.9662437439, 21.5544242859, -5.72889471054], [-223.501815796, 133.347579956, 166.255462646, -229.764541626, -50.5664176941, -64.9052810669, 14.0019798279, 252.278259277, 39.6010818481, -85.312210083, -5.35443019867, -8.36040401459, -12.3239784241], [24.4051074982, -40.7597160339, -17.4673500061, -1.0410579443, -64.2480316162, 11.6043071747, -5.32717704773, 39.6010818481, 110.189071655, -21.4236164093, -22.9384307861, 19.3016452789, -14.2384262085], [-97.4535598755, -22.4321651459, 12.9941358566, 22.1036643982, 101.22958374, 40.3088035583, -1.08059871197, -85.312210083, -21.4236164093, 166.945053101, 41.9684829712, -37.2934265137, 38.0065765381], [-64.7724990845, -8.58701610565, 41.2046089172, -33.7624855042, 8.96157550812, 49.0866661072, -6.9662437439, -5.35443019867, -22.9384307861, 41.9684829712, 112.283157349, 22.0091609955, -4.32891321182], [79.5158920288, -33.7898902893, -62.5221557617, 19.0628967285, -42.818813324, 11.4184627533, 21.5544242859, -8.36040401459, 19.3016452789, -37.2934265137, 22.0091609955, 96.0710449219, 19.4968986511], [-122.61252594, -10.0353317261, 44.9422683716, -16.4156494141, 60.0529251099, 24.2755966187, -5.72889471054, -12.3239784241, -14.2384262085, 38.0065765381, -4.32891321182, 19.4968986511, 90.999130249]],
        "icov": [[1.65145814419, -2.29482078552, 2.24135088921, -2.08415913582, 1.93185520172, -1.72590017319, 1.4902176857, -1.2206761837, 0.970097541809, -0.700916349888, 0.48270201683, -0.280330359936, 0.130777046084], [-2.29482078552, 3.19338726997, -3.11521410942, 2.90049576759, -2.6869597435, 2.40286040306, -2.0734064579, 1.70043361187, -1.34990096092, 0.976925909519, -0.672320842743, 0.390880316496, -0.181139394641], [2.24135088921, -3.11521410942, 3.04478812218, -2.83117818832, 2.62644481659, -2.35056877136, 2.03200674057, -1.66619932652, 1.32533752918, -0.959239780903, 0.66242647171, -0.385364055634, 0.180133938789], [-2.08415913582, 2.90049576759, -2.83117818832, 2.64214468002, -2.44814348221, 2.19325351715, -1.89711380005, 1.5614964962, -1.24042630196, 0.901067972183, -0.62172794342, 0.363801419735, -0.168858766556], [1.93185520172, -2.6869597435, 2.62644481659, -2.44814348221, 2.27870225906, -2.04111099243, 1.76996767521, -1.4550255537, 1.16192913055, -0.846033453941, 0.586859881878, -0.343181997538, 0.15960483253], [-1.72590017319, 2.40286040306, -2.35056877136, 2.19325351715, -2.04111099243, 1.84056293964, -1.59432828426, 1.31712698936, -1.05211043358, 0.768300950527, -0.537269353867, 0.315402239561, -0.148611485958], [1.4902176857, -2.0734064579, 2.03200674057, -1.89711380005, 1.76996767521, -1.59432828426, 1.39843034744, -1.15055179596, 0.922303318977, -0.677785515785, 0.475109308958, -0.283731818199, 0.133752420545], [-1.2206761837, 1.70043361187, -1.66619932652, 1.5614964962, -1.4550255537, 1.31712698936, -1.15055179596, 0.961850881577, -0.767929255962, 0.568916082382, -0.399490922689, 0.240857481956, -0.11434263736], [0.970097541809, -1.34990096092, 1.32533752918, -1.24042630196, 1.16192913055, -1.05211043358, 0.922303318977, -0.767929255962, 0.62826949358, -0.458941191435, 0.327406346798, -0.198772028089, 0.0960188657045], [-0.700916349888, 0.976925909519, -0.959239780903, 0.901067972183, -0.846033453941, 0.768300950527, -0.677785515785, 0.568916082382, -0.458941191435, 0.353687822819, -0.249517709017, 0.156258881092, -0.0775273442268], [0.48270201683, -0.672320842743, 0.66242647171, -0.62172794342, 0.586859881878, -0.537269353867, 0.475109308958, -0.399490922689, 0.327406346798, -0.249517709017, 0.189340218902, -0.115232110023, 0.0579249635339], [-0.280330359936, 0.390880316496, -0.385364055634, 0.363801419735, -0.343181997538, 0.315402239561, -0.283731818199, 0.240857481956, -0.198772028089, 0.156258881092, -0.115232110023, 0.0866179689765, -0.0419734530151], [0.130777046084, -0.181139394641, 0.180133938789, -0.168858766556, 0.15960483253, -0.148611485958, 0.133752420545, -0.11434263736, 0.0960188657045, -0.0775273442268, 0.0579249635339, -0.0419734530151, 0.0342020764947]]
    }
}

}