{
"metadata": {
    "version": {
        "essentia": "2.0.1",
        "extractor": "archive-music 1.0 mod ismir14"
    },
    "audio_properties": {
        "analysis_sample_rate": 44100,
        "bitrate": 32,
        "channels": 2,
        "equal_loudness": 0,
        "length": 30.0408172607,
        "replay_gain": -14.3674125671,
        "downmix": "mix"
    },
    "tags": {
        "track": 0,
        "year": 0,
        "album": "",
        "artist": "",
        "comment": "",
        "genre": "",
        "title": ""
    }
},
"rhythm": {
    "bpm": 109.314041138,
    "bpm_histogram_first_peak": 110,
    "bpm_histogram_first_peak_spread": 0.396226406097,
    "bpm_histogram_first_peak_weight": 0.603773593903,
    "bpm_histogram_second_peak": 0,
    "bpm_histogram_second_peak_spread": 0,
    "bpm_histogram_second_peak_weight": 0
},
"tonal": {
    "tuning_frequency": {
        "dmean": 0.0837152376771,
        "dmean2": 0.144843414426,
        "dvar": 0.525753200054,
        "dvar2": 1.04871630669,
        "max": 447.949737549,
        "mean": 442.406066895,
        "median": 442.804626465,
        "min": 433.191070557,
        "var": 1.26453864574
    },
    "hpcp": {
        "dmean": [0.100736685097, 0.0743802711368, 0.0631713196635, 0.128473326564, 0.0615030713379, 0.11316575855, 0.0504643581808, 0.0795869901776, 0.106302075088, 0.0527954101562, 0.113560684025, 0.0818611606956],
        "dmean2": [0.176300212741, 0.138463094831, 0.116597115993, 0.22525420785, 0.112320385873, 0.19799938798, 0.0960751995444, 0.142365008593, 0.180475264788, 0.0982668474317, 0.198283806443, 0.152618318796],
        "dvar": [0.0460794791579, 0.0417059026659, 0.0329757258296, 0.0559388138354, 0.0278371516615, 0.0482622385025, 0.0228421203792, 0.0289911516011, 0.0386105924845, 0.0231389235705, 0.0489819310606, 0.047922462225],
        "dvar2": [0.108053766191, 0.107865527272, 0.0913480594754, 0.127559408545, 0.0738844126463, 0.123711816967, 0.0662138983607, 0.0757094919682, 0.0944261848927, 0.0641952380538, 0.124333642423, 0.136537522078],
        "max": [1, 1, 1, 1, 1, 1, 1, 1, 1, 1, 1, 1],
        "mean": [0.160134226084, 0.213853269815, 0.0430274344981, 0.417401909828, 0.0441866889596, 0.217568948865, 0.0313812159002, 0.0939949974418, 0.206336408854, 0.0327514186502, 0.207851365209, 0.0526725798845],
        "median": [0.0220026280731, 0.00491942232475, 0.0035090923775, 0.182928860188, 0.00272956420667, 0.0337457880378, 0.00249682669528, 0.0103727802634, 0.0686347931623, 0.00235359952785, 0.058591209352, 0.00233399984427],
        "min": [5.71191264953e-07, 3.99897317038e-06, 3.17624380841e-06, 9.09085702006e-06, 2.59458170149e-06, 1.92484185391e-06, 4.76161602592e-07, 3.13323835144e-05, 1.21607479286e-06, 1.59569549396e-06, 7.43376040191e-06, 1.20691515804e-06],
        "var": [0.0888407230377, 0.149153977633, 0.021334072575, 0.189600110054, 0.0215807836503, 0.119606345892, 0.0132525349036, 0.0447589308023, 0.0973310098052, 0.0138651747257, 0.101734243333, 0.0307162553072]
    }
},
"lowlevel": {
    "melbands": {
        "dmean": [0.000521531852428, 0.000884478969965, 0.000618227408268, 0.000378845928935, 0.000165740450029, 0.000149440515088, 8.47142437124e-05, 0.000121223965834, 0.000178357542609, 0.000110353154014, 2.66937367996e-05, 3.26158333337e-05, 1.88116064237e-05, 2.01551865757e-05, 2.22552189371e-05, 1.9353139578e-05, 2.01217353606e-05, 1.80042134161e-05, 1.03172324089e-05, 1.6654126739e-05, 7.10856147634e-06, 5.01519525642e-06, 5.52111123397e-06, 3.22687697007e-06, 1.9580031676e-06, 1.44539774283e-06, 8.93064566299e-07, 6.5535499516e-07, 6.71746533953e-07, 4.96511347592e-07, 4.12925999171e-07, 4.14196279053e-07, 3.712500245e-07, 2.8827187748e-07, 2.51842180887e-07, 2.28100233812e-07, 1.68432706005e-07, 1.13240439248e-07, 9.14430486887e-08, 8.20804757495e-08],
        "dmean2": [0.000886347843334, 0.00145210325718, 0.000972405658104, 0.000623636413366, 0.000271452765446, 0.000221855429118, 0.00013360833691, 0.000184481250471, 0.000284705805825, 0.000171221559867, 3.9943261072e-05, 4.93631887366e-05, 2.82393175439e-05, 3.16418445436e-05, 3.6285873648e-05, 2.9915905543e-05, 3.27610978275e-05, 2.76812879747e-05, 1.6556790797e-05, 2.64870159299e-05, 1.11757854029e-05, 8.26496670925e-06, 8.99844235391e-06, 5.36845527677e-06, 3.06559968521e-06, 2.26464499065e-06, 1.3902840692e-06, 1.01652835838e-06, 1.02102660549e-06, 7.31943032406e-07, 5.94446191826e-07, 5.97646419465e-07, 5.41723409242e-07, 4.13785073761e-07, 3.76534870838e-07, 3.44992059809e-07, 2.61555499037e-07, 1.74257465346e-07, 1.36483535584e-07, 1.24600262552e-07],
        "dvar": [1.97479948838e-06, 1.40650445246e-06, 6.37378946067e-07, 5.18437445862e-07, 4.45618191236e-08, 6.28813552339e-08, 1.832152563e-08, 6.00818381713e-08, 1.40122708103e-07, 7.99552850594e-08, 5.26538901369e-09, 8.71478711417e-09, 2.55120036208e-09, 2.57445420537e-09, 4.68506478057e-09, 1.94833438272e-09, 1.9173500565e-09, 1.84414739035e-09, 6.25685836475e-10, 3.57987794963e-09, 2.69600675118e-10, 7.90535623074e-11, 1.87165768994e-10, 4.40244091182e-11, 1.06258161992e-11, 5.91131744249e-12, 2.5978225647e-12, 1.61226208165e-12, 1.38671344373e-12, 9.01360637604e-13, 7.24376342329e-13, 8.11611194917e-13, 6.65614481934e-13, 5.56251008796e-13, 6.91609421642e-13, 1.03471571589e-12, 7.65842467568e-13, 2.35866258165e-13, 9.15918003334e-14, 1.11725028101e-13],
        "dvar2": [5.40728706255e-06, 3.51594053427e-06, 1.52785787577e-06, 1.43899376326e-06, 1.19261002851e-07, 1.23992819567e-07, 4.05370528256e-08, 1.27660300109e-07, 3.25684055724e-07, 1.84524424185e-07, 9.47814093877e-09, 1.70644849362e-08, 5.6992481845e-09, 6.10790307221e-09, 1.20295231554e-08, 4.1127439232e-09, 5.09952435834e-09, 4.16974410555e-09, 1.54843449174e-09, 9.70542224366e-09, 6.84857226485e-10, 1.95799446101e-10, 5.08524278242e-10, 1.13182935246e-10, 2.521347367e-11, 1.41599180298e-11, 6.1501329203e-12, 3.76886412704e-12, 2.828637281e-12, 2.00963746512e-12, 1.64338215345e-12, 1.76534004429e-12, 1.38143695701e-12, 1.06343905036e-12, 1.46503685919e-12, 2.17587493162e-12, 1.49652870391e-12, 4.34695194337e-13, 1.69350414226e-13, 2.11880914289e-13],
        "max": [0.0122477896512, 0.0100691281259, 0.00841426569968, 0.00545318191871, 0.00170335092116, 0.00243917596526, 0.00125298334751, 0.00292793265544, 0.00507129356265, 0.00382773205638, 0.00157096679322, 0.001906307647, 0.00104613404255, 0.000511680264026, 0.000834308855701, 0.000499397341628, 0.000511323334649, 0.000650642905384, 0.00022709814948, 0.00119618151803, 0.000262746383669, 8.93188262125e-05, 0.0002504583681, 8.98749567568e-05, 3.77326978196e-05, 2.51131350524e-05, 1.27118255477e-05, 1.05037333924e-05, 1.26727090901e-05, 7.57966745368e-06, 7.91011370893e-06, 1.00925708466e-05, 1.1229843949e-05, 1.27802304632e-05, 1.65624769579e-05, 2.08615583688e-05, 1.72846612259e-05, 9.2758136816e-06, 5.96776635575e-06, 6.47586057312e-06],
        "mean": [0.000640783109702, 0.00265944562852, 0.0019265813753, 0.000709415413439, 0.000304897665046, 0.000269580690656, 0.00013996110647, 0.000175515931915, 0.000239583998336, 0.000175004955963, 3.76097486878e-05, 3.9245122025e-05, 2.55352897511e-05, 2.53725211223e-05, 2.49832683039e-05, 2.77751696558e-05, 2.53698126471e-05, 2.42749028985e-05, 1.33649718919e-05, 2.62020930677e-05, 1.14314207167e-05, 7.88198576629e-06, 1.04763157651e-05, 6.1771329456e-06, 3.08120320369e-06, 1.95795200852e-06, 1.10972928269e-06, 7.72657358539e-07, 8.42336362439e-07, 5.93047786879e-07, 4.82439190819e-07, 4.79778975659e-07, 4.3555004936e-07, 3.38977571346e-07, 2.8469403901e-07, 2.36728695313e-07, 1.83660887387e-07, 1.24622687281e-07, 9.8363052814e-08, 8.89437146157e-08],
        "median": [0.00034510155092, 0.0024401852861, 0.00175370019861, 0.000528063392267, 0.000207371776924, 9.33114060899e-05, 6.50035726721e-05, 5.97994148848e-05, 5.94024313614e-05, 3.65797059203e-05, 1.18046109492e-05, 1.12563902803e-05, 7.58286296332e-06, 5.43635724171e-06, 5.89350838709e-06, 6.30963268122e-06, 5.13711347594e-06, 5.57399289391e-06, 3.53354562321e-06, 3.37408573614e-06, 3.30491866407e-06, 3.23225503962e-06, 2.45147043643e-06, 1.48771505337e-06, 1.13634223453e-06, 7.55853307055e-07, 3.98371298616e-07, 2.52257336797e-07, 2.59176857753e-07, 1.37587335303e-07, 1.09996989295e-07, 1.05626185132e-07, 9.75278453552e-08, 8.3491002556e-08, 6.16369462136e-08, 5.89840638554e-08, 4.32135749406e-08, 2.92649389166e-08, 2.33716175302e-08, 1.72858900527e-08],
        "min": [3.80996283411e-07, 3.69261755395e-07, 9.43027941958e-07, 2.12397594623e-06, 5.66085418541e-06, 1.91971366803e-07, 4.62451708927e-07, 4.04457694003e-08, 2.36836612544e-07, 1.01961248333e-07, 1.21063301606e-08, 1.27091182023e-08, 1.07046158604e-08, 9.69358193714e-09, 4.16716927631e-09, 2.44972109265e-09, 3.61188745579e-09, 2.66490807199e-09, 3.37502381598e-09, 2.95396596073e-09, 3.15401904594e-09, 2.32230501496e-09, 2.76841638502e-09, 1.56698831688e-09, 1.11989595375e-09, 9.19416043299e-10, 4.80520623292e-10, 2.69862465707e-10, 2.30911248456e-10, 1.32697824951e-10, 5.32417616939e-11, 2.17481727072e-11, 1.73589927155e-11, 1.01305214217e-11, 8.15764816808e-12, 5.98483025291e-12, 5.62099368787e-12, 4.84820603802e-12, 4.18361872923e-12, 3.29245810303e-12],
        "var": [1.46533102452e-06, 3.65274763681e-06, 1.59846729275e-06, 5.25409916463e-07, 8.65651301751e-08, 1.68326451444e-07, 3.74453641427e-08, 1.1291593438e-07, 2.19535891688e-07, 1.89147840501e-07, 9.45521261286e-09, 1.27286412521e-08, 4.52678694529e-09, 3.30011795668e-09, 4.70270800079e-09, 3.95690857857e-09, 3.25375859589e-09, 3.45363804222e-09, 8.16892553601e-10, 9.94134463639e-09, 5.35926469869e-10, 1.44108516786e-10, 5.73028624551e-10, 1.66988811667e-10, 2.22359752139e-11, 9.23410046344e-12, 3.18322148155e-12, 1.90341362463e-12, 2.1393737476e-12, 1.24572227533e-12, 9.00419929589e-13, 1.01465114522e-12, 8.91619623185e-13, 7.69091496218e-13, 8.0307337386e-13, 1.09306335684e-12, 8.53982357919e-13, 2.96027444094e-13, 1.20437080448e-13, 1.35859788588e-13]
    },
    "mfcc": {
        "dmean": [32.7140274048, 17.4810447693, 12.1653242111, 9.35236167908, 7.98069953918, 7.15987014771, 6.68389844894, 6.54016590118, 5.70096921921, 6.26991653442, 5.659532547, 5.56321144104, 5.77633666992],
        "dmean2": [41.5180282593, 23.2668418884, 16.0850219727, 13.8067989349, 11.7373189926, 10.9381837845, 10.3388490677, 10.3519945145, 8.88712501526, 9.8942117691, 8.84623146057, 8.88725280762, 9.13649368286],
        "dvar": [1269.59765625, 318.652709961, 146.316741943, 80.0839157104, 63.6672554016, 39.9478874207, 32.2672805786, 33.4238471985, 24.0813827515, 30.496969223, 25.5946769714, 20.8244152069, 24.2978000641],
        "dvar2": [2577.00292969, 591.171325684, 234.037033081, 166.027542114, 113.054298401, 83.4255828857, 66.8369064331, 76.9016571045, 49.7217750549, 70.3021774292, 56.600933075, 52.5222816467, 62.5465621948],
        "max": [-575.764831543, 248.710388184, 117.877914429, 92.5476150513, 66.6175079346, 39.9139251709, 30.640953064, 50.6387176514, 27.1041069031, 38.6712265015, 39.1733779907, 29.1532440186, 23.0773391724],
        "mean": [-712.740112305, 169.368560791, 7.65228796005, 32.1398696899, 17.8236312866, 6.53129577637, -4.41726350784, 4.83028411865, -0.599729895592, 2.18969154358, 1.65593647957, -1.01470482349, -5.70143318176],
        "median": [-700.465332031, 170.05557251, 7.49938011169, 29.849609375, 17.1320304871, 7.45012569427, -3.20603084564, 4.58709621429, -0.240805625916, 1.52006816864, 0.555446624756, -1.38558864594, -5.26881980896],
        "min": [-953.131652832, 22.9252967834, -93.6063842773, -46.4548301697, -29.0356407166, -32.0166893005, -43.2441253662, -28.7353820801, -37.2121086121, -27.7334327698, -23.9887771606, -24.8765678406, -30.9914417267],
        "var": [5114.23828125, 1228.67944336, 1111.60009766, 429.395690918, 258.255218506, 165.023101807, 179.807891846, 103.401763916, 71.3619689941, 130.254272461, 85.3709259033, 64.256362915, 60.7117500305],
        "cov": [[5122.14306641, -1430.41027832, -727.291809082, -98.0196609497, -321.148284912, -67.4982910156, -213.198059082, 0.928251504898, -18.6642360687, 48.7495040894, 12.8176412582, -18.7759227753, -40.0727729797], [-1430.41027832, 1230.57849121, -374.349914551, -244.11340332, 30.7192420959, -98.1300201416, 78.099937439, -29.5564231873, -36.9904823303, 26.2894515991, 46.5317001343, 14.7710809708, -4.17554712296], [-727.291809082, -374.349914551, 1113.3182373, 226.752868652, -20.8705196381, 207.182815552, 121.172149658, 44.3086929321, 17.6405563354, -72.3587341309, -42.8261566162, -7.54245996475, 15.9601993561], [-98.0196609497, -244.11340332, 226.752868652, 430.059356689, 116.681175232, 6.15254068375, -98.3445129395, 25.2296772003, 43.4451599121, -69.885635376, -59.206615448, 0.361378341913, 15.5396347046], [-321.148284912, 30.7192420959, -20.8705196381, 116.681175232, 258.65435791, -25.216835022, -45.5287322998, 18.6960124969, 13.4645595551, 13.7232675552, -2.96094846725, 16.9012050629, -2.47173523903], [-67.4982910156, -98.1300201416, 207.182815552, 6.15254068375, -25.216835022, 165.278152466, 73.4150619507, -1.22417902946, 8.71350002289, -1.97095787525, 9.90818691254, -1.79603636265, -3.22659277916], [-213.198059082, 78.099937439, 121.172149658, -98.3445129395, -45.5287322998, 73.4150619507, 180.085800171, 18.5543689728, -29.8965816498, 25.9481563568, 28.8655509949, 6.19642734528, -4.66153335571], [0.928251504898, -29.5564231873, 44.3086929321, 25.2296772003, 18.6960124969, -1.22417902946, 18.5543689728, 103.561584473, 3.29994058609, -8.73694515228, 9.52338981628, 18.5895652771, -2.97141623497], [-18.6642360687, -36.9904823303, 17.6405563354, 43.4451599121, 13.4645595551, 8.71350002289, -29.8965816498, 3.29994058609, 71.4722671509, 12.367855072, -13.656247139, -2.973331213, -0.820985138416], [48.7495040894, 26.2894515991, -72.3587341309, -69.885635376, 13.7232675552, -1.97095787525, 25.9481563568, -8.73694515228, 12.367855072, 130.455596924, 57.0833129883, -8.3852596283, -24.9403400421], [12.8176412582, 46.5317001343, -42.8261566162, -59.206615448, -2.96094846725, 9.90818691254, 28.8655509949, 9.52338981628, -13.656247139, 57.0833129883, 85.5028762817, 14.7942066193, -12.6713180542], [-18.7759227753, 14.7710809708, -7.54245996475, 0.361378341913, 16.9012050629, -1.79603636265, 6.19642734528, 18.5895652771, -2.973331213, -8.3852596283, 14.7942066193, 64.3556747437, 20.0763092041], [-40.0727729797, -4.17554712296, 15.9601993561, 15.5396347046, -2.47173523903, -3.22659277916, -4.66153335571, -2.97141623497, -0.820985138416, -24.9403400421, -12.6713180542, 20.0763092041, 60.8055877686]],
        "icov": [[0.000593276054133, 0.000879228988197, 0.000649909430649, 0.000112728514068, 0.000691410561558, -9.61251716944e-05, 0.000278539315332, -0.000217512148083, 0.000413798436057, -0.000130872504087, 3.68643813999e-05, -0.000205525153433, 0.000313145370455], [0.000879228988197, 0.00242113578133, 0.00121703580953, 0.000619094586, 0.000546481518541, 0.000619373517111, -0.000566877541132, 0.000165851772181, 0.000183528187335, 0.000553922494873, -0.000519704830367, -0.000230878373259, 0.000485368625959], [0.000649909430649, 0.00121703580953, 0.00228650937788, -0.000708888052031, 0.000878966005985, -0.00135059526656, -0.000896428304259, -0.000502965587657, 0.000321672676364, 0.000304011482513, 0.000290241616312, 9.50630274019e-05, 0.00012178398174], [0.000112728514068, 0.000619094586, -0.000708888052031, 0.00440109195188, -0.00162891251966, 0.000121767378005, 0.00184039212763, -0.00056393595878, -0.00121797597967, 0.00146409345325, 0.000461351795821, 0.00028509812546, -0.000182017523912], [0.000691410561558, 0.000546481518541, 0.000878966005985, -0.00162891251966, 0.00594039168209, -0.000252173340414, 0.00127040967345, -0.001074236352, 0.00122419360559, -0.00219646049663, 0.000965812650975, -0.00192434759811, 0.000904008746147], [-9.61251716944e-05, 0.000619373517111, -0.00135059526656, 0.000121767378005, -0.000252173340414, 0.0103775188327, -0.00435257563367, 0.00218702666461, -0.00348173570819, 0.00216778437607, -0.00285556283779, 0.000359805242624, 0.000744452991057], [0.000278539315332, -0.000566877541132, -0.000896428304259, 0.00184039212763, 0.00127040967345, -0.00435257563367, 0.0112124299631, -0.00287619186565, 0.00474158488214, -0.00321531808004, 0.00122504110914, -0.00102312862873, -0.000212397790165], [-0.000217512148083, 0.000165851772181, -0.000502965587657, -0.00056393595878, -0.001074236352, 0.00218702666461, -0.00287619186565, 0.0118781803176, -0.00236784038134, 0.00257232133299, -0.0026770841796, -0.00273369019851, 0.00194434099831], [0.000413798436057, 0.000183528187335, 0.000321672676364, -0.00121797597967, 0.00122419360559, -0.00348173570819, 0.00474158488214, -0.00236784038134, 0.0193264782429, -0.00645858049393, 0.00588075257838, -0.00133873824961, -9.56878066063e-05], [-0.000130872504087, 0.000553922494873, 0.000304011482513, 0.00146409345325, -0.00219646049663, 0.00216778437607, -0.00321531808004, 0.00257232133299, -0.00645858049393, 0.0153612568974, -0.0101578664035, 0.00335843814537, 0.00239056209102], [3.68643813999e-05, -0.000519704830367, 0.000290241616312, 0.000461351795821, 0.000965812650975, -0.00285556283779, 0.00122504110914, -0.0026770841796, 0.00588075257838, -0.0101578664035, 0.0218122191727, -0.00625972496346, 0.00217059138231], [-0.000205525153433, -0.000230878373259, 9.50630274019e-05, 0.00028509812546, -0.00192434759811, 0.000359805242624, -0.00102312862873, -0.00273369019851, -0.00133873824961, 0.00335843814537, -0.00625972496346, 0.0210754498839, -0.007423825562], [0.000313145370455, 0.000485368625959, 0.00012178398174, -0.000182017523912, 0.000904008746147, 0.000744452991057, -0.000212397790165, 0.00194434099831, -9.56878066063e-05, 0.00239056209102, 0.00217059138231, -0.007423825562, 0.0207377988845]]
    }
}

}