{
"metadata": {
    "version": {
        "essentia": "2.0.1",
        "extractor": "archive-music 1.0 mod ismir14"
    },
    "audio_properties": {
        "analysis_sample_rate": 44100,
        "bitrate": 32,
        "channels": 2,
        "equal_loudness": 0,
        "length": 30.0408172607,
        "replay_gain": -8.86828994751,
        "downmix": "mix"
    },
    "tags": {
        "track": 7,
        "year": 0,
        "album": "The Cool Jazz Collection",
        "artist": "Astrud Gilberto",
        "comment": "",
        "genre": "Jazz",
        "title": "Girl From Ipanema"
    }
},
"rhythm": {
    "bpm": 130.229049683,
    "bpm_histogram_first_peak": 129,
    "bpm_histogram_first_peak_spread": 0.542372882366,
    "bpm_histogram_first_peak_weight": 0.428571432829,
    "bpm_histogram_second_peak": 123,
    "bpm_histogram_second_peak_spread": 0,
    "bpm_histogram_second_peak_weight": 0.0317460335791
},
"tonal": {
    "tuning_frequency": {
        "dmean": 0.0795124918222,
        "dmean2": 0.125431314111,
        "dvar": 0.615240395069,
        "dvar2": 1.17910885811,
        "max": 451.326080322,
        "mean": 439.065887451,
        "median": 439.238189697,
        "min": 433.441375732,
        "var": 0.797266900539
    },
    "hpcp": {
        "dmean": [0.099903434515, 0.152895137668, 0.0913488790393, 0.147006586194, 0.0972383320332, 0.0886551439762, 0.126211643219, 0.0405949838459, 0.12535469234, 0.0924141928554, 0.124340973794, 0.0970679298043],
        "dmean2": [0.187490433455, 0.269104540348, 0.173600748181, 0.266273468733, 0.173478916287, 0.161179453135, 0.217935830355, 0.0769160836935, 0.225298270583, 0.16813544929, 0.224063411355, 0.170531868935],
        "dvar": [0.0515205524862, 0.0767352208495, 0.0565107539296, 0.0752012804151, 0.0460172109306, 0.0460142754018, 0.0608589947224, 0.0195353832096, 0.0625392943621, 0.0523536428809, 0.0657224729657, 0.0455783158541],
        "dvar2": [0.146615564823, 0.168814241886, 0.158448964357, 0.166337758303, 0.110737130046, 0.115894161165, 0.12554743886, 0.0544996745884, 0.141301512718, 0.127487361431, 0.154785007238, 0.11161185056],
        "max": [1, 1, 1, 1, 1, 1, 1, 1, 1, 1, 1, 1],
        "mean": [0.0662451088428, 0.25353077054, 0.0577544830739, 0.270320862532, 0.115509964526, 0.0931784510612, 0.220224186778, 0.0556996427476, 0.167432457209, 0.0810342505574, 0.126440688968, 0.1302613765],
        "median": [0.0021174387075, 0.0393288210034, 0.00100822560489, 0.0225855559111, 0.00553379673511, 0.00392740685493, 0.0274642836303, 0.0012268605642, 0.0153671428561, 0.00127028254792, 0.00880351476371, 0.00678370986134],
        "min": [3.57937096851e-06, 1.4442993006e-06, 2.09506174542e-06, 4.02059959015e-06, 1.60071817845e-06, 8.77775346453e-06, 2.44415714405e-05, 6.61051535644e-06, 3.89912202081e-07, 1.56748069458e-06, 2.9677466955e-06, 3.39459870702e-06],
        "var": [0.0374180004001, 0.141060501337, 0.0360281355679, 0.160996437073, 0.0669756904244, 0.0592280328274, 0.12763158977, 0.039536293596, 0.0997793376446, 0.0542143024504, 0.0742418542504, 0.076901011169]
    }
},
"lowlevel": {
    "melbands": {
        "dmean": [0.000258507177932, 0.00072645425098, 0.00085560255684, 0.000452123902505, 0.000257062085439, 9.51846377575e-05, 5.86582500546e-05, 7.11198226782e-05, 2.53023590631e-05, 1.69952054421e-05, 1.65072997333e-05, 1.56121823238e-05, 3.40050655723e-06, 2.36099958784e-06, 3.53188465851e-06, 2.25347775995e-06, 1.94076142179e-06, 7.58970429615e-07, 8.33552860513e-07, 7.5632425478e-07, 4.21976920961e-07, 5.71162161123e-07, 7.23671973901e-07, 6.02586965215e-07, 2.49315093015e-07, 1.46087074882e-07, 2.40632004989e-07, 3.26931086647e-07, 3.06001396666e-07, 3.67470931906e-07, 6.29885732906e-07, 1.05184165022e-06, 1.05519450244e-06, 7.51881486849e-07, 3.3206353578e-07, 2.07560759691e-07, 1.63799313668e-07, 1.33610186026e-07, 1.70035548308e-07, 2.59706240513e-07],
        "dmean2": [0.000360915058991, 0.00105206249282, 0.00130383693613, 0.000650903093629, 0.000384782702895, 0.000142946752021, 9.01461899048e-05, 0.000112455418275, 3.64964616892e-05, 2.4872353606e-05, 2.27635628107e-05, 1.89232141565e-05, 4.80392372992e-06, 3.44558316101e-06, 4.68810276288e-06, 3.26942927131e-06, 2.89456920655e-06, 1.12033001187e-06, 1.34339234137e-06, 1.11643566925e-06, 6.80189941704e-07, 8.78369121438e-07, 1.12278939923e-06, 9.65617346083e-07, 3.78181027827e-07, 2.13354212519e-07, 3.54691536586e-07, 5.08019525114e-07, 4.79307914247e-07, 5.78246613259e-07, 9.41991402215e-07, 1.59560943302e-06, 1.64251184742e-06, 1.27959117435e-06, 4.68054508929e-07, 3.00975500522e-07, 2.49435260002e-07, 1.91932301163e-07, 2.44205097033e-07, 3.69677110257e-07],
        "dvar": [3.84499713846e-07, 1.20724996577e-06, 1.31674403292e-06, 5.83785208619e-07, 2.25201105764e-07, 3.63243906065e-08, 3.79976690112e-08, 4.80625743648e-08, 4.59117099894e-09, 4.28940927222e-09, 2.04760497446e-09, 7.72090302803e-09, 6.68052696495e-11, 2.94293339698e-11, 1.52171567014e-10, 6.96405710876e-11, 9.13483594323e-11, 4.45817081168e-12, 1.80223717894e-11, 1.170913453e-11, 2.26981454465e-12, 1.64608138318e-12, 3.66438043103e-12, 3.44718546243e-12, 6.18362457593e-13, 1.14546596492e-13, 6.7368197609e-13, 1.77243224438e-12, 9.68515090176e-13, 2.26248598849e-12, 8.21202481016e-12, 2.52255490801e-11, 2.14830653267e-11, 3.01937641556e-11, 1.43299304714e-12, 3.70286104296e-13, 2.35257424435e-13, 1.76248623443e-13, 4.40704520403e-13, 1.0374556032e-12],
        "dvar2": [7.43635325762e-07, 2.24134896598e-06, 2.58112868323e-06, 1.13665464596e-06, 5.00388296132e-07, 7.72063373233e-08, 8.05322883934e-08, 1.09952345895e-07, 7.81874209821e-09, 8.01525956717e-09, 4.14430445517e-09, 1.10335900416e-08, 1.18072926436e-10, 6.24476928501e-11, 2.09060588285e-10, 1.28224597606e-10, 2.00898700453e-10, 1.05429579997e-11, 4.89287707572e-11, 2.53929550997e-11, 5.97776472419e-12, 3.58520158006e-12, 8.09687820263e-12, 8.04605253951e-12, 1.45255476484e-12, 2.25859017903e-13, 1.43039291349e-12, 3.53769747871e-12, 2.35467331397e-12, 4.74875737691e-12, 1.87303939719e-11, 5.40276400007e-11, 4.79436108869e-11, 8.40942038227e-11, 2.55239275895e-12, 6.69952862718e-13, 4.12769156962e-13, 2.72702758812e-13, 8.00136378595e-13, 1.75544767524e-12],
        "max": [0.00952482223511, 0.0122579513118, 0.012023341842, 0.0194860789925, 0.00527599593624, 0.0024137319997, 0.00230727926828, 0.00202078651637, 0.000992857501842, 0.00101134669967, 0.000511763151735, 0.00243523367681, 0.000105276420072, 8.5703934019e-05, 0.000293752818834, 0.000135499270982, 0.000171356266947, 3.07811860694e-05, 7.13247281965e-05, 5.18823071616e-05, 2.52522168012e-05, 1.35242917167e-05, 1.96652999875e-05, 2.21222580876e-05, 1.34361716846e-05, 4.89518697577e-06, 1.37776341944e-05, 2.27942527999e-05, 1.06547013274e-05, 2.04805692192e-05, 4.04591482948e-05, 6.74992043059e-05, 5.70306510781e-05, 0.000111725159513, 2.01237598958e-05, 7.23603216102e-06, 5.80001506023e-06, 6.48918285151e-06, 8.06868501968e-06, 1.44133373396e-05],
        "mean": [0.000461692921817, 0.00155922514386, 0.00199577840976, 0.00076130614616, 0.000570344447624, 0.000167968988535, 6.9437577622e-05, 8.21456123958e-05, 3.32838244503e-05, 2.2594949769e-05, 2.08709261642e-05, 2.16808930418e-05, 4.60392902824e-06, 3.05285698232e-06, 4.93130710311e-06, 2.9069408356e-06, 2.08927599488e-06, 8.07388403246e-07, 8.15346766103e-07, 7.86899931882e-07, 4.23795370352e-07, 6.56981626435e-07, 7.85962697591e-07, 6.08677055425e-07, 2.66743029442e-07, 1.77354323228e-07, 2.56038305224e-07, 3.35283061759e-07, 2.92372476451e-07, 3.68070857348e-07, 6.30612532859e-07, 1.0542896689e-06, 1.0344004977e-06, 7.40455277537e-07, 3.70322851495e-07, 2.39825595827e-07, 1.97871713681e-07, 1.563255978e-07, 1.89432498132e-07, 2.83429159254e-07],
        "median": [0.000120601936942, 0.00079679035116, 0.000781177543104, 0.000336756173056, 0.000181966417585, 5.84299705224e-05, 1.75500499608e-05, 1.50784198922e-05, 4.81137976749e-06, 2.02366231861e-06, 2.01377338271e-06, 1.9690373847e-06, 8.80042989593e-07, 1.02355534182e-06, 8.19286128717e-07, 2.89278716537e-07, 2.082093431e-07, 1.36980560228e-07, 6.82097720528e-08, 6.05216428085e-08, 6.39318358253e-08, 1.13903652732e-07, 1.13236851007e-07, 7.26598727852e-08, 4.34824691808e-08, 3.57346827684e-08, 5.10327602399e-08, 5.29615249434e-08, 3.06031466835e-08, 4.10196392409e-08, 3.98445827443e-08, 2.70614570752e-08, 3.38947288014e-08, 2.74675446832e-08, 2.67289905764e-08, 2.55426169105e-08, 2.48678162507e-08, 1.89773210479e-08, 1.86980848582e-08, 1.97028064974e-08],
        "min": [3.82403470667e-07, 6.21509116172e-07, 5.52281733235e-07, 3.23864867369e-07, 6.1837266685e-07, 3.09161663381e-07, 1.22018448678e-07, 7.74649109303e-08, 2.68961901639e-08, 1.4166464446e-08, 1.06101696318e-08, 1.18034622076e-08, 8.13593814541e-09, 5.4729261123e-09, 2.34262076404e-09, 2.53014031948e-09, 1.78718084776e-09, 1.12463260926e-09, 1.02705211003e-09, 1.07251807435e-09, 3.65188712603e-10, 8.56558268758e-10, 8.61237803296e-10, 7.46315287348e-10, 5.361839861e-10, 2.98504332363e-10, 7.22636006589e-10, 7.49219852825e-10, 1.10837512779e-10, 7.33752114623e-10, 6.33848029619e-10, 7.36285699077e-10, 5.87876969327e-10, 3.50467987964e-10, 4.80858242113e-10, 2.55816756667e-10, 5.50873568983e-10, 3.87453652495e-10, 2.59375770861e-10, 2.16300075073e-10],
        "var": [1.13949306524e-06, 3.4645836422e-06, 6.94123855283e-06, 2.13119596992e-06, 7.8974153439e-07, 7.99568482535e-08, 4.85198228262e-08, 5.48322560689e-08, 8.66645510911e-09, 7.00350444305e-09, 3.35749295033e-09, 1.82420869521e-08, 1.41815947874e-10, 4.69072905518e-11, 3.8698205751e-10, 1.11554550319e-10, 1.06202671657e-10, 4.88459793446e-12, 1.53993970353e-11, 1.35295819687e-11, 1.81421663716e-12, 2.18432173391e-12, 4.19434539184e-12, 3.44441207327e-12, 6.40208968738e-13, 1.73555871823e-13, 7.79463787352e-13, 2.04067296915e-12, 9.07837065071e-13, 2.45484774002e-12, 8.79196195014e-12, 2.81984314371e-11, 2.40210629165e-11, 2.61053782757e-11, 2.20438879824e-12, 5.34564688522e-13, 3.52239288084e-13, 2.92238347237e-13, 6.24633157698e-13, 1.55660477997e-12]
    },
    "mfcc": {
        "dmean": [41.017036438, 28.2104606628, 14.3911333084, 10.8720769882, 8.14649200439, 9.72249507904, 7.75910282135, 6.88029575348, 6.82421064377, 7.09308671951, 5.95860528946, 6.08923959732, 5.64226388931],
        "dmean2": [52.5211982727, 38.6025619507, 20.2788295746, 15.1668663025, 12.2556066513, 13.8848152161, 11.5651731491, 10.3145236969, 10.5481748581, 10.0785388947, 9.07761478424, 9.21983718872, 8.46299934387],
        "dvar": [1332.44604492, 760.274780273, 190.062484741, 93.5353317261, 50.6591110229, 91.0358963013, 42.4472160339, 37.3996009827, 36.1248474121, 33.0019569397, 25.4263572693, 24.9352760315, 20.5645141602],
        "dvar2": [2353.73583984, 1308.88061523, 342.225006104, 174.658325195, 103.146408081, 154.811035156, 89.7304229736, 80.5866241455, 77.4892196655, 61.969078064, 49.9317398071, 56.9104118347, 49.3782119751],
        "max": [-628.05267334, 243.565948486, 136.142684937, 115.597946167, 48.0269050598, 60.3418197632, 40.6410598755, 37.6427459717, 26.3755531311, 25.7813396454, 31.4824371338, 38.0719337463, 15.6691150665],
        "mean": [-802.877990723, 155.558395386, 63.4260635376, 30.7750225067, 8.37828636169, 7.95557165146, 3.08948945999, 3.12170410156, -5.79415225983, -10.8185157776, -4.86645793915, -0.887497246265, -5.98181772232],
        "median": [-791.485046387, 164.087860107, 62.7513122559, 28.8759536743, 9.69894695282, 9.83188056946, 4.24911022186, 2.68784809113, -5.13414382935, -10.1450157166, -4.68946647644, -1.48944473267, -5.11469650269],
        "min": [-1014.26159668, -42.29712677, -20.0668411255, -28.8379402161, -34.2428894043, -50.9065666199, -44.6474075317, -34.689781189, -36.8027763367, -49.3015327454, -44.1904602051, -35.0271224976, -35.2907485962],
        "var": [5085.85791016, 2280.88452148, 732.68963623, 505.495025635, 198.481582642, 298.89050293, 190.150436401, 136.831512451, 105.548439026, 189.988998413, 136.638641357, 123.694625854, 86.1401748657],
        "cov": [[5093.71875, -641.49041748, -484.30456543, -96.5368728638, -103.590927124, -178.788635254, -249.00289917, 27.3612098694, -12.8242368698, 121.470962524, 94.4704208374, -31.1348228455, -164.396713257], [-641.49041748, 2284.40966797, -421.722076416, -304.232421875, 88.1773376465, -239.531539917, 49.8317298889, 117.0260849, -114.882522583, -141.522201538, -38.8024673462, 27.9030017853, -90.9301223755], [-484.30456543, -421.722076416, 733.82208252, 128.721862793, -92.6365432739, 202.633865356, 38.9711685181, -55.9488639832, 22.6065425873, -80.5436935425, 27.3351135254, -29.6840820312, 78.2925949097], [-96.5368728638, -304.232421875, 128.721862793, 506.27633667, 123.829574585, -109.421424866, -54.028087616, 22.4204311371, 3.56073212624, -98.0163803101, -1.66454696655, -44.2446975708, 54.1888809204], [-103.590927124, 88.1773376465, -92.6365432739, 123.829574585, 198.788360596, -37.6688804626, -20.6174278259, 8.58674240112, 9.59121322632, -7.97277164459, -26.9182853699, 23.5923919678, -5.71040916443], [-178.788635254, -239.531539917, 202.633865356, -109.421424866, -37.6688804626, 299.352478027, 73.4126739502, -20.4695987701, 44.0328369141, 61.4627609253, 43.5290145874, 21.0941638947, 30.7763271332], [-249.00289917, 49.8317298889, 38.9711685181, -54.028087616, -20.6174278259, 73.4126739502, 190.444335938, 37.6281890869, 2.4447658062, 24.8306064606, 7.79055690765, 28.9963951111, 12.1493597031], [27.3612098694, 117.0260849, -55.9488639832, 22.4204311371, 8.58674240112, -20.4695987701, 37.6281890869, 137.042999268, 21.0938167572, -14.3089857101, 25.5130805969, -7.0498213768, -2.2477118969], [-12.8242368698, -114.882522583, 22.6065425873, 3.56073212624, 9.59121322632, 44.0328369141, 2.4447658062, 21.0938167572, 105.711578369, 62.8281784058, 15.5364542007, -18.589384079, 8.92830848694], [121.470962524, -141.522201538, -80.5436935425, -98.0163803101, -7.97277164459, 61.4627609253, 24.8306064606, -14.3089857101, 62.8281784058, 190.28263855, 19.9233169556, 15.3519296646, -15.3263874054], [94.4704208374, -38.8024673462, 27.3351135254, -1.66454696655, -26.9182853699, 43.5290145874, 7.79055690765, 25.5130805969, 15.5364542007, 19.9233169556, 136.849822998, -12.4736375809, 16.8223628998], [-31.1348228455, 27.9030017853, -29.6840820312, -44.2446975708, 23.5923919678, 21.0941638947, 28.9963951111, -7.0498213768, -18.589384079, 15.3519296646, -12.4736375809, 123.885810852, -0.817554950714], [-164.396713257, -90.9301223755, 78.2925949097, 54.1888809204, -5.71040916443, 30.7763271332, 12.1493597031, -2.2477118969, 8.92830848694, -15.3263874054, 16.8223628998, -0.817554950714, 86.2733078003]],
        "icov": [[0.000272356672212, 0.000140127784107, 0.000169816194102, 6.03699118074e-05, 0.00015418077237, 9.29238594836e-05, 0.000302631349768, -0.000166186131537, 0.000127463543322, -2.29648121604e-05, -0.00023355288431, -2.50243992923e-05, 0.000432791654021], [0.000140127784107, 0.000830153410789, 0.000135606256663, 0.00095055665588, -0.000725417979993, 0.000718121940736, -0.000169092614669, -0.000551300996449, 0.000369877059711, 0.000709643063601, -0.000297916354612, 0.000183669966646, 0.000274746038485], [0.000169816194102, 0.000135606256663, 0.00289362459444, -0.00121883733664, 0.00178407982457, -0.00203866627999, -0.000231137179071, 0.00122100056615, -0.000998810166493, 0.00176922394894, -2.05197557079e-05, 2.95353929687e-05, -6.22218576609e-05], [6.03699118074e-05, 0.00095055665588, -0.00121883733664, 0.00500192120671, -0.0037492075935, 0.00278372247703, 4.56902671431e-05, -0.00123023951892, 0.000256001832895, 0.00132011552341, -0.000746707140934, 0.00124226603657, -0.00183303956874], [0.00015418077237, -0.000725417979993, 0.00178407982457, -0.0037492075935, 0.00884963478893, -0.00196101749316, 0.000762233219575, 0.00081484374823, -0.00186440185644, -7.03273253748e-05, 0.00129674875643, -0.00232424447313, 0.00136985536665], [9.29238594836e-05, 0.000718121940736, -0.00203866627999, 0.00278372247703, -0.00196101749316, 0.00717795081437, -0.00154637836386, 4.54962246295e-05, -0.000934173585847, -0.000728866900317, -0.00168750528246, -0.000344213069184, -0.00114290672354], [0.000302631349768, -0.000169092614669, -0.000231137179071, 4.56902671431e-05, 0.000762233219575, -0.00154637836386, 0.00737935397774, -0.00289722112939, 0.00155227584764, -0.00155364582315, 0.000550422817469, -0.00122119125444, -0.000488614663482], [-0.000166186131537, -0.000551300996449, 0.00122100056615, -0.00123023951892, 0.00081484374823, 4.54962246295e-05, -0.00289722112939, 0.0105149773881, -0.00418918719515, 0.00241544703022, -0.00192112952936, -6.74255061313e-05, 0.000723188102711], [0.000127463543322, 0.000369877059711, -0.000998810166493, 0.000256001832895, -0.00186440185644, -0.000934173585847, 0.00155227584764, -0.00418918719515, 0.0154986586422, -0.00588870933279, 0.000371674454072, 0.00279652490281, -0.00143558124546], [-2.29648121604e-05, 0.000709643063601, 0.00176922394894, 0.00132011552341, -7.03273253748e-05, -0.000728866900317, -0.00155364582315, 0.00241544703022, -0.00588870933279, 0.010117133148, -0.00132988987025, -0.000893195334356, 0.00146409275476], [-0.00023355288431, -0.000297916354612, -2.05197557079e-05, -0.000746707140934, 0.00129674875643, -0.00168750528246, 0.000550422817469, -0.00192112952936, 0.000371674454072, -0.00132988987025, 0.00891933217645, 0.000646322499961, -0.00171892158687], [-2.50243992923e-05, 0.000183669966646, 2.95353929687e-05, 0.00124226603657, -0.00232424447313, -0.000344213069184, -0.00122119125444, -6.74255061313e-05, 0.00279652490281, -0.000893195334356, 0.000646322499961, 0.00984702445567, -0.00100280984771], [0.000432791654021, 0.000274746038485, -6.22218576609e-05, -0.00183303956874, 0.00136985536665, -0.00114290672354, -0.000488614663482, 0.000723188102711, -0.00143558124546, 0.00146409275476, -0.00171892158687, -0.00100280984771, 0.0152335166931]]
    }
}

}