{
"metadata": {
    "version": {
        "essentia": "2.0.1",
        "extractor": "archive-music 1.0 mod ismir14"
    },
    "audio_properties": {
        "analysis_sample_rate": 44100,
        "bitrate": 32,
        "channels": 2,
        "equal_loudness": 0,
        "length": 30.0408172607,
        "replay_gain": -12.2473373413,
        "downmix": "mix"
    },
    "tags": {
        "track": 6,
        "year": 0,
        "album": "Swing Classics (Jazz & Tzaz 70)",
        "artist": "Benny Carter",
        "comment": "",
        "genre": "Jazz",
        "title": "Babalu"
    }
},
"rhythm": {
    "bpm": 92.4404830933,
    "bpm_histogram_first_peak": 92,
    "bpm_histogram_first_peak_spread": 0.590909123421,
    "bpm_histogram_first_peak_weight": 0.40000000596,
    "bpm_histogram_second_peak": 99,
    "bpm_histogram_second_peak_spread": 0,
    "bpm_histogram_second_peak_weight": 0.0222222227603
},
"tonal": {
    "tuning_frequency": {
        "dmean": 0.0629094168544,
        "dmean2": 0.106809683144,
        "dvar": 0.649526298046,
        "dvar2": 1.15515387058,
        "max": 456.306610107,
        "mean": 441.603973389,
        "median": 441.017791748,
        "min": 435.700531006,
        "var": 28.2735671997
    },
    "hpcp": {
        "dmean": [0.0884242728353, 0.133305385709, 0.071077555418, 0.190756127238, 0.13140322268, 0.110322766006, 0.145296737552, 0.0642290860415, 0.199442252517, 0.10920727998, 0.190010473132, 0.200517296791],
        "dmean2": [0.159010574222, 0.225655138493, 0.128173798323, 0.333463877439, 0.224583372474, 0.188050732017, 0.238974511623, 0.112597569823, 0.33737000823, 0.194363638759, 0.330995082855, 0.338831841946],
        "dvar": [0.0303079318255, 0.0426307581365, 0.0298912022263, 0.0679776147008, 0.0489297248423, 0.0282106362283, 0.0439288876951, 0.0191544182599, 0.0589253529906, 0.0434802249074, 0.0571917556226, 0.0621132776141],
        "dvar2": [0.0768756195903, 0.109075337648, 0.0755499824882, 0.148831874132, 0.110041707754, 0.0673693716526, 0.0915255099535, 0.0509165115654, 0.1440538764, 0.114952348173, 0.144731640816, 0.140185177326],
        "max": [1, 1, 1, 1, 1, 1, 1, 1, 1, 1, 1, 1],
        "mean": [0.0845709368587, 0.225812986493, 0.0652951449156, 0.434117019176, 0.222515359521, 0.122447706759, 0.308456361294, 0.0589855983853, 0.376035392284, 0.0860987976193, 0.251888900995, 0.34393465519],
        "median": [0.0161170400679, 0.0700739622116, 0.00887167081237, 0.282500267029, 0.0385830849409, 0.0434136688709, 0.13297700882, 0.0164259038866, 0.252138257027, 0.0197068341076, 0.131057396531, 0.219241246581],
        "min": [0.000160694107763, 0.000278860592516, 5.02296425111e-05, 0.000275874801446, 7.88235774962e-05, 0.000413931207731, 0.000421449134592, 8.34726597532e-05, 0.00036808787263, 9.60212419159e-05, 0.000116283576062, 0.000229657336604],
        "var": [0.0310167744756, 0.0855544432998, 0.0314632616937, 0.157965674996, 0.113713055849, 0.0386309139431, 0.129856929183, 0.0169739834964, 0.122030325234, 0.0328521504998, 0.0864853411913, 0.12468650192]
    }
},
"lowlevel": {
    "melbands": {
        "dmean": [8.64245794219e-06, 3.96627401642e-05, 2.37470248976e-05, 5.18091910635e-05, 5.17371663591e-05, 8.08897602838e-05, 6.30742943031e-05, 0.000139888157719, 9.00702507352e-05, 6.65286570438e-05, 4.15587492171e-05, 3.46673186868e-05, 3.07475274894e-05, 2.46353283728e-05, 5.02071889059e-05, 3.95749193558e-05, 2.45226783591e-05, 1.62361720868e-05, 1.43383331306e-05, 1.57097529154e-05, 4.96410302731e-06, 6.96513279763e-06, 2.99174394058e-06, 2.73825185104e-06, 3.69436565961e-06, 1.17857246096e-06, 6.66959181217e-07, 8.32189641642e-07, 7.66360869875e-07, 7.7564931189e-07, 3.64123565078e-07, 1.98971463305e-07, 1.32443972234e-07, 5.39181250758e-08, 2.42858675392e-08, 1.86756690113e-08, 5.00096009048e-09, 9.5780172682e-10, 3.95654342622e-10, 2.14860282344e-10],
        "dmean2": [1.39879375638e-05, 6.66262567393e-05, 3.61652928405e-05, 7.8648175986e-05, 7.60993352742e-05, 0.000123841076856, 9.97996758088e-05, 0.000218377419515, 0.00013539007341, 0.000101240562799, 6.42954546493e-05, 5.29803000973e-05, 4.62631505798e-05, 3.70568304788e-05, 7.83594659879e-05, 6.33924864815e-05, 3.72537542717e-05, 2.3805665478e-05, 2.08759593079e-05, 2.46527051786e-05, 7.58532269174e-06, 1.06764355223e-05, 4.4584016905e-06, 4.00333010475e-06, 5.64264882996e-06, 1.76581318101e-06, 9.9483440863e-07, 1.28493434204e-06, 1.13731539386e-06, 1.15380771604e-06, 5.30847842128e-07, 2.78287501487e-07, 1.92786998809e-07, 7.86733025393e-08, 3.49204007932e-08, 2.68774691392e-08, 7.24546422859e-09, 1.55475721186e-09, 6.28525620439e-10, 3.42786882213e-10],
        "dvar": [9.99527613454e-11, 2.30306684834e-09, 1.41296341294e-09, 6.69964528299e-09, 4.64893012975e-09, 1.86775164224e-08, 8.30060908896e-09, 9.24124279322e-08, 2.47564315714e-08, 1.18134675375e-08, 6.28752738763e-09, 5.02309616124e-09, 3.76106124023e-09, 1.92709248559e-09, 9.02414498682e-09, 9.8404067117e-09, 3.37606675949e-09, 1.32717514756e-09, 1.1539399436e-09, 1.17157639146e-09, 6.47257872299e-11, 3.09271830368e-10, 2.51151044406e-11, 2.44100642477e-11, 5.80158143748e-11, 6.78923584019e-12, 1.93580069509e-12, 4.70630218824e-12, 2.29751981329e-12, 2.00166337498e-12, 5.80116467017e-13, 2.11887053584e-13, 1.35869844564e-13, 2.3428365503e-14, 3.39154766114e-15, 1.83294414599e-15, 9.3731488038e-17, 6.33182274363e-18, 8.82176025771e-19, 2.11181019842e-19],
        "dvar2": [2.22753801515e-10, 5.42264055881e-09, 3.35377259297e-09, 1.56652628647e-08, 9.40413702466e-09, 4.13823499912e-08, 1.80085013568e-08, 1.88375807397e-07, 4.93008087687e-08, 2.33928592053e-08, 1.41957521294e-08, 1.16835527919e-08, 7.8321802377e-09, 3.75944564368e-09, 2.00307148646e-08, 2.53386769344e-08, 7.96390597912e-09, 2.67940469811e-09, 2.6888036242e-09, 2.51356713221e-09, 1.42554745786e-10, 7.20400072929e-10, 5.37391277311e-11, 4.99723283587e-11, 1.16667481231e-10, 1.26616182816e-11, 4.05114700466e-12, 1.09662869063e-11, 4.32204098899e-12, 3.61765630473e-12, 9.5410452542e-13, 3.48461141669e-13, 2.45706395768e-13, 4.46271607179e-14, 6.61441718115e-15, 3.29658023291e-15, 1.83049405025e-16, 1.58780346061e-17, 2.16621769302e-18, 4.9647954222e-19],
        "max": [9.01625317056e-05, 0.000655690324493, 0.000599542167038, 0.00115447549615, 0.000774809450377, 0.00136778620072, 0.00117976253387, 0.00413533486426, 0.00184173090383, 0.00105592038017, 0.000802815076895, 0.000803284987342, 0.000846952199936, 0.000523193913978, 0.000832653371617, 0.00138304010034, 0.000728667888325, 0.000402044941438, 0.000354557385435, 0.000533760641702, 0.00011141027062, 0.000229666431551, 5.43046262464e-05, 6.01309839112e-05, 7.03690238879e-05, 3.86015490221e-05, 1.37207416628e-05, 2.12640334212e-05, 1.22269148051e-05, 1.29307600218e-05, 8.76597732713e-06, 6.05226705375e-06, 3.86418287235e-06, 1.60778961344e-06, 5.56390943984e-07, 4.73907675769e-07, 8.32595503653e-08, 2.44749429612e-08, 7.47454986794e-09, 4.18664836133e-09],
        "mean": [1.12039697342e-05, 5.36603802175e-05, 3.89090782846e-05, 8.3632847236e-05, 0.000103176258563, 0.000145858284668, 0.000139425857924, 0.000329339498421, 0.000180333678145, 0.000107045147161, 7.10756576154e-05, 5.74043478991e-05, 4.78134461446e-05, 3.58808647434e-05, 7.53581989557e-05, 6.11828509136e-05, 4.43284370704e-05, 2.20911369979e-05, 1.90459340956e-05, 2.46443250944e-05, 7.47866261008e-06, 1.05024300865e-05, 5.25910036231e-06, 4.20254082201e-06, 5.92394417254e-06, 1.9530937152e-06, 1.00748081877e-06, 1.11437009309e-06, 1.16546652862e-06, 1.22489780097e-06, 5.72744227156e-07, 2.77037628393e-07, 1.79973795866e-07, 7.22651165574e-08, 3.24585620604e-08, 2.96028446201e-08, 8.13605716132e-09, 1.14276166308e-09, 4.72124894735e-10, 2.79479855925e-10],
        "median": [6.59174065731e-06, 3.55194351869e-05, 2.56696494034e-05, 5.49880351173e-05, 7.55664150347e-05, 8.4975916252e-05, 5.27066877112e-05, 8.00567941042e-05, 5.06748474436e-05, 3.00362571579e-05, 1.96475957637e-05, 1.20345985124e-05, 1.40639349411e-05, 1.46698803292e-05, 1.68528531503e-05, 1.20222575788e-05, 6.01162855673e-06, 5.89362298342e-06, 2.75677803074e-06, 5.48221578356e-06, 2.98415534417e-06, 3.0675985272e-06, 2.05212745641e-06, 1.58619559443e-06, 1.17069237149e-06, 5.87772433391e-07, 3.13269651997e-07, 1.73210310095e-07, 3.11370456529e-07, 2.57574669149e-07, 9.62570112506e-08, 4.68669689724e-08, 1.64271796166e-08, 5.94895599448e-09, 3.44277317765e-09, 3.21852700047e-09, 1.40807765447e-09, 1.55242763089e-10, 1.1828851787e-10, 9.01812721721e-11],
        "min": [1.56071653379e-08, 2.70460756013e-08, 2.66536005711e-07, 7.24970021793e-08, 1.85669470909e-08, 3.71960702239e-08, 1.00633670286e-07, 5.45236424898e-08, 3.32477689824e-08, 1.23901831017e-08, 6.99092916889e-09, 4.80253481427e-09, 3.55482954184e-09, 3.63454311092e-09, 4.48578374446e-09, 2.75840172925e-09, 3.40848371749e-09, 1.50161949541e-09, 7.49243000975e-10, 6.30849705807e-10, 6.1377986027e-10, 6.151887888e-10, 6.00483218705e-10, 3.32607358322e-10, 1.6014981008e-10, 1.40050332442e-10, 1.03436252619e-10, 8.82722089868e-11, 9.39740438244e-11, 4.92414546638e-11, 5.94847920921e-11, 6.20030554677e-11, 4.24333693183e-11, 2.71295850368e-11, 2.88666764103e-11, 1.07057522569e-11, 5.55703703539e-12, 3.51797540751e-12, 2.79468373492e-14, 2.16978839681e-14],
        "var": [1.58024676677e-10, 3.28769877989e-09, 1.94932381348e-09, 9.80942171935e-09, 1.1355998808e-08, 3.25867333117e-08, 3.44822090881e-08, 3.30888781264e-07, 8.20399961299e-08, 2.61438941607e-08, 1.3278931732e-08, 9.41339273197e-09, 7.40750882855e-09, 3.54823148641e-09, 1.75941483604e-08, 1.86027548921e-08, 9.41966948886e-09, 2.32414532064e-09, 1.83146897648e-09, 3.09731928994e-09, 1.31982175189e-10, 4.66856553416e-10, 6.54809886869e-11, 4.47789444413e-11, 1.20615073484e-10, 1.9053965003e-11, 3.48772443218e-12, 8.2020744363e-12, 4.51758856018e-12, 4.66716769398e-12, 1.30623149016e-12, 4.29915136694e-13, 2.57577704825e-13, 4.32208014224e-14, 6.44598086794e-15, 4.87265486139e-15, 2.38505499115e-16, 8.10282139819e-18, 1.12398532065e-18, 3.0270522005e-19]
    },
    "mfcc": {
        "dmean": [40.181060791, 14.4569721222, 16.5177173615, 8.9793844223, 9.74123477936, 7.40422201157, 6.69092941284, 6.05070304871, 5.2351474762, 5.45292711258, 5.08513498306, 5.10623788834, 5.09288358688],
        "dmean2": [47.0292053223, 20.4825611115, 22.8897972107, 13.7847166061, 13.3802928925, 11.3056612015, 10.4294195175, 9.91383838654, 8.28459262848, 8.48373794556, 8.27491283417, 8.20696735382, 8.28096294403],
        "dvar": [2113.65869141, 202.268966675, 408.412780762, 68.111618042, 80.6334075928, 37.5381164551, 31.7511501312, 26.8183059692, 19.7200832367, 19.1927375793, 15.8585176468, 20.7438564301, 16.1088142395],
        "dvar2": [3328.48022461, 365.858032227, 677.544433594, 142.366912842, 135.295333862, 80.8724899292, 67.7061157227, 61.8181724548, 48.9701690674, 45.0756950378, 37.1608161926, 46.2253456116, 40.3649215698],
        "max": [-607.52154541, 232.570770264, 77.5981445312, 70.5379867554, 30.0206642151, 49.8145332336, 19.5364112854, 24.8873844147, 18.7584495544, 19.5607395172, 26.3124275208, 32.5336685181, 21.442741394],
        "mean": [-772.523925781, 175.906906128, -42.8092269897, 18.5574836731, -17.5705432892, -0.954493582249, -11.0744276047, -7.85615062714, -3.75897526741, -5.01368379593, 0.847899734974, 4.61539316177, -5.31875181198],
        "median": [-741.026000977, 183.433441162, -57.7409057617, 17.0297698975, -18.4191589355, -1.18169021606, -11.279624939, -7.86473083496, -3.56740951538, -4.63167572021, 1.11303710938, 2.78547859192, -5.2243270874],
        "min": [-1039.80297852, 59.978225708, -114.408233643, -30.2708816528, -63.6781272888, -27.7977867126, -55.1187438965, -31.944190979, -26.1832504272, -32.0929336548, -19.3084545135, -19.4217681885, -28.2479667664],
        "var": [10427.1347656, 881.697265625, 1773.15136719, 291.624816895, 427.648590088, 148.569763184, 144.807174683, 71.5421600342, 61.7236442566, 78.6269378662, 56.5704193115, 100.399795532, 44.3880996704],
        "cov": [[10443.2509766, 112.421646118, -4061.84594727, 322.680480957, -1697.52124023, 27.1546077728, -833.022094727, -16.9859352112, -245.624420166, -130.935501099, -27.5783786774, 314.78414917, -203.299362183], [112.421646118, 883.059997559, -32.5320930481, -274.977966309, -24.080247879, -243.056106567, 57.4258346558, -92.0069580078, 49.3391151428, -134.898529053, 5.90632295609, 28.4587345123, 2.52914261818], [-4061.84594727, -32.5320930481, 1775.89196777, -98.1674346924, 657.398010254, 44.5420646667, 308.130706787, 43.4391098022, 84.8766555786, 70.1554260254, -1.21010446548, -137.04901123, 73.912979126], [322.680480957, -274.977966309, -98.1674346924, 292.075561523, 37.3032646179, 97.4478607178, -33.2977180481, 5.85000419617, -32.5934677124, 14.9957723618, -15.695309639, -41.325252533, -19.7590484619], [-1697.52124023, -24.080247879, 657.398010254, 37.3032646179, 428.309539795, 41.3434371948, 146.813995361, 6.01633167267, 4.78400659561, 22.753786087, -8.20660972595, -98.3061676025, 19.8284397125], [27.1546077728, -243.056106567, 44.5420646667, 97.4478607178, 41.3434371948, 148.7993927, 5.7593755722, 50.2340202332, -21.9412269592, 40.2513504028, -6.60737276077, -32.9560966492, -3.56023979187], [-833.022094727, 57.4258346558, 308.130706787, -33.2977180481, 146.813995361, 5.7593755722, 145.030990601, 16.1992549896, 30.0374679565, -8.24859523773, -9.09707832336, -31.984457016, 15.8994483948], [-16.9859352112, -92.0069580078, 43.4391098022, 5.85000419617, 6.01633167267, 50.2340202332, 16.1992549896, 71.6527328491, 7.11226606369, 30.7473373413, 2.93843269348, 1.05667614937, 5.09239244461], [-245.624420166, 49.3391151428, 84.8766555786, -32.5934677124, 4.78400659561, -21.9412269592, 30.0374679565, 7.11226606369, 61.8190460205, 9.16906452179, 17.8644104004, 14.9735651016, 9.37514209747], [-130.935501099, -134.898529053, 70.1554260254, 14.9957723618, 22.753786087, 40.2513504028, -8.24859523773, 30.7473373413, 9.16906452179, 78.7484588623, 25.2798900604, 2.84172010422, 6.01135158539], [-27.5783786774, 5.90632295609, -1.21010446548, -15.695309639, -8.20660972595, -6.60737276077, -9.09707832336, 2.93843269348, 17.8644104004, 25.2798900604, 56.6578559875, 34.8761749268, 9.54660892487], [314.78414917, 28.4587345123, -137.04901123, -41.325252533, -98.3061676025, -32.9560966492, -31.984457016, 1.05667614937, 14.9735651016, 2.84172010422, 34.8761749268, 100.554969788, 7.02305412292], [-203.299362183, 2.52914261818, 73.912979126, -19.7590484619, 19.8284397125, -3.56023979187, 15.8994483948, 5.09239244461, 9.37514209747, 6.01135158539, 9.54660892487, 7.02305412292, 44.4567070007]],
        "icov": [[0.00669031310827, -0.00794542208314, 0.00986594986171, -0.00689721526578, 0.00937086436898, -0.0103285741061, 0.00831817928702, -0.00790659897029, 0.00768462941051, -0.00635173264891, 0.00592915574089, -0.00280251866207, 0.00291005638428], [-0.00794542208314, 0.012779626064, -0.0112852780148, 0.0102692898363, -0.0118435816839, 0.0152701027691, -0.0105028413236, 0.00972084049135, -0.010356076993, 0.0116496067494, -0.00902887806296, 0.00461624981835, -0.00276795192622], [0.00986594986171, -0.0112852780148, 0.0163885261863, -0.00912175979465, 0.0113933151588, -0.0151323564351, 0.0114140026271, -0.011563426815, 0.00962829403579, -0.00983962509781, 0.00923041813076, -0.00376136065461, 0.00331836985424], [-0.00689721526578, 0.0102692898363, -0.00912175979465, 0.0138254361227, -0.0118559394032, 0.00867628958076, -0.00731336232275, 0.00984812621027, -0.00959550961852, 0.00923222210258, -0.00665316497907, 0.00436106836423, -0.00182936154306], [0.00937086436898, -0.0118435816839, 0.0113933151588, -0.0118559394032, 0.0214083530009, -0.014359193854, 0.00759349111468, -0.00978426355869, 0.0149562656879, -0.0107116829604, 0.00575545383617, -0.000800243986305, 0.00420622993261], [-0.0103285741061, 0.0152701027691, -0.0151323564351, 0.00867628958076, -0.014359193854, 0.032952003181, -0.0148804392666, 0.00444371905178, -0.00782745145261, 0.00941014382988, -0.0114775765687, 0.00807109195739, -0.00366192124784], [0.00831817928702, -0.0105028413236, 0.0114140026271, -0.00731336232275, 0.00759349111468, -0.0148804392666, 0.0261169299483, -0.0134347397834, 0.00301439734176, -0.00307980854996, 0.00977145507932, -0.00342961843126, 0.00225334940478], [-0.00790659897029, 0.00972084049135, -0.011563426815, 0.00984812621027, -0.00978426355869, 0.00444371905178, -0.0134347397834, 0.0325890928507, -0.0116250347346, 0.00123905355576, -0.00382977770641, 0.000890771509148, -0.00435020402074], [0.00768462941051, -0.010356076993, 0.00962829403579, -0.00959550961852, 0.0149562656879, -0.00782745145261, 0.00301439734176, -0.0116250347346, 0.0346001386642, -0.0116345575079, 0.0010589202866, -0.00421834317967, 0.00312974001281], [-0.00635173264891, 0.0116496067494, -0.00983962509781, 0.00923222210258, -0.0107116829604, 0.00941014382988, -0.00307980854996, 0.00123905355576, -0.0116345575079, 0.0334341600537, -0.017277656123, 0.0055083646439, -0.00198319531046], [0.00592915574089, -0.00902887806296, 0.00923041813076, -0.00665316497907, 0.00575545383617, -0.0114775765687, 0.00977145507932, -0.00382977770641, 0.0010589202866, -0.017277656123, 0.0369790643454, -0.0135783916339, -0.000900876708329], [-0.00280251866207, 0.00461624981835, -0.00376136065461, 0.00436106836423, -0.000800243986305, 0.00807109195739, -0.00342961843126, 0.000890771509148, -0.00421834317967, 0.0055083646439, -0.0135783916339, 0.0202240180224, -0.00289310468361], [0.00291005638428, -0.00276795192622, 0.00331836985424, -0.00182936154306, 0.00420622993261, -0.00366192124784, 0.00225334940478, -0.00435020402074, 0.00312974001281, -0.00198319531046, -0.000900876708329, -0.00289310468361, 0.0274104978889]]
    }
}

}