{
"metadata": {
    "version": {
        "essentia": "2.0.1",
        "extractor": "archive-music 1.0 mod ismir14"
    },
    "audio_properties": {
        "analysis_sample_rate": 44100,
        "bitrate": 32,
        "channels": 2,
        "equal_loudness": 0,
        "length": 30.0408172607,
        "replay_gain": -9.58841705322,
        "downmix": "mix"
    },
    "tags": {
        "track": 0,
        "year": 0,
        "album": "",
        "artist": "",
        "comment": "",
        "genre": "",
        "title": ""
    }
},
"rhythm": {
    "bpm": 172.265594482,
    "bpm_histogram_first_peak": 172,
    "bpm_histogram_first_peak_spread": 0,
    "bpm_histogram_first_peak_weight": 0.529411792755,
    "bpm_histogram_second_peak": 178,
    "bpm_histogram_second_peak_spread": 0,
    "bpm_histogram_second_peak_weight": 0.258823543787
},
"tonal": {
    "tuning_frequency": {
        "dmean": 0.0124102933332,
        "dmean2": 0.0218502059579,
        "dvar": 0.0154346507043,
        "dvar2": 0.0293216165155,
        "max": 435.700531006,
        "mean": 434.235778809,
        "median": 434.193115234,
        "min": 434.193115234,
        "var": 0.0600890405476
    },
    "hpcp": {
        "dmean": [0.120904356241, 0.202568620443, 0.186923578382, 0.278553694487, 0.0478339530528, 0.148028865457, 0.159000381827, 0.28083434701, 0.0940067470074, 0.106233820319, 0.261270880699, 0.0852998942137],
        "dmean2": [0.214592292905, 0.376564741135, 0.322555750608, 0.489402294159, 0.0877850428224, 0.262400478125, 0.280613809824, 0.497405827045, 0.168945938349, 0.184786736965, 0.476032555103, 0.153542742133],
        "dvar": [0.046726718545, 0.0730525478721, 0.0553542822599, 0.110157415271, 0.0150323621929, 0.0749390274286, 0.083862118423, 0.118953481317, 0.0411482490599, 0.0427969619632, 0.095844656229, 0.022637013346],
        "dvar2": [0.120406463742, 0.15569151938, 0.14557646215, 0.251557141542, 0.0437888018787, 0.169020935893, 0.187769174576, 0.313966870308, 0.116136670113, 0.113447993994, 0.193022117019, 0.0657847076654],
        "max": [1, 1, 1, 1, 0.793807208538, 1, 1, 1, 1, 1, 1, 1],
        "mean": [0.100295364857, 0.239126771688, 0.171583011746, 0.396766841412, 0.0363647937775, 0.150005206466, 0.1829931885, 0.235046029091, 0.0676691755652, 0.0825219377875, 0.383528649807, 0.0691097080708],
        "median": [0.0291195120662, 0.105332523584, 0.0737862437963, 0.175857812166, 0.00645314482972, 0.0303318686783, 0.0109015041962, 0.0485740490258, 0.0120332697406, 0.0175589956343, 0.187936887145, 0.0223746411502],
        "min": [0.000858584127855, 0.00324033130892, 0.00100977288093, 0.000126640719827, 9.42629267229e-05, 0.000679924385622, 7.20051975804e-05, 0.000271637982223, 0.00034102977952, 0.000103810911241, 0.000203091432923, 0.000433541310485],
        "var": [0.0392363294959, 0.102372981608, 0.057709172368, 0.170773893595, 0.0100548462942, 0.0851301625371, 0.11503777653, 0.119779646397, 0.0296873692423, 0.0337563790381, 0.154052719474, 0.0167025122792]
    }
},
"lowlevel": {
    "melbands": {
        "dmean": [3.13942052799e-07, 1.42390199471e-05, 1.80986662599e-05, 0.000199014233658, 0.000155316258315, 8.01265996415e-05, 3.82136495318e-05, 3.28780370182e-05, 2.09375175473e-05, 1.55916350195e-05, 1.38650084409e-05, 8.96922938409e-06, 1.38056557262e-05, 5.22456048202e-06, 4.39952918896e-06, 3.18351771966e-06, 6.98383428244e-06, 2.83383792521e-06, 3.77844116883e-06, 8.64850164817e-07, 1.11181623197e-06, 9.61530872701e-07, 6.9012349968e-07, 1.0883950381e-06, 2.49212189374e-06, 2.99488669953e-06, 6.44363410629e-07, 3.67830125469e-07, 1.54775975147e-07, 1.09868658171e-07, 4.38294271987e-08, 6.66076038769e-09, 1.25863419687e-09, 2.97695867957e-10, 8.28936155828e-11, 3.73001768361e-11, 1.78822460312e-11, 6.39536080344e-12, 4.22531541006e-12, 2.80150382059e-12],
        "dmean2": [4.97914470543e-07, 2.46627259912e-05, 2.96169582725e-05, 0.000340011814842, 0.000264960544882, 0.000138011862873, 6.58011122141e-05, 5.5930329836e-05, 3.89723063563e-05, 2.93793546007e-05, 2.63784095296e-05, 1.7175982066e-05, 2.65267881332e-05, 9.87122712104e-06, 8.2633096099e-06, 5.96555855736e-06, 1.30128428282e-05, 5.00063697473e-06, 6.87476949679e-06, 1.51738697696e-06, 1.91650156012e-06, 1.71599583609e-06, 1.24342466279e-06, 1.91757976609e-06, 4.517753041e-06, 5.6430535551e-06, 1.15065552109e-06, 6.66718165121e-07, 2.91754929549e-07, 2.10010341561e-07, 8.65825882101e-08, 1.26375612197e-08, 2.45571851742e-09, 5.78317116418e-10, 1.55094631582e-10, 6.95803900608e-11, 3.24424376252e-11, 1.09636770149e-11, 6.25557505102e-12, 3.59887748942e-12],
        "dvar": [1.35821800855e-13, 1.55159818327e-09, 5.52253909269e-10, 2.78199991044e-07, 2.873020577e-08, 6.36416030986e-09, 1.94594695913e-09, 2.48081311049e-09, 3.06272163186e-09, 1.16768239522e-09, 1.20674603643e-09, 6.4779254183e-10, 1.78636971881e-09, 1.54179710665e-10, 1.73170575102e-10, 4.24401104537e-11, 6.59795218461e-10, 1.98969712234e-11, 5.60096170832e-11, 1.57406000127e-12, 2.34792480597e-12, 1.67721804327e-12, 1.95505829408e-12, 2.6806926904e-12, 3.40435631074e-11, 5.75007541581e-11, 8.37463399409e-13, 4.65772385938e-13, 1.36276677876e-13, 1.31696330273e-13, 3.37466836973e-14, 4.82270278739e-16, 4.38806841076e-17, 1.18562485534e-18, 3.04685451662e-20, 1.13892802176e-20, 2.90369980446e-21, 1.67938831064e-22, 2.67613956037e-22, 2.4547107219e-22],
        "dvar2": [3.26491085686e-13, 3.20114912356e-09, 1.34774325034e-09, 7.37372317872e-07, 7.88347378489e-08, 1.81441226488e-08, 5.26651922073e-09, 5.63413049548e-09, 8.71911698397e-09, 3.54925866475e-09, 3.69194941285e-09, 1.94235005857e-09, 5.28260946098e-09, 4.5370621149e-10, 5.18787623971e-10, 1.1961613644e-10, 1.97330374263e-09, 5.60619051182e-11, 1.6161481875e-10, 4.51907348348e-12, 6.49796579391e-12, 4.8037390038e-12, 5.69992794283e-12, 7.62243740349e-12, 1.00434452421e-10, 1.71617012268e-10, 2.19964910002e-12, 1.3199464308e-12, 3.84712091827e-13, 3.75270859309e-13, 1.01102719946e-13, 1.4032481435e-15, 1.30617536195e-16, 3.70711744864e-18, 8.91045353567e-20, 3.36046453623e-20, 8.46552067744e-21, 3.31792473355e-22, 3.08114251616e-22, 2.35812688407e-22],
        "max": [2.45734713644e-06, 0.000395995535655, 0.000191321392776, 0.00522242346779, 0.00114182650577, 0.000479740323499, 0.00022293816437, 0.000378720927984, 0.000372354756109, 0.000203409814276, 0.000190478094737, 0.000151038955664, 0.000316746620229, 8.32039950183e-05, 9.22233448364e-05, 5.80725027248e-05, 0.000234770093812, 3.24766879203e-05, 7.03510886524e-05, 1.15499778985e-05, 9.97893130261e-06, 6.98596522852e-06, 9.04529770196e-06, 8.91178297024e-06, 3.87898617191e-05, 6.03614753345e-05, 4.45893647338e-06, 3.84688109989e-06, 2.58783734353e-06, 3.07210962092e-06, 1.66368192822e-06, 1.96937904207e-07, 6.02875900313e-08, 7.77875719393e-09, 1.26818555657e-09, 9.50369449804e-10, 4.89828400063e-10, 1.3864079329e-10, 1.72044434255e-10, 1.69163294483e-10],
        "mean": [4.57518609664e-07, 1.91261951841e-05, 2.6189847631e-05, 0.00022361727315, 0.000206813565455, 9.82788405963e-05, 3.79339471692e-05, 3.72075082851e-05, 1.63870718097e-05, 1.10925238914e-05, 1.03481188489e-05, 5.76731281399e-06, 9.83848894975e-06, 3.59677710549e-06, 3.22991695612e-06, 2.44691250373e-06, 5.30189845449e-06, 2.51253959505e-06, 3.52238521373e-06, 9.5708844583e-07, 1.10877113002e-06, 9.54967504185e-07, 6.4447948489e-07, 8.86138707301e-07, 1.93775531443e-06, 2.17414549297e-06, 5.56243833216e-07, 2.83405057644e-07, 1.03851718336e-07, 6.70720723406e-08, 2.70945754721e-08, 4.35502212071e-09, 7.77267750163e-10, 2.13834103202e-10, 8.31260546508e-11, 3.956318953e-11, 2.03972446572e-11, 9.73505217411e-12, 6.4462966215e-12, 4.44887269385e-12],
        "median": [3.45716671291e-07, 1.05086201074e-05, 1.5633271687e-05, 8.43553207233e-05, 0.000130324304337, 7.06598439137e-05, 2.06022596103e-05, 1.46302581925e-05, 3.30028137796e-06, 1.43738407132e-06, 1.13833402793e-06, 5.87313536471e-07, 9.87746489045e-07, 8.71946269854e-07, 5.78231492909e-07, 8.22337369755e-07, 1.63919639817e-06, 1.21242862861e-06, 1.7477327674e-06, 4.86893441121e-07, 5.4404409866e-07, 5.34240086836e-07, 2.26611817311e-07, 2.7921745982e-07, 5.49471963041e-07, 6.28324812624e-07, 2.19962103643e-07, 7.37422354291e-08, 1.86117610212e-08, 7.52375584057e-09, 3.14334136498e-09, 5.50894885265e-10, 1.42094988553e-10, 7.41928948833e-11, 4.13051884363e-11, 2.19178477451e-11, 1.16911974893e-11, 6.64451870261e-12, 3.73127874084e-12, 2.26625294052e-12],
        "min": [3.07997289895e-08, 1.07192386167e-06, 7.12079895493e-07, 1.65351400483e-06, 2.41050929617e-06, 2.58506076989e-07, 2.34944806721e-07, 2.68965266059e-07, 1.45863722878e-07, 3.57947378404e-08, 2.91676212072e-08, 1.36224782565e-08, 3.63988839069e-08, 9.18117315507e-09, 8.39507752204e-09, 2.52360035091e-08, 2.45790801046e-08, 3.43454935603e-08, 3.16616812768e-08, 4.0069378926e-09, 3.17450377096e-09, 1.25283849961e-09, 3.95106614093e-10, 5.03216190939e-10, 6.59558796468e-10, 4.34308311537e-10, 2.16205234271e-10, 1.26264873557e-10, 1.09792647196e-10, 9.28817994739e-11, 4.41980098354e-11, 2.16739213382e-11, 6.61138071373e-12, 4.95284932858e-12, 3.99707307183e-12, 2.4066820585e-12, 2.44693588308e-12, 2.26490159093e-12, 1.76267420798e-12, 1.20225834496e-12],
        "var": [1.48132347317e-13, 1.75688275039e-09, 9.22434406636e-10, 2.21738062578e-07, 4.8584954726e-08, 9.13740016983e-09, 2.16376538908e-09, 3.67600816453e-09, 2.28597629714e-09, 7.56305462701e-10, 8.55710557968e-10, 4.03088756817e-10, 1.11114117907e-09, 9.44884934184e-11, 1.10919544383e-10, 3.01552185999e-11, 3.61234514523e-10, 1.63492431399e-11, 4.28440234679e-11, 1.88951220122e-12, 2.2881709548e-12, 1.59597161875e-12, 1.51858874867e-12, 2.30666679334e-12, 2.04221240613e-11, 3.42206540882e-11, 7.719921165e-13, 3.22817700306e-13, 8.45522585865e-14, 7.91323590313e-14, 1.96315047416e-14, 3.07755683569e-16, 2.29051423592e-17, 6.27069337258e-19, 2.19511245599e-20, 6.71589191412e-21, 1.67527580835e-21, 1.72406118816e-22, 2.85355223225e-22, 2.65984106298e-22]
    },
    "mfcc": {
        "dmean": [36.5361289978, 14.3702259064, 24.1883144379, 16.5178699493, 12.7539844513, 9.45719051361, 8.73210430145, 11.3799629211, 7.29756164551, 7.37933778763, 8.15571975708, 7.95458173752, 7.16562700272],
        "dmean2": [63.8990974426, 21.6748828888, 40.6408157349, 25.5827045441, 21.0315170288, 16.0731544495, 14.4912748337, 19.2960700989, 12.1075391769, 12.2112722397, 13.5241975784, 12.3159971237, 11.7795944214],
        "dvar": [946.076782227, 161.50894165, 428.823242188, 238.803192139, 103.227394104, 74.4435882568, 51.8704681396, 83.1980895996, 30.3955802917, 37.7408790588, 37.0317840576, 32.2381324768, 29.6219806671],
        "dvar2": [2722.94970703, 384.411804199, 1096.05322266, 578.789978027, 301.376586914, 185.856079102, 130.02772522, 190.780334473, 80.1391143799, 80.8298797607, 93.6346664429, 100.930213928, 72.3751831055],
        "max": [-757.893249512, 217.175445557, 71.9335632324, 110.974830627, 42.7785682678, 4.98288726807, 26.4598617554, 22.7642917633, -4.881980896, 24.5079288483, 6.56568527222, 4.00023651123, 11.9780502319],
        "mean": [-842.954101562, 179.198501587, -36.5222930908, 29.769525528, 10.1060371399, -28.6406764984, -5.7272400856, -28.9319610596, -27.6037464142, -4.70220661163, -12.2377576828, -15.3659877777, -6.84910440445],
        "median": [-840.413269043, 179.186126709, -39.0600547791, 28.9359474182, 12.4447479248, -27.9530296326, -6.06283569336, -32.3891677856, -27.6037368774, -3.88088989258, -12.1047344208, -15.3210067749, -5.8198928833],
        "min": [-980.027832031, 113.618293762, -101.643264771, -19.2070732117, -37.6222496033, -68.4132995605, -30.7846908569, -56.6797103882, -56.8973770142, -37.1282119751, -38.2446479797, -40.9911308289, -28.2417564392],
        "var": [1528.46911621, 314.553405762, 874.263916016, 408.707824707, 268.304626465, 162.313873291, 92.4076385498, 225.09274292, 70.3065338135, 147.71421814, 76.0157241821, 64.8859481812, 70.5966415405],
        "cov": [[1537.9041748, -33.642578125, -1047.00488281, 267.244750977, -282.495269775, -224.185577393, 231.509567261, -48.5875701904, 37.194644928, -91.9765472412, -36.7936096191, 76.3400192261, -117.701011658], [-33.642578125, 316.495117188, 174.669952393, -264.826812744, -32.3298797607, -53.6386604309, -10.1128826141, 164.827590942, -12.7400159836, -49.3742790222, -6.24751663208, -20.1265258789, 1.12076830864], [-1047.00488281, 174.669952393, 879.660583496, -234.114608765, 136.269393921, 138.1015625, -171.644287109, 93.6376037598, -16.7446117401, 1.53573763371, 16.8142204285, -57.6862449646, 50.6917419434], [267.244750977, -264.826812744, -234.114608765, 411.230712891, 74.1994781494, 23.1636981964, 17.1850471497, -211.654495239, -8.47561836243, 37.206451416, -20.6167030334, 15.1767578125, -23.5394973755], [-282.495269775, -32.3298797607, 136.269393921, 74.1994781494, 269.96081543, 113.749832153, -75.301940918, -106.568191528, -51.1179580688, 98.2448959351, 4.33621788025, -27.8963947296, 58.9085998535], [-224.185577393, -53.6386604309, 138.1015625, 23.1636981964, 113.749832153, 163.315795898, -30.3431587219, -97.0275878906, -0.351820170879, 54.717086792, 25.8971385956, 7.27389478683, 21.5450534821], [231.509567261, -10.1128826141, -171.644287109, 17.1850471497, -75.301940918, -30.3431587219, 92.9780578613, 21.4697875977, -5.05846786499, -12.720913887, -1.64613926411, 18.891336441, -15.8542871475], [-48.5875701904, 164.827590942, 93.6376037598, -211.654495239, -106.568191528, -97.0275878906, 21.4697875977, 226.482208252, 24.7989215851, -101.652282715, -12.4039478302, -2.74944853783, -7.7048406601], [37.194644928, -12.7400159836, -16.7446117401, -8.47561836243, -51.1179580688, -0.351820170879, -5.05846786499, 24.7989215851, 70.740524292, -16.4923973083, -17.4000377655, 15.4891901016, -9.14688491821], [-91.9765472412, -49.3742790222, 1.53573763371, 37.206451416, 98.2448959351, 54.717086792, -12.720913887, -101.652282715, -16.4923973083, 148.626037598, 38.5513343811, -30.9502372742, 35.9208068848], [-36.7936096191, -6.24751663208, 16.8142204285, -20.6167030334, 4.33621788025, 25.8971385956, -1.64613926411, -12.4039478302, -17.4000377655, 38.5513343811, 76.4849624634, 12.342010498, -2.86250400543], [76.3400192261, -20.1265258789, -57.6862449646, 15.1767578125, -27.8963947296, 7.27389478683, 18.891336441, -2.74944853783, 15.4891901016, -30.9502372742, 12.342010498, 65.2864837646, 5.94922637939], [-117.701011658, 1.12076830864, 50.6917419434, -23.5394973755, 58.9085998535, 21.5450534821, -15.8542871475, -7.7048406601, -9.14688491821, 35.9208068848, -2.86250400543, 5.94922637939, 71.0324172974]],
        "icov": [[103.890052795, -144.231185913, 136.762832642, -124.237815857, 108.960426331, -91.7975082397, 73.1098403931, -55.404384613, 39.6766014099, -25.6844482422, 15.4523925781, -7.68947935104, 2.80397987366], [-144.231185913, 200.248123169, -189.875274658, 172.496841431, -151.289749146, 127.468643188, -101.528038025, 76.9459686279, -55.1081428528, 35.6821937561, -21.4695968628, 10.6883935928, -3.89521026611], [136.762832642, -189.875274658, 180.056182861, -163.579925537, 143.485015869, -120.91002655, 96.3257598877, -73.0171890259, 52.3074378967, -33.8799934387, 20.3959445953, -10.1626729965, 3.70775270462], [-124.237815857, 172.496841431, -163.579925537, 148.640151978, -130.39503479, 109.90184021, -87.5816802979, 66.4159851074, -47.592754364, 30.8502082825, -18.5814533234, 9.27484607697, -3.38309454918], [108.960426331, -151.289749146, 143.485015869, -130.39503479, 114.426574707, -96.4671936035, 76.9134063721, -58.3438301086, 41.8399581909, -27.1445560455, 16.3692035675, -8.18738555908, 2.98818874359], [-91.7975082397, 127.468643188, -120.91002655, 109.90184021, -96.4671936035, 81.373916626, -64.9116744995, 49.2761917114, -35.3584823608, 22.9671077728, -13.8699960709, 6.95580482483, -2.54492163658], [73.1098403931, -101.528038025, 96.3257598877, -87.5816802979, 76.9134063721, -64.9116744995, 51.8543281555, -39.3865089417, 28.2983989716, -18.4189834595, 11.1457109451, -5.62255096436, 2.06208181381], [-55.404384613, 76.9459686279, -73.0171890259, 66.4159851074, -58.3438301086, 49.2761917114, -39.3865089417, 29.9655513763, -21.5429782867, 14.0545148849, -8.51890468597, 4.31738853455, -1.58891391754], [39.6766014099, -55.1081428528, 52.3074378967, -47.592754364, 41.8399581909, -35.3584823608, 28.2983989716, -21.5429782867, 15.5326986313, -10.1445035934, 6.17075872421, -3.1461725235, 1.16092562675], [-25.6844482422, 35.6821937561, -33.8799934387, 30.8502082825, -27.1445560455, 22.9671077728, -18.4189834595, 14.0545148849, -10.1445035934, 6.67448997498, -4.07244205475, 2.10198235512, -0.783596694469], [15.4523925781, -21.4695968628, 20.3959445953, -18.5814533234, 16.3692035675, -13.8699960709, 11.1457109451, -8.51890468597, 6.17075872421, -4.07244205475, 2.5122897625, -1.30451655388, 0.490127295256], [-7.68947935104, 10.6883935928, -10.1626729965, 9.27484607697, -8.18738555908, 6.95580482483, -5.62255096436, 4.31738853455, -3.1461725235, 2.10198235512, -1.30451655388, 0.715646207333, -0.271098136902], [2.80397987366, -3.89521026611, 3.70775270462, -3.38309454918, 2.98818874359, -2.54492163658, 2.06208181381, -1.58891391754, 1.16092562675, -0.783596694469, 0.490127295256, -0.271098136902, 0.124466389418]]
    }
}

}