{
"metadata": {
    "version": {
        "essentia": "2.0.1",
        "extractor": "archive-music 1.0 mod ismir14"
    },
    "audio_properties": {
        "analysis_sample_rate": 44100,
        "bitrate": 32,
        "channels": 2,
        "equal_loudness": 0,
        "length": 30.0408172607,
        "replay_gain": -14.3957881927,
        "downmix": "mix"
    },
    "tags": {
        "track": 0,
        "year": 0,
        "album": "",
        "artist": "",
        "comment": "",
        "genre": "",
        "title": ""
    }
},
"rhythm": {
    "bpm": 109.315917969,
    "bpm_histogram_first_peak": 110,
    "bpm_histogram_first_peak_spread": 0.433962225914,
    "bpm_histogram_first_peak_weight": 0.566037714481,
    "bpm_histogram_second_peak": 0,
    "bpm_histogram_second_peak_spread": 0,
    "bpm_histogram_second_peak_weight": 0
},
"tonal": {
    "tuning_frequency": {
        "dmean": 0.198816552758,
        "dmean2": 0.371490478516,
        "dvar": 0.679026722908,
        "dvar2": 1.55495691299,
        "max": 446.142181396,
        "mean": 441.111541748,
        "median": 439.745910645,
        "min": 439.745910645,
        "var": 2.66974020004
    },
    "hpcp": {
        "dmean": [0.109657324851, 0.0918557867408, 0.0414535216987, 0.151535838842, 0.0393075756729, 0.140398651361, 0.0357224345207, 0.0996074303985, 0.129642799497, 0.0313729792833, 0.171391397715, 0.0686643719673],
        "dmean2": [0.206004247069, 0.163106769323, 0.0768570005894, 0.256625711918, 0.06819126755, 0.232077538967, 0.0637957602739, 0.165615752339, 0.23249669373, 0.0603041313589, 0.287666499615, 0.129978299141],
        "dvar": [0.0397966206074, 0.0546757020056, 0.00437672110274, 0.0675045996904, 0.0103002171963, 0.0452171973884, 0.00880389660597, 0.0321401208639, 0.0364575795829, 0.00380111625418, 0.0681745707989, 0.0226128101349],
        "dvar2": [0.0972365736961, 0.10598385334, 0.0111830709502, 0.156824976206, 0.0276412256062, 0.0985027477145, 0.0244653914124, 0.082813449204, 0.0782210752368, 0.010858764872, 0.144730418921, 0.0627270117402],
        "max": [1, 1, 0.47519031167, 1, 1, 1, 0.854595661163, 1, 1, 0.496806383133, 1, 0.932676970959],
        "mean": [0.160547494888, 0.248272240162, 0.0327680148184, 0.462736129761, 0.0320769362152, 0.252510339022, 0.0288131870329, 0.101760104299, 0.230726957321, 0.0239844489843, 0.222172364593, 0.046299777925],
        "median": [0.0398511439562, 0.018945408985, 0.0113898441195, 0.292336761951, 0.00966223422438, 0.0711527466774, 0.0102070644498, 0.0230723135173, 0.105149306357, 0.00993722304702, 0.0831710621715, 0.0110048586503],
        "min": [0.000113243186206, 0.000333720294293, 0.000244644732447, 0.000861698761582, 0.000311446608976, 0.000556568498723, 0.000147562648635, 0.000940718629863, 0.000620916718617, 0.000373578601284, 0.000622334599029, 0.000534021761268],
        "var": [0.0762857869267, 0.165341898799, 0.00347101036459, 0.193644195795, 0.00792817771435, 0.123557053506, 0.00555341597646, 0.0372295454144, 0.0940866246819, 0.00221411371604, 0.0994329974055, 0.0140860779211]
    }
},
"lowlevel": {
    "melbands": {
        "dmean": [0.000141782933497, 0.000268363073701, 0.000169888910023, 0.000107176936581, 4.39588802692e-05, 5.77379869355e-05, 2.57830597548e-05, 3.85731764254e-05, 5.72986791667e-05, 4.31175758422e-05, 9.96554990706e-06, 1.08788290163e-05, 7.68610152591e-06, 7.47734839024e-06, 6.29985743217e-06, 6.90137039783e-06, 6.30559497949e-06, 6.94291065884e-06, 3.77699348064e-06, 5.46486126041e-06, 2.3752368179e-06, 1.6032036001e-06, 1.80789811566e-06, 1.14173258225e-06, 6.72875330565e-07, 4.83092662762e-07, 3.05709704662e-07, 2.29415277886e-07, 2.50194233331e-07, 1.883504126e-07, 1.57311305315e-07, 1.68262857869e-07, 1.59081295692e-07, 1.26768455289e-07, 1.07126190585e-07, 9.36347248626e-08, 7.79960345199e-08, 5.2096670089e-08, 3.92380812286e-08, 3.33488046067e-08],
        "dmean2": [0.000262387067778, 0.000450014515081, 0.000278561492451, 0.000182381729246, 6.95147755323e-05, 0.000100484568975, 4.39552750322e-05, 6.4518149884e-05, 9.56043368205e-05, 7.012628339e-05, 1.8095557607e-05, 2.013402991e-05, 1.39486455737e-05, 1.3594540178e-05, 1.09366874312e-05, 1.22203791761e-05, 1.11787094283e-05, 1.22221845231e-05, 6.60008572595e-06, 7.88017950981e-06, 3.98816746383e-06, 2.82976679955e-06, 2.76709192804e-06, 1.75556749582e-06, 1.19567880574e-06, 8.75924683896e-07, 5.61415674838e-07, 4.25191188924e-07, 4.50274001196e-07, 3.39972160646e-07, 2.86946601591e-07, 3.12603333441e-07, 2.95173720133e-07, 2.37008379145e-07, 1.99940515699e-07, 1.80029687158e-07, 1.51613079424e-07, 1.00567213224e-07, 7.4934298766e-08, 6.36900168161e-08],
        "dvar": [4.29295887727e-08, 8.45133314442e-08, 3.62392782449e-08, 1.12300906352e-08, 1.48559797797e-09, 7.37736627343e-09, 1.11556686111e-09, 4.26636326267e-09, 1.0612704493e-08, 7.36446859051e-09, 5.98907978766e-10, 1.02802233393e-09, 3.79856618382e-10, 1.66699168358e-10, 1.52205262283e-10, 1.96085231385e-10, 1.35808239654e-10, 2.18879261937e-10, 4.42652858812e-11, 2.20817752972e-10, 1.55069082575e-11, 4.95036997505e-12, 1.04478222948e-11, 3.0904734067e-12, 8.70091542218e-13, 3.66734068244e-13, 1.03072335823e-13, 7.07842326962e-14, 9.01437941219e-14, 5.23704885881e-14, 4.17364303925e-14, 6.43897099268e-14, 6.54932651081e-14, 6.06369609472e-14, 7.62516406353e-14, 1.03886429353e-13, 9.09370506414e-14, 3.24634694398e-14, 1.48502172066e-14, 1.4282860986e-14],
        "dvar2": [1.16236776648e-07, 2.14497148932e-07, 8.56447712749e-08, 3.05789704669e-08, 3.62443208779e-09, 1.97737577423e-08, 2.3274251415e-09, 1.08569899737e-08, 3.17163042496e-08, 1.79192181093e-08, 1.78986336863e-09, 3.00141267395e-09, 1.08411701838e-09, 4.77390293963e-10, 4.31038843507e-10, 5.21036158663e-10, 3.44404782471e-10, 5.96286298116e-10, 1.20528712011e-10, 3.10688585969e-10, 3.39818763406e-11, 1.5231154879e-11, 1.9079278088e-11, 5.4930513263e-12, 2.18061202775e-12, 9.95352563392e-13, 2.8196664296e-13, 1.75837006088e-13, 2.25494468475e-13, 1.27856818015e-13, 1.09631515021e-13, 1.75416281435e-13, 1.81311725616e-13, 1.73988671777e-13, 2.23539055647e-13, 3.07728343675e-13, 2.69863856739e-13, 9.5801086519e-14, 4.37377388539e-14, 4.20208166223e-14],
        "max": [0.000919173646253, 0.00186163198669, 0.00175884773489, 0.000647840031888, 0.000260234955931, 0.000452973734355, 0.000175593668246, 0.000429479550803, 0.000771750637796, 0.000673508795444, 0.000177802881808, 0.000279385916656, 0.000154883979121, 8.26084578875e-05, 9.64237769949e-05, 9.55732029979e-05, 7.93141007307e-05, 0.000125666949316, 4.06088365708e-05, 0.000204968586331, 4.47546954092e-05, 1.25828746604e-05, 2.68280491582e-05, 1.72293857759e-05, 5.3609992392e-06, 3.98832116844e-06, 1.4321336721e-06, 1.30103478568e-06, 1.94439030565e-06, 1.03202285118e-06, 9.95974005491e-07, 1.5100976043e-06, 1.70215366779e-06, 1.94304971046e-06, 2.43496674557e-06, 2.94091387332e-06, 2.75888646684e-06, 1.64638629485e-06, 1.10761322958e-06, 1.11370786726e-06],
        "mean": [0.000150905718328, 0.000658373406623, 0.00047290022485, 0.000175147579284, 7.33813867555e-05, 6.73931281199e-05, 3.42303828802e-05, 4.18771123805e-05, 5.96452009631e-05, 4.29347164754e-05, 9.00697705219e-06, 9.74235354079e-06, 6.31577040622e-06, 6.25428265266e-06, 5.84482904742e-06, 6.53706365483e-06, 6.17559999228e-06, 6.17466776021e-06, 3.44098089045e-06, 6.5983604145e-06, 2.83559779746e-06, 1.97142230718e-06, 2.60543652075e-06, 1.54241729433e-06, 7.88131842455e-07, 5.02011857861e-07, 2.82475554059e-07, 1.96264267061e-07, 2.16628805561e-07, 1.57034165227e-07, 1.26344573914e-07, 1.29591455789e-07, 1.19683988942e-07, 9.31161352469e-08, 8.04008948307e-08, 6.52107559063e-08, 5.21941778686e-08, 3.48903910208e-08, 2.69093813898e-08, 2.33391652671e-08],
        "median": [0.00010381982429, 0.000670890090987, 0.00045781119843, 0.000146963007865, 5.72968638153e-05, 2.58236213995e-05, 1.96798664547e-05, 2.00552185561e-05, 2.28185253945e-05, 1.03939755718e-05, 3.78497179554e-06, 4.42113059762e-06, 2.44304692387e-06, 1.89932154626e-06, 2.22237304115e-06, 2.02119804271e-06, 2.03505123864e-06, 1.64668347225e-06, 1.11407041459e-06, 1.00608281173e-06, 1.14051931632e-06, 1.02238391264e-06, 7.36016772862e-07, 5.05920070282e-07, 4.08279845487e-07, 2.64951893314e-07, 1.53751258836e-07, 9.68867368556e-08, 9.68320819084e-08, 5.16775315873e-08, 4.4297532753e-08, 4.10737079903e-08, 4.2564376912e-08, 3.06253049587e-08, 2.61044110772e-08, 2.06110595258e-08, 1.3739568594e-08, 1.00073380693e-08, 9.08178865444e-09, 7.11230629946e-09],
        "min": [1.15499028652e-06, 1.39336020766e-06, 2.32004299505e-06, 7.62186800785e-06, 5.13566419613e-06, 8.16188219233e-07, 7.00371629136e-07, 2.07761114979e-08, 3.33043686851e-07, 8.13491567442e-08, 2.2482421258e-08, 1.35451756478e-08, 2.77158704876e-08, 1.3609642302e-08, 1.11633271516e-08, 5.01264008079e-09, 7.84435361112e-09, 8.89564955031e-09, 7.6632309387e-09, 9.24225762589e-09, 5.56211121605e-09, 4.60179938599e-09, 4.91610530062e-09, 3.98638988486e-09, 2.37616215593e-09, 1.81682735523e-09, 6.6934013887e-10, 3.63069657672e-10, 2.65976796143e-10, 1.98428440346e-10, 6.35954275352e-11, 2.69271341335e-11, 9.72420841766e-12, 4.01029816993e-12, 2.59964922852e-12, 1.73025471988e-12, 2.02656901677e-12, 1.50448848258e-12, 1.06573734213e-12, 8.72887862251e-13],
        "var": [3.1441160786e-08, 1.74221028715e-07, 6.86018140073e-08, 1.52490766681e-08, 3.22369220207e-09, 8.44610870132e-09, 1.51696510908e-09, 4.44489778317e-09, 9.51267775662e-09, 9.37837985049e-09, 3.97422372789e-10, 6.2206340079e-10, 2.45805820143e-10, 1.34092487114e-10, 1.22783463952e-10, 1.59098581531e-10, 1.36478134349e-10, 1.70128425236e-10, 3.7016504445e-11, 5.15547715629e-10, 2.50096714172e-11, 6.52565328163e-12, 2.71660263729e-11, 8.48451083696e-12, 1.13164143854e-12, 4.15436890618e-13, 1.03247732629e-13, 6.04350486213e-14, 8.42077262412e-14, 4.92665092478e-14, 3.30178253987e-14, 4.50373313404e-14, 4.38310818847e-14, 3.72631375897e-14, 4.3692598774e-14, 5.5690925504e-14, 4.79701320983e-14, 1.74849995864e-14, 8.16110315449e-15, 7.87980351271e-15]
    },
    "mfcc": {
        "dmean": [44.6617507935, 24.2626342773, 18.8365592957, 11.0970678329, 9.83324718475, 8.28241062164, 8.03425216675, 6.77704906464, 6.15708732605, 6.80568647385, 5.6464600563, 5.62747621536, 5.02502059937],
        "dmean2": [72.3746109009, 40.0976028442, 29.838596344, 17.9613876343, 15.353386879, 13.556178093, 11.887260437, 10.9270944595, 10.4385232925, 10.6603126526, 9.17102050781, 8.9358253479, 7.7361946106],
        "dvar": [1367.61242676, 391.678283691, 240.428527832, 94.6893692017, 75.3917007446, 44.782951355, 44.7352371216, 28.4600582123, 24.6596031189, 38.2233543396, 24.2167282104, 19.127822876, 18.8593120575],
        "dvar2": [3528.828125, 1066.00976562, 668.57409668, 210.923477173, 183.208465576, 103.5364151, 113.76927948, 72.5552978516, 74.258972168, 67.8809127808, 62.9955368042, 51.4557571411, 45.6731262207],
        "max": [-666.581542969, 225.954467773, 97.48802948, 72.533203125, 43.8420753479, 36.7197799683, 25.3967895508, 26.0141277313, 18.0852928162, 29.4535808563, 20.1733474731, 21.035987854, 8.43280029297],
        "mean": [-767.436096191, 161.045761108, 8.54492092133, 29.884727478, 15.1594791412, 7.25017213821, -4.98397302628, 4.24925804138, -0.123613744974, 2.72214245796, 2.39258527756, -0.983123004436, -5.74330425262],
        "median": [-761.358337402, 166.426818848, 8.89682769775, 27.2060585022, 15.2657814026, 6.89945220947, -4.30153846741, 3.95560264587, 0.0216178894043, 2.75883293152, 1.48426055908, -1.06125259399, -5.4294834137],
        "min": [-965.885559082, 50.6642532349, -82.245300293, -13.8258781433, -17.5530052185, -26.8819541931, -38.4491271973, -20.3570022583, -20.6418838501, -19.4557723999, -10.2946605682, -15.8565826416, -21.8243045807],
        "var": [3249.07202148, 762.15234375, 796.146972656, 318.404296875, 168.566970825, 126.077789307, 138.7394104, 67.7941055298, 42.1591300964, 87.4637680054, 52.7469215393, 40.339012146, 35.4803314209],
        "cov": [[3269.12817383, -836.164245605, -556.837402344, 23.4089717865, -118.615440369, -29.8379631042, -133.98059082, 18.2902870178, -27.1890106201, -14.2808532715, -17.5346679688, -20.3763103485, -37.1533470154], [-836.164245605, 766.856994629, -275.28237915, -238.845535278, -23.0478839874, -82.7134857178, 53.8635406494, -42.4531021118, -18.1306686401, 40.5241966248, 51.8301925659, 17.0449199677, 2.29206752777], [-556.837402344, -275.28237915, 801.061462402, 171.099121094, -46.0166816711, 166.026504517, 99.3287811279, 62.5756492615, 3.93023467064, -47.4859275818, -36.0246162415, 1.86324059963, 13.0026988983], [23.4089717865, -238.845535278, 171.099121094, 320.369750977, 94.6701126099, 11.3281726837, -94.3945999146, 26.8592510223, 31.3085327148, -45.9224128723, -41.7801132202, 1.35107493401, 10.9153881073], [-118.615440369, -23.0478839874, -46.0166816711, 94.6701126099, 169.607513428, -15.079460144, -55.3827629089, 0.970831990242, 9.78018569946, 14.4079647064, 11.2514753342, 9.11736106873, 3.2487142086], [-29.8379631042, -82.7134857178, 166.026504517, 11.3281726837, -15.079460144, 126.856048584, 64.7269058228, 12.0057926178, -2.56446170807, 4.68986797333, 10.7429523468, 7.20946121216, -7.05983781815], [-133.98059082, 53.8635406494, 99.3287811279, -94.3945999146, -55.3827629089, 64.7269058228, 139.595825195, 20.200012207, -17.6776561737, 18.4586048126, 27.4484386444, 14.2407903671, -0.890888929367], [18.2902870178, -42.4531021118, 62.5756492615, 26.8592510223, 0.970831990242, 12.0057926178, 20.200012207, 68.2125854492, 7.67517995834, -8.88960361481, 9.39647293091, 20.3656291962, 1.31903588772], [-27.1890106201, -18.1306686401, 3.93023467064, 31.3085327148, 9.78018569946, -2.56446170807, -17.6776561737, 7.67517995834, 42.4193725586, 14.8859424591, -8.91634082794, -2.09791064262, 1.00439655781], [-14.2808532715, 40.5241966248, -47.4859275818, -45.9224128723, 14.4079647064, 4.68986797333, 18.4586048126, -8.88960361481, 14.8859424591, 88.0036697388, 39.8722877502, -7.89622735977, -21.7758827209], [-17.5346679688, 51.8301925659, -36.0246162415, -41.7801132202, 11.2514753342, 10.7429523468, 27.4484386444, 9.39647293091, -8.91634082794, 39.8722877502, 53.072517395, 14.6914405823, -13.3929290771], [-20.3763103485, 17.0449199677, 1.86324059963, 1.35107493401, 9.11736106873, 7.20946121216, 14.2407903671, 20.3656291962, -2.09791064262, -7.89622735977, 14.6914405823, 40.5880203247, 12.9274120331], [-37.1533470154, 2.29206752777, 13.0026988983, 10.9153881073, 3.2487142086, -7.05983781815, -0.890888929367, 1.31903588772, 1.00439655781, -21.7758827209, -13.3929290771, 12.9274120331, 35.699344635]],
        "icov": [[0.00106085615698, 0.00162915501278, 0.00147719297092, -3.56034761353e-05, 0.00148757442366, -0.000590529758483, 0.000567112234421, -0.00086809421191, 0.00150343694258, -0.000572618155275, 0.000191611499758, -0.000335654214723, 6.82352838339e-05], [0.00162915501278, 0.00457647629082, 0.00239895423874, 0.00107054202817, 0.00187866901979, 0.000684430648107, -0.000259174441453, 0.000184618445928, 0.00103095383383, 0.00014780346828, -0.00147301179823, -0.00121131946798, 9.88632018561e-05], [0.00147719297092, 0.00239895423874, 0.0045916698873, -0.0017592246877, 0.0027908757329, -0.00298373121768, -0.00102704053279, -0.00251888483763, 0.00283509166911, -0.00105143466499, 0.00172283756547, 0.000700296659488, -0.000856148428284], [-3.56034761353e-05, 0.00107054202817, -0.0017592246877, 0.00811822712421, -0.00351688405499, -0.000440674251877, 0.00444666901603, -0.00121558830142, -0.00337061285973, 0.00265982444398, 0.000781626440585, -0.000929767091293, 0.000788722769357], [0.00148757442366, 0.00187866901979, 0.0027908757329, -0.00351688405499, 0.0112959025428, -0.0016578536015, 0.00342618161812, -0.00135821267031, 0.00393875315785, -0.00396187696606, -0.00231488747522, -0.00175117328763, -0.00249557266943], [-0.000590529758483, 0.000684430648107, -0.00298373121768, -0.000440674251877, -0.0016578536015, 0.0158838797361, -0.00758333969861, 0.00498277740553, -0.00420350348577, 0.00268671172671, -0.00391891924664, -0.00248349783942, 0.00466786697507], [0.000567112234421, -0.000259174441453, -0.00102704053279, 0.00444666901603, 0.00342618161812, -0.00758333969861, 0.0190269369632, -0.00612719217315, 0.00644335104153, -0.00482535548508, -0.000542399240658, -0.00181595538743, -0.00415947055444], [-0.00086809421191, 0.000184618445928, -0.00251888483763, -0.00121558830142, -0.00135821267031, 0.00498277740553, -0.00612719217315, 0.024832367897, -0.0112407896668, 0.00830303505063, -0.00954383518547, -0.00843640044332, 0.00526785012335], [0.00150343694258, 0.00103095383383, 0.00283509166911, -0.00337061285973, 0.00393875315785, -0.00420350348577, 0.00644335104153, -0.0112407896668, 0.0426292866468, -0.0215564444661, 0.0212229304016, -0.0049443738535, -0.00371307553723], [-0.000572618155275, 0.00014780346828, -0.00105143466499, 0.00265982444398, -0.00396187696606, 0.00268671172671, -0.00482535548508, 0.00830303505063, -0.0215564444661, 0.0329396463931, -0.0275712460279, 0.0109729049727, 0.00581083400175], [0.000191611499758, -0.00147301179823, 0.00172283756547, 0.000781626440585, -0.00231488747522, -0.00391891924664, -0.000542399240658, -0.00954383518547, 0.0212229304016, -0.0275712460279, 0.0590054169297, -0.0226861834526, 0.0121387504041], [-0.000335654214723, -0.00121131946798, 0.000700296659488, -0.000929767091293, -0.00175117328763, -0.00248349783942, -0.00181595538743, -0.00843640044332, -0.0049443738535, 0.0109729049727, -0.0226861834526, 0.0468030162156, -0.0189345404506], [6.82352838339e-05, 9.88632018561e-05, -0.000856148428284, 0.000788722769357, -0.00249557266943, 0.00466786697507, -0.00415947055444, 0.00526785012335, -0.00371307553723, 0.00581083400175, 0.0121387504041, -0.0189345404506, 0.0440583080053]]
    }
}

}