{
"metadata": {
    "version": {
        "essentia": "2.0.1",
        "extractor": "archive-music 1.0 mod ismir14"
    },
    "audio_properties": {
        "analysis_sample_rate": 44100,
        "bitrate": 721,
        "channels": 2,
        "equal_loudness": 0,
        "length": 29.9995231628,
        "replay_gain": -8.87201309204,
        "downmix": "mix"
    },
    "tags": {
        "track": 0,
        "year": 0,
        "album": "",
        "artist": "",
        "comment": "",
        "genre": "",
        "title": ""
    }
},
"rhythm": {
    "bpm": 131.233383179,
    "bpm_histogram_first_peak": 133,
    "bpm_histogram_first_peak_spread": 0.5,
    "bpm_histogram_first_peak_weight": 0.428571432829,
    "bpm_histogram_second_peak": 126,
    "bpm_histogram_second_peak_spread": 0.375,
    "bpm_histogram_second_peak_weight": 0.0793650820851
},
"tonal": {
    "tuning_frequency": {
        "dmean": 0.0171755570918,
        "dmean2": 0.0251366272569,
        "dvar": 0.0237979739904,
        "dvar2": 0.0573876947165,
        "max": 438.731048584,
        "mean": 438.471038818,
        "median": 438.477722168,
        "min": 437.213165283,
        "var": 0.0101659391075
    },
    "hpcp": {
        "dmean": [0.0535216629505, 0.232948377728, 0.0840578898787, 0.238925203681, 0.146829664707, 0.0775464326143, 0.230800151825, 0.0401365049183, 0.208324119449, 0.133218735456, 0.177723407745, 0.186943545938],
        "dmean2": [0.097778648138, 0.420987993479, 0.157130479813, 0.426011115313, 0.254869759083, 0.140839591622, 0.418997496367, 0.0758420526981, 0.385617405176, 0.248083814979, 0.323758512735, 0.328275382519],
        "dvar": [0.021244212985, 0.0958676710725, 0.0418383553624, 0.108860142529, 0.0546105131507, 0.0390375033021, 0.102763660252, 0.0147896194831, 0.0844999402761, 0.060210634023, 0.0771355181932, 0.0803792104125],
        "dvar2": [0.0581514053047, 0.175936982036, 0.115750096738, 0.228797718883, 0.125087529421, 0.100228659809, 0.238994970918, 0.0302575360984, 0.224283471704, 0.17180980742, 0.208023801446, 0.1790125072],
        "max": [1, 1, 1, 1, 1, 1, 1, 1, 1, 1, 1, 1],
        "mean": [0.0374014265835, 0.316624492407, 0.0506292134523, 0.314703434706, 0.136059775949, 0.080605879426, 0.268218904734, 0.0523228719831, 0.206719234586, 0.0951425433159, 0.14681892097, 0.177775233984],
        "median": [0.00546868890524, 0.103289723396, 0.00696884747595, 0.0739416182041, 0.0288786776364, 0.00829843711108, 0.0703975632787, 0.0061164079234, 0.0342758111656, 0.0105183431879, 0.0308574717492, 0.0209748800844],
        "min": [5.19210952916e-05, 0.000120867203805, 2.79696832877e-05, 0.000210759520996, 0.000111652021587, 7.89745754446e-05, 0.00010629274766, 6.56014162814e-05, 6.29402566119e-05, 5.40638793609e-05, 8.42984736664e-05, 0.000362489838153],
        "var": [0.0146262105554, 0.148640736938, 0.0237042661756, 0.162804082036, 0.0626958981156, 0.0479229278862, 0.136575713754, 0.0309977438301, 0.105245798826, 0.049427125603, 0.0754267573357, 0.0925589501858]
    }
},
"lowlevel": {
    "melbands": {
        "dmean": [0.000119449607155, 0.000285243790131, 0.000302212749375, 0.000156893307576, 9.89824693534e-05, 3.28476489813e-05, 1.75134373421e-05, 2.10930102185e-05, 9.55319137574e-06, 5.95871370024e-06, 6.52556309433e-06, 9.10922972253e-06, 1.25080180169e-06, 9.43955058119e-07, 1.51686572281e-06, 9.39455503612e-07, 6.73374415783e-07, 2.44975950636e-07, 2.7964509286e-07, 3.14140578439e-07, 1.32619831561e-07, 1.76946102215e-07, 2.21565144898e-07, 1.7793047391e-07, 7.10511542934e-08, 4.95632512809e-08, 6.10092598663e-08, 9.02623398247e-08, 8.23318160315e-08, 8.63606643975e-08, 1.71731429077e-07, 3.25556527514e-07, 4.01862507715e-07, 2.68093003797e-07, 1.01679653142e-07, 5.06201018879e-08, 2.89538544251e-08, 1.08012061517e-08, 3.79173892284e-09, 4.85850415455e-10],
        "dmean2": [0.000187944766367, 0.000438022514572, 0.000510033511091, 0.000256772269495, 0.000149689018144, 5.30596007593e-05, 3.14450480801e-05, 3.64317129424e-05, 1.70348939719e-05, 1.03707316157e-05, 1.14497488539e-05, 1.7043459593e-05, 2.16451940105e-06, 1.69009842921e-06, 2.67045106739e-06, 1.66629070009e-06, 1.23569952848e-06, 4.33755445783e-07, 5.19563570833e-07, 5.92050639625e-07, 2.41328137918e-07, 3.03102325461e-07, 4.0844199134e-07, 3.22291725752e-07, 1.23590496059e-07, 8.68651639507e-08, 1.07158804497e-07, 1.6369675393e-07, 1.48067641703e-07, 1.54659332452e-07, 2.90478112674e-07, 5.71885607314e-07, 7.39712561426e-07, 4.88603006943e-07, 1.82258744985e-07, 9.0814175735e-08, 5.29303214591e-08, 1.97652809675e-08, 6.88770640522e-09, 8.86038409309e-10],
        "dvar": [6.5263890292e-08, 8.07791735724e-08, 1.33972747562e-07, 9.8910561519e-08, 1.7727392887e-08, 2.0963704106e-09, 1.20058196718e-09, 1.13205944618e-09, 3.25713928051e-10, 1.24413201963e-10, 1.25178589716e-10, 2.33373742553e-09, 5.21824814262e-12, 3.76385467932e-12, 1.60593240095e-11, 5.07115746964e-12, 5.46141300586e-12, 1.77048371623e-13, 5.60790509082e-13, 9.30186158134e-13, 8.92234216739e-14, 7.16197934292e-14, 2.03107889123e-13, 1.35542794978e-13, 1.23567656622e-14, 1.01464569033e-14, 1.36382045387e-14, 8.23590734457e-14, 2.31124323781e-14, 4.0400076676e-14, 1.75530827395e-13, 7.26995286887e-13, 1.79051391769e-12, 1.48653290198e-12, 7.4171253178e-14, 8.1683969552e-15, 2.80686262874e-15, 4.83351780994e-16, 9.73162638196e-17, 1.99210485948e-18],
        "dvar2": [1.60437409136e-07, 1.78270667561e-07, 2.84441341591e-07, 2.41661240352e-07, 3.65637298216e-08, 4.3062762245e-09, 3.32280403192e-09, 2.90423063376e-09, 9.01658692154e-10, 2.4761462325e-10, 3.49016066048e-10, 6.87016532552e-09, 1.38433873739e-11, 1.09765417242e-11, 3.85891804622e-11, 1.40426307735e-11, 1.57237920601e-11, 4.71970498708e-13, 1.55169941566e-12, 2.74980364e-12, 2.60897857138e-13, 1.81821964711e-13, 5.60557785086e-13, 3.99452172728e-13, 3.49420369212e-14, 2.8063499197e-14, 3.7296619108e-14, 2.37115828274e-13, 6.35855842805e-14, 1.05572350178e-13, 4.41295681637e-13, 1.98644768169e-12, 5.14063227749e-12, 4.28225857552e-12, 2.03190274935e-13, 2.06372547225e-14, 7.18444367312e-15, 1.24694113033e-15, 2.67550126527e-16, 5.61558690356e-18],
        "max": [0.00179726222996, 0.00164709507953, 0.00265477993526, 0.00367049803026, 0.00111050182022, 0.000339888123563, 0.000222526432481, 0.000187875324627, 0.00010002120689, 0.000112797024485, 6.3484912971e-05, 0.000445540150395, 1.85907392733e-05, 1.59354440257e-05, 3.26356130245e-05, 1.57922386279e-05, 2.04285497603e-05, 2.53863390753e-06, 5.81183849135e-06, 7.12542077963e-06, 2.2249569156e-06, 1.35842969939e-06, 2.56517455455e-06, 2.78409288512e-06, 6.39681331904e-07, 9.27033454445e-07, 9.26586494643e-07, 2.54560518442e-06, 8.97801044175e-07, 1.60899435286e-06, 2.65426274382e-06, 5.58544752494e-06, 1.05639401227e-05, 1.13241958388e-05, 2.16566263589e-06, 5.27826273355e-07, 2.67019402145e-07, 1.22380996004e-07, 6.35441566033e-08, 1.07621067613e-08],
        "mean": [0.000105120998342, 0.000387865467928, 0.000500281748828, 0.000182670803042, 0.000138098635944, 3.95883944293e-05, 1.54714871314e-05, 1.91786093637e-05, 7.74297677708e-06, 5.18840579389e-06, 4.9163309086e-06, 5.68877021578e-06, 1.04567595827e-06, 7.89975615589e-07, 1.23555412301e-06, 6.90765148192e-07, 4.8448924872e-07, 2.00753831336e-07, 1.89600896761e-07, 1.9931387385e-07, 1.06308071679e-07, 1.62288927186e-07, 1.88832686376e-07, 1.4296195161e-07, 6.07478796155e-08, 4.32034070741e-08, 5.53385888225e-08, 7.32440241791e-08, 6.44372661895e-08, 7.42411856436e-08, 1.33034731675e-07, 2.20449535959e-07, 2.52039598081e-07, 1.71980303776e-07, 7.30641573909e-08, 3.93818169186e-08, 2.28661356516e-08, 8.64871463335e-09, 2.83870038587e-09, 3.42576855772e-10],
        "median": [3.49990768882e-05, 0.000271903234534, 0.000256508530583, 0.000116037925181, 5.48900316062e-05, 1.87139285117e-05, 5.43886835658e-06, 5.09205483468e-06, 2.09107224691e-06, 9.67818550635e-07, 8.75720218119e-07, 7.41236249269e-07, 3.02415401165e-07, 3.6583878682e-07, 3.04877033841e-07, 1.19325477499e-07, 7.7053336156e-08, 6.05829484357e-08, 2.35916068902e-08, 2.82990857414e-08, 2.88808355009e-08, 6.37200230358e-08, 5.74882825788e-08, 3.56838043558e-08, 1.60919721992e-08, 1.2705139163e-08, 1.46120910927e-08, 1.82196266962e-08, 1.40849705232e-08, 1.1739267336e-08, 1.2445067199e-08, 9.01321417501e-09, 1.05325934641e-08, 8.71435279493e-09, 6.93950008568e-09, 5.70278313461e-09, 3.8030671945e-09, 1.52457291236e-09, 4.45081665967e-10, 4.33009739176e-11],
        "min": [9.37045399496e-07, 2.61495006271e-06, 2.26741690312e-06, 2.17336648234e-07, 5.07428069341e-07, 1.92341076399e-07, 6.34027017554e-08, 3.54205624831e-08, 2.53740157774e-08, 7.40058725412e-09, 5.719312135e-09, 5.146490345e-09, 9.12165454281e-09, 6.38937924791e-09, 1.00452213214e-09, 7.06243175053e-10, 9.91018267449e-10, 1.54199686353e-09, 3.30349886335e-10, 2.86371842906e-10, 1.60398944127e-10, 5.14663311968e-10, 2.79230555345e-10, 2.1304863429e-10, 1.28789784393e-10, 2.79264167347e-10, 6.72819411296e-10, 1.09088538203e-09, 7.08243685921e-10, 9.30418520007e-10, 1.2853290654e-09, 7.87676868175e-10, 1.09292919159e-09, 1.22918741852e-09, 8.35784941255e-10, 5.30881671956e-10, 3.75185299495e-10, 1.74542422182e-10, 4.96948177053e-11, 5.00939784445e-12],
        "var": [5.71760594426e-08, 1.50457410086e-07, 3.80874070061e-07, 1.0099993375e-07, 3.82883484917e-08, 3.01436609007e-09, 1.00679908854e-09, 1.16854315113e-09, 2.64840066544e-10, 1.66469407703e-10, 1.01610310443e-10, 1.26160282221e-09, 4.32863120348e-12, 2.42901423801e-12, 1.39454975345e-11, 3.58155757656e-12, 3.13998783572e-12, 1.42968522763e-13, 3.60427860517e-13, 5.44477061094e-13, 5.51904950506e-14, 6.5792694643e-14, 1.3833208125e-13, 9.06295234714e-14, 1.2221609697e-14, 8.24953170012e-15, 1.17226039531e-14, 4.82560802569e-14, 1.61237498776e-14, 3.21415799791e-14, 1.49788723634e-13, 4.9297214531e-13, 1.04480334974e-12, 8.47420874792e-13, 4.92857809415e-14, 6.64669083051e-15, 2.22974710629e-15, 3.87881982825e-16, 6.96430820105e-17, 1.27498962301e-18]
    },
    "mfcc": {
        "dmean": [45.2980194092, 31.1621627808, 20.3212375641, 16.9576339722, 12.6211061478, 13.9078159332, 11.5934686661, 8.51937675476, 7.57457685471, 10.1610364914, 7.93105459213, 7.60071468353, 6.62196874619],
        "dmean2": [72.1164321899, 48.4149780273, 32.0790863037, 27.5617294312, 18.6584434509, 21.9077739716, 18.508146286, 13.1258764267, 13.0875816345, 15.8236560822, 12.2530508041, 12.6000967026, 10.117855072],
        "dvar": [1111.97460938, 641.351379395, 254.70022583, 176.895492554, 120.110328674, 138.110092163, 86.9224624634, 47.3707351685, 39.0606079102, 63.9871673584, 32.8536262512, 33.3302078247, 27.0611248016],
        "dvar2": [2706.97241211, 1516.92529297, 665.36932373, 378.398712158, 243.884262085, 383.809844971, 218.810165405, 108.305297852, 87.6134414673, 150.130310059, 87.6644973755, 78.0887756348, 69.954460144],
        "max": [-748.646362305, 220.511138916, 108.625259399, 110.6795578, 27.7337837219, 65.098739624, 28.6171798706, 47.6490974426, 17.8310890198, 27.3884963989, 26.3344612122, 35.0113220215, 12.9460525513],
        "mean": [-860.700439453, 163.661727905, 52.180431366, 39.4124488831, -2.24706983566, 15.4584598541, -5.38657712936, 8.98015975952, -10.0214881897, -7.76335716248, -6.93995857239, 0.781107783318, -8.19506454468],
        "median": [-858.946655273, 171.909423828, 52.661365509, 36.9985771179, 1.42700958252, 16.2435760498, -3.49341964722, 8.88036346436, -9.93388366699, -7.91521453857, -6.43494224548, 0.418647766113, -7.33176422119],
        "min": [-1038.96960449, 76.3990478516, -12.04637146, -1.14477157593, -56.2615432739, -37.073589325, -57.2868537903, -13.6797218323, -35.8715934753, -41.0063247681, -39.6007118225, -23.1407089233, -33.4972915649],
        "var": [2984.39892578, 1117.85961914, 596.814025879, 469.417327881, 250.247650146, 225.846908569, 226.471603394, 115.962242126, 75.5868301392, 163.555145264, 116.004508972, 99.4638671875, 70.9416046143],
        "cov": [[3002.82128906, -259.456207275, -536.310791016, 89.8081741333, -303.577148438, 78.7834243774, -388.282989502, 165.241744995, -35.0106201172, 257.20501709, 18.5168495178, 100.087188721, -215.644195557], [-259.456207275, 1124.7598877, -228.977050781, -330.45904541, 204.595611572, -175.341400146, 200.543060303, -13.3439188004, 38.5231704712, -84.7302474976, 40.3061332703, -40.3877906799, -9.84732437134], [-536.310791016, -228.977050781, 600.498046875, 97.1278152466, -119.573616028, 147.065231323, 28.8863334656, -33.4233131409, -26.4075527191, -108.144035339, 26.5660514832, -9.38257884979, 76.1368789673], [89.8081741333, -330.45904541, 97.1278152466, 472.314971924, 79.4810562134, -82.7663955688, -125.094909668, 25.5952835083, -35.8225440979, -87.6244430542, -20.6965637207, -28.5862998962, 30.0284023285], [-303.577148438, 204.595611572, -119.573616028, 79.4810562134, 251.792388916, -93.8801498413, 26.9770183563, -5.43830108643, 22.5237693787, -45.1463317871, -19.6562957764, -8.35978794098, 10.7804479599], [78.7834243774, -175.341400146, 147.065231323, -82.7663955688, -93.8801498413, 227.241027832, 28.4373283386, 6.63137483597, 15.9621925354, 64.4836807251, 37.796710968, 23.2579784393, 6.02095556259], [-388.282989502, 200.543060303, 28.8863334656, -125.094909668, 26.9770183563, 28.4373283386, 227.869567871, 4.23521471024, 13.5559062958, 2.29639577866, 12.4968948364, 15.0552167892, 25.8980541229], [165.241744995, -13.3439188004, -33.4233131409, 25.5952835083, -5.43830108643, 6.63137483597, 4.23521471024, 116.678062439, 14.8444643021, -8.07726383209, 40.5564079285, -3.35909247398, -7.02287244797], [-35.0106201172, 38.5231704712, -26.4075527191, -35.8225440979, 22.5237693787, 15.9621925354, 13.5559062958, 14.8444643021, 76.0534133911, 43.4339485168, 8.93065929413, -13.8321266174, 2.31277656555], [257.20501709, -84.7302474976, -108.144035339, -87.6244430542, -45.1463317871, 64.4836807251, 2.29639577866, -8.07726383209, 43.4339485168, 164.564743042, 7.54370641708, 21.5385227203, -31.6279258728], [18.5168495178, 40.3061332703, 26.5660514832, -20.6965637207, -19.6562957764, 37.796710968, 12.4968948364, 40.5564079285, 8.93065929413, 7.54370641708, 116.720581055, -15.8244342804, 6.62303113937], [100.087188721, -40.3877906799, -9.38257884979, -28.5862998962, -8.35978794098, 23.2579784393, 15.0552167892, -3.35909247398, -13.8321266174, 21.5385227203, -15.8244342804, 100.077842712, -5.0019865036], [-215.644195557, -9.84732437134, 76.1368789673, 30.0284023285, 10.7804479599, 6.02095556259, 25.8980541229, -7.02287244797, 2.31277656555, -31.6279258728, 6.62303113937, -5.0019865036, 71.3795166016]],
        "icov": [[0.00200125016272, -0.00200628559105, 0.00210937764496, -0.00296824402176, 0.00401646737009, -0.00286933849566, 0.00301882461645, -0.00215178122744, 0.00111704645678, -0.00196480145678, 0.00103917275555, -0.00214655068703, 0.00194270792417], [-0.00200628559105, 0.0047328658402, -0.00185022363439, 0.00531234033406, -0.00569747248664, 0.00475445156917, -0.00423908419907, 0.00276377750561, -0.00200226320885, 0.00402265181765, -0.00262289890088, 0.00279718614183, -0.00111345679034], [0.00210937764496, -0.00185022363439, 0.00656040990725, -0.00450699031353, 0.00658053951338, -0.00605805311352, 0.0019749077037, 0.000454196881037, -0.00103338714689, 0.00258294097148, 0.000241847228608, -0.00247118226252, 0.000843406538479], [-0.00296824402176, 0.00531234033406, -0.00450699031353, 0.0103543885052, -0.00949148926884, 0.00725687108934, -0.00308439368382, 0.00132246315479, 7.64445503592e-05, 0.00335589027964, -0.00198514456861, 0.00446448009461, -0.00373092107475], [0.00401646737009, -0.00569747248664, 0.00658053951338, -0.00949148926884, 0.0163478311151, -0.00674449605867, 0.0047447909601, -0.00205401983112, -0.00212621316314, -0.00112600449938, 0.00255547929555, -0.00573614845052, 0.00342910760082], [-0.00286933849566, 0.00475445156917, -0.00605805311352, 0.00725687108934, -0.00674449605867, 0.0141234360635, -0.00489176856354, 0.00166692992207, -0.0014915978536, -0.000677193864249, -0.00364623661153, 0.00247362046503, -0.00257761473767], [0.00301882461645, -0.00423908419907, 0.0019749077037, -0.00308439368382, 0.0047447909601, -0.00489176856354, 0.0114495782182, -0.0051429909654, 0.00313038192689, -0.00486621819437, 0.00247683492489, -0.00391595996916, 3.6824064864e-07], [-0.00215178122744, 0.00276377750561, 0.000454196881037, 0.00132246315479, -0.00205401983112, 0.00166692992207, -0.0051429909654, 0.0152929257601, -0.00680877501145, 0.00744163058698, -0.00599123025313, 0.000951733090915, 0.000520537840202], [0.00111704645678, -0.00200226320885, -0.00103338714689, 7.64445503592e-05, -0.00212621316314, -0.0014915978536, 0.00313038192689, -0.00680877501145, 0.022612977773, -0.0108121139929, 0.00247221905738, 0.00317666633055, -0.00272041675635], [-0.00196480145678, 0.00402265181765, 0.00258294097148, 0.00335589027964, -0.00112600449938, -0.000677193864249, -0.00486621819437, 0.00744163058698, -0.0108121139929, 0.0185227040201, -0.00360755855218, -0.000113923721074, 0.00206155050546], [0.00103917275555, -0.00262289890088, 0.000241847228608, -0.00198514456861, 0.00255547929555, -0.00364623661153, 0.00247683492489, -0.00599123025313, 0.00247221905738, -0.00360755855218, 0.0125510087237, 0.000898116093595, -0.000991973793134], [-0.00214655068703, 0.00279718614183, -0.00247118226252, 0.00446448009461, -0.00573614845052, 0.00247362046503, -0.00391595996916, 0.000951733090915, 0.00317666633055, -0.000113923721074, 0.000898116093595, 0.0143640581518, -0.00239935307764], [0.00194270792417, -0.00111345679034, 0.000843406538479, -0.00373092107475, 0.00342910760082, -0.00257761473767, 3.6824064864e-07, 0.000520537840202, -0.00272041675635, 0.00206155050546, -0.000991973793134, -0.00239935307764, 0.0210711639374]]
    }
}

}