{
"metadata": {
    "version": {
        "essentia": "2.0.1",
        "extractor": "archive-music 1.0 mod ismir14"
    },
    "audio_properties": {
        "analysis_sample_rate": 44100,
        "bitrate": 721,
        "channels": 2,
        "equal_loudness": 0,
        "length": 29.9995231628,
        "replay_gain": -12.2078838348,
        "downmix": "mix"
    },
    "tags": {
        "track": 0,
        "year": 0,
        "album": "",
        "artist": "",
        "comment": "",
        "genre": "",
        "title": ""
    }
},
"rhythm": {
    "bpm": 92.4695205688,
    "bpm_histogram_first_peak": 92,
    "bpm_histogram_first_peak_spread": 0.54545456171,
    "bpm_histogram_first_peak_weight": 0.444444447756,
    "bpm_histogram_second_peak": 99,
    "bpm_histogram_second_peak_spread": 0,
    "bpm_histogram_second_peak_weight": 0.0222222227603
},
"tonal": {
    "tuning_frequency": {
        "dmean": 0.271928578615,
        "dmean2": 0.493914872408,
        "dvar": 3.93050694466,
        "dvar2": 7.44243955612,
        "max": 456.04309082,
        "mean": 439.102752686,
        "median": 440.254241943,
        "min": 432.690917969,
        "var": 18.2074642181
    },
    "hpcp": {
        "dmean": [0.0808446109295, 0.172914162278, 0.0782790184021, 0.239166632295, 0.149863898754, 0.10691986233, 0.221064344049, 0.0729143172503, 0.184061527252, 0.0843028202653, 0.143638804555, 0.221181675792],
        "dmean2": [0.139900058508, 0.303776353598, 0.139751046896, 0.413510203362, 0.264638662338, 0.192232593894, 0.385748773813, 0.126961737871, 0.303125739098, 0.148904636502, 0.251981735229, 0.383189707994],
        "dvar": [0.0248026289046, 0.051465459168, 0.0264042727649, 0.0701293721795, 0.0579210743308, 0.0196877755225, 0.0744173452258, 0.0129734706134, 0.046710062772, 0.0189565960318, 0.0328776910901, 0.0599759109318],
        "dvar2": [0.0725105032325, 0.117746591568, 0.0738583058119, 0.157804265618, 0.124906383455, 0.0553047470748, 0.126600950956, 0.0356866307557, 0.0985525473952, 0.0535593740642, 0.0767388865352, 0.145506680012],
        "max": [0.986179411411, 1, 1, 1, 1, 1, 1, 0.65115326643, 1, 1, 1, 1],
        "mean": [0.0764033421874, 0.248908340931, 0.0678784623742, 0.470939308405, 0.272554457188, 0.118249051273, 0.354489535093, 0.0705575868487, 0.427690625191, 0.0796453356743, 0.213810414076, 0.413708984852],
        "median": [0.0288938228041, 0.119317792356, 0.0310956835747, 0.320059001446, 0.0986388996243, 0.0809103474021, 0.162086591125, 0.0359004996717, 0.301387786865, 0.0425579585135, 0.143444046378, 0.29781216383],
        "min": [0.000950399262365, 0.0041338680312, 0.00107330630999, 0.00379918515682, 0.000811183301266, 0.00369462091476, 0.00438817637041, 0.00335115962662, 0.0120615251362, 0.00203830283135, 0.00385149475187, 0.00278259604238],
        "var": [0.0177333913743, 0.0750544965267, 0.0181337874383, 0.141280010343, 0.128561377525, 0.0173804666847, 0.135692983866, 0.00994075741619, 0.12094001472, 0.0134085305035, 0.0448862016201, 0.120240323246]
    }
},
"lowlevel": {
    "melbands": {
        "dmean": [1.65715562161e-06, 9.61367095442e-06, 7.21074366083e-06, 1.55888847075e-05, 1.77061720024e-05, 3.05152261717e-05, 2.2279264158e-05, 6.64009858156e-05, 3.76114039682e-05, 2.73088098766e-05, 1.4629571524e-05, 1.17891167974e-05, 1.19894857562e-05, 9.68502718024e-06, 1.98079269467e-05, 1.31925189635e-05, 9.49381228565e-06, 5.88305783822e-06, 5.83579640079e-06, 6.47075148663e-06, 1.77259050815e-06, 2.48414153248e-06, 1.23284667097e-06, 1.03564309484e-06, 1.66214920228e-06, 4.8657403795e-07, 2.90555249194e-07, 3.42072098647e-07, 3.32606418851e-07, 3.49389495113e-07, 1.8214542763e-07, 9.22105911627e-08, 6.339413261e-08, 2.66941526661e-08, 1.0287241281e-08, 7.78095543552e-09, 1.34297417631e-09, 1.28749844119e-10, 1.32111951587e-11, 7.61527397131e-13],
        "dmean2": [2.92598747365e-06, 1.72214076883e-05, 1.2957090803e-05, 2.75179445453e-05, 3.16895348078e-05, 5.3435076552e-05, 3.56826421921e-05, 0.000107397783722, 6.41637234366e-05, 4.70886770927e-05, 2.47578427661e-05, 1.95423835976e-05, 2.05514552363e-05, 1.76890334842e-05, 3.43052161043e-05, 2.2590827939e-05, 1.51557705976e-05, 1.04515966086e-05, 1.00251882031e-05, 1.09882676043e-05, 3.04829654851e-06, 4.30056616096e-06, 2.1453752197e-06, 1.84759812782e-06, 3.01757359011e-06, 8.58395253545e-07, 5.16426837294e-07, 6.22018831109e-07, 5.88825173509e-07, 6.44046565412e-07, 3.34622711762e-07, 1.67925321648e-07, 1.17870662564e-07, 4.9046711581e-08, 1.89270359385e-08, 1.37587354843e-08, 2.47750708837e-09, 2.29552155062e-10, 2.45834706758e-11, 1.39443318004e-12],
        "dvar": [2.99730791402e-12, 1.23565491172e-10, 4.65385854853e-11, 2.24716356634e-10, 4.88415308197e-10, 1.16941734074e-09, 7.60081331208e-10, 1.28912960307e-08, 3.65995767027e-09, 1.19886123251e-09, 4.36820801752e-10, 2.44976483543e-10, 3.61732227505e-10, 2.21549084634e-10, 8.98239094216e-10, 6.25946239285e-10, 2.86111745407e-10, 1.12347235681e-10, 8.01427813002e-11, 1.40273945237e-10, 4.53808345069e-12, 1.57755405961e-11, 2.04269435568e-12, 2.01825123454e-12, 6.08560944693e-12, 8.96771914539e-13, 2.05150756409e-13, 4.11461365197e-13, 2.20905433702e-13, 2.26790632172e-13, 8.18524257705e-14, 2.77064951385e-14, 1.64336775389e-14, 2.80783629312e-15, 3.31239460274e-16, 1.69429419636e-16, 3.71976214507e-18, 4.55260046622e-20, 4.89622007743e-22, 1.42103727137e-24],
        "dvar2": [8.20040042815e-12, 3.45788564449e-10, 1.33739852526e-10, 7.23392956647e-10, 1.58973478825e-09, 3.7569218847e-09, 1.79877257533e-09, 3.25831592818e-08, 1.00916031087e-08, 3.49094886332e-09, 1.04362174458e-09, 6.16294404399e-10, 1.08945019672e-09, 6.87458201476e-10, 2.43593389904e-09, 1.07769648761e-09, 7.01402658176e-10, 3.54005075254e-10, 2.22488458212e-10, 3.78026304704e-10, 1.2384209977e-11, 4.68409859511e-11, 5.00164059475e-12, 6.10844708149e-12, 1.80231905789e-11, 2.51214500591e-12, 6.39020412106e-13, 1.1910107232e-12, 6.66231447181e-13, 6.6855196509e-13, 2.55314405685e-13, 8.56593984112e-14, 4.88826169755e-14, 8.65252456543e-15, 9.91261905864e-16, 4.74180108241e-16, 9.96480412987e-18, 1.26780434447e-19, 1.37899136535e-21, 4.1244693128e-24],
        "max": [9.11887036636e-06, 8.56851620483e-05, 4.99736306665e-05, 9.95494192466e-05, 0.000138287432492, 0.000165991194081, 0.000234563936829, 0.00066325411899, 0.000360582984285, 0.000198695473955, 0.000117509654956, 9.15955242817e-05, 0.000115809227282, 8.82532112882e-05, 0.000154796100105, 0.000136152433697, 0.000123484584037, 5.91300267843e-05, 4.75514389109e-05, 0.000109364562377, 1.1424164768e-05, 2.80048734567e-05, 1.09232141767e-05, 9.5698160294e-06, 1.16486580737e-05, 6.60357500237e-06, 2.4226280857e-06, 3.33154775944e-06, 2.29136207963e-06, 2.47763114203e-06, 1.47680168538e-06, 8.29550401704e-07, 6.78374590279e-07, 2.53543163353e-07, 8.14141358774e-08, 8.74478942592e-08, 1.18615686162e-08, 1.28033406099e-09, 9.65835328381e-11, 5.29846912872e-12],
        "mean": [2.3932991553e-06, 1.38221657835e-05, 9.3985499916e-06, 2.01902639674e-05, 2.57899355347e-05, 3.73974107788e-05, 3.40410369972e-05, 8.36456383695e-05, 4.5350563596e-05, 2.76681330433e-05, 1.75787426997e-05, 1.3958198906e-05, 1.24574435176e-05, 9.24726282392e-06, 1.8987853764e-05, 1.56525456987e-05, 1.11357703645e-05, 5.6181461332e-06, 4.86332055516e-06, 6.2055851231e-06, 1.88188221273e-06, 2.63710808213e-06, 1.33279183956e-06, 1.08095605356e-06, 1.53185249019e-06, 4.92454489631e-07, 2.60519470885e-07, 2.84887960333e-07, 2.93177606636e-07, 3.10210538146e-07, 1.48422685697e-07, 7.0300181676e-08, 4.58659918934e-08, 1.8330700513e-08, 7.5016695078e-09, 6.05338179582e-09, 1.25845178722e-09, 1.02530164914e-10, 1.07050973988e-11, 7.05939701227e-13],
        "median": [1.79419441793e-06, 1.16219016491e-05, 7.44522412788e-06, 1.47314212882e-05, 1.9492876163e-05, 2.44618440775e-05, 1.52209267981e-05, 2.26779538934e-05, 1.41396740219e-05, 1.02494141174e-05, 5.75270360059e-06, 3.59154182661e-06, 4.88882551508e-06, 5.43066562386e-06, 5.6198805396e-06, 4.4199578042e-06, 2.13393991544e-06, 1.76983212441e-06, 1.02709634575e-06, 2.1932976324e-06, 7.90115734617e-07, 1.0969079085e-06, 6.2559536218e-07, 4.96864743127e-07, 3.61567941809e-07, 1.84884257237e-07, 1.0128008654e-07, 5.18146165973e-08, 1.06151524903e-07, 9.98185427648e-08, 4.05171007856e-08, 1.54991006696e-08, 6.09611472413e-09, 2.21342788542e-09, 1.10916587026e-09, 9.14817832598e-10, 3.00002023224e-10, 2.33581712999e-11, 3.22260143917e-12, 2.69383284126e-13],
        "min": [1.05586991594e-07, 5.23456549217e-07, 1.2892958523e-07, 6.56413305933e-08, 2.97749664924e-08, 4.79409507648e-08, 2.20297007303e-08, 1.71001079963e-08, 4.31265734235e-09, 5.76911229899e-09, 4.4177990155e-09, 4.69534500169e-09, 1.57189594674e-09, 1.73012570936e-09, 1.98602467805e-09, 5.39697453394e-10, 5.49753464973e-10, 2.52071474804e-10, 3.64489938232e-10, 1.86010581937e-10, 1.0793741595e-10, 1.81824832968e-10, 1.1977246972e-10, 9.09456884801e-11, 4.50526178863e-11, 3.51595488834e-11, 3.55064380675e-11, 1.87615634833e-11, 2.06546377224e-11, 9.35417281828e-12, 9.55295304667e-12, 7.81155088531e-12, 7.10020974307e-12, 5.1799515198e-12, 4.42447250712e-12, 3.84146273819e-12, 3.88890395581e-12, 1.58407217465e-12, 3.57383990023e-13, 3.33341684876e-14],
        "var": [3.17263966834e-12, 1.12740650149e-10, 6.05787503494e-11, 3.08715580877e-10, 5.34289057441e-10, 1.44236300681e-09, 1.77814030167e-09, 1.87739050972e-08, 4.45001280269e-09, 1.3544459998e-09, 5.80695491692e-10, 3.68407554463e-10, 3.88302889842e-10, 1.66391234124e-10, 8.68393412734e-10, 8.68825678069e-10, 4.91922558243e-10, 1.04045064231e-10, 7.64434487932e-11, 1.62984278851e-10, 5.67241392746e-12, 1.8879165592e-11, 3.13457311323e-12, 2.04909244954e-12, 5.99451217831e-12, 9.78351839646e-13, 1.77724249705e-13, 3.85517925092e-13, 2.06424084098e-13, 2.21899118546e-13, 6.91430623151e-14, 2.01891082248e-14, 1.22914551868e-14, 2.03054232127e-15, 2.60164210985e-16, 1.63331708858e-16, 4.49986005075e-18, 4.04081832823e-20, 3.99970124188e-22, 1.23697245496e-24]
    },
    "mfcc": {
        "dmean": [59.1071395874, 18.25415802, 23.4423732758, 9.03290748596, 12.6392564774, 9.0845823288, 7.4518327713, 6.4862241745, 5.00493097305, 5.04739236832, 4.57813215256, 5.38776874542, 4.26152515411],
        "dmean2": [99.0241317749, 30.0895080566, 39.2120285034, 14.5613203049, 22.0885753632, 14.902841568, 12.254117012, 10.6757421494, 8.04024410248, 8.35016155243, 7.74613761902, 9.09547805786, 6.71907091141],
        "dvar": [2412.31665039, 281.528533936, 491.895935059, 52.1636047363, 134.133163452, 56.9321479797, 38.9710502625, 22.5638618469, 19.5604476929, 19.7826976776, 16.6107959747, 19.0071144104, 13.0327568054],
        "dvar2": [6455.20361328, 772.859985352, 1211.24829102, 144.86882019, 364.173187256, 153.429718018, 120.131576538, 66.6137084961, 50.6786994934, 53.0647926331, 31.12358284, 45.676448822, 32.3025894165],
        "max": [-688.055236816, 206.619995117, 61.0079689026, 56.890712738, 19.543258667, 35.4229125977, 10.163318634, 5.50091552734, 14.4290122986, 13.6404438019, 19.5586891174, 21.7659168243, 6.70413208008],
        "mean": [-819.121154785, 165.778091431, -41.3878135681, 13.2703351974, -14.8896017075, -4.02766036987, -8.64718723297, -10.3538837433, -1.67388880253, -6.9528503418, 2.11425805092, 3.85743570328, -5.19190597534],
        "median": [-800.88659668, 173.322845459, -49.7527503967, 10.3986701965, -15.1488609314, -6.46775054932, -9.337059021, -11.4790878296, -1.8963470459, -7.01042175293, 2.35661697388, 2.82572174072, -5.35948944092],
        "min": [-1081.07971191, 72.3785476685, -98.3311920166, -18.5500907898, -47.274559021, -24.9156913757, -40.9661102295, -26.3288803101, -16.702545166, -26.6775512695, -12.6431941986, -18.5526046753, -15.9439964294],
        "var": [6402.62255859, 674.995910645, 1329.39624023, 253.200592041, 292.425506592, 143.827896118, 90.1520996094, 46.4569129944, 41.9544792175, 54.8490524292, 40.5538978577, 74.503364563, 25.1136131287],
        "cov": [[6442.14501953, 347.875091553, -2831.85083008, 231.32510376, -1093.24511719, 17.1597690582, -462.142852783, -108.078849792, -40.7693901062, -183.579818726, 87.6231613159, 122.881896973, -90.7761688232], [347.875091553, 679.162597656, -103.801422119, -285.984741211, -69.2406005859, -238.554199219, 45.5718574524, -85.482131958, 47.29139328, -102.303237915, -8.26557064056, 88.4063186646, -26.8945617676], [-2831.85083008, -103.801422119, 1337.60229492, -107.319915771, 472.210449219, 6.26080274582, 196.702194214, 60.6272850037, 9.24197387695, 87.6458435059, -45.8177108765, -52.220161438, 43.1823806763], [231.32510376, -285.984741211, -107.319915771, 254.763549805, 34.2929039001, 111.879669189, -39.6359786987, 7.54994344711, -41.7995300293, 13.9393520355, -7.80376958847, -64.6095504761, -5.06313800812], [-1093.24511719, -69.2406005859, 472.210449219, 34.2929039001, 294.23059082, 26.0256977081, 74.9423904419, 5.61191892624, -29.5475959778, 29.7693119049, -31.0119876862, -62.0534744263, 4.16504192352], [17.1597690582, -238.554199219, 6.26080274582, 111.879669189, 26.0256977081, 144.71572876, -9.42719078064, 46.219329834, -29.5634555817, 37.369720459, -4.20031833649, -52.1658821106, 6.8275103569], [-462.142852783, 45.5718574524, 196.702194214, -39.6359786987, 74.9423904419, -9.42719078064, 90.7085952759, 13.1834564209, 12.0515623093, -9.52096843719, -20.7198047638, -7.8146905899, -0.213791877031], [-108.078849792, -85.482131958, 60.6272850037, 7.54994344711, 5.61191892624, 46.219329834, 13.1834564209, 46.743686676, 1.2748708725, 22.7359657288, -0.479299753904, -9.51580238342, 10.7552032471], [-40.7693901062, 47.29139328, 9.24197387695, -41.7995300293, -29.5475959778, -29.5634555817, 12.0515623093, 1.2748708725, 42.2134590149, -4.20612001419, 11.649061203, 25.473991394, 1.46144235134], [-183.579818726, -102.303237915, 87.6458435059, 13.9393520355, 29.7693119049, 37.369720459, -9.52096843719, 22.7359657288, -4.20612001419, 55.187625885, 15.5792913437, -11.7889814377, 12.3123321533], [87.6231613159, -8.26557064056, -45.8177108765, -7.80376958847, -31.0119876862, -4.20031833649, -20.7198047638, -0.479299753904, 11.649061203, 15.5792913437, 40.804233551, 25.9427986145, 3.61911201477], [122.881896973, 88.4063186646, -52.220161438, -64.6095504761, -62.0534744263, -52.1658821106, -7.8146905899, -9.51580238342, 25.473991394, -11.7889814377, 25.9427986145, 74.9632568359, 4.46067667007], [-90.7761688232, -26.8945617676, 43.1823806763, -5.06313800812, 4.16504192352, 6.8275103569, -0.213791877031, 10.7552032471, 1.46144235134, 12.3123321533, 3.61911201477, 4.46067667007, 25.2686347961]],
        "icov": [[0.565225839615, -0.7973716259, 0.77123093605, -0.736009597778, 0.717628836632, -0.663922965527, 0.662111341953, -0.569562852383, 0.44508805871, -0.402627110481, 0.359765082598, -0.305403918028, 0.198362901807], [-0.7973716259, 1.13203239441, -1.08665347099, 1.04460799694, -1.01383507252, 0.941614329815, -0.936146080494, 0.806958854198, -0.626986205578, 0.57335793972, -0.508084893227, 0.431898146868, -0.278595328331], [0.77123093605, -1.08665347099, 1.05563557148, -1.00207233429, 0.97450196743, -0.904552638531, 0.900999188423, -0.778050601482, 0.605552196503, -0.551598966122, 0.492783099413, -0.417684137821, 0.268703103065], [-0.736009597778, 1.04460799694, -1.00207233429, 0.972300469875, -0.938325345516, 0.862571179867, -0.86118966341, 0.747413814068, -0.579054951668, 0.531311333179, -0.469903886318, 0.401413410902, -0.257719278336], [0.717628836632, -1.01383507252, 0.97450196743, -0.938325345516, 0.92480224371, -0.842967748642, 0.836523294449, -0.717804253101, 0.571976602077, -0.51422137022, 0.455132395029, -0.383407175541, 0.253503888845], [-0.663922965527, 0.941614329815, -0.904552638531, 0.862571179867, -0.842967748642, 0.805581450462, -0.78031373024, 0.653436362743, -0.515061080456, 0.471819102764, -0.425799489021, 0.365917623043, -0.231413319707], [0.662111341953, -0.936146080494, 0.900999188423, -0.86118966341, 0.836523294449, -0.78031373024, 0.801255345345, -0.677251517773, 0.512810885906, -0.461955398321, 0.426193207502, -0.357328772545, 0.235374763608], [-0.569562852383, 0.806958854198, -0.778050601482, 0.747413814068, -0.717804253101, 0.653436362743, -0.677251517773, 0.625853717327, -0.453444182873, 0.395953804255, -0.356628984213, 0.305675387383, -0.207787171006], [0.44508805871, -0.626986205578, 0.605552196503, -0.579054951668, 0.571976602077, -0.515061080456, 0.512810885906, -0.453444182873, 0.391353607178, -0.315839678049, 0.272403746843, -0.242811456323, 0.15808814764], [-0.402627110481, 0.57335793972, -0.551598966122, 0.531311333179, -0.51422137022, 0.471819102764, -0.461955398321, 0.395953804255, -0.315839678049, 0.334298253059, -0.278020620346, 0.227142959833, -0.147124454379], [0.359765082598, -0.508084893227, 0.492783099413, -0.469903886318, 0.455132395029, -0.425799489021, 0.426193207502, -0.356628984213, 0.272403746843, -0.278020620346, 0.279400199652, -0.213268339634, 0.128143027425], [-0.305403918028, 0.431898146868, -0.417684137821, 0.401413410902, -0.383407175541, 0.365917623043, -0.357328772545, 0.305675387383, -0.242811456323, 0.227142959833, -0.213268339634, 0.197195142508, -0.1129328385], [0.198362901807, -0.278595328331, 0.268703103065, -0.257719278336, 0.253503888845, -0.231413319707, 0.235374763608, -0.207787171006, 0.15808814764, -0.147124454379, 0.128143027425, -0.1129328385, 0.120127379894]]
    }
}

}