{
"metadata": {
    "version": {
        "essentia": "2.0.1",
        "extractor": "archive-music 1.0 mod ismir14"
    },
    "audio_properties": {
        "analysis_sample_rate": 44100,
        "bitrate": 1444,
        "channels": 2,
        "equal_loudness": 0,
        "length": 30,
        "replay_gain": -10.2214794159,
        "downmix": "mix"
    },
    "tags": {
        "track": 0,
        "year": 0,
        "album": "",
        "artist": "",
        "comment": "",
        "genre": "",
        "title": ""
    }
},
"rhythm": {
    "bpm": 172.265563965,
    "bpm_histogram_first_peak": 172,
    "bpm_histogram_first_peak_spread": 0,
    "bpm_histogram_first_peak_weight": 0.517647087574,
    "bpm_histogram_second_peak": 178,
    "bpm_histogram_second_peak_spread": 0,
    "bpm_histogram_second_peak_weight": 0.29411765933
},
"tonal": {
    "tuning_frequency": {
        "dmean": 0.076924033463,
        "dmean2": 0.152927652001,
        "dvar": 1.60536873341,
        "dvar2": 3.19886684418,
        "max": 454.990661621,
        "mean": 435.814788818,
        "median": 433.191070557,
        "min": 431.692352295,
        "var": 55.4024353027
    },
    "hpcp": {
        "dmean": [0.125314444304, 0.117422878742, 0.168263241649, 0.135119736195, 0.0776589661837, 0.0796125382185, 0.0927134901285, 0.0908438116312, 0.103224478662, 0.0952700003982, 0.118317492306, 0.0832020118833],
        "dmean2": [0.232553333044, 0.219063237309, 0.312556296587, 0.24996483326, 0.148549407721, 0.149328738451, 0.172699540854, 0.172042310238, 0.195941641927, 0.172111064196, 0.214314654469, 0.15554510057],
        "dvar": [0.0743037387729, 0.0679469034076, 0.0887441039085, 0.0739236995578, 0.0472607687116, 0.0452536605299, 0.0602338202298, 0.056838132441, 0.0660092532635, 0.0517816320062, 0.0583203136921, 0.0454770922661],
        "dvar2": [0.209818735719, 0.184672489762, 0.239088952541, 0.195493265986, 0.134242087603, 0.124083042145, 0.159353643656, 0.151863053441, 0.182672038674, 0.143854320049, 0.15465863049, 0.123972997069],
        "max": [1, 1, 1, 1, 1, 1, 1, 1, 1, 1, 1, 1],
        "mean": [0.11638353765, 0.136777490377, 0.152434125543, 0.297572493553, 0.0564331747591, 0.0892361849546, 0.125579684973, 0.116025492549, 0.0813602879643, 0.0929119288921, 0.244114488363, 0.070826113224],
        "median": [0.00821205135435, 0.00730436900631, 0.0195700842887, 0.0168683081865, 0.000781780632678, 0.00610757898539, 0.000465417455416, 0.00208663381636, 0.00132529169787, 0.00206087855622, 0.0311703216285, 0.00264076050371],
        "min": [0, 0, 0, 0, 0, 1.03872558554e-07, 0, 0, 0, 0, 0, 0],
        "var": [0.0700124651194, 0.084899738431, 0.0822693705559, 0.17568641901, 0.036563757807, 0.0556364059448, 0.0934652090073, 0.0834849700332, 0.0567126646638, 0.0557994954288, 0.140030771494, 0.0399212874472]
    }
},
"lowlevel": {
    "melbands": {
        "dmean": [9.07784578885e-06, 0.00014032330364, 0.000358530785888, 0.00128363806289, 0.00144669192377, 0.000791955448221, 0.000269593758276, 0.000208069221117, 0.000110735811177, 7.40875257179e-05, 4.86550816277e-05, 3.68576547771e-05, 5.12495098519e-05, 2.54406768363e-05, 2.42456662818e-05, 1.91779017769e-05, 3.46253436874e-05, 2.06743079616e-05, 2.26394840865e-05, 6.63553691993e-06, 9.81006360234e-06, 8.73588396644e-06, 5.3587855291e-06, 6.24572248853e-06, 1.35806685648e-05, 1.27500497911e-05, 4.78321635455e-06, 2.74691478808e-06, 7.49909304432e-07, 5.21447987012e-07, 2.16122742813e-07, 3.5057947656e-08, 5.9137992281e-09, 1.39724576353e-09, 6.21096896136e-10, 3.24676591168e-10, 1.87671322927e-10, 1.08403390431e-10, 7.94746907173e-11, 6.45904996155e-11],
        "dmean2": [1.44721470861e-05, 0.000223558949074, 0.000614181743003, 0.00199596188031, 0.00222377898172, 0.00122429325711, 0.000382047786843, 0.000308197311824, 0.000144244622788, 8.97185673239e-05, 5.77874197916e-05, 4.54434084531e-05, 5.63879220863e-05, 2.96623111353e-05, 3.11044095724e-05, 2.66431979981e-05, 4.49822327937e-05, 2.9028593417e-05, 3.25518776663e-05, 9.5329951364e-06, 1.52341308421e-05, 1.25236720123e-05, 7.07619392415e-06, 8.62255546963e-06, 1.84323289432e-05, 1.60659383255e-05, 6.73859995004e-06, 4.10784150517e-06, 1.08102017293e-06, 7.21897890799e-07, 3.23146480241e-07, 5.12988300727e-08, 9.14097064708e-09, 1.95025906535e-09, 8.7098017687e-10, 4.65357946622e-10, 2.58795540553e-10, 1.49166970442e-10, 1.08663356091e-10, 8.6857090964e-11],
        "dvar": [2.88922802349e-10, 4.71082763909e-08, 5.69442192955e-07, 7.11205211701e-06, 8.03284910944e-06, 2.30493014897e-06, 3.16782831078e-07, 2.56691606637e-07, 1.72288153522e-07, 1.29846142727e-07, 4.40230927268e-08, 2.80870242619e-08, 4.72879122526e-08, 1.03664987705e-08, 1.87784365835e-08, 3.04372571591e-09, 1.21531469333e-08, 2.70761280063e-09, 3.10914427537e-09, 2.2309165626e-10, 9.67262492324e-10, 6.31138030727e-10, 2.87720097747e-10, 2.71060007773e-10, 1.9939021545e-09, 1.54273782638e-09, 2.41454772842e-10, 1.1014750223e-10, 7.99689828246e-12, 1.24867356038e-11, 2.61870646695e-12, 3.64774806498e-14, 3.32123143278e-15, 4.65886682923e-17, 1.16489637094e-17, 6.5977046487e-18, 5.13001161806e-18, 3.84043414796e-18, 2.9574597895e-18, 2.41164735065e-18],
        "dvar2": [7.57416240837e-10, 1.15821741531e-07, 1.79220819518e-06, 1.79720427695e-05, 2.02653100132e-05, 5.91520847593e-06, 5.89162311826e-07, 4.78972992823e-07, 2.82862430367e-07, 2.3437401353e-07, 7.17924990568e-08, 4.85812066131e-08, 5.65729969537e-08, 1.57761235187e-08, 3.39633423607e-08, 5.7288112032e-09, 2.11274233664e-08, 5.56922019612e-09, 6.38354435978e-09, 4.47953646399e-10, 2.41860598216e-09, 1.41298728273e-09, 4.61190696743e-10, 4.95235408238e-10, 3.53100237938e-09, 2.75060907384e-09, 5.26760357555e-10, 2.76705741653e-10, 1.60987195796e-11, 2.51217605746e-11, 6.38001500589e-12, 7.98396112135e-14, 9.24639291728e-15, 7.22410644086e-17, 1.61478228716e-17, 7.34411810547e-18, 5.25101366602e-18, 3.86812484615e-18, 2.96848383232e-18, 2.41882893272e-18],
        "max": [0.000414309091866, 0.00770778302103, 0.0135517362505, 0.100804746151, 0.0770793706179, 0.0245013050735, 0.0112163312733, 0.011092771776, 0.0125425159931, 0.0103619750589, 0.00832887459546, 0.00461433641613, 0.00679186172783, 0.00350631657057, 0.00480713089928, 0.00175818568096, 0.00507143884897, 0.00103597936686, 0.00197486043908, 0.000395679089706, 0.000480914837681, 0.000492714636493, 0.000379934266675, 0.000405236525694, 0.00169827311765, 0.00146299728658, 0.000416908937041, 0.000216363812797, 9.19204612728e-05, 0.000164110329933, 8.03427610663e-05, 5.99891518505e-06, 2.82368114313e-06, 2.29554103726e-07, 1.35254154543e-07, 1.20462715358e-07, 1.11903140976e-07, 9.78709095989e-08, 8.5905490721e-08, 7.75430208932e-08],
        "mean": [1.24347898236e-05, 0.000246390234679, 0.000572942139115, 0.00309359747916, 0.00345580442809, 0.00168934476096, 0.000673248723615, 0.000534600520041, 0.000282937457087, 0.000169481761986, 0.000155014146003, 8.96278215805e-05, 0.000145048878039, 6.19194179308e-05, 4.75170745631e-05, 4.07569787058e-05, 7.7712982602e-05, 4.01861252612e-05, 5.17617154401e-05, 1.52046750372e-05, 1.76124249265e-05, 1.55623038154e-05, 1.00821089291e-05, 1.34618230732e-05, 2.91222386295e-05, 3.12553493131e-05, 8.88190243131e-06, 4.29629108112e-06, 1.48406013523e-06, 8.93751519015e-07, 3.62503584483e-07, 6.01085332619e-08, 9.88473747299e-09, 2.83534706824e-09, 1.23732568635e-09, 6.2691035696e-10, 3.44278661135e-10, 1.8033773086e-10, 1.18597687226e-10, 8.49136663761e-11],
        "median": [6.01377041676e-06, 0.000115340277262, 0.000224492949201, 0.00104006275069, 0.00148244190495, 0.000791179772932, 0.000274084304692, 0.000138140909257, 5.95493474975e-05, 1.33655939862e-05, 1.03078218672e-05, 5.85815723753e-06, 8.2231754277e-06, 7.34467585062e-06, 5.98741826252e-06, 7.04192825651e-06, 1.39227468026e-05, 1.03913071143e-05, 1.29121553982e-05, 3.82992948289e-06, 4.27342774856e-06, 3.45258285961e-06, 1.55927148171e-06, 2.2995393465e-06, 4.71724615636e-06, 3.99964937969e-06, 1.35016989589e-06, 4.16859904817e-07, 1.04054656447e-07, 4.13659826393e-08, 1.34565354415e-08, 3.39255490367e-09, 1.38069145006e-09, 7.68401731133e-10, 4.8528359109e-10, 2.55218485234e-10, 1.54473725478e-10, 9.08680491962e-11, 5.49467658872e-11, 3.3779364722e-11],
        "min": [6.7305498952e-09, 8.38628977817e-07, 1.37138113132e-06, 1.5672507061e-06, 3.10736737674e-07, 5.65898652383e-08, 4.66623291118e-08, 5.86904960187e-08, 7.90272558504e-09, 1.14731291134e-08, 4.51257742284e-09, 4.37584546376e-09, 3.26595417377e-09, 2.09193840028e-09, 2.07700101562e-09, 2.53150123086e-09, 4.39479519443e-09, 2.17556794802e-09, 9.46025258131e-10, 2.71570099741e-10, 9.78862060852e-11, 1.36584132893e-10, 1.13256438949e-10, 8.90784321306e-11, 1.40107106472e-10, 8.66973576263e-11, 6.64445651277e-11, 4.42418428281e-11, 4.15896934947e-11, 3.36097989717e-11, 2.57414749238e-11, 2.01046228276e-11, 8.91209675502e-12, 1.00249392121e-11, 1.16911818768e-11, 9.61691403595e-12, 1.34734862156e-11, 1.45421565415e-11, 1.13209216307e-11, 7.56457917139e-12],
        "var": [5.85567150324e-10, 3.27102299025e-07, 1.20461550068e-06, 4.2164214392e-05, 2.6479619919e-05, 4.9711329666e-06, 1.11266172098e-06, 1.2031633787e-06, 8.09943514923e-07, 3.3779733144e-07, 2.87255488729e-07, 1.36377167337e-07, 3.31430840106e-07, 5.09935595971e-08, 4.80657078583e-08, 1.23326637791e-08, 9.27837575659e-08, 7.76107444977e-09, 1.28981980652e-08, 8.4889201224e-10, 1.54960899668e-09, 1.37062317052e-09, 8.34575908382e-10, 1.13682019354e-09, 7.71503394503e-09, 9.54286605293e-09, 5.39740974137e-10, 1.92064239513e-10, 3.18525726628e-11, 3.25365845377e-11, 6.89181090668e-12, 9.87012460153e-14, 7.04910432529e-15, 1.72932747906e-16, 1.98833887158e-17, 8.42594461523e-18, 5.55145517708e-18, 3.86167738686e-18, 2.96455410402e-18, 2.41488783069e-18]
    },
    "mfcc": {
        "dmean": [16.7994194031, 8.21476745605, 11.5828638077, 8.30436515808, 7.81973648071, 6.86972427368, 6.52983283997, 6.6794757843, 6.21084165573, 5.99081850052, 6.02485132217, 5.78512382507, 5.42698669434],
        "dmean2": [20.3174438477, 12.2511377335, 15.5757398605, 11.5256900787, 11.450173378, 10.4175710678, 10.2247028351, 10.1178770065, 9.68300533295, 9.20962524414, 9.23563575745, 9.08396816254, 8.55600738525],
        "dvar": [556.712341309, 57.4592094421, 206.952011108, 53.6277313232, 44.6254844666, 36.8787956238, 28.7632007599, 36.1661872864, 26.3831062317, 26.192073822, 25.3037567139, 22.2242069244, 20.9868526459],
        "dvar2": [752.358032227, 111.323547363, 302.695709229, 94.2469482422, 89.3912277222, 76.9409866333, 68.8505859375, 74.5581054688, 62.4872741699, 64.1703643799, 59.1058654785, 51.9572486877, 51.8010368347],
        "max": [-606.670898438, 286.27532959, 113.344604492, 148.519775391, 64.8550720215, 46.3595581055, 44.2176589966, 24.2009830475, 18.9601783752, 33.0227584839, 22.9048576355, 23.6558475494, 30.1935691833],
        "mean": [-753.762451172, 219.712768555, -49.1521224976, 40.7943725586, 6.46399307251, -25.7885417938, -5.41736793518, -32.9022941589, -24.4727420807, -6.93031167984, -11.2360391617, -14.2834806442, -7.33869171143],
        "median": [-742.444824219, 221.085235596, -58.0684013367, 39.9428901672, 9.50605773926, -26.0626182556, -5.11608505249, -34.9244842529, -24.6183776855, -6.10381317139, -9.83606529236, -14.0255966187, -7.03815841675],
        "min": [-1016.16363525, 89.5295181274, -140.55682373, -29.3456192017, -73.4226379395, -81.712677002, -44.2678604126, -76.7167205811, -62.8588943481, -64.7714538574, -67.6995925903, -54.4255638123, -43.3049354553],
        "var": [4926.23486328, 672.276550293, 2106.81323242, 714.018920898, 536.85723877, 356.101959229, 147.669754028, 272.990814209, 140.397033691, 203.940689087, 153.234115601, 110.932891846, 113.362945557],
        "cov": [[4928.14111328, -110.371032715, -2948.58496094, 919.438659668, -884.686645508, -635.263671875, 230.402023315, -281.304412842, 9.72845935822, -186.988098145, -59.9635124207, 2.6882891655, -138.038040161], [-110.371032715, 672.536743164, 341.023925781, -429.681549072, 74.7545318604, -102.618202209, -48.3917884827, 148.127563477, -36.4989929199, -28.085641861, -26.5916690826, -21.545042038, -21.3538017273], [-2948.58496094, 341.023925781, 2107.62841797, -605.413330078, 455.338226318, 387.372497559, -176.422424316, 207.817428589, 1.3961712122, 63.6602592468, 27.1253032684, -9.13883972168, 46.8125991821], [919.438659668, -429.681549072, -605.413330078, 714.295227051, -59.7085723877, -58.7325668335, 56.6225318909, -241.056350708, -3.74433302879, 9.2604637146, -32.6293945312, 0.857885956764, -11.9511203766], [-884.686645508, 74.7545318604, 455.338226318, -59.7085723877, 537.065002441, 198.524978638, -82.2376098633, -30.8000106812, -62.6722259521, 129.09753418, 19.3756446838, -22.7460975647, 64.3547973633], [-635.263671875, -102.618202209, 387.372497559, -58.7325668335, 198.524978638, 356.239776611, -4.04043292999, -51.2210350037, 20.0141296387, 68.7312469482, 69.3103103638, 22.3406124115, 37.5289535522], [230.402023315, -48.3917884827, -176.422424316, 56.6225318909, -82.2376098633, -4.04043292999, 147.726898193, 25.1465682983, -12.0838413239, 1.71570146084, 0.223459511995, 17.0452632904, 6.30025720596], [-281.304412842, 148.127563477, 207.817428589, -241.056350708, -30.8000106812, -51.2210350037, 25.1465682983, 273.096466064, 56.6424942017, -81.158164978, 0.982024848461, 2.00172352791, -11.956486702], [9.72845935822, -36.4989929199, 1.3961712122, -3.74433302879, -62.6722259521, 20.0141296387, -12.0838413239, 56.6424942017, 140.451370239, -11.4766407013, -19.7911777496, 16.7838954926, -9.46102714539], [-186.988098145, -28.085641861, 63.6602592468, 9.2604637146, 129.09753418, 68.7312469482, 1.71570146084, -81.158164978, -11.4766407013, 204.019622803, 69.4247360229, -29.0378742218, 45.3344421387], [-59.9635124207, -26.5916690826, 27.1253032684, -32.6293945312, 19.3756446838, 69.3103103638, 0.223459511995, 0.982024848461, -19.7911777496, 69.4247360229, 153.293411255, 34.3267631531, -0.633097052574], [2.6882891655, -21.545042038, -9.13883972168, 0.857885956764, -22.7460975647, 22.3406124115, 17.0452632904, 2.00172352791, 16.7838954926, -29.0378742218, 34.3267631531, 110.975822449, 31.7866230011], [-138.038040161, -21.3538017273, 46.8125991821, -11.9511203766, 64.3547973633, 37.5289535522, 6.30025720596, -11.956486702, -9.46102714539, 45.3344421387, -0.633097052574, 31.7866230011, 113.406822205]],
        "icov": [[0.029330085963, -0.0398708693683, 0.0402139499784, -0.0374710299075, 0.0360466092825, -0.0328456349671, 0.0297438278794, -0.0258272476494, 0.0214236788452, -0.0165106803179, 0.0117911081761, -0.0073624746874, 0.00420002499595], [-0.0398708693683, 0.0574747659266, -0.0549601316452, 0.0533047541976, -0.050328399986, 0.0470769554377, -0.0416766032577, 0.0365636497736, -0.0298256929964, 0.023551588878, -0.0165186747909, 0.0103967143223, -0.00516244675964], [0.0402139499784, -0.0549601316452, 0.0563460402191, -0.0514962226152, 0.0498781278729, -0.0471581220627, 0.0430763363838, -0.0377678014338, 0.0312956906855, -0.0245627164841, 0.0182320084423, -0.0115143284202, 0.00659935222939], [-0.0374710299075, 0.0533047541976, -0.0514962226152, 0.0529144406319, -0.0487236529589, 0.0458518303931, -0.042413264513, 0.0392420627177, -0.0316940695047, 0.0254465192556, -0.0181232150644, 0.0119857825339, -0.00604718504474], [0.0360466092825, -0.050328399986, 0.0498781278729, -0.0487236529589, 0.0504727251828, -0.0460515730083, 0.0431587584317, -0.0383331887424, 0.0335206612945, -0.0276993233711, 0.0206144247204, -0.0130288358778, 0.00647054705769], [-0.0328456349671, 0.0470769554377, -0.0471581220627, 0.0458518303931, -0.0460515730083, 0.0485903322697, -0.0427317619324, 0.0398528091609, -0.0342967249453, 0.0278669856489, -0.0232209637761, 0.0143735148013, -0.00834771059453], [0.0297438278794, -0.0416766032577, 0.0430763363838, -0.042413264513, 0.0431587584317, -0.0427317619324, 0.0489120259881, -0.0402845703065, 0.0348678641021, -0.0297493655235, 0.0236427579075, -0.0170829482377, 0.00851221568882], [-0.0258272476494, 0.0365636497736, -0.0377678014338, 0.0392420627177, -0.0383331887424, 0.0398528091609, -0.0402845703065, 0.0433605983853, -0.0347100682557, 0.030830880627, -0.0245256572962, 0.0175237115473, -0.00972146634012], [0.0214236788452, -0.0298256929964, 0.0312956906855, -0.0316940695047, 0.0335206612945, -0.0342967249453, 0.0348678641021, -0.0347100682557, 0.037359457463, -0.0269989669323, 0.0232992246747, -0.0171659532934, 0.00978456810117], [-0.0165106803179, 0.023551588878, -0.0245627164841, 0.0254465192556, -0.0276993233711, 0.0278669856489, -0.0297493655235, 0.030830880627, -0.0269989669323, 0.0322957225144, -0.0242738984525, 0.0189746599644, -0.0120579907671], [0.0117911081761, -0.0165186747909, 0.0182320084423, -0.0181232150644, 0.0206144247204, -0.0232209637761, 0.0236427579075, -0.0245256572962, 0.0232992246747, -0.0242738984525, 0.0271544530988, -0.0174457635731, 0.0105817373842], [-0.0073624746874, 0.0103967143223, -0.0115143284202, 0.0119857825339, -0.0130288358778, 0.0143735148013, -0.0170829482377, 0.0175237115473, -0.0171659532934, 0.0189746599644, -0.0174457635731, 0.0230563767254, -0.0111314402893], [0.00420002499595, -0.00516244675964, 0.00659935222939, -0.00604718504474, 0.00647054705769, -0.00834771059453, 0.00851221568882, -0.00972146634012, 0.00978456810117, -0.0120579907671, 0.0105817373842, -0.0111314402893, 0.0160049702972]]
    }
}

}