{
"metadata": {
    "version": {
        "essentia": "2.0.1",
        "extractor": "archive-music 1.0 mod ismir14"
    },
    "audio_properties": {
        "analysis_sample_rate": 44100,
        "bitrate": 1444,
        "channels": 2,
        "equal_loudness": 0,
        "length": 30,
        "replay_gain": -14.8594207764,
        "downmix": "mix"
    },
    "tags": {
        "track": 0,
        "year": 0,
        "album": "",
        "artist": "",
        "comment": "",
        "genre": "",
        "title": ""
    }
},
"rhythm": {
    "bpm": 109.359153748,
    "bpm_histogram_first_peak": 110,
    "bpm_histogram_first_peak_spread": 0.415094316006,
    "bpm_histogram_first_peak_weight": 0.584905683994,
    "bpm_histogram_second_peak": 0,
    "bpm_histogram_second_peak_spread": 0,
    "bpm_histogram_second_peak_weight": 0
},
"tonal": {
    "tuning_frequency": {
        "dmean": 0.0514882318676,
        "dmean2": 0.0962285846472,
        "dvar": 0.909939110279,
        "dvar2": 1.69757509232,
        "max": 456.04309082,
        "mean": 434.769500732,
        "median": 434.193115234,
        "min": 431.193908691,
        "var": 9.44995594025
    },
    "hpcp": {
        "dmean": [0.157514691353, 0.184452682734, 0.266354441643, 0.281167447567, 0.219305723906, 0.156379312277, 0.116633728147, 0.137129858136, 0.202790424228, 0.112014181912, 0.117011725903, 0.115643106401],
        "dmean2": [0.298455893993, 0.354081630707, 0.512389242649, 0.536142110825, 0.422329336405, 0.291473686695, 0.219142392278, 0.255874693394, 0.377782434225, 0.213477566838, 0.221642702818, 0.223047316074],
        "dvar": [0.0914944708347, 0.113402083516, 0.154898747802, 0.14981508255, 0.130282372236, 0.0855075567961, 0.0709258764982, 0.0800505280495, 0.0961868688464, 0.0702825635672, 0.0690610408783, 0.0712170600891],
        "dvar2": [0.249402955174, 0.311188548803, 0.41799762845, 0.397077441216, 0.339579343796, 0.230641931295, 0.194780692458, 0.220988944173, 0.253489136696, 0.20390433073, 0.198679730296, 0.199330970645],
        "max": [1, 1, 1, 1, 1, 1, 1, 1, 1, 1, 1, 1],
        "mean": [0.121282026172, 0.121481254697, 0.18402595818, 0.245698615909, 0.148292303085, 0.128529205918, 0.088385425508, 0.121246054769, 0.222362175584, 0.073584638536, 0.0902505218983, 0.0765072628856],
        "median": [0.00764010567218, 0.00305493478663, 0.00543888099492, 0.0196947064251, 0.00316649745218, 0.00884170737118, 0.00214528990909, 0.00474222330377, 0.0247251912951, 0.00164356268942, 0.00435221241787, 0.00268299458548],
        "min": [0, 0, 0, 0, 0, 0, 0, 0, 0, 0, 0, 0],
        "var": [0.0739354640245, 0.0809599384665, 0.123661331832, 0.146813586354, 0.100744783878, 0.075105085969, 0.0571548826993, 0.0773392766714, 0.122573293746, 0.047861572355, 0.0541654713452, 0.0484280437231]
    }
},
"lowlevel": {
    "melbands": {
        "dmean": [0.00175573083106, 0.00510855391622, 0.00505278725177, 0.00215180567466, 0.000930438283831, 0.000562832981814, 0.000335959804943, 0.000327831396135, 0.000407304003602, 0.000328050751705, 7.13487679604e-05, 8.73956960277e-05, 5.32734848093e-05, 4.8453322961e-05, 5.59559484827e-05, 5.69256008021e-05, 6.26214023214e-05, 4.82078903588e-05, 2.59603712038e-05, 5.24067145307e-05, 2.45820410782e-05, 1.70452694874e-05, 1.87314562936e-05, 1.15308093882e-05, 6.6813245212e-06, 4.35335959992e-06, 2.51385131378e-06, 1.74895262717e-06, 1.91855906451e-06, 1.32962952648e-06, 1.15046111659e-06, 9.53742528509e-07, 9.14782219752e-07, 6.46596390652e-07, 5.5342837868e-07, 4.49228537036e-07, 3.35634410931e-07, 2.31689753605e-07, 1.83480949545e-07, 1.5457334257e-07],
        "dmean2": [0.00285270763561, 0.00857432186604, 0.00845711771399, 0.00359053723514, 0.00155047967564, 0.00097369926516, 0.000565540220123, 0.000498367415275, 0.000593092292547, 0.000469061982585, 0.000105112616438, 0.000128273211885, 8.10552519397e-05, 7.02781035216e-05, 8.04859300843e-05, 8.42416484375e-05, 9.91698398138e-05, 7.454619481e-05, 3.83536571462e-05, 8.19735287223e-05, 3.91263565689e-05, 2.67782434094e-05, 2.97180431517e-05, 1.82642070286e-05, 1.10064556793e-05, 6.95974085829e-06, 4.10856364397e-06, 2.84027873931e-06, 3.21854759022e-06, 2.12960094359e-06, 1.90622381524e-06, 1.53826204041e-06, 1.43253623719e-06, 1.01361558791e-06, 8.96474034562e-07, 7.28203929157e-07, 4.98055840126e-07, 3.2887675161e-07, 2.73713311572e-07, 2.33694422036e-07],
        "dvar": [1.84056170838e-05, 3.78909899155e-05, 2.59924254351e-05, 8.74183115229e-06, 1.70236307895e-06, 9.09748962385e-07, 2.93165157927e-07, 3.67775641053e-07, 6.79615993704e-07, 6.89810178756e-07, 2.23849507819e-08, 6.83756979925e-08, 2.02102903302e-08, 2.40823236908e-08, 2.52942520262e-08, 2.6125904995e-08, 3.77145532582e-08, 1.64679843095e-08, 4.27384261315e-09, 5.11062410169e-08, 3.33770477923e-09, 1.30734745252e-09, 2.46847164931e-09, 7.93369925312e-10, 2.18243798034e-10, 1.23468429925e-10, 4.71421235382e-11, 2.00174789938e-11, 2.04117920483e-11, 1.14016808148e-11, 9.53515044699e-12, 6.23944038797e-12, 5.87678733802e-12, 3.54480919444e-12, 3.38624267515e-12, 3.58086216928e-12, 2.85471819794e-12, 1.33268233688e-12, 7.66899781526e-13, 5.89933429797e-13],
        "dvar2": [3.9712045691e-05, 0.000112082045234, 7.58519236115e-05, 2.35695315496e-05, 4.58693966721e-06, 2.58181535173e-06, 7.788437415e-07, 7.82667825661e-07, 1.29610009481e-06, 1.41116697705e-06, 4.30225632897e-08, 1.40903480883e-07, 3.81574416508e-08, 5.14934548335e-08, 4.34643148139e-08, 6.17119084723e-08, 1.02026120885e-07, 3.81084532819e-08, 8.77195205362e-09, 1.27741714095e-07, 8.04246624853e-09, 3.06962144592e-09, 6.58627907768e-09, 2.11357287228e-09, 5.88893711573e-10, 3.03893243903e-10, 1.26176361026e-10, 5.13337324037e-11, 5.29032720409e-11, 2.92814106295e-11, 2.57327995717e-11, 1.51024245193e-11, 1.40245870472e-11, 8.07516727097e-12, 7.63489098332e-12, 7.75228926192e-12, 4.28667474781e-12, 2.49148553351e-12, 1.47895497932e-12, 1.36463767803e-12],
        "max": [0.0670517981052, 0.060175806284, 0.0476032570004, 0.0359184518456, 0.0125167677179, 0.0144743174314, 0.0090368213132, 0.0123732034117, 0.0196462292224, 0.0199407562613, 0.00600944366306, 0.0095326192677, 0.00486735068262, 0.00432500429451, 0.00419116718695, 0.00322151673026, 0.0035168970935, 0.00267563294619, 0.00111890106928, 0.00566649949178, 0.00116778479423, 0.00077136704931, 0.00109722977504, 0.000520549481735, 0.000256864208495, 0.000216549116885, 0.000183616459253, 6.95140188327e-05, 6.06157300354e-05, 5.46636074432e-05, 5.48039752175e-05, 4.01433244406e-05, 5.46638329979e-05, 4.97326182085e-05, 6.30723079666e-05, 7.5627467595e-05, 0.000101684359834, 5.90065574215e-05, 4.71784696856e-05, 3.58700599463e-05],
        "mean": [0.00232059531845, 0.00913633219898, 0.00805886555463, 0.00311536365189, 0.00133675860707, 0.00101634161547, 0.000611843483057, 0.000701684039086, 0.00091906246962, 0.000721566611901, 0.000167515390785, 0.000155384899699, 0.000108637941594, 0.000103315069282, 0.000102605154098, 0.000106953353679, 0.000100197241409, 9.46291547734e-05, 5.40113542229e-05, 0.000103722690255, 4.58929207525e-05, 3.12708652928e-05, 4.18005220126e-05, 2.47982534347e-05, 1.21174252854e-05, 7.66101857153e-06, 4.33036711911e-06, 2.99289058603e-06, 3.29742442773e-06, 2.29939814744e-06, 1.86605950603e-06, 1.82998007858e-06, 1.68587507687e-06, 1.26287272906e-06, 1.05858407551e-06, 8.53803669543e-07, 6.71311340739e-07, 4.55604720173e-07, 3.5158296896e-07, 3.00139504361e-07],
        "median": [0.00110869656783, 0.0075556198135, 0.00657182605937, 0.00215327693149, 0.000766243203543, 0.000360987847671, 0.000285340822302, 0.000226098040002, 0.000218157685595, 0.000143234981806, 5.06279357069e-05, 3.87697873521e-05, 2.82939836325e-05, 2.0875766495e-05, 2.21500486077e-05, 2.00187714654e-05, 1.90736227523e-05, 1.95629272639e-05, 1.3032609786e-05, 1.22972805912e-05, 1.15057900985e-05, 1.10048822535e-05, 7.93723029346e-06, 4.96396205563e-06, 3.55195697921e-06, 2.46828608397e-06, 1.35948835123e-06, 8.22978051929e-07, 8.30511680761e-07, 4.41804047568e-07, 3.3748906958e-07, 3.27566965552e-07, 2.96466964755e-07, 2.50757437925e-07, 1.92467680904e-07, 1.65505895211e-07, 1.23321967749e-07, 7.86684708487e-08, 6.15755482158e-08, 4.74059369537e-08],
        "min": [6.40421689013e-08, 2.7787754675e-07, 5.85817019783e-07, 1.97271674551e-06, 8.55559665069e-06, 2.71964086096e-06, 2.87940878252e-07, 6.9429788141e-08, 4.26761744166e-07, 1.81892630735e-07, 1.79722281501e-08, 1.45540486329e-08, 7.21915416335e-09, 1.63367843697e-08, 7.73273711729e-09, 7.42230721329e-09, 6.16838002898e-09, 4.50825066167e-09, 5.13319120543e-09, 4.86464291072e-09, 5.01313213164e-09, 6.22920559579e-09, 2.4933080045e-09, 2.22545604167e-09, 1.60576407726e-09, 1.82377890567e-09, 1.22528043267e-09, 6.18660400686e-10, 2.12460063431e-10, 1.90333804273e-10, 9.04250563316e-11, 4.09369239895e-11, 3.37090251545e-11, 2.30223357739e-11, 1.60993978565e-11, 1.78031114156e-11, 1.52437489714e-11, 1.21604740166e-11, 1.0044998687e-11, 8.49793846402e-12],
        "var": [2.79300929833e-05, 5.8288074797e-05, 4.16188522649e-05, 1.14054728328e-05, 2.54356564255e-06, 2.34976437241e-06, 7.36980268812e-07, 1.6766182398e-06, 3.16396835842e-06, 3.32283366333e-06, 1.4992691888e-07, 2.22204846523e-07, 8.80127046798e-08, 6.73611495472e-08, 8.49566959005e-08, 7.11561725097e-08, 6.40509867367e-08, 6.0983218475e-08, 1.47522056793e-08, 1.784064807e-07, 1.05231663383e-08, 2.88457124853e-09, 1.01306403266e-08, 3.07923619935e-09, 4.43098474578e-10, 2.15219647659e-10, 7.1726215245e-11, 3.79417920693e-11, 4.41032210752e-11, 2.46207134541e-11, 1.80024484903e-11, 1.7247186318e-11, 1.61493058509e-11, 1.10160075506e-11, 1.20601419476e-11, 1.35095788723e-11, 1.29273475605e-11, 5.28295896612e-12, 2.53336891395e-12, 1.91382066445e-12]
    },
    "mfcc": {
        "dmean": [13.515961647, 10.0266504288, 8.70701217651, 8.00390911102, 7.17740345001, 7.08132362366, 6.8195309639, 6.91447734833, 6.73625850677, 6.5072183609, 6.36027002335, 6.18901348114, 6.04927015305],
        "dmean2": [17.6730442047, 14.6685705185, 13.1857566833, 12.6101913452, 11.5932664871, 11.4211187363, 11.2175226212, 11.3085708618, 11.0356168747, 10.5346031189, 10.4564304352, 10.141913414, 9.80882835388],
        "dvar": [362.549407959, 129.231582642, 59.6898651123, 49.6271781921, 35.5007019043, 32.9872627258, 29.9162387848, 30.3493671417, 27.974603653, 27.1989078522, 26.4020080566, 24.2713508606, 21.8211765289],
        "dvar2": [569.949401855, 222.313537598, 121.01486969, 116.562545776, 83.1596221924, 81.4728088379, 79.0068893433, 77.9643859863, 74.2204589844, 68.8333053589, 69.0895385742, 62.9731292725, 59.996635437],
        "max": [-493.300964355, 273.888061523, 139.403381348, 103.875671387, 73.422668457, 49.8208084106, 36.1678237915, 52.99974823, 32.2194213867, 42.7757720947, 46.2108535767, 32.5706672668, 31.8963890076],
        "mean": [-646.848693848, 175.717590332, 5.57953071594, 32.7635650635, 15.830083847, 5.22400522232, -5.62199687958, 4.78914499283, -1.42544221878, 1.83697903156, 0.621296942234, -1.73679769039, -6.39491653442],
        "median": [-632.101745605, 175.234771729, 5.71123504639, 32.0623855591, 16.0377388, 6.11215209961, -4.53180885315, 4.71156311035, -0.842901229858, 0.970726013184, -0.0396976470947, -2.19035339355, -6.27103042603],
        "min": [-917.342895508, 15.9561786652, -103.676963806, -58.5347747803, -44.5849266052, -52.6460647583, -54.4739837646, -40.2323150635, -42.76978302, -37.7986755371, -31.4927597046, -30.9845809937, -42.0024833679],
        "var": [5791.72900391, 1592.03710938, 1245.51062012, 503.457489014, 308.447235107, 216.022750854, 217.887893677, 143.638122559, 102.114677429, 162.948547363, 114.545166016, 90.8820877075, 90.0393371582],
        "cov": [[5793.97021484, -1856.68444824, -686.011108398, -234.05708313, -343.042510986, -69.5700836182, -238.031204224, 39.5365180969, -6.12292098999, 69.7360534668, 44.3634376526, -25.9519824982, -33.1079444885], [-1856.68444824, 1592.65319824, -453.876647949, -226.725891113, 27.654504776, -109.864547729, 95.9249343872, -25.1299591064, -39.1717758179, 37.2266273499, 49.9825325012, 22.223657608, -9.75088787079], [-686.011108398, -453.876647949, 1245.99267578, 260.345031738, 6.05581283569, 226.950637817, 130.422531128, 40.2684402466, 15.8245697021, -86.2247314453, -55.5050201416, -18.1161460876, 13.8568515778], [-234.05708313, -226.725891113, 260.345031738, 503.65234375, 136.244430542, 13.3888244629, -98.880317688, 5.76011657715, 41.6937446594, -86.6526184082, -69.8613967896, -3.58703804016, 17.1160354614], [-343.042510986, 27.654504776, 6.05581283569, 136.244430542, 308.566619873, -22.599401474, -40.9622077942, 17.8132209778, 15.7975931168, 8.74433803558, -13.3780040741, 16.9981021881, -0.629373013973], [-69.5700836182, -109.864547729, 226.950637817, 13.3888244629, -22.599401474, 216.10635376, 81.8418731689, -12.2781295776, 2.63704586029, -13.4037332535, 0.468377739191, -12.0345315933, -8.40564250946], [-238.031204224, 95.9249343872, 130.422531128, -98.880317688, -40.9622077942, 81.8418731689, 217.972213745, 33.5515480042, -28.7675266266, 29.2209815979, 26.978723526, 2.21794772148, -9.3608455658], [39.5365180969, -25.1299591064, 40.2684402466, 5.76011657715, 17.8132209778, -12.2781295776, 33.5515480042, 143.693710327, 11.0519189835, -1.76672267914, 8.57964229584, 16.3132762909, -6.31514310837], [-6.12292098999, -39.1717758179, 15.8245697021, 41.6937446594, 15.7975931168, 2.63704586029, -28.7675266266, 11.0519189835, 102.154197693, 21.9735488892, -13.699596405, -2.61143159866, -2.58298969269], [69.7360534668, 37.2266273499, -86.2247314453, -86.6526184082, 8.74433803558, -13.4037332535, 29.2209815979, -1.76672267914, 21.9735488892, 163.011611938, 65.1553573608, -12.5284929276, -28.9058380127], [44.3634376526, 49.9825325012, -55.5050201416, -69.8613967896, -13.3780040741, 0.468377739191, 26.978723526, 8.57964229584, -13.699596405, 65.1553573608, 114.589492798, 19.5499477386, -14.7708492279], [-25.9519824982, 22.223657608, -18.1161460876, -3.58703804016, 16.9981021881, -12.0345315933, 2.21794772148, 16.3132762909, -2.61143159866, -12.5284929276, 19.5499477386, 90.9172515869, 28.4716644287], [-33.1079444885, -9.75088787079, 13.8568515778, 17.1160354614, -0.629373013973, -8.40564250946, -9.3608455658, -6.31514310837, -2.58298969269, -28.9058380127, -14.7708492279, 28.4716644287, 90.074180603]],
        "icov": [[0.00052681035595, 0.000770169426687, 0.000503736839164, 0.000218125365791, 0.000442736607511, -3.54075709765e-05, 0.000220654939767, -0.000274768652162, 0.000192729115952, -6.43539970042e-05, -6.42502418486e-05, -5.00428313899e-06, 0.000137444410939], [0.000770169426687, 0.00193029653747, 0.000997882802039, 0.000495239801239, 0.00039808350266, 0.000357309298124, -0.000388726912206, -8.05681265774e-05, 0.000175672001205, 0.000234961044043, -0.00028513991856, -2.44824095716e-05, 0.000275927246548], [0.000503736839164, 0.000997882802039, 0.00180690048728, -0.000438791670604, 0.000475529464893, -0.000877235666849, -0.000723036937416, -0.00044349275413, 5.38507192687e-05, 0.000286291353405, 4.78474030388e-05, 0.000178440313903, -4.1323753976e-05], [0.000218125365791, 0.000495239801239, -0.000438791670604, 0.00341217522509, -0.00110902683809, 4.65922712465e-05, 0.00131982855964, -0.000128233194118, -0.000774423358962, 0.0012000730494, 0.000317518017255, 0.000264768139459, 8.95960147318e-06], [0.000442736607511, 0.00039808350266, 0.000475529464893, -0.00110902683809, 0.00441311392933, -6.90589295118e-05, 0.000695265072864, -0.000814217317384, 0.000527147843968, -0.00134930375498, 0.00068942643702, -0.00107494113036, 0.000417917617597], [-3.54075709765e-05, 0.000357309298124, -0.000877235666849, 4.65922712465e-05, -6.90589295118e-05, 0.00700392294675, -0.00275265239179, 0.00170108710881, -0.001253049355, 0.0012998948805, -0.000951674766839, 0.0005648843362, 0.000684682570864], [0.000220654939767, -0.000388726912206, -0.000723036937416, 0.00131982855964, 0.000695265072864, -0.00275265239179, 0.00809284020215, -0.00236679124646, 0.00238882470876, -0.00193479226436, 0.000366275577107, -0.000471348525025, -2.07989887713e-05], [-0.000274768652162, -8.05681265774e-05, -0.00044349275413, -0.000128233194118, -0.000814217317384, 0.00170108710881, -0.00236679124646, 0.00834254175425, -0.00179842452053, 0.00121862266678, -0.000880124396645, -0.0012410893105, 0.00106233300176], [0.000192729115952, 0.000175672001205, 5.38507192687e-05, -0.000774423358962, 0.000527147843968, -0.001253049355, 0.00238882470876, -0.00179842452053, 0.0122097209096, -0.00394070986658, 0.00289397337474, -0.000842424866278, 6.40097787254e-05], [-6.43539970042e-05, 0.000234961044043, 0.000286291353405, 0.0012000730494, -0.00134930375498, 0.0012998948805, -0.00193479226436, 0.00121862266678, -0.00394070986658, 0.0107218259946, -0.00582888629287, 0.0024885116145, 0.00131124653853], [-6.42502418486e-05, -0.00028513991856, 4.78474030388e-05, 0.000317518017255, 0.00068942643702, -0.000951674766839, 0.000366275577107, -0.000880124396645, 0.00289397337474, -0.00582888629287, 0.0137339131907, -0.0041944948025, 0.00156062317546], [-5.00428313899e-06, -2.44824095716e-05, 0.000178440313903, 0.000264768139459, -0.00107494113036, 0.0005648843362, -0.000471348525025, -0.0012410893105, -0.000842424866278, 0.0024885116145, -0.0041944948025, 0.0142142726108, -0.00457945559174], [0.000137444410939, 0.000275927246548, -4.1323753976e-05, 8.95960147318e-06, 0.000417917617597, 0.000684682570864, -2.07989887713e-05, 0.00106233300176, 6.40097787254e-05, 0.00131124653853, 0.00156062317546, -0.00457945559174, 0.0134522132576]]
    }
}

}