{
"metadata": {
    "version": {
        "essentia": "2.0.1",
        "extractor": "archive-music 1.0 mod ismir14"
    },
    "audio_properties": {
        "analysis_sample_rate": 44100,
        "bitrate": 96,
        "channels": 2,
        "equal_loudness": 0,
        "length": 30.0669155121,
        "replay_gain": -13.4122962952,
        "downmix": "mix"
    },
    "tags": {
        "track": 0,
        "year": 0,
        "album": "",
        "artist": "",
        "comment": "",
        "genre": "",
        "title": ""
    }
},
"rhythm": {
    "bpm": 88.2892990112,
    "bpm_histogram_first_peak": 89,
    "bpm_histogram_first_peak_spread": 0.333333313465,
    "bpm_histogram_first_peak_weight": 0.651162803173,
    "bpm_histogram_second_peak": 94,
    "bpm_histogram_second_peak_spread": 0,
    "bpm_histogram_second_peak_weight": 0.0232558138669
},
"tonal": {
    "tuning_frequency": {
        "dmean": 0.0903719738126,
        "dmean2": 0.169192314148,
        "dvar": 1.2419205904,
        "dvar2": 2.59277057648,
        "max": 454.465301514,
        "mean": 435.606140137,
        "median": 434.695007324,
        "min": 431.692352295,
        "var": 18.1044502258
    },
    "hpcp": {
        "dmean": [0.180400565267, 0.157929986715, 0.171202689409, 0.176018729806, 0.136806711555, 0.151884645224, 0.238100498915, 0.28490921855, 0.25712248683, 0.206182152033, 0.262457966805, 0.238344356418],
        "dmean2": [0.335449248552, 0.294836819172, 0.318690776825, 0.321848481894, 0.255506068468, 0.280597895384, 0.436316251755, 0.521140396595, 0.471086204052, 0.383402049541, 0.474300593138, 0.448191225529],
        "dvar": [0.0780504047871, 0.074059613049, 0.0864427238703, 0.082156650722, 0.0665827021003, 0.0662127435207, 0.0953119844198, 0.108294688165, 0.102683909237, 0.0931856930256, 0.0899795144796, 0.104982286692],
        "dvar2": [0.218719750643, 0.210436210036, 0.232367932796, 0.221656724811, 0.18402209878, 0.180575177073, 0.256040722132, 0.299276649952, 0.274171680212, 0.255336016417, 0.233398646116, 0.301881790161],
        "max": [1, 1, 1, 1, 1, 1, 1, 1, 1, 1, 1, 1],
        "mean": [0.161555707455, 0.124517209828, 0.137498989701, 0.170665770769, 0.103114843369, 0.138929873705, 0.2400264889, 0.273405641317, 0.24019433558, 0.163579672575, 0.336002737284, 0.169428214431],
        "median": [0.0314079374075, 0.019494889304, 0.0168617703021, 0.0244655199349, 0.0144599359483, 0.0234209373593, 0.0611199587584, 0.0780148655176, 0.0552927106619, 0.026135224849, 0.161149904132, 0.0267146155238],
        "min": [0, 0, 0, 0, 0, 0, 0, 0, 0, 0, 0, 0],
        "var": [0.0781306773424, 0.0604540631175, 0.0744654983282, 0.0908228009939, 0.0519441701472, 0.0690987482667, 0.115034781396, 0.125848293304, 0.116344481707, 0.0821944475174, 0.133221238852, 0.0853945612907]
    }
},
"lowlevel": {
    "melbands": {
        "dmean": [0.000214484985918, 0.000792710110545, 0.000976291135885, 0.000494387408253, 0.000282391352812, 0.00044098260696, 0.000546485825907, 0.000390997825889, 0.000422764191171, 0.000255956139881, 0.000131091903313, 8.09244593256e-05, 6.34895041003e-05, 4.4850181439e-05, 6.27707413514e-05, 4.11530927522e-05, 4.3701424147e-05, 3.64264051314e-05, 2.84510897473e-05, 2.39732289629e-05, 2.08801739063e-05, 2.03108538699e-05, 2.48273245234e-05, 2.55925060628e-05, 1.97525587282e-05, 1.57637623488e-05, 1.14623053378e-05, 7.56528652346e-06, 4.46295052825e-06, 3.46005617757e-06, 2.50429502557e-06, 1.60279626016e-06, 7.84057704095e-07, 6.0881779973e-07, 5.20349260569e-07, 3.90026173136e-07, 2.54389874499e-07, 1.02963404913e-07, 1.89312832077e-08, 1.01013386544e-09],
        "dmean2": [0.000369214365492, 0.00136488326825, 0.00169082090724, 0.000839725427795, 0.000474740460049, 0.000745395780541, 0.000969972810708, 0.000637686403934, 0.000711068219971, 0.000433016393799, 0.000203422358027, 0.000119675620226, 9.92909190245e-05, 7.00545351719e-05, 9.26726133912e-05, 6.59104262013e-05, 7.09116357029e-05, 5.94803132117e-05, 4.67133431812e-05, 3.97633848479e-05, 3.44901782228e-05, 3.20633116644e-05, 3.99659475079e-05, 4.12011468143e-05, 3.03891174553e-05, 2.53299076576e-05, 1.75704990397e-05, 1.17452846098e-05, 7.40318728276e-06, 5.50892855244e-06, 3.94178823626e-06, 2.61346099251e-06, 1.27777877879e-06, 1.01488285509e-06, 8.42736426421e-07, 6.35835647245e-07, 4.14353962697e-07, 1.66956453995e-07, 3.12263104263e-08, 1.70930536392e-09],
        "dvar": [9.04494825704e-08, 1.19962612644e-06, 1.60675369898e-06, 5.88696082104e-07, 1.69510244064e-07, 3.29108729602e-07, 8.74486204339e-07, 9.17118086363e-07, 5.34914534001e-07, 2.42023247665e-07, 8.68209824034e-08, 4.95631198305e-08, 3.93189125703e-08, 1.65867319879e-08, 4.92829386189e-08, 1.13847207217e-08, 1.95161842242e-08, 9.227568043e-09, 6.7185688124e-09, 6.44889341928e-09, 3.20344439864e-09, 3.02552227716e-09, 3.5080274241e-09, 4.05346645138e-09, 2.32631913732e-09, 1.06938891076e-09, 9.50198697502e-10, 4.64626170871e-10, 9.54374565487e-11, 6.35594771259e-11, 3.64676240594e-11, 1.31415728993e-11, 2.55336377042e-12, 1.07409513141e-12, 1.03973351196e-12, 4.63433761852e-13, 2.16515973444e-13, 5.47856844526e-14, 2.81530987657e-15, 4.42541379562e-18],
        "dvar2": [2.61786595956e-07, 3.11697181132e-06, 4.53748089058e-06, 1.69493853264e-06, 4.48900038919e-07, 8.7177079422e-07, 2.48399510383e-06, 2.26404222303e-06, 1.53108840095e-06, 6.66040989472e-07, 2.21090743935e-07, 8.71029541827e-08, 8.76810872796e-08, 3.86921357176e-08, 1.12015740683e-07, 2.7379009282e-08, 4.63937190887e-08, 2.32099743869e-08, 1.80055739207e-08, 1.73813639037e-08, 8.59482085502e-09, 8.20911960631e-09, 9.16413256391e-09, 1.01428012655e-08, 5.4674895722e-09, 2.57396726155e-09, 1.85692994314e-09, 9.70739155726e-10, 2.44285980333e-10, 1.38901237734e-10, 7.9042536405e-11, 3.16764392494e-11, 6.34905626337e-12, 2.95525019386e-12, 2.9292753119e-12, 1.23641949543e-12, 5.76649947411e-13, 1.44527212463e-13, 7.98719458492e-15, 1.25190865762e-17],
        "max": [0.00394865404814, 0.0144444648176, 0.0153813902289, 0.0122464057058, 0.00589785166085, 0.00630720891058, 0.0103947231546, 0.0111298887059, 0.0170154310763, 0.0120273856446, 0.00695563759655, 0.0057279067114, 0.00568413455039, 0.00364527897909, 0.00842123199254, 0.00280288560316, 0.0038082327228, 0.00176509213634, 0.00106674013659, 0.00173757562879, 0.000857817998622, 0.00141298444942, 0.00117382640019, 0.00123787729535, 0.000904675107449, 0.00076675566379, 0.000721231801435, 0.000664812803734, 0.000165118399309, 0.000279413623502, 0.000179260736331, 0.000101050231024, 3.59556142939e-05, 1.93609685084e-05, 1.82105013664e-05, 9.7557585832e-06, 8.94571712706e-06, 5.33229604116e-06, 1.14698320886e-06, 3.72298956108e-08],
        "mean": [0.000258114276221, 0.00107388419565, 0.00127146230079, 0.000725046149455, 0.000378453027224, 0.000653987750411, 0.000655666226521, 0.000505637610331, 0.000769564765505, 0.000442107586423, 0.000283325265627, 0.000157771108206, 0.00011020302918, 7.87469689385e-05, 0.000120346732729, 7.40917384974e-05, 7.59033791837e-05, 6.31002767477e-05, 4.4111176976e-05, 3.91921057599e-05, 3.64068655472e-05, 3.72114263882e-05, 5.66643830098e-05, 6.25479005976e-05, 4.0255865315e-05, 3.40504666383e-05, 2.78517545667e-05, 1.59771097969e-05, 8.52616904012e-06, 7.04393096385e-06, 5.65218215343e-06, 3.47803870682e-06, 1.71057286025e-06, 1.31582646645e-06, 1.20161712402e-06, 8.38390519675e-07, 5.15532349254e-07, 2.00076556212e-07, 3.45139596902e-08, 1.68806990608e-09],
        "median": [0.000127055638586, 0.000561282213312, 0.000705897575244, 0.000374552590074, 0.000212094382732, 0.000377877615392, 0.000287924514851, 0.000162825337611, 0.000272954435786, 0.000153255605255, 0.000121883385873, 4.98351146234e-05, 2.24535360758e-05, 2.24674276978e-05, 3.98910124204e-05, 1.98160687432e-05, 1.72443669726e-05, 1.32764371301e-05, 1.16654528028e-05, 7.60959937907e-06, 7.75820080889e-06, 7.47641570342e-06, 6.5441681727e-06, 5.61573233426e-06, 8.23161281005e-06, 8.89069633558e-06, 3.44266595675e-06, 3.75893341698e-06, 3.91030152969e-06, 2.3632767352e-06, 1.42241822232e-06, 1.2455683418e-06, 8.00912175691e-07, 7.39572726616e-07, 6.27427937161e-07, 4.38048289197e-07, 3.05961862068e-07, 1.12907500238e-07, 1.72645293617e-08, 8.54582904442e-10],
        "min": [2.37429759013e-13, 5.77463559826e-14, 2.19118377143e-14, 1.35280025029e-13, 2.28471159092e-13, 1.85705183869e-13, 3.37998909189e-14, 3.42390842783e-14, 1.21498229771e-13, 1.36983415062e-13, 3.21877974849e-14, 6.20535659532e-15, 1.10818735034e-14, 6.90361498165e-15, 4.22065099613e-14, 6.50868925813e-14, 4.47026821755e-14, 6.54576490667e-14, 2.79091528534e-14, 2.7607426165e-14, 4.81972995585e-14, 1.48450411577e-13, 6.76973939146e-14, 6.28671851448e-14, 7.97263798491e-14, 1.2299464561e-13, 7.34742467063e-14, 7.45227244172e-14, 7.41499486053e-14, 2.45616718695e-14, 2.24772660879e-14, 5.562248863e-14, 6.04797109746e-14, 3.44838530831e-14, 4.36889294273e-14, 3.99339239519e-14, 3.83780633412e-14, 2.78110918491e-14, 2.25305647891e-14, 7.54594547655e-15],
        "var": [1.52639174189e-07, 2.1348653263e-06, 2.52305267168e-06, 1.13329065243e-06, 2.5466673037e-07, 5.94295386236e-07, 9.83504719443e-07, 1.11737710995e-06, 2.69410975307e-06, 1.05642777726e-06, 2.44893072932e-07, 2.0774596976e-07, 1.48192086158e-07, 4.31961808545e-08, 1.11938646796e-07, 3.83022680239e-08, 5.64250157709e-08, 2.60348027581e-08, 1.02763033638e-08, 1.44500802435e-08, 6.97621738155e-09, 6.45179598635e-09, 1.51934678172e-08, 2.07960972887e-08, 7.92081245038e-09, 4.6540971077e-09, 5.07330133459e-09, 2.02708605457e-09, 2.1917170856e-10, 2.88471135867e-10, 1.77630757325e-10, 4.62274454827e-11, 8.35093712931e-12, 3.43597416144e-12, 3.35576163212e-12, 1.2026977721e-12, 3.96592264237e-13, 7.65595540523e-14, 3.12563225526e-15, 6.17572673101e-18]
    },
    "mfcc": {
        "dmean": [12.9458475113, 9.88707542419, 10.0532569885, 8.09072589874, 8.28092670441, 7.69058036804, 7.64205169678, 7.45701599121, 7.29615354538, 7.08662080765, 6.90777778625, 6.75796937943, 6.7931098938],
        "dmean2": [17.4556484222, 16.0641212463, 15.8993024826, 13.3078842163, 13.4373054504, 12.9656705856, 12.5603780746, 12.2991733551, 12.0585918427, 11.6606760025, 11.509180069, 11.3933420181, 11.3818397522],
        "dvar": [248.179367065, 68.6036834717, 73.5451507568, 41.5212173462, 44.0849494934, 36.2795562744, 36.2430267334, 32.6090774536, 30.659866333, 29.0418109894, 28.748418808, 27.7224292755, 27.8476772308],
        "dvar2": [417.000152588, 170.301422119, 187.718688965, 107.512168884, 114.994255066, 97.0949401855, 97.6459274292, 87.6213226318, 84.6826705933, 79.0900497437, 77.9416351318, 78.2789916992, 75.9602890015],
        "max": [-508.703857422, 206.956573486, 45.8133735657, 99.1397094727, 26.7706336975, 45.8603897095, 38.572593689, 58.0667648315, 13.8561668396, 50.1012992859, 31.0942955017, 44.9321746826, 18.3502578735],
        "mean": [-630.465026855, 138.849456787, -20.7050552368, 40.0053329468, -25.1793136597, 7.83487701416, -16.4315624237, 10.5458631516, -15.8202867508, 13.7228689194, -7.30229282379, 7.48732185364, -14.3293066025],
        "median": [-637.72076416, 141.465789795, -18.1542339325, 38.2958717346, -26.2307929993, 8.39886665344, -17.4471664429, 10.1163234711, -15.373998642, 14.3535270691, -7.83077430725, 7.56691932678, -13.3217544556],
        "min": [-1138.42004395, 1.14440917969e-05, -101.796798706, -11.5417556763, -82.77684021, -35.8412322998, -62.2026443481, -26.267791748, -54.1105537415, -34.2989807129, -39.5781707764, -25.5952262878, -58.8685913086],
        "var": [2224.7199707, 525.088134766, 545.158752441, 259.782501221, 236.971191406, 161.889541626, 187.342819214, 121.087165833, 108.442504883, 121.995697021, 97.3174209595, 85.6703262329, 118.550453186],
        "cov": [[2225.57885742, -334.403503418, -685.726074219, 138.433319092, 35.8526382446, -103.380783081, -48.7550926208, 114.413215637, -45.2741241455, -25.6751651764, -22.9898471832, 6.89466619492, -87.772644043], [-334.403503418, 525.290893555, 205.01663208, -156.332702637, -88.4205551147, 45.62474823, -6.23748016357, -73.2979354858, 30.1905441284, 31.9075374603, 19.3925113678, 32.4276771545, 47.1890716553], [-685.726074219, 205.01663208, 545.369262695, 26.0996494293, 17.1276359558, 67.0386505127, 8.47098350525, -11.742770195, 9.23065376282, 9.03592777252, -10.4613819122, -9.15003395081, 26.8932971954], [138.433319092, -156.332702637, 26.0996494293, 259.8828125, 138.880279541, -44.3451385498, -27.4657459259, 40.4439735413, -9.27734088898, -24.5667705536, -10.1877145767, -18.5879154205, -4.70551586151], [35.8526382446, -88.4205551147, 17.1276359558, 138.880279541, 237.062698364, 8.62468242645, -33.4736480713, 34.3872299194, -10.8931455612, -16.8906154633, -19.8146209717, -13.7443122864, 2.00564002991], [-103.380783081, 45.62474823, 67.0386505127, -44.3451385498, 8.62468242645, 161.952056885, 92.1976470947, 9.61269378662, 1.26091241837, -15.8849630356, -6.81502103806, 0.797140717506, -19.526720047], [-48.7550926208, -6.23748016357, 8.47098350525, -27.4657459259, -33.4736480713, 92.1976470947, 187.415161133, 51.7806243896, -24.1074028015, -19.8276081085, -8.74658203125, 7.27961730957, -18.4274330139], [114.413215637, -73.2979354858, -11.742770195, 40.4439735413, 34.3872299194, 9.61269378662, 51.7806243896, 121.133918762, 14.1773900986, -21.7608127594, -3.94165062904, -4.56604623795, -7.37216472626], [-45.2741241455, 30.1905441284, 9.23065376282, -9.27734088898, -10.8931455612, 1.26091241837, -24.1074028015, 14.1773900986, 108.484375, 47.1065559387, 9.70092487335, 2.70704460144, 5.38396120071], [-25.6751651764, 31.9075374603, 9.03592777252, -24.5667705536, -16.8906154633, -15.8849630356, -19.8276081085, -21.7608127594, 47.1065559387, 122.042793274, 37.049446106, 5.86792850494, 17.7265739441], [-22.9898471832, 19.3925113678, -10.4613819122, -10.1877145767, -19.8146209717, -6.81502103806, -8.74658203125, -3.94165062904, 9.70092487335, 37.049446106, 97.3549957275, 32.3143424988, -2.8117275238], [6.89466619492, 32.4276771545, -9.15003395081, -18.5879154205, -13.7443122864, 0.797140717506, 7.27961730957, -4.56604623795, 2.70704460144, 5.86792850494, 32.3143424988, 85.7033996582, 42.0990180969], [-87.772644043, 47.1890716553, 26.8932971954, -4.70551586151, 2.00564002991, -19.526720047, -18.4274330139, -7.37216472626, 5.38396120071, 17.7265739441, -2.8117275238, 42.0990180969, 118.596221924]],
        "icov": [[0.00103506830055, -0.000322462496115, 0.00143750791904, -0.00104806106538, 0.000652153044939, -0.000656561926007, 0.0011295581935, -0.00154694577213, 0.0011320799822, -0.000954641262069, 0.0010669270996, -0.000934979703743, 0.000935506250244], [-0.000322462496115, 0.00336861028336, -0.001704446855, 0.0021897519473, -0.000297463149764, 0.000283878325718, -0.000551787903532, 0.00196286803111, -0.00138488062657, 0.000856258673593, -0.000943822262343, 3.53952382284e-05, -0.00111763062887], [0.00143750791904, -0.001704446855, 0.00455400859937, -0.00276324478909, 0.00124041025992, -0.00232792180032, 0.00202703941613, -0.00252960622311, 0.00197669747286, -0.00178793654777, 0.0017819267232, -0.000682574580424, 0.000815269246232], [-0.00104806106538, 0.0021897519473, -0.00276324478909, 0.00880750268698, -0.00467895111069, 0.00370343471877, -0.00220871716738, 0.00172466377262, -0.00219166907482, 0.00257632811554, -0.00222717109136, 0.00166122824885, -0.00114608206786], [0.000652153044939, -0.000297463149764, 0.00124041025992, -0.00467895111069, 0.00796165503561, -0.00384728098288, 0.00397517718375, -0.00335410167463, 0.00263211294077, -0.00185747351497, 0.00220825034194, -0.000978122348897, 0.000332872092258], [-0.000656561926007, 0.000283878325718, -0.00232792180032, 0.00370343471877, -0.00384728098288, 0.0121719138697, -0.00737554160878, 0.00358493858948, -0.00366670475341, 0.00294137722813, -0.00150804419536, 0.000753259053454, 0.000645614112727], [0.0011295581935, -0.000551787903532, 0.00202703941613, -0.00220871716738, 0.00397517718375, -0.00737554160878, 0.0124440351501, -0.00744174420834, 0.00556561304256, -0.00321284611709, 0.00322989141569, -0.00309799960814, 0.00210145581514], [-0.00154694577213, 0.00196286803111, -0.00252960622311, 0.00172466377262, -0.00335410167463, 0.00358493858948, -0.00744174420834, 0.0154928565025, -0.00675690034404, 0.00515897618607, -0.00358833558857, 0.00274076103233, -0.00235245726071], [0.0011320799822, -0.00138488062657, 0.00197669747286, -0.00219166907482, 0.00263211294077, -0.00366670475341, 0.00556561304256, -0.00675690034404, 0.0150057971478, -0.00732465600595, 0.00315669458359, -0.00233750930056, 0.00196841242723], [-0.000954641262069, 0.000856258673593, -0.00178793654777, 0.00257632811554, -0.00185747351497, 0.00294137722813, -0.00321284611709, 0.00515897618607, -0.00732465600595, 0.0140849957243, -0.00655954377726, 0.00379115319811, -0.00347643718123], [0.0010669270996, -0.000943822262343, 0.0017819267232, -0.00222717109136, 0.00220825034194, -0.00150804419536, 0.00322989141569, -0.00358833558857, 0.00315669458359, -0.00655954377726, 0.0162181463093, -0.00825030263513, 0.0048162182793], [-0.000934979703743, 3.53952382284e-05, -0.000682574580424, 0.00166122824885, -0.000978122348897, 0.000753259053454, -0.00309799960814, 0.00274076103233, -0.00233750930056, 0.00379115319811, -0.00825030263513, 0.0191758926958, -0.00811895728111], [0.000935506250244, -0.00111763062887, 0.000815269246232, -0.00114608206786, 0.000332872092258, 0.000645614112727, 0.00210145581514, -0.00235245726071, 0.00196841242723, -0.00347643718123, 0.0048162182793, -0.00811895728111, 0.0130461482331]]
    }
}

}