{
"metadata": {
    "version": {
        "essentia": "2.0.1",
        "extractor": "archive-music 1.0 mod ismir14"
    },
    "audio_properties": {
        "analysis_sample_rate": 44100,
        "bitrate": 128,
        "channels": 2,
        "equal_loudness": 0,
        "length": 30.0669155121,
        "replay_gain": -13.8852882385,
        "downmix": "mix"
    },
    "tags": {
        "track": 0,
        "year": 0,
        "album": "",
        "artist": "",
        "comment": "",
        "genre": "",
        "title": ""
    }
},
"rhythm": {
    "bpm": 90.2942581177,
    "bpm_histogram_first_peak": 91,
    "bpm_histogram_first_peak_spread": 0.31707316637,
    "bpm_histogram_first_peak_weight": 0.651162803173,
    "bpm_histogram_second_peak": 83,
    "bpm_histogram_second_peak_spread": 0.5,
    "bpm_histogram_second_peak_weight": 0.0232558138669
},
"tonal": {
    "tuning_frequency": {
        "dmean": 0.0842027962208,
        "dmean2": 0.151223763824,
        "dvar": 1.01299607754,
        "dvar2": 1.84423398972,
        "max": 456.570251465,
        "mean": 446.119537354,
        "median": 446.91595459,
        "min": 431.193908691,
        "var": 33.7708892822
    },
    "hpcp": {
        "dmean": [0.181897744536, 0.175582289696, 0.167247802019, 0.131994858384, 0.177142247558, 0.197341188788, 0.206757515669, 0.244847282767, 0.182733133435, 0.167709946632, 0.190291777253, 0.1903077811],
        "dmean2": [0.340739250183, 0.334522396326, 0.308458149433, 0.246365100145, 0.325256228447, 0.369101017714, 0.389906048775, 0.447950422764, 0.34582233429, 0.313073068857, 0.360973358154, 0.350537270308],
        "dvar": [0.0921674519777, 0.101024657488, 0.082177631557, 0.0695920810103, 0.0825435444713, 0.0973634794354, 0.108651652932, 0.106177784503, 0.100310608745, 0.0860522091389, 0.099236920476, 0.0857477709651],
        "dvar2": [0.246189057827, 0.285033911467, 0.237812936306, 0.199038669467, 0.23083357513, 0.261650621891, 0.285765916109, 0.278142541647, 0.277420789003, 0.243037298322, 0.281306564808, 0.238488644361],
        "max": [1, 1, 1, 1, 1, 1, 1, 1, 1, 1, 1, 1],
        "mean": [0.163601770997, 0.126448214054, 0.146335080266, 0.110351093113, 0.167352929711, 0.200729995966, 0.162847921252, 0.284753918648, 0.130547434092, 0.127708733082, 0.135125011206, 0.16554902494],
        "median": [0.0248957648873, 0.00975982472301, 0.0232947040349, 0.011606532149, 0.0218329336494, 0.0265452042222, 0.012897927314, 0.0704814791679, 0.0130842830986, 0.0158758517355, 0.0133313108236, 0.0304151084274],
        "min": [0, 0, 0, 0, 0, 0, 0, 0, 0, 0, 0, 0],
        "var": [0.0906059294939, 0.0776758119464, 0.0749316886067, 0.0623904503882, 0.089270606637, 0.112354286015, 0.0960455983877, 0.141170158982, 0.0763160735369, 0.0681557804346, 0.0774161815643, 0.0817088335752]
    }
},
"lowlevel": {
    "melbands": {
        "dmean": [0.000748282473069, 0.00247359229252, 0.00121313601267, 0.000472093175631, 0.000330732524162, 0.000253569451161, 0.00027929895441, 0.000313927186653, 0.000455145258456, 0.00031094669248, 0.000141840224387, 0.000158502647537, 0.000139292314998, 9.64204446063e-05, 0.000137980256113, 0.000135976733873, 3.23012864101e-05, 2.51097026194e-05, 1.45173498822e-05, 1.75394870894e-05, 2.73709702014e-05, 2.050344483e-05, 3.51172893716e-05, 2.46983290708e-05, 1.46063630382e-05, 1.72721538547e-05, 1.32135974127e-05, 8.0255613284e-06, 3.87697355109e-06, 3.18861361848e-06, 1.73077671661e-06, 8.38507901335e-07, 4.90025115596e-07, 3.85871118169e-07, 3.56392405365e-07, 3.16270501344e-07, 1.61359992035e-07, 1.08103975549e-07, 2.99455997776e-08, 2.70512923173e-09],
        "dmean2": [0.00123046338558, 0.00449328962713, 0.00212688720785, 0.000802236259915, 0.000568191462662, 0.000432793225627, 0.000463528180262, 0.000491178070661, 0.000668496242724, 0.000425921432907, 0.000210363548831, 0.00022162940877, 0.00018407846801, 0.000152499749674, 0.000203854171559, 0.000195567467017, 4.69280603284e-05, 3.75435338356e-05, 2.33494738495e-05, 2.79534651781e-05, 4.43328208348e-05, 3.33841599058e-05, 5.57338134968e-05, 3.69079280063e-05, 2.19267203647e-05, 2.72685774689e-05, 1.94180120161e-05, 1.18839325296e-05, 5.97569987804e-06, 4.78103856949e-06, 2.67424366029e-06, 1.34286835873e-06, 7.91542447587e-07, 6.2428802039e-07, 5.68626774111e-07, 5.1334473028e-07, 2.57508162349e-07, 1.76001947239e-07, 4.73263135348e-08, 4.46318138003e-09],
        "dvar": [6.46526871151e-07, 8.15249131847e-06, 1.80268978056e-06, 4.57151628552e-07, 5.24509289335e-07, 1.90115699183e-07, 2.22738535172e-07, 3.69740320139e-07, 8.32982721022e-07, 1.00889292298e-06, 2.94635412956e-07, 2.21106390086e-07, 1.33806807412e-07, 9.44849531948e-08, 1.37255170785e-07, 1.70193189319e-07, 8.73902372689e-09, 4.1551233565e-09, 6.19706064242e-10, 8.80209349852e-10, 3.21219340016e-09, 2.03522509956e-09, 6.08723693674e-09, 2.85744516937e-09, 8.48133840936e-10, 1.12134934671e-09, 8.09467159968e-10, 2.93236157578e-10, 6.3948478457e-11, 5.16352724467e-11, 1.38895960705e-11, 2.34952205261e-12, 5.77393926941e-13, 3.19932421484e-13, 3.45435865242e-13, 2.07346523306e-13, 6.30980321161e-14, 3.28938604328e-14, 2.74384316571e-15, 2.6415463614e-17],
        "dvar2": [1.81167649771e-06, 2.70811688097e-05, 5.24417100678e-06, 1.18320986076e-06, 1.4730762814e-06, 5.28153123014e-07, 5.83474786708e-07, 8.60016143633e-07, 1.64087566645e-06, 1.77811148205e-06, 4.98864835663e-07, 3.47128690237e-07, 2.17905352429e-07, 2.23188806103e-07, 2.42427034891e-07, 2.92266605584e-07, 1.16040919096e-08, 8.51974579774e-09, 1.4332163234e-09, 2.17939133407e-09, 7.89118459465e-09, 5.35837640925e-09, 1.60157540563e-08, 5.81711923076e-09, 1.83926651687e-09, 2.83437096016e-09, 1.64466062991e-09, 5.64978785977e-10, 1.24587909434e-10, 9.88185297479e-11, 3.10798574377e-11, 5.71865341539e-12, 1.43823581517e-12, 7.32367508652e-13, 8.03355916946e-13, 5.01750930301e-13, 1.45683012637e-13, 8.53645564067e-14, 5.90220943273e-15, 6.73878567884e-17],
        "max": [0.00833459105343, 0.02478640154, 0.0125010814518, 0.00879207905382, 0.0113179516047, 0.00622351327911, 0.00989607907832, 0.01020427607, 0.0180094335228, 0.0195095539093, 0.0257298275828, 0.0170686114579, 0.0147490883246, 0.0078940866515, 0.00875533930957, 0.0125567326322, 0.00443885847926, 0.001686960808, 0.000413491186919, 0.000350421410985, 0.000899971462786, 0.000670378271025, 0.00114191300236, 0.00081125437282, 0.000581613101531, 0.000517115520779, 0.000512157217599, 0.0002963404404, 0.00015226053074, 0.000153401793796, 7.57282687118e-05, 3.72982722183e-05, 1.07560108518e-05, 1.01764990177e-05, 1.12261377581e-05, 6.59830811855e-06, 5.67504594073e-06, 3.66618883163e-06, 1.02022079318e-06, 1.19003310317e-07],
        "mean": [0.00127681647427, 0.00343483523466, 0.00180362467654, 0.00067621661583, 0.000437746028183, 0.000378976226784, 0.000440069037722, 0.000592851196416, 0.000894691795111, 0.000602306274232, 0.000234910141444, 0.000268458941719, 0.00031222900725, 0.00014489494788, 0.000230076257139, 0.000246027339017, 6.07651709288e-05, 4.23165329266e-05, 2.55518134509e-05, 3.00038791465e-05, 4.43398603238e-05, 3.41964550898e-05, 5.68883951928e-05, 4.50226471003e-05, 2.79547057289e-05, 3.09767929139e-05, 2.50470257015e-05, 1.51026042658e-05, 7.41959001971e-06, 5.76954244025e-06, 3.11986491397e-06, 1.61378113717e-06, 9.63619413596e-07, 8.34025058793e-07, 7.457252309e-07, 6.41212295704e-07, 3.48102616954e-07, 2.30933025591e-07, 6.7595578912e-08, 4.73910333199e-09],
        "median": [0.00092901912285, 0.0023920123931, 0.00126566621475, 0.000402106641559, 0.000193335901713, 0.000175988257979, 0.000166357771377, 0.000185192853678, 0.000242880414589, 9.02251485968e-05, 4.92543185828e-05, 6.1187936808e-05, 4.61752424599e-05, 4.45605583081e-05, 5.49120195501e-05, 4.17955779994e-05, 1.36846283567e-05, 1.11050512714e-05, 1.06721026896e-05, 1.20409440569e-05, 1.3332769413e-05, 1.06036595753e-05, 1.43915467561e-05, 9.6738240245e-06, 8.9916811703e-06, 1.14246640806e-05, 6.2470321609e-06, 3.50593109033e-06, 2.67247150987e-06, 1.75026207216e-06, 1.22044423279e-06, 8.67734684107e-07, 5.98043243372e-07, 5.13014242642e-07, 4.89773526624e-07, 4.47237141543e-07, 2.15232205392e-07, 1.46740092077e-07, 4.05374755985e-08, 2.75494382862e-09],
        "min": [3.10883740306e-23, 5.15482184036e-24, 9.55069164786e-24, 2.05672667179e-23, 3.09381843806e-23, 3.94679385558e-23, 4.39519785578e-23, 5.48387938975e-24, 2.62403788505e-23, 1.82285181704e-23, 2.49172035215e-23, 2.3701696662e-23, 1.77724524376e-23, 9.72043005997e-24, 7.86282592238e-24, 9.53374297131e-24, 2.47380989638e-23, 1.21789750245e-23, 3.95544450426e-23, 1.19920930872e-23, 9.63819525491e-24, 2.44662543404e-23, 1.13572186196e-23, 1.24513947275e-23, 4.64642102401e-23, 2.95527111282e-23, 1.22155986809e-23, 4.54625714606e-23, 1.42844471471e-23, 1.64689039679e-23, 1.74420538246e-23, 2.19449444468e-23, 1.8700141818e-23, 2.19150844838e-23, 3.16879146294e-23, 3.40688830126e-23, 2.98065003032e-23, 2.05697437411e-23, 1.96392523267e-23, 2.40742804007e-23],
        "var": [1.44460295814e-06, 1.04215268948e-05, 2.90632397082e-06, 6.97507744007e-07, 5.8179654161e-07, 3.32618668608e-07, 5.94516279762e-07, 1.04653395283e-06, 2.74240187537e-06, 3.60239710062e-06, 1.2194016108e-06, 6.62529771489e-07, 6.95637822901e-07, 1.32356845484e-07, 3.51715868874e-07, 6.18958893028e-07, 5.67841276222e-08, 1.41687719335e-08, 1.55936152879e-09, 1.69631753089e-09, 5.81041170733e-09, 3.35364402915e-09, 1.13648779276e-08, 7.24848447931e-09, 2.08976391747e-09, 2.49244447303e-09, 2.15352224942e-09, 7.95708277046e-10, 1.6609277842e-10, 1.33210914521e-10, 2.79980084256e-11, 4.75699948183e-12, 1.209712777e-12, 8.32232882868e-13, 7.17025939491e-13, 4.15873553043e-13, 1.53018819404e-13, 7.18691396001e-14, 7.18989433013e-15, 4.2397671692e-17]
    },
    "mfcc": {
        "dmean": [13.8417453766, 9.43220806122, 9.93460273743, 8.31033802032, 8.10746955872, 7.86290884018, 7.54015731812, 7.21623277664, 6.92090749741, 6.87584543228, 6.82616186142, 6.77101659775, 6.37253952026],
        "dmean2": [17.3116512299, 15.0056810379, 15.4322118759, 13.2460260391, 13.2772912979, 12.7872953415, 12.5033836365, 11.9631586075, 11.423248291, 11.2998371124, 11.2080478668, 11.1681585312, 10.4568881989],
        "dvar": [280.139556885, 56.7110595703, 69.7357559204, 44.6072540283, 38.5615081787, 37.8481216431, 33.1936225891, 30.6318321228, 27.6338539124, 28.3888568878, 28.328037262, 28.0928688049, 23.521648407],
        "dvar2": [315.454071045, 137.817962646, 152.804412842, 109.133728027, 100.850898743, 98.1854705811, 93.553024292, 85.6086196899, 75.5505371094, 78.3531036377, 78.1488113403, 74.1887512207, 61.6236915588],
        "max": [-512.449890137, 201.827423096, 47.6924209595, 95.0471191406, 34.0497131348, 55.2046813965, 46.1740493774, 60.7145576477, 17.4266395569, 47.8781051636, 28.7786903381, 47.054309845, 23.3709144592],
        "mean": [-623.228149414, 145.031417847, -19.9977703094, 41.5793113708, -9.94621753693, 10.1042509079, 0.275592625141, 18.0544681549, -10.9452409744, 11.8221035004, -3.84514164925, 13.1604232788, -5.10775184631],
        "median": [-625.993835449, 145.361282349, -17.9821071625, 41.0103416443, -10.1634941101, 11.0586566925, -0.173645019531, 18.3697853088, -10.7185649872, 11.6215820312, -3.70757293701, 13.2168579102, -4.98594093323],
        "min": [-1138.42004395, 1.14440917969e-05, -84.5214996338, -18.1094360352, -57.3400115967, -37.7231292725, -39.5951538086, -22.6894989014, -48.1789894104, -29.6807861328, -35.6926803589, -22.1727790833, -30.6082630157],
        "var": [2390.18212891, 312.906188965, 511.030578613, 311.391052246, 221.416183472, 222.717819214, 165.602249146, 127.980125427, 85.6829910278, 105.671424866, 92.9887619019, 89.3042068481, 73.9710922241],
        "cov": [[2391.10498047, 71.7476501465, -681.269775391, 51.0559654236, -313.424743652, -228.465393066, -130.987243652, -72.2635726929, -47.4784660339, -8.64904785156, -67.4459609985, 12.5784111023, -76.5136489868], [71.7476501465, 313.027008057, 9.74780273438, -90.6374664307, -59.8146057129, 2.00213742256, 15.5732116699, 6.001745224, -17.1451282501, 19.2904014587, 47.0425453186, 0.074348077178, -1.6602486372], [-681.269775391, 9.74780273438, 511.227905273, -23.8607902527, 168.221054077, 74.085105896, 18.3961257935, 17.9825611115, 21.4627666473, 19.4065151215, 7.05793762207, -14.625289917, 23.4521331787], [51.0559654236, -90.6374664307, -23.8607902527, 311.511291504, 66.354347229, -6.89183616638, -57.6646537781, -21.3989162445, 48.7044143677, 15.3017148972, -43.9116744995, -4.28356266022, 23.4323539734], [-313.424743652, -59.8146057129, 168.221054077, 66.354347229, 221.501663208, 42.7437896729, 16.1739273071, -12.7134037018, 21.1477108002, 25.344827652, -13.5539226532, 1.16177976131, 5.89556646347], [-228.465393066, 2.00213742256, 74.085105896, -6.89183616638, 42.7437896729, 222.803817749, 102.129585266, 38.0777015686, -18.3903980255, -8.59490394592, 38.5627708435, -6.12546396255, -17.2099914551], [-130.987243652, 15.5732116699, 18.3961257935, -57.6646537781, 16.1739273071, 102.129585266, 165.66619873, 68.7653198242, -9.92277812958, -20.8178005219, 23.6182689667, 13.7834215164, -11.980840683], [-72.2635726929, 6.001745224, 17.9825611115, -21.3989162445, -12.7134037018, 38.0777015686, 68.7653198242, 128.029541016, 22.9471721649, -16.5915260315, 9.80813789368, 12.6829404831, 7.22620296478], [-47.4784660339, -17.1451282501, 21.4627666473, 48.7044143677, 21.1477108002, -18.3903980255, -9.92277812958, 22.9471721649, 85.7160720825, 38.8287887573, -3.72675561905, -0.26089155674, 7.81530809402], [-8.64904785156, 19.2904014587, 19.4065151215, 15.3017148972, 25.344827652, -8.59490394592, -20.8178005219, -16.5915260315, 38.8287887573, 105.712219238, 28.9810905457, -2.55738162994, -0.889637231827], [-67.4459609985, 47.0425453186, 7.05793762207, -43.9116744995, -13.5539226532, 38.5627708435, 23.6182689667, 9.80813789368, -3.72675561905, 28.9810905457, 93.0246658325, 29.9847698212, -5.01448917389], [12.5784111023, 0.074348077178, -14.625289917, -4.28356266022, 1.16177976131, -6.12546396255, 13.7834215164, 12.6829404831, -0.26089155674, -2.55738162994, 29.9847698212, 89.3386917114, 25.948343277], [-76.5136489868, -1.6602486372, 23.4521331787, 23.4323539734, 5.89556646347, -17.2099914551, -11.980840683, 7.22620296478, 7.81530809402, -0.889637231827, -5.01448917389, 25.948343277, 73.9996490479]],
        "icov": [[0.000840717111714, -0.000267940456979, 0.000816809071694, -0.000218299814151, 0.000522922025993, 0.000294231896987, 0.000277856684988, -6.04897213634e-05, 0.000481799186673, -0.000483876094222, 0.000888056471013, -0.000607355730608, 0.000967637868598], [-0.000267940456979, 0.00399616640061, -0.000634023104794, 0.000657688360661, 0.000914596254006, 0.000241008921876, -0.000476188753964, 5.12416336278e-05, 0.000505089701619, -0.000699054915458, -0.00178039353341, 0.000835316604935, -0.000768927624449], [0.000816809071694, -0.000634023104794, 0.00390069675632, 0.000767017714679, -0.00213478994556, -0.000615912606008, 0.00121993361972, -0.000628892623354, -0.000281254790025, -8.19930064608e-05, 0.000546086404938, 0.000386749161407, -0.0004328940704], [-0.000218299814151, 0.000657688360661, 0.000767017714679, 0.00490959081799, -0.00167071027681, -0.00151699909475, 0.00193324161228, 0.000318112026434, -0.00269219325855, 0.000323956424836, 0.00134785030968, -3.3870266634e-05, -0.00155501987319], [0.000522922025993, 0.000914596254006, -0.00213478994556, -0.00167071027681, 0.00825980119407, -0.000331153423758, -0.00166653678752, 0.00168372620828, 0.000212736456888, -0.00229256460443, 0.00226121093147, -0.00182981288526, 0.001342325937], [0.000294231896987, 0.000241008921876, -0.000615912606008, -0.00151699909475, -0.000331153423758, 0.00801645405591, -0.00442271959037, -0.000430278480053, 0.00229371967725, 0.000225991097977, -0.00331269926392, 0.00189547846094, 0.00107324752025], [0.000277856684988, -0.000476188753964, 0.00121993361972, 0.00193324161228, -0.00166653678752, -0.00442271959037, 0.0120434761047, -0.00487630162388, 0.000289726332994, 0.000920772668906, 0.000704383652192, -0.00183246354572, 0.00147883780301], [-6.04897213634e-05, 5.12416336278e-05, -0.000628892623354, 0.000318112026434, 0.00168372620828, -0.000430278480053, -0.00487630162388, 0.0123538533226, -0.00556870410219, 0.00275920843706, -0.000519228342455, -0.000477007793961, -0.00143952004146], [0.000481799186673, 0.000505089701619, -0.000281254790025, -0.00269219325855, 0.000212736456888, 0.00229371967725, 0.000289726332994, -0.00556870410219, 0.0191545300186, -0.00781619735062, 0.00177305808757, -0.000299529143376, 0.000666581734549], [-0.000483876094222, -0.000699054915458, -8.19930064608e-05, 0.000323956424836, -0.00229256460443, 0.000225991097977, 0.000920772668906, 0.00275920843706, -0.00781619735062, 0.0154819851741, -0.00678042508662, 0.0025127378758, -0.00080670643365], [0.000888056471013, -0.00178039353341, 0.000546086404938, 0.00134785030968, 0.00226121093147, -0.00331269926392, 0.000704383652192, -0.000519228342455, 0.00177305808757, -0.00678042508662, 0.0193815361708, -0.00791735854, 0.00331342895515], [-0.000607355730608, 0.000835316604935, 0.000386749161407, -3.3870266634e-05, -0.00182981288526, 0.00189547846094, -0.00183246354572, -0.000477007793961, -0.000299529143376, 0.0025127378758, -0.00791735854, 0.0165027491748, -0.00664602220058], [0.000967637868598, -0.000768927624449, -0.0004328940704, -0.00155501987319, 0.001342325937, 0.00107324752025, 0.00147883780301, -0.00143952004146, 0.000666581734549, -0.00080670643365, 0.00331342895515, -0.00664602220058, 0.0181239899248]]
    }
}

}