{
"metadata": {
    "version": {
        "essentia": "2.0.1",
        "extractor": "archive-music 1.0 mod ismir14"
    },
    "audio_properties": {
        "analysis_sample_rate": 44100,
        "bitrate": 128,
        "channels": 2,
        "equal_loudness": 0,
        "length": 30.0669155121,
        "replay_gain": -8.42338752747,
        "downmix": "mix"
    },
    "tags": {
        "track": 7,
        "year": 0,
        "album": "The Cool Jazz Collection",
        "artist": "Astrud Gilberto",
        "comment": "",
        "genre": "Jazz",
        "title": "Girl From Ipanema"
    }
},
"rhythm": {
    "bpm": 130.002792358,
    "bpm_histogram_first_peak": 129,
    "bpm_histogram_first_peak_spread": 0.490909099579,
    "bpm_histogram_first_peak_weight": 0.444444447756,
    "bpm_histogram_second_peak": 136,
    "bpm_histogram_second_peak_spread": 0.199999988079,
    "bpm_histogram_second_peak_weight": 0.0634920671582
},
"tonal": {
    "tuning_frequency": {
        "dmean": 0.209969609976,
        "dmean2": 0.324762761593,
        "dvar": 3.54668974876,
        "dvar2": 9.15466022491,
        "max": 454.727905273,
        "mean": 436.584106445,
        "median": 436.456176758,
        "min": 436.456176758,
        "var": 2.07112383842
    },
    "hpcp": {
        "dmean": [0.0604824908078, 0.240152642131, 0.0782725736499, 0.256182819605, 0.152325436473, 0.0712191238999, 0.215674936771, 0.0567442700267, 0.196469113231, 0.122778125107, 0.174375385046, 0.185846015811],
        "dmean2": [0.115624576807, 0.419591426849, 0.141091436148, 0.471803694963, 0.269662886858, 0.131006240845, 0.36236178875, 0.1062149629, 0.357985019684, 0.228979170322, 0.31635966897, 0.326792925596],
        "dvar": [0.0227943360806, 0.0978596284986, 0.032004982233, 0.113549530506, 0.0610202327371, 0.025545258075, 0.0828477665782, 0.0218473449349, 0.0748050957918, 0.0555074959993, 0.0787412002683, 0.0766049847007],
        "dvar2": [0.0637365579605, 0.216615378857, 0.0867274180055, 0.244514465332, 0.127232894301, 0.0621903762221, 0.182900696993, 0.0493693500757, 0.191980391741, 0.158216923475, 0.219873219728, 0.176751539111],
        "max": [1, 1, 1, 1, 1, 1, 1, 1, 1, 1, 1, 1],
        "mean": [0.0426802970469, 0.313605487347, 0.0485908165574, 0.324396967888, 0.15269690752, 0.0745434239507, 0.278677225113, 0.0615686103702, 0.202830687165, 0.086204662919, 0.13275757432, 0.174496591091],
        "median": [0.00525867659599, 0.0997068285942, 0.00687781721354, 0.0661893188953, 0.0309975668788, 0.00944030098617, 0.0873748511076, 0.00728490715846, 0.038166757673, 0.0103967506438, 0.0311396382749, 0.0225199945271],
        "min": [6.96450006217e-05, 5.06471151311e-05, 2.68351595878e-05, 0.000296606332995, 3.63954823115e-05, 0.000181840994628, 3.08305898216e-05, 8.50100041134e-05, 9.79859578365e-06, 0.000108760221337, 6.92485918989e-05, 0.000406944483984],
        "var": [0.0165061186999, 0.146693050861, 0.0188186559826, 0.167152926326, 0.0714294835925, 0.0385184399784, 0.132942989469, 0.0356754288077, 0.10083014518, 0.0417619012296, 0.0677235275507, 0.088901437819]
    }
},
"lowlevel": {
    "melbands": {
        "dmean": [0.000129638268845, 0.00032157235546, 0.000323723244946, 0.000158627648489, 0.000106465624413, 3.43335705111e-05, 1.92997031263e-05, 2.59366788669e-05, 1.01389268821e-05, 7.97102711658e-06, 7.52890218791e-06, 8.29061445984e-06, 1.38217865242e-06, 1.02595606677e-06, 1.65446977007e-06, 1.16141814033e-06, 9.04825697035e-07, 2.78735939219e-07, 3.37382687121e-07, 2.9013719427e-07, 1.15764990483e-07, 1.76590347678e-07, 2.19751257191e-07, 1.90172428916e-07, 6.86193075694e-08, 5.16812548312e-08, 7.62473177929e-08, 1.22968387473e-07, 9.91820385821e-08, 1.39944475563e-07, 2.62771635562e-07, 4.61665621287e-07, 4.47603156317e-07, 2.38923576035e-07, 1.1872486283e-07, 6.31992023159e-08, 3.58272878032e-08, 1.25448851307e-08, 3.75074193926e-09, 3.7398009689e-10],
        "dmean2": [0.000211864040466, 0.00051321357023, 0.000516621104907, 0.000249938806519, 0.000168939121068, 5.73299803364e-05, 3.4609791328e-05, 4.85156961076e-05, 1.84595428436e-05, 1.48732269736e-05, 1.38116311064e-05, 1.46891843542e-05, 2.5118092708e-06, 1.91643039216e-06, 3.06920173898e-06, 2.19129537982e-06, 1.73886019184e-06, 5.15532235568e-07, 6.35591845821e-07, 5.31253760983e-07, 2.03453552672e-07, 3.28779805159e-07, 3.9592546841e-07, 3.55120533868e-07, 1.17464644234e-07, 9.0345011472e-08, 1.41173032375e-07, 2.3371360669e-07, 1.80244470016e-07, 2.6761688332e-07, 5.09048788899e-07, 8.88458941972e-07, 8.48745628446e-07, 4.58733040887e-07, 2.22038678999e-07, 1.20258548009e-07, 6.76663987065e-08, 2.37842812112e-08, 7.12954184579e-09, 7.01554148108e-10],
        "dvar": [6.83854750605e-08, 1.09942753568e-07, 1.25897116732e-07, 7.17857204791e-08, 1.73678884607e-08, 2.37097208533e-09, 1.93493576717e-09, 2.51801335338e-09, 4.604542303e-10, 4.59799559538e-10, 2.08558656456e-10, 1.45228351567e-09, 8.32646191579e-12, 3.43069821683e-12, 2.47763753958e-11, 9.36734630835e-12, 9.75907722689e-12, 2.97866765975e-13, 1.08610733254e-12, 8.00576781517e-13, 4.32891366525e-14, 1.00481878677e-13, 1.44426408766e-13, 1.63186155669e-13, 1.62629444959e-14, 9.21653754699e-15, 3.64721849998e-14, 1.62986594707e-13, 4.36951805305e-14, 1.39774896843e-13, 5.49256874791e-13, 1.71968201398e-12, 1.48982161243e-12, 4.41883617371e-13, 7.69985542882e-14, 1.58324484707e-14, 4.71571913802e-15, 6.7669838027e-16, 8.76058185553e-17, 9.21152776235e-19],
        "dvar2": [1.5406723719e-07, 2.56658182707e-07, 2.66208047606e-07, 1.65077835845e-07, 3.47366970743e-08, 4.87167151064e-09, 5.6177533736e-09, 7.79576847521e-09, 1.41554157285e-09, 1.47925882654e-09, 6.15164641449e-10, 4.01999500355e-09, 2.32472097128e-11, 9.84538579135e-12, 6.97905414015e-11, 2.75324381349e-11, 2.85634103175e-11, 8.34771162785e-13, 3.11397934348e-12, 2.19361443073e-12, 1.20600158007e-13, 2.7931921099e-13, 4.06855105162e-13, 4.55222448278e-13, 4.30934822061e-14, 2.43313737756e-14, 1.04354919888e-13, 4.76992577381e-13, 1.24433571628e-13, 4.14479214839e-13, 1.59105411138e-12, 4.93376259986e-12, 4.18453900003e-12, 1.03992877677e-12, 2.0971645373e-13, 4.39017447612e-14, 1.31033506663e-14, 1.88491004082e-15, 2.40686953061e-16, 2.52434678e-18],
        "max": [0.00182135158684, 0.00220112805255, 0.00278501166031, 0.00326320598833, 0.00093605852453, 0.000304841494653, 0.00029838073533, 0.000332213647198, 0.000138466217322, 0.00018164946232, 6.63000828354e-05, 0.000371925620129, 1.84746131708e-05, 1.10640239654e-05, 4.44428733317e-05, 2.09010358958e-05, 2.60185661318e-05, 3.72969179807e-06, 8.14989289211e-06, 5.58823376196e-06, 1.11310259854e-06, 2.27367445405e-06, 2.6265647648e-06, 2.64678510575e-06, 9.39328629102e-07, 8.17161549094e-07, 1.35023572057e-06, 3.30240982294e-06, 1.14959254915e-06, 2.42279111262e-06, 4.88118439534e-06, 7.10990798325e-06, 6.38994288238e-06, 4.69900624012e-06, 1.5401113842e-06, 5.67718814182e-07, 3.20148018318e-07, 1.6864311192e-07, 6.40162340915e-08, 6.56360654716e-09],
        "mean": [0.000112478024676, 0.000388563377783, 0.000496351451147, 0.000186734629096, 0.000138841394801, 4.04709753639e-05, 1.64224002219e-05, 2.01111506613e-05, 7.85891461419e-06, 5.41864665138e-06, 5.11645430379e-06, 5.61800743526e-06, 1.10085306915e-06, 7.97866618996e-07, 1.20126560432e-06, 7.50280946704e-07, 5.55874748898e-07, 2.08804806334e-07, 2.15076767063e-07, 2.06691893823e-07, 1.01572432243e-07, 1.59377748332e-07, 1.88713585203e-07, 1.53540966608e-07, 6.31172127896e-08, 4.52497346259e-08, 6.06443322226e-08, 8.48695194122e-08, 7.09412262268e-08, 8.89907241231e-08, 1.5783028573e-07, 2.67684100663e-07, 2.71992689704e-07, 1.66966628967e-07, 7.84500926443e-08, 4.3467316857e-08, 2.5023391359e-08, 9.09816222361e-09, 2.8365281235e-09, 2.74937017597e-10],
        "median": [3.17838603223e-05, 0.000272644421784, 0.000249435805017, 0.000106780658825, 4.98417757626e-05, 1.85797816812e-05, 5.39025404578e-06, 5.77158016313e-06, 2.13447151509e-06, 9.76961246124e-07, 8.49555476634e-07, 6.87765236762e-07, 3.44913928529e-07, 3.75060579927e-07, 3.05457461991e-07, 1.18921697378e-07, 9.23537726294e-08, 6.45313207315e-08, 2.53153054075e-08, 2.58809382814e-08, 2.97730373688e-08, 6.00255276595e-08, 5.72754892403e-08, 3.19231538981e-08, 1.71309135766e-08, 1.40496814183e-08, 1.65415343645e-08, 1.97892013887e-08, 1.26002142053e-08, 1.47128798034e-08, 1.19950049893e-08, 8.53155324165e-09, 1.0953515428e-08, 9.34391763963e-09, 8.14173883867e-09, 6.04902972157e-09, 3.9385885664e-09, 1.56958823716e-09, 4.21971457776e-10, 3.38410480194e-11],
        "min": [5.82346501687e-07, 2.59832313532e-06, 1.17180081816e-06, 1.44207740504e-06, 9.9638964457e-07, 2.01044898063e-07, 1.09190651187e-07, 5.37412248036e-08, 1.55129331603e-08, 2.02156140716e-08, 1.0552375862e-08, 1.28380772679e-08, 6.53494414138e-09, 1.04381294719e-08, 7.3068533446e-09, 3.39799899329e-09, 1.24383725542e-09, 7.8579126539e-10, 8.251157535e-10, 1.42368361544e-09, 7.92248322501e-10, 5.67820901409e-10, 6.34148344947e-10, 5.80742509637e-10, 5.34970234778e-10, 5.1079335206e-10, 1.04526665101e-09, 1.04772457377e-09, 6.61422971948e-10, 1.61210600425e-09, 1.39604283689e-09, 1.00811381465e-09, 1.29222699208e-09, 1.10107545304e-09, 7.6189254905e-10, 6.16043216439e-10, 5.45936407192e-10, 2.03727687498e-10, 5.80037198827e-11, 3.97031062541e-12],
        "var": [6.6644979313e-08, 1.73079783394e-07, 3.85162223893e-07, 9.6616929568e-08, 3.80132085809e-08, 3.18022652657e-09, 1.40188238795e-09, 1.71722891462e-09, 3.12635473065e-10, 2.84420320629e-10, 1.394078325e-10, 9.24561260884e-10, 5.84565122003e-12, 2.23596011498e-12, 1.61251862557e-11, 5.53551779067e-12, 5.31802466647e-12, 2.02717833839e-13, 6.37940221482e-13, 5.23801759345e-13, 3.24153681328e-14, 7.10506076174e-14, 1.07420982645e-13, 1.11045395969e-13, 1.52462796484e-14, 8.13416920083e-15, 2.31291053746e-14, 8.84249542078e-14, 2.68734043536e-14, 8.02577879914e-14, 3.18918312982e-13, 9.8188178508e-13, 9.16098360365e-13, 3.58495568301e-13, 5.06420060509e-14, 1.0103516568e-14, 3.1142726964e-15, 4.58642771131e-16, 6.01625400169e-17, 6.32574741223e-19]
    },
    "mfcc": {
        "dmean": [44.2731285095, 32.2500190735, 20.6419792175, 16.6898727417, 12.3714532852, 15.2618932724, 11.0389442444, 8.91421508789, 7.81719064713, 10.5918884277, 7.59489822388, 7.17643594742, 6.5609703064],
        "dmean2": [69.5487289429, 52.0936279297, 33.4231109619, 26.804189682, 18.3985519409, 24.9708557129, 17.8535270691, 14.3732423782, 13.1481571198, 16.4214344025, 12.3195180893, 12.0387639999, 10.2112226486],
        "dvar": [1139.32556152, 779.549987793, 297.608123779, 164.438705444, 99.9851455688, 160.700942993, 82.726234436, 47.2964286804, 34.7381439209, 70.5214233398, 32.3009605408, 32.9017868042, 26.0156497955],
        "dvar2": [2876.81494141, 1961.20812988, 857.513305664, 397.78024292, 224.887252808, 411.406921387, 211.96812439, 108.463653564, 87.6418991089, 180.096038818, 89.1332931519, 71.6258773804, 66.16381073],
        "max": [-734.516296387, 217.73828125, 107.36831665, 106.999946594, 31.0620765686, 70.7532501221, 23.0567207336, 41.0410423279, 15.2062110901, 27.1007099152, 23.9483757019, 38.0131378174, 12.8186950684],
        "mean": [-860.342285156, 162.936035156, 51.4687843323, 39.4059906006, -2.4502248764, 15.0071191788, -5.55496740341, 9.02545452118, -10.455956459, -7.79542446136, -7.08618927002, 0.661743819714, -7.89912366867],
        "median": [-856.230529785, 168.690643311, 51.952747345, 36.0920295715, 0.122989654541, 15.972743988, -2.27848815918, 8.41628456116, -10.6877822876, -7.32894897461, -6.87804603577, -0.467582702637, -7.22701263428],
        "min": [-1019.75354004, 50.4996643066, -12.873046875, -7.66980743408, -52.0081787109, -33.3661460876, -51.1538581848, -14.861076355, -37.3841972351, -40.6204452515, -39.7808036804, -24.5834503174, -34.5810432434],
        "var": [2948.11499023, 1145.44494629, 606.868896484, 452.444458008, 223.859573364, 253.700515747, 207.138305664, 113.038475037, 73.8157806396, 166.293060303, 108.90120697, 96.5740280151, 67.413772583],
        "cov": [[2966.31323242, -210.476013184, -526.859802246, 83.8221664429, -263.200073242, 100.383911133, -366.534881592, 178.001647949, -10.6123590469, 287.336212158, 47.7750244141, 98.7131729126, -196.025054932], [-210.476013184, 1152.515625, -255.344116211, -306.359649658, 209.054595947, -210.673858643, 175.557601929, 1.06588792801, 28.8950042725, -92.2917404175, 50.1954193115, -64.3055953979, -15.5967102051], [-526.859802246, -255.344116211, 610.614990234, 114.762626648, -121.233352661, 164.284896851, 23.8229846954, -38.8995628357, -26.6845226288, -91.0020141602, 21.9441261292, -9.93963050842, 71.4709701538], [83.8221664429, -306.359649658, 114.762626648, 455.237304688, 74.509979248, -72.9412460327, -99.6560668945, 29.596830368, -28.9110279083, -87.5121612549, -14.0536718369, -19.4154090881, 30.5042228699], [-263.200073242, 209.054595947, -121.233352661, 74.509979248, 225.241409302, -102.549682617, 21.9412956238, -4.64321899414, 16.0120010376, -50.1413078308, -22.0579071045, -8.56181430817, 7.44058704376], [100.383911133, -210.673858643, 164.284896851, -72.9412460327, -102.549682617, 255.266571045, 21.0287914276, -0.168119236827, 20.6638221741, 83.0926742554, 32.9148445129, 27.9107322693, 9.33603096008], [-366.534881592, 175.557601929, 23.8229846954, -99.6560668945, 21.9412956238, 21.0287914276, 208.416931152, 4.98500871658, 5.19025659561, -12.921916008, 10.1303329468, 9.87052536011, 23.0006961823], [178.001647949, 1.06588792801, -38.8995628357, 29.596830368, -4.64321899414, -0.168119236827, 4.98500871658, 113.736244202, 20.3742523193, -3.05794382095, 42.2383003235, -2.51499080658, -0.912971198559], [-10.6123590469, 28.8950042725, -26.6845226288, -28.9110279083, 16.0120010376, 20.6638221741, 5.19025659561, 20.3742523193, 74.2714385986, 44.9289855957, 5.91384601593, -13.1232461929, 3.5458419323], [287.336212158, -92.2917404175, -91.0020141602, -87.5121612549, -50.1413078308, 83.0926742554, -12.921916008, -3.05794382095, 44.9289855957, 167.319564819, 7.73232841492, 21.193151474, -31.5056915283], [47.7750244141, 50.1954193115, 21.9441261292, -14.0536718369, -22.0579071045, 32.9148445129, 10.1303329468, 42.2383003235, 5.91384601593, 7.73232841492, 109.573432922, -10.9871644974, 8.82138442993], [98.7131729126, -64.3055953979, -9.93963050842, -19.4154090881, -8.56181430817, 27.9107322693, 9.87052536011, -2.51499080658, -13.1232461929, 21.193151474, -10.9871644974, 97.1701660156, -6.97137880325], [-196.025054932, -15.5967102051, 71.4709701538, 30.5042228699, 7.44058704376, 9.33603096008, 23.0006961823, -0.912971198559, 3.5458419323, -31.5056915283, 8.82138442993, -6.97137880325, 67.8299026489]],
        "icov": [[0.0023316279985, -0.00242262589745, 0.00270817894489, -0.00365632772446, 0.00503711309284, -0.00340869859792, 0.00358901475556, -0.00268819392659, 0.00189071136992, -0.00223581050523, 0.0014754604781, -0.00237893522717, 0.00206170626916], [-0.00242262589745, 0.00513583840802, -0.00286386790685, 0.00611044932157, -0.00736581208184, 0.00533208390698, -0.00475121103227, 0.00299319205806, -0.00263895583339, 0.00365869235247, -0.00340359169059, 0.0035434407182, -0.00118105637375], [0.00270817894489, -0.00286386790685, 0.00724042579532, -0.00583913968876, 0.00831063650548, -0.0070560160093, 0.0034095456358, -0.000573986035306, 0.000534389575478, 0.00126721616834, 0.00114903890062, -0.00266305287369, 0.00119805266149], [-0.00365632772446, 0.00611044932157, -0.00583913968876, 0.0116223404184, -0.0118383346125, 0.00798888783902, -0.00435364525765, 0.00195492594503, -0.00146109773777, 0.00394308194518, -0.00308130588382, 0.00496590975672, -0.00371514819562], [0.00503711309284, -0.00736581208184, 0.00831063650548, -0.0118383346125, 0.0206268150359, -0.00827807560563, 0.00676399236545, -0.00314176990651, -0.000186027667951, -0.00222087069415, 0.00440337369218, -0.00685956841335, 0.00367178488523], [-0.00340869859792, 0.00533208390698, -0.0070560160093, 0.00798888783902, -0.00827807560563, 0.0145962266251, -0.00607152283192, 0.00293615180999, -0.00311454106122, -0.000913787225727, -0.00438009994105, 0.00269053434022, -0.00320094265044], [0.00358901475556, -0.00475121103227, 0.0034095456358, -0.00435364525765, 0.00676399236545, -0.00607152283192, 0.0123348673806, -0.00563605735078, 0.00404923735186, -0.00385332573205, 0.00313339824788, -0.00458569033071, 0.000599811843131], [-0.00268819392659, 0.00299319205806, -0.000573986035306, 0.00195492594503, -0.00314176990651, 0.00293615180999, -0.00563605735078, 0.0167844258249, -0.00860428344458, 0.00679422076792, -0.00711952801794, 0.0014385554241, -0.000597953679971], [0.00189071136992, -0.00263895583339, 0.000534389575478, -0.00146109773777, -0.000186027667951, -0.00311454106122, 0.00404923735186, -0.00860428344458, 0.0242617782205, -0.0110254362226, 0.00384684582241, 0.00225906795822, -0.00274603324942], [-0.00223581050523, 0.00365869235247, 0.00126721616834, 0.00394308194518, -0.00222087069415, -0.000913787225727, -0.00385332573205, 0.00679422076792, -0.0110254362226, 0.0176957435906, -0.00366440159269, 0.000651860027574, 0.00237811403349], [0.0014754604781, -0.00340359169059, 0.00114903890062, -0.00308130588382, 0.00440337369218, -0.00438009994105, 0.00313339824788, -0.00711952801794, 0.00384684582241, -0.00366440159269, 0.0141913322732, -0.000265621318249, -0.00115815678146], [-0.00237893522717, 0.0035434407182, -0.00266305287369, 0.00496590975672, -0.00685956841335, 0.00269053434022, -0.00458569033071, 0.0014385554241, 0.00225906795822, 0.000651860027574, -0.000265621318249, 0.0149037567899, -0.00178000400774], [0.00206170626916, -0.00118105637375, 0.00119805266149, -0.00371514819562, 0.00367178488523, -0.00320094265044, 0.000599811843131, -0.000597953679971, -0.00274603324942, 0.00237811403349, -0.00115815678146, -0.00178000400774, 0.0218799915165]]
    }
}

}