{
"metadata": {
    "version": {
        "essentia": "2.0.1",
        "extractor": "archive-music 1.0 mod ismir14"
    },
    "audio_properties": {
        "analysis_sample_rate": 44100,
        "bitrate": 128,
        "channels": 2,
        "equal_loudness": 0,
        "length": 30.0669155121,
        "replay_gain": -11.7153892517,
        "downmix": "mix"
    },
    "tags": {
        "track": 6,
        "year": 0,
        "album": "Swing Classics (Jazz & Tzaz 70)",
        "artist": "Benny Carter",
        "comment": "",
        "genre": "Jazz",
        "title": "Babalu"
    }
},
"rhythm": {
    "bpm": 92.6367721558,
    "bpm_histogram_first_peak": 94,
    "bpm_histogram_first_peak_spread": 0.555555582047,
    "bpm_histogram_first_peak_weight": 0.355555564165,
    "bpm_histogram_second_peak": 89,
    "bpm_histogram_second_peak_spread": 0,
    "bpm_histogram_second_peak_weight": 0.177777782083
},
"tonal": {
    "tuning_frequency": {
        "dmean": 0.283034533262,
        "dmean2": 0.514530539513,
        "dvar": 2.41229915619,
        "dvar2": 6.19554328918,
        "max": 455.779724121,
        "mean": 436.820251465,
        "median": 437.465789795,
        "min": 434.444000244,
        "var": 4.73327541351
    },
    "hpcp": {
        "dmean": [0.10577417165, 0.170768037438, 0.0840341225266, 0.224969834089, 0.151840761304, 0.106675006449, 0.20738747716, 0.0815504193306, 0.189186558127, 0.0997262746096, 0.139074414968, 0.219086796045],
        "dmean2": [0.18828612566, 0.291626244783, 0.15275387466, 0.396833091974, 0.269167602062, 0.19828286767, 0.358571916819, 0.151762515306, 0.320282638073, 0.179120495915, 0.232497438788, 0.369521915913],
        "dvar": [0.0432384423912, 0.05003875494, 0.0307501014322, 0.0746297463775, 0.0557988248765, 0.0230091251433, 0.0747877955437, 0.0208153743297, 0.0451363176107, 0.0243100188673, 0.033266376704, 0.0489879995584],
        "dvar2": [0.125779360533, 0.124450609088, 0.087588980794, 0.159659937024, 0.112794756889, 0.0675826221704, 0.125190496445, 0.0590124130249, 0.0976083502173, 0.0698788240552, 0.0766128897667, 0.113545835018],
        "max": [1, 1, 1, 1, 1, 1, 1, 0.740276455879, 1, 1, 1, 1],
        "mean": [0.0878944993019, 0.238501757383, 0.0680869296193, 0.459417760372, 0.267660528421, 0.113270662725, 0.359584718943, 0.0709483027458, 0.42551407218, 0.085308663547, 0.210753083229, 0.398312866688],
        "median": [0.026432512328, 0.118623949587, 0.0260578412563, 0.324907541275, 0.0933012589812, 0.0694168582559, 0.191858500242, 0.0336534194648, 0.297914415598, 0.0405076295137, 0.14129447937, 0.297216713428],
        "min": [0.00131726043765, 0.00214189616963, 0.00111806672066, 0.00124687887728, 0.00140106049366, 0.00391371548176, 0.00164084427524, 0.00217577838339, 0.0131825674325, 0.00231354264542, 0.00253430195153, 0.00376511691138],
        "var": [0.0284321121871, 0.0703918263316, 0.0201977919787, 0.138761669397, 0.120366662741, 0.0168468486518, 0.141107812524, 0.0132664963603, 0.116910383105, 0.0169508308172, 0.0465767644346, 0.111010998487]
    }
},
"lowlevel": {
    "melbands": {
        "dmean": [1.82331064025e-06, 1.01257273855e-05, 7.26198686607e-06, 1.61191928783e-05, 1.601796248e-05, 2.64027676167e-05, 2.10298385355e-05, 6.05862769589e-05, 3.32186282321e-05, 2.26196789299e-05, 1.50988116729e-05, 1.21366565509e-05, 9.29293855734e-06, 8.67622566147e-06, 1.78345835593e-05, 1.46882521221e-05, 7.8888851931e-06, 5.13217082698e-06, 4.74361786473e-06, 6.2356939452e-06, 1.7030449726e-06, 2.17586284634e-06, 1.04500475118e-06, 9.40172128594e-07, 1.35940183554e-06, 4.25158958706e-07, 2.69116100071e-07, 2.89941766596e-07, 2.84377108528e-07, 3.16306056902e-07, 1.46648616806e-07, 7.47661985656e-08, 5.19983451852e-08, 2.13140207705e-08, 8.77687611478e-09, 6.76053879545e-09, 1.29091259904e-09, 1.19910192886e-10, 1.08254724629e-11, 4.89155048931e-13],
        "dmean2": [3.22702089761e-06, 1.77278434421e-05, 1.31013093778e-05, 2.91530686809e-05, 2.79807482002e-05, 4.45397417934e-05, 3.26172994392e-05, 9.6404881333e-05, 5.2811767091e-05, 3.81850950362e-05, 2.35912939388e-05, 1.82623298315e-05, 1.45708754644e-05, 1.52355178216e-05, 2.99977291434e-05, 2.2976197215e-05, 1.22651817946e-05, 8.72820874065e-06, 7.67725668993e-06, 1.04867340269e-05, 2.85548367174e-06, 3.70855218534e-06, 1.75123011559e-06, 1.6399484366e-06, 2.33140690398e-06, 7.07343019712e-07, 4.65189657461e-07, 5.04705212734e-07, 4.76392614246e-07, 5.52200106085e-07, 2.51082497016e-07, 1.32216527504e-07, 9.1472017516e-08, 3.84927147934e-08, 1.56430246534e-08, 1.19114229591e-08, 2.24194951493e-09, 2.18741635916e-10, 1.92065183202e-11, 8.54772578673e-13],
        "dvar": [3.53825605967e-12, 1.45038550614e-10, 4.49273188097e-11, 2.63412236468e-10, 2.69718247736e-10, 9.52490308848e-10, 7.07360447993e-10, 1.08926156983e-08, 2.93133117779e-09, 9.43873867953e-10, 4.76793271531e-10, 3.3452418613e-10, 1.54522200591e-10, 2.17885348652e-10, 6.8480970894e-10, 6.82299661214e-10, 1.93346227917e-10, 7.71798805421e-11, 5.37914678078e-11, 1.33832056548e-10, 4.12997283941e-12, 9.59748166357e-12, 1.77589334297e-12, 1.50128401464e-12, 4.01885686188e-12, 6.97959864817e-13, 1.8365285692e-13, 2.66754283593e-13, 1.44940659409e-13, 1.8059871361e-13, 4.78815324521e-14, 1.76604522971e-14, 9.53700314522e-15, 1.91042966121e-15, 2.24222088404e-16, 1.34234512463e-16, 3.53248928157e-18, 4.46551579606e-20, 3.15213318187e-22, 5.93646525994e-25],
        "dvar2": [9.59221157365e-12, 4.12381490067e-10, 1.25064791856e-10, 7.97380494966e-10, 8.41425873421e-10, 2.96148150447e-09, 1.62621027755e-09, 2.57759307232e-08, 7.41505301605e-09, 2.67810329468e-09, 1.14813947238e-09, 8.21283707708e-10, 3.61419116857e-10, 6.33824825957e-10, 1.65259683715e-09, 1.35296285286e-09, 4.0591016659e-10, 2.36297259537e-10, 1.23592303058e-10, 3.47102513398e-10, 1.06844611283e-11, 2.4078423283e-11, 3.92949735251e-12, 4.17935954941e-12, 1.12824081674e-11, 1.84743279702e-12, 5.66894187842e-13, 6.95537377693e-13, 4.12045533327e-13, 5.18805267843e-13, 1.41689638538e-13, 5.17853683925e-14, 2.63433108064e-14, 5.52256206599e-15, 6.26147983374e-16, 3.43211953346e-16, 9.83231543834e-18, 1.15283735457e-19, 8.57705313912e-22, 1.66713308038e-24],
        "max": [1.05688186522e-05, 8.68284987519e-05, 4.49111394119e-05, 0.000115721311886, 9.64467253652e-05, 0.000176733083208, 0.000269876909442, 0.000737619295251, 0.000351205089828, 0.000191875282326, 0.000124933256302, 0.000135207374115, 8.06366078905e-05, 0.000107437168481, 0.000155247791554, 0.000179934708285, 0.000113203990622, 6.8689820182e-05, 6.00472922088e-05, 0.000100827586721, 1.32450140882e-05, 2.4947197744e-05, 1.04169193946e-05, 7.16621389074e-06, 1.26932454805e-05, 6.80649691276e-06, 2.39049495576e-06, 3.84440136258e-06, 1.98541647478e-06, 2.48840274253e-06, 1.29524050863e-06, 9.44361431721e-07, 5.28954899437e-07, 2.98297237578e-07, 7.97100838668e-08, 8.65699476549e-08, 1.26028796288e-08, 1.21513688001e-09, 9.72907795993e-11, 4.35165228505e-12],
        "mean": [2.48203969022e-06, 1.42911649164e-05, 9.35438856686e-06, 2.08354031201e-05, 2.61102486547e-05, 3.66994900105e-05, 3.43543724739e-05, 8.46646071295e-05, 4.64122604171e-05, 2.72585584753e-05, 1.82492058229e-05, 1.48376338984e-05, 1.20842742035e-05, 9.2398677225e-06, 1.92591287487e-05, 1.56068981596e-05, 1.1126319805e-05, 5.40977907804e-06, 4.62297930426e-06, 6.50979609418e-06, 1.86740919617e-06, 2.61244713329e-06, 1.28550630052e-06, 1.06083098217e-06, 1.44504747368e-06, 4.8362318239e-07, 2.56445304103e-07, 2.73898876912e-07, 2.87554428269e-07, 3.06101100023e-07, 1.4234228729e-07, 6.60353336457e-08, 4.2439811665e-08, 1.72237175633e-08, 7.28646298853e-09, 5.96173199696e-09, 1.27186483567e-09, 1.05809798423e-10, 1.03539295193e-11, 5.07153076045e-13],
        "median": [1.79238804776e-06, 1.15218836072e-05, 7.05384854882e-06, 1.70153580257e-05, 2.11576225411e-05, 2.60252036242e-05, 1.86184552149e-05, 2.79301566479e-05, 1.46886795847e-05, 1.29571026264e-05, 6.48600826025e-06, 4.18685749537e-06, 4.98484587297e-06, 5.32744752491e-06, 6.83015286995e-06, 3.92885385736e-06, 2.2676269964e-06, 1.91549679585e-06, 9.72498355623e-07, 1.67330028944e-06, 9.12297252853e-07, 1.1300683127e-06, 7.22515949292e-07, 5.96970892275e-07, 3.81010124784e-07, 1.92616042227e-07, 9.88515793665e-08, 5.20931138226e-08, 1.28393764953e-07, 1.18975329144e-07, 5.09753199651e-08, 1.75648864342e-08, 6.15387030223e-09, 1.99131777734e-09, 1.14483955649e-09, 9.377735255e-10, 3.50542872507e-10, 2.53264197808e-11, 3.19492479348e-12, 2.41598950047e-13],
        "min": [3.75214057158e-07, 1.49218249135e-06, 9.74491285888e-07, 1.68855464722e-07, 8.03972426411e-08, 1.30038827706e-07, 1.35390010314e-07, 1.57883462748e-07, 5.40401892124e-08, 2.70488378362e-08, 1.5867616554e-08, 1.31563151484e-08, 1.53683661352e-08, 9.70265734423e-09, 1.12318288004e-08, 5.75651704082e-09, 7.98489008247e-09, 3.89368981502e-09, 5.87853898892e-09, 2.01101024722e-09, 1.22340837461e-09, 2.34330599369e-09, 1.28288957235e-09, 8.02149902057e-10, 4.94752239177e-10, 2.63736671391e-10, 2.18854628864e-10, 1.19958543099e-10, 1.25997573486e-10, 6.8030935052e-11, 6.04767139145e-11, 4.42781401822e-11, 3.72580057084e-11, 2.63237175113e-11, 1.66616928587e-11, 1.18125830298e-11, 5.30249498823e-12, 1.97273100633e-12, 4.14082938945e-13, 2.18784053239e-14],
        "var": [3.72405448493e-12, 1.36146233176e-10, 5.96068819303e-11, 3.19635207191e-10, 4.56306326058e-10, 1.29128607806e-09, 1.82014958661e-09, 1.82793300496e-08, 4.29530011559e-09, 1.19676091259e-09, 6.54562737346e-10, 4.73884043117e-10, 2.84143819584e-10, 1.70046449144e-10, 7.99018906594e-10, 9.19606446548e-10, 4.44384196108e-10, 8.31971019855e-11, 6.54136952938e-11, 1.8060283824e-10, 5.47791109348e-12, 1.641555121e-11, 2.96069028669e-12, 1.7778064177e-12, 4.67826949055e-12, 8.41935679161e-13, 1.63195601781e-13, 3.07340361928e-13, 1.6707158389e-13, 2.04037253673e-13, 5.2765859851e-14, 1.49306836426e-14, 8.61487225686e-15, 1.58986443073e-15, 2.09530050471e-16, 1.50579151381e-16, 4.45670934691e-18, 4.07558931765e-20, 3.0372823547e-22, 5.1261887533e-25]
    },
    "mfcc": {
        "dmean": [51.5594749451, 17.6157093048, 21.7518196106, 9.90221500397, 11.824426651, 8.96693706512, 6.64603614807, 6.30307435989, 5.45137166977, 4.94928789139, 4.71390247345, 5.75892496109, 4.64393997192],
        "dmean2": [83.3292541504, 29.4664516449, 36.285194397, 15.9699726105, 20.3925533295, 14.7609176636, 10.9369068146, 10.3511285782, 9.30569553375, 8.52994537354, 7.17723035812, 10.054898262, 7.68517398834],
        "dvar": [2313.60473633, 242.211547852, 517.698242188, 70.0322952271, 124.28956604, 61.1387672424, 37.5765686035, 21.4023761749, 22.8017902374, 18.335395813, 15.8911685944, 24.5027751923, 11.7569465637],
        "dvar2": [6014.92724609, 650.790100098, 1195.54138184, 206.043945312, 338.862426758, 158.53956604, 101.918785095, 64.8072891235, 60.5288124084, 38.6994590759, 38.0899238586, 63.8714408875, 26.3959026337],
        "max": [-693.165527344, 208.173278809, 53.530796051, 57.773651123, 20.7469329834, 40.3663711548, 13.749912262, 4.7532043457, 20.7095222473, 10.2773456573, 21.2790336609, 22.1230792999, 6.28778076172],
        "mean": [-816.53717041, 166.42616272, -42.0879974365, 13.0549345016, -15.3364810944, -3.72267079353, -8.92267894745, -10.5809307098, -1.7774490118, -7.05540275574, 1.8201802969, 3.81246590614, -4.99883794785],
        "median": [-796.086242676, 170.233062744, -52.0249290466, 10.3429145813, -14.7548027039, -6.31977844238, -9.92029571533, -11.1218643188, -1.39294433594, -7.3272857666, 2.02040481567, 3.38780975342, -5.02311706543],
        "min": [-1021.25036621, 84.5690917969, -92.7239379883, -18.6775932312, -45.7157096863, -27.5717277527, -40.3810157776, -25.5242996216, -16.9737739563, -25.96534729, -12.2888011932, -16.7300491333, -14.5167617798],
        "var": [5920.26367188, 642.712402344, 1306.86779785, 266.925476074, 277.006164551, 157.104217529, 85.9962615967, 46.4248924255, 45.2985916138, 54.5722160339, 42.9044113159, 77.8378067017, 25.0938835144],
        "cov": [[5956.80859375, 156.93522644, -2696.21582031, 295.258270264, -1016.98931885, 31.6660575867, -404.774505615, -47.6662940979, 8.01001739502, -133.219467163, 143.856201172, 133.162857056, -80.4528808594], [156.93522644, 646.67980957, -29.0394039154, -289.885528564, -55.0739173889, -255.909378052, 57.1020927429, -76.9207687378, 51.8649406433, -94.5838928223, -1.68747055531, 95.463104248, -20.5398273468], [-2696.21582031, -29.0394039154, 1314.93493652, -134.301452637, 445.164245605, -5.66241884232, 174.51574707, 34.724571228, -9.2703037262, 69.0027618408, -71.5897369385, -58.2771148682, 36.352104187], [295.258270264, -289.885528564, -134.301452637, 268.573150635, 29.6122379303, 115.4139328, -47.378288269, 7.56819057465, -40.0358009338, 12.7988948822, -5.12228488922, -63.6293106079, -9.68682765961], [-1016.98931885, -55.0739173889, 445.164245605, 29.6122379303, 278.716064453, 23.3428344727, 64.5786209106, -3.35482192039, -39.6416091919, 19.5286693573, -39.6821632385, -61.5725860596, 2.24253535271], [31.6660575867, -255.909378052, -5.66241884232, 115.4139328, 23.3428344727, 158.073989868, -9.96492481232, 48.1992607117, -29.5578975677, 36.3360977173, -7.28304862976, -59.2621955872, 5.57173156738], [-404.774505615, 57.1020927429, 174.51574707, -47.378288269, 64.5786209106, -9.96492481232, 86.5270996094, 12.9401283264, 6.50959825516, -13.0438318253, -23.9589881897, -7.74925994873, 1.46608138084], [-47.6662940979, -76.9207687378, 34.724571228, 7.56819057465, -3.35482192039, 48.1992607117, 12.9401283264, 46.7114639282, 1.38000130653, 21.6926765442, -0.0732656419277, -9.16167831421, 10.2973451614], [8.01001739502, 51.8649406433, -9.2703037262, -40.0358009338, -39.6416091919, -29.5578975677, 6.50959825516, 1.38000130653, 45.578212738, -5.42999458313, 14.8038253784, 28.0496330261, 2.11204504967], [-133.219467163, -94.5838928223, 69.0027618408, 12.7988948822, 19.5286693573, 36.3360977173, -13.0438318253, 21.6926765442, -5.42999458313, 54.9090843201, 14.9792528152, -12.0935277939, 10.6113643646], [143.856201172, -1.68747055531, -71.5897369385, -5.12228488922, -39.6821632385, -7.28304862976, -23.9589881897, -0.0732656419277, 14.8038253784, 14.9792528152, 43.169254303, 27.5293655396, 2.50388431549], [133.162857056, 95.463104248, -58.2771148682, -63.6293106079, -61.5725860596, -59.2621955872, -7.74925994873, -9.16167831421, 28.0496330261, -12.0935277939, 27.5293655396, 78.3182907104, 5.29736232758], [-80.4528808594, -20.5398273468, 36.352104187, -9.68682765961, 2.24253535271, 5.57173156738, 1.46608138084, 10.2973451614, 2.11204504967, 10.6113643646, 2.50388431549, 5.29736232758, 25.2487831116]],
        "icov": [[0.476390630007, -0.679508447647, 0.650810241699, -0.620049417019, 0.605249762535, -0.567013859749, 0.558129012585, -0.483218073845, 0.38666048646, -0.339606255293, 0.306280374527, -0.265274256468, 0.162001386285], [-0.679508447647, 0.977815628052, -0.92723852396, 0.890671849251, -0.86427885294, 0.816977381706, -0.798479795456, 0.690509796143, -0.550767719746, 0.490705758333, -0.43869560957, 0.380293130875, -0.228244423866], [0.650810241699, -0.92723852396, 0.89207047224, -0.845112144947, 0.822482049465, -0.773539841175, 0.760738492012, -0.660407662392, 0.525788128376, -0.466760843992, 0.421206921339, -0.363175064325, 0.22026796639], [-0.620049417019, 0.890671849251, -0.845112144947, 0.819442987442, -0.791375041008, 0.738766133785, -0.724595189095, 0.631224632263, -0.502910733223, 0.448547393084, -0.400626718998, 0.348768770695, -0.208018437028], [0.605249762535, -0.86427885294, 0.822482049465, -0.791375041008, 0.782477915287, -0.720537364483, 0.704553544521, -0.608313202858, 0.498792469501, -0.432690948248, 0.386817038059, -0.333407998085, 0.206095919013], [-0.567013859749, 0.816977381706, -0.773539841175, 0.738766133785, -0.720537364483, 0.702271044254, -0.665906846523, 0.559492051601, -0.454831957817, 0.407844722271, -0.36829918623, 0.325579881668, -0.190621644258], [0.558129012585, -0.798479795456, 0.760738492012, -0.724595189095, 0.704553544521, -0.665906846523, 0.680113494396, -0.579553067684, 0.447511345148, -0.38806951046, 0.363964706659, -0.309878230095, 0.191414907575], [-0.483218073845, 0.690509796143, -0.660407662392, 0.631224632263, -0.608313202858, 0.559492051601, -0.579553067684, 0.541426002979, -0.396799921989, 0.330213397741, -0.305889576674, 0.26474699378, -0.172397226095], [0.38666048646, -0.550767719746, 0.525788128376, -0.502910733223, 0.498792469501, -0.454831957817, 0.447511345148, -0.396799921989, 0.351547122002, -0.270416885614, 0.23573321104, -0.21707624197, 0.132378399372], [-0.339606255293, 0.490705758333, -0.466760843992, 0.448547393084, -0.432690948248, 0.407844722271, -0.38806951046, 0.330213397741, -0.270416885614, 0.289077103138, -0.241611272097, 0.199549332261, -0.119312420487], [0.306280374527, -0.43869560957, 0.421206921339, -0.400626718998, 0.386817038059, -0.36829918623, 0.363964706659, -0.305889576674, 0.23573321104, -0.241611272097, 0.248427063227, -0.188686922193, 0.106229446828], [-0.265274256468, 0.380293130875, -0.363175064325, 0.348768770695, -0.333407998085, 0.325579881668, -0.309878230095, 0.26474699378, -0.21707624197, 0.199549332261, -0.188686922193, 0.179309219122, -0.0960427299142], [0.162001386285, -0.228244423866, 0.22026796639, -0.208018437028, 0.206095919013, -0.190621644258, 0.191414907575, -0.172397226095, 0.132378399372, -0.119312420487, 0.106229446828, -0.0960427299142, 0.104833543301]]
    }
}

}