{
"metadata": {
    "version": {
        "essentia": "2.0.1",
        "extractor": "archive-music 1.0 mod ismir14"
    },
    "audio_properties": {
        "analysis_sample_rate": 44100,
        "bitrate": 128,
        "channels": 2,
        "equal_loudness": 0,
        "length": 30.0669155121,
        "replay_gain": -12.9652671814,
        "downmix": "mix"
    },
    "tags": {
        "track": 0,
        "year": 0,
        "album": "",
        "artist": "",
        "comment": "",
        "genre": "",
        "title": ""
    }
},
"rhythm": {
    "bpm": 88.2881317139,
    "bpm_histogram_first_peak": 89,
    "bpm_histogram_first_peak_spread": 0.309523820877,
    "bpm_histogram_first_peak_weight": 0.674418628216,
    "bpm_histogram_second_peak": 94,
    "bpm_histogram_second_peak_spread": 0,
    "bpm_histogram_second_peak_weight": 0.0232558138669
},
"tonal": {
    "tuning_frequency": {
        "dmean": 0.297735899687,
        "dmean2": 0.574289441109,
        "dvar": 2.43287706375,
        "dvar2": 5.8303694725,
        "max": 443.828887939,
        "mean": 439.45892334,
        "median": 441.272583008,
        "min": 431.443084717,
        "var": 10.3032484055
    },
    "hpcp": {
        "dmean": [0.214581400156, 0.148632198572, 0.22445435822, 0.256759673357, 0.120330289006, 0.225710049272, 0.251185745001, 0.271157860756, 0.189550206065, 0.10622728616, 0.241848185658, 0.0825427174568],
        "dmean2": [0.367686182261, 0.26811003685, 0.406485170126, 0.451257228851, 0.210865616798, 0.37524408102, 0.43246653676, 0.473564535379, 0.332687199116, 0.184384688735, 0.42067861557, 0.152329742908],
        "dvar": [0.0411502420902, 0.0298447553068, 0.0587566792965, 0.060121614486, 0.0304145757109, 0.0639842003584, 0.0627328455448, 0.047470100224, 0.0491991490126, 0.019696040079, 0.0600300841033, 0.0147362090647],
        "dvar2": [0.0951551869512, 0.0806542262435, 0.162326991558, 0.178250297904, 0.0835007354617, 0.148677736521, 0.146913617849, 0.135269373655, 0.132785573602, 0.0480728894472, 0.157726854086, 0.0431011542678],
        "max": [1, 1, 1, 1, 1, 1, 1, 1, 1, 1, 1, 1],
        "mean": [0.302768856287, 0.170064046979, 0.235499635339, 0.304899096489, 0.132604256272, 0.319416224957, 0.347997784615, 0.391075134277, 0.245977714658, 0.130952805281, 0.77628582716, 0.0976199880242],
        "median": [0.226287722588, 0.109008021653, 0.138415187597, 0.202039942145, 0.0784241557121, 0.14817713201, 0.256916254759, 0.328188538551, 0.131281480193, 0.08132147789, 0.948085546494, 0.0675017535686],
        "min": [0.0187612883747, 0.00583476061001, 0.0058812093921, 0.00608121557161, 0.00296855252236, 0.025888806209, 0.0106157986447, 0.00858639832586, 0.00742257433012, 0.00419065635651, 0.0891854465008, 0.00453885411844],
        "var": [0.0656601637602, 0.0332562327385, 0.0653404667974, 0.0743553191423, 0.0288758799434, 0.108124434948, 0.0939631387591, 0.0835010483861, 0.0706819817424, 0.0244033187628, 0.0772799551487, 0.0105831120163]
    }
},
"lowlevel": {
    "melbands": {
        "dmean": [1.44441346492e-05, 6.60292862449e-05, 5.73076649744e-05, 3.79797311325e-05, 1.64627690538e-05, 2.85606074613e-05, 3.07208683807e-05, 3.82130638172e-05, 4.32219203503e-05, 2.44755374297e-05, 1.70017028722e-05, 1.09046741272e-05, 9.61757450568e-06, 5.29038061359e-06, 8.79643903318e-06, 5.22997606822e-06, 6.37632228973e-06, 3.90897321267e-06, 2.89808053822e-06, 3.02503235616e-06, 2.29794295592e-06, 2.44488342105e-06, 3.94811331716e-06, 4.12553026763e-06, 2.55580403064e-06, 1.66791483025e-06, 1.60981142017e-06, 9.84667281045e-07, 4.41835851461e-07, 4.15885011762e-07, 3.41583842101e-07, 1.71000550608e-07, 7.72790187398e-08, 4.97907350905e-08, 4.39193819091e-08, 3.0113316285e-08, 1.7274073727e-08, 7.67614327657e-09, 1.51934265169e-09, 7.06398134431e-11],
        "dmean2": [2.58916606981e-05, 0.000126137514599, 0.000104329592432, 6.75821720506e-05, 2.99825824186e-05, 5.11281796207e-05, 5.64803704037e-05, 6.86864514137e-05, 7.13575864211e-05, 4.38194365415e-05, 2.94926921924e-05, 1.99697751668e-05, 1.71789779415e-05, 9.4851529866e-06, 1.60420204338e-05, 9.49175318965e-06, 1.16389837785e-05, 7.00262762621e-06, 5.23016115039e-06, 5.24483539266e-06, 4.03699777962e-06, 4.23893789048e-06, 7.16291333447e-06, 6.84773567627e-06, 4.60146975456e-06, 2.90809452963e-06, 2.68409803539e-06, 1.65865833424e-06, 7.50350636736e-07, 7.18238823083e-07, 5.9426236021e-07, 2.9146548286e-07, 1.3059222681e-07, 8.57479918182e-08, 7.29643900854e-08, 5.09928383963e-08, 3.13706429722e-08, 1.34945130625e-08, 2.66982747021e-09, 1.27205482259e-10],
        "dvar": [4.28412694209e-10, 5.0975259569e-09, 3.35063532475e-09, 2.52605159012e-09, 2.66836497342e-10, 6.02247585135e-10, 8.09349920416e-10, 1.56517621086e-09, 7.01096780631e-09, 4.58055060548e-09, 5.82912551561e-10, 6.60525911744e-10, 5.6879112531e-10, 1.04023623049e-10, 3.31832589184e-10, 8.75676892109e-11, 2.20854154409e-10, 6.05841765644e-11, 1.73201904208e-11, 4.7776796408e-11, 1.06437844649e-11, 1.19714715571e-11, 4.49904002942e-11, 4.42974615322e-11, 1.86922474027e-11, 7.93132833715e-12, 9.13790744461e-12, 4.25403505824e-12, 4.01871515666e-13, 6.53046681402e-13, 4.32986844079e-13, 8.98499685569e-14, 1.47490543677e-14, 6.76355766031e-15, 4.38071125463e-15, 1.27462132002e-15, 3.85886002624e-16, 4.57948065148e-17, 1.809754341e-18, 5.63650684085e-21],
        "dvar2": [1.09072317844e-09, 1.63032218836e-08, 9.36116961725e-09, 6.82607703695e-09, 7.38091143759e-10, 1.97585703354e-09, 2.12354134277e-09, 4.2710497361e-09, 1.53151322735e-08, 1.2988249587e-08, 1.44287182202e-09, 1.86571980088e-09, 1.58079971335e-09, 2.95192648103e-10, 1.01135588793e-09, 2.50886700304e-10, 6.23719076387e-10, 1.57546031776e-10, 4.65929725357e-11, 1.26168145376e-10, 2.3707870736e-11, 3.40850472846e-11, 1.32003769027e-10, 1.20728996245e-10, 4.48727582869e-11, 2.18761311149e-11, 2.22144559692e-11, 1.10951161453e-11, 1.00312650981e-12, 1.60951742385e-12, 1.12419351172e-12, 2.43422957572e-13, 3.50328557938e-14, 1.61137210075e-14, 8.5502927709e-15, 2.70253950986e-15, 9.01964833829e-16, 1.26647651589e-16, 4.38480294985e-18, 1.59557598698e-20],
        "max": [0.000139672425576, 0.000443501747213, 0.000284057896351, 0.000293063640129, 0.000114152950118, 0.000141276352224, 0.000139451760333, 0.000169201841345, 0.000867397408001, 0.000559345935471, 0.000158648137585, 0.000159172224812, 0.000139765121276, 6.28897614661e-05, 0.000112310452096, 5.19029599673e-05, 9.57251832006e-05, 7.26338475943e-05, 2.08655001188e-05, 6.06524990872e-05, 2.19782050408e-05, 2.33827322518e-05, 3.50642221747e-05, 4.92583094456e-05, 2.85655514745e-05, 1.73801927303e-05, 2.4428622055e-05, 1.29467634906e-05, 5.38871063327e-06, 7.32109901946e-06, 4.01217675972e-06, 1.69982513398e-06, 8.58983980834e-07, 6.58622298033e-07, 6.11198174738e-07, 2.94637260367e-07, 1.48875088257e-07, 4.99379453345e-08, 1.14943539131e-08, 4.8524984031e-10],
        "mean": [1.89709717233e-05, 7.50316903577e-05, 8.03227085271e-05, 4.16584407503e-05, 2.26864558499e-05, 4.1431554564e-05, 4.1429153498e-05, 3.1588402635e-05, 4.89073827339e-05, 2.52041372732e-05, 1.96371838683e-05, 8.95045013749e-06, 7.31401769372e-06, 4.82029918203e-06, 7.71448412706e-06, 4.3772747631e-06, 4.9285708883e-06, 3.94159451389e-06, 2.72444799521e-06, 2.45772571361e-06, 2.1985042622e-06, 2.27447094403e-06, 3.59455725629e-06, 3.80645565201e-06, 2.48385981649e-06, 2.06631420951e-06, 1.66243387412e-06, 9.53182393459e-07, 5.26587484728e-07, 4.38575938233e-07, 3.53817767973e-07, 2.13931542703e-07, 1.05117699434e-07, 8.16153047367e-08, 7.38966861036e-08, 5.15402795997e-08, 3.16209280982e-08, 1.24139321045e-08, 2.11843831366e-09, 1.01698947874e-10],
        "median": [1.34068777697e-05, 5.40407527296e-05, 6.72947207931e-05, 2.53525777225e-05, 1.74917040567e-05, 3.80989622499e-05, 2.89928757411e-05, 1.75391833181e-05, 2.90236312139e-05, 1.41089103636e-05, 1.26339755298e-05, 2.93411358143e-06, 2.07136758945e-06, 2.13479370359e-06, 4.06926801588e-06, 1.93857749764e-06, 1.65160577126e-06, 1.4289075807e-06, 1.17168360703e-06, 8.26343580229e-07, 8.48117281294e-07, 8.55110158682e-07, 8.28849294976e-07, 6.74416071433e-07, 9.04551257008e-07, 6.97894620316e-07, 3.48035939624e-07, 3.46627587078e-07, 3.17278789908e-07, 1.99047889282e-07, 1.13234840171e-07, 9.14029385513e-08, 6.03853678172e-08, 5.24996970341e-08, 4.80797091029e-08, 3.59685969897e-08, 2.31586678723e-08, 9.34562294219e-09, 1.54123613871e-09, 6.90512508283e-11],
        "min": [2.35053016695e-06, 7.4659819802e-06, 1.22274932437e-05, 3.63115668733e-06, 2.92928871204e-06, 2.13875955524e-06, 2.25401731768e-06, 2.11721271626e-06, 3.45399314483e-07, 2.87900746798e-07, 2.94383283972e-07, 7.75389921159e-08, 2.27883688808e-07, 2.2683892098e-07, 1.1485821716e-07, 7.79219249125e-08, 8.45051104648e-08, 4.55131576871e-08, 4.46181012137e-08, 6.08257479939e-08, 9.76063674329e-08, 8.07341464792e-08, 7.50967146246e-08, 5.13415869818e-08, 9.91173010334e-08, 1.0196126965e-07, 2.89854007463e-08, 1.96004297237e-08, 6.30728038686e-08, 4.68516070384e-08, 1.97062615115e-08, 1.65442308742e-08, 1.67383067406e-08, 1.03586978994e-08, 6.48535003478e-09, 8.75017480695e-09, 5.17190290594e-09, 2.05360128902e-09, 2.69522293372e-10, 1.4672867088e-11],
        "var": [4.01928101912e-10, 4.08065181645e-09, 2.78924749963e-09, 2.01010741385e-09, 3.20205945092e-10, 7.79638464898e-10, 1.09523301539e-09, 1.2803121896e-09, 7.30696125828e-09, 2.78063505554e-09, 6.19705398108e-10, 4.57828136513e-10, 3.92905402657e-10, 7.23851326101e-11, 2.04595326792e-10, 6.11353051516e-11, 1.40582684383e-10, 6.93880231051e-11, 1.59214239015e-11, 3.50267870264e-11, 1.2400517245e-11, 1.18298704166e-11, 4.19823065201e-11, 5.31921000302e-11, 1.87124898909e-11, 1.0559335524e-11, 1.10292261435e-11, 3.60797893298e-12, 4.30301166877e-13, 6.25925201427e-13, 4.24110345367e-13, 9.21827379512e-14, 1.81091798593e-14, 8.6712397584e-15, 7.72288642406e-15, 2.53728084075e-15, 5.95333771785e-16, 8.4778594631e-17, 3.53730719505e-18, 8.68161999688e-21]
    },
    "mfcc": {
        "dmean": [32.7632637024, 11.3589820862, 18.3765411377, 9.09956073761, 10.0253381729, 9.50822544098, 10.6247644424, 7.79384756088, 6.12987995148, 6.4708981514, 6.29796981812, 6.24297904968, 6.30135011673],
        "dmean2": [57.0369987488, 18.5839061737, 28.5854530334, 15.7029914856, 17.2552032471, 16.1898555756, 17.7966785431, 14.0976428986, 10.1087055206, 10.171754837, 10.4121446609, 10.1377487183, 9.84642219543],
        "dvar": [631.047912598, 86.8450164795, 158.250152588, 86.93699646, 70.1554946899, 51.5461349487, 79.0569839478, 32.9316902161, 32.158454895, 26.0444583893, 28.2614383698, 24.7478923798, 28.605134964],
        "dvar2": [1606.03881836, 200.738510132, 529.72454834, 186.154754639, 179.040435791, 140.731933594, 197.366699219, 107.217124939, 90.6139526367, 68.137298584, 75.1651992798, 69.5018844604, 76.5895309448],
        "max": [-670.519165039, 167.275543213, 24.0014228821, 84.5719070435, 17.114112854, 28.8763923645, 21.3456573486, 29.1538238525, 3.71119689941, 32.1925888062, 18.6378707886, 23.8391437531, 5.08477401733],
        "mean": [-758.691772461, 138.09942627, -18.5931224823, 37.2691993713, -17.7409000397, 3.58747339249, -12.297908783, 6.54190969467, -10.5186958313, 10.6221971512, -2.53996777534, 5.41917657852, -8.9665927887],
        "median": [-761.577575684, 141.613861084, -17.4940032959, 34.1867752075, -19.6179695129, 3.41246414185, -13.0371952057, 6.01641845703, -9.34796524048, 11.1558818817, -2.23609542847, 5.99653053284, -7.68950653076],
        "min": [-882.272888184, 84.6326751709, -73.7335586548, 2.82052993774, -42.2996368408, -19.4681777954, -35.6251449585, -11.6880569458, -37.3523406982, -19.4407234192, -19.3979759216, -12.4781074524, -38.1087150574],
        "var": [1198.03259277, 296.046844482, 374.537658691, 179.259536743, 119.366470337, 82.1788864136, 121.232215881, 62.3989105225, 59.7023925781, 59.1855659485, 43.6464233398, 36.5698547363, 62.5099105835],
        "cov": [[1205.42785645, -309.598937988, -555.610107422, 114.596466064, -19.848531723, -50.5262908936, -27.5827789307, 79.1762924194, -76.6220092773, -15.8010692596, 13.2794132233, 25.5776882172, -106.797119141], [-309.598937988, 297.874298096, 166.274932861, -158.766601562, -66.0637969971, 33.2565155029, 19.8207149506, -70.0325698853, 42.818359375, 18.8804988861, 24.5376300812, 20.3368682861, 45.1438941956], [-555.610107422, 166.274932861, 376.849639893, -17.5718517303, 9.40313148499, 34.3744468689, -2.1039917469, -25.1377849579, 36.6129722595, 1.62842476368, -6.24569606781, -9.22318840027, 48.7442703247], [114.596466064, -158.766601562, -17.5718517303, 180.366073608, 86.6870956421, -47.2987327576, -43.8385124207, 34.1811027527, -20.7698936462, -9.32118797302, -10.9197998047, -16.4326496124, -14.6199789047], [-19.848531723, -66.0637969971, 9.40313148499, 86.6870956421, 120.103302002, -18.425365448, -43.4744606018, 21.2099056244, -7.37024736404, -3.67920970917, -17.6813850403, -12.6131248474, -1.60478758812], [-50.5262908936, 33.2565155029, 34.3744468689, -47.2987327576, -18.425365448, 82.686164856, 62.8016853333, 3.41306829453, -0.548980712891, -22.8395404816, -5.69342803955, -4.60886335373, -19.1620407104], [-27.5827789307, 19.8207149506, -2.1039917469, -43.8385124207, -43.4744606018, 62.8016853333, 121.980567932, 19.3382644653, -27.4538269043, -26.4339561462, -12.6371126175, 1.4128061533, -12.507853508], [79.1762924194, -70.0325698853, -25.1377849579, 34.1811027527, 21.2099056244, 3.41306829453, 19.3382644653, 62.7840881348, -10.3585939407, -23.3981838226, -10.7412748337, -3.16541552544, -11.1065120697], [-76.6220092773, 42.818359375, 36.6129722595, -20.7698936462, -7.37024736404, -0.548980712891, -27.4538269043, -10.3585939407, 60.0709266663, 23.8842735291, -0.593299508095, -5.96294736862, 3.99082064629], [-15.8010692596, 18.8804988861, 1.62842476368, -9.32118797302, -3.67920970917, -22.8395404816, -26.4339561462, -23.3981838226, 23.8842735291, 59.550907135, 11.4406061172, -5.14109992981, 10.3831481934], [13.2794132233, 24.5376300812, -6.24569606781, -10.9197998047, -17.6813850403, -5.69342803955, -12.6371126175, -10.7412748337, -0.593299508095, 11.4406061172, 43.9158439636, 14.361992836, -3.88367724419], [25.5776882172, 20.3368682861, -9.22318840027, -16.4326496124, -12.6131248474, -4.60886335373, 1.4128061533, -3.16541552544, -5.96294736862, -5.14109992981, 14.361992836, 36.7955932617, 18.5243186951], [-106.797119141, 45.1438941956, 48.7442703247, -14.6199789047, -1.60478758812, -19.1620407104, -12.507853508, -11.1065120697, 3.99082064629, 10.3831481934, -3.88367724419, 18.5243186951, 62.8957748413]],
        "icov": [[0.00954909902066, -0.0100674340501, 0.0149594666436, -0.015335819684, 0.0142965028062, -0.0152078056708, 0.0174864828587, -0.0169246681035, 0.0147446198389, -0.0126947024837, 0.0146758574992, -0.0137646803632, 0.0106226820499], [-0.0100674340501, 0.0275853928179, -0.0213608015329, 0.0295867286623, -0.0203962251544, 0.0237050559372, -0.0260272864252, 0.0298486985266, -0.0240737386048, 0.0201421510428, -0.0252048149705, 0.0152050554752, -0.014497817494], [0.0149594666436, -0.0213608015329, 0.0292480979115, -0.0293343570083, 0.0235239583999, -0.0291477050632, 0.029594797641, -0.0287917312235, 0.0231504663825, -0.020251981914, 0.0241549909115, -0.0183860808611, 0.0125492652878], [-0.015335819684, 0.0295867286623, -0.0293343570083, 0.0472671166062, -0.0335523113608, 0.0378283150494, -0.034009989351, 0.0332598425448, -0.0276044346392, 0.0272601693869, -0.0316812098026, 0.0251712072641, -0.0158949363977], [0.0142965028062, -0.0203962251544, 0.0235239583999, -0.0335523113608, 0.0402538776398, -0.0322613231838, 0.0377758406103, -0.0336179323494, 0.029908163473, -0.0248348955065, 0.0321474783123, -0.0216798577458, 0.0162313338369], [-0.0152078056708, 0.0237050559372, -0.0291477050632, 0.0378283150494, -0.0322613231838, 0.0607354529202, -0.0478845499456, 0.0366040617228, -0.0349526815116, 0.0333571694791, -0.031312789768, 0.0244757141918, -0.00926405098289], [0.0174864828587, -0.0260272864252, 0.029594797641, -0.034009989351, 0.0377758406103, -0.0478845499456, 0.0594481304288, -0.0446469299495, 0.043520078063, -0.0317691527307, 0.0402492582798, -0.0284829512239, 0.0212026257068], [-0.0169246681035, 0.0298486985266, -0.0287917312235, 0.0332598425448, -0.0336179323494, 0.0366040617228, -0.0446469299495, 0.0632475242019, -0.0380767658353, 0.0366892553866, -0.0339155346155, 0.0258226823062, -0.020873868838], [0.0147446198389, -0.0240737386048, 0.0231504663825, -0.0276044346392, 0.029908163473, -0.0349526815116, 0.043520078063, -0.0380767658353, 0.0565320588648, -0.0358406379819, 0.0356626659632, -0.0230410080403, 0.0213203690946], [-0.0126947024837, 0.0201421510428, -0.020251981914, 0.0272601693869, -0.0248348955065, 0.0333571694791, -0.0317691527307, 0.0366892553866, -0.0358406379819, 0.050978180021, -0.0350944399834, 0.0307452026755, -0.0216546971351], [0.0146758574992, -0.0252048149705, 0.0241549909115, -0.0316812098026, 0.0321474783123, -0.031312789768, 0.0402492582798, -0.0339155346155, 0.0356626659632, -0.0350944399834, 0.0661208331585, -0.0418462045491, 0.0301600564271], [-0.0137646803632, 0.0152050554752, -0.0183860808611, 0.0251712072641, -0.0216798577458, 0.0244757141918, -0.0284829512239, 0.0258226823062, -0.0230410080403, 0.0307452026755, -0.0418462045491, 0.0682857185602, -0.0346957407892], [0.0106226820499, -0.014497817494, 0.0125492652878, -0.0158949363977, 0.0162313338369, -0.00926405098289, 0.0212026257068, -0.020873868838, 0.0213203690946, -0.0216546971351, 0.0301600564271, -0.0346957407892, 0.0433474220335]]
    }
}

}