{
"metadata": {
    "version": {
        "essentia": "2.0.1",
        "extractor": "archive-music 1.0 mod ismir14"
    },
    "audio_properties": {
        "analysis_sample_rate": 44100,
        "bitrate": 128,
        "channels": 2,
        "equal_loudness": 0,
        "length": 30.0669155121,
        "replay_gain": -13.4323310852,
        "downmix": "mix"
    },
    "tags": {
        "track": 0,
        "year": 0,
        "album": "",
        "artist": "",
        "comment": "",
        "genre": "",
        "title": ""
    }
},
"rhythm": {
    "bpm": 90.2956161499,
    "bpm_histogram_first_peak": 91,
    "bpm_histogram_first_peak_spread": 0.341463446617,
    "bpm_histogram_first_peak_weight": 0.62790697813,
    "bpm_histogram_second_peak": 83,
    "bpm_histogram_second_peak_spread": 0.5,
    "bpm_histogram_second_peak_weight": 0.0232558138669
},
"tonal": {
    "tuning_frequency": {
        "dmean": 0.134723797441,
        "dmean2": 0.250101596117,
        "dvar": 0.647909164429,
        "dvar2": 1.20670604706,
        "max": 452.37008667,
        "mean": 450.242340088,
        "median": 450.544708252,
        "min": 445.627075195,
        "var": 3.92183279991
    },
    "hpcp": {
        "dmean": [0.283865094185, 0.0763409584761, 0.159337371588, 0.166451513767, 0.384075582027, 0.294660210609, 0.121856406331, 0.317102581263, 0.130650937557, 0.089868798852, 0.123421773314, 0.142388448119],
        "dmean2": [0.504862725735, 0.123260639608, 0.264673471451, 0.303157895803, 0.68259370327, 0.5305814147, 0.206727668643, 0.529747724533, 0.223467811942, 0.155204191804, 0.214422285557, 0.250730991364],
        "dvar": [0.0980939865112, 0.00820546131581, 0.0370792001486, 0.0567949898541, 0.0940345078707, 0.0785220861435, 0.0161994956434, 0.0899182781577, 0.0285144373775, 0.0165403466672, 0.0262816697359, 0.0365426205099],
        "dvar2": [0.174277767539, 0.0197118446231, 0.0875718593597, 0.165040299296, 0.243947669864, 0.183598026633, 0.0393036268651, 0.185366913676, 0.0876579582691, 0.0472992323339, 0.0698622837663, 0.101133063436],
        "max": [1, 0.572429418564, 1, 1, 1, 1, 0.694352388382, 1, 1, 1, 1, 1],
        "mean": [0.567109167576, 0.0813632532954, 0.186959952116, 0.149976730347, 0.409124314785, 0.385508477688, 0.131452053785, 0.430213749409, 0.117855034769, 0.0948974713683, 0.121482379735, 0.145318761468],
        "median": [0.578297197819, 0.0537031367421, 0.105289764702, 0.0706051513553, 0.278607547283, 0.253618627787, 0.0746682360768, 0.261171996593, 0.0701589658856, 0.0635989457369, 0.0717394798994, 0.082494713366],
        "min": [0.00532448943704, 0.00264790421352, 0.0103983972222, 0.00729726534337, 0.0128601128235, 0.0121673420072, 0.00477048614994, 0.00567843113095, 0.00139088381547, 0.00425992486998, 0.00289063202217, 0.00523221539333],
        "var": [0.157628491521, 0.0100228851661, 0.0469178557396, 0.0503188110888, 0.120640583336, 0.125997409225, 0.0199879202992, 0.149449661374, 0.0245507713407, 0.0137642472982, 0.0241275690496, 0.0316253565252]
    }
},
"lowlevel": {
    "melbands": {
        "dmean": [6.58479766571e-05, 0.000168314378243, 4.83106414322e-05, 2.99806615658e-05, 2.78298593912e-05, 1.98443376576e-05, 2.83316658169e-05, 3.83781225537e-05, 6.82335157762e-05, 4.84708725708e-05, 1.93416235561e-05, 2.17205415538e-05, 2.81393658952e-05, 9.45196370594e-06, 1.71804858837e-05, 1.92958905245e-05, 5.03493674842e-06, 3.09704387291e-06, 1.40389988701e-06, 1.63651839102e-06, 3.17188232657e-06, 2.26027532335e-06, 4.09623680753e-06, 3.19018590744e-06, 1.7866076405e-06, 2.15774025492e-06, 1.92204470295e-06, 1.12320560675e-06, 4.82030486637e-07, 4.31527837463e-07, 1.93032434481e-07, 7.83328104603e-08, 4.27942339343e-08, 3.69661847799e-08, 3.13236654392e-08, 2.489744233e-08, 1.67076805724e-08, 1.06354054452e-08, 3.35398175899e-09, 2.37294794925e-10],
        "dmean2": [0.000105081286165, 0.000278262421489, 8.53541059769e-05, 5.25729265064e-05, 4.94154446642e-05, 3.50018199242e-05, 4.9702324759e-05, 7.07567232894e-05, 0.000124225014588, 8.88238864718e-05, 3.71746500605e-05, 4.02669866162e-05, 5.14865241712e-05, 1.7559297703e-05, 3.07092414005e-05, 3.52142960764e-05, 9.50228786678e-06, 5.72554199607e-06, 2.55854138231e-06, 2.9226650895e-06, 5.79108791499e-06, 4.26703036283e-06, 7.75724583946e-06, 5.86631040278e-06, 3.3235819501e-06, 4.0236300265e-06, 3.56870123142e-06, 2.06624690691e-06, 8.94004415386e-07, 8.13803751498e-07, 3.63152594218e-07, 1.45375750549e-07, 7.97327359692e-08, 6.82397072183e-08, 5.74193990133e-08, 4.45644801061e-08, 3.0884891089e-08, 1.93237763568e-08, 6.06316064022e-09, 4.37232194894e-10],
        "dvar": [2.28038166128e-09, 1.76582677369e-08, 2.81222733989e-09, 6.07152217391e-10, 1.33028121851e-09, 4.35240843366e-10, 2.33272801076e-09, 2.49093168314e-09, 6.56692922263e-09, 9.70462110672e-09, 5.84428416772e-09, 1.17388843091e-09, 2.95474644751e-09, 2.11934705896e-10, 5.59546242673e-10, 9.85869941239e-10, 2.91596524704e-10, 3.92373529501e-11, 2.36340374354e-12, 1.6819664151e-12, 8.84812622476e-12, 5.40909851632e-12, 1.95299349609e-11, 8.03395978216e-12, 2.48755746904e-12, 4.74254273006e-12, 3.80163825767e-12, 1.34008234197e-12, 2.37921526014e-13, 2.12877702662e-13, 3.4402609071e-14, 5.31684359761e-15, 1.45302805805e-15, 9.56026923445e-16, 8.14400208868e-16, 5.62750373068e-16, 2.53676229777e-16, 1.34698157123e-16, 1.22725387772e-17, 6.17204109854e-20],
        "dvar2": [5.61783020103e-09, 4.73442369753e-08, 7.89196974438e-09, 1.70628988716e-09, 3.5580929314e-09, 1.11612363796e-09, 6.06090955202e-09, 7.39090966206e-09, 1.9536114948e-08, 2.62503476733e-08, 1.742962219e-08, 3.46893314074e-09, 8.12069789191e-09, 6.2260679945e-10, 1.48497270036e-09, 2.61325627804e-09, 8.68050908931e-10, 1.14074014124e-10, 6.60051310483e-12, 4.64314784537e-12, 2.23542625383e-11, 1.46696821357e-11, 5.37009846313e-11, 2.19921511557e-11, 6.9216724366e-12, 1.30859325112e-11, 1.04388329578e-11, 3.7232027357e-12, 6.62759398144e-13, 5.91502975072e-13, 9.77869993096e-14, 1.60382503719e-14, 4.52678039232e-15, 2.71426689277e-15, 2.37143898946e-15, 1.66963005277e-15, 8.06976970937e-16, 4.16245410459e-16, 3.8015980182e-17, 1.93859056484e-19],
        "max": [0.00029541310505, 0.000794013089035, 0.000401829194743, 0.00014861454838, 0.000313789059874, 0.000183726922842, 0.000459361297544, 0.000271636701655, 0.000434270885307, 0.000784505857155, 0.000704938662238, 0.000192490304471, 0.000338840851327, 8.69435680215e-05, 0.000119029638881, 0.000184706310392, 0.000155351459398, 4.43071221525e-05, 1.08377316792e-05, 6.11970745013e-06, 1.67273956322e-05, 1.18512480185e-05, 2.58958370978e-05, 1.44041314343e-05, 8.43494490255e-06, 1.12167372208e-05, 9.77145373326e-06, 7.19229910828e-06, 2.85599389827e-06, 3.05278786072e-06, 1.11196436592e-06, 5.51210632693e-07, 2.37054337049e-07, 1.96547091491e-07, 1.62134014658e-07, 1.44015544379e-07, 8.22520078714e-08, 6.44198507871e-08, 2.04823624728e-08, 1.87895876635e-09],
        "mean": [9.8455871921e-05, 0.000261179258814, 8.41798391775e-05, 3.98441552534e-05, 2.70315522357e-05, 2.15121781366e-05, 2.8629316148e-05, 3.43892497767e-05, 5.85670823057e-05, 3.55263473466e-05, 1.39950661833e-05, 1.72061318153e-05, 2.02689661819e-05, 8.2372180259e-06, 1.41955642903e-05, 1.50395808305e-05, 3.74638443645e-06, 2.68454937213e-06, 1.53187863816e-06, 1.84490340871e-06, 2.79915934698e-06, 2.08439632843e-06, 3.60394346899e-06, 2.75167622021e-06, 1.70925477505e-06, 1.94589483726e-06, 1.57751060215e-06, 9.38195171329e-07, 4.52468583489e-07, 3.60655860732e-07, 1.90429560121e-07, 9.75050724605e-08, 5.95445612817e-08, 5.15409297464e-08, 4.62131772849e-08, 3.97774577721e-08, 2.15073043819e-08, 1.44752858589e-08, 4.2062691108e-09, 2.97336849586e-10],
        "median": [9.35216303333e-05, 0.000222530798055, 7.08088919055e-05, 3.24394386553e-05, 1.74703964149e-05, 1.45952444655e-05, 1.59009523486e-05, 1.98100224225e-05, 3.1716281228e-05, 7.846500921e-06, 5.38727681487e-06, 7.15940041118e-06, 4.08634605265e-06, 3.67601728612e-06, 5.63994399272e-06, 4.07655124945e-06, 1.59523744969e-06, 1.26955569613e-06, 1.16746434742e-06, 1.40533609283e-06, 1.68675853729e-06, 1.31414878979e-06, 2.12446752812e-06, 1.6002115899e-06, 1.18867080801e-06, 1.20151082683e-06, 8.1234298932e-07, 5.40781400105e-07, 3.04551008412e-07, 2.14909533724e-07, 1.42510813816e-07, 8.14452505438e-08, 4.87282534323e-08, 4.32744933221e-08, 3.98999304707e-08, 3.64005572351e-08, 1.7344781611e-08, 1.1728863214e-08, 3.31846994328e-09, 2.38420228005e-10],
        "min": [5.65359005122e-06, 1.18517209557e-05, 1.1779669876e-05, 4.28444991485e-06, 5.31260980097e-07, 9.6957705864e-07, 1.62770913903e-06, 1.03207196389e-06, 6.76191291404e-07, 6.48171408102e-07, 2.33395766713e-07, 5.45462910395e-07, 2.08496231835e-07, 4.45699527063e-07, 6.25318818948e-07, 3.95744677917e-07, 1.11852969553e-07, 1.98095264636e-07, 1.57146004653e-07, 2.0732215944e-07, 2.32823410329e-07, 1.67608760648e-07, 1.56626299486e-07, 1.47487384083e-07, 1.47501921788e-07, 1.37754895491e-07, 7.94249643832e-08, 4.68296050826e-08, 3.63769316891e-08, 3.38390080401e-08, 1.85559976273e-08, 1.18045404562e-08, 9.36753785652e-09, 8.05558464378e-09, 6.19888540498e-09, 2.59959076487e-09, 3.08719227959e-09, 2.22153784257e-09, 7.70614738688e-10, 4.84811635282e-11],
        "var": [3.72074770993e-09, 2.97009972172e-08, 3.2397464711e-09, 7.80379039167e-10, 1.1419075685e-09, 5.03422692422e-10, 1.99502703246e-09, 1.98206429047e-09, 5.95016391713e-09, 6.7696857009e-09, 3.15605297452e-09, 8.53341508567e-10, 2.03887373651e-09, 1.55969875903e-10, 4.48207249093e-10, 7.57140405927e-10, 1.57167862058e-10, 2.65351907114e-11, 2.15387386746e-12, 2.02599157069e-12, 8.414879904e-12, 4.79150139704e-12, 1.57644799992e-11, 7.60753352674e-12, 2.26407672992e-12, 3.87645601382e-12, 3.1349816406e-12, 1.12395010833e-12, 2.01553305838e-13, 1.6371176333e-13, 2.99506886035e-14, 5.50211596119e-15, 1.57267432058e-15, 1.07917259672e-15, 7.45046104059e-16, 4.93184245325e-16, 2.31143062268e-16, 1.21210441222e-16, 1.07944439504e-17, 5.33744170987e-20]
    },
    "mfcc": {
        "dmean": [40.8700637817, 11.710691452, 18.8449707031, 12.1559267044, 10.8241939545, 10.8450155258, 10.4095478058, 7.67780971527, 4.92223310471, 6.59270715714, 7.28713941574, 5.68779182434, 6.38493585587],
        "dmean2": [76.2146377563, 19.7334823608, 32.4677963257, 19.2705612183, 18.8348140717, 18.0824489594, 16.7861862183, 12.7127008438, 8.24298477173, 11.1613340378, 12.2306070328, 9.51725387573, 10.9059247971],
        "dvar": [803.513427734, 77.8508300781, 170.607299805, 89.4846115112, 58.8241233826, 78.5275650024, 73.5849990845, 41.8162879944, 16.1561508179, 26.5335445404, 29.7021083832, 17.8905906677, 17.5485439301],
        "dvar2": [2501.5390625, 210.924957275, 543.217224121, 211.431671143, 185.997787476, 228.37878418, 199.873336792, 112.702033997, 37.9361495972, 73.0064239502, 72.9026870728, 51.693397522, 56.1117897034],
        "max": [-688.689880371, 175.515106201, 17.9823188782, 72.6778182983, 18.8983726501, 35.9353752136, 28.9115753174, 45.6956558228, 4.71282958984, 34.2729263306, 16.3592681885, 28.8568115234, 10.8279571533],
        "mean": [-750.113952637, 144.187469482, -22.4257259369, 39.9507064819, -8.15627479553, 5.68057203293, 3.74089002609, 15.4295463562, -7.02817869186, 10.3023843765, 0.0582502149045, 12.6649084091, -2.79181647301],
        "median": [-749.126281738, 145.727325439, -23.3688163757, 38.6744651794, -9.09774398804, 6.11368179321, 3.55568695068, 14.8975067139, -6.976978302, 10.0842666626, -0.215465545654, 12.7744522095, -2.58906936646],
        "min": [-843.019348145, 109.683158875, -54.6216049194, 3.11135101318, -33.4984207153, -19.6485137939, -19.3789424896, -3.80842208862, -20.8709907532, -10.550743103, -17.5542602539, -1.72045516968, -16.8167743683],
        "var": [914.588684082, 141.719619751, 261.478485107, 201.250976562, 101.951690674, 95.0226974487, 98.8101959229, 65.4877166748, 29.8364887238, 55.8726921082, 47.8947410583, 35.0492553711, 33.4911651611],
        "cov": [[920.23425293, -13.7602233887, -361.97052002, 16.5281143188, -180.296386719, -86.645652771, -45.8422698975, -18.3369541168, -36.7922363281, -20.0473251343, -46.6375007629, 2.88366222382, -48.2089614868], [-13.7602233887, 142.594421387, 22.7092838287, -114.480880737, -32.3967933655, 7.31517124176, 23.4240093231, 11.4973640442, -15.7062568665, 0.412750154734, 42.2676925659, 4.98915338516, -0.69562292099], [-361.97052002, 22.7092838287, 263.092529297, -25.3550167084, 95.3944549561, 28.1636829376, -13.1747550964, 5.90937280655, 8.4757938385, 25.3033409119, 0.0975109115243, -8.36991691589, 13.1383943558], [16.5281143188, -114.480880737, -25.3550167084, 202.493270874, 46.5133552551, -26.9384651184, -52.5370292664, -28.9177303314, 37.7277679443, 16.1648845673, -36.6234283447, -12.7813987732, 19.0455951691], [-180.296386719, -32.3967933655, 95.3944549561, 46.5133552551, 102.581016541, 9.78799629211, -11.5826807022, -17.5676517487, 16.9407749176, 31.3077640533, -9.14605617523, 0.621878564358, 2.76394081116], [-86.645652771, 7.31517124176, 28.1636829376, -26.9384651184, 9.78799629211, 95.6092529297, 60.331035614, 16.0313262939, -9.1190776825, -6.4995598793, 33.0925369263, -6.371073246, -15.0997571945], [-45.8422698975, 23.4240093231, -13.1747550964, -52.5370292664, -11.5826807022, 60.331035614, 99.420135498, 42.7690353394, -8.22427749634, -16.4654712677, 29.9474925995, 14.7487955093, -10.5675077438], [-18.3369541168, 11.4973640442, 5.90937280655, -28.9177303314, -17.5676517487, 16.0313262939, 42.7690353394, 65.891960144, 5.72925615311, -20.476266861, 8.99570560455, 9.71864795685, 6.26914072037], [-36.7922363281, -15.7062568665, 8.4757938385, 37.7277679443, 16.9407749176, -9.1190776825, -8.22427749634, 5.72925615311, 30.0206642151, 20.1168804169, -2.13420796394, 1.8415030241, 9.30953216553], [-20.0473251343, 0.412750154734, 25.3033409119, 16.1648845673, 31.3077640533, -6.4995598793, -16.4654712677, -20.476266861, 20.1168804169, 56.2175865173, 7.77798128128, -2.27445816994, -2.00029015541], [-46.6375007629, 42.2676925659, 0.0975109115243, -36.6234283447, -9.14605617523, 33.0925369263, 29.9474925995, 8.99570560455, -2.13420796394, 7.77798128128, 48.1903877258, 9.75169467926, -4.57345867157], [2.88366222382, 4.98915338516, -8.36991691589, -12.7813987732, 0.621878564358, -6.371073246, 14.7487955093, 9.71864795685, 1.8415030241, -2.27445816994, 9.75169467926, 35.2656059265, 8.56135654449], [-48.2089614868, -0.69562292099, 13.1383943558, 19.0455951691, 2.76394081116, -15.0997571945, -10.5675077438, 6.26914072037, 9.30953216553, -2.00029015541, -4.57345867157, 8.56135654449, 33.6979026794]],
        "icov": [[0.00789590831846, -0.00628376659006, 0.00847918260843, -0.00578163191676, 0.00951231643558, -0.00541744194925, 0.00826697889715, -0.00918823666871, 0.0159855410457, -0.0142868943512, 0.0173298642039, -0.0114244502038, 0.0122124720365], [-0.00628376659006, 0.0245073214173, -0.00870091188699, 0.0142566785216, -0.00589829916134, 0.0122205456719, -0.00927927717566, 0.0109465885907, -0.0150218438357, 0.0130567327142, -0.0302346758544, 0.0171138606966, -0.015662189573], [0.00847918260843, -0.00870091188699, 0.0182592533529, -0.00278199953027, 0.000222598813707, -0.0103836068884, 0.0143295107409, -0.0144374854863, 0.0178539771587, -0.016083387658, 0.0208049174398, -0.0097766276449, 0.00833310745656], [-0.00578163191676, 0.0142566785216, -0.00278199953027, 0.0209430661052, -0.0127967903391, 0.0043389890343, -0.00338768563233, 0.0120818139985, -0.0277805589139, 0.0163373239338, -0.0163151919842, 0.0155182490125, -0.0165576115251], [0.00951231643558, -0.00589829916134, 0.000222598813707, -0.0127967903391, 0.0376337654889, -0.00874552875757, 0.00542260706425, -0.00480392668396, 0.0172592569143, -0.0251710433513, 0.0264742672443, -0.0222220327705, 0.0191977992654], [-0.00541744194925, 0.0122205456719, -0.0103836068884, 0.0043389890343, -0.00874552875757, 0.0358281210065, -0.0238219629973, 0.0110702905804, -0.00828723888844, 0.0159606989473, -0.0345279052854, 0.0238698702306, -0.00617394829169], [0.00826697889715, -0.00927927717566, 0.0143295107409, -0.00338768563233, 0.00542260706425, -0.0238219629973, 0.0401164665818, -0.0251274313778, 0.0192304905504, -0.0156728345901, 0.0202967189252, -0.0230683609843, 0.0164714027196], [-0.00918823666871, 0.0109465885907, -0.0144374854863, 0.0120818139985, -0.00480392668396, 0.0110702905804, -0.0251274313778, 0.0461420193315, -0.0448783375323, 0.0322484746575, -0.0227278787643, 0.0150686148554, -0.0178283918649], [0.0159855410457, -0.0150218438357, 0.0178539771587, -0.0277805589139, 0.0172592569143, -0.00828723888844, 0.0192304905504, -0.0448783375323, 0.118052475154, -0.063125513494, 0.0350951813161, -0.0262202769518, 0.0156138632447], [-0.0142868943512, 0.0130567327142, -0.016083387658, 0.0163373239338, -0.0251710433513, 0.0159606989473, -0.0156728345901, 0.0322484746575, -0.063125513494, 0.0675341412425, -0.0454758666456, 0.0266074109823, -0.0163143016398], [0.0173298642039, -0.0302346758544, 0.0208049174398, -0.0163151919842, 0.0264742672443, -0.0345279052854, 0.0202967189252, -0.0227278787643, 0.0350951813161, -0.0454758666456, 0.0927244797349, -0.0446773655713, 0.0297683682293], [-0.0114244502038, 0.0171138606966, -0.0097766276449, 0.0155182490125, -0.0222220327705, 0.0238698702306, -0.0230683609843, 0.0150686148554, -0.0262202769518, 0.0266074109823, -0.0446773655713, 0.0635448172688, -0.0318534001708], [0.0122124720365, -0.015662189573, 0.00833310745656, -0.0165576115251, 0.0191977992654, -0.00617394829169, 0.0164714027196, -0.0178283918649, 0.0156138632447, -0.0163143016398, 0.0297683682293, -0.0318534001708, 0.0639246553183]]
    }
}

}