{
"metadata": {
    "version": {
        "essentia": "2.0.1",
        "extractor": "archive-music 1.0 mod ismir14"
    },
    "audio_properties": {
        "analysis_sample_rate": 44100,
        "bitrate": 128,
        "channels": 2,
        "equal_loudness": 0,
        "length": 30.0669155121,
        "replay_gain": -8.86243057251,
        "downmix": "mix"
    },
    "tags": {
        "track": 7,
        "year": 0,
        "album": "The Cool Jazz Collection",
        "artist": "Astrud Gilberto",
        "comment": "",
        "genre": "Jazz",
        "title": "Girl From Ipanema"
    }
},
"rhythm": {
    "bpm": 130.002792358,
    "bpm_histogram_first_peak": 129,
    "bpm_histogram_first_peak_spread": 0.490909099579,
    "bpm_histogram_first_peak_weight": 0.444444447756,
    "bpm_histogram_second_peak": 136,
    "bpm_histogram_second_peak_spread": 0.199999988079,
    "bpm_histogram_second_peak_weight": 0.0634920671582
},
"tonal": {
    "tuning_frequency": {
        "dmean": 0.256859302521,
        "dmean2": 0.419124633074,
        "dvar": 3.70291256905,
        "dvar2": 9.44285488129,
        "max": 454.727905273,
        "mean": 437.049987793,
        "median": 436.456176758,
        "min": 436.456176758,
        "var": 3.50498700142
    },
    "hpcp": {
        "dmean": [0.0579635873437, 0.240459725261, 0.0782657340169, 0.254867732525, 0.152098014951, 0.0715303868055, 0.215325579047, 0.0446701943874, 0.196082979441, 0.122206255794, 0.173734113574, 0.185715034604],
        "dmean2": [0.110564447939, 0.419813126326, 0.141159296036, 0.470315396786, 0.269747376442, 0.13132750988, 0.361979812384, 0.0832938551903, 0.35733795166, 0.228415876627, 0.315577328205, 0.328687101603],
        "dvar": [0.0223525930196, 0.0979275628924, 0.0320452190936, 0.112821280956, 0.0606853291392, 0.0261946525425, 0.0829910412431, 0.0136312805116, 0.0748671665788, 0.0551216863096, 0.0789457038045, 0.0780548527837],
        "dvar2": [0.0626594796777, 0.216887384653, 0.0867647826672, 0.241262182593, 0.126670688391, 0.0637081936002, 0.182924956083, 0.0271970964968, 0.192240044475, 0.157173722982, 0.220245614648, 0.179765805602],
        "max": [1, 1, 1, 1, 1, 1, 1, 1, 1, 1, 1, 1],
        "mean": [0.0414611399174, 0.313306629658, 0.0484817735851, 0.323801457882, 0.151903495193, 0.0747364908457, 0.278514862061, 0.0556473992765, 0.202479466796, 0.0860539004207, 0.13210080564, 0.179258048534],
        "median": [0.005391378887, 0.0988120660186, 0.00654128054157, 0.0655613169074, 0.0304668713361, 0.00943015422672, 0.0846655890346, 0.00746398419142, 0.0383557789028, 0.00949105154723, 0.0289910286665, 0.0227327402681],
        "min": [4.88258556288e-05, 5.31930054422e-05, 2.29933048104e-05, 0.0002970394562, 3.70251982531e-05, 0.000149139887071, 3.09619535983e-05, 0.000101276062196, 1.51159993038e-05, 0.000108217143861, 6.88682412147e-05, 0.000413548521465],
        "var": [0.0161514151841, 0.146941125393, 0.0188445467502, 0.166645586491, 0.0708777979016, 0.0389437228441, 0.132971048355, 0.0303916111588, 0.100870475173, 0.0415163002908, 0.0676160231233, 0.092878639698]
    }
},
"lowlevel": {
    "melbands": {
        "dmean": [0.000129969281261, 0.000322253530612, 0.000324312102748, 0.000159019269631, 0.000106674582639, 3.43890969816e-05, 1.93174637388e-05, 2.59700282186e-05, 1.01879677459e-05, 7.95956020738e-06, 7.51310517444e-06, 8.32436580822e-06, 1.39152678003e-06, 1.03385366401e-06, 1.67670486917e-06, 1.17363947538e-06, 9.07219032342e-07, 2.80457015833e-07, 3.36858960281e-07, 2.90289221994e-07, 1.12851211043e-07, 1.75528171553e-07, 2.21068361839e-07, 1.89885156487e-07, 6.82279832631e-08, 5.08396915677e-08, 7.60335083783e-08, 1.21443122225e-07, 9.96866802438e-08, 1.40730705311e-07, 2.6479770554e-07, 4.63122461269e-07, 4.49415551884e-07, 2.39850805883e-07, 1.19118510611e-07, 6.40954098685e-08, 3.58830938296e-08, 1.25179679955e-08, 3.6945959625e-09, 3.56561363768e-10],
        "dmean2": [0.000212141443626, 0.000514445186127, 0.00051753531443, 0.000250441138633, 0.000169487815583, 5.7423418184e-05, 3.46450251527e-05, 4.85895216116e-05, 1.85645967576e-05, 1.48423023347e-05, 1.37848983286e-05, 1.4741493942e-05, 2.52577046922e-06, 1.92746779248e-06, 3.10823952532e-06, 2.21420577873e-06, 1.74487263394e-06, 5.18438923791e-07, 6.34360219465e-07, 5.30918157438e-07, 1.97608954977e-07, 3.26463947431e-07, 3.98398043444e-07, 3.54043265816e-07, 1.16456348564e-07, 8.90735947223e-08, 1.40929259373e-07, 2.30768677056e-07, 1.80997403731e-07, 2.68862379471e-07, 5.1304778026e-07, 8.91333741038e-07, 8.51083598263e-07, 4.60778409206e-07, 2.22898108859e-07, 1.22012338011e-07, 6.7828281658e-08, 2.36630857131e-08, 7.015207526e-09, 6.67054300685e-10],
        "dvar": [6.8821478294e-08, 1.10607032866e-07, 1.26291340052e-07, 7.18233721386e-08, 1.74726064728e-08, 2.37505659584e-09, 1.93517912805e-09, 2.53053933363e-09, 4.6449305513e-10, 4.61152754871e-10, 2.07959607867e-10, 1.46531708989e-09, 8.25428180667e-12, 3.47987849474e-12, 2.5563587705e-11, 9.63017079275e-12, 1.00127501776e-11, 2.99438859125e-13, 1.08298027664e-12, 8.05136664804e-13, 4.13115315611e-14, 9.73372586959e-14, 1.43816775437e-13, 1.59720598292e-13, 1.57961666615e-14, 9.55817049857e-15, 3.58101609889e-14, 1.5274363534e-13, 4.56402121228e-14, 1.39365149737e-13, 5.53477944899e-13, 1.72791750526e-12, 1.50044993791e-12, 4.50277591905e-13, 7.80533949106e-14, 1.65628602278e-14, 4.79367835642e-15, 6.71727038024e-16, 8.40037844773e-17, 8.12526229122e-19],
        "dvar2": [1.55110598143e-07, 2.58283648691e-07, 2.67386951691e-07, 1.65079271142e-07, 3.50088029677e-08, 4.87362505908e-09, 5.61782886876e-09, 7.83511566738e-09, 1.42453326912e-09, 1.48384149412e-09, 6.13763706525e-10, 4.05217015498e-09, 2.30555765451e-11, 9.98830445437e-12, 7.19354645295e-11, 2.83082411678e-11, 2.9310220917e-11, 8.40121808926e-13, 3.10704196746e-12, 2.20426086238e-12, 1.14935811519e-13, 2.69850250001e-13, 4.03755452466e-13, 4.44476378446e-13, 4.20612404227e-14, 2.53486095233e-14, 1.02240088683e-13, 4.46399292314e-13, 1.30309567932e-13, 4.13714987832e-13, 1.60405955012e-12, 4.95823998178e-12, 4.21035255271e-12, 1.05747171002e-12, 2.12515958607e-13, 4.59485897139e-14, 1.33005704296e-14, 1.87172745531e-15, 2.30101238212e-16, 2.21631361207e-18],
        "max": [0.00181670696475, 0.00220986548811, 0.00278234598227, 0.00326629192568, 0.000935340707656, 0.000305696215946, 0.000297695281915, 0.000332569616148, 0.000138402858283, 0.000182179748663, 6.62057209411e-05, 0.000374028226361, 1.83058200491e-05, 1.14561080409e-05, 4.51240375696e-05, 2.12935447053e-05, 2.64865047939e-05, 3.71027749679e-06, 8.19610067992e-06, 5.56910981686e-06, 1.09778250135e-06, 2.21167056225e-06, 2.60408637587e-06, 2.61142668023e-06, 9.30824057832e-07, 8.52506502724e-07, 1.33224079946e-06, 3.13797818308e-06, 1.23664153762e-06, 2.41493444264e-06, 4.85389819005e-06, 7.00995360603e-06, 6.38877418169e-06, 4.77279263578e-06, 1.54957126597e-06, 5.90499894315e-07, 3.36093734177e-07, 1.64664854196e-07, 6.09521748629e-08, 5.70274449885e-09],
        "mean": [0.000112730587716, 0.000389343302231, 0.000496925378684, 0.000187018085853, 0.000139089519507, 4.05387472711e-05, 1.64334669535e-05, 2.01275888685e-05, 7.87863336882e-06, 5.41482859262e-06, 5.11291909788e-06, 5.64072252018e-06, 1.10421058253e-06, 8.02965587354e-07, 1.21480752568e-06, 7.57961061026e-07, 5.57493990527e-07, 2.08670783763e-07, 2.14086767869e-07, 2.07062569757e-07, 1.00048978879e-07, 1.58800716576e-07, 1.89756946156e-07, 1.53745261855e-07, 6.26849470109e-08, 4.45663204118e-08, 6.0408808622e-08, 8.38313383156e-08, 7.09832193024e-08, 8.94172131893e-08, 1.5909273543e-07, 2.68374265033e-07, 2.73084197033e-07, 1.67590201272e-07, 7.87012908177e-08, 4.38716121209e-08, 2.49999061452e-08, 9.03223718041e-09, 2.79454681618e-09, 2.66102556656e-10],
        "median": [3.18412057823e-05, 0.000272806268185, 0.000251053657848, 0.000105829603854, 5.0337468565e-05, 1.86123634194e-05, 5.44455087947e-06, 5.73890338273e-06, 2.16545754483e-06, 9.74389649855e-07, 8.45396300519e-07, 6.93044512445e-07, 3.44753800618e-07, 3.88034692378e-07, 3.03723794559e-07, 1.17624722407e-07, 9.05158188402e-08, 6.23784330855e-08, 2.51745095881e-08, 2.51429526088e-08, 3.03363805187e-08, 6.17293096639e-08, 5.31324779729e-08, 3.16908597142e-08, 1.67814491192e-08, 1.39514124697e-08, 1.66049378691e-08, 1.88367845766e-08, 1.2356224488e-08, 1.37894469177e-08, 1.21621290816e-08, 8.20829093584e-09, 1.06783710763e-08, 9.06447539251e-09, 7.44244266215e-09, 6.13231865287e-09, 3.784855096e-09, 1.56999235834e-09, 3.87458259921e-10, 3.29096437601e-11],
        "min": [6.02058037202e-07, 2.60617844106e-06, 1.16608384815e-06, 1.44334001106e-06, 1.01950433873e-06, 1.97146889036e-07, 1.10693662236e-07, 5.20493266265e-08, 1.54112047568e-08, 2.10714219406e-08, 1.05272333073e-08, 1.26472352591e-08, 6.19045836814e-09, 1.03984758582e-08, 7.29508364827e-09, 3.34674732372e-09, 1.24254817546e-09, 7.67035102101e-10, 8.33489832708e-10, 1.42709322137e-09, 7.87789333767e-10, 5.76982184253e-10, 6.05672845211e-10, 6.08735617469e-10, 5.47682232899e-10, 5.20421594707e-10, 1.03813957431e-09, 1.07579190001e-09, 6.73671951557e-10, 1.61460567139e-09, 1.39068367933e-09, 1.05802955286e-09, 1.39897016194e-09, 1.11444797835e-09, 7.4390732463e-10, 6.67831456802e-10, 5.55694101845e-10, 1.86498871901e-10, 5.51700837792e-11, 4.2195903889e-12],
        "var": [6.71011619602e-08, 1.73880295051e-07, 3.85636639066e-07, 9.68574269677e-08, 3.81496541024e-08, 3.18933568444e-09, 1.40210132393e-09, 1.72246439334e-09, 3.15566378584e-10, 2.852719172e-10, 1.39064315618e-10, 9.34793464857e-10, 5.81979603398e-12, 2.27665217407e-12, 1.66590786305e-11, 5.68867479164e-12, 5.45114777969e-12, 2.03282770933e-13, 6.34744318738e-13, 5.27931051739e-13, 3.11519134598e-14, 6.98018913178e-14, 1.07828730753e-13, 1.09413854658e-13, 1.48948033269e-14, 8.29688507703e-15, 2.28317273535e-14, 8.31829383477e-14, 2.78493489392e-14, 8.02653977354e-14, 3.21911984916e-13, 9.8562011417e-13, 9.24483146286e-13, 3.66127890809e-13, 5.13584908922e-14, 1.05461734452e-14, 3.15614174674e-15, 4.55161889234e-16, 5.84426528524e-17, 5.69594398455e-19]
    },
    "mfcc": {
        "dmean": [44.1241340637, 32.3072090149, 20.7244338989, 16.6642780304, 12.498875618, 15.4116544724, 11.0067863464, 8.91890907288, 7.85246133804, 10.7358140945, 7.67536449432, 7.27839565277, 6.62614154816],
        "dmean2": [69.2761230469, 52.2531585693, 33.5415840149, 26.8252353668, 18.5022907257, 25.1242599487, 17.7388553619, 14.3839426041, 13.1508655548, 16.6771621704, 12.4588899612, 12.2334079742, 10.3424005508],
        "dvar": [1133.72229004, 781.324462891, 300.537017822, 166.649963379, 102.246635437, 161.142440796, 81.2649536133, 47.2436256409, 33.8792495728, 70.6874008179, 33.0848236084, 33.1867027283, 26.1845016479],
        "dvar2": [2870.70092773, 1952.00195312, 866.683349609, 401.261993408, 233.73677063, 418.2734375, 209.384994507, 107.368476868, 85.652961731, 181.424819946, 91.3366317749, 72.1110458374, 66.6468582153],
        "max": [-734.823608398, 217.99710083, 107.389099121, 107.243659973, 31.0281105042, 71.6606674194, 22.7404518127, 41.0742797852, 14.7996635437, 26.967634201, 24.1832542419, 38.5040359497, 12.5283279419],
        "mean": [-860.602294922, 163.268493652, 51.4325027466, 39.327495575, -2.42965149879, 14.9847927094, -5.47658205032, 8.98542690277, -10.3984947205, -7.87852144241, -7.08914136887, 0.705274045467, -7.94279766083],
        "median": [-856.00592041, 169.520751953, 51.7003974915, 36.2374763489, 0.0537948608398, 16.0218696594, -2.38877868652, 8.22782325745, -10.5209083557, -6.81176757812, -6.946641922, -0.531227111816, -7.45853042603],
        "min": [-1020.63366699, 50.4494247437, -13.0689239502, -7.53985977173, -52.1508712769, -33.2053337097, -51.3639945984, -14.6730728149, -37.2109298706, -40.6166305542, -41.1796798706, -25.021697998, -34.5078468323],
        "var": [2936.08618164, 1150.21203613, 612.389892578, 455.34197998, 228.032546997, 256.456878662, 206.209091187, 113.86643219, 73.7750015259, 167.095245361, 110.163261414, 98.6006469727, 68.2136001587],
        "cov": [[2954.21020508, -208.461257935, -522.588806152, 82.4915313721, -265.339080811, 102.599357605, -364.401855469, 178.679779053, -11.5641412735, 285.396362305, 46.0646362305, 102.368911743, -196.482040405], [-208.461257935, 1157.31213379, -261.046081543, -308.913421631, 212.458145142, -213.347991943, 177.825714111, -1.57584893703, 29.9898071289, -91.647102356, 49.6846199036, -64.7233276367, -15.2215833664], [-522.588806152, -261.046081543, 616.17010498, 115.080383301, -125.493453979, 168.898696899, 21.0684833527, -38.1343002319, -25.9881477356, -90.5948867798, 23.0405826569, -10.1090641022, 73.4786605835], [82.4915313721, -308.913421631, 115.080383301, 458.152740479, 74.1787109375, -73.1308364868, -100.30670929, 30.2171878815, -28.9978599548, -87.5587768555, -13.9120426178, -20.516992569, 30.6903266907], [-265.339080811, 212.458145142, -125.493453979, 74.1787109375, 229.440155029, -106.329544067, 23.0025844574, -5.15384340286, 16.675535202, -50.254573822, -23.0573444366, -9.20346832275, 6.50087928772], [102.599357605, -213.347991943, 168.898696899, -73.1308364868, -106.329544067, 258.039916992, 20.1409320831, 0.191099971533, 20.6496753693, 82.495010376, 33.403377533, 28.762046814, 10.1253252029], [-364.401855469, 177.825714111, 21.0684833527, -100.30670929, 23.0025844574, 20.1409320831, 207.481994629, 4.21557998657, 5.93664264679, -12.384598732, 10.652765274, 9.57495975494, 23.0052108765], [178.679779053, -1.57584893703, -38.1343002319, 30.2171878815, -5.15384340286, 0.191099971533, 4.21557998657, 114.569313049, 19.8587589264, -3.16163468361, 43.1214294434, -2.5704061985, -0.515912353992], [-11.5641412735, 29.9898071289, -25.9881477356, -28.9978599548, 16.675535202, 20.6496753693, 5.93664264679, 19.8587589264, 74.2304000854, 44.5972938538, 5.67672204971, -13.2325954437, 3.47066092491], [285.396362305, -91.647102356, -90.5948867798, -87.5587768555, -50.254573822, 82.495010376, -12.384598732, -3.16163468361, 44.5972938538, 168.126693726, 7.12378025055, 22.1452941895, -32.0401954651], [46.0646362305, 49.6846199036, 23.0405826569, -13.9120426178, -23.0573444366, 33.403377533, 10.652765274, 43.1214294434, 5.67672204971, 7.12378025055, 110.843276978, -11.965927124, 9.67901706696], [102.368911743, -64.7233276367, -10.1090641022, -20.516992569, -9.20346832275, 28.762046814, 9.57495975494, -2.5704061985, -13.2325954437, 22.1452941895, -11.965927124, 99.2092895508, -7.80872249603], [-196.482040405, -15.2215833664, 73.4786605835, 30.6903266907, 6.50087928772, 10.1253252029, 23.0052108765, -0.515912353992, 3.47066092491, -32.0401954651, 9.67901706696, -7.80872249603, 68.6346740723]],
        "icov": [[0.00233393511735, -0.00242126570083, 0.00270246830769, -0.00361381960101, 0.00497000711039, -0.0034182688687, 0.00360845588148, -0.00269655650482, 0.00181193486787, -0.0021631764248, 0.0014750767732, -0.0023587346077, 0.00209311651997], [-0.00242126570083, 0.0051075485535, -0.00283587444574, 0.0060195364058, -0.00721278134733, 0.00530907930806, -0.00476858252659, 0.0030482574366, -0.00258760456927, 0.00357890245505, -0.00337925623171, 0.00346651067957, -0.00126060273033], [0.00270246830769, -0.00283587444574, 0.00718161137775, -0.00572887109593, 0.00814367644489, -0.00700143771246, 0.00346084753983, -0.000643192906864, 0.000485318189021, 0.00125926418696, 0.00116424972657, -0.00264037959278, 0.0011761264177], [-0.00361381960101, 0.0060195364058, -0.00572887109593, 0.0113876052201, -0.0115088010207, 0.0078748324886, -0.0043348511681, 0.00201353547163, -0.00136766175274, 0.0038125119172, -0.00303430878557, 0.00485305581242, -0.00374377332628], [0.00497000711039, -0.00721278134733, 0.00814367644489, -0.0115088010207, 0.0201344154775, -0.00802454911172, 0.00668925093487, -0.00318794581108, -0.000383430160582, -0.0020725177601, 0.00433793384582, -0.00668854219839, 0.00374574493617], [-0.0034182688687, 0.00530907930806, -0.00700143771246, 0.0078748324886, -0.00802454911172, 0.014533569105, -0.00611099088565, 0.00305695272982, -0.00317020644434, -0.000834158796351, -0.00438550487161, 0.0025946253445, -0.00326198502444], [0.00360845588148, -0.00476858252659, 0.00346084753983, -0.0043348511681, 0.00668925093487, -0.00611099088565, 0.0124047733843, -0.0055736778304, 0.00387044250965, -0.00373793113977, 0.00307465274818, -0.00455249520019, 0.000681651523337], [-0.00269655650482, 0.0030482574366, -0.000643192906864, 0.00201353547163, -0.00318794581108, 0.00305695272982, -0.0055736778304, 0.0166395250708, -0.00835228711367, 0.00658237468451, -0.00715990411118, 0.00140335038304, -0.000746459350921], [0.00181193486787, -0.00258760456927, 0.000485318189021, -0.00136766175274, -0.000383430160582, -0.00317020644434, 0.00387044250965, -0.00835228711367, 0.0240136068314, -0.0107127688825, 0.0038301309105, 0.00235090078786, -0.00263883196749], [-0.0021631764248, 0.00357890245505, 0.00125926418696, 0.0038125119172, -0.0020725177601, -0.000834158796351, -0.00373793113977, 0.00658237468451, -0.0107127688825, 0.0172380134463, -0.00357363233343, 0.000539742293768, 0.00232412782498], [0.0014750767732, -0.00337925623171, 0.00116424972657, -0.00303430878557, 0.00433793384582, -0.00438550487161, 0.00307465274818, -0.00715990411118, 0.0038301309105, -0.00357363233343, 0.0141340531409, -0.000119839103718, -0.00113339570817], [-0.0023587346077, 0.00346651067957, -0.00264037959278, 0.00485305581242, -0.00668854219839, 0.0025946253445, -0.00455249520019, 0.00140335038304, 0.00235090078786, 0.000539742293768, -0.000119839103718, 0.0146557725966, -0.00172232754994], [0.00209311651997, -0.00126060273033, 0.0011761264177, -0.00374377332628, 0.00374574493617, -0.00326198502444, 0.000681651523337, -0.000746459350921, -0.00263883196749, 0.00232412782498, -0.00113339570817, -0.00172232754994, 0.0217718705535]]
    }
}

}