{
"metadata": {
    "version": {
        "essentia": "2.0.1",
        "extractor": "archive-music 1.0 mod ismir14"
    },
    "audio_properties": {
        "analysis_sample_rate": 44100,
        "bitrate": 128,
        "channels": 2,
        "equal_loudness": 0,
        "length": 30.0669155121,
        "replay_gain": -12.156419754,
        "downmix": "mix"
    },
    "tags": {
        "track": 6,
        "year": 0,
        "album": "Swing Classics (Jazz & Tzaz 70)",
        "artist": "Benny Carter",
        "comment": "",
        "genre": "Jazz",
        "title": "Babalu"
    }
},
"rhythm": {
    "bpm": 92.6367721558,
    "bpm_histogram_first_peak": 94,
    "bpm_histogram_first_peak_spread": 0.555555582047,
    "bpm_histogram_first_peak_weight": 0.355555564165,
    "bpm_histogram_second_peak": 89,
    "bpm_histogram_second_peak_spread": 0,
    "bpm_histogram_second_peak_weight": 0.177777782083
},
"tonal": {
    "tuning_frequency": {
        "dmean": 0.386079400778,
        "dmean2": 0.697952926159,
        "dvar": 3.31531858444,
        "dvar2": 8.18026638031,
        "max": 455.779724121,
        "mean": 435.73916626,
        "median": 434.695007324,
        "min": 432.940917969,
        "var": 5.67623376846
    },
    "hpcp": {
        "dmean": [0.1092845276, 0.168956741691, 0.0819039791822, 0.227672040462, 0.159673184156, 0.112307079136, 0.21926510334, 0.106825403869, 0.194917082787, 0.114532127976, 0.140470847487, 0.211337566376],
        "dmean2": [0.191905423999, 0.294012784958, 0.150107100606, 0.411092400551, 0.288585096598, 0.209388360381, 0.374158531427, 0.189835503697, 0.326388567686, 0.209788545966, 0.23306748271, 0.362571269274],
        "dvar": [0.0390817411244, 0.0520782880485, 0.0285250619054, 0.0802701637149, 0.0572719089687, 0.0272257570177, 0.0733146741986, 0.0370073467493, 0.0481579080224, 0.0279276985675, 0.0343190990388, 0.0499583482742],
        "dvar2": [0.112051427364, 0.132746517658, 0.081645026803, 0.166279450059, 0.114662051201, 0.0790222734213, 0.139523074031, 0.102433390915, 0.107009612024, 0.0787924975157, 0.0848057493567, 0.117892175913],
        "max": [1, 1, 1, 1, 1, 1, 1, 1, 1, 1, 1, 1],
        "mean": [0.0928802341223, 0.228327587247, 0.0702118128538, 0.45742765069, 0.281071275473, 0.111170612276, 0.356467366219, 0.0948346406221, 0.417026400566, 0.0946871861815, 0.208485662937, 0.389717698097],
        "median": [0.0335904173553, 0.120940603316, 0.0261114016175, 0.321365147829, 0.123479686677, 0.0722507610917, 0.197152122855, 0.0369966030121, 0.287396162748, 0.0427243150771, 0.144638374448, 0.264510750771],
        "min": [0.00170410389546, 0.00316247297451, 0.000636157172266, 0.00158287212253, 0.00122133735567, 0.00412334501743, 0.00291179772466, 0.00207499437965, 0.0101483557373, 0.00251613231376, 0.00304262177087, 0.00237608794123],
        "var": [0.0277659520507, 0.0669748485088, 0.0189691986889, 0.143440440297, 0.121157005429, 0.0190106537193, 0.132980749011, 0.0304289311171, 0.119021080434, 0.0203676186502, 0.0442190878093, 0.102747432888]
    }
},
"lowlevel": {
    "melbands": {
        "dmean": [1.82400913218e-06, 1.01386322058e-05, 7.27153792468e-06, 1.61213392857e-05, 1.60343242896e-05, 2.64825939666e-05, 2.10417438211e-05, 6.06438297837e-05, 3.32549425366e-05, 2.26003812713e-05, 1.50553141793e-05, 1.2134838471e-05, 9.31215072342e-06, 8.67642029334e-06, 1.78678656084e-05, 1.46863603732e-05, 7.88639408711e-06, 5.1343135965e-06, 4.74743637824e-06, 6.23613732387e-06, 1.69812801687e-06, 2.17157298721e-06, 1.04823027414e-06, 9.42418409977e-07, 1.36837923037e-06, 4.25874247867e-07, 2.69759340199e-07, 2.90202621045e-07, 2.85880730644e-07, 3.17360104418e-07, 1.47594278133e-07, 7.52286624106e-08, 5.16019795782e-08, 2.11227160207e-08, 8.66555271983e-09, 6.65967370139e-09, 1.29596522402e-09, 1.15171885917e-10, 7.90121700706e-12, 3.6658995067e-13],
        "dmean2": [3.23199742525e-06, 1.76895227924e-05, 1.31197402879e-05, 2.91603573714e-05, 2.79751602648e-05, 4.46742014901e-05, 3.26507106365e-05, 9.65446815826e-05, 5.28813652636e-05, 3.81316822313e-05, 2.34990275203e-05, 1.82340099855e-05, 1.45909843923e-05, 1.52342781803e-05, 3.00558640447e-05, 2.29340894293e-05, 1.22589599414e-05, 8.72777218319e-06, 7.69129383116e-06, 1.04822966023e-05, 2.84628185909e-06, 3.69625695384e-06, 1.7572139086e-06, 1.6419704707e-06, 2.34701587942e-06, 7.12381847734e-07, 4.67482891509e-07, 5.04879665186e-07, 4.78247045521e-07, 5.54378800643e-07, 2.53707554521e-07, 1.33129120172e-07, 9.07891219981e-08, 3.81688529671e-08, 1.54105599393e-08, 1.17252252352e-08, 2.2757815632e-09, 2.10877676432e-10, 1.38089678581e-11, 6.41954913706e-13],
        "dvar": [3.53567305642e-12, 1.44633957588e-10, 4.50070397617e-11, 2.65028249347e-10, 2.69571698297e-10, 9.56903112304e-10, 7.10159764328e-10, 1.09009690163e-08, 2.93256374739e-09, 9.38335853462e-10, 4.71657657375e-10, 3.35111327576e-10, 1.53471874098e-10, 2.18341428271e-10, 6.86522116933e-10, 6.78318734515e-10, 1.92430585355e-10, 7.61961604923e-11, 5.38197195143e-11, 1.33855690421e-10, 4.08500793955e-12, 9.56412640057e-12, 1.7933535516e-12, 1.49839765162e-12, 4.03668027824e-12, 6.95138337083e-13, 1.83952516847e-13, 2.67091714414e-13, 1.47635349041e-13, 1.85614381937e-13, 4.9645177021e-14, 1.75498484289e-14, 9.29536073899e-15, 1.85612341435e-15, 2.17048116388e-16, 1.27664898454e-16, 3.68518930419e-18, 4.26017596381e-20, 2.26723723357e-22, 4.73160397977e-25],
        "dvar2": [9.5618044732e-12, 4.11510964193e-10, 1.25202584411e-10, 8.01297583841e-10, 8.40978064964e-10, 2.97686408857e-09, 1.63382163354e-09, 2.57775916168e-08, 7.41455030706e-09, 2.66210165023e-09, 1.13376130706e-09, 8.23609236367e-10, 3.58994917127e-10, 6.35577979136e-10, 1.65602087598e-09, 1.34533606477e-09, 4.02235106334e-10, 2.33123687021e-10, 1.23587362566e-10, 3.47408046775e-10, 1.05536378248e-11, 2.38722305812e-11, 3.98622194281e-12, 4.18869409644e-12, 1.13544867952e-11, 1.84213299996e-12, 5.66465494303e-13, 6.94871460719e-13, 4.21405152527e-13, 5.33706163031e-13, 1.47164995034e-13, 5.14876498641e-14, 2.55909049919e-14, 5.35226016271e-15, 6.08202690414e-16, 3.26723768813e-16, 1.02783113723e-17, 1.09924755385e-19, 6.18731401112e-22, 1.20039031238e-24],
        "max": [1.05460312625e-05, 8.71160591487e-05, 4.47945858468e-05, 0.000116357798106, 9.65556537267e-05, 0.000176706671482, 0.00027014722582, 0.000736830930691, 0.000350536458427, 0.000190537219169, 0.000124511600006, 0.000135071968543, 8.10566925793e-05, 0.000108094107418, 0.000155739879119, 0.000178322283318, 0.000113839640107, 6.79062140989e-05, 5.99098420935e-05, 0.000100918579847, 1.31997940116e-05, 2.50944667641e-05, 1.05001381598e-05, 7.05362208464e-06, 1.26655804706e-05, 6.79000140735e-06, 2.43124213739e-06, 3.84123632102e-06, 1.98748625735e-06, 2.53090365732e-06, 1.29129273319e-06, 9.35135460622e-07, 5.25943278262e-07, 2.91747852543e-07, 7.89436640503e-08, 8.30875563906e-08, 1.24550787461e-08, 1.16069032163e-09, 1.01053866663e-10, 3.9972847081e-12],
        "mean": [2.484073093e-06, 1.43223824125e-05, 9.37055574468e-06, 2.08570909308e-05, 2.61418899754e-05, 3.67554785043e-05, 3.43912943208e-05, 8.47546907607e-05, 4.64780569018e-05, 2.7261874493e-05, 1.82307794603e-05, 1.4837785784e-05, 1.20976128528e-05, 9.24432788452e-06, 1.92819516087e-05, 1.56042042363e-05, 1.11279041448e-05, 5.40871496924e-06, 4.62878870167e-06, 6.51243726679e-06, 1.86820250292e-06, 2.61088689513e-06, 1.2849217228e-06, 1.06105858322e-06, 1.44933221691e-06, 4.84690701796e-07, 2.57158234263e-07, 2.73829158459e-07, 2.88077103505e-07, 3.06379462245e-07, 1.4228575651e-07, 6.62298873522e-08, 4.22929176125e-08, 1.71470624366e-08, 7.21136039772e-09, 5.88510173927e-09, 1.27359323088e-09, 9.98867932811e-11, 7.02196720909e-12, 3.53193873887e-13],
        "median": [1.80193057986e-06, 1.14679742182e-05, 7.05291267877e-06, 1.70158655237e-05, 2.11565366044e-05, 2.60724864347e-05, 1.86915276572e-05, 2.79370833596e-05, 1.47034497786e-05, 1.30110083774e-05, 6.51429400023e-06, 4.1712401071e-06, 4.98216468259e-06, 5.34807895747e-06, 6.8114759415e-06, 3.93617938244e-06, 2.24546420213e-06, 1.90904711417e-06, 9.73770625023e-07, 1.68832934833e-06, 9.1209119546e-07, 1.13173200589e-06, 7.27333485884e-07, 5.95936853642e-07, 3.81585323339e-07, 1.92991592485e-07, 1.00541818426e-07, 5.19063405591e-08, 1.32024553068e-07, 1.17911142183e-07, 4.96623648871e-08, 1.74528516084e-08, 5.92552185097e-09, 1.96024840804e-09, 1.14119047545e-09, 9.25134135965e-10, 3.26613347479e-10, 2.25504337426e-11, 1.52735268009e-12, 1.34407662409e-13],
        "min": [3.71755476181e-07, 1.48794583765e-06, 9.69755774349e-07, 1.71412764871e-07, 8.04453534897e-08, 1.28476713712e-07, 1.37143018719e-07, 1.58760627755e-07, 5.45087672776e-08, 2.78185474656e-08, 1.59476059025e-08, 1.30373747353e-08, 1.5531021802e-08, 9.70270708223e-09, 1.12484750403e-08, 5.66930058454e-09, 7.99449217936e-09, 3.870387566e-09, 6.18496187599e-09, 1.99148164626e-09, 1.19467524762e-09, 2.28112728706e-09, 1.25261223616e-09, 8.04733280013e-10, 4.99468688631e-10, 2.5943430737e-10, 2.17591264451e-10, 1.25152305186e-10, 1.35625982667e-10, 6.87223195017e-11, 5.84476286813e-11, 4.33577687642e-11, 3.58218628371e-11, 2.50348301117e-11, 1.61390519005e-11, 1.05805043546e-11, 5.16391053182e-12, 1.67289597973e-12, 4.3891583754e-14, 5.21433778791e-15],
        "var": [3.720555114e-12, 1.36821609598e-10, 5.98645577554e-11, 3.20906162754e-10, 4.57506088569e-10, 1.29549460048e-09, 1.8221273379e-09, 1.82977739627e-08, 4.30114432959e-09, 1.19491894157e-09, 6.51621090419e-10, 4.74521921756e-10, 2.84045259535e-10, 1.7028460586e-10, 8.01279986806e-10, 9.16699327558e-10, 4.44727921156e-10, 8.27181725893e-11, 6.54451909332e-11, 1.80782236403e-10, 5.46252279521e-12, 1.64351275644e-11, 2.96772393986e-12, 1.77048274045e-12, 4.6868281825e-12, 8.38831499921e-13, 1.64152599933e-13, 3.08210922062e-13, 1.69335357368e-13, 2.07262036852e-13, 5.33995285869e-14, 1.48810441237e-14, 8.4726960826e-15, 1.55740019896e-15, 2.02855827894e-16, 1.4360510561e-16, 4.49519557927e-18, 3.82675787976e-20, 2.11966294144e-22, 4.22067898602e-25]
    },
    "mfcc": {
        "dmean": [51.5355110168, 17.6657390594, 21.7695465088, 9.90556049347, 11.8114871979, 8.96277713776, 6.634308815, 6.28833007812, 5.44660758972, 4.95839834213, 4.72875261307, 5.75956583023, 4.65470981598],
        "dmean2": [83.3125228882, 29.5180454254, 36.2870864868, 15.9692363739, 20.3766269684, 14.7820367813, 10.9095935822, 10.3437213898, 9.28055667877, 8.56889724731, 7.19761800766, 10.0697622299, 7.69882774353],
        "dvar": [2312.48120117, 241.711029053, 518.177246094, 70.4060897827, 124.589401245, 61.0792808533, 37.0520324707, 21.6826858521, 22.6384963989, 18.7182559967, 15.7593755722, 24.5645217896, 11.8076343536],
        "dvar2": [6006.91650391, 649.924804688, 1198.59350586, 206.927093506, 339.064544678, 157.694091797, 100.313995361, 65.0509490967, 60.4241905212, 39.8621864319, 37.6800422668, 63.8703727722, 26.5163097382],
        "max": [-693.206298828, 208.485412598, 53.7668190002, 57.7412567139, 20.9017333984, 40.3450317383, 13.6400947571, 4.61563873291, 20.6168861389, 10.4968891144, 21.2799720764, 22.0527896881, 6.360206604],
        "mean": [-816.540039062, 166.46546936, -42.1008644104, 13.0701389313, -15.3148422241, -3.74264502525, -8.90050792694, -10.5909528732, -1.78558552265, -7.05675601959, 1.83494091034, 3.81016969681, -4.99306821823],
        "median": [-796.421020508, 170.444976807, -51.9937705994, 10.3311347961, -14.7321434021, -6.3685836792, -9.85941314697, -11.2026062012, -1.46989440918, -7.32764434814, 2.04132461548, 3.49649047852, -5.04496002197],
        "min": [-1021.10113525, 84.5122833252, -92.8818969727, -18.4291801453, -45.7594604492, -27.4645195007, -40.647567749, -25.6803436279, -17.0896682739, -25.9721755981, -12.2861995697, -16.9429855347, -14.4575462341],
        "var": [5919.87744141, 644.133605957, 1307.72875977, 267.457092285, 276.818572998, 157.361602783, 85.9431152344, 46.4512481689, 45.1423492432, 54.4972801208, 42.896572113, 77.9127502441, 25.2203922272],
        "cov": [[5956.41992188, 158.404251099, -2696.68994141, 295.735687256, -1016.79852295, 31.966791153, -403.986816406, -48.2642745972, 9.41834449768, -133.21697998, 143.768508911, 132.285171509, -78.6067886353], [158.404251099, 648.109741211, -29.240146637, -290.886260986, -55.279006958, -256.444671631, 56.8235855103, -77.0997848511, 52.1321601868, -94.8419036865, -3.08801603317, 96.1446990967, -20.8868751526], [-2696.68994141, -29.240146637, 1315.80126953, -134.699615479, 445.105957031, -6.15941619873, 174.179656982, 34.8892250061, -9.73508071899, 68.9639129639, -71.7049789429, -57.3881835938, 35.2092819214], [295.735687256, -290.886260986, -134.699615479, 269.108062744, 29.5846443176, 115.713905334, -47.3604621887, 7.73720169067, -40.179901123, 12.8561048508, -4.88003587723, -63.802986145, -9.55581283569], [-1016.79852295, -55.279006958, 445.105957031, 29.5846443176, 278.527313232, 23.1178798676, 64.463722229, -3.34577989578, -39.7346839905, 19.3177680969, -39.8270988464, -61.2808036804, 1.98705565929], [31.966791153, -256.444671631, -6.15941619873, 115.713905334, 23.1178798676, 158.332977295, -9.86685657501, 48.1846618652, -29.4364185333, 36.4703598022, -6.58687925339, -59.5088615417, 5.55737829208], [-403.986816406, 56.8235855103, 174.179656982, -47.3604621887, 64.463722229, -9.86685657501, 86.4736251831, 13.0423669815, 6.46791744232, -13.1662864685, -24.124704361, -7.57242536545, 1.24542987347], [-48.2642745972, -77.0997848511, 34.8892250061, 7.73720169067, -3.34577989578, 48.1846618652, 13.0423669815, 46.7379875183, 1.42060649395, 21.7406673431, 0.274225950241, -9.17459774017, 10.3615846634], [9.41834449768, 52.1321601868, -9.73508071899, -40.179901123, -39.7346839905, -29.4364185333, 6.46791744232, 1.42060649395, 45.421005249, -5.4149107933, 14.731502533, 27.9999389648, 1.8703275919], [-133.21697998, -94.8419036865, 68.9639129639, 12.8561048508, 19.3177680969, 36.4703598022, -13.1662864685, 21.7406673431, -5.4149107933, 54.8336830139, 15.2813100815, -12.1303281784, 10.8126277924], [143.768508911, -3.08801603317, -71.7049789429, -4.88003587723, -39.8270988464, -6.58687925339, -24.124704361, 0.274225950241, 14.731502533, 15.2813100815, 43.161365509, 27.175655365, 2.70568752289], [132.285171509, 96.1446990967, -57.3881835938, -63.802986145, -61.2808036804, -59.5088615417, -7.57242536545, -9.17459774017, 27.9999389648, -12.1303281784, 27.175655365, 78.3936920166, 5.04215908051], [-78.6067886353, -20.8868751526, 35.2092819214, -9.55581283569, 1.98705565929, 5.55737829208, 1.24542987347, 10.3615846634, 1.8703275919, 10.8126277924, 2.70568752289, 5.04215908051, 25.3760738373]],
        "icov": [[0.479734092951, -0.684313595295, 0.655311524868, -0.625344395638, 0.609500527382, -0.571748793125, 0.561873376369, -0.486421763897, 0.388900399208, -0.343261033297, 0.312163889408, -0.270536124706, 0.164672896266], [-0.684313595295, 0.984728217125, -0.933695733547, 0.898292779922, -0.870401501656, 0.823760032654, -0.803811371326, 0.695122659206, -0.554055988789, 0.495873004198, -0.446923345327, 0.387725442648, -0.231957778335], [0.655311524868, -0.933695733547, 0.898130238056, -0.85224968195, 0.828198313713, -0.779921531677, 0.765788853168, -0.664742410183, 0.528796970844, -0.471759527922, 0.429261654615, -0.370378643274, 0.223997563124], [-0.625344395638, 0.898292779922, -0.85224968195, 0.827576637268, -0.798126220703, 0.746087133884, -0.730508923531, 0.636252343655, -0.506567537785, 0.453952997923, -0.408710241318, 0.356022655964, -0.211692661047], [0.609500527382, -0.870401501656, 0.828198313713, -0.798126220703, 0.787904381752, -0.726541638374, 0.709283709526, -0.612365603447, 0.501658856869, -0.437317311764, 0.394263744354, -0.340062230825, 0.209482714534], [-0.571748793125, 0.823760032654, -0.779921531677, 0.746087133884, -0.726541638374, 0.708727180958, -0.671270310879, 0.564172923565, -0.458198726177, 0.412582486868, -0.375705301762, 0.332225471735, -0.19368724525], [0.561873376369, -0.803811371326, 0.765788853168, -0.730508923531, 0.709283709526, -0.671270310879, 0.684388935566, -0.583242475986, 0.449983119965, -0.392064154148, 0.370803236961, -0.31595492363, 0.194434717298], [-0.486421763897, 0.695122659206, -0.664742410183, 0.636252343655, -0.612365603447, 0.564172923565, -0.583242475986, 0.544477880001, -0.398920446634, 0.333795338869, -0.311872392893, 0.269969701767, -0.175219401717], [0.388900399208, -0.554055988789, 0.528796970844, -0.506567537785, 0.501658856869, -0.458198726177, 0.449983119965, -0.398920446634, 0.353136390448, -0.273069113493, 0.240117445588, -0.221090450883, 0.134704709053], [-0.343261033297, 0.495873004198, -0.471759527922, 0.453952997923, -0.437317311764, 0.412582486868, -0.392064154148, 0.333795338869, -0.273069113493, 0.292917788029, -0.246650248766, 0.203911215067, -0.121718838811], [0.312163889408, -0.446923345327, 0.429261654615, -0.408710241318, 0.394263744354, -0.375705301762, 0.370803236961, -0.311872392893, 0.240117445588, -0.246650248766, 0.254684656858, -0.193943202496, 0.108946919441], [-0.270536124706, 0.387725442648, -0.370378643274, 0.356022655964, -0.340062230825, 0.332225471735, -0.31595492363, 0.269969701767, -0.221090450883, 0.203911215067, -0.193943202496, 0.183884739876, -0.0982372388244], [0.164672896266, -0.231957778335, 0.223997563124, -0.211692661047, 0.209482714534, -0.19368724525, 0.194434717298, -0.175219401717, 0.134704709053, -0.121718838811, 0.108946919441, -0.0982372388244, 0.105930149555]]
    }
}

}