{
"metadata": {
    "version": {
        "essentia": "2.0.1",
        "extractor": "archive-music 1.0 mod ismir14"
    },
    "audio_properties": {
        "analysis_sample_rate": 44100,
        "bitrate": 32,
        "channels": 2,
        "equal_loudness": 0,
        "length": 30.0408172607,
        "replay_gain": -13.0453701019,
        "downmix": "mix"
    },
    "tags": {
        "track": 0,
        "year": 0,
        "album": "",
        "artist": "",
        "comment": "",
        "genre": "",
        "title": ""
    }
},
"rhythm": {
    "bpm": 172.265609741,
    "bpm_histogram_first_peak": 172,
    "bpm_histogram_first_peak_spread": 0,
    "bpm_histogram_first_peak_weight": 0.441860467196,
    "bpm_histogram_second_peak": 178,
    "bpm_histogram_second_peak_spread": 0,
    "bpm_histogram_second_peak_weight": 0.430232554674
},
"tonal": {
    "tuning_frequency": {
        "dmean": 0.15655079484,
        "dmean2": 0.282096236944,
        "dvar": 2.85996890068,
        "dvar2": 6.62267637253,
        "max": 456.04309082,
        "mean": 446.102478027,
        "median": 442.03793335,
        "min": 431.193908691,
        "var": 36.0020103455
    },
    "hpcp": {
        "dmean": [0.164433568716, 0.158413022757, 0.163343757391, 0.215973868966, 0.0941120609641, 0.157448470592, 0.199041545391, 0.258811831474, 0.160528540611, 0.10858283937, 0.256740361452, 0.0762183368206],
        "dmean2": [0.278927773237, 0.274273365736, 0.277367949486, 0.362333863974, 0.168579950929, 0.27011346817, 0.335276842117, 0.444959700108, 0.274878948927, 0.19341519475, 0.446989506483, 0.134709209204],
        "dvar": [0.0423304662108, 0.0543967112899, 0.0503608621657, 0.0635218471289, 0.0229208096862, 0.0530176311731, 0.0557827502489, 0.0712726935744, 0.0496675819159, 0.0305181611329, 0.0721837729216, 0.019419323653],
        "dvar2": [0.106770344079, 0.138244479895, 0.124471247196, 0.135181993246, 0.0595641434193, 0.114891536534, 0.131392300129, 0.174085721374, 0.12255358696, 0.0797050669789, 0.144799053669, 0.0509181134403],
        "max": [1, 1, 1, 1, 1, 1, 1, 1, 1, 1, 1, 1],
        "mean": [0.234725981951, 0.149617806077, 0.163548603654, 0.27225330472, 0.0865394771099, 0.256704419851, 0.277283072472, 0.340207457542, 0.194486871362, 0.108505740762, 0.636775493622, 0.0757360830903],
        "median": [0.143113046885, 0.0402645990252, 0.0585319399834, 0.128448307514, 0.0312363747507, 0.088879570365, 0.132336318493, 0.207392156124, 0.0692088752985, 0.0395176261663, 0.671872258186, 0.0307664200664],
        "min": [0.00185563147534, 0.000281219457975, 0.000869012787007, 0.000638598110527, 0.00067277206108, 0.00321930251084, 0.000522410206031, 0.000863631779794, 0.000457678863313, 0.000260894448729, 0.009382375516, 0.000562815286685],
        "var": [0.0677175521851, 0.0567518994212, 0.058594442904, 0.0968938544393, 0.022087238729, 0.113241173327, 0.102045625448, 0.112261369824, 0.0782276988029, 0.0328340902925, 0.12785191834, 0.017739482224]
    }
},
"lowlevel": {
    "melbands": {
        "dmean": [4.99509624206e-05, 0.000215758132981, 0.000196698048967, 0.000107494561234, 6.51032532915e-05, 0.00011585898028, 0.000116759249067, 0.00012458897254, 0.000131136999698, 6.92927424097e-05, 5.15427127539e-05, 3.01765612676e-05, 2.46286745096e-05, 1.58151888172e-05, 2.54304468399e-05, 1.37396682476e-05, 1.52263191922e-05, 1.14789399959e-05, 8.6969066615e-06, 7.59632757763e-06, 6.70969257044e-06, 6.73338672641e-06, 8.94663662621e-06, 8.61840908328e-06, 6.64860408506e-06, 5.09915662406e-06, 4.94660707773e-06, 3.06900687974e-06, 1.27113810322e-06, 1.13957128178e-06, 8.56426254359e-07, 5.01694330524e-07, 2.35821957517e-07, 1.82228276913e-07, 1.75749221398e-07, 1.51155248318e-07, 1.46046446048e-07, 1.10601035885e-07, 6.07943135833e-08, 3.08189136433e-08],
        "dmean2": [7.49206519686e-05, 0.000332000374328, 0.000308182818117, 0.000148773455294, 0.000103884238342, 0.000186229401152, 0.000188485544641, 0.000207362900255, 0.000195922635612, 0.000103951781057, 7.93061408331e-05, 4.59959592263e-05, 3.77320429834e-05, 2.32610982493e-05, 4.07894767704e-05, 2.1417350581e-05, 2.3049680749e-05, 1.77694400918e-05, 1.41442469612e-05, 1.10746159407e-05, 1.00993083834e-05, 1.03728516478e-05, 1.30409262056e-05, 1.25526412376e-05, 1.01140230981e-05, 7.78427056503e-06, 7.41868643672e-06, 4.92537037644e-06, 1.9817566681e-06, 1.71020485595e-06, 1.27440671349e-06, 7.63636649026e-07, 3.63172006246e-07, 2.77124968306e-07, 2.75089604429e-07, 2.37867766373e-07, 2.34458696013e-07, 1.82269872084e-07, 9.84082291211e-08, 4.82368776034e-08],
        "dvar": [4.5687871264e-09, 9.34702839572e-08, 5.64816780013e-08, 2.78562435341e-08, 7.01577373974e-09, 1.7943573738e-08, 2.52260523581e-08, 5.28959240853e-08, 5.35635997778e-08, 2.86913746095e-08, 8.23824475304e-09, 8.67518856751e-09, 7.0896644111e-09, 1.25603627499e-09, 7.20449921943e-09, 1.24182131245e-09, 1.74725356406e-09, 6.31682983698e-10, 2.95655555593e-10, 3.37659289418e-10, 1.50920359543e-10, 1.6714443718e-10, 3.17714854425e-10, 3.52082030197e-10, 1.9901019721e-10, 9.59385973442e-11, 1.43238129691e-10, 8.36454933095e-11, 4.36955202923e-12, 7.10013471628e-12, 4.52809924972e-12, 1.63473650849e-12, 1.88698449227e-13, 6.59155008679e-14, 5.76978718167e-14, 3.23326875527e-14, 3.91151005899e-14, 2.66455914543e-14, 7.71269153551e-15, 1.65718777405e-15],
        "dvar2": [9.20129217263e-09, 2.14554049194e-07, 1.16716407206e-07, 4.79181885282e-08, 1.73711978135e-08, 4.47169590245e-08, 6.39264783331e-08, 1.38287518325e-07, 9.49870866407e-08, 5.27396082362e-08, 1.91772144831e-08, 1.91298799024e-08, 1.71807386096e-08, 2.80996026447e-09, 1.81939796562e-08, 2.54079957074e-09, 3.52706508444e-09, 1.42367795331e-09, 6.40296093923e-10, 6.81705081274e-10, 3.23345322739e-10, 3.46567496923e-10, 5.74468583814e-10, 5.94305049617e-10, 4.55950527334e-10, 1.85482823545e-10, 3.44968137389e-10, 2.11791820193e-10, 1.04513299057e-11, 1.35060868739e-11, 9.05069161977e-12, 3.90753401858e-12, 4.08166800055e-13, 1.3152861775e-13, 1.14757148554e-13, 7.5130961836e-14, 9.87311022326e-14, 6.64496127394e-14, 1.96943935498e-14, 3.70304085111e-15],
        "max": [0.000914403994102, 0.00253974855877, 0.00168701750226, 0.00194814230781, 0.000924947962631, 0.000982834608294, 0.00119531352539, 0.00184293347411, 0.00431748572737, 0.00280281715095, 0.00107032200322, 0.00115580693819, 0.00109755061567, 0.000462330674054, 0.00124699715525, 0.000454242981505, 0.000661370460875, 0.000371951435227, 0.000167036603671, 0.000348071480403, 0.000115848386486, 0.000144188161357, 0.000195318018086, 0.000234742212342, 0.000168360755197, 0.000117912262795, 0.000136750692036, 0.000130707776407, 2.5547506084e-05, 5.57942512387e-05, 3.45029802702e-05, 2.24639479711e-05, 5.86939859204e-06, 4.20531023337e-06, 3.86856800105e-06, 2.1211458261e-06, 2.50709194916e-06, 2.07174230127e-06, 8.08476784186e-07, 5.6850205965e-07],
        "mean": [7.73421488702e-05, 0.000292927259579, 0.000314275996061, 0.000166901241755, 9.15119308047e-05, 0.000164651617524, 0.000160233204952, 0.000121294702694, 0.000194487132831, 0.000100031393231, 7.59224130888e-05, 3.41248123732e-05, 2.65230974037e-05, 1.88401863852e-05, 3.10359428113e-05, 1.74107499333e-05, 1.86870220205e-05, 1.51744125105e-05, 1.07152100099e-05, 9.48338583839e-06, 8.76313970366e-06, 8.98227699508e-06, 1.39169587783e-05, 1.53976143338e-05, 9.7863648989e-06, 8.26057203085e-06, 6.79459117237e-06, 3.89709521187e-06, 2.04183766073e-06, 1.71398858129e-06, 1.3725525605e-06, 8.52971083987e-07, 4.20175155114e-07, 3.31831245148e-07, 3.20843895452e-07, 2.62790365468e-07, 2.44015637918e-07, 1.73657497271e-07, 9.44477491771e-08, 5.01302181988e-08],
        "median": [4.57166934211e-05, 0.00017440810916, 0.000212576676859, 8.91342351679e-05, 5.88201073697e-05, 0.000111388013465, 8.54831305332e-05, 3.97359981434e-05, 8.71111187735e-05, 4.09104832215e-05, 3.68462569895e-05, 9.71245026449e-06, 6.01105057285e-06, 6.31275406704e-06, 1.21908324218e-05, 5.56090162718e-06, 4.6556988309e-06, 3.68934342987e-06, 3.27081352225e-06, 2.14854389924e-06, 2.32020192925e-06, 2.14731880988e-06, 1.80557594831e-06, 1.53001701619e-06, 2.25523126574e-06, 2.37554331761e-06, 9.44191924646e-07, 1.03203740309e-06, 1.03597801626e-06, 6.53269466966e-07, 3.79057865985e-07, 3.35720017119e-07, 2.14899728235e-07, 1.92721515191e-07, 1.80559396767e-07, 1.49396996107e-07, 1.57909823884e-07, 1.07951038331e-07, 5.42662590419e-08, 3.28034914787e-08],
        "min": [2.85226155938e-06, 1.32830618895e-05, 2.53352550317e-06, 3.8387170207e-06, 1.38113705361e-06, 6.2844827653e-07, 9.64675678006e-07, 3.11423605126e-07, 1.14403640339e-07, 1.28330270854e-07, 1.25194404177e-07, 3.55428859677e-08, 5.71938549854e-08, 1.25868979239e-07, 4.21755537161e-08, 3.19942827787e-08, 1.87814173103e-08, 2.56718699632e-08, 2.51906460136e-08, 3.2296515684e-08, 5.42911671175e-08, 5.52287389155e-08, 5.41151727873e-08, 5.03942061414e-08, 5.3314813897e-08, 3.09859693459e-08, 1.07618269851e-08, 1.15950822277e-08, 3.0677018259e-08, 1.36424320729e-08, 1.10635527406e-08, 1.22501191413e-08, 6.89283030653e-09, 4.37263070197e-09, 4.46366765772e-09, 3.80777409603e-09, 7.77549402642e-09, 4.6566532852e-09, 2.31218066915e-09, 1.01698949262e-09],
        "var": [1.06688595736e-08, 1.20801530556e-07, 8.85706299414e-08, 5.68600100337e-08, 1.01354853399e-08, 2.5709010032e-08, 3.27363451902e-08, 4.54548931828e-08, 1.72000397924e-07, 5.7099235562e-08, 1.43640690453e-08, 1.04159028069e-08, 8.07322919627e-09, 1.89214288682e-09, 6.91883705883e-09, 1.83286763544e-09, 2.74760636465e-09, 1.27948429629e-09, 4.04788702557e-10, 6.6408378796e-10, 3.15086956526e-10, 2.96417640433e-10, 8.13678624478e-10, 1.13504494692e-09, 4.05463801423e-10, 2.37988712071e-10, 2.73871592071e-10, 1.08710124236e-10, 9.10180091018e-12, 1.52815711474e-11, 9.21590928571e-12, 2.40052053756e-12, 4.20711642607e-13, 1.86739282349e-13, 1.96304859304e-13, 8.61480144491e-14, 6.02191704163e-14, 3.50602115699e-14, 1.17374244886e-14, 2.88205099061e-15]
    },
    "mfcc": {
        "dmean": [27.5982093811, 10.0047655106, 11.9320755005, 7.81423950195, 8.44280815125, 6.86912727356, 7.36126995087, 6.61014938354, 6.06137228012, 5.98766517639, 5.76132106781, 5.44930791855, 5.96201086044],
        "dmean2": [38.9814071655, 15.1581382751, 17.372795105, 11.6658124924, 12.5037870407, 10.26466465, 11.0870685577, 10.2978715897, 9.48325061798, 9.2858247757, 8.93706035614, 8.47628116608, 9.39154815674],
        "dvar": [626.462463379, 71.279296875, 94.7238693237, 39.0815696716, 46.8460159302, 30.1046848297, 37.2663955688, 29.144153595, 19.9247245789, 25.6200828552, 19.6456756592, 17.7525348663, 23.1087341309],
        "dvar2": [1094.86169434, 157.73223877, 174.691680908, 79.5747909546, 98.3781661987, 63.4317932129, 71.2426376343, 71.6659698486, 51.4752006531, 57.1995925903, 49.442401886, 41.7824211121, 52.0535316467],
        "max": [-579.591186523, 179.094924927, 48.6384658813, 75.4275054932, 34.525680542, 26.7921962738, 39.6600379944, 29.663066864, 16.4911193848, 32.5660324097, 29.198633194, 23.8679847717, 18.2958106995],
        "mean": [-686.793029785, 123.184654236, -3.16127228737, 25.6305007935, -7.95736980438, -4.76436376572, -3.60339355469, -0.198359131813, -5.56127977371, 6.43823623657, 1.06028211117, 2.65365219116, -7.96980667114],
        "median": [-693.751342773, 125.863563538, -1.32785415649, 23.5075359344, -9.2386264801, -4.46568965912, -5.08005046844, -0.802357673645, -5.12776660919, 7.013630867, 0.830172538757, 2.86703872681, -6.93837451935],
        "min": [-910.371337891, 58.0153656006, -67.6494140625, -19.989616394, -45.2430877686, -34.267036438, -33.8127288818, -25.5088748932, -37.239440918, -32.9080810547, -22.1666755676, -19.4442481995, -43.0215911865],
        "var": [1833.12634277, 429.817230225, 445.617034912, 202.322296143, 178.249176025, 116.362846375, 148.794265747, 81.5876617432, 73.6562347412, 88.6387634277, 64.3185043335, 57.0840682983, 86.0157012939],
        "cov": [[1835.95959473, -430.617858887, -619.720581055, 79.1589813232, 73.5895233154, -136.372375488, -9.62915802002, 67.2741088867, -23.2636432648, -65.4630432129, 3.59420204163, -26.8300418854, -57.4514465332], [-430.617858887, 430.481536865, 167.381195068, -157.400009155, -92.1629714966, 47.3596420288, -11.9777183533, -65.6273117065, 24.517332077, 41.3685684204, 13.074464798, 39.8949394226, 42.3946266174], [-619.720581055, 167.381195068, 446.305786133, 8.65900421143, 8.46642971039, 64.0490722656, -1.6888448, -6.75389719009, 8.90282535553, 15.4513397217, -13.9178476334, -4.95072412491, 26.753736496], [79.1589813232, -157.400009155, 8.65900421143, 202.634994507, 109.059761047, -49.0990791321, -30.2394351959, 32.7741699219, -9.4601764679, -21.4997310638, -10.0746717453, -19.2352256775, -4.58306646347], [73.5895233154, -92.1629714966, 8.46642971039, 109.059761047, 178.524688721, -14.9621944427, -39.000629425, 28.2094612122, -8.33182621002, -15.6476755142, -19.0904178619, -15.1384134293, 0.102698370814], [-136.372375488, 47.3596420288, 64.0490722656, -49.0990791321, -14.9621944427, 116.542694092, 71.4832611084, -0.761541843414, -3.13492417336, -16.1475334167, -6.15931463242, -0.295925229788, -19.4481010437], [-9.62915802002, -11.9777183533, -1.6888448, -30.2394351959, -39.000629425, 71.4832611084, 149.024230957, 37.4945755005, -26.9034690857, -22.9369430542, -11.1184482574, 3.17696380615, -18.404094696], [67.2741088867, -65.6273117065, -6.75389719009, 32.7741699219, 28.2094612122, -0.761541843414, 37.4945755005, 81.713760376, 1.74242651463, -27.8206501007, -6.94795751572, -7.36293315887, -4.9490647316], [-23.2636432648, 24.517332077, 8.90282535553, -9.4601764679, -8.33182621002, -3.13492417336, -26.9034690857, 1.74242651463, 73.770072937, 32.3696327209, 3.85860967636, 0.317592084408, 3.28170251846], [-65.4630432129, 41.3685684204, 15.4513397217, -21.4997310638, -15.6476755142, -16.1475334167, -22.9369430542, -27.8206501007, 32.3696327209, 88.7757644653, 24.5030612946, 1.10698759556, 13.0472373962], [3.59420204163, 13.074464798, -13.9178476334, -10.0746717453, -19.0904178619, -6.15931463242, -11.1184482574, -6.94795751572, 3.85860967636, 24.5030612946, 64.4179153442, 20.8981742859, -8.68701839447], [-26.8300418854, 39.8949394226, -4.95072412491, -19.2352256775, -15.1384134293, -0.295925229788, 3.17696380615, -7.36293315887, 0.317592084408, 1.10698759556, 20.8981742859, 57.1722984314, 28.5221309662], [-57.4514465332, 42.3946266174, 26.753736496, -4.58306646347, 0.102698370814, -19.4481010437, -18.404094696, -4.9490647316, 3.28170251846, 13.0472373962, -8.68701839447, 28.5221309662, 86.148651123]],
        "icov": [[0.00121694337577, 0.000560405955184, 0.00134639895987, 0.000383196165785, -0.000431706372183, 0.000764846976381, -0.000219231049414, -9.87990933936e-05, -0.000280614185613, 0.000647992885206, -0.00029551438638, 0.000408608990256, 6.17820796833e-06], [0.000560405955184, 0.00513545703143, -0.00121901626699, 0.00349212181754, -7.93771760073e-05, 0.000499907764606, 0.000130958986119, 0.00210553919896, -0.00106832245365, 0.000466329074698, -0.000279703730484, -0.00145593634807, -0.00090335146524], [0.00134639895987, -0.00121901626699, 0.00500169722363, -0.00178161833901, 0.000141649870784, -0.00233987043612, 0.0012035156833, -0.00170772243291, 0.000681466772221, -0.000643045350444, 0.0004864835646, 0.00129937101156, -0.00082938966807], [0.000383196165785, 0.00349212181754, -0.00178161833901, 0.01158838626, -0.00545418541878, 0.0055619138293, -0.00188513833564, 0.00146371952724, -0.00163576449268, 0.00299241929315, -0.00204692245461, 0.00124378676992, -0.00035879801726], [-0.000431706372183, -7.93771760073e-05, 0.000141649870784, -0.00545418541878, 0.0109521448612, -0.00528222834691, 0.00615859730169, -0.00513503467664, 0.003748586867, -0.00326948380098, 0.00419253064319, -0.00190999335609, 0.000639659701847], [0.000764846976381, 0.000499907764606, -0.00233987043612, 0.0055619138293, -0.00528222834691, 0.0206211041659, -0.0120681328699, 0.00745143182576, -0.00622674264014, 0.00703136716038, -0.00342092011124, 0.00222343928181, 0.0018892576918], [-0.000219231049414, 0.000130958986119, 0.0012035156833, -0.00188513833564, 0.00615859730169, -0.0120681328699, 0.0182525459677, -0.0115779219195, 0.00894620735198, -0.00633786199614, 0.0065489881672, -0.00542576145381, 0.00289360131137], [-9.87990933936e-05, 0.00210553919896, -0.00170772243291, 0.00146371952724, -0.00513503467664, 0.00745143182576, -0.0115779219195, 0.0237771701068, -0.00933943502605, 0.0100340163335, -0.00612836610526, 0.00497896643355, -0.00334330461919], [-0.000280614185613, -0.00106832245365, 0.000681466772221, -0.00163576449268, 0.003748586867, -0.00622674264014, 0.00894620735198, -0.00933943502605, 0.0216654296964, -0.011177752167, 0.00581938540563, -0.00404388830066, 0.00279767159373], [0.000647992885206, 0.000466329074698, -0.000643045350444, 0.00299241929315, -0.00326948380098, 0.00703136716038, -0.00633786199614, 0.0100340163335, -0.011177752167, 0.0225103311241, -0.0114389685914, 0.00830123480409, -0.00551000516862], [-0.00029551438638, -0.000279703730484, 0.0004864835646, -0.00204692245461, 0.00419253064319, -0.00342092011124, 0.0065489881672, -0.00612836610526, 0.00581938540563, -0.0114389685914, 0.0267796292901, -0.0147652281448, 0.00904995761812], [0.000408608990256, -0.00145593634807, 0.00129937101156, 0.00124378676992, -0.00190999335609, 0.00222343928181, -0.00542576145381, 0.00497896643355, -0.00404388830066, 0.00830123480409, -0.0147652281448, 0.0312507674098, -0.0126558272168], [6.17820796833e-06, -0.00090335146524, -0.00082938966807, -0.00035879801726, 0.000639659701847, 0.0018892576918, 0.00289360131137, -0.00334330461919, 0.00279767159373, -0.00551000516862, 0.00904995761812, -0.0126558272168, 0.0189774222672]]
    }
}

}