{
"metadata": {
    "version": {
        "essentia": "2.0.1",
        "extractor": "archive-music 1.0 mod ismir14"
    },
    "audio_properties": {
        "analysis_sample_rate": 44100,
        "bitrate": 32,
        "channels": 2,
        "equal_loudness": 0,
        "length": 30.0408172607,
        "replay_gain": -13.2592163086,
        "downmix": "mix"
    },
    "tags": {
        "track": 0,
        "year": 0,
        "album": "",
        "artist": "",
        "comment": "",
        "genre": "",
        "title": ""
    }
},
"rhythm": {
    "bpm": 90.2956161499,
    "bpm_histogram_first_peak": 91,
    "bpm_histogram_first_peak_spread": 0.341463446617,
    "bpm_histogram_first_peak_weight": 0.62790697813,
    "bpm_histogram_second_peak": 85,
    "bpm_histogram_second_peak_spread": 0,
    "bpm_histogram_second_peak_weight": 0.0465116277337
},
"tonal": {
    "tuning_frequency": {
        "dmean": 0.104512423277,
        "dmean2": 0.185192242265,
        "dvar": 0.686647355556,
        "dvar2": 1.13634502888,
        "max": 456.306610107,
        "mean": 451.038085938,
        "median": 452.631469727,
        "min": 438.984558105,
        "var": 22.2501392365
    },
    "hpcp": {
        "dmean": [0.213298842311, 0.11704094708, 0.118788152933, 0.132037043571, 0.271634459496, 0.311283260584, 0.170776665211, 0.206270292401, 0.125538438559, 0.0939126014709, 0.0935537591577, 0.128831833601],
        "dmean2": [0.363145679235, 0.217136636376, 0.208651959896, 0.239868313074, 0.485637903214, 0.573546588421, 0.315185368061, 0.349631279707, 0.232526943088, 0.169367298484, 0.161204755306, 0.226517543197],
        "dvar": [0.0797517746687, 0.0450953654945, 0.0364798158407, 0.0520071610808, 0.0931921377778, 0.113779127598, 0.0811439454556, 0.0701770558953, 0.0524520352483, 0.0338623449206, 0.026643762365, 0.0391855724156],
        "dvar2": [0.171278133988, 0.127273276448, 0.0924209654331, 0.130611881614, 0.237103223801, 0.266813755035, 0.223965808749, 0.163608595729, 0.153650999069, 0.0920092836022, 0.0634633600712, 0.101705253124],
        "max": [1, 1, 1, 1, 1, 1, 1, 1, 1, 1, 1, 1],
        "mean": [0.439679890871, 0.0810189470649, 0.132509291172, 0.126140594482, 0.261415541172, 0.439460366964, 0.124485000968, 0.282149225473, 0.101006776094, 0.0847651138902, 0.0959596410394, 0.124949105084],
        "median": [0.218915954232, 0.0164855793118, 0.0431527867913, 0.0251530651003, 0.0944775640965, 0.276774644852, 0.0238757915795, 0.116021335125, 0.02761689201, 0.0275896824896, 0.0300688054413, 0.0450379960239],
        "min": [0.00114673515782, 0.000461835210444, 0.000405421538744, 0.00025607374846, 0.000952822854742, 0.00133962614927, 0.00020958717505, 0.00150830170605, 0.000347216584487, 0.000617291778326, 0.000676267489325, 0.000599104037974],
        "var": [0.173131391406, 0.0299392100424, 0.0472756586969, 0.0611066743731, 0.108278341591, 0.166227117181, 0.0621966123581, 0.114942878485, 0.0419963896275, 0.0298818275332, 0.0312564857304, 0.0400329083204]
    }
},
"lowlevel": {
    "melbands": {
        "dmean": [0.000235670639086, 0.000487374607474, 0.000175253808266, 0.000119650707347, 8.76733392943e-05, 6.21693980065e-05, 8.11287318356e-05, 0.000120524462545, 0.000194443506189, 0.000149121799041, 5.61549968552e-05, 6.94704795023e-05, 6.64770268486e-05, 3.45690168615e-05, 5.54199505132e-05, 6.51543232379e-05, 1.40095598908e-05, 1.03487373053e-05, 5.31168916496e-06, 6.18051080892e-06, 9.73633814283e-06, 7.33155047783e-06, 1.42224052979e-05, 1.21065540952e-05, 6.64707522446e-06, 6.69755218041e-06, 6.28752013654e-06, 3.88395665141e-06, 1.6383341972e-06, 1.47886782997e-06, 7.2342271551e-07, 3.05442853232e-07, 1.61147710287e-07, 1.43974787647e-07, 1.40378574542e-07, 1.32305643774e-07, 1.11034509587e-07, 1.45867886658e-07, 1.40062027754e-07, 1.14388264194e-07],
        "dmean2": [0.000385170569643, 0.000713428424206, 0.000273254932836, 0.000191949613509, 0.000141679687658, 9.57387819653e-05, 0.000125414750073, 0.000188419217011, 0.000317442056257, 0.000246877345489, 9.03614709387e-05, 0.000108493681182, 0.000100487261079, 5.86266687606e-05, 9.38142547966e-05, 0.000107784340798, 2.135212344e-05, 1.67778325704e-05, 8.47377305035e-06, 9.65395247476e-06, 1.53087985382e-05, 1.15153479783e-05, 2.33894952544e-05, 1.93808173208e-05, 1.06410434455e-05, 1.02054273157e-05, 1.00689712781e-05, 6.24009862804e-06, 2.59921489487e-06, 2.39183464146e-06, 1.16443391107e-06, 4.83232327042e-07, 2.502821701e-07, 2.26043724183e-07, 2.21851195192e-07, 2.11458228705e-07, 1.6999733532e-07, 2.28914288414e-07, 2.14850985003e-07, 1.78886679691e-07],
        "dvar": [6.00244831617e-08, 2.12589441162e-07, 3.34821734782e-08, 2.92988904249e-08, 2.25174918711e-08, 7.58921991917e-09, 1.79749282125e-08, 4.58212809917e-08, 1.45982070876e-07, 1.79698560032e-07, 7.88001770502e-08, 3.45489326037e-08, 3.1469873818e-08, 7.85970666328e-09, 1.75410015402e-08, 3.48273729855e-08, 2.46891818101e-09, 7.32989891006e-10, 7.1099862109e-11, 5.59431563574e-11, 2.07997008506e-10, 1.21739257564e-10, 5.5529220111e-10, 3.84112408547e-10, 1.01488407955e-10, 9.93271784266e-11, 1.24790511258e-10, 4.62621677078e-11, 6.90315036037e-12, 7.17525214591e-12, 1.25099128105e-12, 1.88633966303e-13, 3.98643385012e-14, 3.38530879761e-14, 3.60688516272e-14, 2.37018351723e-14, 1.79843966596e-14, 3.70705595669e-14, 4.01010435524e-14, 2.24580672391e-14],
        "dvar2": [1.63545038845e-07, 4.66702118729e-07, 6.90642707468e-08, 7.40738386185e-08, 5.63606050719e-08, 1.62360098699e-08, 3.70107748893e-08, 1.0651018556e-07, 3.57592739419e-07, 4.19157430542e-07, 1.62534661285e-07, 8.23892065682e-08, 6.86105678938e-08, 2.1306973963e-08, 4.57709106172e-08, 8.38100930878e-08, 4.03364008861e-09, 1.68075253715e-09, 1.66147734459e-10, 1.39685096823e-10, 4.98645014169e-10, 3.12066900099e-10, 1.40664913051e-09, 9.46790423839e-10, 2.43178310821e-10, 2.36413555399e-10, 3.24286153486e-10, 1.21393659014e-10, 1.57250636124e-11, 1.76909840943e-11, 3.1645127057e-12, 4.74920395978e-13, 9.10583660882e-14, 7.95968651233e-14, 8.82459321003e-14, 5.31042359609e-14, 3.94923317952e-14, 8.09503424579e-14, 9.38352517975e-14, 4.80370612537e-14],
        "max": [0.00216331519186, 0.00461620697752, 0.0024789115414, 0.00200390419923, 0.00144926749635, 0.00128574715927, 0.0022203377448, 0.00165976688731, 0.00444972328842, 0.00470333965495, 0.00594114046544, 0.00200771656819, 0.00266815489158, 0.000725112797227, 0.00132796401158, 0.00227415352128, 0.00110138242599, 0.000374381168513, 9.47034423007e-05, 4.90660459036e-05, 0.000140030810144, 8.91743184184e-05, 0.000213724662899, 0.000147096856381, 8.02303475211e-05, 9.52235568548e-05, 0.000103850827145, 7.57133602747e-05, 2.12979066418e-05, 2.84494835796e-05, 8.46064722282e-06, 4.78840547657e-06, 1.59476030603e-06, 1.46831848724e-06, 1.60507363489e-06, 1.52143934429e-06, 1.35022025916e-06, 1.88017065739e-06, 2.42779310611e-06, 1.5678009504e-06],
        "mean": [0.000416580354795, 0.00107807968743, 0.000352367496816, 0.000165950521477, 0.000111758628918, 9.1397901997e-05, 0.000119799529784, 0.000146393416799, 0.000241136091063, 0.000151855376316, 5.72295830352e-05, 7.17364964657e-05, 8.39717831695e-05, 3.53481264028e-05, 5.91805728618e-05, 6.45244217594e-05, 1.53094406414e-05, 1.12131183414e-05, 6.56408565192e-06, 7.79730635259e-06, 1.17681938718e-05, 8.62893557496e-06, 1.49207789946e-05, 1.16791134133e-05, 7.30747433408e-06, 8.06267871667e-06, 6.51987602396e-06, 3.96873792852e-06, 1.91637923308e-06, 1.50640039465e-06, 8.03220530088e-07, 4.16086635369e-07, 2.52895659969e-07, 2.25334133575e-07, 2.15372651269e-07, 2.21117772981e-07, 1.77461984663e-07, 2.4872244353e-07, 2.28088993026e-07, 1.87535476925e-07],
        "median": [0.00034691192559, 0.000821987167001, 0.000293046177831, 0.000106197214336, 5.15840220032e-05, 4.64904587716e-05, 5.05491843796e-05, 5.05105599586e-05, 7.94476945885e-05, 2.31421217904e-05, 1.33315206767e-05, 1.93792875507e-05, 1.31091037474e-05, 1.22482897496e-05, 1.80615097634e-05, 1.3117751223e-05, 4.36282152805e-06, 3.52164283868e-06, 3.29800968757e-06, 3.85161501981e-06, 4.0947998059e-06, 2.97234987556e-06, 4.74836861031e-06, 3.13802456731e-06, 2.78938205156e-06, 3.44563181898e-06, 1.90494108665e-06, 1.08392373477e-06, 7.71148506828e-07, 5.39294433111e-07, 3.77917956484e-07, 2.52672066381e-07, 1.77897305775e-07, 1.49079340872e-07, 1.54369601546e-07, 1.7093657334e-07, 1.17426552038e-07, 1.72398955556e-07, 1.53857115492e-07, 1.33265501745e-07],
        "min": [7.56250892664e-06, 1.76806115633e-05, 9.06913192011e-06, 1.5476630324e-06, 6.74551969837e-08, 1.85820766774e-07, 1.68471945017e-06, 9.53402434334e-07, 4.55469091776e-07, 2.08924490153e-07, 1.83379171403e-07, 9.8061732956e-08, 1.09666764558e-07, 7.80227509267e-08, 4.25282223659e-07, 1.35882501695e-07, 1.22595963603e-07, 5.46558105441e-08, 1.67802582496e-07, 1.49004407035e-07, 1.74681289877e-07, 1.59704825364e-07, 3.00441058698e-07, 2.42113486593e-07, 3.16409852985e-07, 6.21301126102e-08, 1.1889005691e-07, 7.44430295185e-08, 4.53878392648e-08, 1.86989783657e-08, 2.20342002422e-08, 2.13355395573e-08, 1.04854143146e-08, 1.11694404836e-08, 4.98688024209e-09, 2.37950681381e-09, 5.14107378891e-09, 3.85930221114e-09, 3.52103501911e-09, 2.6052673352e-09],
        "var": [1.12435067479e-07, 7.19488525647e-07, 8.57791278008e-08, 3.69794364019e-08, 2.92664559254e-08, 1.63655382579e-08, 4.11650269427e-08, 6.26691303296e-08, 1.8036257643e-07, 2.23000355959e-07, 9.05937938001e-08, 3.45446800054e-08, 4.87284133044e-08, 6.5107759184e-09, 1.69765250746e-08, 3.52027740291e-08, 3.61241125901e-09, 8.49249726098e-10, 8.55493870189e-11, 7.49451264936e-11, 2.90222512689e-10, 1.53477647258e-10, 5.6445381702e-10, 3.71916497599e-10, 1.06077681361e-10, 1.28787147613e-10, 1.19904419726e-10, 4.43155720453e-11, 7.68644436294e-12, 6.60083012555e-12, 1.23478126595e-12, 2.2222165514e-13, 5.72855836118e-14, 4.51921554107e-14, 4.08761362974e-14, 3.31039144393e-14, 2.7904465373e-14, 6.16245403773e-14, 5.70792938197e-14, 3.44078301821e-14]
    },
    "mfcc": {
        "dmean": [32.2779083252, 10.0827617645, 13.4887657166, 9.96621894836, 7.70279359818, 8.270860672, 6.97738456726, 6.01865530014, 5.65923261642, 5.88808488846, 5.86354398727, 5.67639446259, 5.47650909424],
        "dmean2": [42.7887649536, 15.5911798477, 20.0123214722, 15.1366844177, 11.3011922836, 11.7477722168, 10.4020690918, 9.14475631714, 8.87926483154, 9.21411705017, 9.31568908691, 9.02665424347, 8.76210784912],
        "dvar": [792.413391113, 68.605758667, 146.049804688, 70.7358322144, 40.430316925, 47.1234016418, 29.7867679596, 22.3014621735, 19.8058681488, 22.6145343781, 21.7123565674, 20.7714233398, 18.3231182098],
        "dvar2": [1663.41955566, 153.555099487, 267.715606689, 150.346237183, 77.7574234009, 97.013381958, 59.0734863281, 46.8870277405, 49.8069648743, 56.1866226196, 50.7603988647, 51.4515113831, 47.0132865906],
        "max": [-574.729370117, 177.133789062, 55.1060676575, 69.0680084229, 43.8768920898, 32.22631073, 54.8224868774, 39.0745849609, 19.250164032, 31.3411026001, 26.3863372803, 34.0047073364, 22.785074234],
        "mean": [-675.518066406, 126.008415222, -2.50482821465, 24.4907951355, 7.42757320404, -4.59115219116, 14.5142230988, 6.45393657684, 0.845554709435, 3.59912252426, 5.49972724915, 7.57634353638, 1.95419597626],
        "median": [-677.318664551, 127.062705994, -0.925395011902, 23.515411377, 6.93681621552, -3.1110906601, 13.8616485596, 6.7987279892, 1.32390594482, 2.81577110291, 5.19396591187, 7.88827800751, 1.84878349304],
        "min": [-879.463562012, 81.7470245361, -54.0863952637, -28.6092796326, -26.5725231171, -47.0286331177, -18.6339359283, -20.5966129303, -25.4325580597, -28.2278270721, -18.7983818054, -15.3185462952, -21.7299938202],
        "var": [1847.93054199, 205.474121094, 416.743835449, 256.053833008, 158.618621826, 170.214889526, 122.414581299, 87.1136169434, 54.0187911987, 73.323928833, 61.2210235596, 55.0299491882, 47.010723114],
        "cov": [[1850.78674316, -36.6233634949, -591.419921875, 41.5441894531, -256.428863525, -216.945465088, -115.983543396, -91.0993423462, -48.5992469788, -40.393913269, -81.0437240601, -15.3223047256, -74.249458313], [-36.6233634949, 205.791702271, 2.74498462677, -102.684501648, -50.192653656, 1.08270859718, 11.1211023331, 2.604793787, -15.9123754501, 12.5874176025, 45.3802528381, 0.808616697788, 0.366648703814], [-591.419921875, 2.74498462677, 417.387939453, -52.8507614136, 148.527099609, 57.5871276855, 16.8872680664, 16.0068683624, 22.1429805756, 22.6208076477, 8.73805332184, -13.9867630005, 23.545917511], [41.5441894531, -102.684501648, -52.8507614136, 256.449584961, 31.3030357361, -14.8680582047, -55.1591644287, -16.7046051025, 44.0667037964, 15.7505254745, -38.9545097351, -3.50738954544, 18.8209152222], [-256.428863525, -50.192653656, 148.527099609, 31.3030357361, 158.86378479, 18.9322452545, 13.8086299896, -13.37596035, 21.3926849365, 27.1635398865, -8.07971096039, 2.82036447525, 5.86539268494], [-216.945465088, 1.08270859718, 57.5871276855, -14.8680582047, 18.9322452545, 170.477981567, 77.9415817261, 32.2029571533, -15.4190406799, -3.11523389816, 40.9958534241, -1.26147472858, -12.6952924728], [-115.983543396, 11.1211023331, 16.8872680664, -55.1591644287, 13.8086299896, 77.9415817261, 122.603782654, 50.8165206909, -7.90286540985, -17.0481395721, 27.823223114, 17.4086341858, -7.49808073044], [-91.0993423462, 2.604793787, 16.0068683624, -16.7046051025, -13.37596035, 32.2029571533, 50.8165206909, 87.248260498, 12.2946882248, -14.6788301468, 12.8696432114, 12.8878068924, 10.1683139801], [-48.5992469788, -15.9123754501, 22.1429805756, 44.0667037964, 21.3926849365, -15.4190406799, -7.90286540985, 12.2946882248, 54.1022796631, 28.3707008362, -3.23509168625, 4.3783864975, 10.4611682892], [-40.393913269, 12.5874176025, 22.6208076477, 15.7505254745, 27.1635398865, -3.11523389816, -17.0481395721, -14.6788301468, 28.3707008362, 73.4372558594, 18.9480686188, -2.11656427383, 1.39932835102], [-81.0437240601, 45.3802528381, 8.73805332184, -38.9545097351, -8.07971096039, 40.9958534241, 27.823223114, 12.8696432114, -3.23509168625, 18.9480686188, 61.3156471252, 17.2060718536, -3.27759575844], [-15.3223047256, 0.808616697788, -13.9867630005, -3.50738954544, 2.82036447525, -1.26147472858, 17.4086341858, 12.8878068924, 4.3783864975, -2.11656427383, 17.2060718536, 55.1150016785, 17.6865653992], [-74.249458313, 0.366648703814, 23.545917511, 18.8209152222, 5.86539268494, -12.6952924728, -7.49808073044, 10.1683139801, 10.4611682892, 1.39932835102, -3.27759575844, 17.6865653992, 47.0833854675]],
        "icov": [[0.00134613108821, 0.000332662224537, 0.00131198612507, 0.000193490021047, 0.000978518859483, 0.000881921674591, 0.000102700672869, 0.000510445795953, 0.000434440822573, -0.00048618868459, 0.00122480862774, -0.000404489139328, 0.00156391749624], [0.000332662224537, 0.00780225824565, -0.000139926356496, 0.00222050119191, 0.00260472670197, 0.00133658386767, -0.000388496002415, 0.00103804271203, 0.00046663385001, -0.00127219164278, -0.00466133560985, 0.00176181411371, -0.00165610737167], [0.00131198612507, -0.000139926356496, 0.00651201559231, 0.00259603816085, -0.00451004179195, -0.00126727612223, 0.00260520144366, -0.000881927029695, -0.00189416366629, 0.000880830688402, 0.000692613422871, 0.00232477439567, -0.00182917516213], [0.000193490021047, 0.00222050119191, 0.00259603816085, 0.00774612510577, -0.00203856569715, -0.00285580311902, 0.00394774274901, 0.000461938558146, -0.00580818206072, 0.000692920410074, 0.00205994700082, 0.000639189966023, -0.00292078498751], [0.000978518859483, 0.00260472670197, -0.00451004179195, -0.00203856569715, 0.0149076441303, 0.00161176605616, -0.00509560154751, 0.00476896669716, 0.000467008998385, -0.00504431221634, 0.00366588868201, -0.00360514502972, 0.00298479851335], [0.000881921674591, 0.00133658386767, -0.00126727612223, -0.00285580311902, 0.00161176605616, 0.0124497534707, -0.00685665104538, -0.000465874472866, 0.00536527438089, -0.000855477584992, -0.00649674469605, 0.00293438206427, 0.00259926985018], [0.000102700672869, -0.000388496002415, 0.00260520144366, 0.00394774274901, -0.00509560154751, -0.00685665104538, 0.0190036408603, -0.00769759528339, -0.00187267677393, 0.00370714790188, -0.000711108732503, -0.00337113882415, 0.00228158710524], [0.000510445795953, 0.00103804271203, -0.000881927029695, 0.000461938558146, 0.00476896669716, -0.000465874472866, -0.00769759528339, 0.020281881094, -0.00883620604873, 0.00463230721653, -0.00154107180424, -0.000150324674905, -0.00349766621366], [0.000434440822573, 0.00046663385001, -0.00189416366629, -0.00580818206072, 0.000467008998385, 0.00536527438089, -0.00187267677393, -0.00883620604873, 0.0356595627964, -0.0148544721305, 0.00322636659257, -0.00260554626584, 0.000670870940667], [-0.00048618868459, -0.00127219164278, 0.000880830688402, 0.000692920410074, -0.00504431221634, -0.000855477584992, 0.00370714790188, 0.00463230721653, -0.0148544721305, 0.0258361008018, -0.012286927551, 0.00464195059612, -0.00155307201203], [0.00122480862774, -0.00466133560985, 0.000692613422871, 0.00205994700082, 0.00366588868201, -0.00649674469605, -0.000711108732503, -0.00154107180424, 0.00322636659257, -0.012286927551, 0.0359399318695, -0.0128391887993, 0.00578229315579], [-0.000404489139328, 0.00176181411371, 0.00232477439567, 0.000639189966023, -0.00360514502972, 0.00293438206427, -0.00337113882415, -0.000150324674905, -0.00260554626584, 0.00464195059612, -0.0128391887993, 0.0283750798553, -0.0124454982579], [0.00156391749624, -0.00165610737167, -0.00182917516213, -0.00292078498751, 0.00298479851335, 0.00259926985018, 0.00228158710524, -0.00349766621366, 0.000670870940667, -0.00155307201203, 0.00578229315579, -0.0124454982579, 0.0322227962315]]
    }
}

}