{
"metadata": {
    "version": {
        "essentia": "2.0.1",
        "extractor": "archive-music 1.0 mod ismir14"
    },
    "audio_properties": {
        "analysis_sample_rate": 44100,
        "bitrate": 96,
        "channels": 2,
        "equal_loudness": 0,
        "length": 30.0669155121,
        "replay_gain": -8.41567611694,
        "downmix": "mix"
    },
    "tags": {
        "track": 7,
        "year": 0,
        "album": "The Cool Jazz Collection",
        "artist": "Astrud Gilberto",
        "comment": "",
        "genre": "Jazz",
        "title": "Girl From Ipanema"
    }
},
"rhythm": {
    "bpm": 130.002792358,
    "bpm_histogram_first_peak": 129,
    "bpm_histogram_first_peak_spread": 0.490909099579,
    "bpm_histogram_first_peak_weight": 0.444444447756,
    "bpm_histogram_second_peak": 136,
    "bpm_histogram_second_peak_spread": 0.199999988079,
    "bpm_histogram_second_peak_weight": 0.0634920671582
},
"tonal": {
    "tuning_frequency": {
        "dmean": 0.0918262153864,
        "dmean2": 0.165389627218,
        "dvar": 1.21222507954,
        "dvar2": 2.57553339005,
        "max": 456.570251465,
        "mean": 438.96005249,
        "median": 434.193115234,
        "min": 433.191070557,
        "var": 53.6266708374
    },
    "hpcp": {
        "dmean": [0.106134444475, 0.127659276128, 0.160992056131, 0.17849175632, 0.156364887953, 0.12492454052, 0.147853016853, 0.156598746777, 0.233402863145, 0.137716650963, 0.121938757598, 0.109870053828],
        "dmean2": [0.20530974865, 0.246335744858, 0.312119185925, 0.340683162212, 0.30119240284, 0.24182510376, 0.284495204687, 0.302836745977, 0.44781896472, 0.268281787634, 0.233464539051, 0.212053626776],
        "dvar": [0.0711713284254, 0.0852381661534, 0.107806161046, 0.105346016586, 0.100964166224, 0.0816655308008, 0.0921063050628, 0.101809069514, 0.136118784547, 0.0987162292004, 0.0774096101522, 0.0767124816775],
        "dvar2": [0.20034635067, 0.242128923535, 0.305199444294, 0.29337272048, 0.287417113781, 0.234557464719, 0.263150155544, 0.288664579391, 0.381233513355, 0.281863123178, 0.21229287982, 0.216861471534],
        "max": [1, 1, 1, 1, 1, 1, 1, 1, 1, 1, 1, 1],
        "mean": [0.0672937780619, 0.114075280726, 0.113947033882, 0.202489987016, 0.114024072886, 0.0964211896062, 0.135713741183, 0.11779294163, 0.202490121126, 0.0900889709592, 0.0961279422045, 0.0865795090795],
        "median": [0.000358143704943, 0.0017837980995, 0.000730152707547, 0.00330466101877, 0.00110283715185, 0.00108542083763, 0.00162666710094, 0.00108386017382, 0.00526377791539, 0.000340506492648, 0.00183711317368, 0.000600487634074],
        "min": [0, 0, 0, 0, 0, 0, 0, 0, 0, 0, 0, 0],
        "var": [0.0475535728037, 0.0815889909863, 0.0843257084489, 0.132340997458, 0.0806179270148, 0.069231711328, 0.0942351222038, 0.084195651114, 0.133051067591, 0.0704207569361, 0.0629109069705, 0.0654938593507]
    }
},
"lowlevel": {
    "melbands": {
        "dmean": [0.000790443853475, 0.00344905327074, 0.00357958558016, 0.00184287992306, 0.000996695365757, 0.000364660751075, 0.00012952311954, 0.00011977590475, 5.02014008816e-05, 2.69367974397e-05, 2.71374883596e-05, 2.75639140455e-05, 8.36883555166e-06, 6.11374025539e-06, 8.1411571955e-06, 4.64350250695e-06, 3.7216839246e-06, 1.66619179254e-06, 1.6241585854e-06, 1.59677983902e-06, 1.03665695406e-06, 1.2541166825e-06, 1.41273096688e-06, 1.59356341101e-06, 6.10546294411e-07, 3.73098686168e-07, 5.48653133592e-07, 8.3414670371e-07, 6.73021361308e-07, 8.61997989432e-07, 1.42043506912e-06, 2.16503167394e-06, 2.81416555481e-06, 1.66931170043e-06, 6.91596653724e-07, 3.21920367696e-07, 1.98873209456e-07, 8.00483590524e-08, 2.523649556e-08, 3.09421710476e-09],
        "dmean2": [0.00132983445656, 0.00595366954803, 0.00621008453891, 0.00311258179136, 0.00164159142878, 0.00061417138204, 0.000191857019672, 0.000169265709701, 6.84147016727e-05, 3.57278986485e-05, 3.59658006346e-05, 3.56917844329e-05, 1.18991611089e-05, 9.13061558094e-06, 1.13931728265e-05, 6.96028473612e-06, 5.17099488206e-06, 2.53691609942e-06, 2.22908738579e-06, 2.35191100728e-06, 1.57913586918e-06, 1.88178796634e-06, 2.01980810743e-06, 2.44086413659e-06, 9.11127017389e-07, 5.6842674212e-07, 8.03098600954e-07, 1.34404831442e-06, 1.01351884041e-06, 1.25402459616e-06, 2.24276664085e-06, 3.41013992511e-06, 4.59304601463e-06, 2.59974035544e-06, 1.09820632588e-06, 4.74851475474e-07, 2.86037220576e-07, 1.2078463385e-07, 3.67138781598e-08, 4.79415263044e-09],
        "dvar": [2.31957346841e-06, 3.05257854052e-05, 3.75163181161e-05, 9.35676052904e-06, 2.60146975961e-06, 3.86869601243e-07, 1.43032693245e-07, 1.36668774076e-07, 1.78685137797e-08, 9.72311742231e-09, 6.70155664295e-09, 1.78612786783e-08, 6.95135449202e-10, 3.04442193677e-10, 7.67683416836e-10, 5.24899568255e-10, 5.39900180119e-10, 4.98418945005e-11, 6.7055791475e-11, 7.83013792693e-11, 1.7742559158e-11, 1.64034306971e-11, 2.07511317157e-11, 5.35361026344e-11, 6.94083505948e-12, 1.23038330826e-12, 3.73310627202e-12, 1.31559650327e-11, 6.71975365976e-12, 2.12980310471e-11, 6.16538903264e-11, 1.57417454072e-10, 6.16020401356e-10, 1.56834212284e-10, 1.06661216318e-11, 1.15243600253e-12, 4.3011541594e-13, 9.46679122897e-14, 1.25700604168e-14, 3.52791340114e-16],
        "dvar2": [6.02576619713e-06, 9.19725716813e-05, 0.00012107539078, 2.58579748333e-05, 7.06456785338e-06, 1.06145398604e-06, 2.28029648497e-07, 2.04205761634e-07, 2.76088467643e-08, 1.21404513109e-08, 1.13341860342e-08, 1.9448810562e-08, 1.42544742676e-09, 6.21959816982e-10, 1.29231525481e-09, 1.05967024044e-09, 8.36232416646e-10, 9.91050297383e-11, 1.01062436197e-10, 1.61176863522e-10, 3.7724837143e-11, 3.27904092767e-11, 3.84291314048e-11, 1.46096329479e-10, 1.67897570846e-11, 2.88204985051e-12, 8.06092866068e-12, 3.33049213208e-11, 1.55983264499e-11, 4.60064868146e-11, 1.43260001084e-10, 3.64183211365e-10, 1.66137015256e-09, 3.46668305173e-10, 2.97829087781e-11, 2.48491852095e-12, 9.51226510754e-13, 2.37516576502e-13, 3.00893648376e-14, 9.36098779295e-16],
        "max": [0.0358865521848, 0.0804681330919, 0.0600866526365, 0.0814040079713, 0.0258405078202, 0.0111933797598, 0.00939020421356, 0.00886127538979, 0.00363454362378, 0.00424135988578, 0.00220933486708, 0.00981197226793, 0.000945614126977, 0.000645801308565, 0.00154439837206, 0.00082459411351, 0.00117210205644, 0.000266274291789, 0.000367224158254, 0.00027748226421, 0.000133726309286, 9.2811511422e-05, 9.26502834773e-05, 0.00018325522251, 0.000100795376056, 2.98696359096e-05, 5.73855031689e-05, 0.000114551701699, 7.20751268091e-05, 0.000149697298184, 0.000192425286514, 0.000280135980574, 0.000925500004087, 0.000615466502495, 8.91978634172e-05, 2.51406436291e-05, 1.35385998874e-05, 9.7336651379e-06, 3.68323253497e-06, 6.97439645592e-07],
        "mean": [0.00151286530308, 0.00616214284673, 0.00745516410097, 0.00366303324699, 0.00226998864673, 0.000810344470665, 0.000303987268126, 0.000300454790704, 0.000141440206789, 8.72816672199e-05, 8.50362557685e-05, 8.57978811837e-05, 2.23550196097e-05, 1.25661099446e-05, 1.98062734853e-05, 1.1868587535e-05, 8.22085075924e-06, 3.40505653185e-06, 3.30059742737e-06, 3.2799721339e-06, 1.76488481429e-06, 2.63300012193e-06, 3.09207075588e-06, 2.53200664702e-06, 1.09147390503e-06, 7.27704502879e-07, 9.97345068754e-07, 1.28822227907e-06, 1.11594829377e-06, 1.38625705404e-06, 2.38696043198e-06, 3.90850254917e-06, 4.1011508074e-06, 2.83292138192e-06, 1.30270632326e-06, 7.05981335614e-07, 4.23061578658e-07, 1.64394208468e-07, 5.27322541188e-08, 5.14399012275e-09],
        "median": [0.000350170477759, 0.00293180951849, 0.00316547229886, 0.00193943711929, 0.000762514420785, 0.000293453282211, 8.82899767021e-05, 5.16871441505e-05, 1.9064580556e-05, 6.88616455591e-06, 7.64965807321e-06, 7.98568089522e-06, 3.29191698256e-06, 3.40268888976e-06, 2.73546379503e-06, 1.06650236376e-06, 7.02261502283e-07, 4.67947728566e-07, 2.5582374974e-07, 2.16595125835e-07, 2.12390020238e-07, 3.56037645588e-07, 3.7275188447e-07, 2.37685128468e-07, 1.49976756347e-07, 1.23821166653e-07, 1.69972551589e-07, 1.74889976279e-07, 1.01753997228e-07, 1.23336974411e-07, 1.31064567199e-07, 9.00686174532e-08, 1.1766692154e-07, 9.02611176912e-08, 7.72733557142e-08, 6.2952999258e-08, 4.11098888264e-08, 1.59026889435e-08, 4.37385416774e-09, 2.80474921066e-10],
        "min": [1.14952337792e-23, 5.52980702943e-23, 3.78795229469e-23, 1.46041267181e-23, 1.04406900432e-23, 8.67339785744e-24, 1.21857063746e-23, 2.36602909308e-23, 3.78188658542e-23, 2.61482430522e-23, 4.38059477825e-23, 8.01450367962e-23, 4.35879255609e-23, 1.29786291246e-23, 1.15344725095e-23, 1.18646644409e-23, 3.16501281921e-23, 2.07772646463e-23, 2.64519576561e-23, 1.85546869112e-23, 2.18110084869e-23, 2.35257207267e-23, 2.62387522193e-23, 1.00154435281e-23, 1.25735435278e-23, 4.31673522579e-23, 4.63801018904e-23, 3.14649036515e-23, 4.49688581299e-23, 3.12621348445e-23, 1.43173820899e-23, 1.32880006502e-23, 1.85890386482e-23, 1.75421839393e-23, 1.9295621361e-23, 2.70108466748e-23, 1.53729742221e-23, 1.27240629217e-23, 1.38464131969e-23, 2.06844094069e-23],
        "var": [1.25158758237e-05, 5.77298233111e-05, 9.07014618861e-05, 3.06048750645e-05, 1.20495797091e-05, 1.71360534296e-06, 7.58314570248e-07, 7.25276777302e-07, 1.40099061241e-07, 1.00910845902e-07, 5.38242268533e-08, 2.52882955465e-07, 5.26280086177e-09, 1.04519615185e-09, 7.01994640195e-09, 2.28494245746e-09, 1.93920191016e-09, 1.16266211936e-10, 2.67452893166e-10, 2.7698887628e-10, 3.76640454935e-11, 4.40948666469e-11, 7.22546258936e-11, 8.42300743042e-11, 1.3587824442e-11, 3.90266898659e-12, 1.09056904132e-11, 3.12284573201e-11, 1.50030977225e-11, 4.59309673628e-11, 1.45882361746e-10, 4.26444379809e-10, 7.26300353193e-10, 4.02911148889e-10, 3.35403718688e-11, 5.04373062413e-12, 1.76296748467e-12, 3.44957677874e-13, 4.84758988593e-14, 7.158137265e-16]
    },
    "mfcc": {
        "dmean": [16.4395656586, 12.0569496155, 9.33334159851, 8.11800003052, 7.4769525528, 7.6108174324, 7.25824594498, 6.87206792831, 6.70676183701, 6.84232997894, 6.52606010437, 6.35209846497, 5.86353731155],
        "dmean2": [19.9623603821, 15.8773117065, 14.1994628906, 12.377450943, 11.8819189072, 11.9987869263, 11.5451993942, 11.3168478012, 11.0262212753, 11.1217327118, 10.749464035, 10.3882236481, 9.78007888794],
        "dvar": [433.878234863, 162.887084961, 83.1531295776, 48.1544570923, 36.0604629517, 42.0168609619, 34.1989021301, 31.217956543, 29.1411914825, 29.1195259094, 25.7677574158, 24.1313762665, 23.2057800293],
        "dvar2": [674.405151367, 225.522323608, 191.61831665, 106.61214447, 88.4463424683, 99.1079483032, 81.9286956787, 83.2550430298, 75.5629043579, 73.8793411255, 69.714515686, 66.3341217041, 61.6461715698],
        "max": [-556.357910156, 269.546417236, 124.700653076, 140.342254639, 43.2784156799, 88.0996704102, 36.4734268188, 58.3456497192, 27.4106178284, 38.9857177734, 23.644859314, 51.3254776001, 23.4190292358],
        "mean": [-747.055725098, 174.751693726, 48.0436592102, 46.0067062378, -5.64921188354, 19.4321899414, -9.33551311493, 11.424041748, -15.2130060196, -4.54538106918, -12.0595331192, 3.11156487465, -10.7778244019],
        "median": [-738.850463867, 184.668518066, 48.5354881287, 44.8560256958, -4.66040420532, 20.2199211121, -8.06975364685, 11.091424942, -15.1473999023, -3.56519317627, -11.3830413818, 2.71723556519, -10.5145568848],
        "min": [-1138.42004395, -34.203994751, -42.523891449, -31.4659042358, -57.8359527588, -43.3761901855, -66.350402832, -35.5168762207, -55.8108253479, -56.3898620605, -58.8320236206, -33.1965904236, -46.7565002441],
        "var": [5765.4453125, 2398.46264648, 743.426208496, 602.523132324, 259.90234375, 328.637939453, 255.38142395, 166.150039673, 139.794174194, 230.959671021, 171.390060425, 146.056091309, 109.785049438],
        "cov": [[5767.67138672, -227.989593506, -731.876525879, 65.0747680664, -358.318756104, -42.7305488586, -462.96005249, 230.038009644, -249.09602356, 274.101776123, -128.650390625, 102.758346558, -331.693756104], [-227.989593506, 2399.38891602, -289.595703125, -358.383361816, 152.237350464, -329.643157959, 109.963150024, 45.3189125061, -58.0470809937, -229.768829346, 23.5165290833, -39.0116844177, -55.5509529114], [-731.876525879, -289.595703125, 743.713195801, 162.490097046, -45.5232086182, 196.412338257, 49.6189231873, -56.3920555115, 27.9572658539, -94.588684082, 22.1064033508, -27.9138965607, 72.369178772], [65.0747680664, -358.383361816, 162.490097046, 602.755737305, 136.660888672, -79.1896209717, -78.0775527954, 40.0490875244, -12.3064718246, -84.8960189819, -12.0677185059, -40.0431632996, 43.032535553], [-358.318756104, 152.237350464, -45.5232086182, 136.660888672, 260.002716064, -31.7893695831, 6.6655049324, 3.27926826477, 21.6851177216, -35.1529273987, -3.74004387856, 10.2320489883, 16.459066391], [-42.7305488586, -329.643157959, 196.412338257, -79.1896209717, -31.7893695831, 328.764831543, 66.020149231, -18.7987480164, 42.8997268677, 61.8897628784, 38.9638404846, 12.0865478516, 24.5307712555], [-462.96005249, 109.963150024, 49.6189231873, -78.0775527954, 6.6655049324, 66.020149231, 255.480026245, 40.5656929016, 30.3156433105, 6.798848629, 36.3754692078, 11.9427289963, 31.4601268768], [230.038009644, 45.3189125061, -56.3920555115, 40.0490875244, 3.27926826477, -18.7987480164, 40.5656929016, 166.214187622, 33.8739585876, 0.376607358456, 23.6292419434, -11.1977519989, -9.29465293884], [-249.09602356, -58.0470809937, 27.9572658539, -12.3064718246, 21.6851177216, 42.8997268677, 30.3156433105, 33.8739585876, 139.848144531, 58.7163848877, 26.1740112305, -20.133184433, 25.6499843597], [274.101776123, -229.768829346, -94.588684082, -84.8960189819, -35.1529273987, 61.8897628784, 6.798848629, 0.376607358456, 58.7163848877, 231.048843384, 16.3391036987, 24.679523468, -20.160615921], [-128.650390625, 23.5165290833, 22.1064033508, -12.0677185059, -3.74004387856, 38.9638404846, 36.3754692078, 23.6292419434, 26.1740112305, 16.3391036987, 171.456237793, -5.73969459534, 28.2651004791], [102.758346558, -39.0116844177, -27.9138965607, -40.0431632996, 10.2320489883, 12.0865478516, 11.9427289963, -11.1977519989, -20.133184433, 24.679523468, -5.73969459534, 146.112487793, 5.59607172012], [-331.693756104, -55.5509529114, 72.369178772, 43.032535553, 16.459066391, 24.5307712555, 31.4601268768, -9.29465293884, 25.6499843597, -20.160615921, 28.2651004791, 5.59607172012, 109.827438354]],
        "icov": [[0.000501804926898, -0.000196974026039, 0.000481791823404, -0.0005880878889, 0.000926261534914, -0.000742118805647, 0.000840966298711, -0.000822327390779, 0.000783453229815, -0.000602080195677, 0.000229860612308, -0.000418529263698, 0.000713973713573], [-0.000196974026039, 0.000892070762347, -0.000261210720055, 0.00110800785478, -0.00114081520587, 0.00117964553647, -0.00061227241531, 9.59666795097e-05, -0.000169082486536, 0.0009670634754, -0.000381547928555, 0.000469437945867, -2.34197996178e-05], [0.000481791823404, -0.000261210720055, 0.00287689291872, -0.00167895806953, 0.00202660774812, -0.0023278282024, 0.00034462028998, 0.000407324929256, -0.000255428225501, 0.000780729867984, 0.000235886414885, -0.000438594404841, 0.00040170783177], [-0.0005880878889, 0.00110800785478, -0.00167895806953, 0.00437215622514, -0.00353152886964, 0.00263217254542, -0.000218301531277, -0.000666959909722, 0.000188804566278, 0.00116383749992, -0.00042131653754, 0.00146009458695, -0.00167144625448], [0.000926261534914, -0.00114081520587, 0.00202660774812, -0.00353152886964, 0.00766389258206, -0.00251593417488, 0.00108580442611, -0.000167087331647, -0.00062887306558, -0.000454404682387, 0.000725410645828, -0.00199937354773, 0.00133561866824], [-0.000742118805647, 0.00117964553647, -0.0023278282024, 0.00263217254542, -0.00251593417488, 0.00667642522603, -0.00202329014428, 0.000968223903328, -0.0011289769318, 0.00014685705537, -0.00115192506928, 0.000791534606833, -0.00104799552355], [0.000840966298711, -0.00061227241531, 0.00034462028998, -0.000218301531277, 0.00108580442611, -0.00202329014428, 0.00648081954569, -0.00303272064775, 0.00136764580384, -0.0012963732006, 0.000107468367787, -0.000997749622911, -0.000269502023002], [-0.000822327390779, 9.59666795097e-05, 0.000407324929256, -0.000666959909722, -0.000167087331647, 0.000968223903328, -0.00303272064775, 0.00934554450214, -0.00406196992844, 0.00190998357721, -0.0012480217265, 0.000439438677859, 0.000624414242338], [0.000783453229815, -0.000169082486536, -0.000255428225501, 0.000188804566278, -0.00062887306558, -0.0011289769318, 0.00136764580384, -0.00406196992844, 0.0120247295126, -0.00434052059427, 8.44464011607e-05, 0.00158046884462, -0.00172155804466], [-0.000602080195677, 0.0009670634754, 0.000780729867984, 0.00116383749992, -0.000454404682387, 0.00014685705537, -0.0012963732006, 0.00190998357721, -0.00434052059427, 0.00799946300685, -0.000922476698179, -0.000602762331255, 0.00101887143683], [0.000229860612308, -0.000381547928555, 0.000235886414885, -0.00042131653754, 0.000725410645828, -0.00115192506928, 0.000107468367787, -0.0012480217265, 8.44464011607e-05, -0.000922476698179, 0.00673340726644, 9.18428850127e-05, -0.00140359834768], [-0.000418529263698, 0.000469437945867, -0.000438594404841, 0.00146009458695, -0.00199937354773, 0.000791534606833, -0.000997749622911, 0.000439438677859, 0.00158046884462, -0.000602762331255, 9.18428850127e-05, 0.00816133711487, -0.00178307434544], [0.000713973713573, -2.34197996178e-05, 0.00040170783177, -0.00167144625448, 0.00133561866824, -0.00104799552355, -0.000269502023002, 0.000624414242338, -0.00172155804466, 0.00101887143683, -0.00140359834768, -0.00178307434544, 0.0128449900076]]
    }
}

}