{
"metadata": {
    "version": {
        "essentia": "2.0.1",
        "extractor": "archive-music 1.0 mod ismir14"
    },
    "audio_properties": {
        "analysis_sample_rate": 44100,
        "bitrate": 96,
        "channels": 2,
        "equal_loudness": 0,
        "length": 30.0669155121,
        "replay_gain": -11.7147388458,
        "downmix": "mix"
    },
    "tags": {
        "track": 6,
        "year": 0,
        "album": "Swing Classics (Jazz & Tzaz 70)",
        "artist": "Benny Carter",
        "comment": "",
        "genre": "Jazz",
        "title": "Babalu"
    }
},
"rhythm": {
    "bpm": 92.6367721558,
    "bpm_histogram_first_peak": 94,
    "bpm_histogram_first_peak_spread": 0.555555582047,
    "bpm_histogram_first_peak_weight": 0.355555564165,
    "bpm_histogram_second_peak": 89,
    "bpm_histogram_second_peak_spread": 0,
    "bpm_histogram_second_peak_weight": 0.177777782083
},
"tonal": {
    "tuning_frequency": {
        "dmean": 0.0745771229267,
        "dmean2": 0.143521472812,
        "dvar": 0.942356705666,
        "dvar2": 2.09315752983,
        "max": 456.570251465,
        "mean": 438.0965271,
        "median": 437.213165283,
        "min": 433.441375732,
        "var": 7.93435382843
    },
    "hpcp": {
        "dmean": [0.147937893867, 0.144265621901, 0.149232342839, 0.204224228859, 0.146732166409, 0.126190021634, 0.148875251412, 0.124931409955, 0.194735601544, 0.136318385601, 0.18273511529, 0.184748321772],
        "dmean2": [0.273008167744, 0.26084920764, 0.280569374561, 0.368730545044, 0.272384881973, 0.237379461527, 0.25892663002, 0.232853651047, 0.350855439901, 0.255568623543, 0.330762535334, 0.332132488489],
        "dvar": [0.0668741390109, 0.0597166866064, 0.078752219677, 0.0867092907429, 0.0691107437015, 0.0594106540084, 0.0542608648539, 0.0571198686957, 0.0738941133022, 0.0619744621217, 0.072998598218, 0.0687933638692],
        "dvar2": [0.188848897815, 0.162825092673, 0.22691051662, 0.235500365496, 0.186975538731, 0.170126050711, 0.145175367594, 0.15524610877, 0.197534576058, 0.176485046744, 0.194570064545, 0.180924609303],
        "max": [1, 1, 1, 1, 1, 1, 1, 1, 1, 1, 1, 1],
        "mean": [0.113621197641, 0.152535244823, 0.106932878494, 0.401961475611, 0.167675182223, 0.102754183114, 0.2369235605, 0.100625194609, 0.288735449314, 0.100172273815, 0.195075139403, 0.227778285742],
        "median": [0.0129665574059, 0.0193908754736, 0.00399925978854, 0.198021709919, 0.0123362597078, 0.0121695064008, 0.0615146271884, 0.00774761615321, 0.1020790115, 0.00847479794174, 0.0633919835091, 0.0583132430911],
        "min": [0, 0, 0, 0, 0, 0, 0, 0, 0, 0, 0, 0],
        "var": [0.0557148382068, 0.0694006681442, 0.063140206039, 0.176059052348, 0.0977820828557, 0.0501014590263, 0.113026946783, 0.0506269820035, 0.129672497511, 0.0475420542061, 0.0814915895462, 0.103006377816]
    }
},
"lowlevel": {
    "melbands": {
        "dmean": [2.85770383925e-05, 0.000127289851662, 0.000141583383083, 0.000269447657047, 0.000319534476148, 0.000351800379576, 0.000270112184808, 0.000360402511433, 0.000258704152657, 0.000159892006195, 0.000120068456454, 0.000102650359622, 9.50720568653e-05, 8.06645693956e-05, 0.000147685335833, 0.000133045032271, 7.41020558053e-05, 3.8264766772e-05, 3.95341703552e-05, 4.41824704467e-05, 1.49885008796e-05, 2.24526993406e-05, 1.05605195131e-05, 6.98291478329e-06, 9.01037128642e-06, 3.10859536512e-06, 1.8500055603e-06, 2.22879566536e-06, 1.77806828106e-06, 1.70042585523e-06, 8.22581398552e-07, 3.97905381533e-07, 2.62512656946e-07, 1.08198037196e-07, 4.47820163174e-08, 3.65230725663e-08, 7.46411199515e-09, 7.7909029228e-10, 1.01416777754e-10, 2.34314252029e-11],
        "dmean2": [4.38987044618e-05, 0.000206506912946, 0.00024848114117, 0.000489608617499, 0.000583803514019, 0.000599372491706, 0.000418576324591, 0.000502283743117, 0.00035446183756, 0.000216126645682, 0.000187446275959, 0.000159463903401, 0.000145177225932, 0.000128020066768, 0.000226152129471, 0.000214955871343, 0.000111953937449, 5.4433796322e-05, 5.92992328166e-05, 6.59882134642e-05, 2.29996712733e-05, 3.58001780114e-05, 1.7062513507e-05, 1.06034831333e-05, 1.33293187901e-05, 4.71574458061e-06, 2.90247749035e-06, 3.42971247846e-06, 2.71439785138e-06, 2.41033899329e-06, 1.18579555419e-06, 5.88746331687e-07, 3.86434521715e-07, 1.58569307018e-07, 6.64930723815e-08, 5.43338707359e-08, 1.11816413906e-08, 1.18463849841e-09, 1.59995725002e-10, 4.27935187286e-11],
        "dvar": [1.39394851217e-09, 2.71454734246e-08, 5.99454494932e-08, 1.8069145824e-07, 2.26473019893e-07, 2.82364425175e-07, 1.4715962493e-07, 5.38787503501e-07, 2.16312528778e-07, 8.00081068064e-08, 8.4966863767e-08, 7.13010734898e-08, 5.54688384113e-08, 3.40032038082e-08, 9.27302181708e-08, 1.29505366431e-07, 4.02412290157e-08, 8.40336245034e-09, 1.25462831235e-08, 1.22740262398e-08, 7.33817895338e-10, 4.315886315e-09, 6.02897565205e-10, 2.02975927732e-10, 4.78796835512e-10, 6.54651610699e-11, 1.9389280112e-11, 5.12907563643e-11, 2.02840192559e-11, 1.63630255179e-11, 4.42841987039e-12, 1.29558841953e-12, 7.03468858686e-13, 1.29031605279e-13, 1.63371615227e-14, 1.1604805387e-14, 2.86560801647e-16, 5.29683368169e-18, 8.28103306677e-20, 2.36948006924e-21],
        "dvar2": [2.88089796463e-09, 7.04589098177e-08, 1.7739642999e-07, 5.45525381312e-07, 7.15244198091e-07, 8.08178469924e-07, 3.62379296348e-07, 1.15609873319e-06, 4.53236850717e-07, 1.54220458626e-07, 2.27457505275e-07, 1.94496749373e-07, 1.4499835288e-07, 9.51294509832e-08, 2.18141849473e-07, 3.33378011419e-07, 1.03547918684e-07, 1.64795661561e-08, 2.87652266451e-08, 2.71742788271e-08, 1.67977542986e-09, 1.16250262749e-08, 1.68344804763e-09, 4.66034211222e-10, 1.02311914496e-09, 1.47944739792e-10, 4.43234997316e-11, 1.18867637955e-10, 4.56589939468e-11, 3.44514174133e-11, 9.27190442479e-12, 2.69506444071e-12, 1.52552417313e-12, 2.74926809834e-13, 3.46355871772e-14, 2.64624493786e-14, 6.2364918324e-16, 1.18706712746e-17, 1.82434438529e-19, 7.08284143153e-21],
        "max": [0.000489663681947, 0.00242817727849, 0.00607295148075, 0.00947753805667, 0.00644479226321, 0.00840280484408, 0.00628061685711, 0.0179575160146, 0.00838381145149, 0.00558364996687, 0.0064460253343, 0.00569865154102, 0.00497004762292, 0.0036782133393, 0.00539311114699, 0.00557906553149, 0.00459657842293, 0.00231378199533, 0.00194814789575, 0.00246452516876, 0.000549484102521, 0.0014551676577, 0.000490267586429, 0.000298182392726, 0.000391923764255, 0.000198812776944, 8.65945548867e-05, 0.000130722226459, 8.12632351881e-05, 6.93945257808e-05, 5.05033058289e-05, 2.56655694102e-05, 2.29833713092e-05, 8.44403075462e-06, 2.69358156402e-06, 2.33789000958e-06, 2.82832388621e-07, 5.25848520283e-08, 5.61770452379e-09, 8.00662924849e-10],
        "mean": [4.04307393183e-05, 0.00018056940462, 0.000179782262421, 0.000332062627422, 0.000424017052865, 0.000575065903831, 0.000620514736511, 0.00125634577125, 0.000792171747889, 0.000442133314209, 0.000301992549794, 0.000249877979513, 0.000194671709323, 0.00014878611546, 0.00030099626747, 0.000244368042331, 0.00017970900808, 9.34284835239e-05, 7.37770751584e-05, 9.88161482383e-05, 3.13577475026e-05, 4.0858041757e-05, 2.22517173825e-05, 1.70982402778e-05, 2.42759288085e-05, 8.03004968475e-06, 4.09715994465e-06, 4.50461266155e-06, 4.65142784378e-06, 5.01227714267e-06, 2.33442824538e-06, 1.1208056776e-06, 7.13233134775e-07, 2.8410113373e-07, 1.20083399224e-07, 9.77040741645e-08, 2.04423873384e-08, 1.71978131736e-09, 1.92468332938e-10, 2.44477077471e-11],
        "median": [2.03258714464e-05, 0.000104843398731, 9.71686895355e-05, 0.000164986020536, 0.000235141444136, 0.000292985117994, 0.000235097759287, 0.000266783375992, 0.000201854665647, 0.000103895297798, 7.03245968907e-05, 4.46610356448e-05, 4.74967564514e-05, 5.45919247088e-05, 6.19187267148e-05, 5.07637196279e-05, 2.49629174505e-05, 2.14251431316e-05, 1.07057230707e-05, 1.94524345716e-05, 9.77271065494e-06, 9.67768210103e-06, 7.34204104447e-06, 5.66739981878e-06, 3.96444693251e-06, 2.10427515412e-06, 1.08682741029e-06, 5.77406296998e-07, 1.074377451e-06, 8.24918572562e-07, 3.18159464996e-07, 1.61313550961e-07, 6.21836449e-08, 2.14633377738e-08, 1.09821032268e-08, 8.62664251144e-09, 2.77484901723e-09, 2.17651646706e-10, 4.1691958913e-11, 6.47619674901e-12],
        "min": [6.10743449229e-24, 3.33166473415e-23, 2.81275581722e-23, 9.02615199957e-24, 3.18761573518e-24, 1.62401305583e-24, 4.47479297448e-24, 2.52346884814e-23, 6.59672310217e-23, 3.13882737032e-23, 8.05406237189e-24, 7.52092019543e-24, 2.35516379629e-23, 1.43436464249e-23, 6.81984925376e-24, 9.73274181212e-24, 8.55582523926e-24, 3.58454419473e-23, 1.38226148411e-23, 7.89284286869e-24, 1.28502696225e-23, 1.42812143952e-23, 6.28370703928e-24, 1.21251171239e-23, 1.11854370577e-23, 2.20358070236e-23, 2.17930540127e-23, 1.11490114054e-23, 9.49700808553e-24, 2.47432675805e-23, 2.78309590937e-23, 1.5768061007e-23, 3.3995288601e-23, 2.63180942714e-23, 1.74111904306e-23, 9.24871174903e-24, 1.02540487084e-23, 1.24734607447e-23, 1.124942551e-23, 1.97530565564e-23],
        "var": [2.83612155982e-09, 4.93636562737e-08, 6.62641923554e-08, 2.22574215059e-07, 3.01268443081e-07, 5.81368567509e-07, 7.58754651997e-07, 5.10128984388e-06, 1.72916270458e-06, 5.12872077252e-07, 2.77638548596e-07, 2.04783944469e-07, 1.46974656445e-07, 7.74839463702e-08, 3.28689310436e-07, 3.32966749284e-07, 1.57740700502e-07, 4.59812170561e-08, 3.05753822261e-08, 5.44723128826e-08, 2.74811062795e-09, 8.54037374154e-09, 1.52396861797e-09, 8.61001214769e-10, 2.29418350983e-09, 3.50495438228e-10, 6.78276115829e-11, 1.60166116481e-10, 8.34039642905e-11, 8.9168596118e-11, 2.48885651671e-11, 7.76788269125e-12, 4.39936325217e-12, 7.15468970961e-13, 9.44609990813e-14, 6.05698420564e-14, 1.66226298371e-15, 1.99100404752e-17, 2.26649504092e-19, 2.40246692539e-21]
    },
    "mfcc": {
        "dmean": [15.866891861, 9.54664325714, 9.71619415283, 8.04410743713, 7.67382574081, 6.88490152359, 6.74916124344, 6.77666807175, 6.70083045959, 6.55329370499, 6.25405883789, 6.08426475525, 5.9668841362],
        "dmean2": [17.6040096283, 14.4235906601, 14.0126447678, 12.6068925858, 11.4925794601, 10.8041276932, 10.6561584473, 11.1061668396, 11.0551519394, 10.8134908676, 10.3646945953, 10.0825939178, 9.84296321869],
        "dvar": [481.409942627, 87.4096298218, 98.7542800903, 43.4550895691, 41.2230529785, 29.297700882, 29.3155879974, 28.8102378845, 28.3338375092, 25.4390296936, 23.4267311096, 21.599439621, 21.4317188263],
        "dvar2": [450.053070068, 157.140716553, 153.730300903, 103.284210205, 83.8802947998, 74.5377578735, 74.0883255005, 75.4540939331, 77.6169891357, 68.4400939941, 64.8884429932, 57.9872550964, 58.5580406189],
        "max": [-535.974304199, 254.381347656, 81.7949829102, 89.5424957275, 44.9458351135, 59.3913955688, 29.1580429077, 29.9670238495, 29.0910224915, 27.8773880005, 33.9550285339, 39.5063476562, 35.5039787292],
        "mean": [-714.419677734, 187.150863647, -52.7003326416, 24.4912700653, -23.9855690002, 3.00842022896, -15.6537714005, -6.45074272156, -6.38790225983, -4.31801509857, 0.156212210655, 3.75019907951, -6.01631259918],
        "median": [-676.389343262, 193.95980835, -68.1853942871, 23.3212356567, -26.1523323059, 1.79727935791, -15.8649215698, -6.29607391357, -6.58473587036, -4.07768249512, 0.5319480896, 2.31939315796, -6.06435012817],
        "min": [-1138.42004395, 1.14440917969e-05, -137.170928955, -32.7645339966, -82.0090332031, -35.7842979431, -63.9737625122, -36.9794998169, -36.8819084167, -38.4789199829, -33.8021697998, -26.1090927124, -30.4674415588],
        "var": [12575.2382812, 1013.96392822, 1857.77209473, 367.772613525, 570.661071777, 188.319351196, 224.199203491, 104.500762939, 107.865486145, 104.131080627, 83.5630340576, 122.798667908, 66.7197494507],
        "cov": [[12580.09375, -140.974655151, -4479.40527344, 459.926116943, -2187.56933594, 237.797058105, -1202.03161621, 157.083389282, -462.010955811, 26.0781345367, -124.555091858, 421.174133301, -235.648864746], [-140.974655151, 1014.35540771, 141.00479126, -307.532226562, 63.721031189, -248.486251831, 98.9822769165, -96.9152755737, 73.7731399536, -132.435653687, 23.5082569122, 1.85628426075, 20.3330726624], [-4479.40527344, 141.00479126, 1858.48937988, -97.9609222412, 797.383911133, -28.9302368164, 419.714874268, -16.5431594849, 161.422821045, 15.1832275391, 32.892665863, -159.182800293, 77.4916152954], [459.926116943, -307.532226562, -97.9609222412, 367.914611816, 26.4363651276, 122.57559967, -48.9004745483, 15.1783304214, -40.1321144104, 22.5744991302, -20.1482048035, -43.3233299255, -18.0362854004], [-2187.56933594, 63.721031189, 797.383911133, 26.4363651276, 570.881408691, 15.9573612213, 230.285552979, -18.0334949493, 50.7194252014, -0.926048398018, 12.6141328812, -112.545066833, 32.047744751], [237.797058105, -248.486251831, -28.9302368164, 122.57559967, 15.9573612213, 188.392059326, 4.72901153564, 59.2461204529, -25.170759201, 46.5282325745, -4.56131458282, -12.4525356293, -6.81340360641], [-1202.03161621, 98.9822769165, 419.714874268, -48.9004745483, 230.285552979, 4.72901153564, 224.285766602, 11.7961549759, 59.7514305115, -13.4946289062, 10.3631687164, -40.9823722839, 24.8145465851], [157.083389282, -96.9152755737, -16.5431594849, 15.1783304214, -18.0334949493, 59.2461204529, 11.7961549759, 104.541107178, 13.8619451523, 38.4073257446, 3.34288167953, 15.2824954987, 2.98917078972], [-462.010955811, 73.7731399536, 161.422821045, -40.1321144104, 50.7194252014, -25.170759201, 59.7514305115, 13.8619451523, 107.90712738, 19.0205345154, 28.1711292267, 8.03789424896, 17.5248298645], [26.0781345367, -132.435653687, 15.1832275391, 22.5744991302, -0.926048398018, 46.5282325745, -13.4946289062, 38.4073257446, 19.0205345154, 104.171287537, 32.1551055908, 17.5023269653, 1.34996473789], [-124.555091858, 23.5082569122, 32.892665863, -20.1482048035, 12.6141328812, -4.56131458282, 10.3631687164, 3.34288167953, 28.1711292267, 32.1551055908, 83.5952987671, 38.1127357483, 12.7811231613], [421.174133301, 1.85628426075, -159.182800293, -43.3233299255, -112.545066833, -12.4525356293, -40.9823722839, 15.2824954987, 8.03789424896, 17.5023269653, 38.1127357483, 122.846076965, 9.78742599487], [-235.648864746, 20.3330726624, 77.4916152954, -18.0362854004, 32.047744751, -6.81340360641, 24.8145465851, 2.98917078972, 17.5248298645, 1.34996473789, 12.7811231613, 9.78742599487, 66.745513916]],
        "icov": [[0.0180827602744, -0.0239024311304, 0.025052446872, -0.0223202817142, 0.0240165218711, -0.0247608814389, 0.0225425064564, -0.0214312300086, 0.0197703205049, -0.0183117818087, 0.015932675451, -0.0116587718949, 0.00836432725191], [-0.0239024311304, 0.0336261242628, -0.0328369103372, 0.0305563751608, -0.0320878811181, 0.0341198891401, -0.0302368532866, 0.0287084635347, -0.0270116161555, 0.0260599590838, -0.0219309348613, 0.0158014073968, -0.010958599858], [0.025052446872, -0.0328369103372, 0.0364246852696, -0.0304043386132, 0.0314104892313, -0.0339471958578, 0.0303112436086, -0.0294727180153, 0.0263366661966, -0.025669420138, 0.0221572127193, -0.0156299900264, 0.011104346253], [-0.0223202817142, 0.0305563751608, -0.0304043386132, 0.0321666970849, -0.0308115873486, 0.0286268815398, -0.026568794623, 0.0271199960262, -0.0251043736935, 0.0236305762082, -0.0199641883373, 0.015720685944, -0.0101091582328], [0.0240165218711, -0.0320878811181, 0.0314104892313, -0.0308115873486, 0.0377164036036, -0.0331012643874, 0.0273151062429, -0.0276762507856, 0.0277291443199, -0.0249531064183, 0.0200583860278, -0.0136043075472, 0.0107469987124], [-0.0247608814389, 0.0341198891401, -0.0339471958578, 0.0286268815398, -0.0331012643874, 0.0444693043828, -0.033013086766, 0.0254766140133, -0.0246774926782, 0.0232078898698, -0.0221778154373, 0.0165697708726, -0.0112728169188], [0.0225425064564, -0.0302368532866, 0.0303112436086, -0.026568794623, 0.0273151062429, -0.033013086766, 0.03873546049, -0.0285698249936, 0.0214986465871, -0.0199073273689, 0.0195443406701, -0.0141915269196, 0.00991747062653], [-0.0214312300086, 0.0287084635347, -0.0294727180153, 0.0271199960262, -0.0276762507856, 0.0254766140133, -0.0285698249936, 0.0394911877811, -0.025591833517, 0.0183179527521, -0.0167876090854, 0.0122977625579, -0.0103607513011], [0.0197703205049, -0.0270116161555, 0.0263366661966, -0.0251043736935, 0.0277291443199, -0.0246774926782, 0.0214986465871, -0.025591833517, 0.0360983759165, -0.0233268514276, 0.0150622958317, -0.0131935616955, 0.00803256221116], [-0.0183117818087, 0.0260599590838, -0.025669420138, 0.0236305762082, -0.0249531064183, 0.0232078898698, -0.0199073273689, 0.0183179527521, -0.0233268514276, 0.0351537130773, -0.0220124013722, 0.0119833610952, -0.00759909907356], [0.015932675451, -0.0219309348613, 0.0221572127193, -0.0199641883373, 0.0200583860278, -0.0221778154373, 0.0195443406701, -0.0167876090854, 0.0150622958317, -0.0220124013722, 0.0321994423866, -0.0162115190178, 0.00610532052815], [-0.0116587718949, 0.0158014073968, -0.0156299900264, 0.015720685944, -0.0136043075472, 0.0165697708726, -0.0141915269196, 0.0122977625579, -0.0131935616955, 0.0119833610952, -0.0162115190178, 0.0208886228502, -0.00736915599555], [0.00836432725191, -0.010958599858, 0.011104346253, -0.0101091582328, 0.0107469987124, -0.0112728169188, 0.00991747062653, -0.0103607513011, 0.00803256221116, -0.00759909907356, 0.00610532052815, -0.00736915599555, 0.0206496510655]]
    }
}

}