{
"metadata": {
    "version": {
        "essentia": "2.0.1",
        "extractor": "archive-music 1.0 mod ismir14"
    },
    "audio_properties": {
        "analysis_sample_rate": 44100,
        "bitrate": 32,
        "channels": 2,
        "equal_loudness": 0,
        "length": 30.0408172607,
        "replay_gain": -13.6177768707,
        "downmix": "mix"
    },
    "tags": {
        "track": 0,
        "year": 0,
        "album": "",
        "artist": "",
        "comment": "",
        "genre": "",
        "title": ""
    }
},
"rhythm": {
    "bpm": 86.5640029907,
    "bpm_histogram_first_peak": 86,
    "bpm_histogram_first_peak_spread": 0.619047641754,
    "bpm_histogram_first_peak_weight": 0.380952388048,
    "bpm_histogram_second_peak": 0,
    "bpm_histogram_second_peak_spread": 0,
    "bpm_histogram_second_peak_weight": 0
},
"tonal": {
    "tuning_frequency": {
        "dmean": 0.153875499964,
        "dmean2": 0.305131047964,
        "dvar": 2.20428514481,
        "dvar2": 4.35021734238,
        "max": 456.306610107,
        "mean": 442.951629639,
        "median": 441.017791748,
        "min": 431.193908691,
        "var": 51.1983337402
    },
    "hpcp": {
        "dmean": [0.143358260393, 0.166308611631, 0.168018177152, 0.173329979181, 0.115298986435, 0.183233067393, 0.272596955299, 0.246854737401, 0.229649826884, 0.246890410781, 0.258902937174, 0.204509854317],
        "dmean2": [0.260700553656, 0.310950726271, 0.311163008213, 0.319504320621, 0.215537980199, 0.337813436985, 0.504971027374, 0.453486531973, 0.427876353264, 0.463116884232, 0.471504807472, 0.383743345737],
        "dvar": [0.0572641827166, 0.0848552882671, 0.0819124206901, 0.0809632614255, 0.0554992817342, 0.0740550756454, 0.105564132333, 0.099653288722, 0.100075051188, 0.10874338448, 0.0927007198334, 0.0938387364149],
        "dvar2": [0.152881607413, 0.227381691337, 0.225916668773, 0.217887252569, 0.155965134501, 0.201038569212, 0.295002639294, 0.261470943689, 0.269812881947, 0.298035621643, 0.258101671934, 0.26230430603],
        "max": [1, 1, 1, 1, 1, 1, 1, 1, 1, 1, 1, 1],
        "mean": [0.13491627574, 0.137986376882, 0.137953728437, 0.165183350444, 0.0830715671182, 0.200893759727, 0.272842943668, 0.243278771639, 0.190372794867, 0.187723472714, 0.317717939615, 0.152603924274],
        "median": [0.033287640661, 0.0126537531614, 0.0226545967162, 0.0241241659969, 0.0133585445583, 0.0465237982571, 0.0775162279606, 0.0622071325779, 0.0316231027246, 0.0347227267921, 0.141396030784, 0.0265255924314],
        "min": [0, 0, 0, 0, 0, 0, 0, 0, 0, 0, 0, 0],
        "var": [0.0583559572697, 0.0757139697671, 0.0714355930686, 0.087221480906, 0.03922662884, 0.0981956273317, 0.12654300034, 0.116804525256, 0.0955166369677, 0.0944088548422, 0.129336923361, 0.0766811221838]
    }
},
"lowlevel": {
    "melbands": {
        "dmean": [0.000203669071198, 0.000773943203967, 0.000915421696845, 0.000468374870252, 0.00027492310619, 0.000434490444604, 0.000531461613718, 0.000376233889256, 0.000419233751018, 0.000255946360994, 0.00012509568478, 7.68497193349e-05, 6.2196617364e-05, 4.28568819189e-05, 6.08472510066e-05, 3.86372557841e-05, 4.13278066844e-05, 3.4639135265e-05, 2.77999188256e-05, 2.45291139436e-05, 2.15676136577e-05, 2.07302728086e-05, 2.69234769803e-05, 2.74465455732e-05, 2.09921126952e-05, 1.63105924003e-05, 1.33682287924e-05, 8.25415736472e-06, 4.48128594144e-06, 3.48750427293e-06, 2.61188893091e-06, 1.62523292602e-06, 8.67335018029e-07, 6.81628989696e-07, 6.55687244944e-07, 5.63781838991e-07, 5.26457142769e-07, 4.17727676449e-07, 2.13860957388e-07, 1.15694092528e-07],
        "dmean2": [0.000348381145159, 0.00131981156301, 0.00157866207883, 0.000803282251582, 0.000466120080091, 0.000732006679755, 0.000943268125411, 0.0006005668547, 0.000699850206729, 0.000427347549703, 0.000190135513549, 0.000110837288958, 9.62652993621e-05, 6.69394939905e-05, 9.32164839469e-05, 6.12560252193e-05, 6.72432652209e-05, 5.67000170122e-05, 4.62545613118e-05, 4.11536821048e-05, 3.5141583794e-05, 3.38200843544e-05, 4.3599451601e-05, 4.45788064098e-05, 3.26815716107e-05, 2.63430247287e-05, 2.08728815778e-05, 1.33744642881e-05, 7.486659797e-06, 5.56866280021e-06, 4.2223600758e-06, 2.57233136836e-06, 1.39587905323e-06, 1.13371572752e-06, 1.05616879864e-06, 9.02292185856e-07, 8.41128837692e-07, 6.73576664667e-07, 3.45204256291e-07, 1.83901306627e-07],
        "dvar": [8.02555888413e-08, 1.11388328605e-06, 1.37067638661e-06, 4.84348618102e-07, 1.77632273335e-07, 3.09901167839e-07, 8.1565048049e-07, 8.3104555415e-07, 5.61181366265e-07, 2.48295663141e-07, 6.33765964153e-08, 4.56101254542e-08, 4.50805046626e-08, 1.52278314403e-08, 6.00601381961e-08, 9.4937586681e-09, 2.00788683458e-08, 9.01071572912e-09, 6.19349593833e-09, 7.57212248459e-09, 3.20926307751e-09, 3.12414627501e-09, 4.35904556895e-09, 4.95939023182e-09, 2.70840438965e-09, 1.24499099918e-09, 1.42168110617e-09, 6.60934085239e-10, 8.36235455881e-11, 5.81741148309e-11, 4.07353491216e-11, 1.10619907331e-11, 2.86239131356e-12, 1.26193489252e-12, 1.64174956182e-12, 9.56067473454e-13, 7.88467002192e-13, 1.04188879746e-12, 2.46714541158e-13, 4.56612185399e-14],
        "dvar2": [2.28367639465e-07, 2.93902257908e-06, 3.75044851353e-06, 1.38637165037e-06, 4.79687741972e-07, 8.30068529467e-07, 2.3065804271e-06, 1.99972441806e-06, 1.57635827236e-06, 6.91545153586e-07, 1.5063653791e-07, 7.98267691948e-08, 1.03530695128e-07, 3.57508014304e-08, 1.53514093881e-07, 2.24692602302e-08, 5.08647417519e-08, 2.31249988047e-08, 1.65566262922e-08, 2.03132763943e-08, 8.35093505458e-09, 8.42478975471e-09, 1.18884946332e-08, 1.27787602722e-08, 6.34268371158e-09, 3.08215164502e-09, 3.21477400256e-09, 1.64429403426e-09, 2.14369341722e-10, 1.19687634803e-10, 9.61498936025e-11, 2.34718772196e-11, 6.99900163867e-12, 3.35130729591e-12, 4.27848641932e-12, 2.48081611677e-12, 1.9902252589e-12, 2.80687235607e-12, 6.75070513812e-13, 1.20729340696e-13],
        "max": [0.0044789579697, 0.0130727943033, 0.0137459728867, 0.00994051247835, 0.00609875563532, 0.00698884529993, 0.00970346480608, 0.011394389905, 0.0169601943344, 0.0132517116144, 0.00474213110283, 0.00639727152884, 0.00666246889159, 0.0032284562476, 0.0090309176594, 0.00287930457853, 0.00439181737602, 0.00175670580938, 0.00115525419824, 0.00183433294296, 0.000817619205918, 0.00137095549144, 0.0013151250314, 0.00144367362373, 0.00107570842374, 0.00077327946201, 0.000801098940428, 0.000600542989559, 0.000159708913998, 0.000241659989115, 0.000192123945453, 0.000120636825159, 3.513712727e-05, 2.5530331186e-05, 2.54345613939e-05, 1.69694048964e-05, 1.56192018039e-05, 2.57557476289e-05, 8.28897464089e-06, 3.75936474484e-06],
        "mean": [0.000247033662163, 0.00103315652814, 0.00122157705482, 0.000693676585797, 0.000364838546375, 0.000634335854556, 0.000635780277662, 0.000491388957016, 0.00075237400597, 0.000432645145338, 0.000271357508609, 0.000151408763486, 0.000108232896309, 7.512227603e-05, 0.000113554284326, 6.98720905348e-05, 7.11560060154e-05, 5.88314178458e-05, 4.16221882915e-05, 3.71405039914e-05, 3.47739369317e-05, 3.56537420885e-05, 5.38795138709e-05, 6.11652285443e-05, 3.98064403271e-05, 3.31392220687e-05, 2.79407195194e-05, 1.58307520906e-05, 8.36539766169e-06, 6.91869945513e-06, 5.5131240515e-06, 3.52084293809e-06, 1.83034046586e-06, 1.4485825659e-06, 1.44756961618e-06, 1.1938100215e-06, 1.07671689875e-06, 7.82220411111e-07, 4.21026498998e-07, 2.22437108732e-07],
        "median": [0.000120619180962, 0.000533937709406, 0.000693648180459, 0.000367125787307, 0.000197831017431, 0.000365466898074, 0.000278446939774, 0.000154766603373, 0.000260790169705, 0.000148407038068, 0.000117929936096, 4.78862166347e-05, 2.12391423702e-05, 2.11078113352e-05, 3.80837700504e-05, 1.8588903913e-05, 1.60373983817e-05, 1.19756905406e-05, 1.04267292045e-05, 7.13790859663e-06, 7.42016254662e-06, 6.92495495969e-06, 6.27230474493e-06, 5.62346940569e-06, 7.69963571656e-06, 8.36842536955e-06, 3.46531032847e-06, 3.73174952983e-06, 3.84661461794e-06, 2.42837404585e-06, 1.48228957642e-06, 1.31252613755e-06, 8.37625862005e-07, 7.6838688301e-07, 7.25035135929e-07, 6.11332268363e-07, 6.35621233869e-07, 4.11067247796e-07, 2.22276526074e-07, 1.27296090113e-07],
        "min": [6.40944458966e-12, 1.57241017082e-12, 1.14478548169e-11, 3.58760660069e-11, 4.60873075814e-11, 3.1359984054e-11, 1.36731806433e-11, 7.78229043708e-12, 6.38758490545e-12, 2.75816305559e-12, 1.53537371619e-12, 1.86647875974e-12, 9.37701847593e-13, 3.05470774543e-12, 5.63498726847e-12, 2.56864798528e-12, 1.06174192702e-11, 3.85394320623e-11, 3.40549775879e-11, 1.35615026153e-11, 2.00858375071e-11, 1.43362084357e-11, 7.57140183882e-12, 1.38808044919e-11, 5.39644197384e-11, 5.55108563283e-11, 6.67907265953e-12, 6.70854214194e-12, 1.09407561136e-11, 7.671361376e-13, 2.5931097547e-12, 9.95701351231e-12, 4.28518592138e-12, 4.17624593761e-13, 1.60708772678e-12, 2.9564532246e-12, 9.5858210421e-14, 7.68671693137e-13, 2.55869869563e-12, 3.49717271201e-14],
        "var": [1.39575561775e-07, 1.98311659005e-06, 2.26849624596e-06, 9.81294988378e-07, 2.4671996357e-07, 5.64511594803e-07, 9.29420536977e-07, 1.06412539935e-06, 2.60286287812e-06, 1.03511581528e-06, 2.13735049215e-07, 1.97385148226e-07, 1.53236001665e-07, 3.97952213405e-08, 1.04731761041e-07, 3.47582371774e-08, 5.22220453547e-08, 2.42378561666e-08, 9.51911438563e-09, 1.37986129189e-08, 6.75882727563e-09, 6.41266639789e-09, 1.44473570884e-08, 2.11174846498e-08, 7.95899879336e-09, 4.6939043763e-09, 5.32633315231e-09, 2.00141414552e-09, 2.05816322318e-10, 2.70840044836e-10, 1.62205124332e-10, 4.55048602965e-11, 9.32333724113e-12, 4.59494638519e-12, 5.15661645328e-12, 2.40425171091e-12, 1.71832318339e-12, 1.3174602468e-12, 3.60609572802e-13, 8.86503395106e-14]
    },
    "mfcc": {
        "dmean": [13.1711883545, 9.93080711365, 10.0343008041, 8.13632965088, 8.47856140137, 7.80410861969, 7.95481014252, 7.64956188202, 7.17087507248, 7.24934625626, 7.04626750946, 6.78126049042, 7.01124620438],
        "dmean2": [17.6950893402, 16.0867652893, 15.7050304413, 13.3258571625, 13.8972911835, 13.0037746429, 12.9938392639, 12.5291280746, 11.7145662308, 11.9613084793, 11.6885910034, 11.3249702454, 11.6644334793],
        "dvar": [274.767181396, 63.5083198547, 71.6845703125, 41.1334075928, 46.5643043518, 37.7022514343, 37.1338768005, 34.5741271973, 30.5424251556, 31.4307250977, 28.9351215363, 27.2032337189, 28.826833725],
        "dvar2": [423.310211182, 151.295272827, 183.121643066, 107.748962402, 120.483207703, 103.694999695, 99.7732315063, 95.803817749, 83.9521102905, 84.0619735718, 78.5158691406, 76.1186294556, 79.2690734863],
        "max": [-493.39855957, 184.284484863, 64.891418457, 84.334602356, 39.2001571655, 33.1360435486, 47.7072296143, 46.8917388916, 24.3727664948, 42.6527862549, 35.8159484863, 32.4789962769, 22.6724910736],
        "mean": [-618.730102539, 119.274261475, -1.71747434139, 23.4350700378, -10.2980909348, -5.9928855896, -4.16208314896, -0.0958738774061, -6.25099515915, 5.41166067123, -0.188697770238, 1.28505659103, -9.04771900177],
        "median": [-625.901855469, 121.67906189, 0.27379989624, 21.826259613, -11.2745800018, -5.56794548035, -5.106590271, -0.627006530762, -5.83738899231, 6.01003646851, -0.485946655273, 1.29354095459, -8.16674232483],
        "min": [-1138.42004395, 1.14440917969e-05, -79.8763885498, -29.0425434113, -63.7045288086, -49.1995887756, -42.3267784119, -39.1006584167, -43.8670387268, -43.3311004639, -30.9499816895, -33.6702957153, -49.0510635376],
        "var": [2205.82055664, 533.387573242, 538.167114258, 261.462463379, 237.825775146, 161.497161865, 193.640151978, 121.826065063, 109.933616638, 126.809799194, 96.8702392578, 88.1950912476, 116.171058655],
        "cov": [[2206.67285156, -402.084533691, -657.489196777, 102.705131531, 75.540977478, -137.146209717, -14.4767341614, 83.2669372559, -26.3619041443, -46.6412162781, 3.07936358452, -20.1293582916, -52.5955657959], [-402.084533691, 533.59362793, 204.275085449, -158.985351562, -95.296333313, 50.8203430176, -13.6273813248, -71.4781265259, 28.4495029449, 38.2707099915, 13.7356386185, 36.9962120056, 39.5529708862], [-657.489196777, 204.275085449, 538.375061035, 27.8849773407, 13.2710800171, 68.7078552246, 7.36251688004, -7.53284597397, 12.1373596191, 10.5707950592, -16.0178508759, -7.60243940353, 22.4105873108], [102.705131531, -158.985351562, 27.8849773407, 261.563476562, 138.751800537, -45.131149292, -25.7847614288, 40.8867263794, -12.449839592, -22.9872169495, -10.1500940323, -18.6595878601, -1.52103996277], [75.540977478, -95.296333313, 13.2710800171, 138.751800537, 237.917678833, 10.9845256805, -29.5155677795, 33.7870788574, -9.84712314606, -19.3522415161, -20.4109306335, -15.3845615387, 1.02752935886], [-137.146209717, 50.8203430176, 68.7078552246, -45.131149292, 10.9845256805, 161.559570312, 90.3654708862, 6.65329551697, 2.65290904045, -16.5784111023, -7.30461740494, -0.332540392876, -18.9201431274], [-14.4767341614, -13.6273813248, 7.36251688004, -25.7847614288, -29.5155677795, 90.3654708862, 193.71496582, 55.4100341797, -23.700460434, -20.6867294312, -10.8244657516, 4.37075281143, -19.2129917145], [83.2669372559, -71.4781265259, -7.53284597397, 40.8867263794, 33.7870788574, 6.65329551697, 55.4100341797, 121.873138428, 14.1607103348, -23.4514656067, -2.16245770454, -4.9519701004, -5.68934726715], [-26.3619041443, 28.4495029449, 12.1373596191, -12.449839592, -9.84712314606, 2.65290904045, -23.700460434, 14.1607103348, 109.976089478, 48.2252082825, 7.36173200607, 1.16260790825, 5.09122085571], [-46.6412162781, 38.2707099915, 10.5707950592, -22.9872169495, -19.3522415161, -16.5784111023, -20.6867294312, -23.4514656067, 48.2252082825, 126.858795166, 37.0997428894, 4.6751871109, 16.48620224], [3.07936358452, 13.7356386185, -16.0178508759, -10.1500940323, -20.4109306335, -7.30461740494, -10.8244657516, -2.16245770454, 7.36173200607, 37.0997428894, 96.9076690674, 32.8521003723, -3.89779639244], [-20.1293582916, 36.9962120056, -7.60243940353, -18.6595878601, -15.3845615387, -0.332540392876, 4.37075281143, -4.9519701004, 1.16260790825, 4.6751871109, 32.8521003723, 88.2291717529, 41.5722084045], [-52.5955657959, 39.5529708862, 22.4105873108, -1.52103996277, 1.02752935886, -18.9201431274, -19.2129917145, -5.68934726715, 5.09122085571, 16.48620224, -3.89779639244, 41.5722084045, 116.215950012]],
        "icov": [[0.000779603025876, 8.07692849776e-05, 0.000890088675078, -0.000184435339179, -0.000111417248263, 0.000259666907368, -1.2924719158e-05, -0.000327111512888, 3.16184850817e-05, 6.486523489e-05, 3.76328389393e-05, 5.88546645304e-05, 0.000146010148455], [8.07692849776e-05, 0.0031832002569, -0.00114679604303, 0.00169572234154, 0.000128141968162, -0.000185283977771, 0.000191898740013, 0.00107742229011, -0.000545054848772, 4.47958955192e-05, -0.000171542124008, -0.000682250247337, -0.000494487001561], [0.000890088675078, -0.00114679604303, 0.00360987056047, -0.00153526978102, 0.000236379535636, -0.00111269089393, 0.000423367222538, -0.000819296867121, 0.000305179128191, -0.000338933343301, 0.000460003764601, 0.0005958462134, -0.000239438202698], [-0.000184435339179, 0.00169572234154, -0.00153526978102, 0.00758826592937, -0.00378383160569, 0.00277570961043, -0.000698223826475, -7.72593193687e-05, -0.000371594069293, 0.00099395820871, -0.000889171147719, 0.000491830927785, -0.000229570199735], [-0.000111417248263, 0.000128141968162, 0.000236379535636, -0.00378383160569, 0.00742234429345, -0.00347381993197, 0.00301544298418, -0.00217062560841, 0.00151779933367, -0.00102537916973, 0.0015984014608, -0.000325572298607, -0.000179017268238], [0.000259666907368, -0.000185283977771, -0.00111269089393, 0.00277570961043, -0.00347381993197, 0.0118600381538, -0.00652637379244, 0.00287074502558, -0.00291569065303, 0.00255590048619, -0.00124103645794, 0.0004347335489, 0.0010226276936], [-1.2924719158e-05, 0.000191898740013, 0.000423367222538, -0.000698223826475, 0.00301544298418, -0.00652637379244, 0.0108312638476, -0.00594007829204, 0.00417632609606, -0.00234751310199, 0.00249239918776, -0.00198368448764, 0.00119198369794], [-0.000327111512888, 0.00107742229011, -0.000819296867121, -7.72593193687e-05, -0.00217062560841, 0.00287074502558, -0.00594007829204, 0.013490117155, -0.00507863843814, 0.00394206633791, -0.00253022764809, 0.00139521446545, -0.00111349241342], [3.16184850817e-05, -0.000545054848772, 0.000305179128191, -0.000371594069293, 0.00151779933367, -0.00291569065303, 0.00417632609606, -0.00507863843814, 0.0134565122426, -0.00619033072144, 0.00232552504167, -0.00118476222269, 0.000880260951817], [6.486523489e-05, 4.47958955192e-05, -0.000338933343301, 0.00099395820871, -0.00102537916973, 0.00255590048619, -0.00234751310199, 0.00394206633791, -0.00619033072144, 0.0128793912008, -0.00576524250209, 0.00308307958767, -0.00252955011092], [3.76328389393e-05, -0.000171542124008, 0.000460003764601, -0.000889171147719, 0.0015984014608, -0.00124103645794, 0.00249239918776, -0.00253022764809, 0.00232552504167, -0.00576524250209, 0.0154887381941, -0.00740396045148, 0.00393103668466], [5.88546645304e-05, -0.000682250247337, 0.0005958462134, 0.000491830927785, -0.000325572298607, 0.0004347335489, -0.00198368448764, 0.00139521446545, -0.00118476222269, 0.00308307958767, -0.00740396045148, 0.0178422573954, -0.0070518469438], [0.000146010148455, -0.000494487001561, -0.000239438202698, -0.000229570199735, -0.000179017268238, 0.0010226276936, 0.00119198369794, -0.00111349241342, 0.000880260951817, -0.00252955011092, 0.00393103668466, -0.0070518469438, 0.0121675012633]]
    }
}

}