{
"metadata": {
    "version": {
        "essentia": "2.0.1",
        "extractor": "archive-music 1.0 mod ismir14"
    },
    "audio_properties": {
        "analysis_sample_rate": 44100,
        "bitrate": 32,
        "channels": 2,
        "equal_loudness": 0,
        "length": 30.0408172607,
        "replay_gain": -13.87408638,
        "downmix": "mix"
    },
    "tags": {
        "track": 0,
        "year": 0,
        "album": "",
        "artist": "",
        "comment": "",
        "genre": "",
        "title": ""
    }
},
"rhythm": {
    "bpm": 90.2968444824,
    "bpm_histogram_first_peak": 91,
    "bpm_histogram_first_peak_spread": 0.324999988079,
    "bpm_histogram_first_peak_weight": 0.62790697813,
    "bpm_histogram_second_peak": 85,
    "bpm_histogram_second_peak_spread": 0,
    "bpm_histogram_second_peak_weight": 0.0697674453259
},
"tonal": {
    "tuning_frequency": {
        "dmean": 0.0844840481877,
        "dmean2": 0.157485738397,
        "dvar": 1.29766738415,
        "dvar2": 2.51499319077,
        "max": 454.990661621,
        "mean": 451.165222168,
        "median": 454.727905273,
        "min": 431.193908691,
        "var": 50.06483078
    },
    "hpcp": {
        "dmean": [0.203051492572, 0.175080448389, 0.184822618961, 0.150672361255, 0.152372956276, 0.198191747069, 0.195164576173, 0.228850498796, 0.246182277799, 0.174121901393, 0.185423821211, 0.179658532143],
        "dmean2": [0.375863701105, 0.3292093575, 0.345141768456, 0.279001116753, 0.281248360872, 0.363890856504, 0.365721017122, 0.423281461, 0.453347355127, 0.330733567476, 0.345984965563, 0.337778329849],
        "dvar": [0.0910396426916, 0.0928772985935, 0.0964878797531, 0.0761519372463, 0.0728711336851, 0.0930110961199, 0.102115646005, 0.109041817486, 0.118156030774, 0.0968302860856, 0.0958385393023, 0.0934454426169],
        "dvar2": [0.253462463617, 0.255356729031, 0.277008503675, 0.220535725355, 0.19930498302, 0.25180926919, 0.273955196142, 0.289464354515, 0.294744610786, 0.277152448893, 0.276087641716, 0.268237918615],
        "max": [1, 1, 1, 1, 1, 1, 1, 1, 1, 1, 1, 1],
        "mean": [0.18596765399, 0.139466777444, 0.157014548779, 0.131510272622, 0.120726525784, 0.175221920013, 0.163436383009, 0.211710065603, 0.257474005222, 0.121460340917, 0.138017743826, 0.129914149642],
        "median": [0.0372187122703, 0.0147124966606, 0.0195871461183, 0.0159888844937, 0.0176469199359, 0.0243560131639, 0.0137652261183, 0.0331903770566, 0.0430299751461, 0.00972834415734, 0.0167166888714, 0.0172751005739],
        "min": [0, 0, 0, 0, 9.51989568421e-06, 0, 0, 0, 0, 0, 0, 0],
        "var": [0.092718757689, 0.0808304846287, 0.0872450992465, 0.0723258182406, 0.0595660097897, 0.09359510988, 0.0970139279962, 0.111780039966, 0.139255419374, 0.0727041214705, 0.0757354944944, 0.0720477327704]
    }
},
"lowlevel": {
    "melbands": {
        "dmean": [0.000766629818827, 0.00253353640437, 0.00122393469792, 0.000479272799566, 0.000338331912644, 0.000255653430941, 0.00028016010765, 0.000328723544953, 0.00046733795898, 0.000313882657792, 0.000142118733493, 0.000156188252731, 0.000139955489431, 9.91027627606e-05, 0.00013933115406, 0.000137740687933, 3.4435208363e-05, 2.51362835115e-05, 1.51649446707e-05, 1.89188940567e-05, 2.90118678095e-05, 2.20115343836e-05, 3.55749943992e-05, 2.70365526376e-05, 1.63039021572e-05, 1.75449113158e-05, 1.34988604259e-05, 9.02542433323e-06, 4.07849529438e-06, 3.47104924003e-06, 1.83235613349e-06, 9.09373341074e-07, 5.82356051382e-07, 4.71033303029e-07, 4.46491981165e-07, 4.77259789022e-07, 3.81076119993e-07, 5.20475396115e-07, 4.42062457751e-07, 3.76795554757e-07],
        "dmean2": [0.00126637064386, 0.00457651587203, 0.00214851880446, 0.000824599468615, 0.000583296292461, 0.000434436893556, 0.000469285878353, 0.000504661584273, 0.000677185540553, 0.000427183374995, 0.00021247069526, 0.000217840119149, 0.00018910264771, 0.000157387752552, 0.00020522842533, 0.000201022223337, 5.01362374052e-05, 3.73205584765e-05, 2.42469104705e-05, 3.03196120512e-05, 4.66124765808e-05, 3.59777986887e-05, 5.73663965042e-05, 4.08529740525e-05, 2.48362666753e-05, 2.78525403701e-05, 2.01391285373e-05, 1.36620692501e-05, 6.27076951787e-06, 5.27435486219e-06, 2.87378111352e-06, 1.45876651914e-06, 9.42020562889e-07, 7.4346371548e-07, 7.02702834587e-07, 7.52991468289e-07, 5.79231823394e-07, 8.3192492184e-07, 6.72316957662e-07, 6.01032354552e-07],
        "dvar": [6.61309854877e-07, 8.45485101308e-06, 1.96720952772e-06, 4.79913410345e-07, 4.52286258223e-07, 1.79038224246e-07, 2.30286786973e-07, 3.78351188601e-07, 8.5208961309e-07, 9.46539046254e-07, 2.88679501637e-07, 2.09553562058e-07, 1.39536666666e-07, 9.89268187368e-08, 1.36242562121e-07, 1.83279638577e-07, 1.15581011428e-08, 3.88065402035e-09, 6.89077628291e-10, 1.01008701403e-09, 3.78169495718e-09, 2.50632159471e-09, 6.00963945274e-09, 3.58654972388e-09, 9.8922603442e-10, 1.08009645672e-09, 7.50585815723e-10, 3.59777152514e-10, 7.04185112999e-11, 5.85994586189e-11, 1.37959062577e-11, 2.2251430299e-12, 7.78815000772e-13, 4.63129697353e-13, 4.92895221166e-13, 4.42952830448e-13, 3.5008123787e-13, 6.86010167943e-13, 5.54930179499e-13, 4.58183404412e-13],
        "dvar2": [1.8575226477e-06, 2.81540615106e-05, 5.68235964238e-06, 1.31108254209e-06, 1.27077339585e-06, 4.87887177769e-07, 5.94656455633e-07, 8.90905994311e-07, 1.64881646469e-06, 1.57823217251e-06, 4.64686621626e-07, 3.13674462404e-07, 2.16221053506e-07, 2.28084587661e-07, 2.37150729276e-07, 3.21708739648e-07, 1.73216108124e-08, 8.10159939135e-09, 1.6032035699e-09, 2.47803599862e-09, 9.50491951812e-09, 6.62007604291e-09, 1.5669749942e-08, 7.90931053984e-09, 2.1886481516e-09, 2.61080868036e-09, 1.50208356864e-09, 7.2940403717e-10, 1.42782355383e-10, 1.26208293816e-10, 3.18143913991e-11, 5.65947766082e-12, 1.93552856034e-12, 1.07754885743e-12, 1.11047651109e-12, 1.09183690734e-12, 8.01210660317e-13, 1.59624559664e-12, 1.21017215346e-12, 1.08364619361e-12],
        "max": [0.00848981179297, 0.0240580141544, 0.0140934893861, 0.0110956681892, 0.00939012505114, 0.00604527303949, 0.00977930985391, 0.00816854648292, 0.018131069839, 0.0190486311913, 0.0266499593854, 0.015690818429, 0.0148521065712, 0.00871311780065, 0.00836490001529, 0.0122747533023, 0.00501666916534, 0.00164198444691, 0.00049204408424, 0.000380412617233, 0.001124573173, 0.000821214867756, 0.00110252550803, 0.00100736203603, 0.000528065836988, 0.00050626922166, 0.000444412988145, 0.00038924330147, 0.000150417094119, 0.000152947992319, 6.40861180727e-05, 2.64031350525e-05, 1.37801325764e-05, 1.26326740428e-05, 1.31195383801e-05, 9.45866759139e-06, 1.28604015117e-05, 1.83183346962e-05, 1.60212894116e-05, 1.77979e-05],
        "mean": [0.00129868520889, 0.00346145802177, 0.00180850038305, 0.000679889228195, 0.000440684467321, 0.000383529986721, 0.000448295992101, 0.000604206637945, 0.000914039439522, 0.000613516836893, 0.000238070831983, 0.000271874829195, 0.000315822137054, 0.000146924445289, 0.000231248108321, 0.000250004668487, 6.15137687419e-05, 4.16910152126e-05, 2.5375504265e-05, 3.03810902551e-05, 4.48778810096e-05, 3.51246671926e-05, 5.69602088945e-05, 4.64954609924e-05, 2.92820805043e-05, 3.11219482683e-05, 2.51132369158e-05, 1.54899389599e-05, 7.54484472054e-06, 6.0490992837e-06, 3.24236452798e-06, 1.71234660229e-06, 1.11080703391e-06, 9.80881054602e-07, 9.43732004544e-07, 9.49398270222e-07, 7.91036768533e-07, 1.10021062483e-06, 1.01193450064e-06, 8.44657677135e-07],
        "median": [0.00093888543779, 0.00238808337599, 0.00124518666416, 0.000404945167247, 0.000197573026526, 0.000175968365511, 0.000170378028997, 0.000194079562789, 0.000248028518399, 9.14348638617e-05, 4.94355226692e-05, 6.04718879913e-05, 4.76804780192e-05, 4.34748617408e-05, 5.37551168236e-05, 4.08648738812e-05, 1.36045346153e-05, 1.05301105577e-05, 1.03494567156e-05, 1.21360562844e-05, 1.3088995729e-05, 1.07677133201e-05, 1.47104292409e-05, 1.042432541e-05, 9.55536052061e-06, 1.15966658996e-05, 6.59298166283e-06, 3.83509268431e-06, 2.77635604107e-06, 1.91761364476e-06, 1.37526308208e-06, 9.4041780585e-07, 6.91519801421e-07, 6.12922008258e-07, 6.20839500698e-07, 6.47240369744e-07, 4.59033287825e-07, 6.83435473547e-07, 6.2522707367e-07, 5.41918836916e-07],
        "min": [2.18186250317e-11, 2.50194986257e-11, 6.69529778841e-11, 2.31612506951e-11, 3.02402352291e-12, 1.3460946767e-12, 3.33103726893e-12, 4.31430195388e-12, 7.56911634064e-12, 1.27428475757e-11, 1.99282760432e-11, 4.8946281056e-11, 4.75346498274e-11, 2.16533058844e-11, 9.73561162243e-11, 4.4207710409e-11, 3.92662291571e-11, 7.13440721431e-12, 5.17108317971e-12, 5.76638563288e-12, 3.3672925559e-11, 2.234391977e-10, 1.76518133443e-10, 2.90994117691e-10, 6.43257891397e-10, 7.06654679217e-10, 2.42913966719e-10, 2.23510543407e-10, 5.62274046767e-11, 2.95460739208e-11, 2.31706129977e-11, 1.20084072894e-11, 3.67526321876e-11, 1.99082191704e-11, 6.0977833026e-12, 2.6903665927e-12, 1.63451301105e-11, 5.51775075283e-12, 1.24489383645e-12, 7.25920625694e-13],
        "var": [1.48612343764e-06, 1.08712010842e-05, 3.0848455026e-06, 6.95603546319e-07, 5.39537325039e-07, 3.30925018943e-07, 6.11438281339e-07, 1.07506298264e-06, 2.89101785711e-06, 3.64098673344e-06, 1.27583166432e-06, 6.66266487315e-07, 7.16937904599e-07, 1.40720558761e-07, 3.56923379741e-07, 6.51308539545e-07, 6.04644085911e-08, 1.36341071766e-08, 1.61193458581e-09, 1.85881832149e-09, 6.17611561893e-09, 3.70982111697e-09, 1.11644338219e-08, 8.11141998014e-09, 2.318158554e-09, 2.52716292337e-09, 2.10356887465e-09, 8.50498282912e-10, 1.6636209077e-10, 1.36607544721e-10, 2.72521848838e-11, 4.74820616853e-12, 1.61656842426e-12, 1.16003365767e-12, 1.1046590075e-12, 9.40373430167e-13, 9.10683529455e-13, 1.73274589121e-12, 1.52293607412e-12, 1.11465795361e-12]
    },
    "mfcc": {
        "dmean": [13.8806829453, 9.39405918121, 9.79865646362, 8.5757932663, 8.1817073822, 7.90059947968, 7.78361749649, 7.33518505096, 7.13313007355, 7.09781551361, 7.00829839706, 6.96246480942, 6.56707715988],
        "dmean2": [17.35313797, 14.9739427567, 15.2459459305, 13.7831678391, 13.4870042801, 12.7698984146, 13.0028066635, 12.114484787, 11.8786849976, 11.5984754562, 11.5495223999, 11.4175834656, 10.8566160202],
        "dvar": [301.105010986, 54.4927062988, 67.4261169434, 46.2347564697, 40.752117157, 36.8338546753, 35.4148712158, 31.1451206207, 29.3241577148, 28.9041519165, 30.4808940887, 30.9548358917, 25.5119533539],
        "dvar2": [330.198974609, 127.206970215, 139.139907837, 112.83266449, 106.472877502, 94.539100647, 94.4172515869, 85.9455947876, 80.3466873169, 82.8658065796, 82.2197189331, 83.8576812744, 66.4108276367],
        "max": [-497.201904297, 184.196472168, 69.3856277466, 75.3954162598, 57.6865615845, 43.5078964233, 63.189453125, 47.8452606201, 31.1008701324, 41.7335510254, 42.348815918, 42.1194419861, 27.586730957],
        "mean": [-607.106018066, 123.516937256, 0.390299528837, 23.5504989624, 6.39441823959, -5.23215913773, 13.8752279282, 6.09895133972, -0.117107443511, 2.203540802, 4.41462612152, 6.05688142776, 1.24548566341],
        "median": [-609.059570312, 123.97819519, 2.2165145874, 23.3823509216, 6.17418670654, -4.24216079712, 13.5585308075, 6.16621780396, 0.0688724517822, 1.97338676453, 4.34622573853, 6.18380737305, 1.3524055481],
        "min": [-1138.15270996, -0.13081741333, -63.9195632935, -39.8339614868, -40.2914581299, -56.6427230835, -27.4863300323, -32.9274978638, -36.0166244507, -40.7234611511, -27.6803588867, -27.1898326874, -28.8330688477],
        "var": [2301.23974609, 300.613800049, 515.145202637, 317.372741699, 224.311096191, 223.181900024, 175.229644775, 127.822044373, 86.4803924561, 105.875289917, 94.5277099609, 90.4616470337, 76.8283996582],
        "cov": [[2302.12915039, 45.0891304016, -659.492736816, 12.3800020218, -286.922119141, -244.919052124, -131.630584717, -83.7431488037, -40.6372756958, -18.3103542328, -53.2086791992, 1.87560904026, -71.8533706665], [45.0891304016, 300.729949951, 7.28363084793, -92.2479934692, -60.7082977295, -0.691255986691, 12.4974079132, -1.52304661274, -12.6926651001, 17.2975444794, 49.0816955566, -4.75200653076, -0.694323658943], [-659.492736816, 7.28363084793, 515.344238281, -16.8599529266, 167.588790894, 72.6032714844, 21.9396381378, 15.5062294006, 24.5664710999, 18.5205383301, 5.23890972137, -10.9856929779, 24.446100235], [12.3800020218, -92.2479934692, -16.8599529266, 317.495361328, 69.8357772827, -6.31639814377, -62.1549453735, -18.1598148346, 47.3289375305, 15.9783477783, -43.5175819397, -3.28844165802, 21.4118556976], [-286.922119141, -60.7082977295, 167.588790894, 69.8357772827, 224.397766113, 40.3625640869, 16.2336559296, -14.5026731491, 21.5574913025, 24.1145973206, -13.7421045303, 3.17804527283, 6.52096509933], [-244.919052124, -0.691255986691, 72.6032714844, -6.31639814377, 40.3625640869, 223.2681427, 102.919311523, 36.4358787537, -16.627702713, -9.81516742706, 36.6676826477, -5.39457321167, -15.8187866211], [-131.630584717, 12.4974079132, 21.9396381378, -62.1549453735, 16.2336559296, 102.919311523, 175.297348022, 68.0959396362, -11.0022583008, -23.8233737946, 23.5414447784, 13.3872861862, -11.9235038757], [-83.7431488037, -1.52304661274, 15.5062294006, -18.1598148346, -14.5026731491, 36.4358787537, 68.0959396362, 127.871437073, 23.0203590393, -19.2654819489, 7.41726255417, 11.0497550964, 6.32783174515], [-40.6372756958, -12.6926651001, 24.5664710999, 47.3289375305, 21.5574913025, -16.627702713, -11.0022583008, 23.0203590393, 86.5138092041, 38.0046195984, -4.43351364136, -0.583432435989, 8.29175949097], [-18.3103542328, 17.2975444794, 18.5205383301, 15.9783477783, 24.1145973206, -9.81516742706, -23.8233737946, -19.2654819489, 38.0046195984, 105.91619873, 28.1994724274, -3.22905230522, -2.57613110542], [-53.2086791992, 49.0816955566, 5.23890972137, -43.5175819397, -13.7421045303, 36.6676826477, 23.5414447784, 7.41726255417, -4.43351364136, 28.1994724274, 94.5642318726, 29.0297889709, -5.28590583801], [1.87560904026, -4.75200653076, -10.9856929779, -3.28844165802, 3.17804527283, -5.39457321167, 13.3872861862, 11.0497550964, -0.583432435989, -3.22905230522, 29.0297889709, 90.49659729, 25.149772644], [-71.8533706665, -0.694323658943, 24.446100235, 21.4118556976, 6.52096509933, -15.8187866211, -11.9235038757, 6.32783174515, 8.29175949097, -2.57613110542, -5.28590583801, 25.149772644, 76.8580856323]],
        "icov": [[0.000804583483841, -0.000162055279361, 0.000798020802904, -6.7100088927e-05, 0.000344482221408, 0.000437600741861, 0.00013260995911, 0.000189866303117, 0.000126917570014, -9.812269127e-05, 0.00046148506226, -0.000303555716528, 0.000695463910233], [-0.000162055279361, 0.00417445646599, -0.000511628924869, 0.000709525309503, 0.00101040501613, 0.000252571044257, -0.00039048443432, 0.000326929148287, 0.000138336632517, -0.000468988728244, -0.00199297629297, 0.00102166691795, -0.000771987310145], [0.000798020802904, -0.000511628924869, 0.00376461795531, 0.00078380049672, -0.00212654774077, -0.000401729630539, 0.000889077084139, -0.000339127349434, -0.000546084949747, 0.000152406020788, 0.000284763140371, 0.000444608362159, -0.000472616811749], [-6.7100088927e-05, 0.000709525309503, 0.00078380049672, 0.00468048080802, -0.00152081472334, -0.00130127975717, 0.00196461426094, 0.000100857563666, -0.00224935612641, 0.000135392765515, 0.00133769027889, -0.000168076221598, -0.00105766474735], [0.000344482221408, 0.00101040501613, -0.00212654774077, -0.00152081472334, 0.00781176239252, -0.000219519308303, -0.00172014848795, 0.00191991252359, -0.00024253288575, -0.00167890137527, 0.00152039865497, -0.00130647746846, 0.000800324836746], [0.000437600741861, 0.000252571044257, -0.000401729630539, -0.00130127975717, -0.000219519308303, 0.00773701490834, -0.00405174586922, -0.000206574884942, 0.00176412740257, 0.000349781126715, -0.00296100019477, 0.00170861138031, 0.000959826458711], [0.00013260995911, -0.00039048443432, 0.000889077084139, 0.00196461426094, -0.00172014848795, -0.00405174586922, 0.0110341506079, -0.00450236909091, 0.000331971154083, 0.00110773043707, 0.0002660897444, -0.00148182956036, 0.00118935282808], [0.000189866303117, 0.000326929148287, -0.000339127349434, 0.000100857563666, 0.00191991252359, -0.000206574884942, -0.00450236909091, 0.0121553530917, -0.00529795093462, 0.00274811382405, -0.00043938824092, -0.000479992100736, -0.000853914185427], [0.000126917570014, 0.000138336632517, -0.000546084949747, -0.00224935612641, -0.00024253288575, 0.00176412740257, 0.000331971154083, -0.00529795093462, 0.0181354172528, -0.00717079034075, 0.00157851167023, 5.7378533711e-06, -0.000298590835882], [-9.812269127e-05, -0.000468988728244, 0.000152406020788, 0.000135392765515, -0.00167890137527, 0.000349781126715, 0.00110773043707, 0.00274811382405, -0.00717079034075, 0.0148437079042, -0.00596958538517, 0.00192128447816, 0.000209763864405], [0.00046148506226, -0.00199297629297, 0.000284763140371, 0.00133769027889, 0.00152039865497, -0.00296100019477, 0.0002660897444, -0.00043938824092, 0.00157851167023, -0.00596958538517, 0.0178987272084, -0.00685621937737, 0.00239333533682], [-0.000303555716528, 0.00102166691795, 0.000444608362159, -0.000168076221598, -0.00130647746846, 0.00170861138031, -0.00148182956036, -0.000479992100736, 5.7378533711e-06, 0.00192128447816, -0.00685621937737, 0.0153913879767, -0.00554118957371], [0.000695463910233, -0.000771987310145, -0.000472616811749, -0.00105766474735, 0.000800324836746, 0.000959826458711, 0.00118935282808, -0.000853914185427, -0.000298590835882, 0.000209763864405, 0.00239333533682, -0.00554118957371, 0.0165006909519]]
    }
}

}