{
"metadata": {
    "version": {
        "essentia": "2.0.1",
        "extractor": "archive-music 1.0 mod ismir14"
    },
    "audio_properties": {
        "analysis_sample_rate": 44100,
        "bitrate": 721,
        "channels": 2,
        "equal_loudness": 0,
        "length": 29.9995231628,
        "replay_gain": -10.2216567993,
        "downmix": "mix"
    },
    "tags": {
        "track": 0,
        "year": 0,
        "album": "",
        "artist": "",
        "comment": "",
        "genre": "",
        "title": ""
    }
},
"rhythm": {
    "bpm": 172.265563965,
    "bpm_histogram_first_peak": 172,
    "bpm_histogram_first_peak_spread": 0,
    "bpm_histogram_first_peak_weight": 0.517647087574,
    "bpm_histogram_second_peak": 178,
    "bpm_histogram_second_peak_spread": 0,
    "bpm_histogram_second_peak_weight": 0.29411765933
},
"tonal": {
    "tuning_frequency": {
        "dmean": 0.076924033463,
        "dmean2": 0.152927652001,
        "dvar": 1.60536873341,
        "dvar2": 3.19886684418,
        "max": 454.990661621,
        "mean": 435.814788818,
        "median": 433.191070557,
        "min": 431.692352295,
        "var": 55.4024353027
    },
    "hpcp": {
        "dmean": [0.12531773746, 0.117423683405, 0.168234989047, 0.135123372078, 0.0776629894972, 0.0796117708087, 0.0927747786045, 0.0904912427068, 0.103269323707, 0.0952711030841, 0.118251398206, 0.0832175463438],
        "dmean2": [0.232557862997, 0.219064965844, 0.312528640032, 0.249972358346, 0.148554265499, 0.149321675301, 0.172782257199, 0.171692326665, 0.195993617177, 0.172113746405, 0.214254692197, 0.155565470457],
        "dvar": [0.0743066743016, 0.0679491460323, 0.0887418687344, 0.0739279985428, 0.0472600311041, 0.0452526435256, 0.0602619722486, 0.0565384067595, 0.0660198330879, 0.0517827905715, 0.0583059415221, 0.0454749986529],
        "dvar2": [0.20982645452, 0.184682369232, 0.239077419043, 0.195503458381, 0.134239703417, 0.12408092618, 0.15946675837, 0.151625365019, 0.182703211904, 0.143860980868, 0.154663190246, 0.123966775835],
        "max": [1, 1, 1, 1, 1, 1, 1, 1, 1, 1, 1, 1],
        "mean": [0.116383217275, 0.136776283383, 0.152463182807, 0.29757475853, 0.0564354024827, 0.0892348513007, 0.125588029623, 0.116378434002, 0.0814001783729, 0.0929095074534, 0.244041383266, 0.0708092451096],
        "median": [0.0082120494917, 0.0072989477776, 0.0195650905371, 0.0168681163341, 0.000781378650572, 0.00610664580017, 0.000465843622806, 0.00208630296402, 0.00132659543306, 0.00206042756326, 0.0311676878482, 0.00264182104729],
        "min": [0, 0, 0, 0, 0, 1.02838384919e-07, 0, 0, 0, 0, 0, 0],
        "var": [0.0700140744448, 0.0849016979337, 0.0822621509433, 0.175690308213, 0.0365634560585, 0.0556366965175, 0.093479193747, 0.0837445482612, 0.0567170791328, 0.055798586458, 0.140030115843, 0.0399208068848]
    }
},
"lowlevel": {
    "melbands": {
        "dmean": [9.10762264539e-06, 0.000140320757055, 0.000358546472853, 0.00128368404694, 0.00144672195893, 0.000792048638687, 0.000269526819466, 0.000208065612242, 0.000110736822535, 7.4094372394e-05, 4.86405806441e-05, 3.68500222976e-05, 5.12395163241e-05, 2.54347105511e-05, 2.42417245317e-05, 1.91692633962e-05, 3.46144297509e-05, 2.06740205613e-05, 2.26359570661e-05, 6.63024047753e-06, 9.80882305157e-06, 8.73478711583e-06, 5.35764183951e-06, 6.24487302048e-06, 1.35807576953e-05, 1.27502671603e-05, 4.78355832456e-06, 2.74749982054e-06, 7.49895775698e-07, 5.2139807849e-07, 2.16014797161e-07, 3.49941196021e-08, 5.85395731889e-09, 1.32868238634e-09, 5.46014011782e-10, 2.40824415965e-10, 1.11332609798e-10, 6.04525110526e-11, 5.20258905401e-11, 4.51546786073e-11],
        "dmean2": [1.45022104334e-05, 0.000223522380111, 0.00061418133555, 0.00199601543136, 0.00222381739877, 0.00122438278049, 0.000381979189115, 0.00030818983214, 0.000144241683302, 8.97238496691e-05, 5.77723512833e-05, 4.5434841013e-05, 5.63820140087e-05, 2.96557682304e-05, 3.11015028274e-05, 2.66434872174e-05, 4.49753242719e-05, 2.90264088108e-05, 3.25410837831e-05, 9.52721620706e-06, 1.52310030899e-05, 1.25218930407e-05, 7.07483013684e-06, 8.62155593495e-06, 1.84287782758e-05, 1.60637573572e-05, 6.7384016802e-06, 4.10767233916e-06, 1.08104825358e-06, 7.21846504348e-07, 3.23043110484e-07, 5.12354638715e-08, 9.07886033019e-09, 1.87130089202e-09, 7.81232800673e-10, 3.55629026227e-10, 1.61148192013e-10, 8.81287959276e-11, 7.42550534949e-11, 6.47681214216e-11],
        "dvar": [2.90932444802e-10, 4.71109977696e-08, 5.69451799493e-07, 7.11216398486e-06, 8.03306920716e-06, 2.30537079915e-06, 3.16788629107e-07, 2.56671938814e-07, 1.72270119947e-07, 1.29832272933e-07, 4.40153371528e-08, 2.80802439079e-08, 4.72733212575e-08, 1.03629647086e-08, 1.87710984534e-08, 3.04239988758e-09, 1.21476464443e-08, 2.70699263005e-09, 3.10778003332e-09, 2.22984519738e-10, 9.66927093948e-10, 6.30941965341e-10, 2.87638884933e-10, 2.7098875921e-10, 1.99343763718e-09, 1.54250334727e-09, 2.41470843321e-10, 1.10163954348e-10, 7.99860178091e-12, 1.24876116392e-11, 2.61895626713e-12, 3.64634199028e-14, 3.30451587284e-15, 3.68867860017e-17, 4.76209905239e-18, 1.27916874626e-18, 7.53261581666e-19, 6.95586206661e-19, 8.09178680882e-19, 6.05319346834e-19],
        "dvar2": [7.59024287866e-10, 1.15839803527e-07, 1.79226958608e-06, 1.79722792382e-05, 2.02654664463e-05, 5.91534535488e-06, 5.89170213061e-07, 4.78937067783e-07, 2.82828182208e-07, 2.34341300143e-07, 7.17793326999e-08, 4.85697704278e-08, 5.65549633791e-08, 1.57706470105e-08, 3.39502790325e-08, 5.72585578951e-09, 2.1117525506e-08, 5.56726398315e-09, 6.38092112482e-09, 4.47671122394e-10, 2.41779574139e-09, 1.41254430375e-09, 4.61055110756e-10, 4.951062893e-10, 3.53025875199e-09, 2.75029266028e-09, 5.26804988521e-10, 2.76755951489e-10, 1.6102650463e-11, 2.51239636734e-11, 6.38075356441e-12, 7.98239038345e-14, 9.2214791372e-15, 6.15351899951e-17, 8.76899957632e-18, 1.68419535505e-18, 7.9982471572e-19, 7.04942911858e-19, 8.15835778753e-19, 6.10554831425e-19],
        "max": [0.000414340029238, 0.00770789850503, 0.0135519579053, 0.10080601275, 0.0770796239376, 0.0245009697974, 0.0112162772566, 0.0110924420878, 0.0125419776887, 0.0103613035753, 0.00832817330956, 0.00461378553882, 0.0067907650955, 0.00350567442365, 0.00480617908761, 0.00175781256985, 0.0050702393055, 0.00103572907392, 0.00197439524345, 0.000395593437133, 0.000480849499581, 0.000492654857226, 0.000379874370992, 0.00040518125752, 0.00169810536318, 0.00146285281517, 0.000416933908127, 0.000216392596485, 9.19285521377e-05, 0.00016411577235, 8.03463990451e-05, 5.99843770033e-06, 2.82047381006e-06, 2.25603486115e-07, 7.98075916464e-08, 3.3580374037e-08, 3.26164375508e-08, 3.17161052976e-08, 3.39100232338e-08, 2.93148563202e-08],
        "mean": [1.2464421161e-05, 0.000246434414294, 0.000572959601413, 0.00309358001687, 0.00345579371788, 0.00168923451565, 0.000673175265547, 0.000534576072823, 0.000282914959826, 0.000169457227457, 0.000154989771545, 8.96133497008e-05, 0.000145029567648, 6.19072525296e-05, 4.75049528177e-05, 4.07544430345e-05, 7.76988163125e-05, 4.01729666919e-05, 5.17466360179e-05, 1.51976655616e-05, 1.76088469743e-05, 1.55596662808e-05, 1.00803299574e-05, 1.34598658406e-05, 2.91174164886e-05, 3.1251944165e-05, 8.88172417035e-06, 4.29620604336e-06, 1.48409571921e-06, 8.93715707662e-07, 3.62400299991e-07, 6.00436109721e-08, 9.81365744224e-09, 2.73794698025e-09, 1.11536102576e-09, 4.78773021229e-10, 1.98181485112e-10, 7.96252161428e-11, 5.19059725756e-11, 4.07582405326e-11],
        "median": [6.01267538514e-06, 0.000115441194794, 0.000224496121518, 0.00104007183108, 0.00148239731789, 0.000791207479779, 0.00027406794834, 0.000138151619467, 5.95517522015e-05, 1.33153680508e-05, 1.02922967926e-05, 5.85860652791e-06, 8.22337824502e-06, 7.34444893169e-06, 5.98597489443e-06, 7.04071317159e-06, 1.39197045428e-05, 1.03885049612e-05, 1.29079771796e-05, 3.82844746127e-06, 4.2730594032e-06, 3.45208081853e-06, 1.55560917392e-06, 2.29917031902e-06, 4.70196800961e-06, 3.97557050746e-06, 1.34623383019e-06, 4.15134394416e-07, 1.03899154169e-07, 4.1330572742e-08, 1.34410074182e-08, 3.40614692007e-09, 1.37561251279e-09, 7.57519325045e-10, 4.4619880013e-10, 2.08358372222e-10, 9.29942997607e-11, 3.43377999645e-11, 1.10021748656e-11, 4.83825436312e-12],
        "min": [6.73058941913e-09, 8.38982543883e-07, 1.37193001137e-06, 1.56722978772e-06, 3.10700301043e-07, 5.67488775971e-08, 4.68002809839e-08, 5.86726258689e-08, 7.91810617073e-09, 1.1344639006e-08, 4.51851445149e-09, 4.35228608708e-09, 3.29319238546e-09, 2.10703476888e-09, 2.07955075382e-09, 2.53815946039e-09, 4.40209113606e-09, 2.17517803769e-09, 9.44684885873e-10, 2.76246858721e-10, 9.94202151161e-11, 1.48320550286e-10, 1.086223958e-10, 9.17963413616e-11, 1.40667172355e-10, 8.23764251257e-11, 6.64335877976e-11, 4.33358973706e-11, 4.13492920459e-11, 3.31036760504e-11, 2.74814181828e-11, 2.12961610152e-11, 8.88311126046e-12, 1.01806670733e-11, 1.05915849008e-11, 8.56223252022e-12, 6.71926923823e-12, 4.19425475254e-12, 9.7919220475e-13, 1.2131165213e-13],
        "var": [5.8767363198e-10, 3.27103492737e-07, 1.204636078e-06, 4.21651129727e-05, 2.64799746219e-05, 4.97125847687e-06, 1.11266001568e-06, 1.20307743146e-06, 8.09856942396e-07, 3.37753334634e-07, 2.87203050675e-07, 1.36342862334e-07, 3.31327356662e-07, 5.09764888079e-08, 4.80467932107e-08, 1.23268835139e-08, 9.27414376406e-08, 7.75777486695e-09, 1.28929578125e-08, 8.48531633846e-10, 1.54907442429e-09, 1.370212388e-09, 8.34347202439e-10, 1.13651310585e-09, 7.71351871265e-09, 9.54143608567e-09, 5.39762956553e-10, 1.92097643348e-10, 3.18586337866e-11, 3.25389958034e-11, 6.89217519861e-12, 9.86871988209e-14, 7.0167887478e-15, 1.58957405725e-16, 1.18182139617e-17, 2.39127885524e-18, 8.95226867886e-19, 6.98398103756e-19, 8.09789863957e-19, 6.05663712463e-19]
    },
    "mfcc": {
        "dmean": [16.7608261108, 8.19047546387, 11.5926675797, 8.3113451004, 7.83248853683, 6.87039327621, 6.52600193024, 6.68263292313, 6.20320653915, 5.98356580734, 6.02502965927, 5.78528404236, 5.42958068848],
        "dmean2": [20.28399086, 12.2262248993, 15.5779438019, 11.5286169052, 11.4510650635, 10.4159936905, 10.2167606354, 10.1112318039, 9.67503356934, 9.20205211639, 9.23114109039, 9.07769203186, 8.5568151474],
        "dvar": [555.675170898, 55.9405899048, 207.385955811, 53.8105239868, 44.7097396851, 36.9506340027, 28.746843338, 36.2903747559, 26.3525657654, 26.3119831085, 25.3203372955, 22.2209720612, 21.0181236267],
        "dvar2": [751.890991211, 109.778671265, 302.61340332, 94.2548294067, 89.4061889648, 76.9661636353, 68.8678970337, 74.5344161987, 62.3104324341, 64.2057800293, 59.1787834167, 51.8324928284, 51.8375091553],
        "max": [-607.945983887, 286.267791748, 113.372131348, 148.939361572, 64.8436279297, 46.4398956299, 44.2249221802, 24.1156635284, 18.9703483582, 33.0321655273, 22.9171562195, 23.6560077667, 30.2311973572],
        "mean": [-753.869018555, 219.83706665, -49.237613678, 40.8461914062, 6.46762657166, -25.8250579834, -5.33938980103, -32.9948577881, -24.3748645782, -7.01910448074, -11.1667451859, -14.3204545975, -7.32421064377],
        "median": [-742.43536377, 221.176757812, -58.0671348572, 39.9550819397, 9.5572052002, -26.1359519958, -5.00480270386, -35.0085144043, -24.5470123291, -6.14373779297, -9.79047584534, -14.0171203613, -7.0454750061],
        "min": [-1016.16064453, 90.1306991577, -141.048538208, -29.3524856567, -73.3830566406, -81.7238464355, -44.265411377, -76.7681732178, -62.8488082886, -64.9006652832, -67.7331924438, -54.4239768982, -43.419719696],
        "var": [4910.14697266, 665.770751953, 2115.39086914, 716.378845215, 537.980957031, 356.261932373, 148.059661865, 274.196533203, 140.461608887, 203.945571899, 153.985183716, 111.047233582, 113.197761536],
        "cov": [[4912.04736328, -97.4072494507, -2952.38867188, 922.450073242, -883.79296875, -637.668457031, 235.429656982, -287.774780273, 17.2575073242, -194.580993652, -54.0281066895, -1.59553396702, -135.39201355], [-97.4072494507, 666.028381348, 337.969207764, -428.673919678, 72.307975769, -101.821556091, -49.7152709961, 149.414840698, -38.5438652039, -25.7771167755, -28.1228561401, -20.3354244232, -22.605676651], [-2952.38867188, 337.969207764, 2116.20947266, -609.995788574, 458.150543213, 388.567138672, -179.535125732, 212.385864258, -3.07649827003, 67.891166687, 23.3715057373, -6.63854885101, 46.0511512756], [922.450073242, -428.673919678, -609.995788574, 716.65612793, -61.4059638977, -59.3147621155, 58.1559524536, -243.3699646, -1.50424730778, 7.05393218994, -30.5982723236, -0.54733979702, -11.5864362717], [-883.79296875, 72.307975769, 458.150543213, -61.4059638977, 538.189147949, 198.965209961, -83.2937011719, -29.1372814178, -64.356880188, 131.028503418, 17.76404953, -21.4146175385, 63.8184242249], [-637.668457031, -101.821556091, 388.567138672, -59.3147621155, 198.965209961, 356.399810791, -4.06078481674, -51.0158500671, 20.1113510132, 68.471206665, 69.6857452393, 22.0074882507, 37.8481903076], [235.429656982, -49.7152709961, -179.535125732, 58.1559524536, -83.2937011719, -4.06078481674, 148.116958618, 24.434299469, -11.6493453979, 1.49717962742, 0.581315159798, 16.9714488983, 6.32780838013], [-287.774780273, 149.414840698, 212.385864258, -243.3699646, -29.1372814178, -51.0158500671, 24.434299469, 274.302642822, 55.9554901123, -80.610824585, 0.425400257111, 2.15365505219, -11.7942342758], [17.2575073242, -38.5438652039, -3.07649827003, -1.50424730778, -64.356880188, 20.1113510132, -11.6493453979, 55.9554901123, 140.515960693, -11.4863920212, -19.5465240479, 16.9417057037, -9.72010326385], [-194.580993652, -25.7771167755, 67.891166687, 7.05393218994, 131.028503418, 68.471206665, 1.49717962742, -80.610824585, -11.4863920212, 204.024505615, 69.101524353, -29.0280361176, 45.5311393738], [-54.0281066895, -28.1228561401, 23.3715057373, -30.5982723236, 17.76404953, 69.6857452393, 0.581315159798, 0.425400257111, -19.5465240479, 69.101524353, 154.044769287, 34.0002593994, -0.443521142006], [-1.59553396702, -20.3354244232, -6.63854885101, -0.54733979702, -21.4146175385, 22.0074882507, 16.9714488983, 2.15365505219, 16.9417057037, -29.0280361176, 34.0002593994, 111.090209961, 31.8487319946], [-135.39201355, -22.605676651, 46.0511512756, -11.5864362717, 63.8184242249, 37.8481903076, 6.32780838013, -11.7942342758, -9.72010326385, 45.5311393738, -0.443521142006, 31.8487319946, 113.241569519]],
        "icov": [[0.0364497825503, -0.0498018749058, 0.0495378039777, -0.0459773764014, 0.0431824885309, -0.0388494506478, 0.0341934002936, -0.0292867235839, 0.0237130802125, -0.0176494158804, 0.012190580368, -0.00753617938608, 0.00377505412325], [-0.0498018749058, 0.0713286474347, -0.0679793134332, 0.0651942789555, -0.0603217296302, 0.0555110909045, -0.0479636862874, 0.0414839945734, -0.0331168286502, 0.0252482648939, -0.0171806812286, 0.0107312714681, -0.00462645897642], [0.0495378039777, -0.0679793134332, 0.0686138868332, -0.0627435073256, 0.0593747720122, -0.0552568025887, 0.0491885207593, -0.0426459759474, 0.0346422046423, -0.0264245923609, 0.0191001426429, -0.0120521262288, 0.00621415022761], [-0.0459773764014, 0.0651942789555, -0.0627435073256, 0.0632749125361, -0.0575293488801, 0.0534619167447, -0.0482566989958, 0.044018894434, -0.035074878484, 0.027506319806, -0.0192546527833, 0.0127878971398, -0.00587493460625], [0.0431824885309, -0.0603217296302, 0.0593747720122, -0.0575293488801, 0.0579915568233, -0.0526652783155, 0.0483126267791, -0.0426753908396, 0.0366866774857, -0.0297935474664, 0.0219087731093, -0.0140463048592, 0.00649619661272], [-0.0388494506478, 0.0555110909045, -0.0552568025887, 0.0534619167447, -0.0526652783155, 0.0545944534242, -0.0475866869092, 0.0441312119365, -0.0375849120319, 0.030291294679, -0.0249182321131, 0.015772646293, -0.00867664255202], [0.0341934002936, -0.0479636862874, 0.0491885207593, -0.0482566989958, 0.0483126267791, -0.0475866869092, 0.0529362596571, -0.0439867004752, 0.0378157533705, -0.0320876017213, 0.025383386761, -0.0185750219971, 0.00897578429431], [-0.0292867235839, 0.0414839945734, -0.0426459759474, 0.044018894434, -0.0426753908396, 0.0441312119365, -0.0439867004752, 0.046922724694, -0.0376809798181, 0.0333543196321, -0.0265108607709, 0.0192411709577, -0.0104028712958], [0.0237130802125, -0.0331168286502, 0.0346422046423, -0.035074878484, 0.0366866774857, -0.0375849120319, 0.0378157533705, -0.0376809798181, 0.0399276912212, -0.0292962156236, 0.0251723174006, -0.0188147053123, 0.0105096837506], [-0.0176494158804, 0.0252482648939, -0.0264245923609, 0.027506319806, -0.0297935474664, 0.030291294679, -0.0320876017213, 0.0333543196321, -0.0292962156236, 0.0344649292529, -0.0261025149375, 0.0205766465515, -0.0128293884918], [0.012190580368, -0.0171806812286, 0.0191001426429, -0.0192546527833, 0.0219087731093, -0.0249182321131, 0.025383386761, -0.0265108607709, 0.0251723174006, -0.0261025149375, 0.028718104586, -0.0188068207353, 0.0112674636766], [-0.00753617938608, 0.0107312714681, -0.0120521262288, 0.0127878971398, -0.0140463048592, 0.015772646293, -0.0185750219971, 0.0192411709577, -0.0188147053123, 0.0205766465515, -0.0188068207353, 0.024201028049, -0.0117405802011], [0.00377505412325, -0.00462645897642, 0.00621415022761, -0.00587493460625, 0.00649619661272, -0.00867664255202, 0.00897578429431, -0.0104028712958, 0.0105096837506, -0.0128293884918, 0.0112674636766, -0.0117405802011, 0.0163529049605]]
    }
}

}