{
"metadata": {
    "version": {
        "essentia": "2.0.1",
        "extractor": "archive-music 1.0 mod ismir14"
    },
    "audio_properties": {
        "analysis_sample_rate": 44100,
        "bitrate": 721,
        "channels": 2,
        "equal_loudness": 0,
        "length": 29.9995231628,
        "replay_gain": -14.8590297699,
        "downmix": "mix"
    },
    "tags": {
        "track": 0,
        "year": 0,
        "album": "",
        "artist": "",
        "comment": "",
        "genre": "",
        "title": ""
    }
},
"rhythm": {
    "bpm": 109.404251099,
    "bpm_histogram_first_peak": 110,
    "bpm_histogram_first_peak_spread": 0.433962285519,
    "bpm_histogram_first_peak_weight": 0.566037714481,
    "bpm_histogram_second_peak": 0,
    "bpm_histogram_second_peak_spread": 0,
    "bpm_histogram_second_peak_weight": 0
},
"tonal": {
    "tuning_frequency": {
        "dmean": 0.0514882318676,
        "dmean2": 0.0962285846472,
        "dvar": 0.909939110279,
        "dvar2": 1.69757509232,
        "max": 456.04309082,
        "mean": 434.769500732,
        "median": 434.193115234,
        "min": 431.193908691,
        "var": 9.44995594025
    },
    "hpcp": {
        "dmean": [0.157514810562, 0.184423848987, 0.266359329224, 0.28116825223, 0.218920186162, 0.156372785568, 0.116658121347, 0.137131154537, 0.203157484531, 0.112027198076, 0.116853319108, 0.115677244961],
        "dmean2": [0.2984598279, 0.354040086269, 0.512402236462, 0.536144852638, 0.421944230795, 0.291465520859, 0.219162881374, 0.255875498056, 0.378131628036, 0.213507950306, 0.22151196003, 0.223081365228],
        "dvar": [0.0915008410811, 0.113404899836, 0.15489923954, 0.14981777966, 0.130065992475, 0.0855000764132, 0.0709222406149, 0.0800509005785, 0.096403747797, 0.0702819302678, 0.0690241754055, 0.0712135061622],
        "dvar2": [0.249421045184, 0.311199843884, 0.417994230986, 0.397084414959, 0.339523911476, 0.230633467436, 0.194784611464, 0.220994949341, 0.253571033478, 0.203907698393, 0.198658674955, 0.199322134256],
        "max": [1, 1, 1, 1, 1, 1, 1, 1, 1, 1, 1, 1],
        "mean": [0.121277600527, 0.121465615928, 0.184041053057, 0.245695471764, 0.147905379534, 0.128530412912, 0.0883452743292, 0.121244437993, 0.222743943334, 0.0735906586051, 0.0900063514709, 0.0765412002802],
        "median": [0.00761839188635, 0.00305450614542, 0.00543855829164, 0.0197022613138, 0.00316425575875, 0.00885435286909, 0.00214538234286, 0.00476199854165, 0.0247469507158, 0.00163671234623, 0.00435148179531, 0.00268812663853],
        "min": [0, 0, 0, 0, 0, 0, 0, 0, 0, 0, 0, 0],
        "var": [0.0739377364516, 0.0809594765306, 0.123658798635, 0.146813616157, 0.100472830236, 0.0751028880477, 0.0571393594146, 0.0773377269506, 0.122787341475, 0.0478620566428, 0.0540615692735, 0.0484264194965]
    }
},
"lowlevel": {
    "melbands": {
        "dmean": [0.001756277401, 0.00510923285037, 0.00505318306386, 0.00215227436274, 0.000930667098146, 0.000563137116842, 0.000336180557497, 0.000327924295561, 0.000407387124142, 0.000327998830471, 7.13074114174e-05, 8.73724347912e-05, 5.32732155989e-05, 4.84433330712e-05, 5.59507061553e-05, 5.69188887312e-05, 6.26110268058e-05, 4.81979659526e-05, 2.59540775005e-05, 5.24006027263e-05, 2.45795181399e-05, 1.70440216607e-05, 1.87298901437e-05, 1.15290013127e-05, 6.67915946906e-06, 4.35216497863e-06, 2.51364326687e-06, 1.74880483428e-06, 1.91833373719e-06, 1.32937907438e-06, 1.15039870252e-06, 9.53336950715e-07, 9.11639745027e-07, 6.32056355698e-07, 5.07044774167e-07, 3.46393846939e-07, 1.7621130155e-07, 6.59336265585e-08, 1.44702250182e-08, 1.79592241079e-09],
        "dmean2": [0.00285341637209, 0.00857551209629, 0.00845801085234, 0.00359121779911, 0.00155079050455, 0.000974053633399, 0.000565787253436, 0.000498371315189, 0.000592935539316, 0.000469019432785, 0.000105072627775, 0.000128250292619, 8.10635247035e-05, 7.02672623447e-05, 8.04792434792e-05, 8.42327644932e-05, 9.91560445982e-05, 7.45340439607e-05, 3.83464175684e-05, 8.19657579996e-05, 3.91232970287e-05, 2.67767354671e-05, 2.97163733194e-05, 1.82621006388e-05, 1.10043902168e-05, 6.95865264788e-06, 4.10858456235e-06, 2.8403790111e-06, 3.21862694364e-06, 2.12959548662e-06, 1.90628350083e-06, 1.53790881541e-06, 1.42795363445e-06, 9.90421085589e-07, 8.21147693841e-07, 5.61471210858e-07, 2.68093913292e-07, 9.05249635252e-08, 2.19148095226e-08, 2.56746957028e-09],
        "dvar": [1.84103610081e-05, 3.79028497264e-05, 2.60026827164e-05, 8.74395664141e-06, 1.70295936641e-06, 9.1021706794e-07, 2.93249740935e-07, 3.67823361103e-07, 6.79702850448e-07, 6.89915793828e-07, 2.2386320353e-08, 6.83781706812e-08, 2.02094465607e-08, 2.4080403449e-08, 2.5291059913e-08, 2.61215671316e-08, 3.77080553449e-08, 1.6465447672e-08, 4.27329371888e-09, 5.10999917935e-08, 3.33744964998e-09, 1.30730126724e-09, 2.46847098317e-09, 7.93390353415e-10, 2.18266169028e-10, 1.23490079273e-10, 4.71567750127e-11, 2.0026197714e-11, 2.04214804789e-11, 1.14054980738e-11, 9.53826601036e-12, 6.2397140406e-12, 5.83700839399e-12, 3.38958613781e-12, 2.8022074678e-12, 2.08781126068e-12, 6.74434195557e-13, 1.51234791834e-13, 3.43506567287e-15, 2.91938852057e-16],
        "dvar2": [3.97229014197e-05, 0.000112115601951, 7.58757450967e-05, 2.35752359004e-05, 4.5883821258e-06, 2.58248905993e-06, 7.79023764608e-07, 7.82844153946e-07, 1.29633576762e-06, 1.41137650189e-06, 4.30270681306e-08, 1.40909349966e-07, 3.81549263295e-08, 5.14891276282e-08, 4.34588933729e-08, 6.17013569126e-08, 1.02008257841e-07, 3.81022466911e-08, 8.77082761974e-09, 1.27725940047e-07, 8.04182143099e-09, 3.06949532458e-09, 6.58624443872e-09, 2.11360196012e-09, 5.88941895252e-10, 3.03943897828e-10, 1.2621523271e-10, 5.13562248283e-11, 5.29298931073e-11, 2.929207224e-11, 2.57412771654e-11, 1.51036422952e-11, 1.39326189474e-11, 7.71926793319e-12, 6.31411936625e-12, 4.50054490203e-12, 1.02023576219e-12, 2.76209068638e-13, 7.12312865213e-15, 4.0404673312e-16],
        "max": [0.0670617669821, 0.0601846501231, 0.0476101711392, 0.0359235145152, 0.0125185474753, 0.0144760422409, 0.00903785228729, 0.0123742911965, 0.0196476858109, 0.0199419315904, 0.00600957963616, 0.00953269004822, 0.00486720725894, 0.00432480126619, 0.00419087894261, 0.00322123570368, 0.00351657206193, 0.00267540360801, 0.00111880060285, 0.00566614512354, 0.00116771587636, 0.000771342602093, 0.0010972272139, 0.00052053964464, 0.00025686583831, 0.000216564920265, 0.000183644238859, 6.95306516718e-05, 6.06289140705e-05, 5.46752635273e-05, 5.48143070773e-05, 4.01432880608e-05, 5.44331196579e-05, 4.8480964324e-05, 5.71977798245e-05, 5.78583858442e-05, 4.80429152958e-05, 2.0708235752e-05, 2.61883610619e-06, 6.91742968684e-07],
        "mean": [0.002321225591, 0.00913760252297, 0.00805970653892, 0.00311564002186, 0.00133682868909, 0.00101623218507, 0.000611728988588, 0.000701686600223, 0.000918926787563, 0.000721538206562, 0.000167476609931, 0.000155362169608, 0.000108626074507, 0.00010330263467, 0.000102596692159, 0.000106942563434, 0.000100183591712, 9.46151194512e-05, 5.40027649549e-05, 0.000103713427961, 4.58894428448e-05, 3.12692427542e-05, 4.17987866967e-05, 2.47963944275e-05, 1.21154798762e-05, 7.66004723118e-06, 4.33044897363e-06, 2.99311068375e-06, 3.29760382556e-06, 2.29944316743e-06, 1.86612419384e-06, 1.82954306638e-06, 1.68001190559e-06, 1.23371000882e-06, 9.68283529801e-07, 6.54617167584e-07, 3.56740031293e-07, 1.24591352346e-07, 2.76266920451e-08, 2.71034461541e-09],
        "median": [0.00110893102828, 0.00755672482774, 0.00657273130491, 0.00215360871516, 0.00076635798905, 0.000360649311915, 0.000285090965917, 0.000225837313337, 0.000218171451706, 0.000143251178088, 5.0623100833e-05, 3.86372594221e-05, 2.82739147224e-05, 2.08120709431e-05, 2.2148291464e-05, 2.00158810912e-05, 1.90681967069e-05, 1.95605516637e-05, 1.30258167701e-05, 1.22966866911e-05, 1.15055609058e-05, 1.10055570985e-05, 7.93743402028e-06, 4.94227288073e-06, 3.54811936631e-06, 2.45915407504e-06, 1.35313484861e-06, 8.23366917757e-07, 8.28584120427e-07, 4.41956188979e-07, 3.37649538551e-07, 3.27497701846e-07, 2.9479326713e-07, 2.4396513254e-07, 1.76395531071e-07, 1.25424151065e-07, 6.65763479901e-08, 2.09446913146e-08, 4.8736983338e-09, 4.03446970276e-10],
        "min": [6.41624851028e-08, 2.77713695596e-07, 5.86174223827e-07, 1.97330291485e-06, 8.55706639413e-06, 2.71962244369e-06, 2.88114335945e-07, 6.94949235935e-08, 4.27016175308e-07, 1.81959663337e-07, 1.79734573891e-08, 1.45475445024e-08, 7.20454051972e-09, 1.63656714847e-08, 7.69557395586e-09, 7.41790451286e-09, 6.16038597911e-09, 4.51905535215e-09, 5.14676345986e-09, 4.87433249319e-09, 5.02350738785e-09, 6.23862783655e-09, 2.49606180169e-09, 2.24041363239e-09, 1.62806179649e-09, 1.827952123e-09, 1.22848919926e-09, 6.18503415151e-10, 2.12018388956e-10, 1.89941770645e-10, 8.95698029635e-11, 4.0651051969e-11, 3.28531403471e-11, 2.19627822873e-11, 1.43016171822e-11, 1.40473205984e-11, 8.08930353258e-12, 3.82484755673e-12, 8.29108916939e-13, 7.37901832194e-14],
        "var": [2.79376454273e-05, 5.83065666433e-05, 4.16356124333e-05, 1.14096137622e-05, 2.54449128079e-06, 2.35056404563e-06, 7.37192806355e-07, 1.67698863152e-06, 3.16459340866e-06, 3.3232900023e-06, 1.49941598693e-07, 2.22212818812e-07, 8.80094006561e-08, 6.73560691666e-08, 8.49453130058e-08, 7.11445693469e-08, 6.40401793817e-08, 6.09731145573e-08, 1.47500660574e-08, 1.78384908622e-07, 1.05221751312e-08, 2.88445489716e-09, 1.01305497324e-08, 3.07927527921e-09, 4.43149350549e-10, 2.15264042702e-10, 7.17499046288e-11, 3.79603015688e-11, 4.41261124862e-11, 2.46301382067e-11, 1.80089727853e-11, 1.72469382526e-11, 1.60400460275e-11, 1.05065461539e-11, 9.99408628771e-12, 7.79973655107e-12, 3.41724196683e-12, 4.72352137872e-13, 1.30636299033e-14, 3.76323900622e-16]
    },
    "mfcc": {
        "dmean": [13.156908989, 9.60758590698, 8.63541603088, 7.98623371124, 7.34547996521, 7.12681627274, 6.8911652565, 6.90776157379, 6.73276948929, 6.52318716049, 6.37524032593, 6.19881629944, 6.03235149384],
        "dmean2": [17.3010807037, 14.151927948, 13.023150444, 12.5842227936, 11.7897968292, 11.4311971664, 11.2883367538, 11.2923822403, 11.0358667374, 10.5204057693, 10.4610595703, 10.1328382492, 9.79073524475],
        "dvar": [333.653198242, 109.192085266, 57.7303009033, 51.548828125, 39.5479850769, 35.4407081604, 30.727273941, 30.0548629761, 28.5290241241, 27.7673397064, 27.1592273712, 23.9005451202, 22.1389961243],
        "dvar2": [530.444580078, 196.036743164, 116.126304626, 120.553161621, 89.046257019, 84.8564376831, 79.7297439575, 77.3955383301, 75.0843887329, 69.2706604004, 70.7180938721, 62.1490707397, 60.3196334839],
        "max": [-506.072845459, 274.091522217, 126.141784668, 110.41998291, 63.7892036438, 63.6596832275, 27.7400894165, 58.8495025635, 25.029094696, 49.4181747437, 37.1124954224, 40.2574920654, 31.8929405212],
        "mean": [-657.140197754, 190.078399658, -8.279088974, 45.8503799438, 3.74977064133, 16.1462364197, -15.2912855148, 13.2080545425, -8.63908195496, 7.95138025284, -4.51304578781, 2.56276607513, -9.98381996155],
        "median": [-643.049682617, 191.622558594, -9.12729644775, 44.7459793091, 3.17405319214, 17.0197639465, -14.2481803894, 13.6333408356, -8.43912124634, 7.22644424438, -5.24928855896, 2.31043624878, -9.93054199219],
        "min": [-917.353515625, 35.8142318726, -110.444671631, -42.9233016968, -50.9661712646, -46.8526115417, -65.9312744141, -40.2644805908, -53.9835357666, -31.6401901245, -37.6320343018, -30.1292533875, -43.6912956238],
        "var": [5332.22998047, 1265.34912109, 1171.72705078, 536.746765137, 342.564880371, 254.317047119, 246.842575073, 173.712661743, 112.732116699, 177.133239746, 123.971618652, 94.7347259521, 95.1952590942],
        "cov": [[5334.29394531, -1417.39990234, -1028.21081543, 57.204624176, -616.781860352, 183.911117554, -474.809844971, 252.296432495, -208.613311768, 248.593948364, -118.977714539, 121.801506042, -163.799880981], [-1417.39990234, 1265.83886719, -256.18951416, -364.019195557, 156.31149292, -226.860214233, 208.135925293, -123.33946991, 63.9209060669, -51.8958053589, 134.344558716, -56.4628372192, 58.7331352234], [-1028.21081543, -256.18951416, 1172.18054199, 278.8644104, -9.57182693481, 237.14793396, 117.954795837, 46.4259872437, -2.41437196732, -74.2762298584, -69.6984863281, -2.82864499092, 2.40367794037], [57.204624176, -364.019195557, 278.8644104, 536.954467773, 102.440994263, 49.691368103, -130.061904907, 39.5308036804, 22.7516174316, -65.0969619751, -85.9468765259, 8.10971832275, 4.78701448441], [-616.781860352, 156.31149292, -9.57182693481, 102.440994263, 342.69744873, -59.1776695251, -9.76319313049, -15.5375852585, 35.0077896118, -13.0665178299, 3.2532479763, 4.26094865799, 12.6186771393], [183.911117554, -226.860214233, 237.14793396, 49.691368103, -59.1776695251, 254.415466309, 48.6123275757, 22.2471599579, -18.6276054382, 9.87590026855, -17.6423416138, 1.84909915924, -22.5230789185], [-474.809844971, 208.135925293, 117.954795837, -130.061904907, -9.76319313049, 48.6123275757, 246.938110352, 3.48716711998, -10.3903312683, 8.97919368744, 42.7886543274, -9.48458862305, 2.66503143311], [252.296432495, -123.33946991, 46.4259872437, 39.5308036804, -15.5375852585, 22.2471599579, 3.48716711998, 173.779876709, -8.06669998169, 18.5157108307, -7.27271556854, 27.8536396027, -17.8283691406], [-208.613311768, 63.9209060669, -2.41437196732, 22.7516174316, 35.0077896118, -18.6276054382, -10.3903312683, -8.06669998169, 112.775749207, 9.36991786957, -3.96707248688, -9.05283737183, 4.67178821564], [248.593948364, -51.8958053589, -74.2762298584, -65.0969619751, -13.0665178299, 9.87590026855, 8.97919368744, 18.5157108307, 9.36991786957, 177.201797485, 53.7476234436, -4.41774940491, -37.4199829102], [-118.977714539, 134.344558716, -69.6984863281, -85.9468765259, 3.2532479763, -17.6423416138, 42.7886543274, -7.27271556854, -3.96707248688, 53.7476234436, 124.019592285, 13.0569295883, -7.5406498909], [121.801506042, -56.4628372192, -2.82864499092, 8.10971832275, 4.26094865799, 1.84909915924, -9.48458862305, 27.8536396027, -9.05283737183, -4.41774940491, 13.0569295883, 94.7713851929, 23.9498157501], [-163.799880981, 58.7331352234, 2.40367794037, 4.78701448441, 12.6186771393, -22.5230789185, 2.66503143311, -17.8283691406, 4.67178821564, -37.4199829102, -7.5406498909, 23.9498157501, 95.2321014404]],
        "icov": [[0.000989227439277, 0.000411979592172, 0.00115988764446, -0.000325207220158, 0.00138220970985, -0.000893711403478, 0.000935272488277, -0.000731051375624, 0.00114782224409, -0.000943088147324, 0.000994328758679, -0.000966052582953, 0.000771719031036], [0.000411979592172, 0.0021885863971, 0.000521998677868, 0.000845044793095, -0.000256555824308, 0.000907869369257, -0.000867792987265, 0.000175286302692, -0.000511543999892, 0.000878498482052, -0.00115175906103, 0.000803261238616, -0.000313936878229], [0.00115988764446, 0.000521998677868, 0.00271486886777, -0.00113641773351, 0.00170808832627, -0.00193361169659, 0.000143778364873, -0.000929648987949, 0.00122799677774, -0.000773788895458, 0.00139839190524, -0.00107042840682, 0.000815612147562], [-0.000325207220158, 0.000845044793095, -0.00113641773351, 0.00380611326545, -0.00184864236508, 0.000470924394904, 0.00103561556898, -0.000167993901414, -0.00117328611668, 0.00148290046491, -0.000292257522233, 0.00092851521913, -0.000563679845072], [0.00138220970985, -0.000256555824308, 0.00170808832627, -0.00184864236508, 0.0057360404171, -0.00087874737801, 0.00122856616508, -0.000826507981401, 0.00122545578051, -0.00182753324043, 0.00167006650008, -0.00212607905269, 0.00131716462784], [-0.000893711403478, 0.000907869369257, -0.00193361169659, 0.000470924394904, -0.00087874737801, 0.0071048703976, -0.00260496255942, 0.00107232586015, -0.00105525762774, 0.000872939708643, -0.00111953553278, 0.000997036579065, 5.38516324013e-05], [0.000935272488277, -0.000867792987265, 0.000143778364873, 0.00103561556898, 0.00122856616508, -0.00260496255942, 0.00771260866895, -0.00161345233209, 0.00184158526827, -0.00118093565106, 0.000130268424982, -0.000556683866307, 0.000387359876186], [-0.000731051375624, 0.000175286302692, -0.000929648987949, -0.000167993901414, -0.000826507981401, 0.00107232586015, -0.00161345233209, 0.0073309596628, -0.000802139751613, 7.61744231568e-05, -0.000212282597204, -0.00153696385678, 0.000886099471245], [0.00114782224409, -0.000511543999892, 0.00122799677774, -0.00117328611668, 0.00122545578051, -0.00105525762774, 0.00184158526827, -0.000802139751613, 0.0113367857412, -0.00277229538187, 0.0023349840194, -0.000733519846108, 0.000427956634667], [-0.000943088147324, 0.000878498482052, -0.000773788895458, 0.00148290046491, -0.00182753324043, 0.000872939708643, -0.00118093565106, 7.61744231568e-05, -0.00277229538187, 0.00924354605377, -0.00492283189669, 0.00206741271541, 0.00113536941353], [0.000994328758679, -0.00115175906103, 0.00139839190524, -0.000292257522233, 0.00167006650008, -0.00111953553278, 0.000130268424982, -0.000212282597204, 0.0023349840194, -0.00492283189669, 0.0133571140468, -0.00421174336225, 0.00193847261835], [-0.000966052582953, 0.000803261238616, -0.00107042840682, 0.00092851521913, -0.00212607905269, 0.000997036579065, -0.000556683866307, -0.00153696385678, -0.000733519846108, 0.00206741271541, -0.00421174336225, 0.0145199233666, -0.00506805907935], [0.000771719031036, -0.000313936878229, 0.000815612147562, -0.000563679845072, 0.00131716462784, 5.38516324013e-05, 0.000387359876186, 0.000886099471245, 0.000427956634667, 0.00113536941353, 0.00193847261835, -0.00506805907935, 0.0138758243993]]
    }
}

}