{
"metadata": {
    "version": {
        "essentia": "2.0.1",
        "extractor": "archive-music 1.0 mod ismir14"
    },
    "audio_properties": {
        "analysis_sample_rate": 44100,
        "bitrate": 721,
        "channels": 2,
        "equal_loudness": 0,
        "length": 29.9995231628,
        "replay_gain": -13.4567604065,
        "downmix": "mix"
    },
    "tags": {
        "track": 0,
        "year": 0,
        "album": "",
        "artist": "",
        "comment": "",
        "genre": "",
        "title": ""
    }
},
"rhythm": {
    "bpm": 87.6592712402,
    "bpm_histogram_first_peak": 89,
    "bpm_histogram_first_peak_spread": 0.444444477558,
    "bpm_histogram_first_peak_weight": 0.476190507412,
    "bpm_histogram_second_peak": 82,
    "bpm_histogram_second_peak_spread": 0,
    "bpm_histogram_second_peak_weight": 0.142857149243
},
"tonal": {
    "tuning_frequency": {
        "dmean": 0.169515356421,
        "dmean2": 0.335386931896,
        "dvar": 2.85948753357,
        "dvar2": 5.64742708206,
        "max": 456.570251465,
        "mean": 440.489257812,
        "median": 432.940917969,
        "min": 431.941772461,
        "var": 88.4062423706
    },
    "hpcp": {
        "dmean": [0.159836634994, 0.15626694262, 0.17270514369, 0.169098719954, 0.125247687101, 0.178770333529, 0.277872025967, 0.238917723298, 0.232584431767, 0.223877772689, 0.263265579939, 0.201889678836],
        "dmean2": [0.290652900934, 0.293742984533, 0.31939548254, 0.311456978321, 0.235498160124, 0.325608342886, 0.516009151936, 0.432966440916, 0.430669784546, 0.42101714015, 0.476787656546, 0.376001983881],
        "dvar": [0.0667874291539, 0.0808304920793, 0.0843627825379, 0.0779708400369, 0.0602267757058, 0.0703510567546, 0.109077595174, 0.0924790799618, 0.101135976613, 0.101484909654, 0.0919390767813, 0.0906798690557],
        "dvar2": [0.183545142412, 0.215921416879, 0.23492193222, 0.206807360053, 0.173202738166, 0.187031820416, 0.312799036503, 0.246120855212, 0.275337934494, 0.278354376554, 0.246501967311, 0.26073217392],
        "max": [1, 1, 1, 1, 1, 1, 1, 1, 1, 1, 1, 1],
        "mean": [0.146207123995, 0.131570294499, 0.139980271459, 0.166232004762, 0.0899485424161, 0.200809746981, 0.26899677515, 0.244370758533, 0.193180680275, 0.179125964642, 0.330390065908, 0.150270968676],
        "median": [0.0364508591592, 0.0128985671327, 0.0221814848483, 0.0254397857934, 0.0134282531217, 0.0426483415067, 0.0772976204753, 0.0644409358501, 0.0360277220607, 0.0345442481339, 0.157388165593, 0.0270532779396],
        "min": [0, 0, 0, 1.04329392343e-05, 0, 0.000175495588337, 0, 0, 0, 0, 0, 0],
        "var": [0.0656378567219, 0.0735711529851, 0.0719659999013, 0.0881983339787, 0.0429836623371, 0.0980102494359, 0.125756382942, 0.115366116166, 0.0957220718265, 0.0906862840056, 0.132839202881, 0.0745555087924]
    }
},
"lowlevel": {
    "melbands": {
        "dmean": [0.000203979187063, 0.000803558912594, 0.000953503418714, 0.00047483999515, 0.000285732239718, 0.000442390330136, 0.000557948544156, 0.000386648782296, 0.00040881879977, 0.000253496487858, 0.000123537422041, 7.95821397332e-05, 6.28276829957e-05, 4.37378366769e-05, 6.35393662378e-05, 4.09159729315e-05, 4.20501855842e-05, 3.67573011317e-05, 2.90581647278e-05, 2.38863176492e-05, 2.10067610169e-05, 1.9907090973e-05, 2.53666457866e-05, 2.63989750238e-05, 1.88326594071e-05, 1.57887170644e-05, 1.104169678e-05, 7.47098010834e-06, 4.19610569224e-06, 3.34900209964e-06, 2.48088440458e-06, 1.52233724293e-06, 7.8704738371e-07, 6.15963244854e-07, 5.36876314072e-07, 3.90810754425e-07, 2.57482042798e-07, 1.07820419259e-07, 1.9064655632e-08, 1.09469200371e-09],
        "dmean2": [0.000347511115251, 0.00136662530713, 0.00163048203103, 0.000812545302324, 0.00048661683104, 0.000755415530875, 0.000996476737782, 0.000610577350017, 0.00067573186243, 0.000420082797064, 0.000186558812857, 0.000113887792395, 9.64841165114e-05, 6.81788442307e-05, 9.71292538452e-05, 6.41996011836e-05, 6.6817701736e-05, 6.09832022747e-05, 4.85633354401e-05, 4.00479657401e-05, 3.45403641404e-05, 3.23259919242e-05, 4.14265414292e-05, 4.15092727053e-05, 2.89200324914e-05, 2.53506877925e-05, 1.65195197042e-05, 1.13895694085e-05, 6.80678385834e-06, 5.28222790308e-06, 3.80274286726e-06, 2.404423185e-06, 1.30858995817e-06, 1.01800389984e-06, 8.7089341605e-07, 6.3829378405e-07, 4.22569172542e-07, 1.79337547479e-07, 3.15866515166e-08, 1.85321180624e-09],
        "dvar": [7.29977713831e-08, 1.25626206682e-06, 1.46038723869e-06, 4.75953328305e-07, 1.95944068082e-07, 3.08370346147e-07, 9.2365837645e-07, 9.15523855838e-07, 4.78292463413e-07, 2.30596029382e-07, 6.17150774929e-08, 4.83783111349e-08, 4.55571296243e-08, 1.360611801e-08, 8.48244923191e-08, 1.13573657146e-08, 1.66276183933e-08, 1.03600719115e-08, 8.52222470371e-09, 1.14415081853e-08, 3.4888301137e-09, 2.43832287694e-09, 3.8530356683e-09, 4.40481029429e-09, 1.99115812727e-09, 1.13992415507e-09, 9.22188991836e-10, 4.49419113036e-10, 6.8264553732e-11, 5.45574904698e-11, 3.5717619834e-11, 9.93207426025e-12, 2.49254653376e-12, 1.05160140578e-12, 1.10130557018e-12, 5.707160005e-13, 2.49009742947e-13, 8.25522511677e-14, 2.15442787782e-15, 4.9029298604e-18],
        "dvar2": [2.0073360929e-07, 3.3688363601e-06, 4.01199758926e-06, 1.37526228627e-06, 5.38577410225e-07, 8.23556604246e-07, 2.64039454123e-06, 2.14148553823e-06, 1.30430942136e-06, 6.28199586572e-07, 1.38508283953e-07, 8.79492674244e-08, 1.02854393447e-07, 2.9756829889e-08, 2.35348394995e-07, 2.82144707597e-08, 3.96004864456e-08, 2.76195173399e-08, 2.32880790207e-08, 3.20429016654e-08, 9.23172649436e-09, 6.28576390937e-09, 1.0585813115e-08, 1.15324896299e-08, 4.39541603114e-09, 2.94498270215e-09, 1.77972214743e-09, 9.31970056683e-10, 1.6625650856e-10, 1.1832082536e-10, 7.65109642309e-11, 2.1021729496e-11, 6.40514724592e-12, 2.83522142396e-12, 2.99525270038e-12, 1.52953474539e-12, 6.66871397513e-13, 2.3009675762e-13, 6.03671530014e-15, 1.3112099802e-17],
        "max": [0.00422751158476, 0.0151828024536, 0.0128951668739, 0.0115547329187, 0.00677081290632, 0.00602489430457, 0.010730901733, 0.0119097139686, 0.0164248142391, 0.0121719781309, 0.00496770581231, 0.00599619653076, 0.00647209305316, 0.00324314832687, 0.0106318052858, 0.00296986429021, 0.00378982326947, 0.00179848936386, 0.00207951432094, 0.00311915460043, 0.00121368968394, 0.00103599694557, 0.0011037447257, 0.00142104364932, 0.000888873648364, 0.000714163819794, 0.000752186344471, 0.000668950844556, 0.000131564884214, 0.000256533996435, 0.000205689328141, 0.000104230566649, 3.33463212883e-05, 2.08017336263e-05, 1.771360985e-05, 1.58039056259e-05, 7.85428255767e-06, 6.66357937007e-06, 8.43938892103e-07, 3.63638434919e-08],
        "mean": [0.000256295257714, 0.00107593403663, 0.00126387667842, 0.000715035712346, 0.000379915378289, 0.000652674527373, 0.000656461692415, 0.000507643213496, 0.000764215539675, 0.000439899158664, 0.000276581937214, 0.000154902343638, 0.000109906017315, 7.876525342e-05, 0.000119423995784, 7.3641705967e-05, 7.46659934521e-05, 6.17234181846e-05, 4.40033327322e-05, 3.91413377656e-05, 3.67014326912e-05, 3.72362519556e-05, 5.60432890779e-05, 6.19523270871e-05, 3.93921254727e-05, 3.37272467732e-05, 2.76774480881e-05, 1.57075719471e-05, 8.35524406284e-06, 6.92624689691e-06, 5.58585361432e-06, 3.4421473174e-06, 1.69133181771e-06, 1.30701175749e-06, 1.18999378174e-06, 8.32107900806e-07, 5.11032851591e-07, 1.99593756633e-07, 3.45955868397e-08, 1.88352045072e-09],
        "median": [0.000128085841425, 0.000554979022127, 0.000714860158041, 0.000379818695365, 0.000197499946808, 0.000366476597264, 0.000281900487607, 0.000165253848536, 0.000274807796814, 0.000155048590386, 0.000119527205243, 4.86898243253e-05, 2.22919043154e-05, 2.21040590986e-05, 4.11546534451e-05, 2.02401770366e-05, 1.73328116944e-05, 1.29914888021e-05, 1.11564813778e-05, 7.58443957238e-06, 7.57707084631e-06, 7.48342017687e-06, 6.48793957225e-06, 5.82324400966e-06, 7.83961604611e-06, 8.90930914466e-06, 3.36536913892e-06, 3.69215035789e-06, 3.86057945434e-06, 2.36855294133e-06, 1.40044448926e-06, 1.27320981846e-06, 7.75842295297e-07, 7.18726766991e-07, 6.1298055698e-07, 4.28595740232e-07, 2.99938506032e-07, 1.09058639453e-07, 1.72333631809e-08, 9.67418367637e-10],
        "min": [1.70756155882e-08, 4.44969646196e-06, 6.41375800114e-06, 1.85478700132e-06, 1.36086725888e-06, 2.99087150779e-06, 4.09645508626e-06, 2.87940952148e-06, 2.97095925816e-06, 1.54902409122e-06, 1.26483359963e-06, 6.11166228737e-07, 1.14532959117e-07, 2.97343461853e-07, 2.74447103266e-07, 3.66440929156e-07, 2.99723382113e-07, 1.90353162566e-07, 8.06905831041e-08, 2.93802401075e-07, 2.61353079622e-07, 9.89165513943e-08, 2.54235288821e-07, 1.95610297737e-07, 3.35417809083e-07, 3.02957943177e-07, 1.36638874437e-07, 1.31252107849e-07, 2.69416943866e-07, 1.37798622291e-07, 1.16394673455e-07, 1.65864420865e-07, 8.63889084712e-08, 5.17714724424e-08, 1.99017833324e-08, 3.27172990922e-08, 2.16931503871e-08, 6.39431574356e-09, 8.95490070985e-10, 8.90012993859e-11],
        "var": [1.43934300922e-07, 2.14729038817e-06, 2.42832243202e-06, 1.03859008505e-06, 2.71039453992e-07, 5.80785069815e-07, 1.01369948879e-06, 1.18481420941e-06, 2.62374192062e-06, 1.02806279756e-06, 2.24507417101e-07, 2.00189205657e-07, 1.53387233581e-07, 4.27911572842e-08, 1.23598439927e-07, 3.68837831388e-08, 5.14190929835e-08, 2.51250025229e-08, 1.10782831797e-08, 1.64751323695e-08, 7.32315719176e-09, 6.32797192424e-09, 1.47623371305e-08, 2.05746495396e-08, 7.5970838509e-09, 4.59277016418e-09, 5.05715158639e-09, 1.92350713135e-09, 1.9572392318e-10, 2.79216205712e-10, 1.74692135757e-10, 4.45424877538e-11, 8.05119339253e-12, 3.57879307786e-12, 3.29064119703e-12, 1.22407227583e-12, 4.06269310728e-13, 8.83254041195e-14, 2.80774671938e-15, 7.41460961009e-18]
    },
    "mfcc": {
        "dmean": [12.876074791, 9.83825206757, 10.0925121307, 7.89574432373, 8.36270141602, 7.63449859619, 7.80649375916, 7.49744510651, 7.03995275497, 7.11560487747, 6.9216375351, 6.63317966461, 6.92350387573],
        "dmean2": [17.7154693604, 16.0583114624, 15.76171875, 12.9359273911, 13.5661687851, 12.689535141, 12.9707660675, 12.3361873627, 11.4379882812, 11.7659368515, 11.4204721451, 11.0460262299, 11.6801080704],
        "dvar": [184.881637573, 61.9213256836, 71.4420928955, 39.6640625, 45.3749847412, 37.6735420227, 37.4204063416, 35.060962677, 30.0118217468, 29.1244926453, 28.4638061523, 26.6676235199, 30.012096405],
        "dvar2": [346.54095459, 154.565689087, 178.005004883, 107.55657196, 122.24899292, 105.431716919, 102.01852417, 96.0642166138, 82.9980545044, 77.3263549805, 77.9492721558, 75.904876709, 83.6014099121],
        "max": [-508.69708252, 205.577941895, 54.4174079895, 100.875785828, 29.9126777649, 43.7415847778, 34.515914917, 52.6884002686, 21.0463523865, 48.4199295044, 28.4544448853, 37.7280502319, 16.7917747498],
        "mean": [-630.179016113, 139.0987854, -20.4341201782, 39.9135360718, -25.0924224854, 7.8542714119, -16.2408847809, 10.4007053375, -15.7311429977, 13.6202669144, -7.12861967087, 7.34424877167, -14.3525342941],
        "median": [-638.885925293, 141.071289062, -17.6795578003, 38.2535209656, -26.0784931183, 8.28264045715, -17.1636543274, 10.2612075806, -15.3876895905, 14.1433944702, -7.75067138672, 7.45682525635, -13.5595607758],
        "min": [-732.016784668, 44.6241226196, -95.9318695068, -12.4239082336, -82.7770843506, -30.7843971252, -56.0268630981, -29.4619674683, -52.5743141174, -34.4507446289, -41.870223999, -27.3510169983, -56.9017410278],
        "var": [1859.08361816, 507.691619873, 544.315124512, 253.701690674, 234.058944702, 160.740921021, 190.233520508, 119.825492859, 107.243507385, 122.943870544, 99.4647903442, 84.9586257935, 116.763214111],
        "cov": [[1859.80297852, -427.414245605, -674.057006836, 119.841186523, 70.7859649658, -114.690063477, -32.8091583252, 102.238548279, -35.9926948547, -39.1598472595, -14.3036022186, 2.93254470825, -60.4156417847], [-427.414245605, 507.888122559, 206.608184814, -162.249237061, -81.4576263428, 46.9282569885, -0.445365637541, -73.2642364502, 31.4346160889, 31.8904075623, 19.5023117065, 29.8832206726, 50.7109069824], [-674.057006836, 206.608184814, 544.525756836, 24.2004375458, 18.2244243622, 70.7521896362, 11.6404457092, -8.30965518951, 9.47661972046, 10.8656167984, -13.8154430389, -13.1467380524, 24.6778907776], [119.841186523, -162.249237061, 24.2004375458, 253.799880981, 138.307144165, -43.7798500061, -25.7281799316, 40.1660232544, -8.00977134705, -23.8712081909, -9.30456447601, -19.2495861053, -3.77043938637], [70.7859649658, -81.4576263428, 18.2244243622, 138.307144165, 234.149520874, 10.943572998, -31.9657516479, 35.5629730225, -9.80950641632, -16.8955669403, -20.6611881256, -11.8557872772, -0.387663751841], [-114.690063477, 46.9282569885, 70.7521896362, -43.7798500061, 10.943572998, 160.803131104, 93.9523239136, 7.03384017944, -0.251441001892, -16.0820655823, -8.95592498779, -0.978442490101, -20.7652645111], [-32.8091583252, -0.445365637541, 11.6404457092, -25.7281799316, -31.9657516479, 93.9523239136, 190.307144165, 52.4149169922, -24.1004676819, -17.1020793915, -10.8854904175, 5.33810138702, -21.147939682], [102.238548279, -73.2642364502, -8.30965518951, 40.1660232544, 35.5629730225, 7.03384017944, 52.4149169922, 119.871864319, 15.0834884644, -20.653383255, -4.03796195984, -5.36009216309, -5.40307474136], [-35.9926948547, 31.4346160889, 9.47661972046, -8.00977134705, -9.80950641632, -0.251441001892, -24.1004676819, 15.0834884644, 107.285011292, 47.4331741333, 8.99209499359, 3.48477721214, 5.27499437332], [-39.1598472595, 31.8904075623, 10.8656167984, -23.8712081909, -16.8955669403, -16.0820655823, -17.1020793915, -20.653383255, 47.4331741333, 122.991447449, 37.6728439331, 6.74071645737, 17.08070755], [-14.3036022186, 19.5023117065, -13.8154430389, -9.30456447601, -20.6611881256, -8.95592498779, -10.8854904175, -4.03796195984, 8.99209499359, 37.6728439331, 99.5032806396, 34.0979042053, -1.84395825863], [2.93254470825, 29.8832206726, -13.1467380524, -19.2495861053, -11.8557872772, -0.978442490101, 5.33810138702, -5.36009216309, 3.48477721214, 6.74071645737, 34.0979042053, 84.9915008545, 41.1129150391], [-60.4156417847, 50.7109069824, 24.6778907776, -3.77043938637, -0.387663751841, -20.7652645111, -21.147939682, -5.40307474136, 5.27499437332, 17.08070755, -1.84395825863, 41.1129150391, 116.808403015]],
        "icov": [[0.00120225851424, 3.85921994166e-05, 0.00147542532068, -0.000638322439045, 0.000235665240325, -0.000305885681883, 0.000723901670426, -0.00121910765301, 0.000741683703382, -0.000545808114111, 0.000723020755686, -0.000616645149421, 0.000568609859329], [3.85921994166e-05, 0.00375785212964, -0.00144941965118, 0.00255890237167, -0.000662622333039, 0.000597684062086, -0.000885308196303, 0.00215132767335, -0.00163650233299, 0.00104422634467, -0.00114059017505, 0.000238248234382, -0.00136002234649], [0.00147542532068, -0.00144941965118, 0.00450386852026, -0.00241210591048, 0.000886081019416, -0.00211856886744, 0.00170299329329, -0.00230802572332, 0.00163437391166, -0.00146715715528, 0.00151121092495, -0.00032915873453, 0.000471308187116], [-0.000638322439045, 0.00255890237167, -0.00241210591048, 0.00918591301888, -0.00497704045847, 0.004005481489, -0.00242502405308, 0.00185194471851, -0.00227690278552, 0.00263204053044, -0.00240660598502, 0.00192495714873, -0.00129036651924], [0.000235665240325, -0.000662622333039, 0.000886081019416, -0.00497704045847, 0.00826162472367, -0.00421607168391, 0.00417284062132, -0.00355134205893, 0.00271925260313, -0.00205575698055, 0.00249725324102, -0.00140939338598, 0.000644134706818], [-0.000305885681883, 0.000597684062086, -0.00211856886744, 0.004005481489, -0.00421607168391, 0.0128218745813, -0.00781882088631, 0.0041207880713, -0.00385870272294, 0.00331104686484, -0.00174484611489, 0.00104723870754, 0.000493544794153], [0.000723901670426, -0.000885308196303, 0.00170299329329, -0.00242502405308, 0.00417284062132, -0.00781882088631, 0.0126122441143, -0.00779082393274, 0.00575504545122, -0.00361285707913, 0.00353443529457, -0.00329604069702, 0.00235193665139], [-0.00121910765301, 0.00215132767335, -0.00230802572332, 0.00185194471851, -0.00355134205893, 0.0041207880713, -0.00779082393274, 0.0158127080649, -0.00697269989178, 0.00527032325044, -0.0037595841568, 0.00299364258535, -0.00254424312152], [0.000741683703382, -0.00163650233299, 0.00163437391166, -0.00227690278552, 0.00271925260313, -0.00385870272294, 0.00575504545122, -0.00697269989178, 0.0152603173628, -0.00749889900908, 0.00338772730902, -0.00257864338346, 0.00208624801598], [-0.000545808114111, 0.00104422634467, -0.00146715715528, 0.00263204053044, -0.00205575698055, 0.00331104686484, -0.00361285707913, 0.00527032325044, -0.00749889900908, 0.0140005117282, -0.00651565147564, 0.00373700656928, -0.00329604069702], [0.000723020755686, -0.00114059017505, 0.00151121092495, -0.00240660598502, 0.00249725324102, -0.00174484611489, 0.00353443529457, -0.0037595841568, 0.00338772730902, -0.00651565147564, 0.0160771682858, -0.00838291831315, 0.00464039249346], [-0.000616645149421, 0.000238248234382, -0.00032915873453, 0.00192495714873, -0.00140939338598, 0.00104723870754, -0.00329604069702, 0.00299364258535, -0.00257864338346, 0.00373700656928, -0.00838291831315, 0.0193056967109, -0.0079248175025], [0.000568609859329, -0.00136002234649, 0.000471308187116, -0.00129036651924, 0.000644134706818, 0.000493544794153, 0.00235193665139, -0.00254424312152, 0.00208624801598, -0.00329604069702, 0.00464039249346, -0.0079248175025, 0.0129526443779]]
    }
}

}