{
"metadata": {
    "version": {
        "essentia": "2.0.1",
        "extractor": "archive-music 1.0 mod ismir14"
    },
    "audio_properties": {
        "analysis_sample_rate": 44100,
        "bitrate": 721,
        "channels": 2,
        "equal_loudness": 0,
        "length": 29.9995231628,
        "replay_gain": -13.8808917999,
        "downmix": "mix"
    },
    "tags": {
        "track": 0,
        "year": 0,
        "album": "",
        "artist": "",
        "comment": "",
        "genre": "",
        "title": ""
    }
},
"rhythm": {
    "bpm": 90.231262207,
    "bpm_histogram_first_peak": 91,
    "bpm_histogram_first_peak_spread": 0.357142865658,
    "bpm_histogram_first_peak_weight": 0.62790697813,
    "bpm_histogram_second_peak": 85,
    "bpm_histogram_second_peak_spread": 0,
    "bpm_histogram_second_peak_weight": 0.0232558138669
},
"tonal": {
    "tuning_frequency": {
        "dmean": 0.0570939257741,
        "dmean2": 0.113741368055,
        "dvar": 0.705561757088,
        "dvar2": 1.55116021633,
        "max": 454.727905273,
        "mean": 440.104217529,
        "median": 441.527557373,
        "min": 431.193908691,
        "var": 50.0570526123
    },
    "hpcp": {
        "dmean": [0.199456304312, 0.157596588135, 0.171821579337, 0.131502240896, 0.166430696845, 0.181161135435, 0.19117449224, 0.229372173548, 0.229494154453, 0.169681236148, 0.166751384735, 0.198110148311],
        "dmean2": [0.369181543589, 0.300553619862, 0.319313287735, 0.247926428914, 0.306502491236, 0.333863586187, 0.362349510193, 0.417309165001, 0.422880113125, 0.319462895393, 0.313282191753, 0.370901197195],
        "dvar": [0.0887886509299, 0.0901781842113, 0.0827277526259, 0.0687015801668, 0.0776321217418, 0.0884256586432, 0.1058639884, 0.101026266813, 0.108863189816, 0.0942990481853, 0.0863443911076, 0.0956823676825],
        "dvar2": [0.240685254335, 0.256205677986, 0.24187913537, 0.19361717999, 0.214980348945, 0.240645214915, 0.278960734606, 0.267095386982, 0.284743309021, 0.27217784524, 0.253211259842, 0.276656240225],
        "max": [1, 1, 1, 1, 1, 1, 1, 1, 1, 1, 1, 1],
        "mean": [0.200434759259, 0.116501413286, 0.161144047976, 0.123056970537, 0.15653026104, 0.195774435997, 0.140186920762, 0.252826780081, 0.205287724733, 0.122529514134, 0.123816505075, 0.143334373832],
        "median": [0.0371760576963, 0.00899245869368, 0.0278425551951, 0.0106849260628, 0.0218104198575, 0.0262560397387, 0.0063875252381, 0.0615834705532, 0.0290581490844, 0.0119317574427, 0.0135788563639, 0.0220448058099],
        "min": [0, 0, 0, 0, 3.02186344925e-05, 2.22647668124e-05, 0, 0, 0, 0, 0, 0],
        "var": [0.102775432169, 0.0724922642112, 0.0817548707128, 0.0725397616625, 0.0799935162067, 0.109925664961, 0.0878056138754, 0.126630842686, 0.111616700888, 0.0699406713247, 0.0685933083296, 0.0739009454846]
    }
},
"lowlevel": {
    "melbands": {
        "dmean": [0.000754182110541, 0.00249240268022, 0.00117874215357, 0.000477704277728, 0.000339154386893, 0.000252560392255, 0.000273562996881, 0.000313661934342, 0.000441885436885, 0.000305325171212, 0.000136505797855, 0.000152427630383, 0.000138350034831, 9.92447749013e-05, 0.000134146510391, 0.000135526919621, 3.2781943446e-05, 2.53265443462e-05, 1.44869636642e-05, 1.77593919943e-05, 2.73451623798e-05, 2.09598529182e-05, 3.36316988978e-05, 2.62604498857e-05, 1.50375526573e-05, 1.74791475729e-05, 1.33658641062e-05, 8.27515941637e-06, 3.82891767003e-06, 3.2140537769e-06, 1.69940039996e-06, 8.20173170268e-07, 4.98017413975e-07, 3.98143100711e-07, 3.6755662336e-07, 3.1881378959e-07, 1.56191646283e-07, 1.0955140084e-07, 3.0668505957e-08, 2.98875546534e-09],
        "dmean2": [0.00123924866784, 0.00452281720936, 0.00206554937176, 0.000821778841782, 0.000592949683778, 0.000428792904131, 0.000455332221463, 0.000488835736178, 0.000630597176496, 0.000407763989642, 0.000194792548427, 0.000213953171624, 0.000192219522432, 0.000154591631144, 0.000199537607841, 0.000192231687834, 4.86941389681e-05, 3.79511220672e-05, 2.29427932936e-05, 2.78630432149e-05, 4.30666368629e-05, 3.39999169228e-05, 5.372690066e-05, 3.92761467083e-05, 2.24657269428e-05, 2.80207023025e-05, 1.96326454898e-05, 1.21922121252e-05, 5.88226976106e-06, 4.87689339934e-06, 2.59153080151e-06, 1.29622890199e-06, 8.08783283901e-07, 6.37101550183e-07, 5.96231075178e-07, 5.09988240083e-07, 2.45896842443e-07, 1.7704128652e-07, 4.80373039125e-08, 4.68387462149e-09],
        "dvar": [6.17187481566e-07, 8.07926608104e-06, 1.89979618881e-06, 5.23183189216e-07, 5.25371831372e-07, 1.81273492217e-07, 2.2007462519e-07, 3.54132907887e-07, 7.7449908531e-07, 9.74510385277e-07, 2.65227640739e-07, 2.02087463208e-07, 1.30619142169e-07, 9.29909944603e-08, 1.32680867182e-07, 1.64584022855e-07, 1.03778399207e-08, 5.01196595337e-09, 6.24571838692e-10, 8.09077971287e-10, 2.82425349774e-09, 2.20323093103e-09, 4.98131713655e-09, 3.38641403808e-09, 8.32032442943e-10, 1.09394482362e-09, 7.79506847959e-10, 3.42690875677e-10, 6.55658097259e-11, 5.33735104724e-11, 1.15685143756e-11, 1.79332232658e-12, 5.83175435026e-13, 3.45770043457e-13, 3.90347069988e-13, 2.03044734346e-13, 6.26165989176e-14, 2.61588219483e-14, 2.60693130121e-15, 5.12300845884e-17],
        "dvar2": [1.74737726866e-06, 2.69288993877e-05, 5.57785460842e-06, 1.50642574681e-06, 1.50462676629e-06, 4.90453999191e-07, 5.75075375764e-07, 8.23391928861e-07, 1.44622163134e-06, 1.6580022475e-06, 4.19846571731e-07, 2.91699819854e-07, 1.99014721147e-07, 2.13538712046e-07, 2.36527611719e-07, 2.80433937405e-07, 1.52830299527e-08, 1.11903011302e-08, 1.41512390694e-09, 1.91215354661e-09, 6.61962973325e-09, 5.74844394308e-09, 1.22522409995e-08, 7.76597985919e-09, 1.81343784433e-09, 2.63696264824e-09, 1.53532953018e-09, 6.52318810079e-10, 1.31167299244e-10, 1.05600812816e-10, 2.5115810473e-11, 4.50068498095e-12, 1.48401289087e-12, 8.38797239132e-13, 9.23269815635e-13, 5.01308575814e-13, 1.48241648449e-13, 6.52289637235e-14, 5.57033641828e-15, 7.98671468782e-17],
        "max": [0.00866710860282, 0.0214397013187, 0.0142604615539, 0.011242447421, 0.00767316576093, 0.00608217529953, 0.009407103993, 0.00982679054141, 0.0178313869983, 0.019562298432, 0.0252342987806, 0.0163189806044, 0.0131392246112, 0.00663156993687, 0.00882149767131, 0.0122459027916, 0.00479833269492, 0.00173298432492, 0.000446803431259, 0.000280846725218, 0.000877500220668, 0.000681688194163, 0.00101017626002, 0.00116705836263, 0.000477013294585, 0.00044731394155, 0.000506971904542, 0.000519961176906, 0.000163605000125, 0.000162655822351, 5.96854551986e-05, 2.20441688725e-05, 1.0421749721e-05, 9.80243567028e-06, 1.14562171802e-05, 6.28437965133e-06, 5.16747786605e-06, 2.55797908721e-06, 9.74241061158e-07, 2.5039872753e-07],
        "mean": [0.00128344295081, 0.00342341931537, 0.00177729525603, 0.000666646810714, 0.000437637965661, 0.00037893676199, 0.000442672084318, 0.000594908953644, 0.000892617565114, 0.000603702384979, 0.00023293850245, 0.000268831441645, 0.00031412136741, 0.000145492871525, 0.000228128701565, 0.000246405776124, 6.13986776443e-05, 4.24888894486e-05, 2.57950632658e-05, 3.05017347273e-05, 4.47298662039e-05, 3.42633466062e-05, 5.66752678424e-05, 4.55598310509e-05, 2.82293713099e-05, 3.12146803481e-05, 2.5084355002e-05, 1.51105177792e-05, 7.39242477721e-06, 5.77625678488e-06, 3.11109829454e-06, 1.5892776446e-06, 9.66706352301e-07, 8.35626281059e-07, 7.48167849451e-07, 6.44645922421e-07, 3.46939401652e-07, 2.33142841921e-07, 6.82327296886e-08, 5.71506442171e-09],
        "median": [0.000928297697101, 0.0023584170267, 0.00122222572099, 0.000402947625844, 0.000197213550564, 0.000177419467946, 0.000170197279658, 0.000191309300135, 0.000247008574661, 9.33442206588e-05, 5.01756294398e-05, 6.20589707978e-05, 4.6190489229e-05, 4.5406355639e-05, 5.53434729227e-05, 4.12663757743e-05, 1.39686635521e-05, 1.06125007733e-05, 1.06161824078e-05, 1.26378545247e-05, 1.32312561618e-05, 1.04004957393e-05, 1.48036060637e-05, 9.81771518127e-06, 9.30596161197e-06, 1.15340644697e-05, 6.31164493825e-06, 3.54143435288e-06, 2.68884696197e-06, 1.75789830337e-06, 1.20292781958e-06, 8.54022346175e-07, 5.97334235408e-07, 5.15847943916e-07, 4.82686459691e-07, 4.39348553982e-07, 2.10776107679e-07, 1.51135694182e-07, 4.19117789363e-08, 3.3852318726e-09],
        "min": [9.18551904761e-07, 4.68419375466e-06, 1.59696428454e-05, 3.87568570659e-06, 1.89571051123e-06, 1.78410505214e-06, 2.0919887902e-06, 2.33230002777e-06, 2.71527301265e-06, 6.01853571425e-07, 7.48193315303e-07, 1.12831253318e-06, 9.02026499716e-07, 6.00906105319e-07, 6.79032325479e-07, 1.32098136874e-07, 3.59006804729e-07, 2.5397173431e-07, 1.60960823337e-07, 2.30747204455e-07, 1.2107508951e-07, 2.9252640843e-07, 4.10201039358e-07, 3.218166853e-07, 3.9491041548e-07, 6.41992585315e-07, 1.86976450323e-07, 1.8023139603e-07, 1.1236792119e-07, 1.27145298734e-07, 5.8540663872e-08, 4.85061342204e-08, 2.09166515219e-08, 3.14967998349e-08, 3.9039161237e-08, 3.66139651931e-08, 1.63697411182e-08, 5.23589083201e-09, 1.65974345379e-09, 1.22426790927e-10],
        "var": [1.43100896821e-06, 1.0510842003e-05, 2.93595599032e-06, 6.82591746681e-07, 5.63036849144e-07, 3.26553106333e-07, 6.02016882567e-07, 1.02580906969e-06, 2.72594525086e-06, 3.58196416528e-06, 1.16989428989e-06, 6.49276955755e-07, 7.04746810243e-07, 1.32558653831e-07, 3.39628428492e-07, 6.10130371115e-07, 5.77417225145e-08, 1.47963143959e-08, 1.60138002858e-09, 1.72963265932e-09, 5.62355539913e-09, 3.47126150047e-09, 1.03895736459e-08, 7.6329644827e-09, 2.09970485443e-09, 2.53998533317e-09, 2.18690754394e-09, 8.6115892195e-10, 1.62622665334e-10, 1.31234495493e-10, 2.56198534609e-11, 4.10821853966e-12, 1.19673943064e-12, 8.64035405723e-13, 7.42072039667e-13, 4.15988505578e-13, 1.51571450161e-13, 6.98013288879e-14, 7.08002272193e-15, 7.78487930963e-17]
    },
    "mfcc": {
        "dmean": [13.5730285645, 9.3312292099, 9.6577539444, 8.43713665009, 8.16753768921, 7.75918960571, 7.50259113312, 7.18923091888, 6.99169635773, 6.70873355865, 6.92134904861, 6.92076539993, 6.47832679749],
        "dmean2": [17.0944099426, 14.9008998871, 15.072473526, 13.5325870514, 13.5282249451, 12.6078634262, 12.3666124344, 11.8995819092, 11.8130607605, 11.0741014481, 11.4495124817, 11.4465436935, 10.769317627],
        "dvar": [198.897964478, 58.0911026001, 69.9216308594, 45.0726318359, 39.8590011597, 36.0431518555, 33.5977516174, 29.8078346252, 29.4089889526, 27.9562301636, 30.523059845, 29.4669303894, 23.5189819336],
        "dvar2": [255.531845093, 143.343444824, 143.206726074, 109.908607483, 103.801017761, 93.9962692261, 92.6450958252, 81.4563522339, 76.6922454834, 76.7278747559, 84.2524490356, 82.2354125977, 63.2133979797],
        "max": [-512.762145996, 208.286376953, 47.2724533081, 93.2692184448, 38.6908531189, 57.9129104614, 44.9136390686, 58.2093658447, 20.523815155, 51.6302490234, 32.6743736267, 46.1504898071, 21.6677818298],
        "mean": [-622.098632812, 144.923400879, -19.7131958008, 41.3964004517, -9.60695171356, 9.75021648407, 0.564225971699, 17.6944561005, -10.6292390823, 11.52384758, -3.5525662899, 12.9009914398, -4.85091638565],
        "median": [-624.958984375, 145.1925354, -17.8658180237, 41.0249938965, -9.74115753174, 10.7031898499, 0.359672546387, 17.8225193024, -10.2707595825, 11.0034618378, -3.32629013062, 12.9235954285, -4.7204284668],
        "min": [-718.753356934, 78.5208282471, -79.9246520996, -18.8390312195, -53.419002533, -42.299030304, -37.5697937012, -21.7440643311, -46.5201721191, -32.4742965698, -37.7594337463, -21.395652771, -35.4777488708],
        "var": [1999.44311523, 289.394165039, 513.625427246, 312.492980957, 223.41255188, 221.825286865, 169.565612793, 127.385322571, 85.3012924194, 103.549034119, 92.3332214355, 87.2388305664, 73.6644134521],
        "cov": [[2000.21691895, -42.8498001099, -682.122070312, 9.68599891663, -306.391998291, -251.271087646, -138.208297729, -89.8122177124, -38.7163696289, -23.5583343506, -63.4402046204, 1.47258555889, -69.6323699951], [-42.8498001099, 289.506164551, 8.35151100159, -97.3168869019, -60.8735427856, -4.18946027756, 12.3511829376, 0.886304855347, -14.6396150589, 15.885602951, 49.4006729126, -4.03359413147, -1.729144454], [-682.122070312, 8.35151100159, 513.82421875, -20.9597244263, 168.479644775, 75.0521850586, 18.7103309631, 16.4415626526, 20.0240573883, 18.7523384094, 9.32901763916, -13.8969802856, 23.2501564026], [9.68599891663, -97.3168869019, -20.9597244263, 312.613922119, 68.8887405396, -8.58415317535, -60.1448097229, -19.868932724, 49.3829307556, 15.5621480942, -41.3750495911, -3.62054347992, 22.9578723907], [-306.391998291, -60.8735427856, 168.479644775, 68.8887405396, 223.499008179, 40.5556411743, 15.3942956924, -13.318696022, 20.0000896454, 22.5183773041, -13.793299675, 1.77631294727, 6.89973211288], [-251.271087646, -4.18946027756, 75.0521850586, -8.58415317535, 40.5556411743, 221.911132812, 103.625160217, 38.8552360535, -17.8577880859, -9.61764812469, 37.4454650879, -5.44077825546, -16.1755561829], [-138.208297729, 12.3511829376, 18.7103309631, -60.1448097229, 15.3942956924, 103.625160217, 169.631225586, 69.4948654175, -11.1322832108, -23.1905498505, 22.0235691071, 13.9029178619, -12.0069570541], [-89.8122177124, 0.886304855347, 16.4415626526, -19.868932724, -13.318696022, 38.8552360535, 69.4948654175, 127.434623718, 23.1908779144, -19.047624588, 7.17291593552, 10.1586818695, 7.05531787872], [-38.7163696289, -14.6396150589, 20.0240573883, 49.3829307556, 20.0000896454, -17.8577880859, -11.1322832108, 23.1908779144, 85.3343048096, 38.1403045654, -3.77137541771, 0.962783396244, 8.22964096069], [-23.5583343506, 15.885602951, 18.7523384094, 15.5621480942, 22.5183773041, -9.61764812469, -23.1905498505, -19.047624588, 38.1403045654, 103.589103699, 29.1161746979, -3.93096828461, -1.77499270439], [-63.4402046204, 49.4006729126, 9.32901763916, -41.3750495911, -13.793299675, 37.4454650879, 22.0235691071, 7.17291593552, -3.77137541771, 29.1161746979, 92.3689498901, 29.6890869141, -5.09787654877], [1.47258555889, -4.03359413147, -13.8969802856, -3.62054347992, 1.77631294727, -5.44077825546, 13.9029178619, 10.1586818695, 0.962783396244, -3.93096828461, 29.6890869141, 87.2725906372, 26.2518081665], [-69.6323699951, -1.729144454, 23.2501564026, 22.9578723907, 6.89973211288, -16.1755561829, -12.0069570541, 7.05531787872, 8.22964096069, -1.77499270439, -5.09787654877, 26.2518081665, 73.6929244995]],
        "icov": [[0.00115955201909, 0.000204266209039, 0.00114081706852, 1.92993902601e-05, 0.000678466924001, 0.000597497099079, 0.000280502368696, 0.00027397199301, 0.000244354596362, -0.000215304869926, 0.000609117152635, -0.00039251812268, 0.000971101981122], [0.000204266209039, 0.00444960128516, -0.000143350567669, 0.000828853691928, 0.00116989726666, 0.000651818001643, -0.000391237466829, 0.000349547015503, 0.000260079075815, -0.000416201248299, -0.00212809443474, 0.00112489401363, -0.000566252798308], [0.00114081706852, -0.000143350567669, 0.00418373476714, 0.000943633320276, -0.00191590713803, -0.000313606084092, 0.00118167314213, -0.000278850144241, -0.000435124122305, 0.000110504348413, 0.000175380293513, 0.000601697422098, -0.000360532954801], [1.92993902601e-05, 0.000828853691928, 0.000943633320276, 0.0048674158752, -0.00153440597933, -0.00128851027694, 0.00201303954236, 0.000292439217446, -0.00257028196938, 0.000286242866423, 0.00118254660629, -1.95835013983e-06, -0.00123913877178], [0.000678466924001, 0.00116989726666, -0.00191590713803, -0.00153440597933, 0.00815975852311, -3.52146853402e-05, -0.00167021667585, 0.00192658486776, -2.22265907723e-06, -0.00183710199781, 0.0019723076839, -0.00155827577692, 0.00117027456872], [0.000597497099079, 0.000651818001643, -0.000313606084092, -0.00128851027694, -3.52146853402e-05, 0.00820654165, -0.00438963994384, -0.000190694525372, 0.00198152801022, 0.000345571810612, -0.00335973803885, 0.00197454891168, 0.00103911920451], [0.000280502368696, -0.000391237466829, 0.00118167314213, 0.00201303954236, -0.00167021667585, -0.00438963994384, 0.0119092175737, -0.00488729542121, 0.000468438694952, 0.000906462140847, 0.00072081311373, -0.00200740201399, 0.00159156182781], [0.00027397199301, 0.000349547015503, -0.000278850144241, 0.000292439217446, 0.00192658486776, -0.000190694525372, -0.00488729542121, 0.0126542784274, -0.00576152279973, 0.00307269045152, -0.000573994300794, 2.07480406971e-05, -0.00129577307962], [0.000244354596362, 0.000260079075815, -0.000435124122305, -0.00257028196938, -2.22265907723e-06, 0.00198152801022, 0.000468438694952, -0.00576152279973, 0.0191069804132, -0.00791186932474, 0.00200263597071, -0.000798091641627, 0.000336594152031], [-0.000215304869926, -0.000416201248299, 0.000110504348413, 0.000286242866423, -0.00183710199781, 0.000345571810612, 0.000906462140847, 0.00307269045152, -0.00791186932474, 0.0157618466765, -0.00691459095106, 0.00286174146459, -0.000470450526336], [0.000609117152635, -0.00212809443474, 0.000175380293513, 0.00118254660629, 0.0019723076839, -0.00335973803885, 0.00072081311373, -0.000573994300794, 0.00200263597071, -0.00691459095106, 0.0195296723396, -0.00828891154379, 0.00326575478539], [-0.00039251812268, 0.00112489401363, 0.000601697422098, -1.95835013983e-06, -0.00155827577692, 0.00197454891168, -0.00200740201399, 2.07480406971e-05, -0.000798091641627, 0.00286174146459, -0.00828891154379, 0.0170831345022, -0.00678438227624], [0.000971101981122, -0.000566252798308, -0.000360532954801, -0.00123913877178, 0.00117027456872, 0.00103911920451, 0.00159156182781, -0.00129577307962, 0.000336594152031, -0.000470450526336, 0.00326575478539, -0.00678438227624, 0.0180696137249]]
    }
}

}