{
"metadata": {
    "version": {
        "essentia": "2.0.1",
        "extractor": "archive-music 1.0 mod ismir14"
    },
    "audio_properties": {
        "analysis_sample_rate": 44100,
        "bitrate": 128,
        "channels": 2,
        "equal_loudness": 0,
        "length": 30.0669155121,
        "replay_gain": -8.88451004028,
        "downmix": "mix"
    },
    "tags": {
        "track": 7,
        "year": 0,
        "album": "The Cool Jazz Collection",
        "artist": "Astrud Gilberto",
        "comment": "",
        "genre": "Jazz",
        "title": "Girl From Ipanema"
    }
},
"rhythm": {
    "bpm": 130.002792358,
    "bpm_histogram_first_peak": 129,
    "bpm_histogram_first_peak_spread": 0.490909099579,
    "bpm_histogram_first_peak_weight": 0.444444447756,
    "bpm_histogram_second_peak": 136,
    "bpm_histogram_second_peak_spread": 0.199999988079,
    "bpm_histogram_second_peak_weight": 0.0634920671582
},
"tonal": {
    "tuning_frequency": {
        "dmean": 0.255293667316,
        "dmean2": 0.417549282312,
        "dvar": 3.65482282639,
        "dvar2": 9.33737564087,
        "max": 454.727905273,
        "mean": 437.051513672,
        "median": 436.456176758,
        "min": 436.456176758,
        "var": 3.51141476631
    },
    "hpcp": {
        "dmean": [0.0587853044271, 0.236946702003, 0.0796437934041, 0.257388114929, 0.151118129492, 0.0710026472807, 0.215424954891, 0.0464124232531, 0.197331398726, 0.122941255569, 0.175799906254, 0.187808662653],
        "dmean2": [0.112823046744, 0.411423206329, 0.143948569894, 0.476453125477, 0.268754661083, 0.130589649081, 0.363132745028, 0.0864445194602, 0.359256863594, 0.230196982622, 0.320473223925, 0.330715835094],
        "dvar": [0.0229840762913, 0.0954586416483, 0.03359785676, 0.113972567022, 0.0601983889937, 0.0252246242017, 0.0824145972729, 0.0136741735041, 0.0746943503618, 0.055376496166, 0.0784738883376, 0.0772280618548],
        "dvar2": [0.0645300745964, 0.208118766546, 0.0911638215184, 0.2442124933, 0.125010639429, 0.0607129558921, 0.182330563664, 0.0272615849972, 0.191959545016, 0.158164665103, 0.216365322471, 0.179224997759],
        "max": [1, 1, 1, 1, 1, 1, 1, 1, 1, 1, 1, 1],
        "mean": [0.041795372963, 0.313383251429, 0.0493382774293, 0.326137363911, 0.152934208512, 0.0748917832971, 0.277330726385, 0.0567496791482, 0.203673258424, 0.085719153285, 0.134131014347, 0.176085844636],
        "median": [0.00511890184134, 0.103465661407, 0.00649286760017, 0.0755672976375, 0.0307094082236, 0.00950219295919, 0.0854078605771, 0.00759186688811, 0.0380123704672, 0.0100310733542, 0.0253644045442, 0.0254209730774],
        "min": [6.02218751737e-05, 9.84400394373e-05, 3.40105907526e-05, 0.00023637751292, 3.68249020539e-05, 0.000168244994711, 2.88987812382e-05, 3.62747305189e-05, 7.33582783141e-06, 0.000110641805804, 4.75462002214e-05, 0.000460503651993],
        "var": [0.0165665205568, 0.145461216569, 0.0197091959417, 0.167932882905, 0.0708969533443, 0.0382229872048, 0.131382003427, 0.0304035525769, 0.100998215377, 0.0417090393603, 0.0682397186756, 0.0895160064101]
    }
},
"lowlevel": {
    "melbands": {
        "dmean": [0.000129582855152, 0.000320674764225, 0.000323166983435, 0.000158045717399, 0.000106038649392, 3.40517617587e-05, 1.92811949091e-05, 2.58320105786e-05, 1.0097057384e-05, 7.85555039329e-06, 7.58366695663e-06, 8.16025112726e-06, 1.40106453728e-06, 1.04167304471e-06, 1.67629059433e-06, 1.16183787213e-06, 9.13303608741e-07, 2.83263261736e-07, 3.39950759098e-07, 2.78364638007e-07, 1.14442187282e-07, 1.79130353217e-07, 2.21620936713e-07, 1.91191105614e-07, 7.10345986477e-08, 5.49810259542e-08, 7.97713113343e-08, 1.276330579e-07, 1.06845980952e-07, 1.39210484917e-07, 2.68802324399e-07, 4.79835250644e-07, 4.46678313892e-07, 2.48875323905e-07, 1.27834539398e-07, 7.288931414e-08, 4.09450180427e-08, 1.46747893837e-08, 4.13261203036e-09, 3.07934483468e-10],
        "dmean2": [0.000212151397136, 0.000511483987793, 0.000515730353072, 0.000249262579018, 0.000168228871189, 5.68849754927e-05, 3.45816770277e-05, 4.83600488224e-05, 1.839784818e-05, 1.46602842506e-05, 1.3934436538e-05, 1.44366622408e-05, 2.54675728684e-06, 1.94165886569e-06, 3.1042734463e-06, 2.19408002522e-06, 1.75973957539e-06, 5.23293579135e-07, 6.39005406811e-07, 5.0859756584e-07, 1.99055293137e-07, 3.33839523137e-07, 4.00162065262e-07, 3.55478420033e-07, 1.20817588822e-07, 9.57802797075e-08, 1.48240886233e-07, 2.42938227757e-07, 1.94477053128e-07, 2.65336041139e-07, 5.21217884852e-07, 9.23338745906e-07, 8.40576717565e-07, 4.73238912946e-07, 2.39666064772e-07, 1.38251721182e-07, 7.73392230258e-08, 2.79260596869e-08, 7.84027243128e-09, 5.80858694477e-10],
        "dvar": [6.77737546084e-08, 1.08515862962e-07, 1.24722305372e-07, 7.12075305387e-08, 1.72234795315e-08, 2.36666775066e-09, 1.9445693944e-09, 2.50174148064e-09, 4.62835963999e-10, 4.38019065463e-10, 2.13796647053e-10, 1.33034616656e-09, 8.40883699477e-12, 3.48757177651e-12, 2.47680730092e-11, 9.34961830179e-12, 1.00673150372e-11, 3.11180822863e-13, 1.08750020707e-12, 7.11332034942e-13, 4.04279237312e-14, 1.01986649648e-13, 1.52491341494e-13, 1.56377501551e-13, 1.75833468879e-14, 1.08460087089e-14, 3.76915668544e-14, 1.6595253817e-13, 5.400057639e-14, 1.38180713074e-13, 5.54317659482e-13, 1.84456985276e-12, 1.42287928401e-12, 4.65724193151e-13, 8.64931837632e-14, 2.25342985103e-14, 6.42339515792e-15, 1.14074183347e-15, 1.25511727468e-16, 9.3866129467e-19],
        "dvar2": [1.53037845507e-07, 2.52887872421e-07, 2.62851727939e-07, 1.63867298397e-07, 3.4702466678e-08, 4.87110973779e-09, 5.63812019294e-09, 7.72844366281e-09, 1.41687950261e-09, 1.40606370991e-09, 6.31537655504e-10, 3.66845043231e-09, 2.36071266702e-11, 9.98059274115e-12, 6.95528981631e-11, 2.74728590571e-11, 2.94624880048e-11, 8.75521280908e-13, 3.12343553799e-12, 1.94543079562e-12, 1.11833536409e-13, 2.81653498267e-13, 4.29882881679e-13, 4.33813792181e-13, 4.77823008482e-14, 2.9220651235e-14, 1.07062497973e-13, 4.85089832886e-13, 1.5410256079e-13, 4.07951667239e-13, 1.60268846805e-12, 5.28688507903e-12, 3.99570784446e-12, 1.10205182653e-12, 2.36340271355e-13, 6.29903437353e-14, 1.8029575703e-14, 3.23841130405e-15, 3.48467448676e-16, 2.58129237491e-18],
        "max": [0.00181773630902, 0.0021794307977, 0.00276516890153, 0.00324531132355, 0.000934243144002, 0.000303512177197, 0.000299937586533, 0.000328474998241, 0.000136596310767, 0.000177078356501, 6.59379875287e-05, 0.000355258467607, 1.85821008927e-05, 1.11639756142e-05, 4.4427550165e-05, 2.08704987017e-05, 2.62604335148e-05, 3.71804981114e-06, 8.06671232567e-06, 5.45486818737e-06, 1.01142654785e-06, 2.2462418201e-06, 2.69706379186e-06, 2.38565712607e-06, 1.01967225419e-06, 8.47180501751e-07, 1.29784996261e-06, 3.20607659887e-06, 1.35077300456e-06, 2.53982489085e-06, 4.74615717394e-06, 7.61511910241e-06, 6.1689870563e-06, 4.98544659422e-06, 1.55798386459e-06, 7.29942428279e-07, 3.7902569261e-07, 2.29722616041e-07, 8.00566937187e-08, 7.18312298531e-09],
        "mean": [0.000112221227027, 0.000386969681131, 0.000494494801387, 0.000185831348062, 0.000138162926305, 4.0317492676e-05, 1.64336579473e-05, 2.00600024982e-05, 7.83798168413e-06, 5.350477295e-06, 5.12787755724e-06, 5.54272492082e-06, 1.10617463633e-06, 8.03712907782e-07, 1.21178527479e-06, 7.50725178023e-07, 5.60674607186e-07, 2.09112869243e-07, 2.1531131722e-07, 1.99625830533e-07, 1.00679493187e-07, 1.59901020425e-07, 1.89034665254e-07, 1.54436051503e-07, 6.4827844426e-08, 4.73526569067e-08, 6.33406571637e-08, 8.79565504874e-08, 7.59762173175e-08, 8.96508964843e-08, 1.62563111417e-07, 2.77677770555e-07, 2.73099999504e-07, 1.72101309204e-07, 8.44968255365e-08, 4.88972737855e-08, 2.81270633451e-08, 1.03678781116e-08, 3.0617630653e-09, 2.27017363241e-10],
        "median": [3.06013862428e-05, 0.000267285940936, 0.000250248936936, 0.000108333370008, 4.93167608511e-05, 1.8914039174e-05, 5.6237422541e-06, 5.93655295233e-06, 2.15695877159e-06, 1.0057522104e-06, 8.08016807241e-07, 6.86788155235e-07, 3.34522326284e-07, 3.67243956134e-07, 2.99599150821e-07, 1.1723057014e-07, 9.06903068199e-08, 6.34831280877e-08, 2.43756232976e-08, 2.62320014599e-08, 3.23153841464e-08, 5.66394113832e-08, 5.18122895699e-08, 3.06526573013e-08, 1.78277232976e-08, 1.41924285657e-08, 1.70440053182e-08, 1.8777747357e-08, 1.2697523033e-08, 1.45749323721e-08, 1.20746612708e-08, 8.39401881336e-09, 1.1246372722e-08, 9.23197518432e-09, 7.92601095867e-09, 6.10701800241e-09, 4.1258196859e-09, 1.68757163799e-09, 3.87875648267e-10, 2.42789989502e-11],
        "min": [6.04157946782e-07, 2.60057800006e-06, 1.16887224522e-06, 1.44293414905e-06, 9.30226178752e-07, 2.03762894557e-07, 1.0557568686e-07, 5.45420455467e-08, 1.49939669569e-08, 1.92579712177e-08, 1.05586375199e-08, 1.30625084083e-08, 7.04533675844e-09, 9.90760717912e-09, 6.76777922592e-09, 3.25315752114e-09, 1.31274446868e-09, 7.47197026474e-10, 8.60117366219e-10, 1.49559709062e-09, 8.5125378968e-10, 6.45079434314e-10, 5.73658121006e-10, 6.53716025756e-10, 5.92362603413e-10, 4.98319940867e-10, 9.58945922669e-10, 1.12174369793e-09, 7.86259279906e-10, 1.14489362435e-09, 1.778908576e-09, 1.07432152063e-09, 1.37568345604e-09, 1.25335797296e-09, 8.29297019944e-10, 6.48122722158e-10, 6.03435357238e-10, 1.86440488048e-10, 4.69294117456e-11, 8.37410924024e-13],
        "var": [6.58962875377e-08, 1.71531510773e-07, 3.82303682045e-07, 9.54323056135e-08, 3.75736703973e-08, 3.16494186414e-09, 1.40843492424e-09, 1.70312053349e-09, 3.13585962752e-10, 2.71926647866e-10, 1.41625836059e-10, 8.55620130302e-10, 5.85315910323e-12, 2.28789795269e-12, 1.62713158919e-11, 5.53562621089e-12, 5.47776017254e-12, 2.09757206179e-13, 6.37816242963e-13, 4.6930162664e-13, 3.09922816306e-14, 7.25415008011e-14, 1.11438080443e-13, 1.07652534348e-13, 1.63345967069e-14, 9.40279416286e-15, 2.43780876426e-14, 9.01543650931e-14, 3.27735309323e-14, 7.95478524089e-14, 3.2402037867e-13, 1.05324538154e-12, 8.78790475719e-13, 3.76836338826e-13, 5.65612010353e-14, 1.40884050912e-14, 4.17661866599e-15, 7.38239559053e-16, 8.43001996868e-17, 6.35354016382e-19]
    },
    "mfcc": {
        "dmean": [44.1489257812, 32.2276268005, 20.5764598846, 16.7578372955, 12.6447811127, 15.2465248108, 11.1499195099, 8.99309062958, 7.9476017952, 10.9630355835, 7.74958705902, 7.42933797836, 6.57810306549],
        "dmean2": [69.3178100586, 52.0685157776, 33.299911499, 26.7962055206, 18.7559890747, 25.0100574493, 17.9663791656, 14.4755191803, 13.3278036118, 16.9154644012, 12.6176404953, 12.4027280807, 10.3585042953],
        "dvar": [1125.19750977, 788.225769043, 293.146759033, 168.017089844, 100.204170227, 158.202941895, 84.215461731, 46.9667167664, 34.3229370117, 72.1311798096, 33.3254890442, 34.4235038757, 27.4450263977],
        "dvar2": [2832.65014648, 1973.23742676, 838.473327637, 407.287811279, 229.744613647, 401.809509277, 220.682601929, 107.842346191, 89.1754684448, 186.907272339, 90.3584136963, 77.211769104, 67.1563186646],
        "max": [-734.388427734, 217.682189941, 107.862609863, 108.504425049, 32.0687294006, 69.6462173462, 24.4935493469, 41.6796875, 14.8232765198, 27.3997402191, 24.1952400208, 38.9750404358, 12.552646637],
        "mean": [-859.827575684, 162.096710205, 51.7622261047, 39.7108459473, -2.716183424, 15.0797739029, -5.66684293747, 9.25555992126, -10.8628110886, -7.4316906929, -7.32921028137, 0.852699697018, -7.94674158096],
        "median": [-854.720703125, 168.461212158, 51.6034736633, 36.8464164734, 0.0714950561523, 16.328037262, -2.62693405151, 8.38212013245, -11.009759903, -6.28974151611, -7.01382255554, 0.416706085205, -7.33642578125],
        "min": [-1020.11737061, 48.5630455017, -13.7995605469, -7.91642379761, -49.4572525024, -32.3915214539, -51.9935417175, -14.5822219849, -36.5130653381, -39.5160369873, -42.1932640076, -24.0506057739, -34.9705276489],
        "var": [2935.5925293, 1153.44750977, 607.771118164, 464.059082031, 229.721908569, 251.426330566, 210.499237061, 114.62021637, 73.6322402954, 174.358230591, 112.2628479, 100.287200928, 68.674041748],
        "cov": [[2953.71337891, -210.783462524, -511.721160889, 78.0255889893, -265.084136963, 98.3729171753, -363.703857422, 183.363220215, -20.931930542, 299.969268799, 41.6087913513, 99.0870819092, -193.833343506], [-210.783462524, 1160.56750488, -259.595611572, -318.254089355, 211.723861694, -208.122299194, 176.804931641, -0.785128355026, 31.8918628693, -97.8593826294, 56.4000473022, -66.1358413696, -16.0911540985], [-511.721160889, -259.595611572, 611.522827148, 121.084571838, -129.088912964, 165.653076172, 21.7875804901, -41.204372406, -25.8840847015, -91.2813339233, 24.219701767, -9.44781017303, 69.7265701294], [78.0255889893, -318.254089355, 121.084571838, 466.92364502, 72.2610931396, -67.7155532837, -106.229370117, 30.7635211945, -29.7753391266, -89.5336303711, -13.4477920532, -19.2809429169, 31.19764328], [-265.084136963, 211.723861694, -129.088912964, 72.2610931396, 231.139953613, -105.913475037, 21.6044406891, -4.39121770859, 18.4450378418, -50.976272583, -22.4668674469, -7.31960201263, 5.86460590363], [98.3729171753, -208.122299194, 165.653076172, -67.7155532837, -105.913475037, 252.978347778, 23.498752594, 0.704485297203, 17.8769760132, 83.6531982422, 32.4389152527, 26.2095546722, 10.2684822083], [-363.703857422, 176.804931641, 21.7875804901, -106.229370117, 21.6044406891, 23.498752594, 211.798614502, 1.7803812027, 7.99626111984, -13.3473987579, 11.2395324707, 11.7072906494, 23.8428821564], [183.363220215, -0.785128355026, -41.204372406, 30.7635211945, -4.39121770859, 0.704485297203, 1.7803812027, 115.32775116, 19.1327152252, -2.15789532661, 43.9647369385, -4.59543037415, -1.64237523079], [-20.931930542, 31.8918628693, -25.8840847015, -29.7753391266, 18.4450378418, 17.8769760132, 7.99626111984, 19.1327152252, 74.0867614746, 43.5261001587, 4.74165201187, -14.1380348206, 5.03811597824], [299.969268799, -97.8593826294, -91.2813339233, -89.5336303711, -50.976272583, 83.6531982422, -13.3473987579, -2.15789532661, 43.5261001587, 175.434509277, 4.03984260559, 22.0516109467, -33.3129615784], [41.6087913513, 56.4000473022, 24.219701767, -13.4477920532, -22.4668674469, 32.4389152527, 11.2395324707, 43.9647369385, 4.74165201187, 4.03984260559, 112.955825806, -14.4564447403, 10.4784078598], [99.0870819092, -66.1358413696, -9.44781017303, -19.2809429169, -7.31960201263, 26.2095546722, 11.7072906494, -4.59543037415, -14.1380348206, 22.0516109467, -14.4564447403, 100.906257629, -7.79607725143], [-193.833343506, -16.0911540985, 69.7265701294, 31.19764328, 5.86460590363, 10.2684822083, 23.8428821564, -1.64237523079, 5.03811597824, -33.3129615784, 10.4784078598, -7.79607725143, 69.0979614258]],
        "icov": [[0.00208359560929, -0.00209022080526, 0.00234052096494, -0.00307839433663, 0.00441531930119, -0.00273543945514, 0.00308498251252, -0.00235929037444, 0.00149960711133, -0.00207633385435, 0.00124530878384, -0.00224254652858, 0.00174516602419], [-0.00209022080526, 0.00468643708155, -0.00236158212647, 0.00532276183367, -0.00647904910147, 0.0043902117759, -0.00407321751118, 0.00261111278087, -0.00211500190198, 0.00345501466654, -0.00312719866633, 0.00334345805459, -0.000755864370149], [0.00234052096494, -0.00236158212647, 0.00669901072979, -0.00502492161468, 0.00739077432081, -0.00608772784472, 0.00276402174495, -7.2099683166e-05, -7.08987354301e-05, 0.0013881046325, 0.000783173716627, -0.00250024721026, 0.00111992738675], [-0.00307839433663, 0.00532276183367, -0.00502492161468, 0.0102803716436, -0.0103337820619, 0.00642752833664, -0.00323047651909, 0.00127378501929, -0.000606613350101, 0.00359189254232, -0.00252052233554, 0.00453852955252, -0.0032298178412], [0.00441531930119, -0.00647904910147, 0.00739077432081, -0.0103337820619, 0.0188920106739, -0.00646163476631, 0.00556606194004, -0.00250105350278, -0.00117683853023, -0.00198382604867, 0.00380981736816, -0.00650790613145, 0.00327882776037], [-0.00273543945514, 0.0043902117759, -0.00608772784472, 0.00642752833664, -0.00646163476631, 0.0130599085242, -0.00495063373819, 0.0020349342376, -0.00202272017486, -0.00144412589725, -0.00376084004529, 0.00230770558119, -0.00276379939169], [0.00308498251252, -0.00407321751118, 0.00276402174495, -0.00323047651909, 0.00556606194004, -0.00495063373819, 0.0113302506506, -0.00474154949188, 0.0030022165738, -0.00323758972809, 0.00259852106683, -0.00440213177353, -5.47081945115e-05], [-0.00235929037444, 0.00261111278087, -7.2099683166e-05, 0.00127378501929, -0.00250105350278, 0.0020349342376, -0.00474154949188, 0.0161237735301, -0.00775095634162, 0.00617661233991, -0.00688107125461, 0.00143029575702, 0.000164479002706], [0.00149960711133, -0.00211500190198, -7.08987354301e-05, -0.000606613350101, -0.00117683853023, -0.00202272017486, 0.0030022165738, -0.00775095634162, 0.0235698092729, -0.0102833025157, 0.00355619518086, 0.00253141089343, -0.00369002111256], [-0.00207633385435, 0.00345501466654, 0.0013881046325, 0.00359189254232, -0.00198382604867, -0.00144412589725, -0.00323758972809, 0.00617661233991, -0.0102833025157, 0.0167907252908, -0.0032558424864, 0.000664350518491, 0.00301803182811], [0.00124530878384, -0.00312719866633, 0.000783173716627, -0.00252052233554, 0.00380981736816, -0.00376084004529, 0.00259852106683, -0.00688107125461, 0.00355619518086, -0.0032558424864, 0.0138681223616, 2.74191843346e-05, -0.00164077756926], [-0.00224254652858, 0.00334345805459, -0.00250024721026, 0.00453852955252, -0.00650790613145, 0.00230770558119, -0.00440213177353, 0.00143029575702, 0.00253141089343, 0.000664350518491, 2.74191843346e-05, 0.0145384008065, -0.0015040471917], [0.00174516602419, -0.000755864370149, 0.00111992738675, -0.0032298178412, 0.00327882776037, -0.00276379939169, -5.47081945115e-05, 0.000164479002706, -0.00369002111256, 0.00301803182811, -0.00164077756926, -0.0015040471917, 0.0214782822877]]
    }
}

}