{
"metadata": {
    "version": {
        "essentia": "2.0.1",
        "extractor": "archive-music 1.0 mod ismir14"
    },
    "audio_properties": {
        "analysis_sample_rate": 44100,
        "bitrate": 32,
        "channels": 2,
        "equal_loudness": 0,
        "length": 30.0408172607,
        "replay_gain": -13.5811634064,
        "downmix": "mix"
    },
    "tags": {
        "track": 0,
        "year": 0,
        "album": "",
        "artist": "",
        "comment": "",
        "genre": "",
        "title": ""
    }
},
"rhythm": {
    "bpm": 172.265625,
    "bpm_histogram_first_peak": 172,
    "bpm_histogram_first_peak_spread": 0,
    "bpm_histogram_first_peak_weight": 0.441860467196,
    "bpm_histogram_second_peak": 178,
    "bpm_histogram_second_peak_spread": 0,
    "bpm_histogram_second_peak_weight": 0.430232554674
},
"tonal": {
    "tuning_frequency": {
        "dmean": 0.196310847998,
        "dmean2": 0.364064127207,
        "dvar": 3.13107943535,
        "dvar2": 8.30887889862,
        "max": 456.306610107,
        "mean": 437.293304443,
        "median": 436.960693359,
        "min": 431.193908691,
        "var": 17.6775016785
    },
    "hpcp": {
        "dmean": [0.167065531015, 0.16093300283, 0.160856068134, 0.215919107199, 0.0947542190552, 0.157650575042, 0.198526144028, 0.257516801357, 0.160324186087, 0.109362795949, 0.26017549634, 0.0761588215828],
        "dmean2": [0.281683474779, 0.281983584166, 0.273974239826, 0.362214326859, 0.169462099671, 0.268604725599, 0.332906037569, 0.443294525146, 0.274680942297, 0.19248944521, 0.453894883394, 0.134567752481],
        "dvar": [0.0437794066966, 0.0570057220757, 0.0496725700796, 0.0633874386549, 0.0227734297514, 0.0522719547153, 0.0553900636733, 0.0721923857927, 0.0506297461689, 0.0298085417598, 0.0722792670131, 0.0192348789424],
        "dvar2": [0.112810447812, 0.144654601812, 0.123278558254, 0.135300055146, 0.0607444792986, 0.111480869353, 0.130484417081, 0.175212010741, 0.126063987613, 0.0771770775318, 0.144066110253, 0.0505365245044],
        "max": [1, 1, 1, 1, 1, 1, 1, 1, 1, 1, 1, 1],
        "mean": [0.235298112035, 0.150938346982, 0.161422416568, 0.272076040506, 0.0860722661018, 0.259047269821, 0.278179109097, 0.340420693159, 0.192416042089, 0.109433740377, 0.635791778564, 0.0758453980088],
        "median": [0.135948389769, 0.0397812500596, 0.0589575283229, 0.132530465722, 0.0314396843314, 0.0910689085722, 0.133905395865, 0.208438053727, 0.0660973414779, 0.0388613902032, 0.672106742859, 0.0309124663472],
        "min": [0.00172096758615, 0.000198969442863, 0.000579246145207, 0.000558335741516, 0.000566825619899, 0.00282037747093, 0.000600010331254, 0.000892176874913, 0.000433401757618, 0.000675564981066, 0.0107259899378, 0.000648391549475],
        "var": [0.0688715949655, 0.0587000623345, 0.0570676699281, 0.0965213924646, 0.0213277656585, 0.114156417549, 0.101929321885, 0.112831883132, 0.0782261937857, 0.0327248089015, 0.127988681197, 0.0176597721875]
    }
},
"lowlevel": {
    "melbands": {
        "dmean": [4.90368474857e-05, 0.000211315855267, 0.000192956518731, 0.000104937935248, 6.36165568721e-05, 0.000113834787044, 0.000114654256322, 0.000123102741782, 0.000128965373733, 6.80943776388e-05, 5.02709845023e-05, 2.9780128898e-05, 2.43464473897e-05, 1.58685706992e-05, 2.59352636931e-05, 1.35060345201e-05, 1.48867547978e-05, 1.12278403321e-05, 8.44655460241e-06, 7.46558771425e-06, 6.71329917168e-06, 6.69846713208e-06, 8.73840599525e-06, 8.70492203831e-06, 6.58189128444e-06, 5.07069808009e-06, 4.79178925161e-06, 2.9855948469e-06, 1.25379858673e-06, 1.08093297513e-06, 8.28829683996e-07, 5.0080160463e-07, 2.34308757285e-07, 1.82568285823e-07, 1.7541638897e-07, 1.52519859853e-07, 1.50428576262e-07, 1.13811978508e-07, 6.15620763256e-08, 3.21170503526e-08],
        "dmean2": [7.34179484425e-05, 0.000324524415191, 0.000302372180158, 0.00014615150576, 0.000102305442852, 0.000183150084922, 0.000185139258974, 0.000204773969017, 0.000193459360162, 0.00010197066149, 7.77286331868e-05, 4.52053754998e-05, 3.71889400412e-05, 2.34660456044e-05, 4.18148993049e-05, 2.09176378121e-05, 2.24203158723e-05, 1.72499476321e-05, 1.37119714054e-05, 1.08100821308e-05, 1.0243658835e-05, 1.03077054519e-05, 1.27571538542e-05, 1.24253801914e-05, 1.00211427707e-05, 7.62546142141e-06, 7.10923768565e-06, 4.74490616398e-06, 1.97508188648e-06, 1.64638618116e-06, 1.21213702187e-06, 7.64092419558e-07, 3.6019926597e-07, 2.77746551092e-07, 2.73296194564e-07, 2.38770411443e-07, 2.42347084622e-07, 1.85461544788e-07, 9.97764217914e-08, 5.04747212915e-08],
        "dvar": [4.42126291134e-09, 9.01579610968e-08, 5.48770309194e-08, 2.71210893743e-08, 6.79756073652e-09, 1.72615859384e-08, 2.44099780389e-08, 5.13625408871e-08, 5.29591837051e-08, 2.73615849977e-08, 7.79854492095e-09, 8.43016056962e-09, 6.84111878257e-09, 1.27356059032e-09, 7.68863817058e-09, 1.15769516196e-09, 1.64712143924e-09, 5.95026583561e-10, 2.77197265142e-10, 3.40797140508e-10, 1.57871507533e-10, 1.58874594036e-10, 3.14710285609e-10, 3.6180936025e-10, 2.02532768334e-10, 1.02266660418e-10, 1.3899918716e-10, 7.99158100806e-11, 4.09353150335e-12, 6.01680207393e-12, 4.34979005939e-12, 1.67539007841e-12, 1.99858440344e-13, 6.40669632688e-14, 5.52502549191e-14, 3.3380840003e-14, 4.17679061368e-14, 2.66354050361e-14, 8.03312240539e-15, 1.77877744781e-15],
        "dvar2": [8.95921914434e-09, 2.0726047012e-07, 1.13359732268e-07, 4.66484770811e-08, 1.67672844498e-08, 4.32751861013e-08, 6.19707805072e-08, 1.34491983772e-07, 9.66672928371e-08, 5.09639335178e-08, 1.81850179359e-08, 1.8607966723e-08, 1.67905955806e-08, 2.90036195061e-09, 1.95669649372e-08, 2.31705010734e-09, 3.31094196504e-09, 1.34515221184e-09, 6.06236283396e-10, 7.04102498528e-10, 3.51019269207e-10, 3.31669025577e-10, 5.83151971156e-10, 6.09527206485e-10, 4.7438469819e-10, 1.98928512551e-10, 3.26523280636e-10, 2.02290212359e-10, 9.75362585837e-12, 1.20197567177e-11, 8.57586224257e-12, 3.9671143974e-12, 4.22673506438e-13, 1.2755352601e-13, 1.09244298991e-13, 7.72785494992e-14, 1.06457248886e-13, 6.67933387094e-14, 2.07393391333e-14, 3.90752476898e-15],
        "max": [0.000908239861019, 0.0025348183699, 0.00170477142092, 0.00196787295863, 0.000915055396035, 0.000968777458183, 0.00116039125714, 0.00178501289338, 0.00415557436645, 0.00279016746208, 0.00107557582669, 0.00118054449558, 0.0010655419901, 0.000479633803479, 0.00131684797816, 0.000446013495093, 0.000633190153167, 0.000368422217434, 0.000142292192322, 0.000352143426426, 0.000124475976918, 0.000131323729875, 0.000199048066861, 0.000231682715821, 0.00021493496024, 0.000124690966913, 0.000135908747325, 0.000134090834763, 2.62568501057e-05, 4.79229929624e-05, 3.50269474438e-05, 2.27881646424e-05, 5.99849636274e-06, 4.40800613433e-06, 3.74434034711e-06, 2.05238961826e-06, 2.51689857578e-06, 2.03170566238e-06, 8.36425897432e-07, 5.99737177254e-07],
        "mean": [7.58751120884e-05, 0.000287010538159, 0.000307761423755, 0.000163501215866, 8.98080179468e-05, 0.000161117655807, 0.000156777430675, 0.000119260934298, 0.000190499267774, 9.77404197329e-05, 7.42180272937e-05, 3.35157601512e-05, 2.60996330326e-05, 1.8701693989e-05, 3.10402319883e-05, 1.71213996509e-05, 1.81066807272e-05, 1.47586088133e-05, 1.03909924292e-05, 9.08299352886e-06, 8.52453013067e-06, 8.83199754753e-06, 1.35491136461e-05, 1.52231605171e-05, 9.66679363046e-06, 8.16799092718e-06, 6.63389482725e-06, 3.8228554331e-06, 2.00643967219e-06, 1.64318862517e-06, 1.34451897793e-06, 8.46406237542e-07, 4.26502623441e-07, 3.35275245789e-07, 3.20655772157e-07, 2.65419458856e-07, 2.47240620865e-07, 1.7976154254e-07, 9.60013508688e-08, 5.31844079887e-08],
        "median": [4.51041487395e-05, 0.000172062675119, 0.000207556950045, 8.74476027093e-05, 5.77972023166e-05, 0.000109974003863, 8.45653412398e-05, 3.86272658943e-05, 8.60914296936e-05, 3.99958589696e-05, 3.54834555765e-05, 9.27230212255e-06, 6.03028911428e-06, 6.32823957858e-06, 1.21857738122e-05, 5.34953869646e-06, 4.50286415798e-06, 3.70234374714e-06, 3.07667482957e-06, 2.00090244107e-06, 2.15258887692e-06, 2.11775454773e-06, 1.68045164628e-06, 1.42083877108e-06, 2.16644730244e-06, 2.28313024309e-06, 9.2904599569e-07, 9.82708456831e-07, 1.04086905139e-06, 6.45814509426e-07, 3.74949365778e-07, 3.3248835507e-07, 2.21190276761e-07, 1.97883707642e-07, 1.81735060778e-07, 1.57314190119e-07, 1.62429287798e-07, 1.13649150535e-07, 5.4168022956e-08, 3.46173365529e-08],
        "min": [2.739224783e-06, 1.3009187569e-05, 2.49304480349e-06, 3.75647755391e-06, 1.44392254242e-06, 5.78713923005e-07, 1.25336168821e-06, 3.26091821989e-07, 1.14917469318e-07, 1.31698513428e-07, 1.22303859484e-07, 3.97156156851e-08, 5.81542565214e-08, 1.75476458253e-07, 4.20019006242e-08, 3.85772160882e-08, 2.09338821833e-08, 2.52747103247e-08, 2.32910757347e-08, 3.29125668941e-08, 5.47796759065e-08, 5.46937144463e-08, 5.45456835255e-08, 5.15750606667e-08, 5.6072039456e-08, 3.24413953479e-08, 1.14158931197e-08, 1.15536957779e-08, 3.28822160611e-08, 1.33477993103e-08, 1.08876045957e-08, 1.11545750414e-08, 7.16551973312e-09, 4.24976942526e-09, 4.41890701808e-09, 4.38793934521e-09, 7.77975017741e-09, 5.16270715067e-09, 2.41152853242e-09, 9.81376313547e-10],
        "var": [1.03166302168e-08, 1.16342292245e-07, 8.55288888602e-08, 5.46863176965e-08, 9.70107993936e-09, 2.45813005506e-08, 3.15010453278e-08, 4.41952572316e-08, 1.64241001244e-07, 5.41155138478e-08, 1.35274280666e-08, 1.01227453086e-08, 7.75050246205e-09, 1.87110571481e-09, 7.23682047621e-09, 1.75661651891e-09, 2.58208299186e-09, 1.21047349921e-09, 3.84624554428e-10, 6.40157094001e-10, 3.00677122089e-10, 2.85041074077e-10, 7.85914833212e-10, 1.14415521502e-09, 4.1320979971e-10, 2.47066922476e-10, 2.6652924312e-10, 1.04071473661e-10, 8.66691093893e-12, 1.26438980813e-11, 8.80851034474e-12, 2.42121817387e-12, 4.42957356992e-13, 1.87199919194e-13, 1.90593919228e-13, 8.84403363261e-14, 6.31966809612e-14, 3.70045282665e-14, 1.20868891068e-14, 3.16117312245e-15]
    },
    "mfcc": {
        "dmean": [27.507226944, 9.99846076965, 11.9555892944, 7.90658140182, 8.4166059494, 6.8558549881, 7.4623298645, 6.68333053589, 6.03422927856, 6.04308080673, 5.82162475586, 5.55585479736, 5.93908166885],
        "dmean2": [38.9010467529, 15.184674263, 17.3947868347, 11.8891496658, 12.5028085709, 10.2374105453, 11.2392148972, 10.3557767868, 9.39025688171, 9.38929843903, 9.03662967682, 8.61286735535, 9.42702484131],
        "dvar": [623.799194336, 72.5243453979, 94.462600708, 40.1293563843, 46.0627365112, 30.4203739166, 37.1644363403, 29.3767089844, 20.3040904999, 25.7379703522, 20.0555973053, 17.7466392517, 23.3926868439],
        "dvar2": [1087.85852051, 161.609634399, 174.742111206, 82.2866897583, 94.3496627808, 62.4245223999, 72.2522277832, 72.8806610107, 52.5395774841, 57.3335533142, 50.0189666748, 42.20079422, 52.6286697388],
        "max": [-580.419128418, 178.19418335, 49.6992835999, 73.8895111084, 34.492767334, 27.0873794556, 40.4776687622, 27.9153957367, 17.8577861786, 31.0750236511, 30.0949134827, 23.5218276978, 18.1090068817],
        "mean": [-687.581481934, 122.572395325, -2.38800883293, 25.1342506409, -7.90383195877, -4.80856227875, -3.44675064087, -0.22397813201, -5.53660774231, 6.22280073166, 1.15996336937, 2.65872812271, -7.85179519653],
        "median": [-694.380004883, 125.348770142, -0.922794342041, 22.8210601807, -9.45572471619, -4.34557151794, -4.87031555176, -0.572225570679, -5.02463817596, 6.95950317383, 0.811026573181, 2.57406425476, -6.82813072205],
        "min": [-910.982543945, 57.6900024414, -66.5739517212, -19.6687278748, -44.9009552002, -34.9315795898, -35.0970687866, -24.4480857849, -38.7830619812, -31.9989013672, -23.0799560547, -19.7556324005, -43.5022354126],
        "var": [1834.23803711, 431.88885498, 445.982025146, 205.467712402, 176.285247803, 117.88433075, 149.789199829, 81.993560791, 73.6756744385, 88.9023590088, 65.0384140015, 57.822845459, 85.4875793457],
        "cov": [[1837.07299805, -435.350219727, -619.602233887, 83.888923645, 75.0823440552, -139.286376953, -8.43767261505, 68.4708786011, -23.6639842987, -66.7274703979, 3.8842189312, -26.7069625854, -60.076133728], [-435.350219727, 432.556365967, 169.704696655, -161.619873047, -91.5313720703, 48.4199981689, -12.6376466751, -65.9618911743, 26.4425678253, 41.4552192688, 12.9362668991, 40.3584709167, 41.3886489868], [-619.602233887, 169.704696655, 446.671325684, 6.51893520355, 6.93656349182, 65.6191329956, -2.87682247162, -6.76030921936, 10.451874733, 16.2554168701, -14.1087532043, -4.3386220932, 27.5208950043], [83.888923645, -161.619873047, 6.51893520355, 205.78527832, 110.228591919, -50.0124397278, -29.5401802063, 33.3215637207, -10.4614686966, -22.8612480164, -10.5002584457, -19.1214904785, -5.01310586929], [75.0823440552, -91.5313720703, 6.93656349182, 110.228591919, 176.557723999, -15.607172966, -38.5226554871, 27.2496128082, -7.72765016556, -15.0949859619, -19.3501167297, -14.7940807343, 0.0138339055702], [-139.286376953, 48.4199981689, 65.6191329956, -50.0124397278, -15.607172966, 118.06653595, 71.4088897705, -1.26807534695, -2.84851050377, -16.4355049133, -6.15418243408, -0.623950719833, -19.2170314789], [-8.43767261505, -12.6376466751, -2.87682247162, -29.5401802063, -38.5226554871, 71.4088897705, 150.020706177, 38.8487548828, -27.217546463, -24.1408309937, -9.70405864716, 2.38483333588, -18.2698097229], [68.4708786011, -65.9618911743, -6.76030921936, 33.3215637207, 27.2496128082, -1.26807534695, 38.8487548828, 82.1202926636, 1.85796105862, -28.3710899353, -6.55280590057, -7.22940826416, -4.52072572708], [-23.6639842987, 26.4425678253, 10.451874733, -10.4614686966, -7.72765016556, -2.84851050377, -27.217546463, 1.85796105862, 73.7895431519, 32.625453949, 2.64470529556, 0.606839358807, 3.12322878838], [-66.7274703979, 41.4552192688, 16.2554168701, -22.8612480164, -15.0949859619, -16.4355049133, -24.1408309937, -28.3710899353, 32.625453949, 89.0397644043, 24.5506839752, 1.04578351974, 13.1951265335], [3.8842189312, 12.9362668991, -14.1087532043, -10.5002584457, -19.3501167297, -6.15418243408, -9.70405864716, -6.55280590057, 2.64470529556, 24.5506839752, 65.1389312744, 21.2990875244, -9.68778896332], [-26.7069625854, 40.3584709167, -4.3386220932, -19.1214904785, -14.7940807343, -0.623950719833, 2.38483333588, -7.22940826416, 0.606839358807, 1.04578351974, 21.2990875244, 57.9122161865, 28.590045929], [-60.076133728, 41.3886489868, 27.5208950043, -5.01310586929, 0.0138339055702, -19.2170314789, -18.2698097229, -4.52072572708, 3.12322878838, 13.1951265335, -9.68778896332, 28.590045929, 85.6197128296]],
        "icov": [[0.00121939904056, 0.000584032619372, 0.00132695597131, 0.000410951673985, -0.000443249591626, 0.000782376213465, -0.000204642652534, -9.78273455985e-05, -0.000329832109855, 0.00067232886795, -0.000277476967312, 0.000346018641721, 5.91391508351e-05], [0.000584032619372, 0.00522484770045, -0.00127261329908, 0.0036780545488, -0.000261454028077, 0.000762612151448, -9.3792899861e-05, 0.00233749789186, -0.00134304736275, 0.000749420025386, -0.000423414399847, -0.00143943855073, -0.000850634183735], [0.00132695597131, -0.00127261329908, 0.00502123031765, -0.00185651157517, 0.000238735345192, -0.00249090325087, 0.00137148913927, -0.00191232655197, 0.000743368407711, -0.00079349783482, 0.000577357306611, 0.00117871910334, -0.000776953820605], [0.000410951673985, 0.0036780545488, -0.00185651157517, 0.0117838531733, -0.00567537359893, 0.00574248703197, -0.00200896407478, 0.00171675917227, -0.00181324756704, 0.00336239975877, -0.00217343564145, 0.00122091313824, -0.000356821226887], [-0.000443249591626, -0.000261454028077, 0.000238735345192, -0.00567537359893, 0.0111052161083, -0.00529029779136, 0.00611082743853, -0.0052627758123, 0.00384240644053, -0.00352014251985, 0.00432632723823, -0.00196546665393, 0.000791395141277], [0.000782376213465, 0.000762612151448, -0.00249090325087, 0.00574248703197, -0.00529029779136, 0.0205328408629, -0.0120114879683, 0.00787377450615, -0.00645208079368, 0.00731683149934, -0.00339094176888, 0.00219468446448, 0.00177047064062], [-0.000204642652534, -9.3792899861e-05, 0.00137148913927, -0.00200896407478, 0.00611082743853, -0.0120114879683, 0.0181748252362, -0.0120259504765, 0.00923194456846, -0.00650411099195, 0.00642650621012, -0.0052488008514, 0.00303502730094], [-9.78273455985e-05, 0.00233749789186, -0.00191232655197, 0.00171675917227, -0.0052627758123, 0.00787377450615, -0.0120259504765, 0.0245112050325, -0.0100601827726, 0.0107714841142, -0.00668959785253, 0.00529474345967, -0.00380523293279], [-0.000329832109855, -0.00134304736275, 0.000743368407711, -0.00181324756704, 0.00384240644053, -0.00645208079368, 0.00923194456846, -0.0100601827726, 0.0223025698215, -0.0119165470824, 0.00664733722806, -0.00461435038596, 0.00337859196588], [0.00067232886795, 0.000749420025386, -0.00079349783482, 0.00336239975877, -0.00352014251985, 0.00731683149934, -0.00650411099195, 0.0107714841142, -0.0119165470824, 0.0233353227377, -0.0121587673202, 0.00881526619196, -0.00609585177153], [-0.000277476967312, -0.000423414399847, 0.000577357306611, -0.00217343564145, 0.00432632723823, -0.00339094176888, 0.00642650621012, -0.00668959785253, 0.00664733722806, -0.0121587673202, 0.0272091776133, -0.0152041371912, 0.00974044762552], [0.000346018641721, -0.00143943855073, 0.00117871910334, 0.00122091313824, -0.00196546665393, 0.00219468446448, -0.0052488008514, 0.00529474345967, -0.00461435038596, 0.00881526619196, -0.0152041371912, 0.0312495715916, -0.0130617003888], [5.91391508351e-05, -0.000850634183735, -0.000776953820605, -0.000356821226887, 0.000791395141277, 0.00177047064062, 0.00303502730094, -0.00380523293279, 0.00337859196588, -0.00609585177153, 0.00974044762552, -0.0130617003888, 0.0194849260151]]
    }
}

}