{
"metadata": {
    "version": {
        "essentia": "2.0.1",
        "extractor": "archive-music 1.0 mod ismir14"
    },
    "audio_properties": {
        "analysis_sample_rate": 44100,
        "bitrate": 32,
        "channels": 2,
        "equal_loudness": 0,
        "length": 30.0408172607,
        "replay_gain": -13.720664978,
        "downmix": "mix"
    },
    "tags": {
        "track": 0,
        "year": 0,
        "album": "",
        "artist": "",
        "comment": "",
        "genre": "",
        "title": ""
    }
},
"rhythm": {
    "bpm": 90.2956161499,
    "bpm_histogram_first_peak": 91,
    "bpm_histogram_first_peak_spread": 0.341463446617,
    "bpm_histogram_first_peak_weight": 0.62790697813,
    "bpm_histogram_second_peak": 85,
    "bpm_histogram_second_peak_spread": 0,
    "bpm_histogram_second_peak_weight": 0.0465116277337
},
"tonal": {
    "tuning_frequency": {
        "dmean": 0.15301951766,
        "dmean2": 0.278388112783,
        "dvar": 2.05412793159,
        "dvar2": 5.53111839294,
        "max": 456.570251465,
        "mean": 446.1640625,
        "median": 444.085327148,
        "min": 433.191070557,
        "var": 12.0655040741
    },
    "hpcp": {
        "dmean": [0.22872723639, 0.144595399499, 0.1159190014, 0.126412272453, 0.228150948882, 0.314986884594, 0.186006382108, 0.199793800712, 0.145120307803, 0.0880459994078, 0.0888580530882, 0.102091863751],
        "dmean2": [0.389597415924, 0.271095901728, 0.201165467501, 0.230240121484, 0.401816487312, 0.578461885452, 0.354879230261, 0.342718958855, 0.26397895813, 0.16008669138, 0.153784349561, 0.175090044737],
        "dvar": [0.0813394114375, 0.0648113489151, 0.0313538983464, 0.0486450232565, 0.081303037703, 0.115495935082, 0.0933986827731, 0.0695674419403, 0.0608692541718, 0.0307775251567, 0.0252419169992, 0.0288811326027],
        "dvar2": [0.178085610271, 0.182724103332, 0.0792986303568, 0.118862710893, 0.212483122945, 0.279389798641, 0.253247499466, 0.160343363881, 0.172745496035, 0.0849360749125, 0.0599906183779, 0.073593236506],
        "max": [1, 1, 1, 1, 1, 1, 1, 1, 1, 1, 1, 1],
        "mean": [0.433605343103, 0.0988056883216, 0.134773910046, 0.12621819973, 0.217585206032, 0.454562872648, 0.13583342731, 0.262721538544, 0.129671484232, 0.0788665637374, 0.0952703133225, 0.100288711488],
        "median": [0.226638555527, 0.0180530883372, 0.0479786545038, 0.0260955877602, 0.0693991109729, 0.293761312962, 0.0221990942955, 0.102517768741, 0.0306431502104, 0.0248036570847, 0.029797134921, 0.0335517898202],
        "min": [0.00198768684641, 0.000468983897008, 0.00114033510908, 0.000434817862697, 0.00125977885909, 0.000882095482666, 0.000323877262417, 0.0021096856799, 0.000413982925238, 0.000525314593688, 0.000551855599042, 0.000793537881691],
        "var": [0.167561307549, 0.043533552438, 0.0453625768423, 0.0602775029838, 0.0905489251018, 0.167947679758, 0.0747063159943, 0.107762150466, 0.0592703223228, 0.0252475943416, 0.0310930144042, 0.0294929500669]
    }
},
"lowlevel": {
    "melbands": {
        "dmean": [0.000235072933719, 0.000485490279971, 0.000175372508238, 0.000119718511996, 8.72712553246e-05, 6.20534847258e-05, 8.13162769191e-05, 0.000120942189824, 0.000194813794224, 0.000148795545101, 5.58530919079e-05, 6.91850073054e-05, 6.74447946949e-05, 3.47206550941e-05, 5.60484768357e-05, 6.48049244774e-05, 1.38279065141e-05, 1.01984805951e-05, 5.35675462743e-06, 6.0924517129e-06, 9.60956094787e-06, 7.34118884793e-06, 1.42384506034e-05, 1.21205011965e-05, 6.66123378323e-06, 6.78203332427e-06, 6.34692742096e-06, 3.89526030631e-06, 1.63804418207e-06, 1.50066091464e-06, 7.27961264602e-07, 2.99741799381e-07, 1.61256863862e-07, 1.45817594444e-07, 1.41238359674e-07, 1.38106273084e-07, 1.18347813327e-07, 1.49799518567e-07, 1.4854144581e-07, 1.19049154534e-07],
        "dmean2": [0.000384403363569, 0.000712349428795, 0.000273604819085, 0.000192548555788, 0.000140756223118, 9.55577706918e-05, 0.000124891288579, 0.000188949357835, 0.000317730795359, 0.00024809493334, 9.05377164599e-05, 0.000107409032353, 0.000101673111203, 5.88065850025e-05, 9.45495485212e-05, 0.000107879634015, 2.10095968214e-05, 1.64995853993e-05, 8.49902244227e-06, 9.58467353485e-06, 1.52707962116e-05, 1.15762713904e-05, 2.34306062339e-05, 1.96399978449e-05, 1.06607258203e-05, 1.03913307612e-05, 1.02469020931e-05, 6.31328066447e-06, 2.59778971667e-06, 2.43877275352e-06, 1.17310435144e-06, 4.74340993151e-07, 2.48970593475e-07, 2.27723390367e-07, 2.21680139134e-07, 2.19361538711e-07, 1.79890818686e-07, 2.32097733033e-07, 2.24760256629e-07, 1.86070508335e-07],
        "dvar": [5.95640194945e-08, 2.10494292219e-07, 3.32350111876e-08, 2.94525168698e-08, 2.17646629608e-08, 7.53627382721e-09, 1.83095476558e-08, 4.6398653808e-08, 1.45803852547e-07, 1.77981306138e-07, 7.68598127365e-08, 3.38562422542e-08, 3.27886127138e-08, 8.039680921e-09, 1.77258581147e-08, 3.43742208031e-08, 2.2701514002e-09, 7.15052683731e-10, 7.57102922022e-11, 5.60109909842e-11, 2.17736800812e-10, 1.18230217283e-10, 5.46711065308e-10, 4.00156630054e-10, 1.01428317134e-10, 1.08212376559e-10, 1.29289440265e-10, 4.4680568273e-11, 6.58271050516e-12, 7.53152748501e-12, 1.27977869187e-12, 1.70348557851e-13, 4.00176446884e-14, 3.49431550047e-14, 3.45725780903e-14, 2.56608224795e-14, 2.02795899783e-14, 3.51644406681e-14, 5.03107551821e-14, 2.58917016381e-14],
        "dvar2": [1.61883548344e-07, 4.62926379896e-07, 6.83431125026e-08, 7.42526466979e-08, 5.4243390224e-08, 1.6224232624e-08, 3.68839607745e-08, 1.08725345171e-07, 3.58723497129e-07, 4.16701396944e-07, 1.55210173602e-07, 8.02441064707e-08, 7.1661354184e-08, 2.17590834239e-08, 4.6024759115e-08, 8.13612999195e-08, 3.66957286779e-09, 1.6316699103e-09, 1.76963860232e-10, 1.39954159373e-10, 5.3115861709e-10, 3.0638289128e-10, 1.39459943593e-09, 9.87273929276e-10, 2.43548986534e-10, 2.63617738749e-10, 3.36946970325e-10, 1.16895881863e-10, 1.46840057474e-11, 1.87690488151e-11, 3.28301535263e-12, 4.24704650788e-13, 9.06645228728e-14, 8.17253504996e-14, 8.49322375667e-14, 5.78007422741e-14, 4.51199848154e-14, 7.30873288323e-14, 1.18689698911e-13, 5.38858271426e-14],
        "max": [0.00223740655929, 0.00457780249417, 0.00244404468685, 0.00202249153517, 0.00145319569856, 0.00129253638443, 0.00234146229923, 0.00165114330593, 0.00436427351087, 0.00459170667455, 0.00581398699433, 0.00195486913435, 0.00272993929684, 0.000761429895647, 0.00136063573882, 0.00224282685667, 0.00103458319791, 0.00035242078593, 9.68595049926e-05, 4.59719376522e-05, 0.00014880130766, 8.96204946912e-05, 0.000213676219573, 0.000143240467878, 7.80257032602e-05, 0.000104625032691, 0.000103234495327, 6.87903229846e-05, 1.92840907403e-05, 2.89147410513e-05, 9.28549707169e-06, 4.11118662669e-06, 1.70350006101e-06, 1.51416020344e-06, 1.52605309722e-06, 1.53655776103e-06, 1.50207677052e-06, 1.97834674509e-06, 2.70672285296e-06, 1.72142233623e-06],
        "mean": [0.000416000810219, 0.00107373960782, 0.000351687980583, 0.000165931400261, 0.000111269720946, 9.10072412807e-05, 0.000119828357128, 0.000146254431456, 0.000240257853875, 0.00015182455536, 5.7040109823e-05, 7.16906506568e-05, 8.44905516715e-05, 3.54833391611e-05, 5.95807468926e-05, 6.47780543659e-05, 1.52264028657e-05, 1.11461949928e-05, 6.53001052342e-06, 7.65410004533e-06, 1.15239590741e-05, 8.52226730785e-06, 1.47002228914e-05, 1.16362907647e-05, 7.29131670596e-06, 8.0807831182e-06, 6.54182804283e-06, 3.96351106247e-06, 1.91005983652e-06, 1.50683888478e-06, 8.02332067451e-07, 4.10592832623e-07, 2.55607886857e-07, 2.31151986441e-07, 2.19832600123e-07, 2.29743477576e-07, 1.89769082226e-07, 2.57410050608e-07, 2.38622988036e-07, 1.97870917873e-07],
        "median": [0.000348857109202, 0.000822437286843, 0.000289981224341, 0.000104188475234, 5.06208125444e-05, 4.64475670015e-05, 5.03613409819e-05, 5.01652029925e-05, 7.93237195467e-05, 2.29642719205e-05, 1.32204704641e-05, 1.96103028429e-05, 1.33594112413e-05, 1.21013663374e-05, 1.80642782652e-05, 1.34179517772e-05, 4.41646989202e-06, 3.53845598511e-06, 3.1703411878e-06, 3.68834162146e-06, 3.9331125663e-06, 3.01286354443e-06, 4.72900501336e-06, 2.9939333217e-06, 2.66982442554e-06, 3.52512552126e-06, 2.01480315809e-06, 1.15867362638e-06, 7.30013653083e-07, 5.06500782649e-07, 3.80669234801e-07, 2.44984732944e-07, 1.79853572035e-07, 1.55974845484e-07, 1.63865649938e-07, 1.76631175464e-07, 1.24595061379e-07, 1.79357812158e-07, 1.6111650325e-07, 1.382260848e-07],
        "min": [7.60221200835e-06, 1.69912927959e-05, 9.45064311964e-06, 1.48623394125e-06, 1.24719420569e-07, 1.88992871131e-07, 1.78986863375e-06, 1.04165235371e-06, 5.54556095267e-07, 2.30353052189e-07, 3.47222396613e-07, 2.62998923972e-07, 1.50096639118e-07, 1.12794950269e-07, 4.22926149213e-07, 1.31613603571e-07, 1.15566322734e-07, 7.02716320689e-08, 1.78995520628e-07, 1.45434995602e-07, 2.30162484627e-07, 1.58193088851e-07, 3.02823849552e-07, 2.63306105808e-07, 2.87340924388e-07, 1.33617220399e-07, 1.72899731865e-07, 8.4922405108e-08, 5.53749046617e-08, 1.95051867991e-08, 2.4076998173e-08, 2.76746661143e-08, 1.08540580968e-08, 1.94021190225e-08, 5.31818189486e-09, 1.55071944175e-09, 7.99936739071e-09, 4.41976188981e-09, 6.17825968163e-09, 3.57499851944e-09],
        "var": [1.11915184675e-07, 7.10012727723e-07, 8.60690150262e-08, 3.72360098311e-08, 2.86874186628e-08, 1.61719562186e-08, 4.18078265341e-08, 6.2859292882e-08, 1.7859952095e-07, 2.2010122791e-07, 8.94368810123e-08, 3.42689752131e-08, 5.00449175433e-08, 6.63789379018e-09, 1.73392180614e-08, 3.54456091145e-08, 3.44453154888e-09, 8.48239534168e-10, 8.92701260136e-11, 7.34535834934e-11, 2.91278889897e-10, 1.48435111424e-10, 5.55732626584e-10, 3.79596715172e-10, 1.0614280288e-10, 1.3374402974e-10, 1.22612156539e-10, 4.33655160392e-11, 7.56274903813e-12, 6.8312209188e-12, 1.25134646568e-12, 2.05933713008e-13, 5.82712792407e-14, 4.62281681847e-14, 4.00279242803e-14, 3.60684992615e-14, 3.20004913952e-14, 6.43583697077e-14, 6.75441487138e-14, 3.93323713172e-14]
    },
    "mfcc": {
        "dmean": [32.3034934998, 10.0827312469, 13.4839830399, 10.0394430161, 7.6583738327, 8.38199520111, 7.08737659454, 5.99997854233, 5.67827701569, 6.00779008865, 5.90655755997, 5.68887519836, 5.45629024506],
        "dmean2": [42.8248825073, 15.5063886642, 20.0575714111, 15.1504364014, 11.2611560822, 12.0203170776, 10.5476846695, 9.04712963104, 8.95414352417, 9.36600494385, 9.41933822632, 9.09221744537, 8.7438659668],
        "dvar": [787.149658203, 67.300743103, 151.176940918, 70.8123931885, 41.3294029236, 47.5026702881, 29.601436615, 22.9616775513, 20.7541694641, 22.6232891083, 22.0618095398, 21.3541603088, 18.4573173523],
        "dvar2": [1655.80102539, 149.694580078, 277.350128174, 152.738357544, 79.2507247925, 97.7195739746, 59.8400001526, 48.5214653015, 52.4020118713, 58.260799408, 51.2713508606, 52.1463088989, 47.8232917786],
        "max": [-575.140014648, 176.526519775, 56.3337516785, 68.4093322754, 42.5322341919, 31.3378868103, 55.7751617432, 40.1520423889, 20.6403274536, 30.025226593, 27.3119850159, 33.2400817871, 23.1131916046],
        "mean": [-675.400634766, 125.483581543, -1.71351003647, 23.9363441467, 7.45633363724, -4.61350488663, 14.6984920502, 6.51763677597, 0.616907060146, 3.68683815002, 5.4977016449, 7.5706577301, 2.00674176216],
        "median": [-677.067504883, 126.242874146, -0.0858774185181, 22.7707901001, 7.09795665741, -3.33699893951, 14.1210756302, 6.87873935699, 0.841013908386, 3.15305137634, 5.29709243774, 7.80270195007, 1.97521591187],
        "min": [-867.644226074, 81.2036590576, -55.5621986389, -27.9236965179, -25.8789978027, -46.5496368408, -19.1710700989, -20.4017448425, -26.1945877075, -28.7696113586, -20.6834411621, -13.8130245209, -22.4795417786],
        "var": [1846.96813965, 205.752151489, 422.930450439, 257.67288208, 158.120071411, 170.25491333, 122.945350647, 87.7823944092, 54.8119697571, 73.4861984253, 62.1092910767, 55.2124328613, 46.3984870911],
        "cov": [[1849.82287598, -36.7845687866, -597.319580078, 46.4069213867, -254.977325439, -219.153839111, -115.954490662, -92.1757354736, -49.2158355713, -38.6244926453, -80.4912643433, -14.1029119492, -77.1240539551], [-36.7845687866, 206.070159912, 3.0352127552, -102.38053894, -50.1977233887, 2.67239022255, 10.2596845627, 3.5640296936, -16.0629005432, 12.1598596573, 46.6720542908, 0.789977729321, -0.224677816033], [-597.319580078, 3.0352127552, 423.584136963, -56.5909423828, 149.324356079, 58.8157043457, 16.6382141113, 16.8211021423, 20.9804191589, 23.478925705, 8.99160289764, -14.3345069885, 24.5273685455], [46.4069213867, -102.38053894, -56.5909423828, 258.071136475, 30.6356086731, -16.7513008118, -54.6206245422, -18.3890476227, 44.4659423828, 16.0763206482, -39.7824020386, -4.37302923203, 18.4553203583], [-254.977325439, -50.1977233887, 149.324356079, 30.6356086731, 158.364456177, 20.2428951263, 13.368853569, -12.6858415604, 20.7343063354, 27.5203151703, -8.27877807617, 2.85702943802, 6.38981437683], [-219.153839111, 2.67239022255, 58.8157043457, -16.7513008118, 20.2428951263, 170.518051147, 79.1947097778, 31.6897068024, -15.3831615448, -3.53060364723, 40.4471664429, -1.72631025314, -12.1341028214], [-115.954490662, 10.2596845627, 16.6382141113, -54.6206245422, 13.368853569, 79.1947097778, 123.135375977, 50.9419212341, -7.92022514343, -16.9410114288, 27.5504436493, 18.380065918, -7.38208866119], [-92.1757354736, 3.5640296936, 16.8211021423, -18.3890476227, -12.6858415604, 31.6897068024, 50.9419212341, 87.9180679321, 12.4894256592, -16.123588562, 12.6331510544, 13.8705425262, 10.3436555862], [-49.2158355713, -16.0629005432, 20.9804191589, 44.4659423828, 20.7343063354, -15.3831615448, -7.92022514343, 12.4894256592, 54.896686554, 28.5336990356, -3.04516220093, 4.70771408081, 10.0714950562], [-38.6244926453, 12.1598596573, 23.478925705, 16.0763206482, 27.5203151703, -3.53060364723, -16.9410114288, -16.123588562, 28.5336990356, 73.5997848511, 18.2282333374, -3.128054142, 2.03133320808], [-80.4912643433, 46.6720542908, 8.99160289764, -39.7824020386, -8.27877807617, 40.4471664429, 27.5504436493, 12.6331510544, -3.04516220093, 18.2282333374, 62.2052879333, 17.3866519928, -3.36400580406], [-14.1029119492, 0.789977729321, -14.3345069885, -4.37302923203, 2.85702943802, -1.72631025314, 18.380065918, 13.8705425262, 4.70771408081, -3.128054142, 17.3866519928, 55.2977676392, 17.6366539001], [-77.1240539551, -0.224677816033, 24.5273685455, 18.4553203583, 6.38981437683, -12.1341028214, -7.38208866119, 10.3436555862, 10.0714950562, 2.03133320808, -3.36400580406, 17.6366539001, 46.4702033997]],
        "icov": [[0.00136529793963, 0.000314354838338, 0.00131896778475, 0.000174740504008, 0.000960621226113, 0.00090647948673, 0.000140692689456, 0.000433480570791, 0.000595021003392, -0.000599797989707, 0.00128087680787, -0.000512244238053, 0.00171673402656], [0.000314354838338, 0.00776693690568, -9.16985372896e-05, 0.00221061473712, 0.00247856392525, 0.00121995911468, -0.000178149013664, 0.000814520695712, 0.000489290396217, -0.00119780015666, -0.00474828202277, 0.00176986481529, -0.00157124944963], [0.00131896778475, -9.16985372896e-05, 0.0064458893612, 0.00257516372949, -0.00445036962628, -0.00113280571532, 0.00246084108949, -0.000847004528623, -0.00168211827986, 0.000719751929864, 0.000660649326164, 0.00237062689848, -0.0018595145084], [0.000174740504008, 0.00221061473712, 0.00257516372949, 0.00766398943961, -0.00200155633502, -0.00273965112865, 0.00373804569244, 0.000646352535114, -0.0057927230373, 0.000731763197109, 0.00194240978453, 0.00078945182031, -0.00302793551236], [0.000960621226113, 0.00247856392525, -0.00445036962628, -0.00200155633502, 0.0147046307102, 0.00135778030381, -0.00453276187181, 0.00428140489385, 0.0006720496458, -0.00503229629248, 0.00374430115335, -0.00394321791828, 0.00325160636567], [0.00090647948673, 0.00121995911468, -0.00113280571532, -0.00273965112865, 0.00135778030381, 0.0124533856288, -0.00693232286721, -0.000499674119055, 0.00523173157126, -0.000775683438405, -0.00633732322603, 0.0031523858197, 0.00251618144102], [0.000140692689456, -0.000178149013664, 0.00246084108949, 0.00373804569244, -0.00453276187181, -0.00693232286721, 0.0187123697251, -0.00746445497498, -0.00137874588836, 0.00289936107583, -0.000238068110775, -0.00379619840533, 0.00249204714783], [0.000433480570791, 0.000814520695712, -0.000847004528623, 0.000646352535114, 0.00428140489385, -0.000499674119055, -0.00746445497498, 0.0201970376074, -0.00917128380388, 0.00536250183359, -0.00162038416602, -7.91568236309e-05, -0.00382080161944], [0.000595021003392, 0.000489290396217, -0.00168211827986, -0.0057927230373, 0.0006720496458, 0.00523173157126, -0.00137874588836, -0.00917128380388, 0.0352248512208, -0.0149345882237, 0.00321596162394, -0.00328173558228, 0.00177117960993], [-0.000599797989707, -0.00119780015666, 0.000719751929864, 0.000731763197109, -0.00503229629248, -0.000775683438405, 0.00289936107583, 0.00536250183359, -0.0149345882237, 0.0258394051343, -0.0120176067576, 0.00541951879859, -0.00273491628468], [0.00128087680787, -0.00474828202277, 0.000660649326164, 0.00194240978453, 0.00374430115335, -0.00633732322603, -0.000238068110775, -0.00162038416602, 0.00321596162394, -0.0120176067576, 0.0352535061538, -0.0133202821016, 0.00657170265913], [-0.000512244238053, 0.00176986481529, 0.00237062689848, 0.00078945182031, -0.00394321791828, 0.0031523858197, -0.00379619840533, -7.91568236309e-05, -0.00328173558228, 0.00541951879859, -0.0133202821016, 0.0291685592383, -0.0131865786389], [0.00171673402656, -0.00157124944963, -0.0018595145084, -0.00302793551236, 0.00325160636567, 0.00251618144102, 0.00249204714783, -0.00382080161944, 0.00177117960993, -0.00273491628468, 0.00657170265913, -0.0131865786389, 0.033217035234]]
    }
}

}