{
"metadata": {
    "version": {
        "essentia": "2.0.1",
        "extractor": "archive-music 1.0 mod ismir14"
    },
    "audio_properties": {
        "analysis_sample_rate": 44100,
        "bitrate": 32,
        "channels": 2,
        "equal_loudness": 0,
        "length": 30.0408172607,
        "replay_gain": -8.37414169312,
        "downmix": "mix"
    },
    "tags": {
        "track": 7,
        "year": 0,
        "album": "The Cool Jazz Collection",
        "artist": "Astrud Gilberto",
        "comment": "",
        "genre": "Jazz",
        "title": "Girl From Ipanema"
    }
},
"rhythm": {
    "bpm": 129.900985718,
    "bpm_histogram_first_peak": 129,
    "bpm_histogram_first_peak_spread": 0.537037074566,
    "bpm_histogram_first_peak_weight": 0.396825402975,
    "bpm_histogram_second_peak": 136,
    "bpm_histogram_second_peak_spread": 0.33333337307,
    "bpm_histogram_second_peak_weight": 0.0634920671582
},
"tonal": {
    "tuning_frequency": {
        "dmean": 0.202421396971,
        "dmean2": 0.362064152956,
        "dvar": 1.39613997936,
        "dvar2": 2.93083310127,
        "max": 442.548919678,
        "mean": 441.148284912,
        "median": 442.548919678,
        "min": 431.692352295,
        "var": 9.65200233459
    },
    "hpcp": {
        "dmean": [0.077965721488, 0.240082204342, 0.122999697924, 0.258800566196, 0.124485313892, 0.124495200813, 0.209321200848, 0.0493898391724, 0.214968979359, 0.153147563338, 0.204546585679, 0.181613773108],
        "dmean2": [0.139470487833, 0.415501147509, 0.215206712484, 0.460139244795, 0.224267378449, 0.230123654008, 0.381715863943, 0.0929498746991, 0.394328713417, 0.28674992919, 0.392511576414, 0.320604264736],
        "dvar": [0.0349455215037, 0.0921351015568, 0.0532396510243, 0.106119789183, 0.0490370392799, 0.0603130720556, 0.0872234627604, 0.0231530535966, 0.0839037448168, 0.0768389031291, 0.0968027636409, 0.082473769784],
        "dvar2": [0.0887520983815, 0.172200262547, 0.128965631127, 0.25023457408, 0.105724148452, 0.157117769122, 0.176628187299, 0.0563192479312, 0.238858044147, 0.226657032967, 0.281493276358, 0.194829285145],
        "max": [1, 1, 1, 1, 1, 1, 1, 1, 1, 1, 1, 1],
        "mean": [0.0616670027375, 0.308713465929, 0.0939297378063, 0.313688188791, 0.124410219491, 0.120579518378, 0.236706078053, 0.0629502534866, 0.214163184166, 0.116626061499, 0.16821756959, 0.172981217504],
        "median": [0.00758679863065, 0.1206041798, 0.0107005909085, 0.0892710387707, 0.0284197069705, 0.0143606094643, 0.0736766830087, 0.00682542379946, 0.0488031879067, 0.0176628995687, 0.0343262813985, 0.0288354735821],
        "min": [0.000103366088297, 2.67368995992e-05, 2.38141292357e-05, 0.000280851440039, 4.66443816549e-05, 0.000137765338877, 0.000157093760208, 0.000180313058081, 5.79915604249e-06, 0.000101710757008, 4.63662581751e-05, 0.000439577677753],
        "var": [0.0282776784152, 0.138713821769, 0.0426393337548, 0.1527633816, 0.0569682493806, 0.0651415139437, 0.115203589201, 0.0412108823657, 0.104193076491, 0.0641503036022, 0.0915380269289, 0.0895104855299]
    }
},
"lowlevel": {
    "melbands": {
        "dmean": [0.000126685452415, 0.000310048082611, 0.000309665600071, 0.000159740011441, 0.00010251848289, 3.11487965519e-05, 1.59948249348e-05, 2.26186166401e-05, 9.35872230912e-06, 6.90394381309e-06, 6.92527237334e-06, 9.17726174521e-06, 1.34914375849e-06, 1.03222555481e-06, 1.5542265146e-06, 1.04865659978e-06, 8.38005917103e-07, 2.77071734445e-07, 3.18562769053e-07, 3.13144226993e-07, 1.31832592842e-07, 1.89494883784e-07, 2.34313091596e-07, 1.94670192855e-07, 6.78367868545e-08, 5.12410593956e-08, 7.08429368501e-08, 1.11727921137e-07, 9.43401445852e-08, 1.25663191852e-07, 2.25576741286e-07, 4.11687210544e-07, 4.53344085827e-07, 2.80383090967e-07, 1.34596788826e-07, 8.37034903611e-08, 6.91863206725e-08, 4.39122160856e-08, 5.31835162576e-08, 9.9313901103e-08],
        "dmean2": [0.000201301125344, 0.00048013596097, 0.000504750525579, 0.000261015666183, 0.000160653842613, 5.04804957018e-05, 2.84559573629e-05, 4.02541336371e-05, 1.66754689417e-05, 1.23317968246e-05, 1.2577450434e-05, 1.70024486579e-05, 2.37245740209e-06, 1.9157882889e-06, 2.75659567706e-06, 1.95379038814e-06, 1.58669604389e-06, 4.98867848364e-07, 6.02840884767e-07, 5.91082994106e-07, 2.37525156876e-07, 3.31423962052e-07, 4.13325153659e-07, 3.56038299287e-07, 1.17544125544e-07, 8.9105462564e-08, 1.26240450982e-07, 2.11101223613e-07, 1.69314532172e-07, 2.26268653591e-07, 4.05504806622e-07, 7.52313269459e-07, 8.61794433149e-07, 4.95943709211e-07, 2.40757543679e-07, 1.52127000774e-07, 1.26210807139e-07, 7.9156528443e-08, 9.60542863027e-08, 1.86739569585e-07],
        "dvar": [7.40812211575e-08, 9.49104546066e-08, 1.34231001425e-07, 9.22245746438e-08, 1.77170349502e-08, 2.01510186315e-09, 1.22753596177e-09, 1.51763401846e-09, 3.59980517617e-10, 2.58266991127e-10, 1.5696578759e-10, 2.19569451509e-09, 6.67182845429e-12, 4.15298698209e-12, 1.63882882959e-11, 7.39020736967e-12, 8.83877086105e-12, 2.45445699355e-13, 9.03478843389e-13, 9.49380006034e-13, 6.27330761123e-14, 9.61908233187e-14, 1.92029131854e-13, 1.52121357503e-13, 1.32288165746e-14, 9.68348648202e-15, 2.9788993402e-14, 1.54938711058e-13, 3.83777516331e-14, 9.78140027199e-14, 3.92816611487e-13, 1.25936739336e-12, 1.83434365787e-12, 7.57835255053e-13, 9.76734359083e-14, 2.32465159996e-14, 1.60585673041e-14, 8.18923057757e-15, 1.858655577e-14, 7.93322317018e-14],
        "dvar2": [1.78326430955e-07, 2.18097682136e-07, 2.87308495217e-07, 2.25459686476e-07, 3.59766829661e-08, 3.75728514967e-09, 3.31489569128e-09, 4.25929691517e-09, 1.05919295557e-09, 7.2676165086e-10, 4.53877879725e-10, 6.36498054263e-09, 1.85110347189e-11, 1.19590726211e-11, 4.16401982339e-11, 2.13154823653e-11, 2.58384667828e-11, 6.73263582471e-13, 2.57452024109e-12, 2.70281605257e-12, 1.7997738445e-13, 2.6289999908e-13, 5.43486046098e-13, 4.34788327303e-13, 3.25188382895e-14, 2.51117875815e-14, 8.42643283708e-14, 4.53486749021e-13, 1.08101990358e-13, 2.80570055036e-13, 1.08548912046e-12, 3.51385283717e-12, 5.14509658836e-12, 1.9594623233e-12, 2.5780736595e-13, 6.20646586967e-14, 4.25274981788e-14, 2.10044079298e-14, 4.76748022028e-14, 2.16655645789e-13],
        "max": [0.00184670393355, 0.00188335566781, 0.00274823186919, 0.00360832037404, 0.00104197149631, 0.000330163195031, 0.000277881743386, 0.00026258683647, 0.000104951468529, 0.000157434216817, 6.69908331474e-05, 0.000438915798441, 1.68550814124e-05, 1.45326475831e-05, 3.37126693921e-05, 2.00344402401e-05, 2.55472350545e-05, 2.940647164e-06, 7.3333922046e-06, 6.81141136738e-06, 1.62941103099e-06, 1.83351573924e-06, 2.70150530923e-06, 2.88349701805e-06, 9.61668092714e-07, 9.07189246391e-07, 1.40292092965e-06, 3.31965179612e-06, 1.13437124583e-06, 2.41626139541e-06, 4.55835925095e-06, 5.93030290474e-06, 9.35452226258e-06, 7.79091169534e-06, 1.84790599178e-06, 6.32718524685e-07, 5.22686661952e-07, 4.82433279103e-07, 8.25414417704e-07, 1.78279901775e-06],
        "mean": [0.000109873108158, 0.000391622219468, 0.000502305047121, 0.000186593126273, 0.000139459720231, 3.99690325139e-05, 1.57318681886e-05, 1.96680102817e-05, 7.86084183346e-06, 5.25885297975e-06, 5.01856129631e-06, 5.83266637477e-06, 1.08049403025e-06, 8.2328034523e-07, 1.22283756809e-06, 7.28592397081e-07, 5.40858650311e-07, 2.13836685248e-07, 2.09496874959e-07, 2.10957111335e-07, 1.08823996925e-07, 1.71514372482e-07, 1.9967251319e-07, 1.56391067208e-07, 6.50170193239e-08, 4.61019524778e-08, 6.21774702836e-08, 8.47554062489e-08, 7.10175740437e-08, 9.03872603431e-08, 1.57562567438e-07, 2.65407521738e-07, 2.86243704295e-07, 1.8880214725e-07, 9.48307601334e-08, 5.97223319687e-08, 5.1585814731e-08, 3.55549119035e-08, 4.31293507575e-08, 7.2305994081e-08],
        "median": [3.54959338438e-05, 0.00027163195773, 0.000274932972388, 0.000115489310701, 6.00880593993e-05, 2.10225880437e-05, 5.65782693229e-06, 5.19520881426e-06, 2.30256864597e-06, 9.5806774425e-07, 8.70331973601e-07, 7.53534607156e-07, 3.40377397379e-07, 3.6925968061e-07, 3.05926732835e-07, 1.3524429221e-07, 9.58317585287e-08, 6.14165287516e-08, 2.42050735011e-08, 2.45959839162e-08, 3.18688719858e-08, 6.02544787398e-08, 6.19557454229e-08, 3.2884823753e-08, 1.75207297559e-08, 1.34301210153e-08, 1.68701728143e-08, 1.95465634789e-08, 1.27800250382e-08, 1.30069395254e-08, 1.23212950953e-08, 9.18147602391e-09, 1.11919682411e-08, 8.26529689135e-09, 7.93947929623e-09, 7.97451260581e-09, 7.40943661981e-09, 5.55449464201e-09, 5.23589305246e-09, 6.0867115792e-09],
        "min": [1.11354358978e-06, 2.24447421715e-06, 4.93780680699e-06, 8.93885157893e-07, 1.39001565458e-06, 2.05166386991e-07, 1.22581525375e-07, 5.78407650664e-08, 2.32209078632e-08, 2.07525996387e-08, 1.57603921025e-08, 1.17670255761e-08, 7.84488030092e-09, 8.23123968985e-09, 3.64713970136e-09, 4.07087830112e-09, 1.99939287349e-09, 1.25683352614e-09, 6.23641305264e-10, 2.8661986673e-10, 1.53230747535e-10, 8.63085325431e-10, 4.31931296285e-10, 2.56815846367e-10, 3.27151056245e-10, 1.45386175321e-10, 6.71051048062e-10, 1.2875382982e-09, 6.95939805784e-10, 1.0958841612e-09, 1.64759283994e-09, 1.42243328227e-10, 4.14381640113e-10, 6.45107078867e-10, 4.6427292566e-10, 1.28254157294e-10, 5.84986725727e-10, 2.92971591431e-10, 1.7665899299e-10, 3.89596244155e-10],
        "var": [6.63423733727e-08, 1.64565918226e-07, 3.91041425019e-07, 1.01410385867e-07, 3.84377827345e-08, 2.98437075053e-09, 1.02156061388e-09, 1.30635136042e-09, 2.74003236767e-10, 2.13325856979e-10, 1.1510348924e-10, 1.23900922855e-09, 5.0924152048e-12, 2.66856827434e-12, 1.334538903e-11, 4.63927550889e-12, 4.83074127575e-12, 1.82788070162e-13, 5.34016624323e-13, 5.76692502346e-13, 4.3437258998e-14, 7.90415028893e-14, 1.36128209941e-13, 1.03830531954e-13, 1.399240153e-14, 8.8485144369e-15, 2.05159833214e-14, 8.42373317368e-14, 2.47145409877e-14, 6.38274223514e-14, 2.6666041879e-13, 7.95485856006e-13, 1.11631255455e-12, 5.52474786839e-13, 7.05545851235e-14, 1.67549063138e-14, 1.20393663233e-14, 6.77537758157e-15, 1.51915545437e-14, 5.36262250968e-14]
    },
    "mfcc": {
        "dmean": [45.5956954956, 35.7992782593, 23.1430072784, 16.3807830811, 11.4975986481, 13.8606786728, 11.2284908295, 9.30952548981, 7.96152353287, 10.7397594452, 7.99068260193, 7.77071666718, 7.07251739502],
        "dmean2": [71.1710968018, 55.9271469116, 35.7995452881, 26.4026565552, 16.9354763031, 22.8153381348, 18.5902748108, 14.9650592804, 13.4191656113, 17.0763530731, 13.1406478882, 13.1396865845, 10.8093452454],
        "dvar": [1070.85375977, 848.26348877, 332.146026611, 159.521987915, 79.0680007935, 128.604400635, 73.9031600952, 62.0285987854, 36.1006736755, 69.2848739624, 45.3866958618, 40.5439682007, 33.686126709],
        "dvar2": [2922.34619141, 2028.22497559, 926.473815918, 345.96862793, 175.7137146, 325.776428223, 181.868408203, 150.258758545, 101.490127563, 172.276153564, 112.014305115, 98.1670532227, 92.863822937],
        "max": [-731.86138916, 216.759429932, 129.819366455, 98.8065643311, 36.1003341675, 60.0691757202, 29.2978820801, 38.237449646, 19.2216033936, 26.8797855377, 27.9658737183, 38.6285018921, 13.0880889893],
        "mean": [-851.332824707, 152.933517456, 61.7146034241, 29.5493488312, 6.75376033783, 7.37277889252, 1.13846123219, 3.3185968399, -5.65914726257, -11.0825405121, -4.81622123718, -0.712813675404, -6.85785007477],
        "median": [-846.179321289, 160.361221313, 62.5877151489, 27.1423034668, 8.88665771484, 8.7905330658, 3.35179519653, 3.75380325317, -5.33040046692, -10.7026901245, -4.0327911377, -2.07458877563, -5.39192199707],
        "min": [-993.113342285, 43.1064224243, -4.97763824463, -16.5211791992, -42.3030776978, -41.4248390198, -43.0743751526, -20.4518508911, -31.2712612152, -41.5020217896, -45.0404968262, -26.2368431091, -43.4757232666],
        "var": [3054.32641602, 1444.43371582, 723.52532959, 452.744781494, 194.689651489, 222.1927948, 184.635299683, 130.036117554, 76.8830871582, 168.258468628, 147.047561646, 122.45009613, 86.634727478],
        "cov": [[3073.18041992, -526.483093262, -303.091186523, -52.5930747986, -152.709503174, -49.9822158813, -262.804992676, 63.8531723022, 84.5510025024, 180.658172607, 137.086013794, 32.9353752136, -121.745140076], [-526.483093262, 1453.34997559, -477.840759277, -230.37147522, 173.501861572, -128.530914307, 131.093154907, 75.9956359863, -44.2759361267, -11.3544101715, -45.0765686035, 16.1657485962, -83.2133712769], [-303.091186523, -477.840759277, 727.991516113, 84.9628829956, -150.639892578, 167.553878784, 20.3899078369, -78.1588363647, 10.9833374023, -126.976142883, 76.1582336426, -48.0718994141, 113.771125793], [-52.5930747986, -230.37147522, 84.9628829956, 455.539489746, 115.533805847, -115.805145264, -74.4599456787, 13.7487277985, -18.418390274, -123.162208557, 4.91180515289, -61.3787536621, 51.8381118774], [-152.709503174, 173.501861572, -150.639892578, 115.533805847, 195.891433716, -64.5959854126, -21.2076263428, 16.0978317261, -0.968846082687, -19.2582435608, -41.0123748779, 21.331817627, -19.8386459351], [-49.9822158813, -128.530914307, 167.553878784, -115.805145264, -64.5959854126, 223.564361572, 52.7897911072, -8.36572551727, 31.5716953278, 52.1559715271, 40.9379730225, 9.87702274323, 23.8101615906], [-262.804992676, 131.093154907, 20.3899078369, -74.4599456787, -21.2076263428, 52.7897911072, 185.775024414, 13.5877609253, -11.7286748886, 18.1597137451, 0.912320554256, 29.4795131683, 8.66223621368], [63.8531723022, 75.9956359863, -78.1588363647, 13.7487277985, 16.0978317261, -8.36572551727, 13.5877609253, 130.838806152, 12.716088295, -1.46819591522, 34.1739883423, -4.84648180008, -8.52893352509], [84.5510025024, -44.2759361267, 10.9833374023, -18.418390274, -0.968846082687, 31.5716953278, -11.7286748886, 12.716088295, 77.357673645, 40.210483551, 14.1622266769, -15.1050605774, 6.13241481781], [180.658172607, -11.3544101715, -126.976142883, -123.162208557, -19.2582435608, 52.1559715271, 18.1597137451, -1.46819591522, 40.210483551, 169.297103882, -13.065779686, 36.6101722717, -42.7606620789], [137.086013794, -45.0765686035, 76.1582336426, 4.91180515289, -41.0123748779, 40.9379730225, 0.912320554256, 34.1739883423, 14.1622266769, -13.065779686, 147.95526123, -43.383190155, 28.6758537292], [32.9353752136, 16.1657485962, -48.0718994141, -61.3787536621, 21.331817627, 9.87702274323, 29.4795131683, -4.84648180008, -15.1050605774, 36.6101722717, -43.383190155, 123.205955505, -26.6853351593], [-121.745140076, -83.2133712769, 113.771125793, 51.8381118774, -19.8386459351, 23.8101615906, 8.66223621368, -8.52893352509, 6.13241481781, -42.7606620789, 28.6758537292, -26.6853351593, 87.1695098877]],
        "icov": [[0.000583782733884, 0.000184362084838, 0.000469921040349, -0.000193144529476, 0.000823039095849, 3.52259048668e-05, 0.000675552233588, 2.15692034544e-05, -0.000580376537982, -1.5917763676e-06, -0.000766094133724, -0.000583976623602, 0.000718831084669], [0.000184362084838, 0.0015406338498, 0.000677419477142, 0.00141001935117, -0.0014065625146, 0.000667808344588, -0.000897069345228, -0.000269573705737, 0.000191412851564, 0.00103130668867, -0.000383640406653, 0.000783164636232, 0.000424176920205], [0.000469921040349, 0.000677419477142, 0.00437951972708, -0.00112132413778, 0.00296362419613, -0.00275012850761, -0.000128002342535, 0.00209662062116, -0.00226331339218, 0.00391633156687, -0.00110077601857, -0.00107005401514, 1.22389992612e-05], [-0.000193144529476, 0.00141001935117, -0.00112132413778, 0.00602274714038, -0.00514777796343, 0.00287474109791, -0.000344985426636, -0.00141319620889, 0.00173363974318, 0.000906084780581, 0.000185588505701, 0.0026888763532, -0.00201800093055], [0.000823039095849, -0.0014065625146, 0.00296362419613, -0.00514777796343, 0.0125965783373, -0.00218714517541, 0.00186528114136, 0.00124629423954, -0.00432742200792, 0.00199751695618, 9.58550226642e-05, -0.00443995557725, 0.00229440419935], [3.52259048668e-05, 0.000667808344588, -0.00275012850761, 0.00287474109791, -0.00218714517541, 0.0093055665493, -0.00143745273817, -0.00110847107135, -0.000194750071387, -0.00347598129883, -0.00128722994123, 0.000408259482356, -0.00158163486049], [0.000675552233588, -0.000897069345228, -0.000128002342535, -0.000344985426636, 0.00186528114136, -0.00143745273817, 0.00818271655589, -0.00119852367789, 0.00118354370352, -0.00143385957927, -0.000394615111873, -0.00228395336308, -0.00100989011116], [2.15692034544e-05, -0.000269573705737, 0.00209662062116, -0.00141319620889, 0.00124629423954, -0.00110847107135, -0.00119852367789, 0.010273642838, -0.00326312868856, 0.00239998009056, -0.00296099972911, -0.00109445420094, 0.00163334689569], [-0.000580376537982, 0.000191412851564, -0.00226331339218, 0.00173363974318, -0.00432742200792, -0.000194750071387, 0.00118354370352, -0.00326312868856, 0.0197606012225, -0.00693253567442, 0.000829814118333, 0.00441906834021, -0.00378442439251], [-1.5917763676e-06, 0.00103130668867, 0.00391633156687, 0.000906084780581, 0.00199751695618, -0.00347598129883, -0.00143385957927, 0.00239998009056, -0.00693253567442, 0.01412327867, -0.000220517336857, -0.00204854272306, 0.00397458160296], [-0.000766094133724, -0.000383640406653, -0.00110077601857, 0.000185588505701, 9.58550226642e-05, -0.00128722994123, -0.000394615111873, -0.00296099972911, 0.000829814118333, -0.000220517336857, 0.0103262318298, 0.00323120201938, -0.00256130215712], [-0.000583976623602, 0.000783164636232, -0.00107005401514, 0.0026888763532, -0.00443995557725, 0.000408259482356, -0.00228395336308, -0.00109445420094, 0.00441906834021, -0.00204854272306, 0.00323120201938, 0.0126687465236, 0.000227032083785], [0.000718831084669, 0.000424176920205, 1.22389992612e-05, -0.00201800093055, 0.00229440419935, -0.00158163486049, -0.00100989011116, 0.00163334689569, -0.00378442439251, 0.00397458160296, -0.00256130215712, 0.000227032083785, 0.0184072740376]]
    }
}

}