{
"metadata": {
    "version": {
        "essentia": "2.0.1",
        "extractor": "archive-music 1.0 mod ismir14"
    },
    "audio_properties": {
        "analysis_sample_rate": 44100,
        "bitrate": 32,
        "channels": 2,
        "equal_loudness": 0,
        "length": 30.0408172607,
        "replay_gain": -11.8030014038,
        "downmix": "mix"
    },
    "tags": {
        "track": 6,
        "year": 0,
        "album": "Swing Classics (Jazz & Tzaz 70)",
        "artist": "Benny Carter",
        "comment": "",
        "genre": "Jazz",
        "title": "Babalu"
    }
},
"rhythm": {
    "bpm": 92.8061752319,
    "bpm_histogram_first_peak": 92,
    "bpm_histogram_first_peak_spread": 0.5,
    "bpm_histogram_first_peak_weight": 0.444444447756,
    "bpm_histogram_second_peak": 86,
    "bpm_histogram_second_peak_spread": 0,
    "bpm_histogram_second_peak_weight": 0.0666666701436
},
"tonal": {
    "tuning_frequency": {
        "dmean": 0.416663080454,
        "dmean2": 0.753764092922,
        "dvar": 3.91402173042,
        "dvar2": 6.74007129669,
        "max": 455.779724121,
        "mean": 437.055358887,
        "median": 438.224517822,
        "min": 433.191070557,
        "var": 11.5152740479
    },
    "hpcp": {
        "dmean": [0.0938211902976, 0.181915819645, 0.0777857005596, 0.22835509479, 0.14255310595, 0.101090699434, 0.21182872355, 0.0749321654439, 0.18219524622, 0.0879423543811, 0.140457853675, 0.213952928782],
        "dmean2": [0.166234195232, 0.319475531578, 0.141976132989, 0.406977772713, 0.250914633274, 0.181930169463, 0.370703667402, 0.135643452406, 0.296459764242, 0.157854050398, 0.237592443824, 0.361795783043],
        "dvar": [0.037442676723, 0.0536932647228, 0.0287111774087, 0.0750400349498, 0.0562855154276, 0.0169362146407, 0.076377697289, 0.0155416745692, 0.0391743965447, 0.0227755755186, 0.0353104434907, 0.051840081811],
        "dvar2": [0.109006583691, 0.130808308721, 0.0822232216597, 0.160089075565, 0.115778155625, 0.0490226522088, 0.12932421267, 0.043617233634, 0.082640632987, 0.0649774000049, 0.0846558734775, 0.120743237436],
        "max": [1, 1, 1, 1, 1, 1, 1, 0.659426987171, 1, 1, 1, 1],
        "mean": [0.0830494165421, 0.249437257648, 0.067250482738, 0.463331669569, 0.265074580908, 0.116195552051, 0.353381574154, 0.0691365152597, 0.42464864254, 0.0816475525498, 0.21488943696, 0.407333791256],
        "median": [0.028611721471, 0.116615824401, 0.0291828811169, 0.311570674181, 0.104132942855, 0.0771422386169, 0.176279917359, 0.0374310836196, 0.305229216814, 0.0417903624475, 0.153046488762, 0.321724623442],
        "min": [0.00175176397897, 0.00330133410171, 0.00190626177937, 0.00234492006712, 0.0013166439021, 0.00416648760438, 0.00226987805218, 0.00386726181023, 0.00992806814611, 0.00355476280674, 0.00351951573975, 0.00383917940781],
        "var": [0.024980276823, 0.0779596716166, 0.0183450151235, 0.140058800578, 0.123556241393, 0.0142495883629, 0.138776749372, 0.0104526504874, 0.11518650502, 0.0152485184371, 0.0480961166322, 0.113997146487]
    }
},
"lowlevel": {
    "melbands": {
        "dmean": [1.59456112669e-06, 9.4033739515e-06, 6.88466843712e-06, 1.52037300722e-05, 1.69255526998e-05, 2.84943744191e-05, 2.19432658923e-05, 6.26820983598e-05, 3.48822395608e-05, 2.53398557106e-05, 1.50569967445e-05, 1.19460137284e-05, 1.06858669824e-05, 9.43352551985e-06, 1.89591301023e-05, 1.36540402309e-05, 9.00423492567e-06, 5.72316457692e-06, 5.69055828237e-06, 6.72246596878e-06, 1.83225267847e-06, 2.32689171753e-06, 1.15834279768e-06, 1.03503509763e-06, 1.55274381086e-06, 4.54868626321e-07, 3.01711196471e-07, 3.34379336664e-07, 3.26035717535e-07, 3.4882646105e-07, 1.75172857553e-07, 9.30721881787e-08, 6.33038439446e-08, 2.71206772595e-08, 1.10317426305e-08, 8.94934260032e-09, 2.0565551484e-09, 2.24487622935e-10, 5.0068647145e-11, 1.72039084367e-11],
        "dmean2": [2.78376523966e-06, 1.66792797245e-05, 1.2589393009e-05, 2.72594825219e-05, 3.03306023852e-05, 4.88741352456e-05, 3.41144368576e-05, 0.000102236313978, 5.91267198615e-05, 4.34714347648e-05, 2.4901888537e-05, 1.92381467059e-05, 1.79319558811e-05, 1.73032076418e-05, 3.32569434249e-05, 2.28468979913e-05, 1.4370106328e-05, 1.01142113635e-05, 9.55520954449e-06, 1.12117832032e-05, 3.17332842314e-06, 4.04730235459e-06, 2.00314980248e-06, 1.83073632343e-06, 2.73041996479e-06, 8.19410558961e-07, 5.41431461443e-07, 5.83070686844e-07, 5.68559016756e-07, 6.34658306353e-07, 3.18256383025e-07, 1.71980829577e-07, 1.16266008376e-07, 4.97484577977e-08, 2.0308540627e-08, 1.53397525793e-08, 3.69528407873e-09, 3.90031645869e-10, 9.34503516237e-11, 3.29458231529e-11],
        "dvar": [2.52503139925e-12, 1.40601308374e-10, 4.09168463e-11, 2.48301601502e-10, 3.71204289529e-10, 1.10942843801e-09, 7.0705263866e-10, 1.2155863871e-08, 3.18548809553e-09, 1.10243358886e-09, 4.61380267325e-10, 2.96325103344e-10, 2.42834335973e-10, 2.41448500082e-10, 8.37233726791e-10, 5.79969017256e-10, 2.40100855864e-10, 9.64658908309e-11, 7.88140039343e-11, 1.54597140645e-10, 4.93969795623e-12, 1.19882714866e-11, 1.92507598404e-12, 1.93976171931e-12, 4.83507938548e-12, 8.69513228779e-13, 2.26475725651e-13, 3.24985372814e-13, 2.06106453519e-13, 2.31850454634e-13, 7.36131126758e-14, 2.76746890514e-14, 1.5816747868e-14, 2.88928867539e-15, 3.87445178522e-16, 2.30703796275e-16, 9.11837088856e-18, 2.22622504527e-19, 1.72450743352e-20, 2.95368930155e-21],
        "dvar2": [6.55716323253e-12, 3.95699917277e-10, 1.1519244586e-10, 7.80416453683e-10, 1.19988852187e-09, 3.64290730914e-09, 1.68523628385e-09, 3.02342542113e-08, 8.2616979924e-09, 3.22636184436e-09, 1.09680686755e-09, 7.38056615823e-10, 6.51617204639e-10, 7.17849613086e-10, 2.15745710186e-09, 9.77280811831e-10, 5.20562759565e-10, 2.93890939362e-10, 2.0579636606e-10, 4.17727602509e-10, 1.32224665245e-11, 3.34401950575e-11, 4.56142502242e-12, 5.85234985473e-12, 1.42715336077e-11, 2.42103082373e-12, 7.06505925811e-13, 9.00035417289e-13, 6.12502778531e-13, 6.66060847969e-13, 2.20737423023e-13, 8.24857827983e-14, 4.60604488849e-14, 8.70627981736e-15, 1.15237000765e-15, 6.30271075063e-16, 2.57050742864e-17, 5.78780187459e-19, 4.92891077626e-20, 8.16095019096e-21],
        "max": [8.07617652754e-06, 8.87846108526e-05, 4.63165706606e-05, 0.000116584968055, 0.000107543652121, 0.000161275122082, 0.000248040392762, 0.000723297416698, 0.000341132370522, 0.00019821357273, 0.000111308479973, 0.000115024471597, 9.59380922723e-05, 0.000106554696686, 0.00016828160733, 0.000144889898365, 0.000124866026454, 6.0193342506e-05, 6.05314962741e-05, 0.000115296119475, 1.13517726277e-05, 2.5263067073e-05, 1.03402462628e-05, 8.08056756796e-06, 1.29868813019e-05, 7.30828878659e-06, 2.51452911471e-06, 3.81843892683e-06, 2.13500629798e-06, 2.58768955064e-06, 1.56992246048e-06, 8.73480473729e-07, 7.08428785856e-07, 2.71301530574e-07, 8.85460877953e-08, 1.07273898209e-07, 1.90826341395e-08, 3.47877660012e-09, 8.30349233816e-10, 3.83255760461e-10],
        "mean": [2.40033159571e-06, 1.38610048452e-05, 9.23134666664e-06, 2.00895083253e-05, 2.54795450019e-05, 3.65252999472e-05, 3.36203665938e-05, 8.27723051771e-05, 4.51220184914e-05, 2.70469936368e-05, 1.77688089025e-05, 1.41535865623e-05, 1.21215889521e-05, 9.21253285924e-06, 1.89709116967e-05, 1.540770063e-05, 1.12320840344e-05, 5.57632120035e-06, 4.89898820888e-06, 6.46211310595e-06, 1.91805679606e-06, 2.60916613115e-06, 1.31744025111e-06, 1.09831694317e-06, 1.48422248003e-06, 5.03199714785e-07, 2.71539079222e-07, 2.90480500098e-07, 2.999230162e-07, 3.18944330502e-07, 1.52832456024e-07, 7.33080653958e-08, 4.72847148103e-08, 1.90834210656e-08, 8.27747204113e-09, 7.39600958255e-09, 1.8432491089e-09, 1.62023783279e-10, 3.08739110666e-11, 1.02912574296e-11],
        "median": [1.91289927898e-06, 1.12644620458e-05, 7.06978607923e-06, 1.60411400429e-05, 2.01337352337e-05, 2.55651957559e-05, 1.4402625311e-05, 2.30232853937e-05, 1.36834432851e-05, 1.08521880975e-05, 5.93867298448e-06, 3.87572845284e-06, 5.55725273443e-06, 4.70709892397e-06, 6.04962087891e-06, 3.86531110053e-06, 2.53981374954e-06, 1.95317716134e-06, 1.05062269995e-06, 2.01004058908e-06, 8.65628805968e-07, 1.22732217278e-06, 6.73837291743e-07, 5.81899712415e-07, 3.97707367483e-07, 1.9716873112e-07, 1.03667204598e-07, 5.62662059167e-08, 1.29851812858e-07, 1.19354226058e-07, 4.77260826415e-08, 1.82676451743e-08, 6.58346221982e-09, 2.21787899157e-09, 1.29046873187e-09, 1.24214838415e-09, 4.32471752854e-10, 9.2359670259e-12, 7.09514153159e-13, 3.93558558139e-13],
        "min": [2.65650243136e-07, 1.54425572418e-06, 4.5839408358e-07, 1.06321245141e-07, 6.45473861027e-08, 8.28080573001e-08, 9.34520016926e-08, 6.83588297079e-08, 1.80706507535e-08, 1.76602341639e-08, 1.1471827932e-08, 1.01873665059e-08, 1.0733566036e-08, 8.12789746618e-09, 6.7829630801e-09, 1.45541367846e-09, 2.07521266837e-09, 1.30956734345e-09, 1.5477095161e-09, 6.97298774277e-10, 4.83692086384e-10, 7.4275346984e-10, 5.46888478947e-10, 2.63414429158e-10, 2.40653441619e-10, 1.27399549243e-10, 1.13699868964e-10, 9.61347251804e-11, 9.15563180826e-11, 6.84108950044e-11, 5.19718747205e-11, 3.11331932457e-11, 3.10574413409e-11, 1.76410899777e-11, 9.80025175595e-12, 1.26183308594e-11, 3.38548503467e-12, 1.9000493995e-14, 8.03896439163e-15, 8.45835666183e-15],
        "var": [2.94073619622e-12, 1.23654378403e-10, 5.54246162854e-11, 3.03677027969e-10, 4.78327766285e-10, 1.36778954829e-09, 1.76681180797e-09, 1.81287429513e-08, 4.25196766685e-09, 1.26614785323e-09, 6.12561112945e-10, 4.11990414007e-10, 3.26816435026e-10, 1.77415901415e-10, 8.38519587099e-10, 8.4159845759e-10, 4.76245876069e-10, 9.65635765793e-11, 7.99762756021e-11, 1.83989892766e-10, 5.92516096951e-12, 1.65790280809e-11, 2.97642509597e-12, 1.99692020732e-12, 5.09706296267e-12, 9.24046971752e-13, 1.8854777223e-13, 3.60928301135e-13, 2.04113567953e-13, 2.34163274708e-13, 6.83972870745e-14, 2.08077810895e-14, 1.23768767655e-14, 2.13735508174e-15, 3.01242000205e-16, 2.38468388484e-16, 1.04624136525e-17, 1.96465399197e-19, 1.11265057781e-20, 1.86522200327e-21]
    },
    "mfcc": {
        "dmean": [56.9289588928, 18.3969249725, 23.2770252228, 9.15646266937, 12.2711238861, 9.10411548615, 7.34888696671, 6.53819465637, 5.21584272385, 5.18127536774, 4.61529779434, 5.53829097748, 4.6624045372],
        "dmean2": [94.5339202881, 30.8445320129, 39.2005996704, 14.8857603073, 21.4383544922, 15.1988277435, 11.8782997131, 10.5338144302, 8.64680671692, 8.71105289459, 6.94251012802, 9.48069858551, 7.70457029343],
        "dvar": [2471.13378906, 260.926544189, 535.393554688, 62.2382926941, 121.308753967, 61.243560791, 35.8154067993, 21.9756908417, 20.1767406464, 20.2973117828, 11.6989297867, 21.9781074524, 12.597155571],
        "dvar2": [6647.4140625, 721.844116211, 1296.66040039, 182.799942017, 329.978210449, 154.824539185, 111.463363647, 71.4430541992, 52.0152015686, 52.3975524902, 26.799785614, 52.5186882019, 29.4546260834],
        "max": [-688.017089844, 207.285919189, 59.6005592346, 57.6824111938, 21.1503448486, 38.9568557739, 11.9397163391, 4.39416503906, 15.0611915588, 10.9595050812, 19.1328468323, 22.1639575958, 7.45414733887],
        "mean": [-817.148132324, 164.663314819, -41.59923172, 13.5200853348, -15.1523456573, -3.67464733124, -8.88914775848, -10.1292352676, -1.99841630459, -6.48388910294, 1.54477679729, 4.06585788727, -5.31174373627],
        "median": [-797.105895996, 171.423828125, -52.1724052429, 10.5790748596, -14.0105552673, -5.71005249023, -9.82855987549, -11.1413192749, -1.91316223145, -7.28337860107, 1.34132766724, 3.17685699463, -5.88011169434],
        "min": [-1050.46130371, 87.7671127319, -97.799407959, -17.66248703, -45.7767715454, -26.7164878845, -41.0402832031, -25.7138977051, -17.8805084229, -26.3150405884, -12.3655986786, -16.2116241455, -15.8278045654],
        "var": [6246.68310547, 668.167724609, 1317.62988281, 255.845169067, 274.710174561, 152.866363525, 88.8411865234, 47.4487037659, 42.6409873962, 54.6180381775, 37.5633506775, 79.1081314087, 25.5824661255],
        "cov": [[6285.24267578, 203.512924194, -2783.69921875, 241.202178955, -1043.97363281, 36.2204246521, -451.926208496, -75.8981246948, -46.4100837708, -124.512008667, 95.8816680908, 154.098999023, -110.781959534], [203.512924194, 672.292175293, -59.4564361572, -284.990661621, -57.8873291016, -253.573043823, 57.4000358582, -88.9346313477, 53.7595596313, -102.095726013, 1.70180785656, 90.7231521606, -20.9224357605], [-2783.69921875, -59.4564361572, 1325.76342773, -104.263587952, 449.728393555, -0.990844368935, 191.626876831, 47.2069892883, 12.642531395, 63.9261322021, -49.2021789551, -65.8022079468, 49.8236083984], [241.202178955, -284.990661621, -104.263587952, 257.424468994, 36.3726844788, 112.641014099, -43.4437904358, 8.99108695984, -43.2256851196, 12.955906868, -9.75834941864, -65.736038208, -6.51357030869], [-1043.97363281, -57.8873291016, 449.728393555, 36.3726844788, 276.405914307, 24.4637317657, 69.0656661987, 0.446424871683, -29.1658763885, 18.1840705872, -29.0605106354, -64.8568267822, 8.73722076416], [36.2204246521, -253.573043823, -0.990844368935, 112.641014099, 24.4637317657, 153.8099823, -12.1304016113, 49.3296127319, -30.8216228485, 37.1288146973, -8.2616186142, -55.3032150269, 5.15670156479], [-451.926208496, 57.4000358582, 191.626876831, -43.4437904358, 69.0656661987, -12.1304016113, 89.3895874023, 12.2233791351, 12.027592659, -14.9217271805, -19.5677242279, -11.3842411041, 3.60118985176], [-75.8981246948, -88.9346313477, 47.2069892883, 8.99108695984, 0.446424871683, 49.3296127319, 12.2233791351, 47.7415962219, 0.726450204849, 22.8371181488, -1.16821300983, -9.55131435394, 10.9206733704], [-46.4100837708, 53.7595596313, 12.642531395, -43.2256851196, -29.1658763885, -30.8216228485, 12.027592659, 0.726450204849, 42.9042053223, -3.87707781792, 12.7072629929, 25.0124588013, 3.60932707787], [-124.512008667, -102.095726013, 63.9261322021, 12.955906868, 18.1840705872, 37.1288146973, -14.9217271805, 22.8371181488, -3.87707781792, 54.9551849365, 14.5901117325, -7.7765083313, 9.66618156433], [95.8816680908, 1.70180785656, -49.2021789551, -9.75834941864, -29.0605106354, -8.2616186142, -19.5677242279, -1.16821300983, 12.7072629929, 14.5901117325, 37.7952232361, 26.5791187286, 2.33316254616], [154.098999023, 90.7231521606, -65.8022079468, -65.736038208, -64.8568267822, -55.3032150269, -11.3842411041, -9.55131435394, 25.0124588013, -7.7765083313, 26.5791187286, 79.5964584351, 2.08934164047], [-110.781959534, -20.9224357605, 49.8236083984, -6.51357030869, 8.73722076416, 5.15670156479, 3.60118985176, 10.9206733704, 3.60932707787, 9.66618156433, 2.33316254616, 2.08934164047, 25.7403812408]],
        "icov": [[0.232382491231, -0.327257156372, 0.317719548941, -0.299276471138, 0.302838683128, -0.280481874943, 0.275609821081, -0.245159476995, 0.20637498796, -0.178407683969, 0.158144131303, -0.137150228024, 0.0971189513803], [-0.327257156372, 0.468961894512, -0.446291655302, 0.427789986134, -0.427700698376, 0.401594430208, -0.39053401351, 0.34859162569, -0.290156066418, 0.257880091667, -0.224578142166, 0.194820269942, -0.13531409204], [0.317719548941, -0.446291655302, 0.437458634377, -0.407371997833, 0.409567624331, -0.382150053978, 0.374542653561, -0.335765361786, 0.27983802557, -0.246103018522, 0.218396037817, -0.188078552485, 0.131049513817], [-0.299276471138, 0.427789986134, -0.407371997833, 0.398449599743, -0.393505215645, 0.361080169678, -0.353285193443, 0.319902032614, -0.26526209712, 0.237405702472, -0.206110715866, 0.180832162499, -0.123984649777], [0.302838683128, -0.427700698376, 0.409567624331, -0.393505215645, 0.408600360155, -0.366137176752, 0.354614019394, -0.313207626343, 0.276727020741, -0.234871327877, 0.203243136406, -0.17461450398, 0.126448661089], [-0.280481874943, 0.401594430208, -0.382150053978, 0.361080169678, -0.366137176752, 0.364457339048, -0.334110796452, 0.280739665031, -0.242957174778, 0.216580286622, -0.193891167641, 0.173609048128, -0.114527061582], [0.275609821081, -0.39053401351, 0.374542653561, -0.353285193443, 0.354614019394, -0.334110796452, 0.354557186365, -0.304394721985, 0.236844658852, -0.200073748827, 0.191914498806, -0.160752475262, 0.118047773838], [-0.245159476995, 0.34859162569, -0.335765361786, 0.319902032614, -0.313207626343, 0.280739665031, -0.304394721985, 0.312403082848, -0.221064120531, 0.175960496068, -0.161701142788, 0.141340970993, -0.112691357732], [0.20637498796, -0.290156066418, 0.27983802557, -0.26526209712, 0.276727020741, -0.242957174778, 0.236844658852, -0.221064120531, 0.224187240005, -0.155698210001, 0.126561045647, -0.122670248151, 0.0844837725163], [-0.178407683969, 0.257880091667, -0.246103018522, 0.237405702472, -0.234871327877, 0.216580286622, -0.200073748827, 0.175960496068, -0.155698210001, 0.183033242822, -0.141786172986, 0.111811347306, -0.0752383470535], [0.158144131303, -0.224578142166, 0.218396037817, -0.206110715866, 0.203243136406, -0.193891167641, 0.191914498806, -0.161701142788, 0.126561045647, -0.141786172986, 0.16005897522, -0.109700068831, 0.0646964386106], [-0.137150228024, 0.194820269942, -0.188078552485, 0.180832162499, -0.17461450398, 0.173609048128, -0.160752475262, 0.141340970993, -0.122670248151, 0.111811347306, -0.109700068831, 0.109852060676, -0.058852545917], [0.0971189513803, -0.13531409204, 0.131049513817, -0.123984649777, 0.126448661089, -0.114527061582, 0.118047773838, -0.112691357732, 0.0844837725163, -0.0752383470535, 0.0646964386106, -0.058852545917, 0.0884471461177]]
    }
}

}