{
"metadata": {
    "version": {
        "essentia": "2.0.1",
        "extractor": "archive-music 1.0 mod ismir14"
    },
    "audio_properties": {
        "analysis_sample_rate": 44100,
        "bitrate": 128,
        "channels": 2,
        "equal_loudness": 0,
        "length": 30.0669155121,
        "replay_gain": -8.88716506958,
        "downmix": "mix"
    },
    "tags": {
        "track": 7,
        "year": 0,
        "album": "The Cool Jazz Collection",
        "artist": "Astrud Gilberto",
        "comment": "",
        "genre": "Jazz",
        "title": "Girl From Ipanema"
    }
},
"rhythm": {
    "bpm": 130.002792358,
    "bpm_histogram_first_peak": 129,
    "bpm_histogram_first_peak_spread": 0.490909099579,
    "bpm_histogram_first_peak_weight": 0.444444447756,
    "bpm_histogram_second_peak": 136,
    "bpm_histogram_second_peak_spread": 0.199999988079,
    "bpm_histogram_second_peak_weight": 0.0634920671582
},
"tonal": {
    "tuning_frequency": {
        "dmean": 0.121762827039,
        "dmean2": 0.230296567082,
        "dvar": 1.71845400333,
        "dvar2": 3.84111571312,
        "max": 456.306610107,
        "mean": 435.026153564,
        "median": 434.193115234,
        "min": 431.443084717,
        "var": 10.7019996643
    },
    "hpcp": {
        "dmean": [0.107493303716, 0.128719985485, 0.166178703308, 0.178337454796, 0.153319209814, 0.123602434993, 0.145011767745, 0.152399972081, 0.238709375262, 0.135687321424, 0.126193985343, 0.114845484495],
        "dmean2": [0.208233401179, 0.248531639576, 0.322853118181, 0.339799255133, 0.296395868063, 0.239127635956, 0.277587145567, 0.294108867645, 0.458313733339, 0.264640688896, 0.241432353854, 0.222578570247],
        "dvar": [0.0722340494394, 0.0858617573977, 0.110611669719, 0.104192622006, 0.0975219383836, 0.0819032788277, 0.0892037674785, 0.0989116206765, 0.14083302021, 0.0953517705202, 0.0798182934523, 0.0807581841946],
        "dvar2": [0.200938925147, 0.243407383561, 0.311018288136, 0.287315785885, 0.281346589327, 0.237212702632, 0.255214482546, 0.277617514133, 0.396769076586, 0.272658526897, 0.222357347608, 0.23086412251],
        "max": [1, 1, 1, 1, 1, 1, 1, 1, 1, 1, 1, 1],
        "mean": [0.0681937411427, 0.114588297904, 0.11755464226, 0.202935293317, 0.112315937877, 0.094809025526, 0.133586674929, 0.116054594517, 0.207019194961, 0.0874340236187, 0.0968254357576, 0.087035804987],
        "median": [0.000340376282111, 0.00180303363595, 0.000747309182771, 0.00334166223183, 0.00110090302769, 0.00106503639836, 0.00154436181765, 0.0010292615043, 0.00487472908571, 0.000321557978168, 0.00177015864756, 0.000620222475845],
        "min": [0, 0, 0, 0, 0, 0, 0, 0, 0, 0, 0, 0],
        "var": [0.0486625693738, 0.0821058750153, 0.0868296325207, 0.132161512971, 0.0780447348952, 0.0690876990557, 0.0924428552389, 0.0828434675932, 0.136925518513, 0.0671957656741, 0.0635230988264, 0.0657628104091]
    }
},
"lowlevel": {
    "melbands": {
        "dmean": [0.000781442213338, 0.00343274325132, 0.00356409256347, 0.0018351363251, 0.000990859000012, 0.000365469226381, 0.000129417530843, 0.000119466501928, 5.06352444063e-05, 2.69366537395e-05, 2.68230451184e-05, 2.67328559858e-05, 8.33129070088e-06, 6.19574393568e-06, 7.78827779868e-06, 4.58753947896e-06, 3.71810688193e-06, 1.62779758739e-06, 1.63443746715e-06, 1.6028131995e-06, 1.02111584965e-06, 1.27954399431e-06, 1.43080967518e-06, 1.59213357165e-06, 6.14096052232e-07, 3.76398276103e-07, 5.77340756536e-07, 8.056807701e-07, 6.90387764735e-07, 8.96607730283e-07, 1.45919591432e-06, 2.18234686145e-06, 2.83651934296e-06, 1.72263287368e-06, 6.92762398558e-07, 3.26133374529e-07, 2.12251535459e-07, 8.21419590125e-08, 2.33496226798e-08, 3.40519545894e-09],
        "dmean2": [0.00131753319874, 0.00592530425638, 0.00618585851043, 0.00310505204834, 0.00163298123516, 0.000615040306002, 0.000191447426914, 0.000168055441463, 6.94348564139e-05, 3.57286262442e-05, 3.54255062121e-05, 3.52758615918e-05, 1.16513947432e-05, 9.05349952518e-06, 1.0860682778e-05, 6.60657087792e-06, 5.20481080457e-06, 2.42505575443e-06, 2.24916425395e-06, 2.31323133448e-06, 1.53451162532e-06, 1.9112053451e-06, 2.0258000859e-06, 2.38551933762e-06, 9.39933158861e-07, 5.71217128709e-07, 8.70808435138e-07, 1.30268233534e-06, 1.0633467582e-06, 1.30329783588e-06, 2.35456877817e-06, 3.46283422914e-06, 4.59408784081e-06, 2.65539142674e-06, 1.08167080271e-06, 4.70565197475e-07, 3.14332169182e-07, 1.25068680745e-07, 3.43881865206e-08, 5.44788569812e-09],
        "dvar": [2.242053597e-06, 3.02301559714e-05, 3.72835784219e-05, 9.28907502384e-06, 2.56649059338e-06, 3.87431811077e-07, 1.44333029084e-07, 1.34772747629e-07, 1.83946156085e-08, 9.59956736324e-09, 6.38959507526e-09, 1.76907146709e-08, 7.12786607515e-10, 3.13552211972e-10, 7.02954749965e-10, 4.65204347266e-10, 5.48067646822e-10, 4.59847611378e-11, 7.52803930304e-11, 7.4266294503e-11, 1.59713527126e-11, 1.7131280769e-11, 2.18131571833e-11, 5.81377307407e-11, 7.91204862044e-12, 1.23304871088e-12, 6.00003944098e-12, 1.44935643348e-11, 7.9195348196e-12, 2.52412604707e-11, 6.48322714958e-11, 1.56939822249e-10, 6.27374374673e-10, 1.52806919895e-10, 1.14050279637e-11, 1.11447157926e-12, 5.97711387763e-13, 1.08863635608e-13, 1.18003141438e-14, 7.07576860483e-16],
        "dvar2": [5.82565326113e-06, 9.12373798201e-05, 0.000120398894069, 2.57310712186e-05, 6.96609276929e-06, 1.06172865344e-06, 2.3243786984e-07, 1.96612845116e-07, 2.88987465069e-08, 1.21611014592e-08, 1.05465707279e-08, 1.93885973943e-08, 1.41008582588e-09, 6.34292507407e-10, 1.11530662483e-09, 8.72537986307e-10, 9.0521318219e-10, 8.95334154039e-11, 1.19400433984e-10, 1.46837306203e-10, 3.33469085678e-11, 3.46135932416e-11, 4.15463392855e-11, 1.5569882883e-10, 2.05721949892e-11, 2.68795402603e-12, 1.37965619831e-11, 3.58635066089e-11, 1.89478779888e-11, 5.45179665301e-11, 1.55256266177e-10, 3.61703805796e-10, 1.68618274898e-09, 3.25763693798e-10, 2.99740891829e-11, 2.36529611002e-12, 1.44041885624e-12, 2.66118155073e-13, 2.65121126143e-14, 2.04846003272e-15],
        "max": [0.0350739210844, 0.0811128020287, 0.0600321702659, 0.0808730050921, 0.0256314966828, 0.0112396394834, 0.00935320183635, 0.00866357795894, 0.00374141708016, 0.00427628681064, 0.00221794913523, 0.00944016873837, 0.000906428263988, 0.000650442671031, 0.00153642555233, 0.000817687134258, 0.00118605128955, 0.000266018294496, 0.000390757457353, 0.000319379818393, 0.000131226188387, 9.26228531171e-05, 0.000101417914266, 0.000174527755007, 0.000105699786218, 3.06688489218e-05, 8.70546136866e-05, 0.000136677976116, 7.81704584369e-05, 0.000163830438396, 0.000188659367268, 0.00026424555108, 0.000937500095461, 0.000593805685639, 9.96127200779e-05, 2.52001209446e-05, 2.17424258153e-05, 1.17613626571e-05, 4.00033877668e-06, 1.02546937342e-06],
        "mean": [0.00149910000619, 0.00612146127969, 0.0074046747759, 0.00363516993821, 0.00225662998855, 0.000808329263236, 0.000303370703477, 0.00029976980295, 0.00014104739239, 8.70099975145e-05, 8.46540788189e-05, 8.55225516716e-05, 2.23278584599e-05, 1.26054810607e-05, 1.95323427761e-05, 1.17628851513e-05, 8.13258156995e-06, 3.38743325301e-06, 3.28196347255e-06, 3.19593414133e-06, 1.7465252995e-06, 2.62853177446e-06, 3.07204209093e-06, 2.49173763223e-06, 1.08005178845e-06, 7.21908520518e-07, 1.02165381577e-06, 1.30661396724e-06, 1.1112501852e-06, 1.44675880165e-06, 2.41267412093e-06, 3.88036050936e-06, 4.15953581978e-06, 2.89612285087e-06, 1.34438073474e-06, 7.18199146377e-07, 4.26680628607e-07, 1.6314443485e-07, 5.08320745496e-08, 5.37229549735e-09],
        "median": [0.000345193810062, 0.00288752093911, 0.00315075134858, 0.0019217627123, 0.00075671391096, 0.000290652969852, 8.73621829669e-05, 5.03451228724e-05, 1.88011254068e-05, 6.702815881e-06, 7.58847818361e-06, 7.86264081398e-06, 3.3159301438e-06, 3.50511982106e-06, 2.70602822638e-06, 1.04842524706e-06, 6.96086260632e-07, 4.54267308214e-07, 2.40616685687e-07, 2.0768078457e-07, 2.06248515155e-07, 3.31052376623e-07, 3.45500438925e-07, 2.25437560175e-07, 1.39606783023e-07, 1.18633849411e-07, 1.61332337711e-07, 1.68594539218e-07, 9.94922118025e-08, 1.2157970275e-07, 1.28205201122e-07, 8.9832468575e-08, 1.15488383301e-07, 8.81975310563e-08, 7.53397983999e-08, 5.95840958795e-08, 3.89297305503e-08, 1.54595927171e-08, 4.52824044928e-09, 3.33025745869e-10],
        "min": [2.78273745097e-23, 4.80084772484e-24, 8.36584228974e-24, 1.03092713384e-23, 1.1677831413e-23, 1.55416516163e-23, 2.22599697384e-23, 2.44007552195e-23, 4.49564130603e-23, 3.92526773474e-23, 1.88332147641e-23, 1.29547384721e-23, 4.58817279695e-23, 3.34955452176e-23, 5.78073997573e-24, 9.25994591718e-24, 1.01804834847e-23, 2.33342736513e-23, 1.533760801e-23, 1.58822927993e-23, 1.24094636149e-23, 1.69704159775e-23, 2.2118056817e-23, 3.34860157778e-23, 2.8624401703e-23, 6.30383719186e-24, 2.59488016604e-23, 2.06854759468e-23, 1.91928706503e-23, 1.94537927056e-23, 1.14292037549e-23, 2.02038637424e-23, 3.21089391609e-23, 3.76627881464e-23, 3.48069538973e-23, 2.5131828908e-23, 3.36110344541e-23, 2.51640396764e-23, 2.38794743556e-23, 1.85916008684e-23],
        "var": [1.22792716866e-05, 5.6997880165e-05, 8.96317797014e-05, 3.01778109133e-05, 1.19098449431e-05, 1.708705895e-06, 7.57740451718e-07, 7.25886820874e-07, 1.40819693684e-07, 9.9986856128e-08, 5.36237863002e-08, 2.53483960932e-07, 5.28071630868e-09, 1.05517328208e-09, 6.79324285713e-09, 2.17619744447e-09, 1.84499282518e-09, 1.14680195895e-10, 2.78816969512e-10, 2.71839439847e-10, 3.54931535551e-11, 4.55977373914e-11, 7.50833700769e-11, 8.85205866941e-11, 1.36995111436e-11, 3.96217780807e-12, 1.40534181514e-11, 3.81878938194e-11, 1.56590868744e-11, 5.44191046392e-11, 1.45026490816e-10, 4.13369255492e-10, 7.41966210693e-10, 4.17651579987e-10, 3.77641286298e-11, 5.33821251092e-12, 1.99920527182e-12, 3.63492764534e-13, 4.58763716848e-14, 9.12576144955e-16]
    },
    "mfcc": {
        "dmean": [16.5729141235, 12.1078596115, 9.423869133, 8.13557815552, 7.56905937195, 7.57934427261, 7.31723117828, 6.94816684723, 6.77256345749, 6.76873779297, 6.53919124603, 6.3896446228, 5.89825582504],
        "dmean2": [20.2270069122, 15.9889345169, 14.4107189178, 12.418056488, 11.9886350632, 11.9736347198, 11.7045593262, 11.4312725067, 11.1167583466, 11.0096483231, 10.7560920715, 10.4203596115, 9.78242492676],
        "dvar": [437.619049072, 167.267791748, 87.1783981323, 48.0152854919, 36.8835258484, 41.8955726624, 35.3728256226, 31.809627533, 29.1907749176, 29.2253227234, 25.4619483948, 24.8869972229, 22.584608078],
        "dvar2": [688.227905273, 237.079544067, 199.083755493, 105.946792603, 93.3976287842, 96.8791732788, 84.9861221313, 83.1772994995, 77.6738815308, 72.9107666016, 69.4943847656, 68.339515686, 59.0923805237],
        "max": [-555.34576416, 263.773071289, 128.64881897, 141.387237549, 46.9127540588, 85.397567749, 40.2508163452, 55.1566848755, 26.7197532654, 43.1248779297, 25.3825950623, 46.4814834595, 25.8265609741],
        "mean": [-748.061523438, 174.961486816, 48.7422561646, 45.7074928284, -5.82189512253, 19.4860858917, -9.2460565567, 11.2696838379, -15.0733356476, -4.87293863297, -11.7995090485, 2.98014569283, -10.6405067444],
        "median": [-739.08984375, 185.160797119, 49.0065727234, 44.1315307617, -4.73678588867, 20.0502281189, -8.28596496582, 10.9837970734, -15.0839977264, -3.88509368896, -11.2454090118, 2.53833770752, -10.4518852234],
        "min": [-1138.42004395, -34.2104110718, -34.2525672913, -30.2643203735, -58.9593658447, -44.8640365601, -71.8824615479, -35.8070640564, -53.5953369141, -54.2830734253, -57.8447723389, -33.557346344, -45.2924766541],
        "var": [5759.84472656, 2427.19018555, 755.300964355, 619.41015625, 261.560943604, 330.971160889, 255.853866577, 172.437408447, 139.119552612, 233.736541748, 170.629135132, 144.254180908, 108.730232239],
        "cov": [[5762.06884766, -272.030395508, -726.710266113, 54.8352661133, -348.873657227, -51.2780761719, -457.031646729, 224.592880249, -238.876251221, 269.053283691, -111.205078125, 97.2861633301, -313.540527344], [-272.030395508, 2428.12719727, -313.427886963, -373.32208252, 166.515670776, -331.803436279, 115.197937012, 46.6836395264, -60.1828384399, -231.7396698, 27.8544883728, -33.814781189, -50.1967468262], [-726.710266113, -313.427886963, 755.592590332, 170.013641357, -55.6623725891, 203.502975464, 43.9312667847, -52.7819747925, 26.8326396942, -89.046913147, 19.2161235809, -23.2196292877, 67.2522583008], [54.8352661133, -373.32208252, 170.013641357, 619.649353027, 135.7240448, -84.5126647949, -77.6991195679, 43.6574630737, -12.0234498978, -86.8273849487, -10.9011249542, -39.5424766541, 47.8511657715], [-348.873657227, 166.515670776, -55.6623725891, 135.7240448, 261.66192627, -35.1660957336, 4.24910545349, 6.95018482208, 20.1276817322, -36.3703079224, -6.57146406174, 12.2801990509, 18.047246933], [-51.2780761719, -331.803436279, 203.502975464, -84.5126647949, -35.1660957336, 331.098968506, 67.5729522705, -19.120513916, 44.4598197937, 62.7947769165, 40.6913986206, 11.6708831787, 21.864572525], [-457.031646729, 115.197937012, 43.9312667847, -77.6991195679, 4.24910545349, 67.5729522705, 255.952651978, 40.7700004578, 26.4391708374, 8.16010379791, 34.6612434387, 13.131360054, 31.7852954865], [224.592880249, 46.6836395264, -52.7819747925, 43.6574630737, 6.95018482208, -19.120513916, 40.7700004578, 172.503982544, 33.5102806091, -3.29496264458, 26.509393692, -11.3705854416, -6.53893947601], [-238.876251221, -60.1828384399, 26.8326396942, -12.0234498978, 20.1276817322, 44.4598197937, 26.4391708374, 33.5102806091, 139.17326355, 60.5244255066, 21.7317695618, -17.8349781036, 20.8819484711], [269.053283691, -231.7396698, -89.046913147, -86.8273849487, -36.3703079224, 62.7947769165, 8.16010379791, -3.29496264458, 60.5244255066, 233.826782227, 20.0400333405, 20.1672763824, -18.9703845978], [-111.205078125, 27.8544883728, 19.2161235809, -10.9011249542, -6.57146406174, 40.6913986206, 34.6612434387, 26.509393692, 21.7317695618, 20.0400333405, 170.695022583, -3.12383890152, 24.7065734863], [97.2861633301, -33.814781189, -23.2196292877, -39.5424766541, 12.2801990509, 11.6708831787, 13.131360054, -11.3705854416, -17.8349781036, 20.1672763824, -3.12383890152, 144.309875488, 7.71112155914], [-313.540527344, -50.1967468262, 67.2522583008, 47.8511657715, 18.047246933, 21.864572525, 31.7852954865, -6.53893947601, 20.8819484711, -18.9703845978, 24.7065734863, 7.71112155914, 108.772209167]],
        "icov": [[0.000506927201059, -0.000206027703825, 0.000523985305335, -0.000614307471551, 0.000966883904766, -0.000790652295109, 0.00088022503769, -0.000851278193295, 0.000844923371915, -0.000643553037662, 0.000303829932818, -0.00047562646796, 0.000692809058819], [-0.000206027703825, 0.00091951561626, -0.000303451437503, 0.00116811972111, -0.00122820097022, 0.00127409340348, -0.000679575372487, 0.000151999454829, -0.000221955706365, 0.00100912200287, -0.000485706783365, 0.00052452518139, -4.86623539473e-05], [0.000523985305335, -0.000303451437503, 0.00293246260844, -0.00177769281436, 0.00218645529822, -0.00250322907232, 0.000538804917596, 0.000206054581213, -8.10516939964e-05, 0.000623120286036, 0.00035285615013, -0.000567873823456, 0.000419009331381], [-0.000614307471551, 0.00116811972111, -0.00177769281436, 0.00442367745563, -0.00362244155258, 0.002867447678, -0.000421855365857, -0.000444340170361, -3.50060363417e-05, 0.00129631115124, -0.000650793430395, 0.0015843664296, -0.0016891421983], [0.000966883904766, -0.00122820097022, 0.00218645529822, -0.00362244155258, 0.00783448200673, -0.00278519932181, 0.00137092242949, -0.000496880616993, -0.000318251433782, -0.000654677220155, 0.00102702190634, -0.00217328337021, 0.00115923176054], [-0.000790652295109, 0.00127409340348, -0.00250322907232, 0.002867447678, -0.00278519932181, 0.00700623448938, -0.00226382724941, 0.00114981702063, -0.00142339244485, 0.000390889967093, -0.0014539124677, 0.00097385479603, -0.00101778761018], [0.00088022503769, -0.000679575372487, 0.000538804917596, -0.000421855365857, 0.00137092242949, -0.00226382724941, 0.00656009139493, -0.00301712169312, 0.00156987411901, -0.0014529338805, 0.000325462722685, -0.00112731114496, -0.000343431252986], [-0.000851278193295, 0.000151999454829, 0.000206054581213, -0.000444340170361, -0.000496880616993, 0.00114981702063, -0.00301712169312, 0.00899594090879, -0.00398589158431, 0.00202410202473, -0.00148065993562, 0.000626346154604, 0.000368280598195], [0.000844923371915, -0.000221955706365, -8.10516939964e-05, -3.50060363417e-05, -0.000318251433782, -0.00142339244485, 0.00156987411901, -0.00398589158431, 0.0118524031714, -0.00431343913078, 0.000408514082665, 0.00117975182366, -0.00116494658869], [-0.000643553037662, 0.00100912200287, 0.000623120286036, 0.00129631115124, -0.000654677220155, 0.000390889967093, -0.0014529338805, 0.00202410202473, -0.00431343913078, 0.00790941249579, -0.00119884847663, -0.000261812150711, 0.000729784194846], [0.000303829932818, -0.000485706783365, 0.00035285615013, -0.000650793430395, 0.00102702190634, -0.0014539124677, 0.000325462722685, -0.00148065993562, 0.000408514082665, -0.00119884847663, 0.00686145480722, -0.000126698170789, -0.00117951910943], [-0.00047562646796, 0.00052452518139, -0.000567873823456, 0.0015843664296, -0.00217328337021, 0.00097385479603, -0.00112731114496, 0.000626346154604, 0.00117975182366, -0.000261812150711, -0.000126698170789, 0.00824823696166, -0.00177104386967], [0.000692809058819, -4.86623539473e-05, 0.000419009331381, -0.0016891421983, 0.00115923176054, -0.00101778761018, -0.000343431252986, 0.000368280598195, -0.00116494658869, 0.000729784194846, -0.00117951910943, -0.00177104386967, 0.0125312814489]]
    }
}

}