{
"metadata": {
    "version": {
        "essentia": "2.0.1",
        "extractor": "archive-music 1.0 mod ismir14"
    },
    "audio_properties": {
        "analysis_sample_rate": 44100,
        "bitrate": 128,
        "channels": 2,
        "equal_loudness": 0,
        "length": 30.0669155121,
        "replay_gain": -12.1478862762,
        "downmix": "mix"
    },
    "tags": {
        "track": 6,
        "year": 0,
        "album": "Swing Classics (Jazz & Tzaz 70)",
        "artist": "Benny Carter",
        "comment": "",
        "genre": "Jazz",
        "title": "Babalu"
    }
},
"rhythm": {
    "bpm": 92.6367721558,
    "bpm_histogram_first_peak": 94,
    "bpm_histogram_first_peak_spread": 0.555555582047,
    "bpm_histogram_first_peak_weight": 0.355555564165,
    "bpm_histogram_second_peak": 89,
    "bpm_histogram_second_peak_spread": 0,
    "bpm_histogram_second_peak_weight": 0.177777782083
},
"tonal": {
    "tuning_frequency": {
        "dmean": 0.0357369221747,
        "dmean2": 0.0610233806074,
        "dvar": 0.338260889053,
        "dvar2": 0.727039515972,
        "max": 456.570251465,
        "mean": 438.863220215,
        "median": 439.745910645,
        "min": 433.691802979,
        "var": 1.58146774769
    },
    "hpcp": {
        "dmean": [0.146767824888, 0.145067676902, 0.154103323817, 0.206240624189, 0.144403576851, 0.128766387701, 0.147150427103, 0.128274977207, 0.194140911102, 0.136583074927, 0.182783663273, 0.183320313692],
        "dmean2": [0.271848201752, 0.26499569416, 0.289354383945, 0.374361634254, 0.268807440996, 0.240409448743, 0.25603812933, 0.238655313849, 0.349853187799, 0.25456365943, 0.330068826675, 0.327351570129],
        "dvar": [0.066890142858, 0.0602199584246, 0.0799079239368, 0.0874404385686, 0.0689918920398, 0.0599163509905, 0.0530107580125, 0.0592237450182, 0.0740556493402, 0.0618719756603, 0.0716133490205, 0.0693673789501],
        "dvar2": [0.188871830702, 0.163238570094, 0.230099216104, 0.236479923129, 0.187376394868, 0.170479983091, 0.140503615141, 0.160405814648, 0.196200340986, 0.177494063973, 0.191215053201, 0.181542724371],
        "max": [1, 1, 1, 1, 1, 1, 1, 1, 1, 1, 1, 1],
        "mean": [0.112242661417, 0.15394102037, 0.110977128148, 0.403031498194, 0.165117055178, 0.105817586184, 0.237344026566, 0.100783094764, 0.289496809244, 0.100278288126, 0.198289230466, 0.227920800447],
        "median": [0.0123008526862, 0.0213905368, 0.00344231445342, 0.200106218457, 0.0118014113978, 0.0121712265536, 0.0628684833646, 0.00811145175248, 0.100322417915, 0.00765068922192, 0.0675154477358, 0.0630004033446],
        "min": [0, 0, 0, 0, 0, 0, 0, 0, 0, 0, 0, 0],
        "var": [0.0556982681155, 0.0694470256567, 0.0654911026359, 0.175678342581, 0.097102150321, 0.0520029589534, 0.11338122189, 0.0508605651557, 0.130061894655, 0.047298964113, 0.0809906572104, 0.104110568762]
    }
},
"lowlevel": {
    "melbands": {
        "dmean": [2.85407240881e-05, 0.000127249935758, 0.000141091441037, 0.00027037927066, 0.000320957100485, 0.00035202971776, 0.000270442920737, 0.000360950012691, 0.000259864755208, 0.000160294948728, 0.000120555618196, 0.000103239406599, 9.53491326072e-05, 8.14058003016e-05, 0.000147057609865, 0.000132999601192, 7.42507982068e-05, 3.83092519769e-05, 3.93531481677e-05, 4.47506899945e-05, 1.49327761392e-05, 2.26074389502e-05, 1.05456347228e-05, 6.94474374541e-06, 8.96238543646e-06, 3.03908791466e-06, 1.89281149687e-06, 2.26613724408e-06, 1.81781115316e-06, 1.72325098902e-06, 8.25384972813e-07, 4.0156763248e-07, 2.70689525905e-07, 1.03859548517e-07, 4.39910934347e-08, 3.6505742429e-08, 7.97820831622e-09, 8.25738311061e-10, 1.02409136726e-10, 2.34455926895e-11],
        "dmean2": [4.39872565039e-05, 0.000206463286304, 0.000247642485192, 0.000492385355756, 0.000586630718317, 0.000598486571107, 0.000419895543018, 0.000502673734445, 0.000355203868821, 0.000215999752982, 0.000188339225133, 0.000161316231242, 0.000146179721924, 0.000128437983221, 0.000226402640692, 0.00021461849974, 0.000113294227049, 5.42891903024e-05, 5.89931842114e-05, 6.71455854899e-05, 2.30982095673e-05, 3.59885889338e-05, 1.69500235643e-05, 1.05590852399e-05, 1.3388116713e-05, 4.60155160908e-06, 2.95960148833e-06, 3.44085810866e-06, 2.78761422123e-06, 2.47708067036e-06, 1.19731862469e-06, 5.95473807152e-07, 3.92342059286e-07, 1.55670534241e-07, 6.55532446103e-08, 5.35834452364e-08, 1.18898633161e-08, 1.22546039982e-09, 1.56677185115e-10, 4.26157338584e-11],
        "dvar": [1.38380351622e-09, 2.7033937755e-08, 5.8389570512e-08, 1.8520120193e-07, 2.29626394344e-07, 2.81496056687e-07, 1.48620941332e-07, 5.3864914662e-07, 2.18404409225e-07, 8.09118816392e-08, 8.76685390949e-08, 7.3975336079e-08, 5.56062111912e-08, 3.44407773412e-08, 9.2270767027e-08, 1.28825220713e-07, 4.0337077678e-08, 8.35034885682e-09, 1.2285705786e-08, 1.26026282743e-08, 7.26282645136e-10, 4.41420500152e-09, 5.69916502879e-10, 2.01072575257e-10, 4.76870209987e-10, 6.21594303807e-11, 2.12028571783e-11, 5.39912385633e-11, 2.13857005021e-11, 1.69661888705e-11, 4.56320398134e-12, 1.32042575658e-12, 7.6595831457e-13, 1.18437527038e-13, 1.5825795874e-14, 1.12661556855e-14, 3.63665972607e-16, 5.29531952758e-18, 8.00617904379e-20, 2.36943038993e-21],
        "dvar2": [2.87013990352e-09, 7.03288804971e-08, 1.71732708054e-07, 5.5738928495e-07, 7.26145003682e-07, 8.04493197393e-07, 3.65159110061e-07, 1.15198190542e-06, 4.61619123371e-07, 1.56009249963e-07, 2.34512611996e-07, 2.02385564307e-07, 1.43418802168e-07, 9.57588426331e-08, 2.17797705204e-07, 3.32771861622e-07, 1.05019907437e-07, 1.65633942117e-08, 2.75668163852e-08, 2.79866121389e-08, 1.6583601159e-09, 1.18572547336e-08, 1.57752733099e-09, 4.58136917292e-10, 1.02789088352e-09, 1.37047775906e-10, 4.98321002518e-11, 1.26375493403e-10, 4.95029399417e-11, 3.68638071457e-11, 9.74424187172e-12, 2.83765242207e-12, 1.71242219623e-12, 2.40040680475e-13, 3.36803339124e-14, 2.50697866058e-14, 8.43066662539e-16, 1.20204670661e-17, 1.74830231782e-19, 7.05051353298e-21],
        "max": [0.000471186736831, 0.00239885062911, 0.00594129879028, 0.009840272367, 0.00639334972948, 0.0083015197888, 0.00633304798976, 0.0181194394827, 0.00843292474747, 0.0055813328363, 0.00669761840254, 0.00566454930231, 0.0050172964111, 0.00386291509494, 0.00550675252452, 0.00566268945113, 0.00462848367169, 0.0024588520173, 0.00197949726135, 0.00254213856533, 0.000550379452761, 0.00154763949104, 0.000494596897624, 0.000304285553284, 0.000415006332332, 0.000201517803362, 8.73967437656e-05, 0.000150989129907, 8.01696514827e-05, 8.2305909018e-05, 4.81198367197e-05, 2.66725182883e-05, 2.21155278268e-05, 7.56135841584e-06, 2.49634604188e-06, 2.19040634875e-06, 3.08232586121e-07, 4.07537363856e-08, 5.51131495996e-09, 7.78221487252e-10],
        "mean": [4.04267630074e-05, 0.000180399991223, 0.000179685099283, 0.000332304072799, 0.00042512989603, 0.000576300837565, 0.000621291575953, 0.00125871109776, 0.00079392263433, 0.000443875440396, 0.000303480715957, 0.000250349054113, 0.000195428059669, 0.000149608400534, 0.000301450229017, 0.000244515162194, 0.000180720395292, 9.43597115111e-05, 7.38965609344e-05, 9.97517418e-05, 3.14703393087e-05, 4.10050197388e-05, 2.21914142458e-05, 1.70846924448e-05, 2.42485111812e-05, 8.0341087596e-06, 4.09221229347e-06, 4.50333482149e-06, 4.68454845759e-06, 5.02951297676e-06, 2.33838591157e-06, 1.11800920877e-06, 7.15007161034e-07, 2.82654838202e-07, 1.19893002193e-07, 9.6890417467e-08, 2.05729531189e-08, 1.65733493596e-09, 1.89314036669e-10, 2.30211787133e-11],
        "median": [2.04318821488e-05, 0.000104255275801, 9.8482822068e-05, 0.000165216522873, 0.000237874482991, 0.000292341632303, 0.000236957101151, 0.00026365777012, 0.000200804177439, 0.000105768078356, 7.0003545261e-05, 4.46327685495e-05, 4.82910909341e-05, 5.47598974663e-05, 6.24508611509e-05, 5.08683260705e-05, 2.46383115154e-05, 2.12981740333e-05, 1.0776918316e-05, 1.96826113097e-05, 9.9150756796e-06, 9.77349918685e-06, 7.37834034226e-06, 5.63895264349e-06, 4.07869310948e-06, 2.10504117604e-06, 1.10136124931e-06, 5.96519839746e-07, 1.03932097772e-06, 8.49919047141e-07, 3.2390977367e-07, 1.65016757592e-07, 6.34469614624e-08, 2.08971862037e-08, 1.0963038477e-08, 8.3866131817e-09, 2.74354938767e-09, 2.09263495421e-10, 4.26566282297e-11, 5.65667478136e-12],
        "min": [1.07480720615e-23, 5.57536950539e-24, 1.12373488384e-23, 6.39590435925e-24, 1.98489867756e-23, 5.97185249519e-23, 2.59967675589e-23, 2.81436667119e-23, 2.05017439311e-23, 1.89317403358e-23, 1.83259172487e-23, 1.36528409302e-23, 2.39751410953e-23, 2.87227284817e-23, 2.54683411929e-23, 2.91704764652e-23, 2.59738590382e-23, 1.97088803457e-23, 2.02762401527e-23, 5.37917687947e-23, 1.63246134197e-23, 1.24213698926e-23, 2.84062059321e-23, 1.80621694936e-23, 3.35558078798e-23, 1.67739249255e-23, 2.45579720425e-23, 1.57742945859e-23, 1.2852398758e-23, 2.20411381456e-23, 1.98454558342e-23, 1.73228679859e-23, 1.64362735254e-23, 2.42132808476e-23, 2.19512111579e-23, 2.67536022891e-23, 3.5081076751e-23, 2.00550246223e-23, 2.61713203891e-23, 1.62060492034e-23],
        "var": [2.81350165388e-09, 4.91565934624e-08, 6.56898038187e-08, 2.24996156817e-07, 3.02938417462e-07, 5.84551457905e-07, 7.62024228607e-07, 5.11794905833e-06, 1.74033766598e-06, 5.17042508363e-07, 2.83021080349e-07, 2.05524898433e-07, 1.47620554003e-07, 7.87682310488e-08, 3.28881924361e-07, 3.31501041728e-07, 1.60036165653e-07, 4.74286352414e-08, 3.06274117179e-08, 5.6076494559e-08, 2.76470180083e-09, 8.6706943847e-09, 1.49199397281e-09, 8.49610937159e-10, 2.26980523266e-09, 3.50877216171e-10, 6.87681370182e-11, 1.58252966287e-10, 8.51688164438e-11, 8.98532775961e-11, 2.50272320229e-11, 7.66437174143e-12, 4.37047837157e-12, 7.02662158059e-13, 9.45345893038e-14, 6.07288741863e-14, 1.73893630022e-15, 1.8978509374e-17, 2.24856409169e-19, 2.32549025691e-21]
    },
    "mfcc": {
        "dmean": [15.8851852417, 9.58831596375, 9.74250125885, 8.06755542755, 7.68055534363, 6.86599063873, 6.68777656555, 6.77212667465, 6.73549127579, 6.54256153107, 6.29034614563, 6.14617919922, 5.97999763489],
        "dmean2": [17.6816921234, 14.5100679398, 14.1194381714, 12.6608333588, 11.4914731979, 10.7668142319, 10.5685815811, 11.0615682602, 11.0936069489, 10.8522500992, 10.4486598969, 10.1812515259, 9.88405799866],
        "dvar": [482.655731201, 86.0991363525, 98.9295883179, 43.7165679932, 41.1819496155, 29.7129192352, 28.8266010284, 29.1561203003, 28.2347335815, 25.779750824, 23.2707176208, 21.2609157562, 21.6748561859],
        "dvar2": [455.268249512, 153.159088135, 153.367996216, 104.544670105, 83.753616333, 75.8481063843, 71.5702285767, 76.7621917725, 78.9071655273, 68.9928207397, 64.2296295166, 58.4464378357, 58.9001426697],
        "max": [-536.205932617, 254.708557129, 81.7754516602, 88.8704071045, 45.0153846741, 61.0666885376, 28.9946517944, 29.7687397003, 30.6219520569, 28.0480365753, 33.0555915833, 39.9207420349, 36.1527824402],
        "mean": [-714.340087891, 187.220504761, -52.7594490051, 24.5086135864, -24.0324192047, 2.97719430923, -15.6479654312, -6.42794179916, -6.38980054855, -4.32559537888, 0.172582373023, 3.7027759552, -5.99556159973],
        "median": [-676.623046875, 194.374938965, -67.9729766846, 23.4137458801, -26.0747337341, 1.84947967529, -15.8751068115, -6.41445159912, -6.67630767822, -4.11281585693, 0.552936553955, 2.30990600586, -6.07783126831],
        "min": [-1138.42004395, 1.14440917969e-05, -138.197021484, -36.2127456665, -81.1892547607, -37.9591331482, -67.4578018188, -38.4136657715, -39.4457321167, -41.0706253052, -32.9877929688, -25.6019058228, -31.2175140381],
        "var": [12549.2988281, 1009.41442871, 1862.52929688, 367.385284424, 571.291931152, 189.479553223, 223.84223938, 105.726905823, 107.442260742, 103.980506897, 83.4684371948, 122.794433594, 66.3418960571],
        "cov": [[12554.1435547, -143.136276245, -4484.3359375, 457.629394531, -2183.92700195, 247.953857422, -1198.75488281, 150.605270386, -458.169494629, 19.2973384857, -119.451812744, 424.665893555, -232.727371216], [-143.136276245, 1009.80413818, 139.043197632, -308.843170166, 65.6747970581, -248.074981689, 99.9718170166, -95.3155136108, 72.5696334839, -132.91885376, 24.5057239532, 2.22854590416, 19.3768768311], [-4484.3359375, 139.043197632, 1863.24841309, -97.331199646, 798.237426758, -32.4413833618, 420.323272705, -12.9552164078, 160.8046875, 18.2584056854, 31.3495559692, -161.998352051, 77.0833511353], [457.629394531, -308.843170166, -97.331199646, 367.527130127, 26.7807121277, 124.057525635, -49.0128440857, 14.9729824066, -40.1732215881, 23.7241039276, -20.6530132294, -42.833480835, -17.6688098907], [-2183.92700195, 65.6747970581, 798.237426758, 26.7807121277, 571.512512207, 14.4677305222, 229.545227051, -16.6215343475, 50.091796875, -0.180636078119, 12.5008049011, -113.123420715, 31.4686813354], [247.953857422, -248.074981689, -32.4413833618, 124.057525635, 14.4677305222, 189.552719116, 3.65922260284, 59.3664703369, -24.8311805725, 46.6127548218, -4.61792945862, -12.8439369202, -7.10666704178], [-1198.75488281, 99.9718170166, 420.323272705, -49.0128440857, 229.545227051, 3.65922260284, 223.928665161, 12.9922761917, 59.5690078735, -13.2053375244, 10.3503293991, -41.3444213867, 24.5625114441], [150.605270386, -95.3155136108, -12.9552164078, 14.9729824066, -16.6215343475, 59.3664703369, 12.9922761917, 105.767723083, 13.9660701752, 38.6105041504, 3.46673202515, 14.1179237366, 3.72208380699], [-458.169494629, 72.5696334839, 160.8046875, -40.1732215881, 50.091796875, -24.8311805725, 59.5690078735, 13.9660701752, 107.48374939, 19.5717391968, 27.9637851715, 8.05739593506, 16.8772373199], [19.2973384857, -132.91885376, 18.2584056854, 23.7241039276, -0.180636078119, 46.6127548218, -13.2053375244, 38.6105041504, 19.5717391968, 104.020652771, 32.3835830688, 16.1782207489, 1.17045724392], [-119.451812744, 24.5057239532, 31.3495559692, -20.6530132294, 12.5008049011, -4.61792945862, 10.3503293991, 3.46673202515, 27.9637851715, 32.3835830688, 83.5006637573, 38.7854804993, 11.7178888321], [424.665893555, 2.22854590416, -161.998352051, -42.833480835, -113.123420715, -12.8439369202, -41.3444213867, 14.1179237366, 8.05739593506, 16.1782207489, 38.7854804993, 122.841842651, 9.59787464142], [-232.727371216, 19.3768768311, 77.0833511353, -17.6688098907, 31.4686813354, -7.10666704178, 24.5625114441, 3.72208380699, 16.8772373199, 1.17045724392, 11.7178888321, 9.59787464142, 66.367515564]],
        "icov": [[0.018272254616, -0.024141266942, 0.0253156516701, -0.0224982146174, 0.0242356192321, -0.0249510556459, 0.0227328222245, -0.021593991667, 0.0197682995349, -0.0183916427195, 0.0160992778838, -0.0119724981487, 0.00855049397796], [-0.024141266942, 0.0339488089085, -0.0331573300064, 0.0307945646346, -0.0323801487684, 0.0343565493822, -0.0304724834859, 0.0288673024625, -0.0270028952509, 0.026212869212, -0.0222111213952, 0.0162583552301, -0.0111913746223], [0.0253156516701, -0.0331573300064, 0.036796528846, -0.0306514874101, 0.0317191146314, -0.0341692045331, 0.0305449124426, -0.0297143813223, 0.0263430271298, -0.0258265547454, 0.0224091988057, -0.016032429412, 0.0113372830674], [-0.0224982146174, 0.0307945646346, -0.0306514874101, 0.0323469825089, -0.0310187470168, 0.0287825446576, -0.0267512295395, 0.0272611957043, -0.0250149723142, 0.0236403383315, -0.020095191896, 0.0160632599145, -0.0103410696611], [0.0242356192321, -0.0323801487684, 0.0317191146314, -0.0310187470168, 0.0379360318184, -0.0333336368203, 0.0275768078864, -0.0278538856655, 0.0276968348771, -0.0249593220651, 0.0201750583947, -0.0140084242448, 0.0110005466267], [-0.0249510556459, 0.0343565493822, -0.0341692045331, 0.0287825446576, -0.0333336368203, 0.0445362329483, -0.0331519767642, 0.0256913471967, -0.0247237961739, 0.0233102813363, -0.0223733726889, 0.0169642362744, -0.0114003354684], [0.0227328222245, -0.0304724834859, 0.0305449124426, -0.0267512295395, 0.0275768078864, -0.0331519767642, 0.0389455519617, -0.0287764109671, 0.0214356202632, -0.0198910459876, 0.0196425914764, -0.0145164681599, 0.010119587183], [-0.021593991667, 0.0288673024625, -0.0297143813223, 0.0272611957043, -0.0278538856655, 0.0256913471967, -0.0287764109671, 0.0393759869039, -0.0253334995359, 0.0182434413582, -0.0169359184802, 0.0127150258049, -0.0107089532539], [0.0197682995349, -0.0270028952509, 0.0263430271298, -0.0250149723142, 0.0276968348771, -0.0247237961739, 0.0214356202632, -0.0253334995359, 0.0358529612422, -0.0232947412878, 0.0151490131393, -0.0134946992621, 0.00822584982961], [-0.0183916427195, 0.026212869212, -0.0258265547454, 0.0236403383315, -0.0249593220651, 0.0233102813363, -0.0198910459876, 0.0182434413582, -0.0232947412878, 0.0353631228209, -0.0223501194268, 0.012482535094, -0.00774554023519], [0.0160992778838, -0.0222111213952, 0.0224091988057, -0.020095191896, 0.0201750583947, -0.0223733726889, 0.0196425914764, -0.0169359184802, 0.0151490131393, -0.0223501194268, 0.0326251462102, -0.0167679339647, 0.0064865835011], [-0.0119724981487, 0.0162583552301, -0.016032429412, 0.0160632599145, -0.0140084242448, 0.0169642362744, -0.0145164681599, 0.0127150258049, -0.0134946992621, 0.012482535094, -0.0167679339647, 0.0213509593159, -0.00763005716726], [0.00855049397796, -0.0111913746223, 0.0113372830674, -0.0103410696611, 0.0110005466267, -0.0114003354684, 0.010119587183, -0.0107089532539, 0.00822584982961, -0.00774554023519, 0.0064865835011, -0.00763005716726, 0.0208192691207]]
    }
}

}