{
"metadata": {
    "version": {
        "essentia": "2.0.1",
        "extractor": "archive-music 1.0 mod ismir14"
    },
    "audio_properties": {
        "analysis_sample_rate": 44100,
        "bitrate": 32,
        "channels": 2,
        "equal_loudness": 0,
        "length": 30.0408172607,
        "replay_gain": -8.35384559631,
        "downmix": "mix"
    },
    "tags": {
        "track": 7,
        "year": 0,
        "album": "The Cool Jazz Collection",
        "artist": "Astrud Gilberto",
        "comment": "",
        "genre": "Jazz",
        "title": "Girl From Ipanema"
    }
},
"rhythm": {
    "bpm": 130.358261108,
    "bpm_histogram_first_peak": 129,
    "bpm_histogram_first_peak_spread": 0.55172419548,
    "bpm_histogram_first_peak_weight": 0.412698417902,
    "bpm_histogram_second_peak": 123,
    "bpm_histogram_second_peak_spread": 0,
    "bpm_histogram_second_peak_weight": 0.047619048506
},
"tonal": {
    "tuning_frequency": {
        "dmean": 0.0906231030822,
        "dmean2": 0.12902520597,
        "dvar": 0.588909447193,
        "dvar2": 0.991494119167,
        "max": 451.326080322,
        "mean": 438.169708252,
        "median": 437.971466064,
        "min": 433.691802979,
        "var": 4.88562583923
    },
    "hpcp": {
        "dmean": [0.0829899683595, 0.138759225607, 0.0811071395874, 0.142931863666, 0.107011452317, 0.0677928328514, 0.133077576756, 0.0482115894556, 0.127290919423, 0.0946713387966, 0.119421765208, 0.105047352612],
        "dmean2": [0.156215772033, 0.237735554576, 0.153039082885, 0.258413791656, 0.190152823925, 0.122617952526, 0.228109121323, 0.0916617885232, 0.229220226407, 0.17419283092, 0.21867954731, 0.191003531218],
        "dvar": [0.0387161634862, 0.0666184276342, 0.050990562886, 0.0739583447576, 0.053273241967, 0.0355035029352, 0.0621752552688, 0.0262515787035, 0.0648646727204, 0.0576811172068, 0.0626321136951, 0.0486052110791],
        "dvar2": [0.111641317606, 0.140507727861, 0.14254643023, 0.161305934191, 0.127737417817, 0.0930168032646, 0.136351659894, 0.0731146857142, 0.146823197603, 0.142757236958, 0.155454814434, 0.120896823704],
        "max": [1, 1, 1, 1, 1, 1, 1, 1, 1, 1, 1, 1],
        "mean": [0.05295875296, 0.256276518106, 0.0523266270757, 0.272612273693, 0.127084746957, 0.0740556195378, 0.236997157335, 0.0615918263793, 0.170759394765, 0.0793409720063, 0.111984334886, 0.136761918664],
        "median": [0.00165172864217, 0.0412711575627, 0.000986221479252, 0.0195045024157, 0.00645122909918, 0.00296191032976, 0.0363775119185, 0.00127296941355, 0.0138571374118, 0.00136303901672, 0.00746233761311, 0.0067489715293],
        "min": [1.50349626438e-06, 6.31174862065e-06, 1.92504467122e-06, 1.06832549136e-05, 1.29875411403e-06, 4.40414987679e-06, 4.22180892201e-06, 3.27911175191e-06, 1.13943656288e-06, 1.46544323343e-06, 4.58362683275e-06, 4.5631491048e-06],
        "var": [0.0261987783015, 0.142152562737, 0.03390718624, 0.16356061399, 0.0759377554059, 0.0484248697758, 0.134154543281, 0.0442800149322, 0.102067150176, 0.0552787259221, 0.0636872947216, 0.0804551467299]
    }
},
"lowlevel": {
    "melbands": {
        "dmean": [0.00025875409483, 0.000733971013688, 0.000863729976118, 0.000457282643765, 0.00025752291549, 9.61300756899e-05, 5.80110390729e-05, 7.09941741661e-05, 2.53158286796e-05, 1.68089063664e-05, 1.64890552696e-05, 1.61354237207e-05, 3.43550823345e-06, 2.42560577135e-06, 3.59524233318e-06, 2.35402171711e-06, 2.02759724743e-06, 8.25112920211e-07, 8.79607284787e-07, 8.02280055723e-07, 4.59126681562e-07, 6.08373454725e-07, 7.40837492685e-07, 6.24304561825e-07, 2.56633683193e-07, 1.60094558055e-07, 2.33031713037e-07, 3.30124549919e-07, 3.07149718992e-07, 3.73663226583e-07, 6.35100207091e-07, 1.11914812351e-06, 1.09171116947e-06, 7.71454665482e-07, 3.48863778754e-07, 2.19965372139e-07, 1.73141614823e-07, 1.4252134406e-07, 1.93593280073e-07, 2.53121527294e-07],
        "dmean2": [0.000362284306902, 0.00106109993067, 0.00131230347324, 0.000659716548398, 0.000382578815334, 0.000144638936035, 8.89610455488e-05, 0.00011183010065, 3.58723009413e-05, 2.4566805223e-05, 2.31983649428e-05, 1.98963643925e-05, 4.99972293255e-06, 3.51988023795e-06, 4.75770730191e-06, 3.38839845426e-06, 3.0115336358e-06, 1.24598659568e-06, 1.43181603107e-06, 1.16017270102e-06, 7.42390056985e-07, 9.23258482999e-07, 1.14987926736e-06, 9.82623419077e-07, 3.93470941162e-07, 2.32990515769e-07, 3.46947587104e-07, 5.14777582339e-07, 4.84057409267e-07, 5.91262676153e-07, 9.57053657658e-07, 1.70530654486e-06, 1.67941334439e-06, 1.30858791181e-06, 4.95608560414e-07, 3.29414206135e-07, 2.65877844186e-07, 2.05622839644e-07, 2.82989020661e-07, 3.56720704531e-07],
        "dvar": [3.95686498678e-07, 1.22438154904e-06, 1.3182600469e-06, 6.07510230566e-07, 2.17257735358e-07, 3.74017616878e-08, 3.59182052989e-08, 4.76801247373e-08, 4.39851444156e-09, 4.08830436172e-09, 2.15533946246e-09, 8.67233129753e-09, 7.14757419917e-11, 3.00466179715e-11, 1.71717126629e-10, 7.6029467444e-11, 9.81361103491e-11, 6.80468138434e-12, 2.05958236577e-11, 1.35076247063e-11, 2.57768502723e-12, 1.77818296112e-12, 4.04142518062e-12, 3.65940437674e-12, 6.36009040572e-13, 1.60914277779e-13, 5.14420049526e-13, 1.82474456552e-12, 1.02799702344e-12, 2.14956481434e-12, 8.67233281715e-12, 2.93906600446e-11, 2.43201587341e-11, 2.82850947525e-11, 1.66649658483e-12, 4.56886481773e-13, 2.54016398844e-13, 1.9669599879e-13, 5.94664074927e-13, 9.52806410159e-13],
        "dvar2": [7.56075962727e-07, 2.27672194342e-06, 2.55084455603e-06, 1.17801482702e-06, 4.71644881372e-07, 7.96008876591e-08, 7.53673958798e-08, 1.0845106857e-07, 7.28768601022e-09, 7.51523732134e-09, 4.44005321398e-09, 1.33868214292e-08, 1.31991001462e-10, 6.30151070213e-11, 2.3468399446e-10, 1.38299163788e-10, 2.11807002493e-10, 1.70532962751e-11, 5.62751095723e-11, 2.97660264492e-11, 6.83819580821e-12, 4.02840131045e-12, 9.13496014943e-12, 8.61677743047e-12, 1.53606966556e-12, 3.09753362283e-13, 9.6758408577e-13, 3.57170890086e-12, 2.47180140939e-12, 4.40006668254e-12, 1.92847335323e-11, 6.51348905367e-11, 5.59574747649e-11, 8.00059324346e-11, 2.87056012641e-12, 8.99162146649e-13, 4.7277524777e-13, 3.3115402239e-13, 1.15560653494e-12, 1.59146177139e-12],
        "max": [0.00986457336694, 0.0117965070531, 0.0120342802256, 0.0201411508024, 0.00534752104431, 0.00245761242695, 0.00219612126239, 0.00198128516786, 0.000988344894722, 0.000954564544372, 0.000519061053637, 0.00257899332792, 0.000114927257528, 8.20572458906e-05, 0.000313379248837, 0.000140896241646, 0.000176266607014, 4.16183138441e-05, 7.7512821008e-05, 5.71384443901e-05, 2.59212483797e-05, 1.41987375173e-05, 1.98690049729e-05, 2.32808270084e-05, 1.35350528581e-05, 5.90034778725e-06, 9.21288392419e-06, 2.35264324147e-05, 1.36507496791e-05, 1.65643632499e-05, 3.91615794797e-05, 7.09375162842e-05, 6.25509564998e-05, 0.000106067971501, 2.28274329857e-05, 8.15047224023e-06, 5.2198688536e-06, 6.74547618473e-06, 1.04472119347e-05, 1.34402680487e-05],
        "mean": [0.000467856414616, 0.00157982390374, 0.00202327710576, 0.000771539984271, 0.000575780810323, 0.000169120758073, 6.91636887495e-05, 8.23143564048e-05, 3.3339842048e-05, 2.24571394938e-05, 2.09939953493e-05, 2.18982786464e-05, 4.66861956738e-06, 3.13116424877e-06, 5.07047116116e-06, 2.99743760479e-06, 2.19498519982e-06, 8.58657131175e-07, 8.56652093262e-07, 8.38331004616e-07, 4.52973097254e-07, 6.83640053012e-07, 8.19018509901e-07, 6.2963624714e-07, 2.73657377647e-07, 1.91704259578e-07, 2.6148572374e-07, 3.43920135037e-07, 2.99579738794e-07, 3.78879803975e-07, 6.51669211038e-07, 1.08629774331e-06, 1.0469497056e-06, 7.46004843677e-07, 3.80793892418e-07, 2.50469412322e-07, 2.06498683042e-07, 1.66102381627e-07, 2.08588772921e-07, 2.78682392718e-07],
        "median": [0.000123763325973, 0.000810153840575, 0.000812840706203, 0.000351713970304, 0.000190689839656, 6.14812379354e-05, 1.77622641786e-05, 1.50027281052e-05, 4.97609335071e-06, 2.04168622986e-06, 2.08322671824e-06, 1.98953239305e-06, 8.94406355201e-07, 1.04254797861e-06, 8.49144100812e-07, 2.99529006043e-07, 2.22432134933e-07, 1.50883863625e-07, 7.73016211042e-08, 6.6295243073e-08, 6.93366430937e-08, 1.28546304268e-07, 1.2311930675e-07, 7.33795388896e-08, 4.3938243266e-08, 3.8458956908e-08, 5.51620935596e-08, 5.40063176402e-08, 3.28219833534e-08, 4.30452899991e-08, 4.30656825756e-08, 2.92090387433e-08, 3.62867105252e-08, 2.68178830254e-08, 2.75742237932e-08, 2.77608780408e-08, 2.55249048564e-08, 2.03217105366e-08, 2.08802788393e-08, 2.07468886515e-08],
        "min": [4.25461195164e-07, 3.94773849166e-07, 6.56258521303e-07, 2.87006173494e-07, 6.4235013042e-07, 3.53532783492e-07, 1.19743560845e-07, 8.68359961714e-08, 2.80310601397e-08, 1.4366730916e-08, 1.13929425893e-08, 1.3421348477e-08, 7.73235520057e-09, 5.73113911884e-09, 2.10231365649e-09, 3.19418735906e-09, 1.713810871e-09, 1.05286912522e-09, 1.16466714051e-09, 1.2525497306e-09, 6.02213168222e-10, 7.52202966581e-10, 7.39270922256e-10, 6.19745310626e-10, 6.51245224415e-10, 5.04039587845e-10, 7.82185760606e-10, 9.68015445579e-10, 7.18829218371e-10, 6.86342038758e-10, 6.73828270958e-10, 6.26597607134e-10, 5.05180230981e-10, 3.97001015395e-10, 4.70878003256e-10, 2.96562108204e-10, 5.47015710506e-10, 5.93422422313e-10, 4.09363459797e-10, 2.88063323195e-10],
        "var": [1.18502691748e-06, 3.53412565346e-06, 7.14030784366e-06, 2.20712058763e-06, 8.00954580882e-07, 8.10752567304e-08, 4.66707135161e-08, 5.46624576714e-08, 8.63756266511e-09, 6.84821577224e-09, 3.39830741325e-09, 1.88511091181e-08, 1.46916201427e-10, 4.88525643549e-11, 4.33656333065e-10, 1.21883711457e-10, 1.15489597052e-10, 6.48231381767e-12, 1.73725808045e-11, 1.5673681103e-11, 2.04386963083e-12, 2.25997042261e-12, 4.56231059875e-12, 3.66776314181e-12, 6.34023215873e-13, 2.34346396455e-13, 6.94408940072e-13, 2.14537589083e-12, 9.68181589588e-13, 2.43505064203e-12, 9.5708744749e-12, 3.13795170404e-11, 2.57351431832e-11, 2.5224006911e-11, 2.5334914288e-12, 5.96825811428e-13, 3.73603247948e-13, 3.09835490597e-13, 7.78172556774e-13, 1.45085766318e-12]
    },
    "mfcc": {
        "dmean": [41.1834068298, 28.267288208, 14.2701005936, 10.7277851105, 8.0663356781, 9.50966835022, 7.65804004669, 6.68202257156, 6.83137559891, 7.10923910141, 5.95004844666, 5.97051334381, 5.45897102356],
        "dmean2": [52.7308425903, 38.7888679504, 20.0902919769, 14.9084568024, 11.9832181931, 13.7036571503, 11.6824474335, 10.04226017, 10.6539468765, 10.0579166412, 8.99003696442, 9.08701896667, 8.25190353394],
        "dvar": [1347.11804199, 761.698486328, 182.532669067, 90.7900466919, 51.5768585205, 91.5471496582, 43.828754425, 36.9677734375, 35.3468055725, 32.524810791, 23.9924068451, 25.2517662048, 19.7748432159],
        "dvar2": [2372.24487305, 1305.6451416, 329.780395508, 168.513839722, 106.991630554, 152.338943481, 90.3041534424, 77.7539749146, 75.8670883179, 63.0954246521, 47.1230392456, 55.1669235229, 45.4913635254],
        "max": [-626.329223633, 242.075286865, 135.947174072, 116.282821655, 46.1767921448, 58.662612915, 38.5515899658, 37.6347618103, 26.6457862854, 27.647485733, 29.7444953918, 38.104637146, 15.8999404907],
        "mean": [-800.825622559, 154.748550415, 62.7361488342, 30.7588920593, 9.13903617859, 7.92186832428, 3.02480578423, 2.83512330055, -5.55825662613, -10.8046159744, -4.99379062653, -0.87985765934, -6.02750396729],
        "median": [-789.229614258, 163.133422852, 61.9793663025, 29.5782260895, 10.5906095505, 9.80497932434, 4.54772567749, 2.15789794922, -4.87836647034, -10.2337207794, -4.71206092834, -1.47410297394, -5.04264163971],
        "min": [-1013.39666748, -46.0384368896, -19.6726760864, -30.6837120056, -34.5024414062, -50.6890602112, -45.1756515503, -32.2182350159, -37.871925354, -47.2879257202, -43.7265663147, -35.0941238403, -34.329044342],
        "var": [5114.77832031, 2268.31396484, 718.7578125, 491.53717041, 199.797561646, 294.84072876, 186.315704346, 131.947372437, 105.428062439, 188.094467163, 133.685180664, 121.958572388, 83.361618042],
        "cov": [[5122.68408203, -658.289672852, -475.996459961, -96.8421936035, -111.548843384, -185.175048828, -237.754638672, 22.8583660126, -11.342830658, 122.026168823, 86.5472183228, -27.8832359314, -165.601654053], [-658.289672852, 2271.81982422, -412.814727783, -297.278808594, 87.4978256226, -240.393432617, 49.4970016479, 120.455551147, -108.898857117, -147.276977539, -37.513759613, 28.1518363953, -86.0374145508], [-475.996459961, -412.814727783, 719.868713379, 133.998962402, -87.7083969116, 199.387649536, 36.018611908, -55.2439613342, 23.6514854431, -77.9611968994, 27.5976047516, -31.315448761, 76.5597076416], [-96.8421936035, -297.278808594, 133.998962402, 492.296905518, 125.781005859, -104.706855774, -54.3100013733, 21.1434726715, 2.61018419266, -95.1229934692, -1.76626229286, -43.5123901367, 50.357208252], [-111.548843384, 87.4978256226, -87.7083969116, 125.781005859, 200.106369019, -36.5470161438, -18.2939186096, 10.2498970032, 6.9636349678, -10.5683727264, -27.1840496063, 23.619146347, -5.81914520264], [-185.175048828, -240.393432617, 199.387649536, -104.706855774, -36.5470161438, 295.296447754, 72.5155715942, -20.8720588684, 44.9550933838, 61.1005249023, 44.5619926453, 20.2744007111, 31.2707443237], [-237.754638672, 49.4970016479, 36.018611908, -54.3100013733, -18.2939186096, 72.5155715942, 186.603668213, 39.1098670959, 4.73118925095, 25.2172012329, 9.80746173859, 26.6359424591, 10.89909935], [22.8583660126, 120.455551147, -55.2439613342, 21.1434726715, 10.2498970032, -20.8720588684, 39.1098670959, 132.151306152, 23.4911327362, -14.6783227921, 23.2131690979, -7.36734819412, -2.21419143677], [-11.342830658, -108.898857117, 23.6514854431, 2.61018419266, 6.9636349678, 44.9550933838, 4.73118925095, 23.4911327362, 105.591011047, 62.0923957825, 16.5443572998, -17.4620189667, 9.99344825745], [122.026168823, -147.276977539, -77.9611968994, -95.1229934692, -10.5683727264, 61.1005249023, 25.2172012329, -14.6783227921, 62.0923957825, 188.385192871, 22.2977657318, 15.0066757202, -15.0562620163], [86.5472183228, -37.513759613, 27.5976047516, -1.76626229286, -27.1840496063, 44.5619926453, 9.80746173859, 23.2131690979, 16.5443572998, 22.2977657318, 133.891815186, -11.4693746567, 16.2484989166], [-27.8832359314, 28.1518363953, -31.315448761, -43.5123901367, 23.619146347, 20.2744007111, 26.6359424591, -7.36734819412, -17.4620189667, 15.0066757202, -11.4693746567, 122.147071838, 1.1674529314], [-165.601654053, -86.0374145508, 76.5597076416, 50.357208252, -5.81914520264, 31.2707443237, 10.89909935, -2.21419143677, 9.99344825745, -15.0562620163, 16.2484989166, 1.1674529314, 83.4904632568]],
        "icov": [[0.000270748831099, 0.000143333600136, 0.000165054560057, 6.49664216326e-05, 0.000157958100317, 0.000110090630187, 0.000292614859063, -0.000171814055648, 9.67719097389e-05, -6.28749558018e-06, -0.000233770362684, -4.04477905249e-05, 0.000454557710327], [0.000143333600136, 0.000840967637487, 0.000118788651889, 0.000986552564427, -0.00072803493822, 0.000761218892876, -0.000151911153807, -0.000574515026528, 0.000299976672977, 0.000751881976612, -0.000342385086697, 0.000149378596689, 0.000279927451629], [0.000165054560057, 0.000118788651889, 0.00297914235853, -0.00135382346343, 0.00184037978761, -0.00211489363573, -0.000289764808258, 0.001323130331, -0.00104501273017, 0.00180415948853, 5.30308852831e-07, 5.91862881265e-05, -2.26719366765e-05], [6.49664216326e-05, 0.000986552564427, -0.00135382346343, 0.00526749435812, -0.00395039236173, 0.00294696679339, 0.000142149496241, -0.0012896101689, 0.000246457959292, 0.00130540388636, -0.000898358412087, 0.00129102088977, -0.00185930461157], [0.000157958100317, -0.00072803493822, 0.00184037978761, -0.00395039236173, 0.00889313220978, -0.00208918587305, 0.000628114037681, 0.000766925746575, -0.00165283062961, -6.8391309469e-05, 0.00141556281596, -0.00230483710766, 0.00154104444664], [0.000110090630187, 0.000761218892876, -0.00211489363573, 0.00294696679339, -0.00208918587305, 0.00740499841049, -0.00157208868768, 0.00011928458116, -0.00103704479989, -0.000672232185025, -0.00182301178575, -0.000343369145412, -0.00118354940787], [0.000292614859063, -0.000151911153807, -0.000289764808258, 0.000142149496241, 0.000628114037681, -0.00157208868768, 0.00755484029651, -0.00322549627163, 0.00167251855601, -0.00162731367163, 0.000503557734191, -0.00113410502672, -0.000411153101595], [-0.000171814055648, -0.000574515026528, 0.001323130331, -0.0012896101689, 0.000766925746575, 0.00011928458116, -0.00322549627163, 0.0112824141979, -0.00471691694111, 0.00271782325581, -0.00190925481729, -6.24575750408e-06, 0.000787128403317], [9.67719097389e-05, 0.000299976672977, -0.00104501273017, 0.000246457959292, -0.00165283062961, -0.00103704479989, 0.00167251855601, -0.00471691694111, 0.0156458411366, -0.00605679955333, 0.000473064137623, 0.0026583224535, -0.00185375637375], [-6.28749558018e-06, 0.000751881976612, 0.00180415948853, 0.00130540388636, -6.8391309469e-05, -0.000672232185025, -0.00162731367163, 0.00271782325581, -0.00605679955333, 0.0103412233293, -0.0015461447183, -0.000901899242308, 0.00175550044514], [-0.000233770362684, -0.000342385086697, 5.30308852831e-07, -0.000898358412087, 0.00141556281596, -0.00182301178575, 0.000503557734191, -0.00190925481729, 0.000473064137623, -0.0015461447183, 0.00916537735611, 0.000644372368697, -0.00173824105877], [-4.04477905249e-05, 0.000149378596689, 5.91862881265e-05, 0.00129102088977, -0.00230483710766, -0.000343369145412, -0.00113410502672, -6.24575750408e-06, 0.0026583224535, -0.000901899242308, 0.000644372368697, 0.00993247982115, -0.00138852116652], [0.000454557710327, 0.000279927451629, -2.26719366765e-05, -0.00185930461157, 0.00154104444664, -0.00118354940787, -0.000411153101595, 0.000787128403317, -0.00185375637375, 0.00175550044514, -0.00173824105877, -0.00138852116652, 0.0158311314881]]
    }
}

}