{
"metadata": {
    "version": {
        "essentia": "2.0.1",
        "extractor": "archive-music 1.0 mod ismir14"
    },
    "audio_properties": {
        "analysis_sample_rate": 44100,
        "bitrate": 32,
        "channels": 2,
        "equal_loudness": 0,
        "length": 30.0408172607,
        "replay_gain": -11.7863292694,
        "downmix": "mix"
    },
    "tags": {
        "track": 6,
        "year": 0,
        "album": "Swing Classics (Jazz & Tzaz 70)",
        "artist": "Benny Carter",
        "comment": "",
        "genre": "Jazz",
        "title": "Babalu"
    }
},
"rhythm": {
    "bpm": 92.4049606323,
    "bpm_histogram_first_peak": 92,
    "bpm_histogram_first_peak_spread": 0.613636374474,
    "bpm_histogram_first_peak_weight": 0.377777785063,
    "bpm_histogram_second_peak": 99,
    "bpm_histogram_second_peak_spread": 0,
    "bpm_histogram_second_peak_weight": 0.0222222227603
},
"tonal": {
    "tuning_frequency": {
        "dmean": 0.0652172416449,
        "dmean2": 0.113369308412,
        "dvar": 0.637923717499,
        "dvar2": 1.12820196152,
        "max": 456.04309082,
        "mean": 441.423034668,
        "median": 441.017791748,
        "min": 435.448913574,
        "var": 27.3443832397
    },
    "hpcp": {
        "dmean": [0.0890128985047, 0.1330293715, 0.070740096271, 0.190623953938, 0.132494017482, 0.111378744245, 0.145650058985, 0.0638059452176, 0.19853335619, 0.105296432972, 0.191287830472, 0.199302121997],
        "dmean2": [0.159570425749, 0.226133346558, 0.128700807691, 0.331869602203, 0.224408388138, 0.190790578723, 0.239563018084, 0.110501825809, 0.336566895247, 0.185786530375, 0.332302629948, 0.33642706275],
        "dvar": [0.0308870635927, 0.0428793802857, 0.0300032962114, 0.0662120208144, 0.0494015328586, 0.0292361844331, 0.0445332936943, 0.0192469488829, 0.0587041154504, 0.0408724285662, 0.057445872575, 0.0631867721677],
        "dvar2": [0.0784989669919, 0.109617620707, 0.0759740322828, 0.145586356521, 0.110543586314, 0.0715241357684, 0.0927389934659, 0.0509719140828, 0.142552539706, 0.108969815075, 0.144650325179, 0.141553714871],
        "max": [1, 1, 1, 1, 1, 1, 1, 1, 1, 1, 1, 1],
        "mean": [0.0843981578946, 0.225424587727, 0.0646265819669, 0.433023154736, 0.222521960735, 0.122745670378, 0.307789474726, 0.0582624897361, 0.374256074429, 0.08354999125, 0.252102643251, 0.343999356031],
        "median": [0.0164361149073, 0.070555396378, 0.0088716764003, 0.278218775988, 0.0381320938468, 0.0459784530103, 0.131414085627, 0.0157111845911, 0.250628769398, 0.0193386487663, 0.13213069737, 0.219147920609],
        "min": [0.000171706837136, 8.90365117812e-05, 2.16359021579e-05, 0.000225144307478, 5.13708146173e-05, 0.000370278750779, 0.000552649667952, 6.35431206319e-05, 0.000375545205316, 9.53134949668e-05, 7.72373459768e-05, 0.000243955291808],
        "var": [0.0314836427569, 0.0856120735407, 0.031162539497, 0.157446354628, 0.114407211542, 0.0392801724374, 0.129678413272, 0.0171016696841, 0.121889442205, 0.0310804732144, 0.0872641801834, 0.125838816166]
    }
},
"lowlevel": {
    "melbands": {
        "dmean": [8.62339311425e-06, 3.96046743845e-05, 2.35350289586e-05, 5.21683432453e-05, 5.22766713402e-05, 8.11456266092e-05, 6.254370237e-05, 0.000138414587127, 8.97512145457e-05, 6.67683634674e-05, 4.14661044488e-05, 3.47956411133e-05, 3.06467482005e-05, 2.45341288974e-05, 5.01744034409e-05, 3.96682917199e-05, 2.44000821112e-05, 1.62813012139e-05, 1.41203054227e-05, 1.5623823856e-05, 5.03191131429e-06, 6.97299265084e-06, 2.99190060105e-06, 2.77894582723e-06, 3.74277124138e-06, 1.17215518003e-06, 6.68780216984e-07, 8.02569672942e-07, 7.70763506353e-07, 7.71049371906e-07, 3.64642545492e-07, 1.95802428493e-07, 1.26682948576e-07, 5.36652997596e-08, 2.27163798883e-08, 1.86742816766e-08, 5.31567234674e-09, 1.00689379057e-09, 3.95774413242e-10, 2.20502824333e-10],
        "dmean2": [1.39146150104e-05, 6.67183194309e-05, 3.58093348041e-05, 7.9119381553e-05, 7.6760952652e-05, 0.000124482743558, 9.86450177152e-05, 0.000215760970605, 0.000135019232403, 0.000101456920675, 6.37274424662e-05, 5.32984195161e-05, 4.64698787255e-05, 3.72389695258e-05, 7.82347415225e-05, 6.36997647234e-05, 3.7145378883e-05, 2.37566127907e-05, 2.06309232453e-05, 2.48313499469e-05, 7.77268178354e-06, 1.074696047e-05, 4.48212131232e-06, 4.05189666708e-06, 5.7708721215e-06, 1.77175843419e-06, 9.78267166829e-07, 1.2388934465e-06, 1.13371550015e-06, 1.14815952656e-06, 5.29976432517e-07, 2.72913808885e-07, 1.83180404179e-07, 7.69596582018e-08, 3.28834524055e-08, 2.7052495355e-08, 8.20178769345e-09, 1.63766344929e-09, 6.3332394884e-10, 3.42336547998e-10],
        "dvar": [1.01765609828e-10, 2.28054397589e-09, 1.46440837234e-09, 6.81786538337e-09, 4.93489116238e-09, 1.92037461488e-08, 8.22017298674e-09, 9.08171742253e-08, 2.46510030166e-08, 1.20091465661e-08, 6.25252738473e-09, 5.13862907781e-09, 3.63095198352e-09, 1.89177562504e-09, 9.0276195408e-09, 1.00550519022e-08, 3.39912564762e-09, 1.31111410617e-09, 1.13532583335e-09, 1.18877963029e-09, 6.65104638031e-11, 3.1766733688e-10, 2.46437800722e-11, 2.52165528042e-11, 6.07049896462e-11, 6.82101857635e-12, 2.01862094748e-12, 4.40729397422e-12, 2.29260404064e-12, 2.01313293292e-12, 5.78485555899e-13, 1.99946518218e-13, 1.19460566656e-13, 2.26462711837e-14, 2.97506007866e-15, 1.84566721613e-15, 1.21884282401e-16, 6.66006248635e-18, 8.74725196404e-19, 2.14894582579e-19],
        "dvar2": [2.27628790817e-10, 5.34886002157e-09, 3.53279761001e-09, 1.60967985607e-08, 1.02240607092e-08, 4.23793657944e-08, 1.76637957594e-08, 1.81224606877e-07, 4.87197837629e-08, 2.39747031117e-08, 1.40051206188e-08, 1.20154410865e-08, 7.69700214676e-09, 3.67975916404e-09, 2.00553973428e-08, 2.58376378071e-08, 8.02024580082e-09, 2.62028598819e-09, 2.62549870733e-09, 2.54543164324e-09, 1.48241571796e-10, 7.53952289489e-10, 5.23972705502e-11, 5.2966412506e-11, 1.26309546156e-10, 1.29722239894e-11, 4.18220276119e-12, 9.77774458621e-12, 4.48750498566e-12, 3.65403454022e-12, 9.68315163295e-13, 3.34111698811e-13, 2.1093921694e-13, 4.01862211856e-14, 5.68280164137e-15, 3.35844476652e-15, 2.50365654442e-16, 1.63088319234e-17, 2.14366502721e-18, 5.13185385269e-19],
        "max": [9.22929102671e-05, 0.000634280906525, 0.000622471387032, 0.00118884979747, 0.000778456043918, 0.00135389599018, 0.00121522764675, 0.00408273050562, 0.00180722156074, 0.00101399456616, 0.00080424407497, 0.000818899890874, 0.000839077983983, 0.000506244599819, 0.000835422077216, 0.00140493700746, 0.000737704569474, 0.000418313517002, 0.000357570854248, 0.000538794731256, 0.000110094537376, 0.000242147114477, 5.23427515873e-05, 5.81444619456e-05, 7.0827518357e-05, 3.71127898688e-05, 1.4765173546e-05, 2.36224423134e-05, 1.27567091113e-05, 1.38803152367e-05, 8.60124328028e-06, 5.53370500711e-06, 3.84818667953e-06, 1.61422690326e-06, 4.97264807109e-07, 5.10105394369e-07, 9.56878309921e-08, 2.57785153224e-08, 8.90048390545e-09, 3.97039601197e-09],
        "mean": [1.11221397674e-05, 5.34216706001e-05, 3.853256203e-05, 8.36035105749e-05, 0.000103458471131, 0.00014642518363, 0.00013961440709, 0.000330505718011, 0.000180837800144, 0.000107647865661, 7.12829569238e-05, 5.75364138058e-05, 4.76152054034e-05, 3.58191755367e-05, 7.55027795094e-05, 6.12874137005e-05, 4.4429605623e-05, 2.22257785936e-05, 1.90181726794e-05, 2.46526669798e-05, 7.45485840525e-06, 1.04582568383e-05, 5.25509040017e-06, 4.20265860157e-06, 5.93916320213e-06, 1.93845789909e-06, 1.01415753306e-06, 1.0983866332e-06, 1.14923727779e-06, 1.22584208384e-06, 5.72018279854e-07, 2.73814634966e-07, 1.760114543e-07, 7.28662143956e-08, 3.19273389948e-08, 3.04489304881e-08, 8.73933547751e-09, 1.26731170003e-09, 4.95181950999e-10, 3.07719905113e-10],
        "median": [6.57562668493e-06, 3.54904695996e-05, 2.5718125471e-05, 5.57494495297e-05, 7.56966474e-05, 8.57419217937e-05, 5.22362533957e-05, 7.77976674726e-05, 5.00394889968e-05, 3.13349592034e-05, 1.97142107936e-05, 1.2108224837e-05, 1.41567234095e-05, 1.45128860822e-05, 1.68971728272e-05, 1.25671940623e-05, 5.89709998167e-06, 5.79216430197e-06, 2.81077132058e-06, 5.59992622584e-06, 2.99216003441e-06, 3.0168162084e-06, 2.06260710911e-06, 1.64904804478e-06, 1.13755129405e-06, 6.01541671585e-07, 2.96995182225e-07, 1.67004486684e-07, 3.07691664148e-07, 2.73433158782e-07, 9.71668043803e-08, 4.86766111862e-08, 1.77821100067e-08, 6.19567153137e-09, 3.6927829683e-09, 3.22092885696e-09, 1.39739742e-09, 2.18991991208e-10, 1.22157284288e-10, 1.05544240014e-10],
        "min": [1.33917774647e-08, 3.04507850046e-08, 2.80302629108e-07, 7.74121247105e-08, 2.10775805698e-08, 3.60570773239e-08, 9.85675399079e-08, 5.1467168305e-08, 3.16615356155e-08, 1.22655139378e-08, 7.02786540074e-09, 5.21437559797e-09, 4.10547240648e-09, 4.17638279515e-09, 5.05018649122e-09, 2.85887891138e-09, 3.71375485919e-09, 1.36718758537e-09, 7.47624517849e-10, 6.48387510349e-10, 5.65843871758e-10, 5.70901548258e-10, 6.01491800811e-10, 3.46982609312e-10, 1.94675470189e-10, 1.19086213113e-10, 8.84663106659e-11, 7.58023643854e-11, 8.31670010637e-11, 5.44282847958e-11, 4.81267005414e-11, 4.88872900495e-11, 4.20957990688e-11, 2.79942700965e-11, 2.42064458755e-11, 1.52283671784e-11, 6.01851467968e-12, 5.89160274386e-12, 3.35627966391e-12, 4.86416375928e-12],
        "var": [1.59106061659e-10, 3.25612292684e-09, 1.94704630196e-09, 9.87943504782e-09, 1.1623074947e-08, 3.31979244095e-08, 3.48705917474e-08, 3.33475753678e-07, 8.23987349463e-08, 2.63736144035e-08, 1.3400057064e-08, 9.49907974501e-09, 7.16716908045e-09, 3.48918915982e-09, 1.76497270132e-08, 1.8811299185e-08, 9.54688861299e-09, 2.34491936979e-09, 1.82992276887e-09, 3.08169445518e-09, 1.32014260634e-10, 4.68072303139e-10, 6.57597795661e-11, 4.51212331387e-11, 1.21652909968e-10, 1.87095339221e-11, 3.66790495546e-12, 7.90675771384e-12, 4.37980251025e-12, 4.69108692863e-12, 1.30115915872e-12, 4.14370875937e-13, 2.39172776636e-13, 4.38301332078e-14, 5.96364261481e-15, 5.04370215366e-15, 2.82045269005e-16, 8.79126396969e-18, 1.14369620747e-18, 3.25519843621e-19]
    },
    "mfcc": {
        "dmean": [40.1567993164, 14.5209665298, 16.2771663666, 8.93959236145, 9.78761863708, 7.28402137756, 6.6289434433, 5.88760948181, 5.23006105423, 5.44819831848, 5.03685712814, 5.10024785995, 5.02753305435],
        "dmean2": [47.0458030701, 20.6495552063, 22.6182003021, 13.8409986496, 13.5663604736, 11.1739311218, 10.305273056, 9.61057186127, 8.40093517303, 8.47759151459, 8.08153438568, 8.25057411194, 8.08190822601],
        "dvar": [2117.51074219, 208.407409668, 403.204559326, 68.5899887085, 82.2618179321, 35.8112182617, 31.8976612091, 25.5918331146, 19.8039588928, 18.35405159, 15.8701114655, 21.018037796, 15.3436908722],
        "dvar2": [3336.15527344, 378.685119629, 667.045898438, 143.378814697, 140.165786743, 76.5952377319, 66.4621734619, 59.905040741, 49.0334739685, 43.8115005493, 39.2623710632, 47.1719703674, 38.063117981],
        "max": [-606.261230469, 233.831848145, 76.4012451172, 69.1545333862, 29.728717804, 48.6558380127, 19.7159156799, 24.7212200165, 18.4004631042, 19.1983585358, 27.1771278381, 34.293586731, 24.1622848511],
        "mean": [-772.38067627, 175.759536743, -42.7253990173, 18.1697769165, -17.4210243225, -0.901070654392, -11.2518033981, -7.76664304733, -3.87783479691, -4.91079807281, 0.761657297611, 4.70006895065, -5.407954216],
        "median": [-740.682983398, 183.214477539, -57.5412597656, 16.5870761871, -18.6464080811, -1.49241256714, -11.3934135437, -7.84627151489, -4.12029075623, -4.69817352295, 0.988399505615, 2.72157287598, -5.29752731323],
        "min": [-1040.50219727, 60.2659378052, -112.755737305, -31.3896255493, -63.6744689941, -26.0714683533, -53.4604949951, -32.0104675293, -27.4071655273, -31.4150848389, -19.8317241669, -19.6221313477, -27.013874054],
        "var": [10445.0917969, 884.443847656, 1745.65551758, 288.529693604, 433.27520752, 146.132354736, 144.469528198, 68.9191665649, 61.7046203613, 78.2344894409, 55.3662910461, 102.146064758, 44.0415840149],
        "cov": [[10461.2353516, 77.8084945679, -4033.68969727, 324.446594238, -1714.47912598, 13.3816986084, -834.913513184, -5.29923582077, -253.924072266, -118.890541077, -37.9078483582, 324.639862061, -208.847518921], [77.8084945679, 885.810852051, -17.1851100922, -271.504211426, -20.3067684174, -240.301528931, 57.4344406128, -90.2853469849, 49.3655815125, -133.498779297, 5.58335828781, 25.6760253906, 2.73202753067], [-4033.68969727, -17.1851100922, 1748.35351562, -100.137039185, 658.597290039, 47.9909591675, 307.21774292, 36.6296310425, 88.5797119141, 64.0320663452, 2.89547538757, -137.920516968, 73.774848938], [324.446594238, -271.504211426, -100.137039185, 288.975646973, 36.3767547607, 96.3647994995, -32.2532920837, 4.90627813339, -32.549861908, 13.5801401138, -14.5374174118, -42.2423057556, -19.09582901], [-1714.47912598, -20.3067684174, 658.597290039, 36.3767547607, 433.944885254, 44.4733123779, 147.781723022, 3.89979481697, 6.65670681, 22.1488819122, -5.30229043961, -101.566459656, 21.3049697876], [13.3816986084, -240.301528931, 47.9909591675, 96.3647994995, 44.4733123779, 146.358215332, 9.05797767639, 48.7750053406, -19.8737869263, 38.7142066956, -6.46500396729, -33.3163871765, -3.89609527588], [-834.913513184, 57.4344406128, 307.21774292, -32.2532920837, 147.781723022, 9.05797767639, 144.692825317, 16.3457050323, 31.4346446991, -8.2861700058, -7.56854486465, -33.4243392944, 16.5813961029], [-5.29923582077, -90.2853469849, 36.6296310425, 4.90627813339, 3.89979481697, 48.7750053406, 16.3457050323, 69.0256881714, 7.36217784882, 29.5813407898, 2.07339668274, 2.29037451744, 4.45568943024], [-253.924072266, 49.3655815125, 88.5797119141, -32.549861908, 6.65670681, -19.8737869263, 31.4346446991, 7.36217784882, 61.7999916077, 9.84807872772, 17.6325626373, 14.5625600815, 9.73805046082], [-118.890541077, -133.498779297, 64.0320663452, 13.5801401138, 22.1488819122, 38.7142066956, -8.2861700058, 29.5813407898, 9.84807872772, 78.3554077148, 25.2513179779, 4.77445983887, 4.65488195419], [-37.9078483582, 5.58335828781, 2.89547538757, -14.5374174118, -5.30229043961, -6.46500396729, -7.56854486465, 2.07339668274, 17.6325626373, 25.2513179779, 55.4518623352, 34.481086731, 9.7666015625], [324.639862061, 25.6760253906, -137.920516968, -42.2423057556, -101.566459656, -33.3163871765, -33.4243392944, 2.29037451744, 14.5625600815, 4.77445983887, 34.481086731, 102.303939819, 7.08865976334], [-208.847518921, 2.73202753067, 73.774848938, -19.09582901, 21.3049697876, -3.89609527588, 16.5813961029, 4.45568943024, 9.73805046082, 4.65488195419, 9.7666015625, 7.08865976334, 44.1096572876]],
        "icov": [[0.00626457948238, -0.00738830631599, 0.00927064567804, -0.00638572778553, 0.00875675026327, -0.00988857448101, 0.00785007141531, -0.0073637701571, 0.00735836056992, -0.00628154305741, 0.00568813411519, -0.00282414141111, 0.00277153495699], [-0.00738830631599, 0.0120593635365, -0.0105004934594, 0.00961190741509, -0.011064752005, 0.0147247286513, -0.00989594031125, 0.00902400072664, -0.0100546050817, 0.0115968519822, -0.00876356288791, 0.00461337668821, -0.0023567378521], [0.00927064567804, -0.0105004934594, 0.0155989471823, -0.00836989935488, 0.0104952910915, -0.0145811978728, 0.0107632288709, -0.0107175623998, 0.00910258851945, -0.00966438557953, 0.00889900140464, -0.00384544371627, 0.00316853821278], [-0.00638572778553, 0.00961190741509, -0.00836989935488, 0.0133167887107, -0.0110884951428, 0.00800555758178, -0.00674758292735, 0.00930563546717, -0.0092086577788, 0.00927531346679, -0.00658689206466, 0.00446149054915, -0.00161107606255], [0.00875675026327, -0.011064752005, 0.0104952910915, -0.0110884951428, 0.0205714404583, -0.0137675721198, 0.00691952044144, -0.0089369956404, 0.0146059952676, -0.0108682764694, 0.00534279923886, -0.000674905197229, 0.00378949986771], [-0.00988857448101, 0.0147247286513, -0.0145811978728, 0.00800555758178, -0.0137675721198, 0.0329860746861, -0.0145983537659, 0.0035615703091, -0.00790058728307, 0.0096976403147, -0.0114851836115, 0.0083254603669, -0.00326136942022], [0.00785007141531, -0.00989594031125, 0.0107632288709, -0.00674758292735, 0.00691952044144, -0.0145983537659, 0.0259169247001, -0.0131366020069, 0.00238615856506, -0.00281245284714, 0.00922059454024, -0.00328492349945, 0.00206715846434], [-0.0073637701571, 0.00902400072664, -0.0107175623998, 0.00930563546717, -0.0089369956404, 0.0035615703091, -0.0131366020069, 0.0330517143011, -0.0111176129431, 0.0007710296195, -0.0028016269207, 0.000542605703231, -0.00433349749073], [0.00735836056992, -0.0100546050817, 0.00910258851945, -0.0092086577788, 0.0146059952676, -0.00790058728307, 0.00238615856506, -0.0111176129431, 0.0347651280463, -0.0122019937262, 0.0010761928279, -0.00433687493205, 0.0027964618057], [-0.00628154305741, 0.0115968519822, -0.00966438557953, 0.00927531346679, -0.0108682764694, 0.0096976403147, -0.00281245284714, 0.0007710296195, -0.0122019937262, 0.0339054837823, -0.0175848137587, 0.00541009195149, -0.00105504947715], [0.00568813411519, -0.00876356288791, 0.00889900140464, -0.00658689206466, 0.00534279923886, -0.0114851836115, 0.00922059454024, -0.0028016269207, 0.0010761928279, -0.0175848137587, 0.037709467113, -0.0138695472851, -0.00154147669673], [-0.00282414141111, 0.00461337668821, -0.00384544371627, 0.00446149054915, -0.000674905197229, 0.0083254603669, -0.00328492349945, 0.000542605703231, -0.00433687493205, 0.00541009195149, -0.0138695472851, 0.0204315781593, -0.00287882820703], [0.00277153495699, -0.0023567378521, 0.00316853821278, -0.00161107606255, 0.00378949986771, -0.00326136942022, 0.00206715846434, -0.00433349749073, 0.0027964618057, -0.00105504947715, -0.00154147669673, -0.00287882820703, 0.0277824699879]]
    }
}

}