{
"metadata": {
    "version": {
        "essentia": "2.0.1",
        "extractor": "archive-music 1.0 mod ismir14"
    },
    "audio_properties": {
        "analysis_sample_rate": 44100,
        "bitrate": 32,
        "channels": 2,
        "equal_loudness": 0,
        "length": 30.0408172607,
        "replay_gain": -8.82323265076,
        "downmix": "mix"
    },
    "tags": {
        "track": 7,
        "year": 0,
        "album": "The Cool Jazz Collection",
        "artist": "Astrud Gilberto",
        "comment": "",
        "genre": "Jazz",
        "title": "Girl From Ipanema"
    }
},
"rhythm": {
    "bpm": 130.35269165,
    "bpm_histogram_first_peak": 129,
    "bpm_histogram_first_peak_spread": 0.482758641243,
    "bpm_histogram_first_peak_weight": 0.47619047761,
    "bpm_histogram_second_peak": 123,
    "bpm_histogram_second_peak_spread": 0,
    "bpm_histogram_second_peak_weight": 0.047619048506
},
"tonal": {
    "tuning_frequency": {
        "dmean": 0.0787474289536,
        "dmean2": 0.116381473839,
        "dvar": 0.614205062389,
        "dvar2": 1.11485004425,
        "max": 451.326080322,
        "mean": 438.295379639,
        "median": 437.971466064,
        "min": 433.441375732,
        "var": 1.48617970943
    },
    "hpcp": {
        "dmean": [0.0907781273127, 0.142400190234, 0.0841675549746, 0.144716918468, 0.100209996104, 0.0803718790412, 0.127954259515, 0.0428748466074, 0.127941086888, 0.0945736020803, 0.12341209501, 0.0968268662691],
        "dmean2": [0.170804604888, 0.248853966594, 0.160661578178, 0.262432336807, 0.178170204163, 0.147677212954, 0.219683200121, 0.0812117904425, 0.229000285268, 0.173250496387, 0.22626209259, 0.172253191471],
        "dvar": [0.0474653169513, 0.0715421587229, 0.053195014596, 0.075021058321, 0.0471771843731, 0.0433769263327, 0.0612593218684, 0.021810323, 0.0641030222178, 0.0564375035465, 0.0663495212793, 0.0445746928453],
        "dvar2": [0.13587538898, 0.151644125581, 0.147487014532, 0.162369549274, 0.112900868058, 0.111114747822, 0.12877215445, 0.060867138207, 0.145046710968, 0.139552086592, 0.159657165408, 0.108786784112],
        "max": [1, 1, 1, 1, 1, 1, 1, 1, 1, 1, 1, 1],
        "mean": [0.0591762959957, 0.256819784641, 0.0535385385156, 0.272574573755, 0.120054960251, 0.0844057202339, 0.22803466022, 0.0576962940395, 0.170549601316, 0.0806468948722, 0.122106671333, 0.130699723959],
        "median": [0.00177409907337, 0.0406489446759, 0.000926897744648, 0.0227148085833, 0.00577695388347, 0.00347879785113, 0.0307562369853, 0.00116165308282, 0.0132087422535, 0.00130065868143, 0.008190440014, 0.00662390142679],
        "min": [2.76505693364e-06, 2.62138360085e-06, 1.29015666062e-06, 7.18457249604e-06, 1.13115356726e-06, 5.37925916433e-06, 4.02757450502e-06, 3.93946811528e-06, 5.61809201827e-07, 1.18658806514e-06, 6.98084886608e-06, 4.96316806675e-06],
        "var": [0.0328171402216, 0.143047079444, 0.0341182090342, 0.163546234369, 0.0698786228895, 0.0555508285761, 0.13121676445, 0.0413733310997, 0.101765818894, 0.0554522238672, 0.0715259760618, 0.0772920101881]
    }
},
"lowlevel": {
    "melbands": {
        "dmean": [0.000257375853835, 0.000729897757992, 0.000860336935148, 0.000454199325759, 0.000257348612649, 9.5734554634e-05, 5.76557868044e-05, 7.04605336068e-05, 2.51173933066e-05, 1.66173322214e-05, 1.63144522958e-05, 1.58345355885e-05, 3.4674546896e-06, 2.41710904447e-06, 3.58902684638e-06, 2.34393746723e-06, 1.96714631784e-06, 7.90317812971e-07, 8.75006605838e-07, 7.97352583959e-07, 4.4534434096e-07, 5.89660032801e-07, 7.16547845059e-07, 6.14621740169e-07, 2.48876773412e-07, 1.50100547103e-07, 2.25798984843e-07, 3.15909460369e-07, 2.94618246244e-07, 3.35144363817e-07, 5.79409061174e-07, 1.04022149117e-06, 1.02590990991e-06, 7.65094625876e-07, 3.16138937251e-07, 1.97472473928e-07, 1.55649175326e-07, 1.22232165722e-07, 1.69812551576e-07, 2.41564748649e-07],
        "dmean2": [0.000358717865311, 0.00105507357512, 0.00130583927967, 0.000654572620988, 0.000381760473829, 0.000143969591591, 8.82314270712e-05, 0.00011138724949, 3.56566706614e-05, 2.41253110289e-05, 2.28799199249e-05, 1.87903860933e-05, 4.97396240462e-06, 3.5259181459e-06, 4.73684258395e-06, 3.35561912834e-06, 2.86917088488e-06, 1.17026695534e-06, 1.41917712426e-06, 1.16249793791e-06, 7.16789884336e-07, 9.02840270101e-07, 1.10351447802e-06, 9.66790821622e-07, 3.78836716663e-07, 2.14530530229e-07, 3.30449864805e-07, 4.87038050778e-07, 4.7036078854e-07, 5.33516129053e-07, 8.67564381224e-07, 1.5979080672e-06, 1.59852072557e-06, 1.30409864596e-06, 4.46484534677e-07, 2.85092824015e-07, 2.38662721586e-07, 1.77890612463e-07, 2.46469511467e-07, 3.42820271726e-07],
        "dvar": [3.77750353664e-07, 1.21999312341e-06, 1.30850457936e-06, 5.91506420733e-07, 2.16031892819e-07, 3.65887089515e-08, 3.54585871776e-08, 4.68426186728e-08, 4.33200897376e-09, 4.00641075871e-09, 2.10510742171e-09, 7.94185428532e-09, 7.15528539197e-11, 3.0623101277e-11, 1.68988295579e-10, 7.55222412385e-11, 9.28724250282e-11, 5.51870485074e-12, 2.07580098943e-11, 1.30814803434e-11, 2.46084164331e-12, 1.69884787661e-12, 3.71512846528e-12, 3.48321024801e-12, 6.61506060432e-13, 1.3912947129e-13, 4.95449709904e-13, 1.49319966114e-12, 9.32100100229e-13, 1.80287523192e-12, 6.7252319165e-12, 2.56207711297e-11, 2.11774122544e-11, 3.17513237924e-11, 1.30023021429e-12, 3.13325564496e-13, 2.02227422091e-13, 1.49818430773e-13, 4.5032250498e-13, 9.12185366304e-13],
        "dvar2": [7.19323622889e-07, 2.26568499784e-06, 2.53230587077e-06, 1.14743227186e-06, 4.70312301104e-07, 7.78637385679e-08, 7.40013632594e-08, 1.06354747231e-07, 7.20360926465e-09, 7.3064501116e-09, 4.31945768042e-09, 1.09700684092e-08, 1.3077229577e-10, 6.44935563288e-11, 2.26455756924e-10, 1.41137865284e-10, 2.03867520088e-10, 1.34015082018e-11, 5.67284136332e-11, 2.88511870644e-11, 6.5860554857e-12, 3.81210254335e-12, 8.2587877509e-12, 8.0839735947e-12, 1.59028411099e-12, 2.7113226486e-13, 9.51849059641e-13, 2.99214754536e-12, 2.30353171433e-12, 3.61587127427e-12, 1.49346576772e-11, 5.60097419833e-11, 4.81982925793e-11, 9.01810848219e-11, 2.2442145798e-12, 5.61089857302e-13, 3.55496665091e-13, 2.37369097902e-13, 8.83213803742e-13, 1.52667971581e-12],
        "max": [0.0091764992103, 0.0117788594216, 0.0120795322582, 0.0200059879571, 0.00533362152055, 0.00242239329964, 0.00219740648754, 0.00194860389456, 0.000978146796115, 0.000952316622715, 0.000502742943354, 0.00248704710975, 0.000113722358947, 8.1869555288e-05, 0.000317363155773, 0.000141052369145, 0.000177577108843, 3.65630294255e-05, 7.82290953794e-05, 5.55712249479e-05, 2.55406466749e-05, 1.34010215334e-05, 1.88220619748e-05, 2.32177608268e-05, 1.44835576066e-05, 6.16734041614e-06, 9.67917912931e-06, 2.09294157685e-05, 1.16755691124e-05, 1.74207307282e-05, 3.65976266039e-05, 6.59766665194e-05, 5.66232192796e-05, 0.000112963098218, 1.99341120606e-05, 5.87379827266e-06, 4.61457420897e-06, 5.75929061597e-06, 8.07632477517e-06, 1.30893567984e-05],
        "mean": [0.000463220203528, 0.00157141650561, 0.00201538880356, 0.000767412420828, 0.000572511809878, 0.000168013968505, 6.8899942562e-05, 8.19464039523e-05, 3.31232658937e-05, 2.23134502448e-05, 2.08790534089e-05, 2.19380617636e-05, 4.67695826956e-06, 3.11962412525e-06, 5.04714853378e-06, 2.96133907796e-06, 2.12065810956e-06, 8.32826685837e-07, 8.46532714149e-07, 8.24132996513e-07, 4.37035680534e-07, 6.67991116643e-07, 7.91462753114e-07, 6.18924559603e-07, 2.63617806695e-07, 1.79622986707e-07, 2.49490994975e-07, 3.23722758822e-07, 2.84827194719e-07, 3.4502983226e-07, 5.98927215378e-07, 1.02703245375e-06, 1.00145416582e-06, 7.29035321001e-07, 3.50778094571e-07, 2.26716622365e-07, 1.87735039958e-07, 1.4467264009e-07, 1.83937331144e-07, 2.65480650796e-07],
        "median": [0.000121140910778, 0.000804105540738, 0.000813646591268, 0.000351405731635, 0.000187257130165, 5.96698482696e-05, 1.76508056029e-05, 1.47811588249e-05, 4.85790678795e-06, 2.02373257707e-06, 2.02674436878e-06, 2.02933142646e-06, 9.07816115614e-07, 1.02235003396e-06, 8.42741542328e-07, 2.99683875937e-07, 2.2324644533e-07, 1.44936194602e-07, 7.36357463893e-08, 6.32229983921e-08, 6.53278959817e-08, 1.27169386133e-07, 1.17084411499e-07, 7.20810930943e-08, 4.25558468464e-08, 3.44529667018e-08, 5.03716321987e-08, 5.04626882503e-08, 3.00815443666e-08, 4.01888442525e-08, 3.88351288905e-08, 2.55733070276e-08, 3.23197681951e-08, 2.49125431395e-08, 2.3660959414e-08, 2.31005437001e-08, 2.22678142592e-08, 1.75213603626e-08, 1.73439822504e-08, 1.79963794977e-08],
        "min": [4.08980071143e-07, 5.85959810451e-07, 5.87008003095e-07, 2.61697692849e-07, 6.57607017729e-07, 3.60382955478e-07, 1.0628173186e-07, 8.55782786857e-08, 2.75621676593e-08, 1.39086955286e-08, 1.09755369238e-08, 1.06152162616e-08, 7.49261186428e-09, 5.20145881922e-09, 2.26989671503e-09, 3.1925164734e-09, 1.97532123991e-09, 1.26913357601e-09, 1.06516662157e-09, 1.19401344367e-09, 4.5503295576e-10, 6.95560442576e-10, 6.48974596285e-10, 6.00712257715e-10, 5.48647516307e-10, 4.30132929274e-10, 6.06760919286e-10, 7.74994901587e-10, 5.72714875524e-10, 6.47530862263e-10, 5.43749711923e-10, 6.16753592642e-10, 5.61261759291e-10, 3.37844863196e-10, 3.81404213767e-10, 4.35862179682e-10, 4.75901096308e-10, 4.5659287462e-10, 4.42621661545e-10, 2.91861507185e-10],
        "var": [1.14847262012e-06, 3.51489757122e-06, 7.09578625901e-06, 2.17981710193e-06, 7.92549428752e-07, 7.99727146727e-08, 4.63784637361e-08, 5.39651949794e-08, 8.48703063383e-09, 6.76534872568e-09, 3.3538045674e-09, 1.88258084677e-08, 1.47884579582e-10, 4.88775617202e-11, 4.31020580338e-10, 1.188845411e-10, 1.07551995088e-10, 5.65283453727e-12, 1.73184643709e-11, 1.51063762194e-11, 1.92068344736e-12, 2.18363695181e-12, 4.2716611498e-12, 3.5550078506e-12, 6.51392459937e-13, 2.03310255458e-13, 6.52943790615e-13, 1.73962949081e-12, 8.49593399105e-13, 2.0593023814e-12, 7.5788333942e-12, 2.76652138698e-11, 2.30918444089e-11, 2.64162077629e-11, 2.05042254876e-12, 4.64969480019e-13, 3.09541427863e-13, 2.43181912324e-13, 5.95222384835e-13, 1.372558317e-12]
    },
    "mfcc": {
        "dmean": [41.0427894592, 28.4568958282, 14.3249950409, 10.784163475, 8.08800792694, 9.6929359436, 7.76031827927, 6.67232608795, 6.93498897552, 7.06917285919, 5.88396835327, 6.0446190834, 5.45722961426],
        "dmean2": [52.8137931824, 39.0149345398, 20.2849025726, 14.9636173248, 11.9514141083, 13.8937206268, 11.6936120987, 10.0107631683, 10.6884489059, 9.95524692535, 8.85182285309, 9.06196880341, 8.19521903992],
        "dvar": [1353.90759277, 779.482543945, 190.271789551, 92.6702423096, 50.6843109131, 92.7048339844, 43.8568687439, 37.1632499695, 35.8954391479, 32.7435493469, 23.8116931915, 24.6863975525, 20.5547275543],
        "dvar2": [2378.70483398, 1358.78710938, 337.512298584, 172.197036743, 106.41280365, 156.317886353, 90.5709991455, 78.2944869995, 77.919708252, 61.9730186462, 46.8647918701, 56.1499900818, 48.3041992188],
        "max": [-627.934265137, 246.024520874, 134.764816284, 116.029693604, 45.9925689697, 59.9149971008, 39.7324981689, 36.9766845703, 27.7463626862, 26.2028160095, 29.1070709229, 37.6253395081, 16.3747901917],
        "mean": [-803.676940918, 157.097366333, 62.2832221985, 30.7898368835, 8.76114273071, 8.1188621521, 3.04543590546, 2.91766762733, -5.57685661316, -10.9677886963, -4.83822917938, -0.936912238598, -6.01358509064],
        "median": [-793.111450195, 165.6612854, 61.823764801, 29.1811599731, 10.1330394745, 10.2731218338, 4.21580028534, 2.36905479431, -4.78577232361, -10.0248012543, -4.58699989319, -1.1928768158, -4.85674095154],
        "min": [-1014.69873047, -41.8864898682, -20.3995475769, -31.3829154968, -34.2810173035, -50.9969329834, -44.8819732666, -32.9296646118, -38.9639129639, -47.4422988892, -42.7401199341, -35.0863876343, -35.3794364929],
        "var": [5125.25048828, 2292.55078125, 727.401733398, 502.692993164, 200.836334229, 300.566680908, 190.44128418, 134.482711792, 106.936080933, 189.402648926, 134.509078979, 123.194290161, 84.0751495361],
        "cov": [[5133.171875, -667.887512207, -484.172821045, -91.8413772583, -112.213302612, -179.281143188, -250.452087402, 32.2426147461, -13.1388502121, 124.384140015, 88.0869369507, -29.946100235, -162.921386719], [-667.887512207, 2296.09399414, -423.268554688, -296.829803467, 91.1034164429, -245.124282837, 51.8560829163, 120.359275818, -114.222312927, -148.916091919, -34.667049408, 26.7660121918, -92.2612533569], [-484.172821045, -423.268554688, 728.526000977, 127.823944092, -91.2258529663, 205.638336182, 36.7358551025, -58.4839172363, 24.5119056702, -76.8807525635, 26.8330612183, -29.4859352112, 76.1992492676], [-91.8413772583, -296.829803467, 127.823944092, 503.469970703, 124.194625854, -109.497512817, -54.5661392212, 22.2378463745, 3.03732132912, -97.1262588501, -0.935466051102, -46.1618843079, 53.0313529968], [-112.213302612, 91.1034164429, -91.2258529663, 124.194625854, 201.146743774, -39.6619911194, -17.6581020355, 11.35709095, 8.69298458099, -10.6601247787, -25.8184127808, 24.2472057343, -6.11153793335], [-179.281143188, -245.124282837, 205.638336182, -109.497512817, -39.6619911194, 301.031219482, 70.8880691528, -22.325925827, 46.205909729, 61.7176856995, 44.1338310242, 20.8109340668, 31.2643966675], [-250.452087402, 51.8560829163, 36.7358551025, -54.5661392212, -17.6581020355, 70.8880691528, 190.735626221, 37.5962867737, 3.93797326088, 24.3248748779, 9.16559028625, 27.309589386, 12.1032752991], [32.2426147461, 120.359275818, -58.4839172363, 22.2378463745, 11.35709095, -22.325925827, 37.5962867737, 134.690567017, 21.5370769501, -14.1812410355, 25.3294315338, -8.34521198273, -2.20890617371], [-13.1388502121, -114.222312927, 24.5119056702, 3.03732132912, 8.69298458099, 46.205909729, 3.93797326088, 21.5370769501, 107.101356506, 61.9647941589, 15.3630981445, -16.6297187805, 10.1311864853], [124.384140015, -148.916091919, -76.8807525635, -97.1262588501, -10.6601247787, 61.7176856995, 24.3248748779, -14.1812410355, 61.9647941589, 189.695388794, 21.8394451141, 15.6709165573, -14.4392251968], [88.0869369507, -34.667049408, 26.8330612183, -0.935466051102, -25.8184127808, 44.1338310242, 9.16559028625, 25.3294315338, 15.3630981445, 21.8394451141, 134.71697998, -12.1368894577, 15.7575588226], [-29.946100235, 26.7660121918, -29.4859352112, -46.1618843079, 24.2472057343, 20.8109340668, 27.309589386, -8.34521198273, -16.6297187805, 15.6709165573, -12.1368894577, 123.38469696, 0.756263554096], [-162.921386719, -92.2612533569, 76.1992492676, 53.0313529968, -6.11153793335, 31.2643966675, 12.1032752991, -2.20890617371, 10.1311864853, -14.4392251968, 15.7575588226, 0.756263554096, 84.2051010132]],
        "icov": [[0.000272602657788, 0.000144038916915, 0.000176097179065, 5.40334913239e-05, 0.000172942469362, 9.13900948945e-05, 0.000305663823383, -0.000182051153388, 0.000106730883999, -1.06416855488e-05, -0.000226029544137, -4.14083588112e-05, 0.000449784100056], [0.000144038916915, 0.00082794460468, 0.000150135412696, 0.000925049884245, -0.000667035812512, 0.000702915422153, -0.00014482595725, -0.000543170026504, 0.000314945849823, 0.000747895333916, -0.000330537557602, 0.000158174545504, 0.000315357203363], [0.000176097179065, 0.000150135412696, 0.00291890278459, -0.00123117340263, 0.00174432818312, -0.00204469868913, -0.000252715777606, 0.00122920854483, -0.00095674948534, 0.00176008802373, -5.20285830135e-05, 3.05188077618e-05, 1.99398418772e-05], [5.40334913239e-05, 0.000925049884245, -0.00123117340263, 0.00500447442755, -0.00367535813712, 0.00276671070606, 0.000149622894241, -0.00116742099635, 0.000215600186493, 0.00130725698546, -0.000810020661447, 0.00132924853824, -0.00192780699581], [0.000172942469362, -0.000667035812512, 0.00174432818312, -0.00367535813712, 0.00865177437663, -0.00183383910917, 0.000595560006332, 0.000638734083623, -0.00172980304342, -2.03995332413e-05, 0.00124372693244, -0.00236891792156, 0.00157310208306], [9.13900948945e-05, 0.000702915422153, -0.00204469868913, 0.00276671070606, -0.00183383910917, 0.00715804798529, -0.00142783648334, 0.000130174055812, -0.00106050749309, -0.000676492985804, -0.00173604057636, -0.000326437613694, -0.00118791440036], [0.000305663823383, -0.00014482595725, -0.000252715777606, 0.000149622894241, 0.000595560006332, -0.00142783648334, 0.00727471988648, -0.00295950425789, 0.00148838269524, -0.00148081872612, 0.000482705479953, -0.00114615145139, -0.000495765707456], [-0.000182051153388, -0.000543170026504, 0.00122920854483, -0.00116742099635, 0.000638734083623, 0.000130174055812, -0.00295950425789, 0.0107891159132, -0.00417384970933, 0.00241041067056, -0.00200567860156, 9.78273019427e-05, 0.000671911519021], [0.000106730883999, 0.000314945849823, -0.00095674948534, 0.000215600186493, -0.00172980304342, -0.00106050749309, 0.00148838269524, -0.00417384970933, 0.0150317065418, -0.00566234951839, 0.000529789540451, 0.00252418988384, -0.00167495338246], [-1.06416855488e-05, 0.000747895333916, 0.00176008802373, 0.00130725698546, -2.03995332413e-05, -0.000676492985804, -0.00148081872612, 0.00241041067056, -0.00566234951839, 0.0100548984483, -0.00152535364032, -0.000846342591103, 0.0016070852289], [-0.000226029544137, -0.000330537557602, -5.20285830135e-05, -0.000810020661447, 0.00124372693244, -0.00173604057636, 0.000482705479953, -0.00200567860156, 0.000529789540451, -0.00152535364032, 0.00908382423222, 0.000676120456774, -0.00166067958344], [-4.14083588112e-05, 0.000158174545504, 3.05188077618e-05, 0.00132924853824, -0.00236891792156, -0.000326437613694, -0.00114615145139, 9.78273019427e-05, 0.00252418988384, -0.000846342591103, 0.000676120456774, 0.00986816268414, -0.00131897442043], [0.000449784100056, 0.000315357203363, 1.99398418772e-05, -0.00192780699581, 0.00157310208306, -0.00118791440036, -0.000495765707456, 0.000671911519021, -0.00167495338246, 0.0016070852289, -0.00166067958344, -0.00131897442043, 0.0157314427197]]
    }
}

}