{
"metadata": {
    "version": {
        "essentia": "2.0.1",
        "extractor": "archive-music 1.0 mod ismir14"
    },
    "audio_properties": {
        "analysis_sample_rate": 44100,
        "bitrate": 32,
        "channels": 2,
        "equal_loudness": 0,
        "length": 30.0408172607,
        "replay_gain": -12.206199646,
        "downmix": "mix"
    },
    "tags": {
        "track": 6,
        "year": 0,
        "album": "Swing Classics (Jazz & Tzaz 70)",
        "artist": "Benny Carter",
        "comment": "",
        "genre": "Jazz",
        "title": "Babalu"
    }
},
"rhythm": {
    "bpm": 92.4049606323,
    "bpm_histogram_first_peak": 92,
    "bpm_histogram_first_peak_spread": 0.613636374474,
    "bpm_histogram_first_peak_weight": 0.377777785063,
    "bpm_histogram_second_peak": 99,
    "bpm_histogram_second_peak_spread": 0,
    "bpm_histogram_second_peak_weight": 0.0222222227603
},
"tonal": {
    "tuning_frequency": {
        "dmean": 0.0613785386086,
        "dmean2": 0.0963325127959,
        "dvar": 0.817242980003,
        "dvar2": 1.22944915295,
        "max": 456.04309082,
        "mean": 441.910827637,
        "median": 441.017791748,
        "min": 437.465789795,
        "var": 23.338766098
    },
    "hpcp": {
        "dmean": [0.088346555829, 0.132246464491, 0.0706225559115, 0.191554740071, 0.131684184074, 0.110792584717, 0.145710840821, 0.0640168115497, 0.197747379541, 0.103140220046, 0.191179588437, 0.19878397882],
        "dmean2": [0.158861577511, 0.225241273642, 0.128021478653, 0.333654552698, 0.222596302629, 0.189141750336, 0.239650025964, 0.110881052911, 0.335273683071, 0.182204395533, 0.332031428814, 0.33553019166],
        "dvar": [0.0307219587266, 0.0425197333097, 0.0297750439495, 0.0666833594441, 0.0488007031381, 0.0290023833513, 0.0444331355393, 0.0192590598017, 0.0586049742997, 0.0399760007858, 0.0568750910461, 0.0623751953244],
        "dvar2": [0.0779574587941, 0.108402974904, 0.0754133164883, 0.146873727441, 0.109017506242, 0.0702839121222, 0.0922390818596, 0.0508183278143, 0.1417735219, 0.10630723834, 0.144290804863, 0.13896727562],
        "max": [1, 1, 1, 1, 1, 1, 1, 1, 1, 1, 1, 1],
        "mean": [0.0839870870113, 0.225701525807, 0.0647744759917, 0.433265179396, 0.221800819039, 0.122744515538, 0.308357715607, 0.0586378909647, 0.374172270298, 0.0823874250054, 0.252103596926, 0.343992978334],
        "median": [0.0159157067537, 0.0708698034286, 0.0086786095053, 0.278801679611, 0.0384370200336, 0.0458251833916, 0.132875725627, 0.015333481133, 0.252697944641, 0.0191315896809, 0.132425040007, 0.218753919005],
        "min": [0.000205311182071, 9.75290677161e-05, 6.15750032011e-05, 0.000212911108974, 6.22865845799e-05, 0.000374106981326, 0.000599157006945, 5.40351175005e-05, 0.000379142584279, 7.58478054195e-05, 6.09434609942e-05, 0.000244444730924],
        "var": [0.0312434919178, 0.085426427424, 0.0310983303934, 0.157592907548, 0.113733835518, 0.0393322296441, 0.129770249128, 0.0171090792865, 0.122149795294, 0.0304000489414, 0.0869113951921, 0.125242426991]
    }
},
"lowlevel": {
    "melbands": {
        "dmean": [8.68389270181e-06, 3.98720476369e-05, 2.36856412812e-05, 5.23646776855e-05, 5.22876616742e-05, 8.13810402178e-05, 6.31380244158e-05, 0.000139567011502, 9.05742854229e-05, 6.7101791501e-05, 4.16645925725e-05, 3.49311958416e-05, 3.07485061057e-05, 2.46235176746e-05, 5.03109258716e-05, 3.98660595238e-05, 2.45325445576e-05, 1.63649947353e-05, 1.41284108395e-05, 1.55758989422e-05, 5.04092759002e-06, 7.01431281414e-06, 2.98951090372e-06, 2.74321064353e-06, 3.73731040781e-06, 1.17031402169e-06, 6.58819203636e-07, 8.09734615359e-07, 7.66612913594e-07, 7.74943771376e-07, 3.6826125438e-07, 1.9597928258e-07, 1.27083623624e-07, 5.22851202334e-08, 2.27940279984e-08, 1.83517130381e-08, 4.94446483756e-09, 9.15771125598e-10, 3.81577408559e-10, 1.91398424887e-10],
        "dmean2": [1.40128340718e-05, 6.70205554343e-05, 3.59377590939e-05, 7.93057770352e-05, 7.66942685004e-05, 0.000124750789837, 9.95316513581e-05, 0.000217612410779, 0.000136135480716, 0.000102097488707, 6.42147570034e-05, 5.33268503204e-05, 4.6535540605e-05, 3.72335634893e-05, 7.83505383879e-05, 6.39824284008e-05, 3.72473623429e-05, 2.38425836869e-05, 2.06201802939e-05, 2.47617481364e-05, 7.77993864176e-06, 1.08216254375e-05, 4.50254401585e-06, 3.99890041081e-06, 5.75563626626e-06, 1.75783372924e-06, 9.62565309237e-07, 1.23864265333e-06, 1.13177441108e-06, 1.15392606403e-06, 5.34529135621e-07, 2.70320612117e-07, 1.82608900445e-07, 7.452294426e-08, 3.23912807687e-08, 2.60074539682e-08, 7.42660155595e-09, 1.469071087e-09, 6.03249006303e-10, 3.00314939583e-10],
        "dvar": [1.03692984754e-10, 2.30574137561e-09, 1.47138778939e-09, 6.86954360063e-09, 4.87328577492e-09, 1.90795432786e-08, 8.30860269474e-09, 9.24032121929e-08, 2.50025689041e-08, 1.22027152827e-08, 6.26877660892e-09, 5.07591213506e-09, 3.68377017779e-09, 1.87873805402e-09, 9.05387498307e-09, 1.01444204148e-08, 3.33013061571e-09, 1.33260691371e-09, 1.1190603999e-09, 1.18663479043e-09, 6.66303123786e-11, 3.21048410079e-10, 2.5205951909e-11, 2.43289537821e-11, 6.02603522637e-11, 6.7577506091e-12, 1.90296606598e-12, 4.55473072453e-12, 2.30328408256e-12, 2.0344208089e-12, 5.94943528037e-13, 2.0639417367e-13, 1.17892972945e-13, 2.06306749706e-14, 2.93955288103e-15, 1.75230862112e-15, 9.83509079473e-17, 5.84674128496e-18, 9.08952482585e-19, 1.6553044695e-19],
        "dvar2": [2.31701019482e-10, 5.425558669e-09, 3.54861495744e-09, 1.62399587111e-08, 9.98147786646e-09, 4.1747412638e-08, 1.78934573825e-08, 1.85632529792e-07, 4.94586664956e-08, 2.44483953082e-08, 1.40354332601e-08, 1.18098917312e-08, 7.8093584932e-09, 3.63646823764e-09, 2.00667003014e-08, 2.60375330186e-08, 7.82476305972e-09, 2.67118216435e-09, 2.57994470232e-09, 2.52060439188e-09, 1.47238901627e-10, 7.55596418767e-10, 5.36753766434e-11, 4.99840897838e-11, 1.23617033276e-10, 1.25959537939e-11, 3.91297541244e-12, 1.02514689446e-11, 4.47361548847e-12, 3.72006548829e-12, 9.92783654764e-13, 3.44159596655e-13, 2.05786031119e-13, 3.71821917331e-14, 5.54008378954e-15, 3.13150452292e-15, 1.93101502352e-16, 1.36513628316e-17, 2.25309523199e-18, 3.84703789268e-19],
        "max": [9.09524824237e-05, 0.000642093073111, 0.000621711893473, 0.00118897552602, 0.000782432965934, 0.0013134398032, 0.00121742510237, 0.00409851921722, 0.00181510369293, 0.00102428672835, 0.000805426097941, 0.000821876397822, 0.000844134483486, 0.000508570927195, 0.0008418278303, 0.0014081147965, 0.000708466104697, 0.000420410826337, 0.00035313834087, 0.000535335566383, 0.000111937653855, 0.000242035908741, 5.38103995495e-05, 6.06797366345e-05, 6.92761532264e-05, 3.64635598089e-05, 1.43623710755e-05, 2.35188708757e-05, 1.29494601424e-05, 1.39673311423e-05, 9.09036498342e-06, 5.77442006033e-06, 3.52168285644e-06, 1.55859072493e-06, 5.11087421273e-07, 5.22265281688e-07, 8.97482195228e-08, 2.51344456359e-08, 1.00693657856e-08, 3.80424580726e-09],
        "mean": [1.12195148176e-05, 5.38086387678e-05, 3.87618565583e-05, 8.40307475301e-05, 0.00010383791232, 0.000147310856846, 0.000140483520227, 0.000332385068759, 0.000182080882951, 0.000108248648758, 7.16423674021e-05, 5.78017934458e-05, 4.79218833789e-05, 3.60186240869e-05, 7.58854366723e-05, 6.16053293925e-05, 4.4612603233e-05, 2.22971830226e-05, 1.90663104149e-05, 2.47845237027e-05, 7.49220998841e-06, 1.05309482024e-05, 5.26732856088e-06, 4.20215746999e-06, 5.96148902332e-06, 1.94465155801e-06, 1.01058594737e-06, 1.10013297672e-06, 1.15464376904e-06, 1.22929418467e-06, 5.73464944864e-07, 2.7379542189e-07, 1.76282696884e-07, 7.16075803098e-08, 3.18105080055e-08, 3.01089073673e-08, 8.38905034328e-09, 1.25531507411e-09, 4.69770777833e-10, 2.68962213612e-10],
        "median": [6.7355090323e-06, 3.57617172995e-05, 2.56553576037e-05, 5.56965023861e-05, 7.57227971917e-05, 8.59826832311e-05, 5.22348891536e-05, 7.82970309956e-05, 5.04917006765e-05, 3.14169737976e-05, 1.96950495592e-05, 1.22465917229e-05, 1.45814765347e-05, 1.46360762301e-05, 1.68952974491e-05, 1.25019078041e-05, 5.97508187639e-06, 5.86299756833e-06, 2.79896084976e-06, 5.61727210879e-06, 3.04229411086e-06, 3.07793879983e-06, 2.0326451704e-06, 1.64769767252e-06, 1.17396552923e-06, 6.0955119352e-07, 2.91921594453e-07, 1.65428858168e-07, 3.06755794099e-07, 2.68936076964e-07, 9.66505808719e-08, 4.99227077455e-08, 1.74694552157e-08, 5.86449777629e-09, 3.27797922139e-09, 3.17312598419e-09, 1.32692168364e-09, 2.25608393079e-10, 1.09346878774e-10, 8.62679233604e-11],
        "min": [1.45030929488e-08, 2.577793623e-08, 2.60431050947e-07, 7.723595985e-08, 1.94443572354e-08, 3.61884886502e-08, 9.90251933786e-08, 5.1874067708e-08, 3.10495522626e-08, 1.25962626996e-08, 7.28369187186e-09, 5.24853982498e-09, 3.98239441424e-09, 3.93957932943e-09, 4.91337415198e-09, 2.8879347802e-09, 3.81644982284e-09, 1.40309119878e-09, 7.34858229823e-10, 7.38272831757e-10, 5.20899046119e-10, 5.08411535094e-10, 5.66211633135e-10, 2.84999912559e-10, 1.66172228755e-10, 1.32991950785e-10, 9.57449050598e-11, 7.08955255613e-11, 7.22701204436e-11, 5.46405941326e-11, 4.20862095174e-11, 4.65629618196e-11, 3.91229167118e-11, 2.31894139308e-11, 2.10967718989e-11, 1.37137350087e-11, 1.11022241747e-11, 4.72984412053e-12, 6.06845389911e-12, 6.39168796016e-12],
        "var": [1.62138372173e-10, 3.29757754436e-09, 1.96673832775e-09, 9.95821469729e-09, 1.16483853674e-08, 3.34388765566e-08, 3.52338922482e-08, 3.37211048418e-07, 8.37643341356e-08, 2.67166573309e-08, 1.34945894459e-08, 9.52724299452e-09, 7.26655580152e-09, 3.50388940085e-09, 1.77930079559e-08, 1.90292936963e-08, 9.50729450722e-09, 2.36352137861e-09, 1.82822379458e-09, 3.12564796268e-09, 1.33405536618e-10, 4.74856376442e-10, 6.60841728561e-11, 4.47402705162e-11, 1.22283280724e-10, 1.87802690066e-11, 3.56439942666e-12, 8.0383590409e-12, 4.4192930565e-12, 4.7291580374e-12, 1.32112376594e-12, 4.20974209268e-13, 2.37011690656e-13, 4.12397031671e-14, 6.03990819083e-15, 4.99013451952e-15, 2.52439905781e-16, 8.49580911695e-18, 1.1225409599e-18, 2.55665449017e-19]
    },
    "mfcc": {
        "dmean": [40.1341209412, 14.5523309708, 16.3167858124, 8.96976566315, 9.82825565338, 7.30822992325, 6.62916231155, 5.87561225891, 5.19808197021, 5.44132566452, 5.04022502899, 5.08893871307, 4.9585776329],
        "dmean2": [47.0391273499, 20.6881866455, 22.6184444427, 13.8384456635, 13.5691804886, 11.1652870178, 10.3395395279, 9.59587097168, 8.3571062088, 8.47540569305, 8.1000213623, 8.21413612366, 7.95843315125],
        "dvar": [2113.2746582, 208.942138672, 405.316894531, 68.4979705811, 82.9438476562, 35.9457435608, 32.1838569641, 25.4925403595, 20.2590389252, 18.7348556519, 15.815322876, 20.7338180542, 15.1633224487],
        "dvar2": [3320.00610352, 378.744689941, 669.512451172, 142.261428833, 141.247573853, 76.5343093872, 67.059753418, 59.3938484192, 49.3809700012, 44.0445098877, 39.0233650208, 45.8500862122, 37.2102050781],
        "max": [-607.070922852, 233.677124023, 77.0405273438, 69.4801025391, 29.6947822571, 49.6120758057, 19.180103302, 24.2318210602, 18.2227210999, 19.0537433624, 27.2256889343, 33.9656906128, 23.7400131226],
        "mean": [-772.409729004, 176.156158447, -42.9126739502, 18.1881942749, -17.3467407227, -0.987790584564, -11.1387205124, -7.89971923828, -3.75939869881, -4.98215532303, 0.814254939556, 4.68621730804, -5.44272327423],
        "median": [-740.822753906, 183.540039062, -57.8001251221, 16.5823631287, -18.8527870178, -1.78287124634, -11.1091842651, -8.00190734863, -3.92019462585, -4.84888648987, 1.12662124634, 2.52973556519, -5.39033126831],
        "min": [-1040.44018555, 60.4015235901, -114.072608948, -31.1355361938, -64.0875701904, -26.9524497986, -54.6495704651, -32.4851837158, -26.3677749634, -32.2250442505, -18.7828235626, -19.7876358032, -27.7408256531],
        "var": [10440.4287109, 888.492370605, 1752.73095703, 290.384674072, 436.58404541, 148.443252563, 144.288635254, 70.0546112061, 61.7477760315, 79.1538619995, 55.4226570129, 102.11554718, 44.1023712158],
        "cov": [[10456.5644531, 81.526550293, -4040.71484375, 337.350158691, -1722.94897461, 13.1207799911, -828.47064209, -8.54918670654, -251.662338257, -123.096656799, -36.4468345642, 327.398284912, -210.864135742], [81.526550293, 889.865600586, -19.959280014, -272.237792969, -18.4954967499, -244.295959473, 61.7309837341, -93.8008956909, 50.6847457886, -135.778671265, 6.7277135849, 24.6789627075, 2.59848356247], [-4040.71484375, -19.959280014, 1755.43994141, -105.762947083, 662.519348145, 48.9813346863, 304.586791992, 38.9649162292, 87.043006897, 67.2805023193, 2.60362029076, -138.445953369, 74.5404815674], [337.350158691, -272.237792969, -105.762947083, 290.833496094, 34.2620010376, 96.946647644, -33.1195259094, 5.50828838348, -32.771938324, 13.6976594925, -14.7205553055, -41.9015274048, -19.2087917328], [-1722.94897461, -18.4954967499, 662.519348145, 34.2620010376, 437.258850098, 43.3886947632, 147.874099731, 4.26293754578, 6.34501791, 22.9725666046, -5.83162069321, -101.927406311, 21.8287277222], [13.1207799911, -244.295959473, 48.9813346863, 96.946647644, 43.3886947632, 148.672683716, 7.71555233002, 50.1629180908, -20.5309581757, 40.4352493286, -6.52465724945, -32.9044532776, -4.02401971817], [-828.47064209, 61.7309837341, 304.586791992, -33.1195259094, 147.874099731, 7.71555233002, 144.511642456, 15.4041032791, 31.2707004547, -9.24965667725, -7.83365297318, -33.975730896, 16.4345359802], [-8.54918670654, -93.8008956909, 38.9649162292, 5.50828838348, 4.26293754578, 50.1629180908, 15.4041032791, 70.1628875732, 6.83914041519, 31.0425338745, 2.34216809273, 2.63089346886, 4.1976723671], [-251.662338257, 50.6847457886, 87.043006897, -32.771938324, 6.34501791, -20.5309581757, 31.2707004547, 6.83914041519, 61.8432121277, 8.90012645721, 18.0025081635, 14.1968984604, 9.66961956024], [-123.096656799, -135.778671265, 67.2805023193, 13.6976594925, 22.9725666046, 40.4352493286, -9.24965667725, 31.0425338745, 8.90012645721, 79.2761993408, 24.8768291473, 4.70444059372, 5.07906484604], [-36.4468345642, 6.7277135849, 2.60362029076, -14.7205553055, -5.83162069321, -6.52465724945, -7.83365297318, 2.34216809273, 18.0025081635, 24.8768291473, 55.5083198547, 34.385887146, 9.68235301971], [327.398284912, 24.6789627075, -138.445953369, -41.9015274048, -101.927406311, -32.9044532776, -33.975730896, 2.63089346886, 14.1968984604, 4.70444059372, 34.385887146, 102.273376465, 7.50872182846], [-210.864135742, 2.59848356247, 74.5404815674, -19.2087917328, 21.8287277222, -4.02401971817, 16.4345359802, 4.1976723671, 9.66961956024, 5.07906484604, 9.68235301971, 7.50872182846, 44.1705360413]],
        "icov": [[0.00695683853701, -0.00837375689298, 0.0102414051071, -0.00723950890824, 0.00974160246551, -0.0108830044046, 0.00870292913169, -0.00817905552685, 0.00819835159928, -0.00698393397033, 0.006437654607, -0.00325622106902, 0.0031565122772], [-0.00837375689298, 0.0134448474273, -0.0118869133294, 0.0107950698584, -0.0124458959326, 0.0161735136062, -0.0112073486671, 0.0102201607078, -0.0111358044669, 0.0125096458942, -0.00983227230608, 0.0051974831149, -0.00291784503497], [0.0102414051071, -0.0118869133294, 0.0169538389891, -0.00954691972584, 0.0118802562356, -0.0159930102527, 0.0119930095971, -0.0118981711566, 0.0102996528149, -0.0106766084209, 0.00995478592813, -0.00445126602426, 0.00371582037769], [-0.00723950890824, 0.0107950698584, -0.00954691972584, 0.0143087962642, -0.0123059879988, 0.00928517989814, -0.0078520718962, 0.0102727292106, -0.0101910699159, 0.0101093621925, -0.007508283481, 0.0049891974777, -0.00212296401151], [0.00974160246551, -0.0124458959326, 0.0118802562356, -0.0123059879988, 0.0219115559012, -0.0150763047859, 0.0081329792738, -0.0101239299402, 0.0158189255744, -0.0118931094185, 0.00646444642916, -0.00132893736009, 0.00428450014442], [-0.0108830044046, 0.0161735136062, -0.0159930102527, 0.00928517989814, -0.0150763047859, 0.0342655964196, -0.0158958975226, 0.00486759934574, -0.00899872370064, 0.0105822673067, -0.0126037243754, 0.0089672729373, -0.00386275327764], [0.00870292913169, -0.0112073486671, 0.0119930095971, -0.0078520718962, 0.0081329792738, -0.0158958975226, 0.0269872341305, -0.0141035122797, 0.00337872793898, -0.00360422977246, 0.0102257989347, -0.00373976863921, 0.00245302869007], [-0.00817905552685, 0.0102201607078, -0.0118981711566, 0.0102727292106, -0.0101239299402, 0.00486759934574, -0.0141035122797, 0.0338432975113, -0.0120500158519, 0.00145146937575, -0.00378340459429, 0.000946720479988, -0.00448335846886], [0.00819835159928, -0.0111358044669, 0.0102996528149, -0.0101910699159, 0.0158189255744, -0.00899872370064, 0.00337872793898, -0.0120500158519, 0.0356957241893, -0.0126185351983, 0.0014887835132, -0.00460684159771, 0.0033238043543], [-0.00698393397033, 0.0125096458942, -0.0106766084209, 0.0101093621925, -0.0118931094185, 0.0105822673067, -0.00360422977246, 0.00145146937575, -0.0126185351983, 0.0344303064048, -0.0180564615875, 0.00571749731898, -0.00182843080256], [0.006437654607, -0.00983227230608, 0.00995478592813, -0.007508283481, 0.00646444642916, -0.0126037243754, 0.0102257989347, -0.00378340459429, 0.0014887835132, -0.0180564615875, 0.0382838658988, -0.0141447847709, -0.000778751506004], [-0.00325622106902, 0.0051974831149, -0.00445126602426, 0.0049891974777, -0.00132893736009, 0.0089672729373, -0.00373976863921, 0.000946720479988, -0.00460684159771, 0.00571749731898, -0.0141447847709, 0.0206453390419, -0.00345179019496], [0.0031565122772, -0.00291784503497, 0.00371582037769, -0.00212296401151, 0.00428450014442, -0.00386275327764, 0.00245302869007, -0.00448335846886, 0.0033238043543, -0.00182843080256, -0.000778751506004, -0.00345179019496, 0.0279702376574]]
    }
}

}