{
"metadata": {
    "version": {
        "essentia": "2.0.1",
        "extractor": "archive-music 1.0 mod ismir14"
    },
    "audio_properties": {
        "analysis_sample_rate": 44100,
        "bitrate": 721,
        "channels": 2,
        "equal_loudness": 0,
        "length": 29.9995231628,
        "replay_gain": -13.4567604065,
        "downmix": "mix"
    },
    "tags": {
        "track": 0,
        "year": 0,
        "album": "",
        "artist": "",
        "comment": "",
        "genre": "",
        "title": ""
    }
},
"rhythm": {
    "bpm": 87.6592712402,
    "bpm_histogram_first_peak": 89,
    "bpm_histogram_first_peak_spread": 0.444444477558,
    "bpm_histogram_first_peak_weight": 0.476190507412,
    "bpm_histogram_second_peak": 82,
    "bpm_histogram_second_peak_spread": 0,
    "bpm_histogram_second_peak_weight": 0.142857149243
},
"tonal": {
    "tuning_frequency": {
        "dmean": 0.130063280463,
        "dmean2": 0.219304054976,
        "dvar": 0.577438235283,
        "dvar2": 0.858042001724,
        "max": 443.572570801,
        "mean": 441.759094238,
        "median": 441.782684326,
        "min": 434.695007324,
        "var": 3.80614829063
    },
    "hpcp": {
        "dmean": [0.219498157501, 0.152982845902, 0.233385816216, 0.229152068496, 0.113212525845, 0.214535281062, 0.267659455538, 0.269512474537, 0.176584616303, 0.114128828049, 0.252792328596, 0.0846153646708],
        "dmean2": [0.373330920935, 0.269413411617, 0.428523093462, 0.40672942996, 0.206069096923, 0.374284744263, 0.461166232824, 0.469716519117, 0.29760825634, 0.199002802372, 0.464473694563, 0.150820732117],
        "dvar": [0.045208428055, 0.0330354273319, 0.0557240620255, 0.049648437649, 0.0263271834701, 0.0652844235301, 0.0655741244555, 0.0481801182032, 0.0419575944543, 0.0201498549432, 0.0670139268041, 0.0169586353004],
        "dvar2": [0.125138044357, 0.0778697505593, 0.165685161948, 0.134720668197, 0.0718956515193, 0.143050312996, 0.146845623851, 0.125666737556, 0.104316107929, 0.053538504988, 0.165100976825, 0.0485802330077],
        "max": [1, 1, 1, 1, 1, 1, 1, 1, 1, 1, 1, 1],
        "mean": [0.306732594967, 0.179900750518, 0.233232304454, 0.2999766469, 0.135894149542, 0.323695063591, 0.3551633358, 0.39832291007, 0.248068451881, 0.137199789286, 0.775538742542, 0.100794926286],
        "median": [0.248306438327, 0.10563827306, 0.128801226616, 0.217930316925, 0.0830159410834, 0.157331928611, 0.234737291932, 0.336995869875, 0.143306940794, 0.0804847031832, 0.952651560307, 0.0767412334681],
        "min": [0.0168027915061, 0.00542807905003, 0.0156728792936, 0.00848424900323, 0.00437318021432, 0.0284786652774, 0.00503362482414, 0.0113412924111, 0.00532416952774, 0.0075502153486, 0.132071450353, 0.00602663867176],
        "var": [0.0636019408703, 0.0418946444988, 0.0605649203062, 0.0675633177161, 0.0253511648625, 0.112891681492, 0.0987264513969, 0.0837800130248, 0.068684861064, 0.0229874178767, 0.0763552188873, 0.0122062442824]
    }
},
"lowlevel": {
    "melbands": {
        "dmean": [1.54511253641e-05, 6.27611880191e-05, 6.09882226854e-05, 4.07041115977e-05, 1.65881774592e-05, 2.99075782095e-05, 3.02816479234e-05, 3.48361863871e-05, 4.37711751147e-05, 2.25929652515e-05, 1.73958178493e-05, 9.91016167973e-06, 8.51261575008e-06, 5.23830021848e-06, 8.67324342835e-06, 5.03413821207e-06, 6.21665867584e-06, 3.82620100936e-06, 2.54246242548e-06, 2.07706466426e-06, 2.51688015851e-06, 2.22749326895e-06, 3.42983730661e-06, 3.81780364478e-06, 2.4442524591e-06, 1.55640418598e-06, 1.68691428826e-06, 1.07531604954e-06, 4.58923693714e-07, 4.21811250817e-07, 3.71113003439e-07, 1.90778976616e-07, 7.30852391939e-08, 4.61911042748e-08, 4.29051105755e-08, 2.84224412894e-08, 1.65593263546e-08, 6.9026309113e-09, 1.39634614982e-09, 7.85249296142e-11],
        "dmean2": [2.71958579106e-05, 0.000119446216559, 0.000112036737846, 7.5014999311e-05, 2.97289934679e-05, 5.55850565434e-05, 5.28457348992e-05, 6.42731974949e-05, 7.20670213923e-05, 3.81677091355e-05, 2.94586825476e-05, 1.73719763552e-05, 1.51801286847e-05, 9.18708519748e-06, 1.54552781169e-05, 8.94491313375e-06, 1.13973183034e-05, 6.47724164082e-06, 4.42383588961e-06, 3.46081378666e-06, 4.4856014938e-06, 4.05297942052e-06, 6.07065248914e-06, 6.5121521402e-06, 3.97257372242e-06, 2.77606636701e-06, 2.94567848869e-06, 1.89394427252e-06, 8.09555785963e-07, 7.27507824649e-07, 6.34615162198e-07, 3.32964788186e-07, 1.27785256154e-07, 8.20735550633e-08, 7.43251575841e-08, 4.85958508989e-08, 3.02209421932e-08, 1.23655237161e-08, 2.43599873606e-09, 1.40352160449e-10],
        "dvar": [5.53111556556e-10, 4.3320977916e-09, 2.97698488083e-09, 3.86963217025e-09, 2.19941218016e-10, 6.9429006988e-10, 6.31379171168e-10, 1.2686183215e-09, 8.2247222366e-09, 3.13644510364e-09, 5.65607394254e-10, 5.67313529487e-10, 4.46722603353e-10, 1.2262557636e-10, 3.20834553369e-10, 8.70801486474e-11, 1.93101618029e-10, 4.07984895867e-11, 1.26720196836e-11, 1.65734335977e-11, 1.53591687979e-11, 1.01999537289e-11, 3.41566670781e-11, 4.77728863413e-11, 1.74132444575e-11, 9.01642302487e-12, 1.38373262501e-11, 6.36201594878e-12, 4.86148122626e-13, 7.22678969618e-13, 5.50671108105e-13, 1.46653888577e-13, 1.36345580618e-14, 4.90833824187e-15, 5.95735635979e-15, 1.0433717963e-15, 3.62398678969e-16, 5.00627110597e-17, 2.54149444089e-18, 9.14818621307e-21],
        "dvar2": [1.49468093458e-09, 1.37946098988e-08, 8.44423375668e-09, 1.09068425402e-08, 6.35230756885e-10, 2.15546824833e-09, 1.82958181938e-09, 3.3126497101e-09, 1.76977330568e-08, 8.39707414713e-09, 1.51387180569e-09, 1.55551471703e-09, 1.24742693952e-09, 3.49216322526e-10, 9.23813525677e-10, 2.45277353983e-10, 5.40777644886e-10, 9.93244375636e-11, 3.32249401602e-11, 3.2702198588e-11, 4.07072014985e-11, 2.72234595977e-11, 9.62630947177e-11, 1.22528584501e-10, 4.02642814923e-11, 2.34970654045e-11, 3.5376583607e-11, 1.62087409467e-11, 1.15299859504e-12, 1.89910066839e-12, 1.58861725857e-12, 4.13571059994e-13, 3.17892752595e-14, 1.08204596541e-14, 1.31942754181e-14, 1.92081110877e-15, 9.11239738722e-16, 1.28551239024e-16, 6.40069711016e-18, 2.61025162565e-20],
        "max": [0.000191831059055, 0.000345978798578, 0.000257042353041, 0.000346037530107, 9.06645000214e-05, 0.000156587513629, 0.000155515779625, 0.00014149051276, 0.000901796796825, 0.000436590547906, 0.000160643437994, 0.000138915813295, 0.000146077625686, 8.12479556771e-05, 0.000113692418381, 5.48504831386e-05, 7.76783272158e-05, 6.42266095383e-05, 2.61072473222e-05, 3.90166205761e-05, 2.35266725213e-05, 2.06356908166e-05, 3.34162650688e-05, 4.9655107432e-05, 3.77868236683e-05, 2.25077783398e-05, 2.58318905253e-05, 1.69739705598e-05, 4.75086471852e-06, 7.18174987924e-06, 4.82530958834e-06, 2.87081979877e-06, 7.35083801828e-07, 5.11465259478e-07, 5.91080095091e-07, 2.910907142e-07, 1.85801781072e-07, 5.64049891238e-08, 1.37850717508e-08, 7.63057894648e-10],
        "mean": [1.92363004317e-05, 7.34076602384e-05, 8.01554560894e-05, 4.21440709033e-05, 2.27845521295e-05, 4.15183312725e-05, 4.04456841352e-05, 3.01441941701e-05, 4.95590065839e-05, 2.48255400948e-05, 1.90436803678e-05, 8.71486918186e-06, 6.69851669954e-06, 4.81767847305e-06, 7.82012557465e-06, 4.28152043241e-06, 4.80045491713e-06, 3.90350578527e-06, 2.66572055807e-06, 2.23989832193e-06, 2.23559936785e-06, 2.25427834266e-06, 3.44515797224e-06, 3.86924466511e-06, 2.46828972195e-06, 2.08916276279e-06, 1.77673030066e-06, 1.03425361431e-06, 5.34644414074e-07, 4.3632667257e-07, 3.53596618652e-07, 2.21444082626e-07, 1.04381769006e-07, 8.16070269138e-08, 7.41949435223e-08, 5.16557996377e-08, 3.18512860531e-08, 1.23518670847e-08, 2.14445416979e-09, 1.16446172149e-10],
        "median": [1.30980279209e-05, 5.76634447498e-05, 6.46181506454e-05, 2.86582708213e-05, 1.81456452992e-05, 3.45735825249e-05, 3.42062739946e-05, 1.75700115506e-05, 2.83159279206e-05, 1.42700973811e-05, 1.23500049085e-05, 2.98798636322e-06, 1.79867186034e-06, 1.98087582248e-06, 3.83017186323e-06, 1.96823680199e-06, 1.70163252733e-06, 1.46522984323e-06, 1.17741171834e-06, 1.01180978618e-06, 9.02808949377e-07, 8.60484988152e-07, 8.99168583146e-07, 7.38303128855e-07, 8.91942590897e-07, 6.73573993026e-07, 3.94304521478e-07, 3.39738903676e-07, 3.11574410716e-07, 1.95556523863e-07, 1.17163686753e-07, 9.22878271581e-08, 5.99698637416e-08, 5.32267101505e-08, 4.60827003224e-08, 3.34405392266e-08, 2.44377105219e-08, 8.91686813276e-09, 1.42234801714e-09, 7.64974472656e-11],
        "min": [6.21846822924e-07, 2.68586654784e-06, 1.09295513084e-06, 1.76639946403e-06, 3.24944835484e-07, 1.72682149469e-07, 2.70875517572e-07, 1.24740509477e-07, 2.61447485883e-08, 2.92029316284e-08, 3.09915506591e-08, 4.29785051992e-09, 1.05915756166e-08, 4.67979184293e-08, 1.38214364398e-08, 9.91760096269e-09, 1.0178187182e-08, 4.13218170792e-09, 4.97925434217e-09, 6.66363497714e-09, 8.34784597004e-09, 8.71488214926e-09, 1.01072679115e-08, 5.73679637128e-09, 8.00015520497e-09, 1.02327497586e-08, 3.19037307683e-09, 2.26472862686e-09, 1.21539791564e-08, 5.40466071897e-09, 2.51901988157e-09, 2.0095765052e-09, 2.130038812e-09, 1.05459618815e-09, 7.60761398322e-10, 1.10945419518e-09, 6.04941430282e-10, 3.69448110993e-10, 9.46576081406e-11, 1.1347822855e-11],
        "var": [4.62816424074e-10, 3.54297702287e-09, 2.75665645866e-09, 2.60945354214e-09, 3.07876585337e-10, 8.14540546124e-10, 1.01972241762e-09, 1.00261210445e-09, 8.57209769833e-09, 2.19943929736e-09, 5.69220559576e-10, 4.16443435292e-10, 3.00784425145e-10, 8.16695669426e-11, 2.08010442204e-10, 6.20676218754e-11, 1.23346749481e-10, 6.01461103145e-11, 1.41678066848e-11, 1.96930700913e-11, 1.43200130573e-11, 1.08709898722e-11, 3.61104861291e-11, 5.61136519195e-11, 1.9435338755e-11, 1.15358113686e-11, 1.43210825143e-11, 5.17115517074e-12, 4.98201631859e-13, 6.27426441965e-13, 4.7212662382e-13, 1.23691096428e-13, 1.68615545381e-14, 7.60640753535e-15, 8.50293346475e-15, 2.50529920601e-15, 6.1831070515e-16, 9.15467584564e-17, 4.12488708496e-18, 1.25397115429e-20]
    },
    "mfcc": {
        "dmean": [31.3624343872, 10.8796768188, 17.3193855286, 9.90332317352, 10.1166858673, 9.50697994232, 10.9667339325, 7.2900686264, 5.8660235405, 6.78955173492, 6.87692832947, 6.62844800949, 6.85395812988],
        "dmean2": [55.27501297, 18.2769145966, 26.9440937042, 16.6833686829, 17.0672607422, 16.4519004822, 18.5478363037, 12.5810079575, 9.78863430023, 11.2552232742, 11.3154335022, 11.184261322, 11.5119571686],
        "dvar": [827.738708496, 100.6953125, 146.709136963, 94.2648239136, 70.2560043335, 66.8511810303, 98.080291748, 29.8238754272, 27.7053337097, 39.3847732544, 28.4065990448, 25.6140193939, 29.2653541565],
        "dvar2": [1492.32543945, 207.547134399, 392.799102783, 218.100585938, 196.576660156, 188.216415405, 269.094116211, 99.1343994141, 69.3353118896, 102.517532349, 82.6932830811, 70.9380493164, 77.8466644287],
        "max": [-665.761474609, 165.636474609, 28.7799415588, 85.9008789062, 12.7130317688, 31.0284538269, 22.5927658081, 30.3095550537, 4.5164604187, 35.8979644775, 22.982208252, 23.2579917908, 8.51612854004],
        "mean": [-759.555786133, 137.881896973, -18.4720058441, 37.2462768555, -17.7628974915, 3.46717572212, -12.146613121, 6.59084129333, -10.6669082642, 10.6249475479, -2.38182091713, 5.52883815765, -8.97204113007],
        "median": [-760.41192627, 143.070007324, -19.0517578125, 34.7494621277, -19.1274757385, 2.96015548706, -13.528175354, 5.80532836914, -9.76522445679, 11.7140769958, -2.5711555481, 6.231590271, -7.31118011475],
        "min": [-999.007995605, 88.6226043701, -73.1303253174, 2.68600082397, -48.1070709229, -20.9539489746, -34.2116851807, -12.0832595825, -32.0314178467, -26.2274017334, -19.4985618591, -8.94046020508, -36.2133178711],
        "var": [1437.67919922, 299.501800537, 380.717010498, 181.818832397, 117.934661865, 86.0610122681, 131.842926025, 60.1902275085, 60.5402297974, 66.1008758545, 45.9018440247, 38.173740387, 64.0105819702],
        "cov": [[1446.55371094, -284.829711914, -600.71875, 134.650863647, -30.8821430206, -54.7509040833, -51.7565345764, 90.771484375, -84.0240707397, 7.06845283508, 1.04490637779, 16.3745803833, -112.051757812], [-284.829711914, 301.350585938, 169.214538574, -151.967010498, -54.9314231873, 35.3550224304, 12.7401285172, -62.3283004761, 44.5225753784, 23.3583812714, 21.672504425, 17.4809532166, 43.0755348206], [-600.71875, 169.214538574, 383.067108154, -20.7163105011, 14.0504493713, 31.6097068787, -1.96164393425, -27.5741558075, 38.1622886658, -1.6684076786, -4.06015920639, -7.75089454651, 52.5704879761], [134.650863647, -151.967010498, -20.7163105011, 182.941162109, 81.4684753418, -51.4465789795, -46.0858306885, 34.5962295532, -19.4467449188, -9.22890377045, -16.207157135, -16.2238311768, -11.2251281738], [-30.8821430206, -54.9314231873, 14.0504493713, 81.4684753418, 118.662651062, -23.9614162445, -47.2961959839, 16.2845840454, -7.70280981064, -3.57877421379, -19.3364830017, -9.97912216187, 3.87364435196], [-54.7509040833, 35.3550224304, 31.6097068787, -51.4465789795, -23.9614162445, 86.5922546387, 68.6511230469, 3.83461046219, 0.749360501766, -23.4136066437, -4.0923614502, -4.49774503708, -18.9865226746], [-51.7565345764, 12.7401285172, -1.96164393425, -46.0858306885, -47.2961959839, 68.6511230469, 132.656768799, 18.214138031, -26.5697994232, -33.7481231689, -10.4212169647, 0.6263641119, -14.1976737976], [90.771484375, -62.3283004761, -27.5741558075, 34.5962295532, 16.2845840454, 3.83461046219, 18.214138031, 60.5617713928, -10.9793930054, -26.1464214325, -9.34182834625, -3.98831629753, -11.0989933014], [-84.0240707397, 44.5225753784, 38.1622886658, -19.4467449188, -7.70280981064, 0.749360501766, -26.5697994232, -10.9793930054, 60.913936615, 24.9962444305, 1.57743990421, -3.87380671501, 5.04321908951], [7.06845283508, 23.3583812714, -1.6684076786, -9.22890377045, -3.57877421379, -23.4136066437, -33.7481231689, -26.1464214325, 24.9962444305, 66.5089035034, 10.4853219986, -7.30946016312, 10.3404951096], [1.04490637779, 21.672504425, -4.06015920639, -16.207157135, -19.3364830017, -4.0923614502, -10.4212169647, -9.34182834625, 1.57743990421, 10.4853219986, 46.1851882935, 14.2479915619, -8.7427444458], [16.3745803833, 17.4809532166, -7.75089454651, -16.2238311768, -9.97912216187, -4.49774503708, 0.6263641119, -3.98831629753, -3.87380671501, -7.30946016312, 14.2479915619, 38.4093818665, 16.6334190369], [-112.051757812, 43.0755348206, 52.5704879761, -11.2251281738, 3.87364435196, -18.9865226746, -14.1976737976, -11.0989933014, 5.04321908951, 10.3404951096, -8.7427444458, 16.6334190369, 64.405708313]],
        "icov": [[0.0096433032304, -0.00950217898935, 0.0149068115279, -0.0142770102248, 0.0135074267164, -0.0136250266805, 0.0162007790059, -0.0164337214082, 0.015460264869, -0.0127104716375, 0.013818369247, -0.0134240286425, 0.0105596650392], [-0.00950217898935, 0.0198590438813, -0.0180996954441, 0.0214995294809, -0.0144914900884, 0.0147390374914, -0.0170165132731, 0.0207059197128, -0.0182970929891, 0.0133145526052, -0.016351532191, 0.0130168916658, -0.0125455884263], [0.0149068115279, -0.0180996954441, 0.0281787049025, -0.0251552592963, 0.0202608872205, -0.02382883057, 0.025039948523, -0.0246970858425, 0.0219921153039, -0.0173398517072, 0.0194733645767, -0.0169536471367, 0.0117594348267], [-0.0142770102248, 0.0214995294809, -0.0251552592963, 0.0375103540719, -0.0259574204683, 0.0275452136993, -0.0243957024068, 0.0234092846513, -0.0229097679257, 0.020100209862, -0.0210564639419, 0.0216329954565, -0.0136885270476], [0.0135074267164, -0.0144914900884, 0.0202608872205, -0.0259574204683, 0.0345658436418, -0.0233596283942, 0.0299628097564, -0.026149276644, 0.0259589981288, -0.0191620383412, 0.0254774782807, -0.0199357140809, 0.0149146309122], [-0.0136250266805, 0.0147390374914, -0.02382883057, 0.0275452136993, -0.0233596283942, 0.0486116372049, -0.0364329218864, 0.0254477895796, -0.0281055979431, 0.023924369365, -0.0198006723076, 0.0208536926657, -0.00693573523313], [0.0162007790059, -0.0170165132731, 0.025039948523, -0.0243957024068, 0.0299628097564, -0.0364329218864, 0.0473036803305, -0.0334055237472, 0.0354998372495, -0.0223332624882, 0.0293559245765, -0.0245485156775, 0.0181354954839], [-0.0164337214082, 0.0207059197128, -0.0246970858425, 0.0234092846513, -0.026149276644, 0.0254477895796, -0.0334055237472, 0.0551268421113, -0.03206307441, 0.0314953327179, -0.0262075494975, 0.0260014366359, -0.0198088213801], [0.015460264869, -0.0182970929891, 0.0219921153039, -0.0229097679257, 0.0259589981288, -0.0281055979431, 0.0354998372495, -0.03206307441, 0.0520378276706, -0.0308647695929, 0.0286171790212, -0.0241384860128, 0.0206439234316], [-0.0127104716375, 0.0133145526052, -0.0173398517072, 0.020100209862, -0.0191620383412, 0.023924369365, -0.0223332624882, 0.0314953327179, -0.0308647695929, 0.045137681067, -0.0276822466403, 0.0307231079787, -0.0211744271219], [0.013818369247, -0.016351532191, 0.0194733645767, -0.0210564639419, 0.0254774782807, -0.0198006723076, 0.0293559245765, -0.0262075494975, 0.0286171790212, -0.0276822466403, 0.0564055964351, -0.0385270155966, 0.0298080816865], [-0.0134240286425, 0.0130168916658, -0.0169536471367, 0.0216329954565, -0.0199357140809, 0.0208536926657, -0.0245485156775, 0.0260014366359, -0.0241384860128, 0.0307231079787, -0.0385270155966, 0.0638168156147, -0.032789953053], [0.0105596650392, -0.0125455884263, 0.0117594348267, -0.0136885270476, 0.0149146309122, -0.00693573523313, 0.0181354954839, -0.0198088213801, 0.0206439234316, -0.0211744271219, 0.0298080816865, -0.032789953053, 0.0422447398305]]
    }
}

}