{
"metadata": {
    "version": {
        "essentia": "2.0.1",
        "extractor": "archive-music 1.0 mod ismir14"
    },
    "audio_properties": {
        "analysis_sample_rate": 44100,
        "bitrate": 721,
        "channels": 2,
        "equal_loudness": 0,
        "length": 29.9995231628,
        "replay_gain": -13.8808917999,
        "downmix": "mix"
    },
    "tags": {
        "track": 0,
        "year": 0,
        "album": "",
        "artist": "",
        "comment": "",
        "genre": "",
        "title": ""
    }
},
"rhythm": {
    "bpm": 90.231262207,
    "bpm_histogram_first_peak": 91,
    "bpm_histogram_first_peak_spread": 0.357142865658,
    "bpm_histogram_first_peak_weight": 0.62790697813,
    "bpm_histogram_second_peak": 85,
    "bpm_histogram_second_peak_spread": 0,
    "bpm_histogram_second_peak_weight": 0.0232558138669
},
"tonal": {
    "tuning_frequency": {
        "dmean": 0.324242115021,
        "dmean2": 0.64440882206,
        "dvar": 3.27183318138,
        "dvar2": 6.37008523941,
        "max": 452.37008667,
        "mean": 449.531005859,
        "median": 450.544708252,
        "min": 435.448913574,
        "var": 12.0561475754
    },
    "hpcp": {
        "dmean": [0.278848469257, 0.0862502977252, 0.159388765693, 0.164199411869, 0.402409911156, 0.296184957027, 0.152231037617, 0.311692118645, 0.141457304358, 0.107387378812, 0.124465756118, 0.155196323991],
        "dmean2": [0.490061700344, 0.147490501404, 0.258668005466, 0.297108888626, 0.721225082874, 0.520131409168, 0.271506726742, 0.512559115887, 0.251346766949, 0.195465922356, 0.218241110444, 0.27976539731],
        "dvar": [0.0947371348739, 0.010455683805, 0.0315067283809, 0.0447317436337, 0.0927726179361, 0.077255487442, 0.0342481210828, 0.0873048603535, 0.0302489679307, 0.0253101065755, 0.0253051742911, 0.0337546691298],
        "dvar2": [0.163150265813, 0.0232023447752, 0.0842685624957, 0.127570018172, 0.24219532311, 0.19374576211, 0.0897285044193, 0.183135658503, 0.0826320946217, 0.0713457465172, 0.0701873525977, 0.0999474525452],
        "max": [1, 0.614698290825, 1, 1, 1, 1, 1, 1, 1, 1, 1, 1],
        "mean": [0.54604524374, 0.0909915789962, 0.185609996319, 0.15465298295, 0.432472079992, 0.376321941614, 0.151552066207, 0.431397557259, 0.126027852297, 0.107082381845, 0.120554916561, 0.155075281858],
        "median": [0.438113629818, 0.0530480183661, 0.120231725276, 0.0772989839315, 0.318555921316, 0.218500375748, 0.0696963295341, 0.287409305573, 0.0749366283417, 0.0706805437803, 0.0665762200952, 0.0829250365496],
        "min": [0.0112179955468, 0.00229734694585, 0.00795582402498, 0.00501046469435, 0.0225229635835, 0.00594686856493, 0.00764732295647, 0.00531653640792, 0.0017003917601, 0.0047751404345, 0.00408252095804, 0.00449194852263],
        "var": [0.154601186514, 0.0132522536442, 0.0421579964459, 0.0446495003998, 0.124052584171, 0.129106462002, 0.0349803566933, 0.143879622221, 0.0266960617155, 0.0193384997547, 0.0218296721578, 0.0310227833688]
    }
},
"lowlevel": {
    "melbands": {
        "dmean": [6.55953481328e-05, 0.000161496078363, 4.59871007479e-05, 3.18438433169e-05, 2.66321931122e-05, 2.10392336157e-05, 2.66121114691e-05, 4.25269354309e-05, 6.92852627253e-05, 5.49785363546e-05, 2.18719760596e-05, 2.60670094576e-05, 2.92415661534e-05, 9.83417703537e-06, 1.71469491761e-05, 2.18581426452e-05, 5.25172617927e-06, 3.63840558748e-06, 1.51550329974e-06, 1.76813171038e-06, 3.26358849634e-06, 2.29429974752e-06, 4.35890569861e-06, 3.62058267456e-06, 1.93822984329e-06, 2.21159803004e-06, 1.88516071375e-06, 1.19688968425e-06, 5.13656686962e-07, 4.44606314431e-07, 2.08488728504e-07, 8.0282468673e-08, 4.4166391433e-08, 3.9835541088e-08, 3.47459803152e-08, 2.62305430709e-08, 1.55692649884e-08, 1.05220170354e-08, 3.34251959444e-09, 2.58163046496e-10],
        "dmean2": [0.000104244565591, 0.000254447426414, 8.16276588012e-05, 5.57558305445e-05, 4.77248177049e-05, 3.75132003683e-05, 4.453586007e-05, 8.11448990135e-05, 0.000128463769215, 0.000104791812191, 4.23355741077e-05, 5.03675146319e-05, 5.30257129867e-05, 1.84292184713e-05, 3.11334188154e-05, 4.11844630435e-05, 9.83088011708e-06, 6.85772511133e-06, 2.74574313153e-06, 3.18425122714e-06, 5.91208072365e-06, 4.22273569711e-06, 8.21441608423e-06, 6.70961662763e-06, 3.53304199052e-06, 4.06828030464e-06, 3.47662285094e-06, 2.21902632802e-06, 9.59264752964e-07, 8.35149080558e-07, 3.87590489481e-07, 1.45184202438e-07, 8.21381576088e-08, 7.27898878949e-08, 6.34185681747e-08, 4.75499248864e-08, 2.85884951268e-08, 1.93706561902e-08, 6.17256956659e-09, 4.76095829427e-10],
        "dvar": [2.05349826032e-09, 1.42148186555e-08, 2.41596787021e-09, 8.92279028442e-10, 9.7845775926e-10, 5.37618560781e-10, 1.24291421599e-09, 3.43726513918e-09, 7.11391123787e-09, 1.70007563582e-08, 9.90608395313e-09, 2.370786234e-09, 2.79557732519e-09, 2.07960246246e-10, 6.22922269322e-10, 1.68652192212e-09, 3.36583011462e-10, 6.47752823602e-11, 2.97498722705e-12, 1.85418303975e-12, 9.46228512211e-12, 4.85663549307e-12, 1.97577197658e-11, 9.85057434927e-12, 2.40065194286e-12, 4.200752593e-12, 3.45855332221e-12, 1.27962126572e-12, 2.39442526136e-13, 2.14938987832e-13, 3.01683794591e-14, 6.76845266371e-15, 1.65280946075e-15, 1.09861189698e-15, 7.76430580579e-16, 5.76458860166e-16, 2.11479324746e-16, 1.16818853323e-16, 1.02217735774e-17, 6.60631092013e-20],
        "dvar2": [4.82556794523e-09, 3.93675030352e-08, 6.70782718259e-09, 2.59213051024e-09, 2.3850572628e-09, 1.30774702178e-09, 2.99718427854e-09, 9.9495549577e-09, 2.08009645064e-08, 4.84801851997e-08, 2.98100459872e-08, 6.98355995254e-09, 7.8058768338e-09, 6.0620175546e-10, 1.66947533575e-09, 4.72662886608e-09, 1.00525032742e-09, 1.88756954511e-10, 8.7386044581e-12, 5.06746684545e-12, 2.55506622804e-11, 1.39752636547e-11, 5.53390493152e-11, 2.65294505114e-11, 7.04637997256e-12, 1.16055021496e-11, 9.59956506646e-12, 3.44644950599e-12, 6.69512188745e-13, 6.21797264285e-13, 9.08600113008e-14, 2.16776144696e-14, 4.88271295412e-15, 3.12767572224e-15, 2.21956386444e-15, 1.74325669765e-15, 6.61668362956e-16, 3.60956631846e-16, 3.16131125499e-17, 1.97260875528e-19],
        "max": [0.000261018023593, 0.000799422268756, 0.000389614346204, 0.000235094223171, 0.000275250698905, 0.000181717929081, 0.000360515783541, 0.000287945906166, 0.00043436489068, 0.000980195007287, 0.000907148758415, 0.000287905306323, 0.000277926999843, 7.03552432242e-05, 0.00013190068421, 0.000251236866461, 0.000166519545019, 5.55168844585e-05, 1.445027101e-05, 6.56062866256e-06, 1.69291070051e-05, 9.73621445155e-06, 2.11532078538e-05, 1.4608796846e-05, 8.05785930424e-06, 1.21865350593e-05, 1.05659300971e-05, 6.79946424498e-06, 2.38168399846e-06, 2.61544778368e-06, 9.4579462484e-07, 6.72587816553e-07, 2.53947888496e-07, 2.42822920882e-07, 1.85285756515e-07, 1.42982329976e-07, 8.06402766784e-08, 6.49632312388e-08, 1.69301728192e-08, 1.70536840205e-09],
        "mean": [9.80338154477e-05, 0.000259920110693, 8.33277081256e-05, 4.00776625611e-05, 2.60397591774e-05, 2.18009336095e-05, 2.81571174128e-05, 3.52350944013e-05, 5.8400342823e-05, 3.78610748157e-05, 1.49946645251e-05, 1.85862554645e-05, 2.07117791433e-05, 8.33473859529e-06, 1.42156304719e-05, 1.56998448801e-05, 3.89487695429e-06, 2.85946521217e-06, 1.58531099714e-06, 1.91328877008e-06, 2.82255564343e-06, 2.07242510442e-06, 3.63189064956e-06, 2.91545052278e-06, 1.78380969373e-06, 1.95124698621e-06, 1.56832754783e-06, 9.6994665455e-07, 4.67752158784e-07, 3.67043838878e-07, 1.96160527821e-07, 1.00556938776e-07, 6.10287500535e-08, 5.26749026619e-08, 4.71472176855e-08, 4.00500468345e-08, 2.16296456301e-08, 1.43508600559e-08, 4.16082324151e-09, 3.43247263945e-10],
        "median": [8.90169394552e-05, 0.000219642432057, 7.30313258828e-05, 3.19242317346e-05, 1.57587928697e-05, 1.57664471772e-05, 1.53156706801e-05, 1.81919494935e-05, 2.66523329628e-05, 8.79426261235e-06, 5.14804560225e-06, 6.45808813715e-06, 4.20618380303e-06, 3.74277442461e-06, 5.5359300859e-06, 4.68440020995e-06, 1.54825522714e-06, 1.18839466268e-06, 1.10276755549e-06, 1.51029848894e-06, 1.67407426943e-06, 1.40320753417e-06, 2.06047798201e-06, 1.56673320362e-06, 1.2509563021e-06, 1.1502866073e-06, 7.94892343947e-07, 4.73677630453e-07, 3.08335671662e-07, 2.15916827528e-07, 1.3480385519e-07, 7.83621985079e-08, 5.06858590654e-08, 4.52261268435e-08, 3.99031883092e-08, 3.52207116805e-08, 1.83021882094e-08, 1.06738715644e-08, 3.14884807118e-09, 2.694836021e-10],
        "min": [4.58473050458e-06, 4.51314645034e-06, 1.51527342496e-06, 3.09303231916e-06, 1.52676057041e-06, 1.24692371628e-06, 1.09361315026e-06, 4.99076350025e-07, 4.69824101401e-07, 2.39521824597e-07, 4.36753282429e-07, 1.87438061516e-07, 9.90648345578e-08, 1.79772939646e-07, 7.58760663189e-08, 6.79554830185e-08, 2.99653422076e-08, 5.63056907765e-08, 7.62183987035e-08, 8.54555821661e-08, 1.38826635521e-07, 8.5632386515e-08, 1.33352386911e-07, 1.02028657523e-07, 9.60478061529e-08, 1.02661097401e-07, 6.62684271902e-08, 4.20653343269e-08, 3.22542845765e-08, 3.12885362064e-08, 2.04739318832e-08, 1.2944751937e-08, 7.51125295295e-09, 6.66067201394e-09, 6.26612051136e-09, 4.25749924204e-09, 2.97365798652e-09, 9.99647697952e-10, 2.43674136424e-10, 8.06963107447e-11],
        "var": [3.72340536181e-09, 2.91756379056e-08, 3.07008818368e-09, 9.88454873507e-10, 9.79191394634e-10, 6.12823791712e-10, 1.38943412331e-09, 2.50208853636e-09, 6.1556248987e-09, 1.01125099405e-08, 5.10122077912e-09, 1.48663570343e-09, 1.98472571711e-09, 1.54139895292e-10, 4.71955252657e-10, 1.09645148516e-09, 1.79706916015e-10, 3.92824973938e-11, 2.60204596585e-12, 2.22047684059e-12, 8.68572488238e-12, 4.50650584558e-12, 1.59404520833e-11, 9.3696847156e-12, 2.48976316994e-12, 3.6870593384e-12, 2.90131720732e-12, 1.13623108318e-12, 2.0533749668e-13, 1.64732851383e-13, 2.92646190213e-14, 6.53010225104e-15, 1.74768763287e-15, 1.24384649546e-15, 8.41400178155e-16, 5.14885176494e-16, 2.12444902601e-16, 1.14067081505e-16, 1.00605908176e-17, 6.61401145465e-20]
    },
    "mfcc": {
        "dmean": [44.3386726379, 10.8143796921, 19.9025802612, 12.2882423401, 11.3930339813, 10.865439415, 10.195775032, 8.0235080719, 5.53985691071, 6.37249135971, 7.46678161621, 6.44027662277, 6.14184474945],
        "dmean2": [80.7925186157, 18.0260868073, 34.066696167, 19.6206378937, 20.3574314117, 18.4978370667, 16.1885986328, 13.118973732, 9.03900146484, 10.9352560043, 12.1963281631, 10.9076757431, 10.5611810684],
        "dvar": [864.773132324, 69.3189163208, 157.286224365, 116.493034363, 62.2480125427, 80.6594924927, 65.6511611938, 42.5195083618, 18.5129261017, 27.6645259857, 29.9325389862, 19.5925674438, 17.6134433746],
        "dvar2": [2818.29443359, 192.853805542, 530.707519531, 321.595123291, 191.244064331, 219.44934082, 181.997055054, 133.441848755, 52.1908798218, 67.6282501221, 85.7922973633, 60.8592185974, 53.2193336487],
        "max": [-684.047790527, 165.351928711, 12.4657096863, 76.7432403564, 19.6832389832, 27.2324180603, 30.8430252075, 48.2069015503, 7.83985519409, 33.7425842285, 16.9087905884, 29.5919399261, 12.4053497314],
        "mean": [-750.467956543, 143.724639893, -22.47032547, 39.9519996643, -8.01246738434, 6.01271677017, 3.71836423874, 15.399977684, -7.10513830185, 10.2336158752, 0.136057525873, 12.6881771088, -2.73489427567],
        "median": [-746.59552002, 144.83795166, -23.891292572, 38.4887390137, -8.13324356079, 6.58568191528, 3.55236434937, 15.059173584, -6.45247840881, 9.15038871765, -0.714496612549, 12.9150676727, -2.28464126587],
        "min": [-897.600341797, 110.056846619, -57.5405693054, 0.23246383667, -34.7543678284, -21.1236000061, -16.552362442, -5.88101959229, -24.141242981, -8.63985061646, -15.3526725769, -4.93658065796, -18.6742630005],
        "var": [1079.76501465, 131.630508423, 268.117034912, 205.8203125, 104.482505798, 96.4756240845, 94.2803878784, 65.6021652222, 34.3291358948, 56.1606826782, 47.7514381409, 38.5733337402, 33.2623901367],
        "cov": [[1086.43029785, 13.6231060028, -411.607055664, 18.6352958679, -198.306747437, -92.1409835815, -47.4188346863, -27.8153266907, -48.7456550598, -8.55291175842, -42.3755645752, 9.78609848022, -52.2207984924], [13.6231060028, 132.44303894, 10.5474767685, -114.229988098, -34.7744789124, 4.61277770996, 21.3370037079, 6.83005094528, -18.7513694763, 2.99853730202, 40.8012199402, 3.34785890579, -3.67510461807], [-411.607055664, 10.5474767685, 269.772094727, -21.6334838867, 101.978469849, 33.3608055115, -11.9179115295, 8.0914144516, 13.4423446655, 25.3216152191, 2.93834781647, -10.6303482056, 17.2217826843], [18.6352958679, -114.229988098, -21.6334838867, 207.090805054, 44.586807251, -20.5312824249, -47.1407394409, -30.3139762878, 43.4002838135, 12.9013471603, -38.7117843628, -7.32091522217, 20.8074626923], [-198.306747437, -34.7744789124, 101.978469849, 44.586807251, 105.127456665, 13.9527750015, -4.30530595779, -13.7095355988, 15.6168346405, 27.8451538086, -8.79491424561, 2.30911707878, 3.37348628044], [-92.1409835815, 4.61277770996, 33.3608055115, -20.5312824249, 13.9527750015, 97.0711593628, 56.3717041016, 21.3524055481, -5.60867738724, -4.82565069199, 32.1012611389, -5.49999809265, -13.5628356934], [-47.4188346863, 21.3370037079, -11.9179115295, -47.1407394409, -4.30530595779, 56.3717041016, 94.8623657227, 44.357673645, -6.09021425247, -14.2088546753, 26.9065990448, 14.6617174149, -12.8565416336], [-27.8153266907, 6.83005094528, 8.0914144516, -30.3139762878, -13.7095355988, 21.3524055481, 44.357673645, 66.0071182251, 2.98433947563, -18.1725082397, 9.80249595642, 10.4687929153, 5.72596263885], [-48.7456550598, -18.7513694763, 13.4423446655, 43.4002838135, 15.6168346405, -5.60867738724, -6.09021425247, 2.98433947563, 34.5410461426, 19.7622318268, -2.96590995789, 0.591257989407, 8.10116291046], [-8.55291175842, 2.99853730202, 25.3216152191, 12.9013471603, 27.8451538086, -4.82565069199, -14.2088546753, -18.1725082397, 19.7622318268, 56.5073547363, 9.89968299866, -4.11721038818, -6.48960208893], [-42.3755645752, 40.8012199402, 2.93834781647, -38.7117843628, -8.79491424561, 32.1012611389, 26.9065990448, 9.80249595642, -2.96590995789, 9.89968299866, 48.0461997986, 9.06102275848, -5.61704492569], [9.78609848022, 3.34785890579, -10.6303482056, -7.32091522217, 2.30911707878, -5.49999809265, 14.6617174149, 10.4687929153, 0.591257989407, -4.11721038818, 9.06102275848, 38.8114433289, 10.1499109268], [-52.2207984924, -3.67510461807, 17.2217826843, 20.8074626923, 3.37348628044, -13.5628356934, -12.8565416336, 5.72596263885, 8.10116291046, -6.48960208893, -5.61704492569, 10.1499109268, 33.4677124023]],
        "icov": [[0.00763549422845, -0.00762570928782, 0.00817142240703, -0.00694821542129, 0.00953292939812, -0.00522155873477, 0.00800788123161, -0.00841205008328, 0.0162363518029, -0.0144555028528, 0.0171336717904, -0.0113808624446, 0.0122239775956], [-0.00762570928782, 0.0285474192351, -0.00950887147337, 0.0168650764972, -0.00642013410106, 0.011274590157, -0.0122094163671, 0.0142626287416, -0.0177963897586, 0.014031091705, -0.0310469102114, 0.0169106516987, -0.0195811409503], [0.00817142240703, -0.00950887147337, 0.0187114849687, -0.00264690630138, -0.00103660684545, -0.0100743146613, 0.0145595800132, -0.0126153230667, 0.0133695695549, -0.0145962480456, 0.019172905013, -0.00816932693124, 0.00712519325316], [-0.00694821542129, 0.0168650764972, -0.00264690630138, 0.0238894447684, -0.0148545233533, 0.00258478638716, -0.00385061441921, 0.0133257238194, -0.031158670783, 0.0172148011625, -0.0166158545762, 0.0146077284589, -0.0200328845531], [0.00953292939812, -0.00642013410106, -0.00103660684545, -0.0148545233533, 0.0390067249537, -0.00707863550633, 0.00233514420688, -0.00414224527776, 0.0254784040153, -0.0281158518046, 0.0271523091942, -0.0225800704211, 0.018529528752], [-0.00522155873477, 0.011274590157, -0.0100743146613, 0.00258478638716, -0.00707863550633, 0.0310603436083, -0.0207709763199, 0.00789149384946, -0.00653580762446, 0.0144431600347, -0.0311900340021, 0.0190967265517, -0.00600444572046], [0.00800788123161, -0.0122094163671, 0.0145595800132, -0.00385061441921, 0.00233514420688, -0.0207709763199, 0.0408488810062, -0.0240037515759, 0.0116222342476, -0.0106199877337, 0.0192627944052, -0.0213039647788, 0.0220234915614], [-0.00841205008328, 0.0142626287416, -0.0126153230667, 0.0133257238194, -0.00414224527776, 0.00789149384946, -0.0240037515759, 0.041302151978, -0.0310668498278, 0.0235043540597, -0.0206529609859, 0.0125810811296, -0.0212285909802], [0.0162363518029, -0.0177963897586, 0.0133695695549, -0.031158670783, 0.0254784040153, -0.00653580762446, 0.0116222342476, -0.0310668498278, 0.0999125242233, -0.0566916354001, 0.0370117649436, -0.0243333615363, 0.0188490729779], [-0.0144555028528, 0.014031091705, -0.0145962480456, 0.0172148011625, -0.0281158518046, 0.0144431600347, -0.0106199877337, 0.0235043540597, -0.0566916354001, 0.0657613798976, -0.0468149296939, 0.0251476019621, -0.012629843317], [0.0171336717904, -0.0310469102114, 0.019172905013, -0.0166158545762, 0.0271523091942, -0.0311900340021, 0.0192627944052, -0.0206529609859, 0.0370117649436, -0.0468149296939, 0.0900949835777, -0.041411459446, 0.0289892815053], [-0.0113808624446, 0.0169106516987, -0.00816932693124, 0.0146077284589, -0.0225800704211, 0.0190967265517, -0.0213039647788, 0.0125810811296, -0.0243333615363, 0.0251476019621, -0.041411459446, 0.0582445152104, -0.0349484197795], [0.0122239775956, -0.0195811409503, 0.00712519325316, -0.0200328845531, 0.018529528752, -0.00600444572046, 0.0220234915614, -0.0212285909802, 0.0188490729779, -0.012629843317, 0.0289892815053, -0.0349484197795, 0.0718351155519]]
    }
}

}