{
"metadata": {
    "version": {
        "essentia": "2.0.1",
        "extractor": "archive-music 1.0 mod ismir14"
    },
    "audio_properties": {
        "analysis_sample_rate": 44100,
        "bitrate": 32,
        "channels": 2,
        "equal_loudness": 0,
        "length": 30.0408172607,
        "replay_gain": -13.4732723236,
        "downmix": "mix"
    },
    "tags": {
        "track": 0,
        "year": 0,
        "album": "",
        "artist": "",
        "comment": "",
        "genre": "",
        "title": ""
    }
},
"rhythm": {
    "bpm": 178.205886841,
    "bpm_histogram_first_peak": 178,
    "bpm_histogram_first_peak_spread": 0,
    "bpm_histogram_first_peak_weight": 0.453488379717,
    "bpm_histogram_second_peak": 172,
    "bpm_histogram_second_peak_spread": 0,
    "bpm_histogram_second_peak_weight": 0.430232554674
},
"tonal": {
    "tuning_frequency": {
        "dmean": 0.0716284811497,
        "dmean2": 0.133505254984,
        "dvar": 0.956163644791,
        "dvar2": 1.7392963171,
        "max": 454.990661621,
        "mean": 440.898895264,
        "median": 434.695007324,
        "min": 431.193908691,
        "var": 76.0535964966
    },
    "hpcp": {
        "dmean": [0.170837134123, 0.157148256898, 0.168911859393, 0.178177282214, 0.143550246954, 0.143620714545, 0.227752327919, 0.278366923332, 0.268586248159, 0.210828110576, 0.26371473074, 0.246935382485],
        "dmean2": [0.316438943148, 0.288523882627, 0.313209474087, 0.326207637787, 0.268888533115, 0.262096315622, 0.417218714952, 0.51393866539, 0.49733453989, 0.390037685633, 0.473945707083, 0.466651678085],
        "dvar": [0.0737268105149, 0.0714965388179, 0.0844712927938, 0.0817726552486, 0.0706364512444, 0.0624925754964, 0.0907351225615, 0.107346206903, 0.108322992921, 0.0941374152899, 0.0900349244475, 0.112181246281],
        "dvar2": [0.204395458102, 0.201492711902, 0.229205384851, 0.222067087889, 0.199215233326, 0.168859407306, 0.238417387009, 0.29752612114, 0.28382986784, 0.265642046928, 0.22957251966, 0.326214909554],
        "max": [1, 1, 1, 1, 1, 1, 1, 1, 1, 1, 1, 1],
        "mean": [0.151720479131, 0.128579750657, 0.134916543961, 0.176582276821, 0.10248554498, 0.131610572338, 0.231172651052, 0.267535060644, 0.244949311018, 0.163229584694, 0.331267058849, 0.174923062325],
        "median": [0.0290881581604, 0.0189531818032, 0.0167690142989, 0.0238828584552, 0.0137068312615, 0.0227909702808, 0.0609212145209, 0.0759665891528, 0.0577246546745, 0.0252371951938, 0.161366671324, 0.0274855084717],
        "min": [0, 0, 0, 0, 0, 0, 0, 0, 0, 0, 0, 0],
        "var": [0.0728087201715, 0.0617565847933, 0.0727944597602, 0.0926388949156, 0.0518490821123, 0.0654868707061, 0.110674396157, 0.124584920704, 0.120573468506, 0.081409201026, 0.130860030651, 0.0913028419018]
    }
},
"lowlevel": {
    "melbands": {
        "dmean": [0.000208200814086, 0.000799659406766, 0.000944378087297, 0.000480755436001, 0.000282056425931, 0.000442911608843, 0.000545368413441, 0.000384987244615, 0.000412838155171, 0.000253958249232, 0.0001245381427, 7.9415323853e-05, 6.20579812676e-05, 4.37156159023e-05, 6.21639555902e-05, 4.09891763411e-05, 4.23419660365e-05, 3.55234078597e-05, 2.85176320176e-05, 2.37116946664e-05, 2.14143856283e-05, 2.038979801e-05, 2.50803750532e-05, 2.57141437032e-05, 1.88778030861e-05, 1.57336708071e-05, 1.09151442302e-05, 7.45882380215e-06, 4.31246917287e-06, 3.35163235832e-06, 2.49597519542e-06, 1.5423718196e-06, 7.77164416377e-07, 6.28587542906e-07, 5.83487519634e-07, 5.18627189194e-07, 5.02103148392e-07, 3.7459858504e-07, 2.005242834e-07, 1.01516086204e-07],
        "dmean2": [0.000357027136488, 0.00137084454764, 0.00163557799533, 0.000825678289402, 0.000477400579257, 0.000747011450585, 0.000970136898104, 0.00061817211099, 0.000688208267093, 0.000423925637733, 0.00019105442334, 0.000115179573186, 9.58803429967e-05, 6.83700127411e-05, 9.31164322537e-05, 6.46581902402e-05, 6.78826327203e-05, 5.85173729633e-05, 4.70380364277e-05, 3.97464245907e-05, 3.50193258782e-05, 3.2623847801e-05, 4.03831218136e-05, 4.03118647228e-05, 2.90996213153e-05, 2.5268389436e-05, 1.62986070791e-05, 1.14964341265e-05, 7.03476734998e-06, 5.27871679878e-06, 3.82510324926e-06, 2.49443223765e-06, 1.27654243443e-06, 1.04552702851e-06, 9.50763990204e-07, 8.47925264225e-07, 8.10426058706e-07, 6.10714494087e-07, 3.27908395548e-07, 1.63648977036e-07],
        "dvar": [8.09087765674e-08, 1.19925141462e-06, 1.47744754031e-06, 5.22016307514e-07, 1.86233862109e-07, 3.19087490652e-07, 8.50406649988e-07, 8.82799895408e-07, 5.13487407261e-07, 2.37726254682e-07, 6.66427339979e-08, 4.8899018168e-08, 4.11033020953e-08, 1.56569743837e-08, 6.99346855981e-08, 1.1515067122e-08, 1.81846093739e-08, 9.29694099483e-09, 6.72603572838e-09, 7.74658381886e-09, 3.48939210859e-09, 2.97279911798e-09, 3.76388697987e-09, 4.05354150246e-09, 2.21274532031e-09, 1.03561614839e-09, 8.69055549746e-10, 4.82649809008e-10, 7.78104664034e-11, 5.26321798644e-11, 3.53365808836e-11, 1.05699164699e-11, 2.2635521929e-12, 1.0406196304e-12, 1.31102962687e-12, 9.11411679634e-13, 8.54640577058e-13, 9.28764769086e-13, 2.88038391966e-13, 4.27813404006e-14],
        "dvar2": [2.31095867775e-07, 3.16264936373e-06, 4.06878734793e-06, 1.49516847614e-06, 5.06133346789e-07, 8.56252484027e-07, 2.41279826696e-06, 2.13565681406e-06, 1.45640638038e-06, 6.68060124553e-07, 1.58908164849e-07, 9.00814924876e-08, 9.1829335247e-08, 3.60229570617e-08, 1.805403258e-07, 2.86972348107e-08, 4.45073489175e-08, 2.40288677844e-08, 1.80482082612e-08, 2.13812150207e-08, 9.38717192867e-09, 8.03139688088e-09, 1.01920756279e-08, 1.03581321298e-08, 5.01647479112e-09, 2.5554696137e-09, 1.61698687773e-09, 1.02819075476e-09, 1.96773167205e-10, 1.09547912408e-10, 7.45080525055e-11, 2.24508432678e-11, 5.54357428018e-12, 2.8031721909e-12, 3.65629445123e-12, 2.41432806906e-12, 2.24547182064e-12, 2.56978574704e-12, 8.25178087752e-13, 1.08317028307e-13],
        "max": [0.00392951443791, 0.0150899384171, 0.0135382581502, 0.00984485819936, 0.00655924947932, 0.00603547180071, 0.0100136250257, 0.0123110935092, 0.0163429565728, 0.0117306290194, 0.00487287715077, 0.00591721804813, 0.00615759473294, 0.0036045901943, 0.0100306868553, 0.00296744517982, 0.00397587800398, 0.00166583235841, 0.00128741376102, 0.00198293663561, 0.00115221540909, 0.00133581343107, 0.00122439034749, 0.00124754477292, 0.000866353453603, 0.000699089257978, 0.000706127088051, 0.000693737412803, 0.00014748259855, 0.000262209417997, 0.000199787318707, 0.000104613573058, 2.70791624644e-05, 1.82253661478e-05, 2.06184377021e-05, 1.84525888471e-05, 1.75363420567e-05, 2.47785064857e-05, 9.98855466605e-06, 5.89035289522e-06],
        "mean": [0.000254380138358, 0.00106473267078, 0.00125553482212, 0.000714242225513, 0.000375266361516, 0.000650598900393, 0.000650825968478, 0.000500453461427, 0.000758288777433, 0.000435467576608, 0.000276154751191, 0.000154888286488, 0.000109008607978, 7.77179375291e-05, 0.000118655247206, 7.29929597583e-05, 7.47558369767e-05, 6.17542900727e-05, 4.35627553088e-05, 3.86457359127e-05, 3.63663275493e-05, 3.70145608031e-05, 5.56819541089e-05, 6.14945965935e-05, 3.94391499867e-05, 3.36943303409e-05, 2.7525031328e-05, 1.57475133165e-05, 8.39577296574e-06, 6.93074571245e-06, 5.60998296351e-06, 3.44626687365e-06, 1.69322970578e-06, 1.34091601467e-06, 1.30762055051e-06, 1.0836004094e-06, 9.92239279185e-07, 7.07600179339e-07, 3.84065714343e-07, 2.02611204259e-07],
        "median": [0.00012507471547, 0.000551600242034, 0.000707134604454, 0.000378519122023, 0.00020155623497, 0.000370247493265, 0.000283376895823, 0.000158652575919, 0.000268179341219, 0.000153107524966, 0.00012059398432, 4.8723693908e-05, 2.17685501411e-05, 2.20357360377e-05, 4.02631667384e-05, 1.96370783669e-05, 1.72625987034e-05, 1.33639796331e-05, 1.13325068014e-05, 7.52376672608e-06, 7.68009249441e-06, 7.38835660741e-06, 6.69955534249e-06, 5.6176322687e-06, 8.04391675047e-06, 8.63578407007e-06, 3.32537138092e-06, 3.73750117433e-06, 3.83717679142e-06, 2.35905667978e-06, 1.40626934808e-06, 1.24483005948e-06, 7.82818972311e-07, 7.44974272493e-07, 6.69815790388e-07, 5.68108021071e-07, 6.05495131367e-07, 3.81010096362e-07, 1.99023105552e-07, 1.20828460126e-07],
        "min": [6.1491695118e-15, 3.47947582205e-14, 7.69072983466e-14, 9.50985641688e-14, 5.55787376842e-14, 1.44660813276e-13, 4.95912555812e-13, 7.34686129208e-13, 1.20159503007e-12, 2.10088326943e-12, 1.72153328919e-12, 8.48549637673e-13, 3.61932245242e-13, 7.80544316789e-14, 1.86525924914e-13, 1.0011961285e-13, 1.98710880107e-13, 1.6157577663e-12, 3.4808109086e-12, 1.30177628659e-12, 6.76912302253e-13, 1.82550307336e-12, 1.09795755387e-12, 5.16667351264e-12, 7.50587873105e-12, 1.85346269582e-12, 5.16882706341e-13, 9.74254639637e-13, 1.2424122061e-12, 8.2022127805e-13, 2.68639646119e-12, 3.96684117845e-12, 1.25960299049e-12, 1.22440024699e-12, 1.08003233093e-12, 3.13240449204e-12, 1.17480515333e-13, 8.81055590898e-13, 4.11351562622e-13, 6.84739266156e-14],
        "var": [1.44945204283e-07, 2.10550115298e-06, 2.41092357101e-06, 1.06705783764e-06, 2.60118781625e-07, 5.8988479168e-07, 9.67195546764e-07, 1.1078833495e-06, 2.58258933172e-06, 1.00824036053e-06, 2.22423551577e-07, 1.99763860564e-07, 1.47403412143e-07, 4.24972768087e-08, 1.1741403938e-07, 3.70577204478e-08, 5.2743679646e-08, 2.49744847025e-08, 1.01680237563e-08, 1.43882585846e-08, 7.18846759895e-09, 6.43854258797e-09, 1.46614329566e-08, 2.0236603504e-08, 7.64940999431e-09, 4.55962823054e-09, 4.98279462136e-09, 1.9819419439e-09, 2.0505792897e-10, 2.77776579516e-10, 1.76974448984e-10, 4.50853174239e-11, 7.99938500856e-12, 3.58963336486e-12, 3.91796751292e-12, 2.02967612335e-12, 1.49141159492e-12, 1.08432392839e-12, 3.39239487196e-13, 7.76883643679e-14]
    },
    "mfcc": {
        "dmean": [13.1219902039, 9.9660692215, 10.0367927551, 8.02487850189, 8.41412639618, 7.7926568985, 7.83076047897, 7.5044169426, 7.11083221436, 7.09402942657, 6.89070940018, 6.68495893478, 6.89899015427],
        "dmean2": [17.8395996094, 16.1210708618, 15.7283220291, 13.1439380646, 13.7467355728, 13.0920200348, 12.883523941, 12.3891878128, 11.6118450165, 11.6630821228, 11.3963985443, 11.2440252304, 11.4781455994],
        "dvar": [291.658935547, 67.5597915649, 71.9245910645, 39.9708595276, 46.4473800659, 37.0120429993, 35.725605011, 34.5417823792, 29.9158706665, 29.42735672, 27.3487014771, 26.4877319336, 28.7280082703],
        "dvar2": [471.09286499, 162.893508911, 182.319778442, 105.439079285, 122.887924194, 100.553092957, 97.1795578003, 94.331741333, 81.040397644, 79.5818328857, 74.6672210693, 74.5576782227, 79.7130584717],
        "max": [-495.510406494, 186.288299561, 68.4514312744, 83.7686004639, 41.7735595703, 32.6243515015, 47.7625198364, 44.2888183594, 24.4273834229, 41.9271621704, 34.3429870605, 31.867521286, 23.8351783752],
        "mean": [-618.383911133, 121.2368927, -3.43387961388, 23.7516136169, -10.0771913528, -5.82412195206, -4.00408601761, -0.387120872736, -6.29923295975, 5.44985485077, -0.113041259348, 1.28571689129, -9.11588954926],
        "median": [-626.138671875, 123.585777283, -0.924238204956, 22.1263904572, -11.2089633942, -5.22818183899, -5.13877677917, -0.630018234253, -5.80116271973, 6.09169387817, -0.551431655884, 1.42265510559, -8.15868186951],
        "min": [-1138.42004395, 1.14440917969e-05, -82.2706756592, -28.7734203339, -65.9545822144, -49.9674415588, -42.9650306702, -38.2315444946, -42.844203949, -43.2097625732, -31.5946121216, -32.7296104431, -49.6465988159],
        "var": [2195.87475586, 535.62286377, 539.966369629, 255.169799805, 239.126068115, 161.820861816, 192.071594238, 117.545082092, 107.203636169, 122.98915863, 96.0847625732, 85.0618209839, 117.390968323],
        "cov": [[2196.72338867, -396.135314941, -660.015441895, 102.059745789, 77.0807418823, -137.273117065, -17.8014431, 80.4964370728, -18.0781650543, -53.240322113, 2.19908070564, -17.7410640717, -52.9790725708], [-396.135314941, 535.829833984, 201.967941284, -153.296401978, -93.5546722412, 51.6577224731, -12.5638408661, -68.5123291016, 23.6786499023, 39.6899108887, 14.2186384201, 38.0302009583, 41.7608451843], [-660.015441895, 201.967941284, 540.175048828, 27.7520580292, 14.9694929123, 72.8742218018, 9.46825885773, -4.91098690033, 6.85491847992, 12.6086444855, -15.6923885345, -7.90224790573, 21.2637481689], [102.059745789, -153.296401978, 27.7520580292, 255.2684021, 136.971572876, -44.7949714661, -27.1029109955, 38.708190918, -8.1694316864, -24.0304450989, -9.02340984344, -19.0458221436, -3.72083210945], [77.0807418823, -93.5546722412, 14.9694929123, 136.971572876, 239.218460083, 9.20880794525, -29.7555809021, 36.1131210327, -8.49676513672, -18.7384586334, -20.5645866394, -14.3721170425, 1.48574328423], [-137.273117065, 51.6577224731, 72.8742218018, -44.7949714661, 9.20880794525, 161.883392334, 92.3083343506, 6.96220541, 1.87231123447, -16.0688438416, -7.08334732056, -0.91978430748, -20.224609375], [-17.8014431, -12.5638408661, 9.46825885773, -27.1029109955, -29.7555809021, 92.3083343506, 192.145797729, 53.2184371948, -23.1877288818, -20.3082332611, -10.8614597321, 3.73657155037, -19.7788963318], [80.4964370728, -68.5123291016, -4.91098690033, 38.708190918, 36.1131210327, 6.96220541, 53.2184371948, 117.590499878, 16.0897197723, -22.6661453247, -2.56244802475, -6.36812114716, -4.73961210251], [-18.0781650543, 23.6786499023, 6.85491847992, -8.1694316864, -8.49676513672, 1.87231123447, -23.1877288818, 16.0897197723, 107.245063782, 46.9142951965, 7.79959201813, 2.28439068794, 4.30189847946], [-53.240322113, 39.6899108887, 12.6086444855, -24.0304450989, -18.7384586334, -16.0688438416, -20.3082332611, -22.6661453247, 46.9142951965, 123.036682129, 37.8343315125, 6.46248626709, 16.9812011719], [2.19908070564, 14.2186384201, -15.6923885345, -9.02340984344, -20.5645866394, -7.08334732056, -10.8614597321, -2.56244802475, 7.79959201813, 37.8343315125, 96.121887207, 32.9404067993, -3.9560585022], [-17.7410640717, 38.0302009583, -7.90224790573, -19.0458221436, -14.3721170425, -0.91978430748, 3.73657155037, -6.36812114716, 2.28439068794, 6.46248626709, 32.9404067993, 85.0946884155, 41.8246612549], [-52.9790725708, 41.7608451843, 21.2637481689, -3.72083210945, 1.48574328423, -20.224609375, -19.7788963318, -4.73961210251, 4.30189847946, 16.9812011719, -3.9560585022, 41.8246612549, 117.436325073]],
        "icov": [[0.000788143777754, 7.26660946384e-05, 0.000908189686015, -0.000203411604161, -0.00010614580242, 0.000224470903049, 1.38288269227e-05, -0.000361735088518, 4.39097020717e-05, 7.58437890909e-05, 5.42851703358e-05, 1.58891016326e-05, 0.000170152765349], [7.26660946384e-05, 0.00310844206251, -0.00111533491872, 0.00163473293651, 0.000125675695017, -0.000209163234103, 0.000198804191314, 0.00109078886453, -0.000568263407331, 7.70132319303e-05, -0.00020516999939, -0.000666171545163, -0.000538930122275], [0.000908189686015, -0.00111533491872, 0.00364374998026, -0.00156762066763, 0.000275429192698, -0.00130322668701, 0.000578764360398, -0.00102226866875, 0.000562206085306, -0.000544890586752, 0.000587256276049, 0.000488794932608, -0.00017090694746], [-0.000203411604161, 0.00163473293651, -0.00156762066763, 0.00771752465516, -0.00386537308805, 0.00294608389959, -0.000903062522411, 0.000310834788252, -0.000861345033627, 0.00145770248491, -0.00124208687339, 0.000750195467845, -0.000216252010432], [-0.00010614580242, 0.000125675695017, 0.000275429192698, -0.00386537308805, 0.00748466607183, -0.00358033133671, 0.00324660912156, -0.00265810615383, 0.00189763761591, -0.00142068800051, 0.00193358806428, -0.00067943520844, -9.36503784033e-05], [0.000224470903049, -0.000209163234103, -0.00130322668701, 0.00294608389959, -0.00358033133671, 0.0122632756829, -0.00696602091193, 0.00330516067334, -0.00335138826631, 0.00297871022485, -0.00158825796098, 0.000749798025936, 0.000993873225525], [1.38288269227e-05, 0.000198804191314, 0.000578764360398, -0.000903062522411, 0.00324660912156, -0.00696602091193, 0.0113268252462, -0.00646159565076, 0.00463904486969, -0.00274882395752, 0.00287728430703, -0.00246519851498, 0.00141073868144], [-0.000361735088518, 0.00109078886453, -0.00102226866875, 0.000310834788252, -0.00265810615383, 0.00330516067334, -0.00646159565076, 0.0144377853721, -0.00578582799062, 0.00453133974224, -0.00307006039657, 0.00213137432002, -0.00156466581393], [4.39097020717e-05, -0.000568263407331, 0.000562206085306, -0.000861345033627, 0.00189763761591, -0.00335138826631, 0.00463904486969, -0.00578582799062, 0.0142094157636, -0.00683743925765, 0.00282859918661, -0.00179809692781, 0.00124327791855], [7.58437890909e-05, 7.70132319303e-05, -0.000544890586752, 0.00145770248491, -0.00142068800051, 0.00297871022485, -0.00274882395752, 0.00453133974224, -0.00683743925765, 0.0138243287802, -0.00645005982369, 0.00352501845919, -0.00281867524609], [5.42851703358e-05, -0.00020516999939, 0.000587256276049, -0.00124208687339, 0.00193358806428, -0.00158825796098, 0.00287728430703, -0.00307006039657, 0.00282859918661, -0.00645005982369, 0.01622864604, -0.00814434979111, 0.00429080752656], [1.58891016326e-05, -0.000666171545163, 0.000488794932608, 0.000750195467845, -0.00067943520844, 0.000749798025936, -0.00246519851498, 0.00213137432002, -0.00179809692781, 0.00352501845919, -0.00814434979111, 0.0190548077226, -0.00751665234566], [0.000170152765349, -0.000538930122275, -0.00017090694746, -0.000216252010432, -9.36503784033e-05, 0.000993873225525, 0.00141073868144, -0.00156466581393, 0.00124327791855, -0.00281867524609, 0.00429080752656, -0.00751665234566, 0.0123381679878]]
    }
}

}