{
"metadata": {
    "version": {
        "essentia": "2.0.1",
        "extractor": "archive-music 1.0 mod ismir14"
    },
    "audio_properties": {
        "analysis_sample_rate": 44100,
        "bitrate": 32,
        "channels": 2,
        "equal_loudness": 0,
        "length": 30.0408172607,
        "replay_gain": -13.7347183228,
        "downmix": "mix"
    },
    "tags": {
        "track": 0,
        "year": 0,
        "album": "",
        "artist": "",
        "comment": "",
        "genre": "",
        "title": ""
    }
},
"rhythm": {
    "bpm": 90.2956161499,
    "bpm_histogram_first_peak": 91,
    "bpm_histogram_first_peak_spread": 0.341463446617,
    "bpm_histogram_first_peak_weight": 0.62790697813,
    "bpm_histogram_second_peak": 85,
    "bpm_histogram_second_peak_spread": 0,
    "bpm_histogram_second_peak_weight": 0.0465116277337
},
"tonal": {
    "tuning_frequency": {
        "dmean": 0.118936412036,
        "dmean2": 0.222851321101,
        "dvar": 1.88379073143,
        "dvar2": 4.44623184204,
        "max": 456.306610107,
        "mean": 445.759185791,
        "median": 452.37008667,
        "min": 431.193908691,
        "var": 70.7105636597
    },
    "hpcp": {
        "dmean": [0.196083545685, 0.161539927125, 0.172142505646, 0.129081636667, 0.160387814045, 0.176757544279, 0.186516091228, 0.236427128315, 0.225263595581, 0.169655159116, 0.181137338281, 0.18238042295],
        "dmean2": [0.364066630602, 0.310199975967, 0.318058311939, 0.242908075452, 0.295947819948, 0.327555954456, 0.348722547293, 0.43696898222, 0.414453238249, 0.320510476828, 0.340247511864, 0.341309577227],
        "dvar": [0.0897937864065, 0.09448094666, 0.0846347287297, 0.0664001554251, 0.0744281932712, 0.0860033556819, 0.101987019181, 0.104509346187, 0.107055932283, 0.0923986211419, 0.095636099577, 0.088492564857],
        "dvar2": [0.24590139091, 0.260438859463, 0.238978236914, 0.188354551792, 0.1984398067, 0.232578411698, 0.266975462437, 0.280408978462, 0.279851049185, 0.26408302784, 0.269712120295, 0.247757360339],
        "max": [1, 1, 1, 1, 1, 1, 1, 1, 1, 1, 1, 1],
        "mean": [0.193404331803, 0.117749944329, 0.162760421634, 0.118659958243, 0.156375035644, 0.197462320328, 0.143323153257, 0.256609082222, 0.186891749501, 0.121166527271, 0.133096292615, 0.140637695789],
        "median": [0.0351153761148, 0.00825480278581, 0.0269149076194, 0.00982102937996, 0.0213837102056, 0.0272297952324, 0.00678375456482, 0.0614585876465, 0.0242085680366, 0.0122070489451, 0.0137531720102, 0.022429715842],
        "min": [0, 0, 0, 0, 0, 0, 0, 0, 0, 0, 0, 0],
        "var": [0.099470756948, 0.0750390440226, 0.0849622711539, 0.0690555721521, 0.0818821117282, 0.111125700176, 0.0900078117847, 0.128952935338, 0.101946875453, 0.0673842281103, 0.0755471810699, 0.0727493166924]
    }
},
"lowlevel": {
    "melbands": {
        "dmean": [0.000779379741289, 0.00257914280519, 0.00123739370611, 0.000493497413117, 0.00034499267349, 0.00026046927087, 0.000285988033284, 0.000329909147695, 0.000470386119559, 0.000315681449138, 0.000144456193084, 0.000161687290529, 0.000142694698297, 0.000101409481431, 0.000141226439155, 0.000141065509524, 3.38866011589e-05, 2.60841206909e-05, 1.50201676661e-05, 1.86395045603e-05, 2.8571123039e-05, 2.12670456676e-05, 3.56585951522e-05, 2.65886810666e-05, 1.53286218847e-05, 1.78209702426e-05, 1.37600809467e-05, 8.3426511992e-06, 3.93508435081e-06, 3.3188348425e-06, 1.80228732916e-06, 8.64095227371e-07, 5.21249148733e-07, 4.23175890774e-07, 4.07338376363e-07, 4.28301234479e-07, 3.18722783277e-07, 4.63462129119e-07, 3.93864667103e-07, 3.37218494906e-07],
        "dmean2": [0.00128076539841, 0.00467250449583, 0.00217380723916, 0.000848242780194, 0.000598077953327, 0.000440481962869, 0.00047970545711, 0.000512055063155, 0.000682668585796, 0.000431098073022, 0.000214066152694, 0.000227919736062, 0.000191719838767, 0.000162146578077, 0.000209312827792, 0.000208796060178, 4.93089319207e-05, 3.92236797779e-05, 2.3863347451e-05, 2.96483049169e-05, 4.54151413578e-05, 3.45316111634e-05, 5.68970972381e-05, 3.96139803343e-05, 2.27860346058e-05, 2.82118289761e-05, 2.04788593692e-05, 1.22006249512e-05, 5.98982614974e-06, 5.04594436279e-06, 2.76174932878e-06, 1.36531946282e-06, 8.45697570639e-07, 6.77463333432e-07, 6.55907456348e-07, 6.89926935138e-07, 4.95602193951e-07, 7.50235415126e-07, 6.13309225628e-07, 5.47340846424e-07],
        "dvar": [6.80294647282e-07, 8.56597034726e-06, 1.98584143618e-06, 5.01505326156e-07, 4.87549186801e-07, 1.85426145549e-07, 2.45592303827e-07, 3.99753844249e-07, 8.80425773175e-07, 1.03916727312e-06, 2.99645193991e-07, 2.33436153962e-07, 1.35800533485e-07, 9.92061615079e-08, 1.41730978953e-07, 1.88405891777e-07, 1.02299155813e-08, 4.96742869061e-09, 6.50635156862e-10, 9.77705805205e-10, 3.29704374913e-09, 2.29423458009e-09, 5.89198823064e-09, 3.33350302917e-09, 8.77031391955e-10, 1.10751008364e-09, 7.90735865674e-10, 3.19722442965e-10, 7.08602967969e-11, 5.95017854432e-11, 1.40101376681e-11, 2.14948263182e-12, 6.42691520662e-13, 3.7300799385e-13, 4.3825753031e-13, 3.55239926017e-13, 2.38373828055e-13, 5.37400419304e-13, 5.08026888786e-13, 3.5372185324e-13],
        "dvar2": [1.9192302716e-06, 2.85063561023e-05, 5.73497845835e-06, 1.37817721679e-06, 1.37300730785e-06, 4.99240172758e-07, 6.35932394744e-07, 9.52319965108e-07, 1.71814826899e-06, 1.7590726884e-06, 4.98040094499e-07, 3.54045141648e-07, 1.97866626195e-07, 2.27756316917e-07, 2.52504236187e-07, 3.38037352776e-07, 1.43920519946e-08, 1.0845552012e-08, 1.47313683474e-09, 2.38718111945e-09, 7.93886201222e-09, 5.93955373773e-09, 1.53604133857e-08, 7.42492201056e-09, 1.92773019769e-09, 2.68833000305e-09, 1.51275403315e-09, 6.14715611746e-10, 1.41518283203e-10, 1.1783357623e-10, 3.12897936727e-11, 5.25850847241e-12, 1.60618274323e-12, 8.8069222054e-13, 1.00129811127e-12, 8.50764825342e-13, 5.34713170009e-13, 1.35051410159e-12, 1.12121336521e-12, 8.75244213043e-13],
        "max": [0.00847952067852, 0.0243182200938, 0.0147197833285, 0.0105243418366, 0.00946539733559, 0.00590578140691, 0.0102446610108, 0.00988437607884, 0.0184710863978, 0.0202147196978, 0.0259396936744, 0.0166715923697, 0.0143810911104, 0.00785283185542, 0.0091008124873, 0.0122600616887, 0.00490415096283, 0.00169447809458, 0.000449460465461, 0.000370923691662, 0.000990724074654, 0.000734628178179, 0.00119638512842, 0.000881168525666, 0.000532002653927, 0.000523392867763, 0.000465080112917, 0.000412974477513, 0.000178912669071, 0.00015611499839, 6.64289909764e-05, 3.08081653202e-05, 1.18698299048e-05, 1.03308821053e-05, 1.29484678837e-05, 8.65809488459e-06, 1.19264859677e-05, 1.32917248266e-05, 1.47616428876e-05, 1.20077256724e-05],
        "mean": [0.00132275442593, 0.00354518904351, 0.00185336673167, 0.000695931143127, 0.000452739186585, 0.000392978457967, 0.000456857145764, 0.000614969350863, 0.000929498637561, 0.000624829088338, 0.000242524460191, 0.000279138010228, 0.000325022643665, 0.000150705163833, 0.000237019150518, 0.000254830170888, 6.32980809314e-05, 4.3784162699e-05, 2.64340069407e-05, 3.12058182317e-05, 4.59384100395e-05, 3.55969241355e-05, 5.9010082623e-05, 4.66273486381e-05, 2.88755236397e-05, 3.19569662679e-05, 2.58223972196e-05, 1.55009402079e-05, 7.63099069445e-06, 5.96422660237e-06, 3.22142386722e-06, 1.65915139405e-06, 1.00522640878e-06, 8.85025940534e-07, 8.44754652007e-07, 8.73021861025e-07, 7.0691351084e-07, 9.77238187261e-07, 9.00432610251e-07, 7.46720559164e-07],
        "median": [0.000952869711909, 0.00246968772262, 0.00128816044889, 0.000406688981457, 0.000197839908651, 0.000180863091373, 0.000172057683812, 0.000201625676709, 0.00024884782033, 9.49877139647e-05, 5.13455815963e-05, 6.28605193924e-05, 4.91836908623e-05, 4.55321933259e-05, 5.5693268223e-05, 4.31119551649e-05, 1.4143603039e-05, 1.12221723612e-05, 1.07472642412e-05, 1.26699023895e-05, 1.36964254125e-05, 1.07109708551e-05, 1.51530866788e-05, 1.01465111584e-05, 9.46786167333e-06, 1.20781242003e-05, 6.50310812489e-06, 3.59910609404e-06, 2.70850387096e-06, 1.81912787411e-06, 1.26425197777e-06, 8.9799948455e-07, 6.29923988527e-07, 5.43807061604e-07, 5.39851953363e-07, 5.96532174768e-07, 4.43364370994e-07, 6.16691522737e-07, 5.56271345431e-07, 4.83482551772e-07],
        "min": [1.19836978882e-11, 1.61065397131e-11, 1.64433085204e-11, 1.03111399627e-11, 4.1716682192e-12, 2.05243135855e-12, 1.65070854121e-12, 2.02270492022e-12, 2.57845828022e-12, 3.08245573163e-12, 3.39491997882e-12, 3.32726532958e-12, 4.7788847532e-12, 2.36544742127e-11, 4.80737324948e-11, 3.99925682848e-11, 2.74205415318e-11, 1.47184885807e-11, 5.02213808734e-12, 4.57176874483e-12, 3.52881820986e-11, 2.24890744915e-10, 1.82444573338e-10, 9.94095153417e-11, 3.29010318989e-10, 1.743512279e-10, 4.20652471189e-11, 3.66667182727e-11, 1.35178717178e-11, 1.21446776247e-11, 2.8769063954e-12, 2.87848369272e-12, 3.167519632e-12, 1.63444761198e-11, 1.00204688297e-11, 2.86207125708e-12, 3.40193303215e-12, 1.57870483179e-12, 8.27501749848e-13, 6.7821876587e-13],
        "var": [1.5427129938e-06, 1.12093684947e-05, 3.16004184242e-06, 7.2542587759e-07, 5.76115041895e-07, 3.52589893282e-07, 6.45591057946e-07, 1.12063537472e-06, 2.94900223707e-06, 3.85995917895e-06, 1.27429825625e-06, 7.11240886631e-07, 7.51922357267e-07, 1.42518473467e-07, 3.66568173149e-07, 6.56753513795e-07, 6.09647941019e-08, 1.52579318069e-08, 1.67203839663e-09, 1.87235493776e-09, 6.1330664991e-09, 3.68213859403e-09, 1.16153771046e-08, 7.83607401189e-09, 2.21176121862e-09, 2.60797072826e-09, 2.26942242776e-09, 8.49320669349e-10, 1.75295875038e-10, 1.43151948628e-10, 2.88282991229e-11, 4.71807922592e-12, 1.31903515888e-12, 9.59168508508e-13, 9.32113544336e-13, 7.60475070503e-13, 6.22180746594e-13, 1.30709017828e-12, 1.27726540282e-12, 8.07274332017e-13]
    },
    "mfcc": {
        "dmean": [14.0251760483, 9.46509647369, 9.79473972321, 8.55689144135, 8.14916801453, 7.88385629654, 7.56451892853, 7.21438932419, 7.08246803284, 6.91692781448, 6.9608912468, 6.89410400391, 6.37004041672],
        "dmean2": [17.670042038, 15.1101703644, 15.1829147339, 13.6634178162, 13.3820209503, 12.8300428391, 12.6284761429, 11.9603061676, 11.8222789764, 11.3593969345, 11.4583625793, 11.3857307434, 10.4794034958],
        "dvar": [315.450866699, 57.0083618164, 69.054901123, 45.8811264038, 39.376625061, 37.2574272156, 34.5435256958, 30.6582794189, 28.832447052, 28.0346126556, 30.3269386292, 29.8706417084, 23.2494468689],
        "dvar2": [362.770690918, 133.238677979, 145.040206909, 113.858573914, 103.98084259, 97.1036834717, 93.4399337769, 84.8473205566, 79.7807693481, 78.649230957, 84.8082580566, 81.252822876, 61.7123718262],
        "max": [-496.567382812, 188.167251587, 69.0498199463, 75.926651001, 53.1238822937, 42.4190139771, 59.9124755859, 47.7333984375, 30.3589935303, 41.9399719238, 38.4570159912, 37.3960494995, 31.8332366943],
        "mean": [-607.41027832, 125.880531311, -1.24103879929, 23.733505249, 6.62012529373, -5.12729644775, 14.0038671494, 5.84400224686, -0.250739008188, 2.45209765434, 4.27919435501, 6.12225532532, 0.997167468071],
        "median": [-610.066833496, 126.333381653, 0.326892852783, 23.4507923126, 6.24254989624, -4.19955635071, 13.5408000946, 5.97079658508, -0.0279960632324, 2.16128730774, 4.43399810791, 6.09622764587, 1.11556053162],
        "min": [-1138.42004395, 1.14440917969e-05, -66.0072174072, -40.854019165, -40.4570541382, -55.786277771, -28.3484725952, -31.3403015137, -35.3095397949, -41.3962631226, -31.2387714386, -26.6494102478, -28.2635345459],
        "var": [2317.06274414, 301.434448242, 517.743896484, 317.621856689, 226.03553772, 223.43119812, 169.838043213, 126.762008667, 85.1019592285, 105.461204529, 94.6299285889, 88.0188980103, 73.8933029175],
        "cov": [[2317.95800781, 32.7601547241, -669.546936035, 29.7595024109, -295.669158936, -246.494415283, -131.485275269, -86.950340271, -34.1793403625, -24.9409179688, -56.6403121948, 3.47351574898, -70.883934021], [32.7601547241, 301.55090332, 9.82643795013, -94.0157852173, -58.4588241577, -3.01785898209, 13.9345912933, 1.67819738388, -14.977189064, 16.5864543915, 49.8524742126, -3.23999238014, -1.4485142231], [-669.546936035, 9.82643795013, 517.943908691, -24.2953948975, 172.661956787, 74.9269790649, 20.5920391083, 16.2149848938, 20.2998657227, 20.3347911835, 7.7588019371, -13.4125576019, 23.324552536], [29.7595024109, -94.0157852173, -24.2953948975, 317.744598389, 67.0201568604, -4.95211172104, -60.5884742737, -18.6216411591, 48.6551399231, 16.7393054962, -43.6265983582, -2.32851624489, 22.0594501495], [-295.669158936, -58.4588241577, 172.661956787, 67.0201568604, 226.122879028, 42.2432937622, 16.868522644, -12.6812105179, 20.8461914062, 25.2376613617, -14.3392715454, 2.78799724579, 6.28224420547], [-246.494415283, -3.01785898209, 74.9269790649, -4.95211172104, 42.2432937622, 223.517532349, 102.678649902, 38.6127967834, -17.6949253082, -8.83350563049, 38.1432418823, -5.22046899796, -16.0432338715], [-131.485275269, 13.9345912933, 20.5920391083, -60.5884742737, 16.868522644, 102.678649902, 169.903671265, 68.7780151367, -10.3897819519, -22.7688045502, 23.1064777374, 13.9005804062, -11.9986963272], [-86.950340271, 1.67819738388, 16.2149848938, -18.6216411591, -12.6812105179, 38.6127967834, 68.7780151367, 126.81098938, 23.3119182587, -18.7956695557, 9.35184764862, 10.4977865219, 7.07579994202], [-34.1793403625, -14.977189064, 20.2998657227, 48.6551399231, 20.8461914062, -17.6949253082, -10.3897819519, 23.3119182587, 85.1348419189, 38.6269607544, -4.10264492035, 1.59936356544, 7.35741949081], [-24.9409179688, 16.5864543915, 20.3347911835, 16.7393054962, 25.2376613617, -8.83350563049, -22.7688045502, -18.7956695557, 38.6269607544, 105.501953125, 28.2694187164, -3.52443671227, -1.4791175127], [-56.6403121948, 49.8524742126, 7.7588019371, -43.6265983582, -14.3392715454, 38.1432418823, 23.1064777374, 9.35184764862, -4.10264492035, 28.2694187164, 94.6664962769, 30.5961952209, -5.67577791214], [3.47351574898, -3.23999238014, -13.4125576019, -2.32851624489, 2.78799724579, -5.22046899796, 13.9005804062, 10.4977865219, 1.59936356544, -3.52443671227, 30.5961952209, 88.0529098511, 26.0459594727], [-70.883934021, -1.4485142231, 23.324552536, 22.0594501495, 6.28224420547, -16.0432338715, -11.9986963272, 7.07579994202, 7.35741949081, -1.4791175127, -5.67577791214, 26.0459594727, 73.9218597412]],
        "icov": [[0.000808151438832, -0.000141389391501, 0.000794192426838, -9.50515604927e-05, 0.000371651054593, 0.000421060656663, 0.000158456357894, 0.000176914749318, 0.000135650101583, -8.89817602001e-05, 0.000469428807264, -0.000345815147739, 0.000761133327615], [-0.000141389391501, 0.00416344730183, -0.000485852855491, 0.000693935900927, 0.000929639209062, 0.000417181116063, -0.000484403717564, 0.000222102011321, 0.000299067731248, -0.000482140138047, -0.00208648922853, 0.00107810623012, -0.000775606604293], [0.000794192426838, -0.000485852855491, 0.00384639413096, 0.000850900018122, -0.00224415841512, -0.000469649588922, 0.00102743087336, -0.000343941152096, -0.00056263623992, 0.000236832522205, 0.000104510632809, 0.000636967131868, -0.00058272795286], [-9.50515604927e-05, 0.000693935900927, 0.000850900018122, 0.00477221421897, -0.00155078235548, -0.00146727159154, 0.00206107273698, 0.000154814813868, -0.0024727343116, 0.000186971854419, 0.00135768589098, -0.000152371547301, -0.00122927501798], [0.000371651054593, 0.000929639209062, -0.00224415841512, -0.00155078235548, 0.00791870243847, -0.000223431285121, -0.00174731947482, 0.00178251601756, -7.63577991165e-05, -0.00186541839503, 0.00187514000572, -0.00159857200924, 0.00104726606514], [0.000421060656663, 0.000417181116063, -0.000469649588922, -0.00146727159154, -0.000223431285121, 0.00802156422287, -0.00436364812776, -0.000257260078797, 0.00201977463439, 0.000337943580234, -0.00337367900647, 0.00196504686028, 0.000928544846829], [0.000158456357894, -0.000484403717564, 0.00102743087336, 0.00206107273698, -0.00174731947482, -0.00436364812776, 0.0117310499772, -0.00482942024246, 0.000355887459591, 0.000924035091884, 0.000795202737208, -0.00198659743182, 0.00151516473852], [0.000176914749318, 0.000222102011321, -0.000343941152096, 0.000154814813868, 0.00178251601756, -0.000257260078797, -0.00482942024246, 0.0126160038635, -0.00578395463526, 0.00315432529896, -0.000921435072087, 0.000115517665108, -0.00143515469972], [0.000135650101583, 0.000299067731248, -0.00056263623992, -0.0024727343116, -7.63577991165e-05, 0.00201977463439, 0.000355887459591, -0.00578395463526, 0.0190789103508, -0.00781508535147, 0.00196690903977, -0.000885084911715, 0.000515197578352], [-8.89817602001e-05, -0.000482140138047, 0.000236832522205, 0.000186971854419, -0.00186541839503, 0.000337943580234, 0.000924035091884, 0.00315432529896, -0.00781508535147, 0.0153972553089, -0.00655642151833, 0.0027809208259, -0.000542695226613], [0.000469428807264, -0.00208648922853, 0.000104510632809, 0.00135768589098, 0.00187514000572, -0.00337367900647, 0.000795202737208, -0.000921435072087, 0.00196690903977, -0.00655642151833, 0.0189915653318, -0.00819670502096, 0.00331614399329], [-0.000345815147739, 0.00107810623012, 0.000636967131868, -0.000152371547301, -0.00159857200924, 0.00196504686028, -0.00198659743182, 0.000115517665108, -0.000885084911715, 0.0027809208259, -0.00819670502096, 0.016923205927, -0.00668558711186], [0.000761133327615, -0.000775606604293, -0.00058272795286, -0.00122927501798, 0.00104726606514, 0.000928544846829, 0.00151516473852, -0.00143515469972, 0.000515197578352, -0.000542695226613, 0.00331614399329, -0.00668558711186, 0.017837094143]]
    }
}

}