{
"metadata": {
    "version": {
        "essentia": "2.0.1",
        "extractor": "archive-music 1.0 mod ismir14"
    },
    "audio_properties": {
        "analysis_sample_rate": 44100,
        "bitrate": 32,
        "channels": 2,
        "equal_loudness": 0,
        "length": 30.0408172607,
        "replay_gain": -13.0509872437,
        "downmix": "mix"
    },
    "tags": {
        "track": 0,
        "year": 0,
        "album": "",
        "artist": "",
        "comment": "",
        "genre": "",
        "title": ""
    }
},
"rhythm": {
    "bpm": 172.265625,
    "bpm_histogram_first_peak": 172,
    "bpm_histogram_first_peak_spread": 0,
    "bpm_histogram_first_peak_weight": 0.441860467196,
    "bpm_histogram_second_peak": 178,
    "bpm_histogram_second_peak_spread": 0,
    "bpm_histogram_second_peak_weight": 0.430232554674
},
"tonal": {
    "tuning_frequency": {
        "dmean": 0.268033057451,
        "dmean2": 0.416456699371,
        "dvar": 3.35448241234,
        "dvar2": 4.28844499588,
        "max": 454.990661621,
        "mean": 440.347717285,
        "median": 440.763122559,
        "min": 433.441375732,
        "var": 17.8072242737
    },
    "hpcp": {
        "dmean": [0.229322299361, 0.153738051653, 0.230906963348, 0.252108812332, 0.115878231823, 0.211347132921, 0.261176496744, 0.275314331055, 0.17774836719, 0.11445800215, 0.245803430676, 0.0829449445009],
        "dmean2": [0.39295014739, 0.27444088459, 0.425730645657, 0.446106106043, 0.204735577106, 0.341228157282, 0.451425820589, 0.485418766737, 0.302312910557, 0.198609665036, 0.453239113092, 0.148513868451],
        "dvar": [0.0447864308953, 0.0326949432492, 0.0592494420707, 0.060389842838, 0.0282164178789, 0.0591564960778, 0.0643833428621, 0.0481034219265, 0.0404516123235, 0.0202285796404, 0.067682005465, 0.0149196358398],
        "dvar2": [0.123426623642, 0.0844176188111, 0.171105325222, 0.179641991854, 0.0790753290057, 0.140116080642, 0.147033706307, 0.121234245598, 0.099945306778, 0.0513489544392, 0.171447813511, 0.0438468009233],
        "max": [1, 1, 1, 1, 1, 1, 1, 1, 1, 1, 1, 1],
        "mean": [0.307349205017, 0.178542152047, 0.234663113952, 0.305396169424, 0.131860017776, 0.325018972158, 0.350544571877, 0.401089727879, 0.248093768954, 0.136748194695, 0.782735943794, 0.100043535233],
        "median": [0.24991735816, 0.115379996598, 0.1338391155, 0.212065294385, 0.0785110369325, 0.140547052026, 0.247923523188, 0.348834425211, 0.143857613206, 0.0825267881155, 0.999815225601, 0.0733527764678],
        "min": [0.0171419810504, 0.00619249697775, 0.00847410876304, 0.00818431377411, 0.00611038692296, 0.0202280320227, 0.0080040358007, 0.0137076610699, 0.00620723562315, 0.00421063927934, 0.142019629478, 0.00513958092779],
        "var": [0.0652536973357, 0.0380549244583, 0.0610345713794, 0.0719006508589, 0.025739999488, 0.110894382, 0.095352858305, 0.086418248713, 0.0672703459859, 0.0248143896461, 0.077797934413, 0.0109322071075]
    }
},
"lowlevel": {
    "melbands": {
        "dmean": [1.48730587171e-05, 6.32469309494e-05, 5.83770852245e-05, 3.86430547223e-05, 1.59157279995e-05, 2.87650327664e-05, 2.95161935355e-05, 3.60226767953e-05, 4.21981130785e-05, 2.33394439419e-05, 1.62039614224e-05, 1.06257757579e-05, 9.31983595365e-06, 5.16874115419e-06, 8.37987045088e-06, 4.95924041388e-06, 6.46791249892e-06, 3.89279057345e-06, 2.56542125499e-06, 2.37771723732e-06, 2.32931211031e-06, 2.31436024478e-06, 3.69266172129e-06, 3.90796549254e-06, 2.48602623287e-06, 1.55302132043e-06, 1.63966979017e-06, 1.0419469163e-06, 4.61490145653e-07, 4.12215484857e-07, 3.6378708046e-07, 1.82882516242e-07, 7.08802474492e-08, 4.78705750595e-08, 4.49737562747e-08, 3.65964609728e-08, 3.05897103203e-08, 2.64635175995e-08, 1.60875668342e-08, 7.76663267033e-09],
        "dmean2": [2.62857811322e-05, 0.000118853778986, 0.000104877493868, 7.02058168827e-05, 2.88244791591e-05, 5.20361209055e-05, 5.25111136085e-05, 6.5842665208e-05, 7.00775199221e-05, 4.13752677559e-05, 2.77015024039e-05, 1.92170264199e-05, 1.69077557075e-05, 8.99063797988e-06, 1.54044646479e-05, 8.82969470695e-06, 1.19055348478e-05, 6.85423037794e-06, 4.6431341616e-06, 3.89753904528e-06, 4.12149393014e-06, 4.09850463257e-06, 6.69266137265e-06, 6.65969037073e-06, 4.22655421062e-06, 2.63922834165e-06, 2.78802372122e-06, 1.78584014066e-06, 7.98748544639e-07, 7.45009060665e-07, 6.19561262738e-07, 3.19336209031e-07, 1.25412526586e-07, 8.40642613298e-08, 7.80878295359e-08, 6.19208364583e-08, 5.55518866463e-08, 4.59889655247e-08, 2.84194658917e-08, 1.43170577616e-08],
        "dvar": [4.68478034144e-10, 4.83612039304e-09, 2.87136159294e-09, 3.14950443503e-09, 2.08734363127e-10, 5.99938931867e-10, 7.23878845754e-10, 1.48663537036e-09, 6.675053843e-09, 3.77753828218e-09, 5.21333642922e-10, 6.32868812911e-10, 5.27501153869e-10, 1.13061261742e-10, 3.21785653679e-10, 7.40654412801e-11, 2.23981708181e-10, 5.26315518945e-11, 1.50598006288e-11, 2.68968475964e-11, 1.20070195106e-11, 1.00504075548e-11, 3.89518660382e-11, 4.49749334996e-11, 1.77097034953e-11, 7.80235338144e-12, 1.10016943472e-11, 5.24343762853e-12, 4.53579909092e-13, 6.42085451648e-13, 5.18650552193e-13, 1.23609957448e-13, 1.2332156814e-14, 5.2769767214e-15, 5.47150757861e-15, 1.77250961575e-15, 1.34513427178e-15, 5.97665971127e-16, 2.91277028157e-16, 1.05767323293e-16],
        "dvar2": [1.22268262182e-09, 1.58778608039e-08, 8.33048918736e-09, 8.72240768501e-09, 5.64987334695e-10, 1.93385463199e-09, 1.98055882805e-09, 3.93608345917e-09, 1.41072993287e-08, 1.04507780208e-08, 1.30455501957e-09, 1.74429293232e-09, 1.45760969961e-09, 3.2481001222e-10, 9.45147404785e-10, 2.11293954555e-10, 6.36182662106e-10, 1.32103536443e-10, 4.00257986477e-11, 6.43975359149e-11, 3.00041415324e-11, 2.82834190096e-11, 1.11977475903e-10, 1.19624310457e-10, 4.19939638618e-11, 2.09712889415e-11, 2.77654340491e-11, 1.36952784183e-11, 1.1197434039e-12, 1.59981121232e-12, 1.47869086767e-12, 3.45596598214e-13, 2.7262517737e-14, 1.14703312834e-14, 1.06285372349e-14, 3.37595463161e-15, 3.24631179211e-15, 1.5108953373e-15, 7.57964627054e-16, 2.71791644011e-16],
        "max": [0.000169229198946, 0.000417451985413, 0.000270974473096, 0.000337665929692, 8.64144603838e-05, 0.000148790306412, 0.000154797395226, 0.00015186163364, 0.000871928408742, 0.000512706872541, 0.000153672590386, 0.000141117605381, 0.000144169374835, 7.59791873861e-05, 0.000121186763863, 4.68688267574e-05, 9.17751458474e-05, 7.07838044036e-05, 2.49788754445e-05, 5.09976525791e-05, 2.24551349675e-05, 2.11742099054e-05, 3.1619470974e-05, 4.86899771204e-05, 3.36896118824e-05, 1.95674438146e-05, 2.51853998634e-05, 1.3932199181e-05, 4.95626318298e-06, 5.67708411836e-06, 4.77910862173e-06, 2.41727821049e-06, 7.00428699929e-07, 5.309374842e-07, 6.13314796283e-07, 3.68236186432e-07, 3.13878018687e-07, 2.07115363082e-07, 1.52809647602e-07, 1.01845664346e-07],
        "mean": [1.88477097254e-05, 7.32918560971e-05, 7.90086851339e-05, 4.1425719246e-05, 2.23335155169e-05, 4.08481355407e-05, 4.03797275794e-05, 3.0563922337e-05, 4.84559423057e-05, 2.46231284109e-05, 1.89779020729e-05, 8.90371666173e-06, 7.04887543179e-06, 4.78992069475e-06, 7.66569610278e-06, 4.2322558329e-06, 4.87755369249e-06, 3.91210596717e-06, 2.64263144345e-06, 2.2671329134e-06, 2.17167576011e-06, 2.22053222387e-06, 3.48351863977e-06, 3.78101640308e-06, 2.44729244514e-06, 2.04201592169e-06, 1.69328814081e-06, 9.90035118775e-07, 5.27138638517e-07, 4.34790109693e-07, 3.52592451236e-07, 2.17304972239e-07, 1.03875855473e-07, 8.35639610841e-08, 8.0826502824e-08, 6.66481412281e-08, 6.15256254832e-08, 4.40331504592e-08, 2.41136479673e-08, 1.28194432847e-08],
        "median": [1.30660600917e-05, 5.73336910747e-05, 6.556596054e-05, 2.74118629022e-05, 1.78042373591e-05, 3.6926176108e-05, 3.0871193303e-05, 1.57040612976e-05, 3.00286337733e-05, 1.37354008984e-05, 1.22309638755e-05, 2.77375124824e-06, 1.95841994355e-06, 1.97652047973e-06, 3.99165082854e-06, 1.88615592833e-06, 1.81591474302e-06, 1.36999801725e-06, 1.24578718896e-06, 9.70786345533e-07, 9.36335595725e-07, 8.26608754778e-07, 9.70007363321e-07, 7.5463583471e-07, 8.24409653433e-07, 6.94819277669e-07, 3.53099181893e-07, 3.35816253028e-07, 3.20175843171e-07, 1.96795866714e-07, 1.16612788759e-07, 9.11810644766e-08, 5.68604363593e-08, 5.34157855725e-08, 5.13501099419e-08, 4.4908038177e-08, 4.62495108877e-08, 3.19586312969e-08, 1.60927680071e-08, 9.47341938229e-09],
        "min": [1.83890938388e-06, 6.033513273e-06, 4.13004318034e-06, 3.68091764358e-06, 1.12476800496e-06, 6.86180101184e-07, 9.14403813113e-07, 5.55945916858e-07, 1.08414887734e-07, 1.08126052112e-07, 1.06729324045e-07, 2.51873508716e-08, 6.3490432467e-08, 1.54217900672e-07, 4.24063770765e-08, 3.31230900485e-08, 3.88467640278e-08, 1.6772890632e-08, 1.53267354364e-08, 2.23805205479e-08, 3.2789913007e-08, 3.70314729992e-08, 3.32797860381e-08, 1.99666772005e-08, 3.1301407688e-08, 3.65740469022e-08, 1.1184381421e-08, 7.5951618328e-09, 4.31098889919e-08, 1.95279277193e-08, 9.06850861071e-09, 7.10295422479e-09, 6.92307411398e-09, 3.66304608868e-09, 2.95386715088e-09, 5.23194332303e-09, 4.08589606593e-09, 4.62183491479e-09, 2.91887758408e-09, 1.10267228681e-09],
        "var": [4.20926654643e-10, 3.78853748373e-09, 2.63178501214e-09, 2.25821583655e-09, 2.90401785952e-10, 7.69877439577e-10, 1.02265207413e-09, 1.1602964145e-09, 7.24391036044e-09, 2.42056463762e-09, 5.51798606807e-10, 4.52540005469e-10, 3.60007357258e-10, 7.64227917061e-11, 2.01095667896e-10, 5.42452194274e-11, 1.391162463e-10, 6.62238458515e-11, 1.45200605012e-11, 2.46972130247e-11, 1.24280204183e-11, 1.05007105441e-11, 3.84570014722e-11, 5.25675648844e-11, 1.87204488022e-11, 1.05583718851e-11, 1.21021907773e-11, 4.27923148305e-12, 4.67495887922e-13, 5.90842424899e-13, 4.52682162588e-13, 1.09230651596e-13, 1.61252237149e-14, 8.22562419518e-15, 9.26255684701e-15, 4.1055212615e-15, 2.17627179874e-15, 1.18354706698e-15, 4.93807820392e-16, 1.29975974911e-16]
    },
    "mfcc": {
        "dmean": [32.0429763794, 11.5726623535, 17.3250160217, 9.13979053497, 10.4802961349, 9.69209289551, 10.544090271, 7.21296691895, 6.14765119553, 6.83139896393, 6.26367616653, 6.55308914185, 6.70098876953],
        "dmean2": [56.4203720093, 19.2833480835, 27.348192215, 15.1875257492, 18.5454730988, 16.4890098572, 17.9768238068, 12.6420125961, 10.394452095, 11.0317659378, 10.2711801529, 10.8893213272, 10.9755086899],
        "dvar": [755.03137207, 102.018821716, 145.974700928, 87.8261184692, 71.5299301147, 61.5790672302, 87.7056808472, 29.0796375275, 32.7294158936, 31.2928714752, 27.0550727844, 25.1193523407, 27.6311912537],
        "dvar2": [1646.90820312, 214.590042114, 425.039367676, 200.747116089, 184.431549072, 165.005569458, 230.752380371, 93.5379486084, 85.709815979, 88.9061584473, 68.6601028442, 69.9268569946, 70.2611160278],
        "max": [-656.434448242, 152.265838623, 30.3137817383, 70.2818145752, 24.8383293152, 21.4954319, 30.0224494934, 21.5724563599, 9.47733688354, 28.725894928, 26.2097415924, 20.5013580322, 9.89797401428],
        "mean": [-750.069519043, 124.514884949, -5.74213266373, 25.3359680176, -6.93796730042, -5.97121715546, -4.10588121414, -0.0960901305079, -5.11406517029, 6.34969377518, 0.708641946316, 3.12799501419, -7.35426664352],
        "median": [-755.154846191, 128.956420898, -4.54029464722, 23.6015548706, -9.6280708313, -5.23014068604, -5.60529899597, -0.963684082031, -4.42443275452, 7.42058372498, 0.909015655518, 3.26160812378, -6.50065422058],
        "min": [-929.095458984, 71.4132080078, -57.8646125793, -11.198059082, -35.2368545532, -34.1716156006, -21.9194583893, -16.526348114, -31.2591838837, -27.3378829956, -17.0235176086, -11.6217002869, -33.5830917358],
        "var": [1340.33630371, 330.680908203, 348.851806641, 163.815872192, 123.637878418, 91.2088546753, 123.305931091, 54.6094055176, 56.7836303711, 64.4975967407, 44.2835884094, 39.7005386353, 59.6824913025],
        "cov": [[1348.60998535, -363.215881348, -534.247802734, 80.1003494263, 26.3195400238, -99.1580429077, 5.80248355865, 43.5839195251, -41.2378425598, -44.2313194275, 45.4917907715, -13.3755064011, -78.6476287842], [-363.215881348, 332.722137451, 165.581802368, -145.223693848, -81.8139648438, 54.2331581116, 0.337818562984, -54.3972015381, 29.5485267639, 37.2518196106, 9.11553287506, 34.880695343, 34.2355537415], [-534.247802734, 165.581802368, 351.005218506, 4.52862215042, 1.81088256836, 39.22290802, -18.7289810181, -10.5122556686, 24.9310207367, 10.6418905258, -14.9811153412, 1.17015373707, 38.999835968], [80.1003494263, -145.223693848, 4.52862215042, 164.827087402, 87.7794799805, -53.1371459961, -34.9046058655, 22.1370544434, -9.92766952515, -13.9911355972, -6.78941679001, -22.8630981445, -5.80087900162], [26.3195400238, -81.8139648438, 1.81088256836, 87.7794799805, 124.401077271, -27.627538681, -41.9115524292, 19.8554935455, -6.88537359238, -7.34216928482, -14.9870996475, -16.1672325134, -0.196099087596], [-99.1580429077, 54.2331581116, 39.22290802, -53.1371459961, -27.627538681, 91.7718734741, 64.9116592407, 3.18820762634, -0.340576201677, -19.3308811188, -6.57095003128, -1.30352330208, -19.5548858643], [5.80248355865, 0.337818562984, -18.7289810181, -34.9046058655, -41.9115524292, 64.9116592407, 124.067077637, 26.0000896454, -30.9735298157, -30.6736946106, -13.815738678, 1.55968046188, -17.745092392], [43.5839195251, -54.3972015381, -10.5122556686, 22.1370544434, 19.8554935455, 3.18820762634, 26.0000896454, 54.9464988708, -4.52853250504, -28.147819519, -6.83539628983, -5.77631950378, -6.47246551514], [-41.2378425598, 29.5485267639, 24.9310207367, -9.92766952515, -6.88537359238, -0.340576201677, -30.9735298157, -4.52853250504, 57.1341438293, 24.4653244019, -1.41844666004, -4.44164228439, 0.300094783306], [-44.2313194275, 37.2518196106, 10.6418905258, -13.9911355972, -7.34216928482, -19.3308811188, -30.6736946106, -28.147819519, 24.4653244019, 64.8957290649, 9.88170051575, -5.06639146805, 11.9864215851], [45.4917907715, 9.11553287506, -14.9811153412, -6.78941679001, -14.9870996475, -6.57095003128, -13.815738678, -6.83539628983, -1.41844666004, 9.88170051575, 44.5569458008, 13.5199642181, -8.6160364151], [-13.3755064011, 34.880695343, 1.17015373707, -22.8630981445, -16.1672325134, -1.30352330208, 1.55968046188, -5.77631950378, -4.44164228439, -5.06639146805, 13.5199642181, 39.945602417, 19.4693908691], [-78.6476287842, 34.2355537415, 38.999835968, -5.80087900162, -0.196099087596, -19.5548858643, -17.745092392, -6.47246551514, 0.300094783306, 11.9864215851, -8.6160364151, 19.4693908691, 60.0509033203]],
        "icov": [[0.00228524231352, 0.000579436367843, 0.00296573177911, -0.000340345082805, 0.00010732816736, 0.00121560087427, -0.000428471335908, 0.000143687662785, -0.000863068678882, 0.00156913360115, -0.00199997029267, 0.000815517094452, 0.000128461164422], [0.000579436367843, 0.0102166002616, -0.00386408995837, 0.00782217457891, -0.000664573686663, 0.000874148972798, -0.00110072491225, 0.00568273477256, -0.00228297291324, -7.01720346115e-05, -0.00158198759891, -0.00301882415079, -0.000453656452009], [0.00296573177911, -0.00386408995837, 0.0100126145408, -0.00601752707735, 0.00167009176221, -0.00392941944301, 0.00257134973072, -0.00301380222663, -0.000311433104798, 0.00132359657437, -0.00120989081915, 0.00272147660144, -0.00315451808274], [-0.000340345082805, 0.00782217457891, -0.00601752707735, 0.0207981653512, -0.00988246593624, 0.0118069415912, -0.0062650879845, 0.00688578560948, -0.00434572156519, 0.005973582156, -0.00544633390382, 0.00477471156046, 0.000215167412534], [0.00010732816736, -0.000664573686663, 0.00167009176221, -0.00988246593624, 0.0196290537715, -0.00950291659683, 0.0136502180248, -0.0110244303942, 0.0096870418638, -0.00688550341874, 0.0103636048734, -0.00406857253984, 0.00242717633955], [0.00121560087427, 0.000874148972798, -0.00392941944301, 0.0118069415912, -0.00950291659683, 0.0362856686115, -0.0224679354578, 0.0128775229678, -0.0137324510142, 0.0144249089062, -0.00876418408006, 0.00751614291221, 0.00481487438083], [-0.000428471335908, -0.00110072491225, 0.00257134973072, -0.0062650879845, 0.0136502180248, -0.0224679354578, 0.0318193100393, -0.0189726129174, 0.0198065489531, -0.0113258296624, 0.0157515928149, -0.00917336437851, 0.00527293886989], [0.000143687662785, 0.00568273477256, -0.00301380222663, 0.00688578560948, -0.0110244303942, 0.0128775229678, -0.0189726129174, 0.0401050560176, -0.0166754946113, 0.0197281092405, -0.0116701051593, 0.00916287116706, -0.00605512643233], [-0.000863068678882, -0.00228297291324, -0.000311433104798, -0.00434572156519, 0.0096870418638, -0.0137324510142, 0.0198065489531, -0.0166754946113, 0.035669002682, -0.0186574626714, 0.0144074009731, -0.00746826361865, 0.00760333845392], [0.00156913360115, -7.01720346115e-05, 0.00132359657437, 0.005973582156, -0.00688550341874, 0.0144249089062, -0.0113258296624, 0.0197281092405, -0.0186574626714, 0.0374801121652, -0.017602244392, 0.0188215970993, -0.010748851113], [-0.00199997029267, -0.00158198759891, -0.00120989081915, -0.00544633390382, 0.0103636048734, -0.00876418408006, 0.0157515928149, -0.0116701051593, 0.0144074009731, -0.017602244392, 0.0438746549189, -0.0244194231927, 0.0167725924402], [0.000815517094452, -0.00301882415079, 0.00272147660144, 0.00477471156046, -0.00406857253984, 0.00751614291221, -0.00917336437851, 0.00916287116706, -0.00746826361865, 0.0188215970993, -0.0244194231927, 0.0512495413423, -0.0216450504959], [0.000128461164422, -0.000453656452009, -0.00315451808274, 0.000215167412534, 0.00242717633955, 0.00481487438083, 0.00527293886989, -0.00605512643233, 0.00760333845392, -0.010748851113, 0.0167725924402, -0.0216450504959, 0.0331619232893]]
    }
}

}