{
"metadata": {
    "version": {
        "essentia": "2.0.1",
        "extractor": "archive-music 1.0 mod ismir14"
    },
    "audio_properties": {
        "analysis_sample_rate": 44100,
        "bitrate": 32,
        "channels": 2,
        "equal_loudness": 0,
        "length": 30.0408172607,
        "replay_gain": -13.2441959381,
        "downmix": "mix"
    },
    "tags": {
        "track": 0,
        "year": 0,
        "album": "",
        "artist": "",
        "comment": "",
        "genre": "",
        "title": ""
    }
},
"rhythm": {
    "bpm": 90.2969741821,
    "bpm_histogram_first_peak": 91,
    "bpm_histogram_first_peak_spread": 0.365853667259,
    "bpm_histogram_first_peak_weight": 0.604651153088,
    "bpm_histogram_second_peak": 85,
    "bpm_histogram_second_peak_spread": 0,
    "bpm_histogram_second_peak_weight": 0.0465116277337
},
"tonal": {
    "tuning_frequency": {
        "dmean": 0.05645243451,
        "dmean2": 0.0990371257067,
        "dvar": 0.121202550828,
        "dvar2": 0.206341266632,
        "max": 454.465301514,
        "mean": 452.280059814,
        "median": 452.37008667,
        "min": 450.024475098,
        "var": 0.958593904972
    },
    "hpcp": {
        "dmean": [0.28402787447, 0.0920883640647, 0.14929112792, 0.171802580357, 0.43091455102, 0.299518734217, 0.140106022358, 0.317297339439, 0.129349648952, 0.0997460484505, 0.114621564746, 0.162723183632],
        "dmean2": [0.49091348052, 0.15489384532, 0.24178622663, 0.319016754627, 0.76937097311, 0.533737659454, 0.233808293939, 0.517475605011, 0.222799673676, 0.178609266877, 0.201769098639, 0.288474410772],
        "dvar": [0.092855244875, 0.0166357010603, 0.0243437085301, 0.0598128326237, 0.0921584591269, 0.0869493111968, 0.0207068882883, 0.0851846560836, 0.0246173497289, 0.0173216108233, 0.0249484889209, 0.0350854210556],
        "dvar2": [0.157473027706, 0.0382742956281, 0.0595429800451, 0.169070988894, 0.249611988664, 0.226900875568, 0.0523497648537, 0.190678432584, 0.0747102871537, 0.0493302568793, 0.0687511563301, 0.0998220145702],
        "max": [1, 0.91569018364, 1, 1, 1, 1, 0.8200725317, 1, 1, 1, 1, 1],
        "mean": [0.538169264793, 0.0983893051744, 0.182199195027, 0.154052495956, 0.466502010822, 0.345723450184, 0.150625273585, 0.434605181217, 0.117358736694, 0.101538725197, 0.113340437412, 0.159942522645],
        "median": [0.467227131128, 0.0532724075019, 0.116094827652, 0.0697963163257, 0.322803080082, 0.192036688328, 0.0883184075356, 0.316044181585, 0.0658812075853, 0.0647099539638, 0.0683594718575, 0.0964013561606],
        "min": [0.00850517768413, 0.00258984509856, 0.00902714766562, 0.00503216683865, 0.0121245207265, 0.00561610981822, 0.00575499143451, 0.00595857249573, 0.00160201103427, 0.00410025194287, 0.00420669745654, 0.00477790646255],
        "var": [0.15753890574, 0.0185347758234, 0.0380304902792, 0.0507984869182, 0.130324795842, 0.126996189356, 0.028348185122, 0.145992845297, 0.0212253108621, 0.014344680123, 0.0200491454452, 0.0325736664236]
    }
},
"lowlevel": {
    "melbands": {
        "dmean": [6.9198460551e-05, 0.000176763962372, 5.04858071508e-05, 3.15973993565e-05, 2.85616661131e-05, 2.12468294194e-05, 2.77878752968e-05, 4.28415914939e-05, 7.39911265555e-05, 5.54245343665e-05, 2.25133826461e-05, 2.58679192484e-05, 3.13564341923e-05, 1.03877273432e-05, 1.78005029738e-05, 2.18916957238e-05, 5.64586980545e-06, 3.71130431631e-06, 1.55971338245e-06, 1.80660049409e-06, 3.35800132234e-06, 2.41241286858e-06, 4.50170500699e-06, 3.56797681889e-06, 1.90850619219e-06, 2.29739521274e-06, 2.02035698749e-06, 1.23437416732e-06, 5.20237733781e-07, 4.59522539131e-07, 2.12312173176e-07, 8.25103469992e-08, 4.62115110622e-08, 4.16361913835e-08, 3.93366192952e-08, 3.64659271668e-08, 3.37509646897e-08, 4.62421674285e-08, 4.51659509793e-08, 3.3514474751e-08],
        "dmean2": [0.000109105953015, 0.000282883556793, 9.00485756574e-05, 5.56136546948e-05, 5.1730996347e-05, 3.86255051126e-05, 4.74896805827e-05, 8.09820121503e-05, 0.000136833623401, 0.000103100159322, 4.37663838966e-05, 4.88277837576e-05, 5.71317577851e-05, 1.95486045413e-05, 3.22739797411e-05, 3.97907424485e-05, 1.06211664388e-05, 6.89409807819e-06, 2.81992720375e-06, 3.17916101267e-06, 6.10066263107e-06, 4.44237321062e-06, 8.49931984703e-06, 6.58965109324e-06, 3.50039317709e-06, 4.27484292231e-06, 3.72249451175e-06, 2.24754853662e-06, 9.66035713645e-07, 8.70666667652e-07, 3.91349487927e-07, 1.50184419567e-07, 8.68968328405e-08, 7.62270602195e-08, 7.12358385613e-08, 6.56232543861e-08, 6.25033393931e-08, 8.41313507749e-08, 8.29782180745e-08, 6.14701320956e-08],
        "dvar": [2.27124652419e-09, 1.69587295318e-08, 2.73983724597e-09, 6.20789808448e-10, 1.40208300525e-09, 4.44442760372e-10, 1.97973526461e-09, 3.54224671817e-09, 7.67986296779e-09, 1.58596140665e-08, 1.0035183351e-08, 2.01136796107e-09, 3.46856743327e-09, 2.30530136647e-10, 6.03162686463e-10, 1.32343080939e-09, 4.11024020375e-10, 6.37767616496e-11, 2.98589928824e-12, 1.86523019252e-12, 1.00795908078e-11, 5.69481137594e-12, 2.29637246718e-11, 9.5753491941e-12, 2.85337899142e-12, 4.93558796263e-12, 4.10345065219e-12, 1.55021113134e-12, 2.72374191344e-13, 2.42380036397e-13, 3.6868569314e-14, 6.21077252399e-15, 1.82147955505e-15, 1.24520640686e-15, 1.02476502354e-15, 1.28628782244e-15, 1.1445724341e-15, 2.52025314917e-15, 2.23377495971e-15, 1.49035214135e-15],
        "dvar2": [5.66856250828e-09, 4.94806400297e-08, 7.5267960753e-09, 1.66905655963e-09, 3.63422403282e-09, 1.0072722656e-09, 5.02201480401e-09, 1.03859099099e-08, 2.2333548344e-08, 4.49756285548e-08, 3.01959630633e-08, 5.95417315452e-09, 9.7239780672e-09, 6.70236754985e-10, 1.57832491521e-09, 3.67911967558e-09, 1.23061472124e-09, 1.85862311652e-10, 8.69882464671e-12, 5.36199600346e-12, 2.61216256958e-11, 1.6408669562e-11, 6.40677302877e-11, 2.54813531386e-11, 8.25248203107e-12, 1.34323359727e-11, 1.14187756473e-11, 4.40619025641e-12, 7.68849122822e-13, 6.79452371102e-13, 1.11989878363e-13, 1.98510539875e-14, 5.43261436677e-15, 3.53964501922e-15, 2.9781498431e-15, 3.8158762276e-15, 3.63318053824e-15, 7.83890791498e-15, 6.87863132136e-15, 4.54237850404e-15],
        "max": [0.000273112091236, 0.000837167608552, 0.000427112128818, 0.000188152713235, 0.00031738623511, 0.000164141660207, 0.000442315329565, 0.000299531850033, 0.000504873634782, 0.000971947098151, 0.000911549606826, 0.000273911951808, 0.000344604224665, 8.0792378867e-05, 0.000133328896482, 0.000169855731656, 0.000183704469237, 5.26470685145e-05, 1.40552165249e-05, 6.6530692493e-06, 1.73934877239e-05, 1.15951679618e-05, 2.3703190891e-05, 1.64595585375e-05, 9.17330362427e-06, 1.35721256811e-05, 1.17028694149e-05, 8.21768026071e-06, 2.94370579468e-06, 3.24239817928e-06, 1.19245999031e-06, 6.52701089621e-07, 2.55908275903e-07, 2.38586380874e-07, 1.86416002634e-07, 2.0909952525e-07, 1.70938193378e-07, 2.98909981211e-07, 2.90513298751e-07, 2.87475046434e-07],
        "mean": [0.000102843994682, 0.000272138568107, 8.76358026289e-05, 4.15322538174e-05, 2.79444593616e-05, 2.26859410759e-05, 2.93391094601e-05, 3.66414169548e-05, 6.15234457655e-05, 3.87991676689e-05, 1.55726902449e-05, 1.90151567949e-05, 2.17703072849e-05, 8.68608003657e-06, 1.49031393448e-05, 1.60760209837e-05, 4.09367885368e-06, 2.95587824439e-06, 1.63877348314e-06, 1.97226700038e-06, 2.94963865599e-06, 2.17226852328e-06, 3.80964002034e-06, 2.97952078654e-06, 1.82848043551e-06, 2.0438676529e-06, 1.65374001426e-06, 1.0097124914e-06, 4.84013639834e-07, 3.83264989523e-07, 2.04512730306e-07, 1.04275109436e-07, 6.47326459102e-08, 5.79048595739e-08, 5.56525101558e-08, 5.65858080392e-08, 4.56303723695e-08, 6.26798666303e-08, 5.73356686573e-08, 4.7575639428e-08],
        "median": [9.35739226406e-05, 0.000236202060478, 7.64320720918e-05, 3.25678702211e-05, 1.67953221535e-05, 1.57202121045e-05, 1.66372756212e-05, 1.92256866285e-05, 3.01626314467e-05, 9.33789760893e-06, 5.83886003369e-06, 6.99607926435e-06, 4.15552585764e-06, 3.8195084926e-06, 6.08829168414e-06, 4.70332270197e-06, 1.50039602431e-06, 1.21790242247e-06, 1.12033103505e-06, 1.53643907197e-06, 1.69378961346e-06, 1.30282705868e-06, 2.16058288061e-06, 1.66704762705e-06, 1.38099926517e-06, 1.24467476326e-06, 8.46564034873e-07, 5.3080265161e-07, 3.35819066777e-07, 2.1367046088e-07, 1.48837742131e-07, 8.55268496025e-08, 5.4104194902e-08, 4.70545771236e-08, 4.6972715495e-08, 4.99279586563e-08, 3.7917441631e-08, 4.94594907252e-08, 4.47342678456e-08, 3.78496629594e-08],
        "min": [4.6318382374e-06, 1.21143002616e-05, 5.89732962908e-06, 5.43264468433e-06, 1.98018324227e-06, 1.59207888828e-06, 1.60300373864e-06, 1.83662484687e-06, 1.41427528888e-06, 5.91702928432e-07, 5.22083666965e-07, 4.20311806693e-07, 3.31755359184e-07, 5.53324412067e-07, 2.85945077394e-07, 2.48727388907e-07, 1.04655008215e-07, 2.09377006399e-07, 1.51165210127e-07, 2.01110296416e-07, 2.29049149425e-07, 1.52994360292e-07, 1.86608389185e-07, 2.01456586524e-07, 2.1936450878e-07, 2.70387744195e-07, 8.22613657192e-08, 4.88426614709e-08, 4.91915379541e-08, 3.79687179475e-08, 1.96647800266e-08, 1.54208201764e-08, 1.19614691485e-08, 1.29468364918e-08, 1.14072742363e-08, 9.5734753458e-09, 7.31245952679e-09, 1.05016839669e-08, 5.50549072997e-09, 5.80117065496e-09],
        "var": [4.04956024269e-09, 3.21765476485e-08, 3.42858186286e-09, 8.67812155469e-10, 1.21273224796e-09, 5.63780355733e-10, 1.8358935483e-09, 2.58593146896e-09, 6.83275658275e-09, 9.80729364386e-09, 5.18401099825e-09, 1.33156263793e-09, 2.37162223193e-09, 1.71112068958e-10, 4.80341488807e-10, 9.45288958221e-10, 2.16863027536e-10, 3.97414323672e-11, 2.65552293696e-12, 2.36196132097e-12, 9.44697618743e-12, 5.13492200149e-12, 1.81568770435e-11, 9.31362365703e-12, 2.63280217939e-12, 4.1648108573e-12, 3.39509735429e-12, 1.30966168899e-12, 2.2694265087e-13, 1.84743130624e-13, 3.38599184498e-14, 6.40645534601e-15, 1.89303202799e-15, 1.39481222474e-15, 1.0878376379e-15, 1.06675308201e-15, 1.00573642838e-15, 2.25027092636e-15, 1.92584841371e-15, 1.24615878953e-15]
    },
    "mfcc": {
        "dmean": [43.2395896912, 11.4331102371, 19.7852077484, 12.7774496078, 11.1594600677, 11.5505275726, 9.94236183167, 8.1045665741, 5.17882633209, 6.38324069977, 6.82451581955, 6.05034255981, 5.95030069351],
        "dmean2": [79.6885604858, 18.8520755768, 33.5418624878, 20.5212421417, 19.6288928986, 19.5497627258, 15.8659791946, 13.5313863754, 8.51783275604, 10.7309522629, 11.0831069946, 10.1528558731, 10.1727695465],
        "dvar": [824.061645508, 71.7638320923, 170.196090698, 108.217582703, 67.4918060303, 86.087020874, 69.8163070679, 47.9595031738, 15.1562337875, 25.6716003418, 26.626745224, 19.0281906128, 15.7667913437],
        "dvar2": [2728.82128906, 203.255493164, 590.225036621, 293.738708496, 207.140426636, 251.623016357, 191.964431763, 137.244049072, 41.4797058105, 69.4646759033, 72.6025161743, 56.8875732422, 44.7615470886],
        "max": [-667.764831543, 153.625442505, 31.3126411438, 59.1896362305, 32.2091369629, 21.0436859131, 42.5690307617, 37.0394439697, 13.3807563782, 23.6455211639, 21.1762676239, 25.6925983429, 14.6405181885],
        "mean": [-735.524597168, 126.871047974, -6.1870136261, 24.8705253601, 5.74339151382, -6.51809358597, 14.6031713486, 5.96174716949, 0.920725643635, 3.55542850494, 5.63653802872, 8.17816352844, 0.967043161392],
        "median": [-735.097045898, 128.31552124, -8.46597671509, 23.4738464355, 4.19401168823, -6.36210250854, 14.4979324341, 6.05348396301, 1.37756729126, 2.99259185791, 5.29987335205, 8.4075050354, 0.935514450073],
        "min": [-823.178100586, 96.2398986816, -40.06690979, -10.695186615, -22.2428245544, -31.72838974, -7.54985618591, -15.3106479645, -15.424451828, -15.5659713745, -9.2811832428, -7.43280029297, -14.9895334244],
        "var": [989.967407227, 137.007766724, 275.690551758, 211.749908447, 109.700942993, 102.328277588, 95.2611541748, 69.5308761597, 30.2234611511, 53.9316711426, 44.3031806946, 36.4397850037, 30.0503082275],
        "cov": [[996.078308105, -15.4010505676, -374.093383789, -7.61967277527, -174.00213623, -108.662361145, -34.8679656982, -34.0824584961, -31.4370059967, -23.5447597504, -34.1138496399, -8.49245452881, -43.4364852905], [-15.4010505676, 137.853485107, 13.0099830627, -108.397644043, -39.0232048035, 11.2516031265, 21.7493648529, 12.3105211258, -17.9277458191, 0.374809533358, 42.5778770447, 4.8135099411, -3.57396745682], [-374.093383789, 13.0099830627, 277.392333984, -29.0296821594, 105.124900818, 25.1824054718, -8.58184623718, 0.973082184792, 14.2570486069, 20.8191585541, 2.88839673996, -13.7414932251, 17.1942367554], [-7.61967277527, -108.397644043, -29.0296821594, 213.057006836, 40.7156867981, -14.6829032898, -53.1684684753, -23.5164375305, 36.676864624, 18.5907154083, -39.8696174622, -4.74016904831, 19.3458061218], [-174.00213623, -39.0232048035, 105.124900818, 40.7156867981, 110.378112793, 7.14632844925, -5.15889215469, -20.5469169617, 19.4781990051, 26.7129364014, -8.28233909607, -1.26396632195, 4.30035734177], [-108.662361145, 11.2516031265, 25.1824054718, -14.6829032898, 7.14632844925, 102.959938049, 55.2838897705, 23.7007865906, -9.27482032776, -3.60216784477, 31.5522727966, -1.65412974358, -15.2398519516], [-34.8679656982, 21.7493648529, -8.58184623718, -53.1684684753, -5.15889215469, 55.2838897705, 95.8491897583, 42.8640785217, -8.37031936646, -14.3775863647, 25.7658691406, 15.1912136078, -13.7727394104], [-34.0824584961, 12.3105211258, 0.973082184792, -23.5164375305, -20.5469169617, 23.7007865906, 42.8640785217, 69.9600830078, 3.07362413406, -18.3444061279, 10.3582925797, 12.1141471863, 6.10530281067], [-31.4370059967, -17.9277458191, 14.2570486069, 36.676864624, 19.4781990051, -9.27482032776, -8.37031936646, 3.07362413406, 30.4100265503, 22.1318073273, -5.33939123154, 1.88544797897, 6.15297603607], [-23.5447597504, 0.374809533358, 20.8191585541, 18.5907154083, 26.7129364014, -3.60216784477, -14.3775863647, -18.3444061279, 22.1318073273, 54.2645835876, 11.8759336472, -3.29182481766, -2.49820637703], [-34.1138496399, 42.5778770447, 2.88839673996, -39.8696174622, -8.28233909607, 31.5522727966, 25.7658691406, 10.3582925797, -5.33939123154, 11.8759336472, 44.5766563416, 12.0862627029, -8.86620140076], [-8.49245452881, 4.8135099411, -13.7414932251, -4.74016904831, -1.26396632195, -1.65412974358, 15.1912136078, 12.1141471863, 1.88544797897, -3.29182481766, 12.0862627029, 36.6647224426, 10.5861434937], [-43.4364852905, -3.57396745682, 17.1942367554, 19.3458061218, 4.30035734177, -15.2398519516, -13.7727394104, 6.10530281067, 6.15297603607, -2.49820637703, -8.86620140076, 10.5861434937, 30.2358036041]],
        "icov": [[0.00284537533298, 0.000392221292714, 0.00282982224599, 0.000500316440593, 0.00179176381789, 0.00200191233307, 0.000157413465786, 5.34200116817e-05, 0.00181015266571, -0.00180412654299, 0.00224587204866, -0.000117911200505, 0.00320217688568], [0.000392221292714, 0.0173589047045, -0.000878487713635, 0.00618766527623, 0.00480394763872, 0.00252505973913, -0.000361081853043, 0.00191920285579, -0.000503138115164, -1.27720650198e-05, -0.0144990151748, 0.00479812035337, -0.00663690036163], [0.00282982224599, -0.000878487713635, 0.012138010934, 0.00478584645316, -0.00869504082948, -0.00162707793061, 0.00462201330811, -0.00261361082084, -0.00159281806555, -0.000118632517115, 0.00160504376981, 0.00520891183987, -0.00399226881564], [0.000500316440593, 0.00618766527623, 0.00478584645316, 0.0134445140138, -0.00348388473503, -0.00556128658354, 0.00651570549235, 0.00138074660208, -0.0113280024379, 0.00122898537666, 0.00193714699708, 0.00138450833037, -0.00700195413083], [0.00179176381789, 0.00480394763872, -0.00869504082948, -0.00348388473503, 0.0261866953224, 0.00217728829011, -0.00731010036543, 0.00837170239538, -0.000436383241322, -0.00756731070578, 0.00473282951862, -0.00655737798661, 0.00581554463133], [0.00200191233307, 0.00252505973913, -0.00162707793061, -0.00556128658354, 0.00217728829011, 0.024254290387, -0.0117781003937, -0.00141351518687, 0.00888617150486, 0.000945763662457, -0.0159349497408, 0.00874889642, 0.00502758659422], [0.000157413465786, -0.000361081853043, 0.00462201330811, 0.00651570549235, -0.00731010036543, -0.0117781003937, 0.0286129489541, -0.0120951561257, -0.00276810117066, 0.00287932832725, 0.00220680283383, -0.00875872187316, 0.00847996398807], [5.34200116817e-05, 0.00191920285579, -0.00261361082084, 0.00138074660208, 0.00837170239538, -0.00141351518687, -0.0120951561257, 0.0303779002279, -0.019348654896, 0.012115387246, -0.00560151599348, 0.000874151533935, -0.00965032540262], [0.00181015266571, -0.000503138115164, -0.00159281806555, -0.0113280024379, -0.000436383241322, 0.00888617150486, -0.00276810117066, -0.019348654896, 0.0833196043968, -0.0386749133468, 0.0148861575872, -0.00769794359803, 0.0047911577858], [-0.00180412654299, -1.27720650198e-05, -0.000118632517115, 0.00122898537666, -0.00756731070578, 0.000945763662457, 0.00287932832725, 0.012115387246, -0.0386749133468, 0.0482736006379, -0.0277533214539, 0.0105872498825, -0.00288017350249], [0.00224587204866, -0.0144990151748, 0.00160504376981, 0.00193714699708, 0.00473282951862, -0.0159349497408, 0.00220680283383, -0.00560151599348, 0.0148861575872, -0.0277533214539, 0.0726163685322, -0.0290000960231, 0.0189165472984], [-0.000117911200505, 0.00479812035337, 0.00520891183987, 0.00138450833037, -0.00655737798661, 0.00874889642, -0.00875872187316, 0.000874151533935, -0.00769794359803, 0.0105872498825, -0.0290000960231, 0.0506947897375, -0.0260858684778], [0.00320217688568, -0.00663690036163, -0.00399226881564, -0.00700195413083, 0.00581554463133, 0.00502758659422, 0.00847996398807, -0.00965032540262, 0.0047911577858, -0.00288017350249, 0.0189165472984, -0.0260858684778, 0.0646249204874]]
    }
}

}