{
"metadata": {
    "version": {
        "essentia": "2.0.1",
        "extractor": "archive-music 1.0 mod ismir14"
    },
    "audio_properties": {
        "analysis_sample_rate": 44100,
        "bitrate": 32,
        "channels": 2,
        "equal_loudness": 0,
        "length": 30.0408172607,
        "replay_gain": -14.819978714,
        "downmix": "mix"
    },
    "tags": {
        "track": 0,
        "year": 0,
        "album": "",
        "artist": "",
        "comment": "",
        "genre": "",
        "title": ""
    }
},
"rhythm": {
    "bpm": 109.314041138,
    "bpm_histogram_first_peak": 110,
    "bpm_histogram_first_peak_spread": 0.396226406097,
    "bpm_histogram_first_peak_weight": 0.603773593903,
    "bpm_histogram_second_peak": 0,
    "bpm_histogram_second_peak_spread": 0,
    "bpm_histogram_second_peak_weight": 0
},
"tonal": {
    "tuning_frequency": {
        "dmean": 0.176548525691,
        "dmean2": 0.326677799225,
        "dvar": 0.647966444492,
        "dvar2": 1.43600690365,
        "max": 446.142181396,
        "mean": 441.214294434,
        "median": 441.782684326,
        "min": 438.224517822,
        "var": 2.24634599686
    },
    "hpcp": {
        "dmean": [0.107955500484, 0.0901639908552, 0.0374496765435, 0.151974752545, 0.0385250262916, 0.139598339796, 0.0349154286087, 0.0993316546082, 0.126261383295, 0.0310263577849, 0.172286599874, 0.0663376972079],
        "dmean2": [0.202725216746, 0.160338610411, 0.0688218548894, 0.257754176855, 0.0672433152795, 0.229251384735, 0.0629121288657, 0.16598598659, 0.226524233818, 0.0583212673664, 0.289483338594, 0.124654404819],
        "dvar": [0.0392747782171, 0.0545459315181, 0.00252640713006, 0.0677540972829, 0.0102805122733, 0.044986858964, 0.00661269016564, 0.0312653183937, 0.0332639999688, 0.00386896543205, 0.0685316175222, 0.0206397268921],
        "dvar2": [0.0955919623375, 0.105715461075, 0.00632193079218, 0.156777381897, 0.0277678444982, 0.0988173484802, 0.0181102734059, 0.0800603181124, 0.0691798701882, 0.0111712962389, 0.146121740341, 0.0573566630483],
        "max": [1, 1, 0.232234761119, 1, 1, 1, 0.718537151814, 1, 1, 0.512636780739, 1, 0.928831338882],
        "mean": [0.159633845091, 0.246867075562, 0.0298094954342, 0.461739569902, 0.0312731750309, 0.251757234335, 0.0278836824, 0.101142697036, 0.228597655892, 0.0235439222306, 0.222076788545, 0.0448277778924],
        "median": [0.0399153567851, 0.0181131660938, 0.0110587906092, 0.286682367325, 0.00972095038742, 0.070562466979, 0.00983006879687, 0.0235718097538, 0.107556737959, 0.00972441025078, 0.0844413712621, 0.00997910555452],
        "min": [9.10585586098e-05, 0.000229426674196, 0.00011906351574, 0.00081414100714, 0.000176225992618, 0.00047955752234, 9.85320075415e-05, 0.000893675489351, 0.000692812376656, 7.36584406695e-05, 0.000460589799332, 0.000391342473449],
        "var": [0.0760713294148, 0.165498375893, 0.0021406612359, 0.19370611012, 0.00780740613118, 0.123293146491, 0.00431536324322, 0.0365279093385, 0.0918569415808, 0.00226091011427, 0.099909901619, 0.0129911545664]
    }
},
"lowlevel": {
    "melbands": {
        "dmean": [0.000141506199725, 0.000269128941, 0.00017058463709, 0.000108424450445, 4.40308249381e-05, 5.81923268328e-05, 2.58219442912e-05, 3.86195024475e-05, 5.83491710131e-05, 4.34779503848e-05, 1.02131461972e-05, 1.09436105049e-05, 7.78369030741e-06, 7.59627801017e-06, 6.35192327536e-06, 6.85516170051e-06, 6.31767352388e-06, 6.92488902132e-06, 3.77348737857e-06, 5.366527148e-06, 2.3785544272e-06, 1.6184458218e-06, 1.79912694875e-06, 1.11327517516e-06, 6.46667729143e-07, 4.45584305453e-07, 2.84781350501e-07, 2.10917278309e-07, 2.38101065975e-07, 1.68679164858e-07, 1.42208577358e-07, 1.46371348819e-07, 1.39964996038e-07, 1.06709769909e-07, 8.90718965252e-08, 7.86519009921e-08, 6.59587939822e-08, 4.19980388244e-08, 3.21852198226e-08, 2.6612154258e-08],
        "dmean2": [0.000261751614744, 0.000453240092611, 0.000280662003206, 0.000185186916497, 7.00734599377e-05, 0.000101932157122, 4.3851458031e-05, 6.46065745968e-05, 9.70173277892e-05, 7.05735947122e-05, 1.85528060683e-05, 2.02476749109e-05, 1.41382161019e-05, 1.38071900437e-05, 1.10434521048e-05, 1.21427874546e-05, 1.11855488285e-05, 1.22172996271e-05, 6.6056813921e-06, 7.86337022873e-06, 4.02101250074e-06, 2.86532508653e-06, 2.7271307772e-06, 1.7181430394e-06, 1.14876502266e-06, 8.03911177627e-07, 5.25743814705e-07, 3.89871075868e-07, 4.29834102533e-07, 3.07606143224e-07, 2.59975308836e-07, 2.71276206831e-07, 2.59441776507e-07, 1.98548008257e-07, 1.66061980167e-07, 1.51077387045e-07, 1.28101035557e-07, 8.1018903586e-08, 6.18149726961e-08, 5.07899109436e-08],
        "dvar": [4.23651940196e-08, 8.50687271736e-08, 3.66151127196e-08, 1.14509388638e-08, 1.49820256201e-09, 7.55149898168e-09, 1.1148315604e-09, 4.27460200569e-09, 1.10798961117e-08, 7.50456674581e-09, 6.3948152329e-10, 1.0463836464e-09, 3.9247491368e-10, 1.73850975282e-10, 1.54850535172e-10, 1.92844018532e-10, 1.39723663195e-10, 2.19392393142e-10, 4.41496179893e-11, 2.22262985794e-10, 1.5496968292e-11, 5.23695540058e-12, 1.06348350265e-11, 3.15251861074e-12, 7.88349691517e-13, 3.07629654172e-13, 9.23103620994e-14, 5.76510207303e-14, 8.64491516025e-14, 4.37130258206e-14, 3.29936781834e-14, 4.45615834272e-14, 5.07261841852e-14, 4.03647757309e-14, 5.85580845966e-14, 7.92376689436e-14, 7.1074222896e-14, 2.25117267763e-14, 1.05858239045e-14, 8.19677340596e-15],
        "dvar2": [1.14691289355e-07, 2.15187469621e-07, 8.63981810539e-08, 3.09642693708e-08, 3.61900442947e-09, 2.01692547108e-08, 2.32375763076e-09, 1.0858285826e-08, 3.31529079745e-08, 1.82489880984e-08, 1.90955873336e-09, 3.05578962134e-09, 1.11945896997e-09, 4.97108076924e-10, 4.37494485084e-10, 5.08774744556e-10, 3.58241214471e-10, 5.97991878237e-10, 1.20494766942e-10, 3.18002485455e-10, 3.40401318244e-11, 1.60864516152e-11, 1.89861893568e-11, 5.48703790737e-12, 1.98425260597e-12, 8.24716759728e-13, 2.54361825656e-13, 1.43960228937e-13, 2.18242741587e-13, 1.05706438882e-13, 8.59986317185e-14, 1.20209940092e-13, 1.40605273735e-13, 1.16034772394e-13, 1.72303631866e-13, 2.35326650744e-13, 2.11214495872e-13, 6.64675766141e-14, 3.11432906644e-14, 2.40901642032e-14],
        "max": [0.000885804416612, 0.00184411706869, 0.00176854303572, 0.000651011767332, 0.00025448112865, 0.000459739792859, 0.000174172077095, 0.000431039981777, 0.000791130878497, 0.000681151286699, 0.000181407274795, 0.000282266642898, 0.000158403345267, 8.45106478664e-05, 9.72501657088e-05, 9.42243859754e-05, 8.1843638327e-05, 0.000125841834233, 4.0636783524e-05, 0.000201113289222, 4.36224145233e-05, 1.29419368022e-05, 2.69987758656e-05, 1.67309899552e-05, 4.96634629599e-06, 3.68612268176e-06, 1.38803943628e-06, 1.15243972232e-06, 1.95169627659e-06, 9.22979097595e-07, 8.60725663188e-07, 1.19657295272e-06, 1.59272929068e-06, 1.5819696273e-06, 2.17798174162e-06, 2.57861574937e-06, 2.4474620659e-06, 1.37618030749e-06, 9.3973494586e-07, 8.40539541969e-07],
        "mean": [0.000151309010107, 0.000662360980641, 0.000475837819977, 0.000176481684321, 7.37785885576e-05, 6.78798969602e-05, 3.4392640373e-05, 4.20554752054e-05, 6.0389880673e-05, 4.32807828474e-05, 9.13481289899e-06, 9.79961623671e-06, 6.35973492535e-06, 6.323274647e-06, 5.89380761085e-06, 6.53168854114e-06, 6.19786897005e-06, 6.1650389398e-06, 3.41676900462e-06, 6.5386143433e-06, 2.82077644442e-06, 1.9596434413e-06, 2.5971580726e-06, 1.52774009621e-06, 7.61818000683e-07, 4.76981654174e-07, 2.64437034048e-07, 1.80367138114e-07, 2.05310087154e-07, 1.41873798043e-07, 1.13146015224e-07, 1.13548907166e-07, 1.05600335587e-07, 7.93045984437e-08, 6.75166020869e-08, 5.52906200824e-08, 4.42298890846e-08, 2.8391699658e-08, 2.21782521237e-08, 1.88207831542e-08],
        "median": [0.000105960905785, 0.000672353024129, 0.000460690178443, 0.000147294427734, 5.81540261919e-05, 2.59979751718e-05, 1.96645905817e-05, 2.0301387849e-05, 2.29190263781e-05, 1.08538361019e-05, 3.76277012037e-06, 4.31739636042e-06, 2.40311874222e-06, 1.84950420135e-06, 2.29166357713e-06, 2.10941402656e-06, 2.03199078896e-06, 1.68473047779e-06, 1.19713092772e-06, 1.02166075067e-06, 1.09354152755e-06, 1.01328464552e-06, 7.15829685305e-07, 5.31273258275e-07, 3.8858439666e-07, 2.53825703567e-07, 1.40232316426e-07, 8.69189591413e-08, 9.0138229325e-08, 4.73319907712e-08, 4.02139406219e-08, 3.64199799208e-08, 3.67045593919e-08, 2.66313833208e-08, 2.31470611567e-08, 1.68295368752e-08, 1.19425971334e-08, 8.16687872884e-09, 7.20226500661e-09, 6.11241590676e-09],
        "min": [1.2313055322e-06, 1.3925229041e-06, 2.31270792028e-06, 7.57878524382e-06, 5.19084323969e-06, 8.09516791378e-07, 6.99234647072e-07, 2.03301286916e-08, 3.43787121437e-07, 8.31289170833e-08, 2.27990977208e-08, 1.41779370466e-08, 2.86113568393e-08, 1.41531257825e-08, 1.05428341612e-08, 4.58091076183e-09, 8.02257105192e-09, 8.4428704028e-09, 6.57163345963e-09, 8.09175304539e-09, 5.11329867336e-09, 4.33183222626e-09, 4.16836876127e-09, 3.0333504597e-09, 2.30497110287e-09, 1.91793203541e-09, 5.99739813367e-10, 2.84832046837e-10, 2.36850844493e-10, 1.792554577e-10, 6.00611504975e-11, 2.64159111252e-11, 8.84032343856e-12, 3.71606695068e-12, 2.2654269953e-12, 1.39359520018e-12, 1.67653065909e-12, 1.22760178758e-12, 9.01556281886e-13, 7.73858191069e-13],
        "var": [3.11145846865e-08, 1.76117950446e-07, 6.93055710599e-08, 1.55206620889e-08, 3.23907478617e-09, 8.59636717365e-09, 1.53038015593e-09, 4.46574111024e-09, 9.91237047998e-09, 9.54518597496e-09, 4.20017631786e-10, 6.33628649549e-10, 2.53265769468e-10, 1.38845296371e-10, 1.25346177882e-10, 1.58529744887e-10, 1.38240890957e-10, 1.70093938934e-10, 3.68064224932e-11, 5.08937114674e-10, 2.45907513102e-11, 6.66048900061e-12, 2.78606495513e-11, 8.56682259853e-12, 1.03496454028e-12, 3.6960945372e-13, 9.12481353497e-14, 5.04346117278e-14, 7.86173629994e-14, 4.06869396302e-14, 2.62795461661e-14, 3.1998353484e-14, 3.4020139814e-14, 2.52286933749e-14, 3.33260877932e-14, 4.23113455351e-14, 3.74182564274e-14, 1.21154459756e-14, 5.79910731184e-15, 4.53433084401e-15]
    },
    "mfcc": {
        "dmean": [44.4691162109, 24.1401424408, 19.012594223, 11.0734357834, 9.94202518463, 8.39398288727, 8.02886772156, 6.91629838943, 6.25889396667, 6.83161830902, 5.60590600967, 5.58530282974, 5.1200056076],
        "dmean2": [72.1843185425, 39.9466896057, 30.2116298676, 17.8904724121, 15.5254907608, 13.7208366394, 11.9152002335, 11.1654653549, 10.5800743103, 10.8110876083, 9.15859985352, 8.83500576019, 8.00809383392],
        "dvar": [1360.96801758, 377.499053955, 249.187332153, 94.7689971924, 77.3844451904, 44.3964881897, 45.0069274902, 29.2311382294, 24.6093254089, 40.0060920715, 23.6077690125, 19.2806682587, 19.373626709],
        "dvar2": [3501.46582031, 1030.90039062, 685.352355957, 209.842315674, 186.93850708, 104.351341248, 113.167663574, 75.7983169556, 74.0402450562, 67.1960983276, 60.7474212646, 52.1487846375, 46.6196327209],
        "max": [-669.653137207, 227.368103027, 97.4717102051, 72.2694625854, 44.1367301941, 35.7151107788, 24.9833602905, 26.0865840912, 17.6406440735, 30.9035415649, 20.1368637085, 20.5974521637, 8.34140205383],
        "mean": [-769.998596191, 163.995941162, 7.44079732895, 30.135061264, 15.1388998032, 7.26906394958, -4.97841835022, 4.2534570694, -0.145304918289, 2.68077850342, 2.46614432335, -1.02430343628, -5.70267248154],
        "median": [-763.094055176, 169.151199341, 7.49756622314, 27.6976737976, 15.2388916016, 7.3390083313, -3.70050239563, 3.75977706909, 0.0275268554688, 2.58041954041, 1.3331489563, -1.32950782776, -5.44614982605],
        "min": [-966.08215332, 55.2736282349, -82.0213623047, -14.3651657104, -17.7937889099, -26.7314567566, -38.8417663574, -19.9828948975, -21.8414745331, -19.7329788208, -10.2366218567, -15.6258525848, -21.9316482544],
        "var": [3211.77148438, 730.188964844, 798.066650391, 323.600158691, 169.973602295, 127.170379639, 140.500183105, 68.8558197021, 43.5950279236, 90.5280303955, 52.1731452942, 40.5507049561, 35.8955574036],
        "cov": [[3231.59716797, -791.751708984, -593.740966797, 34.2212982178, -120.363677979, -37.0622291565, -138.354782104, 22.107673645, -29.1801929474, -13.6376562119, -18.8039798737, -13.6645374298, -39.8749923706], [-791.751708984, 734.696350098, -259.233917236, -242.138839722, -19.7609996796, -78.7511444092, 52.6510429382, -40.6370315552, -17.6172218323, 41.6851654053, 50.6472969055, 15.3926591873, 0.543979525566], [-593.740966797, -259.233917236, 802.992980957, 169.786239624, -52.3155326843, 166.661102295, 104.316337585, 57.1608848572, 5.34765720367, -49.3799819946, -36.0635986328, -0.332997113466, 15.6306781769], [34.2212982178, -242.138839722, 169.786239624, 325.597717285, 93.8409042358, 11.0374736786, -94.0382766724, 26.4476604462, 31.6408996582, -46.8476638794, -40.801525116, 1.40712499619, 11.0465660095], [-120.363677979, -19.7609996796, -52.3155326843, 93.8409042358, 171.022827148, -16.6973552704, -56.5666770935, 1.85814619064, 8.87778282166, 15.7884540558, 11.1796417236, 9.65271186829, 3.67020511627], [-37.0622291565, -78.7511444092, 166.661102295, 11.0374736786, -16.6973552704, 127.955383301, 66.3991241455, 10.4646530151, -1.86655580997, 4.57318305969, 10.8844385147, 7.03254461288, -6.29334115982], [-138.354782104, 52.6510429382, 104.316337585, -94.0382766724, -56.5666770935, 66.3991241455, 141.367462158, 19.9528942108, -18.3856735229, 18.6798267365, 26.4002132416, 13.4080324173, 0.34503108263], [22.107673645, -40.6370315552, 57.1608848572, 26.4476604462, 1.85814619064, 10.4646530151, 19.9528942108, 69.2808532715, 6.31520271301, -9.28180408478, 9.64952850342, 20.3221797943, 1.16497826576], [-29.1801929474, -17.6172218323, 5.34765720367, 31.6408996582, 8.87778282166, -1.86655580997, -18.3856735229, 6.31520271301, 43.8641319275, 14.317855835, -9.94172286987, -2.17062997818, 1.02407085896], [-13.6376562119, 41.6851654053, -49.3799819946, -46.8476638794, 15.7884540558, 4.57318305969, 18.6798267365, -9.28180408478, 14.317855835, 91.0868453979, 40.1398544312, -8.0405664444, -22.3062477112], [-18.8039798737, 50.6472969055, -36.0635986328, -40.801525116, 11.1796417236, 10.8844385147, 26.4002132416, 9.64952850342, -9.94172286987, 40.1398544312, 52.4952011108, 14.595536232, -13.0118331909], [-13.6645374298, 15.3926591873, -0.332997113466, 1.40712499619, 9.65271186829, 7.03254461288, 13.4080324173, 20.3221797943, -2.17062997818, -8.0405664444, 14.595536232, 40.8010177612, 13.2131404877], [-39.8749923706, 0.543979525566, 15.6306781769, 11.0465660095, 3.67020511627, -6.29334115982, 0.34503108263, 1.16497826576, 1.02407085896, -22.3062477112, -13.0118331909, 13.2131404877, 36.1171340942]],
        "icov": [[0.00108968850691, 0.0016130754957, 0.00154984614346, -0.000119383366837, 0.00161150947679, -0.000685187871568, 0.000602545798756, -0.000924464024138, 0.00165576383006, -0.00078274536645, 0.00057956884848, -0.000555104517844, 0.00016695841623], [0.0016130754957, 0.00458735926077, 0.00237886840478, 0.00110850366764, 0.00184498075396, 0.000676348397974, -0.000288347713649, 0.000208060839213, 0.000981421908364, 3.98909323849e-05, -0.00113076483831, -0.00143041950651, 0.000382405065466], [0.00154984614346, 0.00237886840478, 0.00472444621846, -0.00187283498235, 0.00305621721782, -0.00314616691321, -0.000954531540629, -0.00247813132592, 0.00290401210077, -0.00124869716819, 0.00214684195817, 0.000501107249875, -0.000829714350402], [-0.000119383366837, 0.00110850366764, -0.00187283498235, 0.00797140970826, -0.0036079317797, -0.000258438783931, 0.00418041041121, -0.00106368015986, -0.00338653777726, 0.00271492428146, 0.000360106962034, -0.000693654466886, 0.000696195755154], [0.00161150947679, 0.00184498075396, 0.00305621721782, -0.0036079317797, 0.0116194486618, -0.00203606998548, 0.00376915489323, -0.00194444565568, 0.00481384759769, -0.00489448709413, -0.000885334215127, -0.00220977282152, -0.00264650094323], [-0.000685187871568, 0.000676348397974, -0.00314616691321, -0.000258438783931, -0.00203606998548, 0.0161498542875, -0.00792704895139, 0.00541452411562, -0.00507239857689, 0.00342291872948, -0.00488036172464, -0.00234937667847, 0.0049551432021], [0.000602545798756, -0.000288347713649, -0.000954531540629, 0.00418041041121, 0.00376915489323, -0.00792704895139, 0.0191884357482, -0.00648854253814, 0.00726573774591, -0.00570599315688, 0.000517186475918, -0.00180322525557, -0.00481828767806], [-0.000924464024138, 0.000208060839213, -0.00247813132592, -0.00106368015986, -0.00194444565568, 0.00541452411562, -0.00648854253814, 0.0240581203252, -0.0104208867997, 0.00826603360474, -0.00957700051367, -0.00803837087005, 0.00569219980389], [0.00165576383006, 0.000981421908364, 0.00290401210077, -0.00338653777726, 0.00481384759769, -0.00507239857689, 0.00726573774591, -0.0104208867997, 0.0413975045085, -0.0210911519825, 0.0219398923218, -0.00573786441237, -0.00371054722928], [-0.00078274536645, 3.98909323849e-05, -0.00124869716819, 0.00271492428146, -0.00489448709413, 0.00342291872948, -0.00570599315688, 0.00826603360474, -0.0210911519825, 0.0321803130209, -0.0274682976305, 0.0109512461349, 0.00629744492471], [0.00057956884848, -0.00113076483831, 0.00214684195817, 0.000360106962034, -0.000885334215127, -0.00488036172464, 0.000517186475918, -0.00957700051367, 0.0219398923218, -0.0274682976305, 0.0590354427695, -0.0226975437254, 0.0111467177048], [-0.000555104517844, -0.00143041950651, 0.000501107249875, -0.000693654466886, -0.00220977282152, -0.00234937667847, -0.00180322525557, -0.00803837087005, -0.00573786441237, 0.0109512461349, -0.0226975437254, 0.0464601628482, -0.0187523011118], [0.00016695841623, 0.000382405065466, -0.000829714350402, 0.000696195755154, -0.00264650094323, 0.0049551432021, -0.00481828767806, 0.00569219980389, -0.00371054722928, 0.00629744492471, 0.0111467177048, -0.0187523011118, 0.0438779257238]]
    }
}

}