{
"metadata": {
    "version": {
        "essentia": "2.0.1",
        "extractor": "archive-music 1.0 mod ismir14"
    },
    "audio_properties": {
        "analysis_sample_rate": 44100,
        "bitrate": 112,
        "channels": 2,
        "equal_loudness": 0,
        "length": 30.0669155121,
        "replay_gain": -10.2259140015,
        "downmix": "mix"
    },
    "tags": {
        "track": 0,
        "year": 0,
        "album": "",
        "artist": "",
        "comment": "",
        "genre": "",
        "title": ""
    }
},
"rhythm": {
    "bpm": 172.265594482,
    "bpm_histogram_first_peak": 172,
    "bpm_histogram_first_peak_spread": 0,
    "bpm_histogram_first_peak_weight": 0.5,
    "bpm_histogram_second_peak": 178,
    "bpm_histogram_second_peak_spread": 0,
    "bpm_histogram_second_peak_weight": 0.27380952239
},
"tonal": {
    "tuning_frequency": {
        "dmean": 0.0306707080454,
        "dmean2": 0.0554242841899,
        "dvar": 0.27234479785,
        "dvar2": 0.764852881432,
        "max": 451.84777832,
        "mean": 434.218933105,
        "median": 434.193115234,
        "min": 431.193908691,
        "var": 0.573552489281
    },
    "hpcp": {
        "dmean": [0.135971829295, 0.117545038462, 0.162478208542, 0.134378448129, 0.0804797559977, 0.0752790644765, 0.0978744775057, 0.0900627747178, 0.106493800879, 0.0939792692661, 0.109530970454, 0.083431750536],
        "dmean2": [0.256078183651, 0.219912990928, 0.299353182316, 0.250241458416, 0.152312576771, 0.139370650053, 0.186678215861, 0.168729126453, 0.199483588338, 0.170850738883, 0.198094800115, 0.155308663845],
        "dvar": [0.079764097929, 0.0664956942201, 0.085653193295, 0.0741106048226, 0.0503908731043, 0.0428254269063, 0.0679025575519, 0.055034250021, 0.0663673356175, 0.0511598624289, 0.0549628548324, 0.045138284564],
        "dvar2": [0.228206068277, 0.176201120019, 0.228519424796, 0.199511766434, 0.139717623591, 0.116147182882, 0.183537989855, 0.146106660366, 0.184735953808, 0.147242188454, 0.142515525222, 0.124858304858],
        "max": [1, 1, 1, 1, 1, 1, 1, 1, 1, 1, 1, 1],
        "mean": [0.122226901352, 0.133730560541, 0.1519857198, 0.294500917196, 0.0580353364348, 0.0884214192629, 0.13129901886, 0.113733865321, 0.0810699909925, 0.0911446660757, 0.243909746408, 0.072730332613],
        "median": [0.00864007510245, 0.00720058241859, 0.0193653330207, 0.0168069116771, 0.000702622579411, 0.005792807322, 0.00045088090701, 0.00202043843456, 0.00139441515785, 0.00228529889137, 0.026612456888, 0.00266494927928],
        "min": [0, 0, 0, 0, 0, 0, 0, 0, 0, 0, 0, 0],
        "var": [0.0731998756528, 0.0822812244296, 0.0825329124928, 0.174257412553, 0.0384485013783, 0.0559029318392, 0.0996872782707, 0.0816602036357, 0.0554181560874, 0.0544630587101, 0.141597002745, 0.0409724004567]
    }
},
"lowlevel": {
    "melbands": {
        "dmean": [8.6287236627e-06, 0.000140699470649, 0.000363896688214, 0.00130620063283, 0.0014896444045, 0.000776931119617, 0.000266254093731, 0.000203886665986, 0.000111665656732, 7.38808012102e-05, 4.74965527246e-05, 3.6125718907e-05, 5.10983991262e-05, 2.56969797192e-05, 2.40611207118e-05, 1.87036530406e-05, 3.41458544426e-05, 2.05065443879e-05, 2.24135437747e-05, 6.76368790664e-06, 9.5261102615e-06, 8.75873320183e-06, 5.57849762117e-06, 6.67894846629e-06, 1.38636605698e-05, 1.3038785255e-05, 4.94933919981e-06, 2.62185449174e-06, 7.78873072704e-07, 4.93957884373e-07, 2.10390012967e-07, 3.78009339386e-08, 5.73434322249e-09, 1.44716405526e-09, 6.03591787662e-10, 2.67867839021e-10, 1.24555213366e-10, 7.26036661347e-11, 5.60318041964e-11, 2.87087749407e-11],
        "dmean2": [1.37289671329e-05, 0.000226400356041, 0.000632543873508, 0.00202481588349, 0.00231005437672, 0.00120101612993, 0.000383479666198, 0.000301092281006, 0.000150539679453, 9.38160519581e-05, 5.39196480531e-05, 4.48931641586e-05, 5.72900717088e-05, 3.12274605676e-05, 3.1250903703e-05, 2.58296295215e-05, 4.44046672783e-05, 2.97418628179e-05, 3.28446658386e-05, 9.90664466372e-06, 1.44166415339e-05, 1.27485445773e-05, 7.53026779421e-06, 9.51387028181e-06, 1.92391817109e-05, 1.7356556782e-05, 7.19690251572e-06, 3.88789976569e-06, 1.12043710487e-06, 6.95736162015e-07, 3.14618660013e-07, 5.5101438079e-08, 7.97351962234e-09, 2.1514712234e-09, 9.54252898921e-10, 4.21443574483e-10, 2.08236913823e-10, 1.33501945609e-10, 1.04903398468e-10, 5.28235580277e-11],
        "dvar": [2.56013571454e-10, 4.74564032515e-08, 5.98000269747e-07, 6.86212069922e-06, 8.66202208272e-06, 2.1544426545e-06, 2.98658704878e-07, 2.58056815028e-07, 1.84359322475e-07, 1.28945075062e-07, 3.45368000865e-08, 2.4881597227e-08, 5.01269603603e-08, 1.08470574745e-08, 2.11533617289e-08, 2.95788704641e-09, 1.15653007171e-08, 2.70659672452e-09, 2.92789370526e-09, 2.90827195659e-10, 7.09458047865e-10, 6.46959874562e-10, 3.58584273386e-10, 3.41988548591e-10, 2.25419860556e-09, 2.21450457971e-09, 3.05501068887e-10, 1.20924645297e-10, 9.10455218162e-12, 9.63997284775e-12, 2.81914162154e-12, 6.5920183266e-14, 2.48045212977e-15, 5.59863168623e-17, 6.12593045813e-18, 1.63930374622e-18, 8.82702939822e-19, 7.68604386162e-19, 5.21735485971e-19, 1.71085943809e-20],
        "dvar2": [6.67796984377e-10, 1.16993248866e-07, 1.87685793662e-06, 1.75228178705e-05, 2.31812009588e-05, 5.41876261195e-06, 5.51038738195e-07, 4.73538676715e-07, 3.26038474441e-07, 2.33570645491e-07, 4.36058158471e-08, 3.93892847228e-08, 6.47894324857e-08, 1.73482934684e-08, 4.12029095287e-08, 5.26889376573e-09, 1.90791986654e-08, 5.77161562987e-09, 6.0111928768e-09, 6.9201555597e-10, 1.69985159282e-09, 1.50396650689e-09, 6.56177612246e-10, 6.96425306312e-10, 4.25122115288e-09, 4.74905670345e-09, 7.40242811492e-10, 2.8992408474e-10, 1.80304868258e-11, 2.04602012416e-11, 6.83322886122e-12, 1.6102421588e-13, 4.31099917252e-15, 1.05910385834e-16, 1.4169759403e-17, 4.27307855965e-18, 2.54823451532e-18, 2.26454279128e-18, 1.52967656906e-18, 5.02079987944e-20],
        "max": [0.000374052207917, 0.00767151638865, 0.015276575461, 0.0994464457035, 0.0717201828957, 0.0184871256351, 0.010670138523, 0.0115280821919, 0.0124429641291, 0.0105983354151, 0.00737524824217, 0.00451938435435, 0.00683811027557, 0.00333104562014, 0.00541224796325, 0.00191682996228, 0.00514680333436, 0.000989758060314, 0.00183957885019, 0.000436369387899, 0.000451730244095, 0.000553423946258, 0.000436792935943, 0.000482053408632, 0.00183774577454, 0.00136867398396, 0.000466943078209, 0.00026218322455, 9.77855161182e-05, 0.000131138105644, 7.68645113567e-05, 1.01769355751e-05, 2.82915561911e-06, 2.60966714904e-07, 7.66935670526e-08, 3.4541397298e-08, 2.89718471436e-08, 2.76044129777e-08, 2.24895515544e-08, 3.39124150983e-09],
        "mean": [1.20208906083e-05, 0.000243461996433, 0.00057253689738, 0.00309708039276, 0.00345521327108, 0.00168980378658, 0.000671731831972, 0.000533674901817, 0.000282719382085, 0.000169556748006, 0.000153948174557, 8.86845227797e-05, 0.000144104662468, 6.1658793129e-05, 4.7019791964e-05, 4.04880665883e-05, 7.73009596742e-05, 4.00065146096e-05, 5.15893443662e-05, 1.51348403961e-05, 1.74595061253e-05, 1.54090412252e-05, 1.00808265415e-05, 1.35924401548e-05, 2.9144131986e-05, 3.11436851916e-05, 8.91687977855e-06, 4.3262066356e-06, 1.50934249632e-06, 8.90201135917e-07, 3.5285304989e-07, 6.25371754381e-08, 1.00309405227e-08, 2.84501133763e-09, 1.15180431859e-09, 4.93720675454e-10, 1.97876437458e-10, 7.82462081239e-11, 4.34205796318e-11, 2.24393698067e-11],
        "median": [5.7810002545e-06, 0.000113726666314, 0.000227894925047, 0.000997263705358, 0.00144780660048, 0.000791367609054, 0.000282792258076, 0.000141092503327, 5.82188222324e-05, 1.29522668431e-05, 1.03831562228e-05, 5.84254576097e-06, 8.11455902294e-06, 7.4973613664e-06, 6.08645859757e-06, 6.87955616741e-06, 1.3864475477e-05, 1.03449656308e-05, 1.33045823532e-05, 3.8353259697e-06, 4.06828439736e-06, 3.53256587005e-06, 1.59211083428e-06, 2.27764576266e-06, 4.65461062049e-06, 3.88523494621e-06, 1.36689641295e-06, 4.00346181095e-07, 1.06385677157e-07, 4.1978079679e-08, 1.34154234388e-08, 3.52346818389e-09, 1.41419320698e-09, 7.78759834397e-10, 4.55315229964e-10, 2.08149344982e-10, 9.5121611976e-11, 3.71092462315e-11, 1.25452686434e-11, 5.62599099252e-12],
        "min": [2.35044703916e-23, 2.08752348599e-23, 2.027189984e-23, 1.48672070968e-23, 8.15119797059e-24, 1.8558056925e-23, 3.70515881833e-23, 4.36284067471e-23, 1.55436994993e-23, 2.21901224162e-23, 7.11825403496e-24, 1.0980266958e-23, 9.43307327575e-24, 4.55520787744e-23, 2.02944596842e-23, 9.05714318909e-24, 2.20447006415e-23, 3.43198417546e-23, 1.34804196022e-23, 2.50960098897e-23, 4.36752745512e-23, 1.78552418118e-23, 3.6742045475e-23, 5.01348873172e-23, 2.89525268188e-23, 1.59232504575e-23, 1.52066381671e-23, 1.64265926244e-23, 1.54737938013e-23, 1.65120325713e-23, 1.23305010049e-23, 1.72076217185e-23, 1.30391284452e-23, 1.96636628386e-23, 2.45507555429e-23, 1.42682770763e-23, 1.9724673341e-23, 2.50634346675e-23, 2.77490532436e-23, 3.12120106225e-23],
        "var": [5.32097477191e-10, 3.23031201788e-07, 1.2013703099e-06, 4.21804470534e-05, 2.66585248028e-05, 4.93650850331e-06, 1.0942433164e-06, 1.20833021811e-06, 8.11640063603e-07, 3.36087055075e-07, 2.79796040559e-07, 1.32706958311e-07, 3.30935336024e-07, 5.14463565082e-08, 4.83568740606e-08, 1.2400255045e-08, 9.22163394534e-08, 7.66344410152e-09, 1.29484662992e-08, 8.75133965295e-10, 1.39660427667e-09, 1.34237332361e-09, 8.8245533103e-10, 1.23750376613e-09, 7.97151678e-09, 9.81406778067e-09, 5.70054004001e-10, 2.08132538981e-10, 3.47525550004e-11, 2.85307645564e-11, 6.33789375148e-12, 1.31444727607e-13, 8.03518323655e-15, 1.99648947921e-16, 1.27345621627e-17, 2.30703919525e-18, 6.34167063902e-19, 4.11796978708e-19, 2.83227029479e-19, 1.04288718276e-20]
    },
    "mfcc": {
        "dmean": [16.8786869049, 8.00038051605, 11.6607789993, 8.19938659668, 7.64154434204, 6.88214588165, 6.46220445633, 6.68357849121, 6.15306186676, 6.0900387764, 6.00570106506, 5.68162155151, 5.41323471069],
        "dmean2": [19.5693874359, 11.7548370361, 15.633605957, 11.3413333893, 11.1384162903, 10.3680400848, 10.0629892349, 9.90880584717, 9.47801303864, 9.46587085724, 9.23225784302, 8.8191947937, 8.55061721802],
        "dvar": [587.00793457, 62.0770492554, 201.736251831, 52.7941169739, 41.457649231, 36.4152984619, 29.1327514648, 33.4676780701, 24.3595943451, 24.4226112366, 25.1024551392, 21.6778640747, 19.8037109375],
        "dvar2": [754.982421875, 103.025695801, 295.15612793, 90.4121246338, 83.1013641357, 76.8470306396, 70.8290939331, 70.475730896, 56.9290618896, 60.1140098572, 56.3747291565, 52.0342063904, 46.672832489],
        "max": [-613.930969238, 286.949523926, 109.773986816, 146.560546875, 66.0090026855, 39.9587249756, 51.7417373657, 23.9510822296, 20.2850608826, 34.6642608643, 22.1685295105, 26.7429904938, 28.3900718689],
        "mean": [-754.49810791, 219.293777466, -49.1397361755, 40.767578125, 6.17140340805, -25.8628482819, -5.46996831894, -32.9816093445, -24.3864040375, -7.07710886002, -11.0742874146, -14.2284860611, -7.27938365936],
        "median": [-742.752319336, 221.533874512, -57.9147148132, 40.2348823547, 9.56729125977, -25.9155082703, -4.90346908569, -35.0843963623, -24.4733505249, -6.20031738281, -9.73758506775, -13.8961791992, -7.06209182739],
        "min": [-1138.42004395, 1.14440917969e-05, -139.009841919, -28.8302078247, -72.0148162842, -86.5565795898, -42.7592163086, -79.7627410889, -64.1770401001, -61.200958252, -71.751083374, -56.9604911804, -40.3532676697],
        "var": [5120.54980469, 729.629638672, 2104.75537109, 714.106872559, 531.553771973, 356.013397217, 146.62097168, 273.078460693, 138.212493896, 204.333770752, 154.326187134, 111.130439758, 113.088562012],
        "cov": [[5122.52685547, 30.75989151, -2970.34228516, 942.489868164, -880.624145508, -652.101501465, 227.857727051, -298.829467773, 15.7107458115, -183.76260376, -59.7021789551, -13.2767734528, -136.320785522], [30.75989151, 729.911315918, 314.65423584, -409.867218018, 71.4308624268, -114.340736389, -48.562412262, 139.312103271, -43.9922332764, -28.1650753021, -32.0529632568, -26.9429950714, -26.0535469055], [-2970.34228516, 314.65423584, 2105.56787109, -605.460693359, 452.552947998, 384.916900635, -173.847351074, 210.471328735, -9.0419626236, 57.9881820679, 20.87200737, -3.50309681892, 44.1336936951], [942.489868164, -409.867218018, -605.460693359, 714.382568359, -63.3143081665, -62.1817321777, 55.1021652222, -246.610137939, -2.71992707253, 7.44937992096, -33.0052986145, -0.0832314044237, -10.1886205673], [-880.624145508, 71.4308624268, 452.552947998, -63.3143081665, 531.759033203, 195.939971924, -82.448638916, -32.6618919373, -65.46434021, 129.681991577, 18.1982460022, -20.1148891449, 63.4668922424], [-652.101501465, -114.340736389, 384.916900635, -62.1817321777, 195.939971924, 356.150848389, -0.644182920456, -48.8031845093, 20.0136833191, 68.3641815186, 70.7033309937, 24.4615097046, 38.6009292603], [227.857727051, -48.562412262, -173.847351074, 55.1021652222, -82.448638916, -0.644182920456, 146.677581787, 25.0115833282, -9.40646362305, 1.96794426441, 2.06967735291, 16.4564094543, 4.28614997864], [-298.829467773, 139.312103271, 210.471328735, -246.610137939, -32.6618919373, -48.8031845093, 25.0115833282, 273.183898926, 55.6177368164, -81.5021514893, 1.17362701893, 2.93023872375, -13.6080369949], [15.7107458115, -43.9922332764, -9.0419626236, -2.71992707253, -65.46434021, 20.0136833191, -9.40646362305, 55.6177368164, 138.265853882, -11.9362077713, -19.9040565491, 17.037733078, -8.28255271912], [-183.76260376, -28.1650753021, 57.9881820679, 7.44937992096, 129.681991577, 68.3641815186, 1.96794426441, -81.5021514893, -11.9362077713, 204.41267395, 69.7731323242, -30.4303150177, 44.9362945557], [-59.7021789551, -32.0529632568, 20.87200737, -33.0052986145, 18.1982460022, 70.7033309937, 2.06967735291, 1.17362701893, -19.9040565491, 69.7731323242, 154.385772705, 34.5883522034, -0.79812669754], [-13.2767734528, -26.9429950714, -3.50309681892, -0.0832314044237, -20.1148891449, 24.4615097046, 16.4564094543, 2.93023872375, 17.037733078, -30.4303150177, 34.5883522034, 111.173347473, 31.804189682], [-136.320785522, -26.0535469055, 44.1336936951, -10.1886205673, 63.4668922424, 38.6009292603, 4.28614997864, -13.6080369949, -8.28255271912, 44.9362945557, -0.79812669754, 31.804189682, 113.132225037]],
        "icov": [[0.0748456194997, -0.103542722762, 0.102349467576, -0.0963463559747, 0.0909734293818, -0.0831524208188, 0.0740155130625, -0.0642424821854, 0.0529574938118, -0.0406496040523, 0.0293156076223, -0.018744982779, 0.0100413374603], [-0.103542722762, 0.145950913429, -0.141862347722, 0.13527135551, -0.127037554979, 0.117252521217, -0.103605613112, 0.0903685092926, -0.073984362185, 0.057408452034, -0.0411619059741, 0.0265404395759, -0.0135449552909], [0.102349467576, -0.141862347722, 0.141224592924, -0.131957516074, 0.125010505319, -0.116070516407, 0.103802233934, -0.0905497893691, 0.0747367963195, -0.0578653924167, 0.0425393208861, -0.0273842643946, 0.0147840604186], [-0.0963463559747, 0.13527135551, -0.131957516074, 0.129002988338, -0.119908109307, 0.111188337207, -0.100123137236, 0.0896085202694, -0.0730445235968, 0.0573575794697, -0.0414103753865, 0.0273100864142, -0.0140444077551], [0.0909734293818, -0.127037554979, 0.125010505319, -0.119908109307, 0.117183886468, -0.107355460525, 0.0973392799497, -0.0855631232262, 0.0725389569998, -0.0578906014562, 0.0427625142038, -0.0277051385492, 0.0141034061089], [-0.0831524208188, 0.117252521217, -0.116070516407, 0.111188337207, -0.107355460525, 0.10513959825, -0.0928755477071, 0.0837061405182, -0.0706133395433, 0.0560678951442, -0.044092386961, 0.0282609760761, -0.0156564339995], [0.0740155130625, -0.103605613112, 0.103802233934, -0.100123137236, 0.0973392799497, -0.0928755477071, 0.0933129936457, -0.0792220234871, 0.0670867860317, -0.0549715273082, 0.0422840230167, -0.0295813102275, 0.0151940975338], [-0.0642424821854, 0.0903685092926, -0.0905497893691, 0.0896085202694, -0.0855631232262, 0.0837061405182, -0.0792220234871, 0.0777925252914, -0.0632273852825, 0.0532678291202, -0.0412111803889, 0.0287664104253, -0.0155707765371], [0.0529574938118, -0.073984362185, 0.0747367963195, -0.0730445235968, 0.0725389569998, -0.0706133395433, 0.0670867860317, -0.0632273852825, 0.0612957328558, -0.0457938835025, 0.0374239087105, -0.0266959574074, 0.0147384824231], [-0.0406496040523, 0.057408452034, -0.0578653924167, 0.0573575794697, -0.0578906014562, 0.0560678951442, -0.0549715273082, 0.0532678291202, -0.0457938835025, 0.0473953559995, -0.0356753468513, 0.0269204024225, -0.01618328318], [0.0293156076223, -0.0411619059741, 0.0425393208861, -0.0414103753865, 0.0427625142038, -0.044092386961, 0.0422840230167, -0.0412111803889, 0.0374239087105, -0.0356753468513, 0.0358457416296, -0.0234955400229, 0.0137847084552], [-0.018744982779, 0.0265404395759, -0.0273842643946, 0.0273100864142, -0.0277051385492, 0.0282609760761, -0.0295813102275, 0.0287664104253, -0.0266959574074, 0.0269204024225, -0.0234955400229, 0.0273234881461, -0.0133463442326], [0.0100413374603, -0.0135449552909, 0.0147840604186, -0.0140444077551, 0.0141034061089, -0.0156564339995, 0.0151940975338, -0.0155707765371, 0.0147384824231, -0.01618328318, 0.0137847084552, -0.0133463442326, 0.0171249415725]]
    }
}

}