{
"metadata": {
    "version": {
        "essentia": "2.0.1",
        "extractor": "archive-music 1.0 mod ismir14"
    },
    "audio_properties": {
        "analysis_sample_rate": 44100,
        "bitrate": 128,
        "channels": 2,
        "equal_loudness": 0,
        "length": 30.0669155121,
        "replay_gain": -14.8216972351,
        "downmix": "mix"
    },
    "tags": {
        "track": 0,
        "year": 0,
        "album": "",
        "artist": "",
        "comment": "",
        "genre": "",
        "title": ""
    }
},
"rhythm": {
    "bpm": 109.27457428,
    "bpm_histogram_first_peak": 110,
    "bpm_histogram_first_peak_spread": 0.490566015244,
    "bpm_histogram_first_peak_weight": 0.509433984756,
    "bpm_histogram_second_peak": 0,
    "bpm_histogram_second_peak_spread": 0,
    "bpm_histogram_second_peak_weight": 0
},
"tonal": {
    "tuning_frequency": {
        "dmean": 0.0305109098554,
        "dmean2": 0.0604574084282,
        "dvar": 0.32875290513,
        "dvar2": 1.0905482769,
        "max": 448.208557129,
        "mean": 434.354553223,
        "median": 434.193115234,
        "min": 432.690917969,
        "var": 1.59053182602
    },
    "hpcp": {
        "dmean": [0.150257155299, 0.188380032778, 0.256765425205, 0.282441735268, 0.220278635621, 0.154571935534, 0.119909964502, 0.136056065559, 0.207392469049, 0.113883800805, 0.135757029057, 0.14100240171],
        "dmean2": [0.285399407148, 0.361220479012, 0.493791729212, 0.538678765297, 0.42467841506, 0.286498278379, 0.223701626062, 0.253484517336, 0.387947320938, 0.217863842845, 0.259184837341, 0.271685063839],
        "dvar": [0.0833146944642, 0.116139248013, 0.151421070099, 0.146381318569, 0.130527958274, 0.085641913116, 0.0718145743012, 0.0762869566679, 0.0999579504132, 0.0716585814953, 0.0809202343225, 0.0860334336758],
        "dvar2": [0.229706689715, 0.315831303596, 0.412361472845, 0.38432225585, 0.344040513039, 0.231076359749, 0.196955576539, 0.210433676839, 0.27280151844, 0.208087310195, 0.24313570559, 0.241205304861],
        "max": [1, 1, 1, 1, 1, 1, 1, 1, 1, 1, 1, 1],
        "mean": [0.116209968925, 0.127837955952, 0.186211943626, 0.24296221137, 0.149000227451, 0.131953313947, 0.0903890654445, 0.11831060797, 0.221821054816, 0.0716174989939, 0.0976730212569, 0.0893528535962],
        "median": [0.00718892458826, 0.00335294753313, 0.00593987200409, 0.021368579939, 0.00303640239872, 0.00962297618389, 0.00220308848657, 0.00480664009228, 0.0241174716502, 0.0019355926197, 0.00442164996639, 0.00293450383469],
        "min": [0, 0, 0, 0, 0, 0, 0, 0, 0, 0, 0, 0],
        "var": [0.0682367831469, 0.0850291848183, 0.125597923994, 0.142935395241, 0.101273387671, 0.078996039927, 0.0580540969968, 0.0726264789701, 0.123561516404, 0.0457331985235, 0.0598822198808, 0.0573046803474]
    }
},
"lowlevel": {
    "melbands": {
        "dmean": [0.00174843007699, 0.00554297212511, 0.00513082928956, 0.00214860890992, 0.000913311145268, 0.000599839258939, 0.000355589058017, 0.000332926108968, 0.000427311140811, 0.000322191248415, 7.41140902392e-05, 8.59141873661e-05, 5.54541584279e-05, 4.91694991069e-05, 5.52086239622e-05, 5.58456849831e-05, 6.23002270004e-05, 4.99022171425e-05, 2.59375774476e-05, 5.1981798606e-05, 2.37751773966e-05, 1.64516131917e-05, 1.98033503693e-05, 1.15586908578e-05, 6.41360884401e-06, 4.44279521616e-06, 2.41451698457e-06, 1.68929761912e-06, 1.86297722848e-06, 1.31446563501e-06, 1.05748267742e-06, 1.02545550362e-06, 9.66820380199e-07, 6.53717222576e-07, 5.40007306427e-07, 3.71344100358e-07, 1.98037369614e-07, 6.00379053139e-08, 1.5320610558e-08, 1.72737257831e-09],
        "dmean2": [0.00288455095142, 0.00934705510736, 0.00854144245386, 0.00354543095455, 0.00150871707592, 0.00104466592893, 0.000606934481766, 0.000503211689647, 0.000619569560513, 0.000473320746096, 0.000109417698695, 0.000128277417389, 8.18572734715e-05, 7.05160200596e-05, 8.07202522992e-05, 8.25683964649e-05, 9.88517713267e-05, 7.56019944674e-05, 3.8433696318e-05, 7.81037451816e-05, 3.63771250704e-05, 2.53618454735e-05, 3.13408381771e-05, 1.87347213796e-05, 1.021078333e-05, 7.11676011633e-06, 3.91163666791e-06, 2.78397533293e-06, 3.05655112243e-06, 2.1349931103e-06, 1.68609710727e-06, 1.68507335729e-06, 1.54887402459e-06, 1.02415083347e-06, 8.92422747256e-07, 5.95451922436e-07, 3.19641316082e-07, 8.82349766584e-08, 2.35207462396e-08, 2.57643750778e-09],
        "dvar": [1.88008598343e-05, 4.34579378634e-05, 2.83293193206e-05, 8.2793767433e-06, 1.61851380653e-06, 9.71183226284e-07, 2.99254054426e-07, 4.07893395504e-07, 7.57262171192e-07, 6.50156266602e-07, 3.10044292462e-08, 6.38514521256e-08, 2.20299991582e-08, 2.14772519769e-08, 2.78578404789e-08, 2.41329178863e-08, 3.1497556563e-08, 1.55917323497e-08, 4.53491999508e-09, 5.01144796772e-08, 3.24867599488e-09, 1.55045354333e-09, 2.79046075136e-09, 8.70138516795e-10, 1.59225993501e-10, 1.49178461251e-10, 3.26733640144e-11, 1.96546962733e-11, 2.00478852269e-11, 1.34317400952e-11, 8.16057638131e-12, 9.50295137719e-12, 7.52712996099e-12, 4.93845936367e-12, 5.71857318443e-12, 3.36378169243e-12, 1.79954792387e-12, 8.55579306404e-14, 5.19640610042e-15, 1.51873880945e-16],
        "dvar2": [3.89040142181e-05, 0.000130862812512, 8.24677481432e-05, 2.09403278859e-05, 4.26465885539e-06, 3.03752972286e-06, 8.39351855575e-07, 8.52976199894e-07, 1.48604169681e-06, 1.22475296394e-06, 6.18492279614e-08, 1.21094473116e-07, 4.44564278723e-08, 4.25999395759e-08, 5.20198213394e-08, 5.46717551231e-08, 8.12095990455e-08, 3.50196742716e-08, 9.49147160867e-09, 1.22506520484e-07, 7.44805550568e-09, 3.76349396092e-09, 7.67893126863e-09, 2.43673059508e-09, 3.92349958078e-10, 4.01225608293e-10, 7.90551027419e-11, 5.24158112747e-11, 5.1531133527e-11, 3.48009052131e-11, 1.97055167322e-11, 2.4416210373e-11, 1.88554692693e-11, 1.18638224245e-11, 1.53582008222e-11, 8.07929591284e-12, 4.86280850656e-12, 1.80228133307e-13, 1.10921488601e-14, 2.8292737441e-16],
        "max": [0.0673862546682, 0.0678965374827, 0.0474824123085, 0.0322834886611, 0.012639882043, 0.0119238365442, 0.00706488965079, 0.0125845465809, 0.0214446615428, 0.0180587377399, 0.00722139701247, 0.00891656056046, 0.00468433648348, 0.0040467409417, 0.00384895456955, 0.00278816348873, 0.00335816270672, 0.00264994474128, 0.00123522244394, 0.00633384101093, 0.00127459340729, 0.00103594549, 0.00118657294661, 0.000506063341163, 0.000179010792635, 0.000309291557642, 9.32528855628e-05, 8.91116433195e-05, 7.15044225217e-05, 7.01013486832e-05, 6.8004555942e-05, 6.31152506685e-05, 6.99297161191e-05, 6.33909803582e-05, 0.00010614778148, 8.40505599626e-05, 5.52626406716e-05, 1.38312016134e-05, 3.13079999614e-06, 6.4226583163e-07],
        "mean": [0.00232720794156, 0.00918086338788, 0.00808896217495, 0.00315223890357, 0.00136262562592, 0.00102860678453, 0.000621518935077, 0.00070486596087, 0.000928301655222, 0.000730064697564, 0.000171242310898, 0.00015644657833, 0.00010827054939, 0.000103895079519, 0.00010251373169, 0.000106780338683, 0.000100502642454, 9.57341253525e-05, 5.39441352885e-05, 0.000104031991214, 4.65128359792e-05, 3.15012111969e-05, 4.20766446041e-05, 2.49202021223e-05, 1.21841130749e-05, 7.74808722781e-06, 4.36159007222e-06, 2.94385949928e-06, 3.26441568177e-06, 2.33133368965e-06, 1.88541127955e-06, 1.89139177564e-06, 1.72874297277e-06, 1.2691948541e-06, 9.99344365482e-07, 6.64257299832e-07, 3.68605185486e-07, 1.22930018165e-07, 2.90398549652e-08, 2.55818854988e-09],
        "median": [0.00109706877265, 0.00746221933514, 0.00641746865585, 0.00212872889824, 0.000783765048254, 0.000367332191672, 0.000276887323707, 0.00022945474484, 0.000223801704124, 0.000137398877996, 4.95911954204e-05, 3.88662592741e-05, 2.87414331979e-05, 2.02416049433e-05, 2.21084446821e-05, 2.07045559364e-05, 1.8802113118e-05, 1.91488798009e-05, 1.31624537971e-05, 1.19499627544e-05, 1.14899248729e-05, 1.09984694063e-05, 7.84116400609e-06, 4.9576751735e-06, 3.65141863767e-06, 2.43822023549e-06, 1.32561001465e-06, 8.19242700345e-07, 8.04286230505e-07, 4.41528641204e-07, 3.39618310363e-07, 3.23293676274e-07, 2.95791750204e-07, 2.40169583776e-07, 1.75838749783e-07, 1.2698411922e-07, 6.95416630947e-08, 2.23526797072e-08, 5.34161737065e-09, 3.81458115095e-10],
        "min": [1.24505896044e-12, 1.2532734182e-12, 1.46184361274e-13, 2.35036057457e-13, 9.70999647874e-13, 1.14782651699e-12, 8.63709874021e-13, 2.51194464534e-13, 2.05162411582e-13, 2.42728692099e-14, 3.61154790969e-14, 6.60110732894e-14, 9.69344098262e-14, 1.00924585529e-13, 1.53347901868e-13, 3.13743144962e-13, 1.77090696165e-13, 2.22767808432e-13, 4.54279524425e-14, 1.43097990055e-13, 8.81296785223e-14, 1.28760012635e-13, 2.52560396641e-13, 9.22754507895e-14, 3.8268230273e-14, 7.88399429292e-14, 5.86742460174e-13, 7.68677520724e-14, 1.71172517621e-14, 7.05519017231e-14, 4.86024625222e-14, 5.25601833107e-14, 3.12852330576e-14, 6.22910807679e-14, 5.27296305577e-14, 9.74572053375e-14, 1.36314760478e-13, 8.20972860549e-14, 1.8880948847e-14, 5.19491024023e-15],
        "var": [2.89269028144e-05, 6.31510265521e-05, 4.4037871703e-05, 1.16848568723e-05, 2.54012388723e-06, 2.3856862299e-06, 7.47396825318e-07, 1.75524223778e-06, 3.22737923852e-06, 3.41253962688e-06, 1.84382471957e-07, 2.2699254032e-07, 8.98910812452e-08, 6.85707206571e-08, 8.42730685235e-08, 6.9784114487e-08, 6.18062969693e-08, 6.17542923464e-08, 1.50992036652e-08, 1.78488932079e-07, 1.08662625564e-08, 3.0461708711e-09, 1.04217789954e-08, 3.13019810072e-09, 4.30854213418e-10, 2.24853941022e-10, 6.58173862633e-11, 3.55799036067e-11, 4.3384889431e-11, 2.65753842543e-11, 1.81865269372e-11, 2.02042427927e-11, 1.86416507231e-11, 1.30371512197e-11, 1.25999904954e-11, 8.28440007566e-12, 4.09537638177e-12, 3.29672405911e-13, 1.61597420016e-14, 3.07716058309e-16]
    },
    "mfcc": {
        "dmean": [13.2292909622, 9.54700660706, 8.56921386719, 7.897813797, 7.43033456802, 7.13780593872, 6.93024349213, 6.87515306473, 6.63177776337, 6.61888647079, 6.50769424438, 6.33660125732, 6.13695430756],
        "dmean2": [17.147567749, 14.1264667511, 12.9941930771, 12.4884223938, 11.8416910172, 11.3669948578, 11.2491149902, 11.2268314362, 10.7302732468, 10.7205276489, 10.6592445374, 10.4023342133, 10.0667266846],
        "dvar": [380.406158447, 112.002723694, 57.1099739075, 48.8568572998, 39.4207839966, 34.7028083801, 30.7967853546, 30.9528408051, 28.1039600372, 28.4601325989, 27.5889987946, 25.6233310699, 22.3754119873],
        "dvar2": [511.232574463, 194.674972534, 113.55758667, 113.802375793, 88.5693283081, 81.7152404785, 77.8620605469, 78.7313537598, 71.3088226318, 72.8759078979, 71.7710571289, 66.8256225586, 60.8610954285],
        "max": [-515.663330078, 272.04675293, 124.052902222, 118.479621887, 65.1066131592, 60.0153579712, 27.0884628296, 62.0014953613, 22.5194282532, 52.1999740601, 38.7800559998, 52.8500900269, 26.5682144165],
        "mean": [-657.200378418, 189.322738647, -8.00399971008, 45.6587295532, 3.71776437759, 16.0485401154, -15.4979295731, 13.1496076584, -8.92018795013, 7.70704555511, -4.70771694183, 2.5941593647, -10.1807537079],
        "median": [-642.885620117, 191.676605225, -9.14944839478, 44.3824920654, 3.52141189575, 16.7165164948, -14.6627044678, 13.517414093, -8.54438972473, 6.89751434326, -5.5328578949, 2.27769851685, -10.0442485809],
        "min": [-1138.42004395, 1.14440917969e-05, -110.403152466, -44.3638534546, -57.0501937866, -46.5779838562, -66.3718795776, -36.5171966553, -54.2068862915, -35.3169631958, -41.5607223511, -33.9634666443, -48.0799789429],
        "var": [5615.07763672, 1298.62915039, 1171.6607666, 538.295288086, 345.7293396, 253.946762085, 248.263381958, 170.72102356, 114.167480469, 176.196762085, 125.848442078, 96.1963806152, 93.8502120972],
        "cov": [[5617.24560547, -1297.4140625, -1030.07702637, 87.760848999, -619.946411133, 193.497375488, -476.494995117, 262.082427979, -209.296356201, 251.756271362, -126.437438965, 125.195526123, -166.375518799], [-1297.4140625, 1299.13049316, -259.801605225, -346.145080566, 158.907485962, -217.104507446, 205.153762817, -118.054901123, 62.9131813049, -45.6226463318, 137.681427002, -54.8819503784, 58.1129837036], [-1030.07702637, -259.801605225, 1172.11315918, 280.233581543, -8.85603618622, 231.188156128, 120.025810242, 46.329788208, -3.48671865463, -72.6985702515, -67.7605895996, -1.60114753246, 5.93546867371], [87.760848999, -346.145080566, 280.233581543, 538.503112793, 104.904571533, 50.6864509583, -125.973587036, 40.9873809814, 23.4662704468, -64.2200393677, -85.3845977783, 7.77055168152, 6.90220928192], [-619.946411133, 158.907485962, -8.85603618622, 104.904571533, 345.862823486, -56.7133750916, -9.95985031128, -15.0903968811, 38.3749160767, -10.1584711075, 4.12409830093, 4.81966686249, 15.3686218262], [193.497375488, -217.104507446, 231.188156128, 50.6864509583, -56.7133750916, 254.044815063, 50.8792953491, 21.1388874054, -15.4944152832, 10.5205049515, -15.7367067337, 5.45512199402, -18.9188632965], [-476.494995117, 205.153762817, 120.025810242, -125.973587036, -9.95985031128, 50.8792953491, 248.359237671, 4.89960002899, -9.22316169739, 9.33816242218, 44.3912162781, -7.14016294479, 4.14618206024], [262.082427979, -118.054901123, 46.329788208, 40.9873809814, -15.0903968811, 21.1388874054, 4.89960002899, 170.786941528, -5.53712081909, 18.0047740936, -9.35080051422, 27.7404689789, -18.3655700684], [-209.296356201, 62.9131813049, -3.48671865463, 23.4662704468, 38.3749160767, -15.4944152832, -9.22316169739, -5.53712081909, 114.211555481, 11.568523407, -2.32997393608, -7.81379175186, 4.69979667664], [251.756271362, -45.6226463318, -72.6985702515, -64.2200393677, -10.1584711075, 10.5205049515, 9.33816242218, 18.0047740936, 11.568523407, 176.264785767, 53.8316726685, -2.73900914192, -37.3697319031], [-126.437438965, 137.681427002, -67.7605895996, -85.3845977783, 4.12409830093, -15.7367067337, 44.3912162781, -9.35080051422, -2.32997393608, 53.8316726685, 125.897033691, 15.1480426788, -6.92118024826], [125.195526123, -54.8819503784, -1.60114753246, 7.77055168152, 4.81966686249, 5.45512199402, -7.14016294479, 27.7404689789, -7.81379175186, -2.73900914192, 15.1480426788, 96.2335281372, 21.9496974945], [-166.375518799, 58.1129837036, 5.93546867371, 6.90220928192, 15.3686218262, -18.9188632965, 4.14618206024, -18.3655700684, 4.69979667664, -37.3697319031, -6.92118024826, 21.9496974945, 93.8864440918]],
        "icov": [[0.000808809767477, 0.000119553267723, 0.000969583110418, -0.000463061413029, 0.00123044557404, -0.000914021336939, 0.000869659008458, -0.000710611639079, 0.00107300910167, -0.000991201843135, 0.000960501725785, -0.000900584331248, 0.000602133804932], [0.000119553267723, 0.00179880601354, 0.000222323127673, 0.000710173277184, -0.00055436004186, 0.000942936225329, -0.00102474249434, 0.000303480657749, -0.000702450517565, 0.000925847503822, -0.00127060699742, 0.000907318782993, -0.000484549585963], [0.000969583110418, 0.000222323127673, 0.00250081717968, -0.00128355994821, 0.00155155966058, -0.00190274650231, 8.18987246021e-05, -0.000905474182218, 0.00119848165195, -0.000847388233524, 0.00135789241176, -0.000976292125415, 0.000629770453088], [-0.000463061413029, 0.000710173277184, -0.00128355994821, 0.0037963190116, -0.00202287081629, 0.000505762640387, 0.000892343872692, -9.410239727e-05, -0.00132010993548, 0.00160829152446, -0.000417103176005, 0.000995778245851, -0.000640197889879], [0.00123044557404, -0.00055436004186, 0.00155155966058, -0.00202287081629, 0.00562751526013, -0.000962637073826, 0.00122003292199, -0.000839516171254, 0.00111360067967, -0.0020054327324, 0.00169158598874, -0.00208322959952, 0.000998723437078], [-0.000914021336939, 0.000942936225329, -0.00190274650231, 0.000505762640387, -0.000962637073826, 0.00708322972059, -0.0027134779375, 0.00121357815806, -0.00129268504679, 0.000950563699007, -0.00120259495452, 0.000867330760229, -2.6505025744e-05], [0.000869659008458, -0.00102474249434, 8.18987246021e-05, 0.000892343872692, 0.00122003292199, -0.0027134779375, 0.00767355971038, -0.00174286111724, 0.00181351020001, -0.00124742765911, 7.79255788075e-05, -0.0005752943689, 0.000231263518799], [-0.000710611639079, 0.000303480657749, -0.000905474182218, -9.410239727e-05, -0.000839516171254, 0.00121357815806, -0.00174286111724, 0.00755439000204, -0.000971805828158, 0.00017032805772, -9.16218559723e-05, -0.00153651204892, 0.00102264236193], [0.00107300910167, -0.000702450517565, 0.00119848165195, -0.00132010993548, 0.00111360067967, -0.00129268504679, 0.00181351020001, -0.000971805828158, 0.0112430239096, -0.0029418899212, 0.00226630782709, -0.000827272597235, 0.000271294324193], [-0.000991201843135, 0.000925847503822, -0.000847388233524, 0.00160829152446, -0.0020054327324, 0.000950563699007, -0.00124742765911, 0.00017032805772, -0.0029418899212, 0.00947044603527, -0.0050245160237, 0.00211109081283, 0.0012668374693], [0.000960501725785, -0.00127060699742, 0.00135789241176, -0.000417103176005, 0.00169158598874, -0.00120259495452, 7.79255788075e-05, -9.16218559723e-05, 0.00226630782709, -0.0050245160237, 0.0133184911683, -0.00436406955123, 0.00178152194712], [-0.000900584331248, 0.000907318782993, -0.000976292125415, 0.000995778245851, -0.00208322959952, 0.000867330760229, -0.0005752943689, -0.00153651204892, -0.000827272597235, 0.00211109081283, -0.00436406955123, 0.0141877364367, -0.00468535162508], [0.000602133804932, -0.000484549585963, 0.000629770453088, -0.000640197889879, 0.000998723437078, -2.6505025744e-05, 0.000231263518799, 0.00102264236193, 0.000271294324193, 0.0012668374693, 0.00178152194712, -0.00468535162508, 0.0137637602165]]
    }
}

}