{
"metadata": {
    "version": {
        "essentia": "2.0.1",
        "extractor": "archive-music 1.0 mod ismir14"
    },
    "audio_properties": {
        "analysis_sample_rate": 44100,
        "bitrate": 96,
        "channels": 2,
        "equal_loudness": 0,
        "length": 30.0669155121,
        "replay_gain": -13.5051937103,
        "downmix": "mix"
    },
    "tags": {
        "track": 0,
        "year": 0,
        "album": "",
        "artist": "",
        "comment": "",
        "genre": "",
        "title": ""
    }
},
"rhythm": {
    "bpm": 88.3256530762,
    "bpm_histogram_first_peak": 89,
    "bpm_histogram_first_peak_spread": 0.357142865658,
    "bpm_histogram_first_peak_weight": 0.62790697813,
    "bpm_histogram_second_peak": 94,
    "bpm_histogram_second_peak_spread": 0,
    "bpm_histogram_second_peak_weight": 0.0232558138669
},
"tonal": {
    "tuning_frequency": {
        "dmean": 0.0806373134255,
        "dmean2": 0.145873963833,
        "dvar": 1.03968179226,
        "dvar2": 2.84760260582,
        "max": 453.940612793,
        "mean": 449.939788818,
        "median": 452.631469727,
        "min": 431.692352295,
        "var": 33.7090301514
    },
    "hpcp": {
        "dmean": [0.155976697803, 0.160020977259, 0.182598799467, 0.157697305083, 0.137158274651, 0.231429949403, 0.298216104507, 0.258165419102, 0.206954166293, 0.267216324806, 0.28368088603, 0.194476813078],
        "dmean2": [0.287829399109, 0.297714501619, 0.338230907917, 0.290467679501, 0.252281695604, 0.426227748394, 0.550171434879, 0.471507698298, 0.385127961636, 0.493099838495, 0.52697968483, 0.361673504114],
        "dvar": [0.0677008628845, 0.0823146998882, 0.083554379642, 0.0745591968298, 0.062852807343, 0.0921878442168, 0.113863840699, 0.103360772133, 0.0916956886649, 0.104017846286, 0.112015217543, 0.0837805345654],
        "dvar2": [0.190733760595, 0.212502062321, 0.224612981081, 0.205214604735, 0.17958855629, 0.252918809652, 0.313599020243, 0.272485822439, 0.239337146282, 0.286813437939, 0.321038961411, 0.239065229893],
        "max": [1, 1, 1, 1, 1, 1, 1, 1, 1, 1, 1, 1],
        "mean": [0.131838366389, 0.135230347514, 0.154933840036, 0.132403075695, 0.103566706181, 0.226571217179, 0.283518671989, 0.249323099852, 0.17801527679, 0.243499130011, 0.246369317174, 0.158851861954],
        "median": [0.029856570065, 0.0154042523354, 0.0240555834025, 0.0204570833594, 0.0185766778886, 0.0537681169808, 0.0810736492276, 0.0612893104553, 0.0288429092616, 0.0789596363902, 0.0699357837439, 0.0288786720484],
        "min": [0, 0, 0, 0, 0, 0, 0, 0, 0, 0, 0, 0],
        "var": [0.0599473714828, 0.0758193060756, 0.0792248249054, 0.0685501620173, 0.0483184792101, 0.108328178525, 0.133174747229, 0.121125303209, 0.0894222781062, 0.11101205647, 0.113696709275, 0.0767301097512]
    }
},
"lowlevel": {
    "melbands": {
        "dmean": [0.000212557250052, 0.00078166736057, 0.000960398523603, 0.000481790833874, 0.000271803350188, 0.000433585955761, 0.000540064298548, 0.000388372864109, 0.000426531623816, 0.000258293177467, 0.000130333224661, 8.0531812273e-05, 6.20608116151e-05, 4.45571822638e-05, 6.29751302768e-05, 4.24606878369e-05, 4.3637559429e-05, 3.6205365177e-05, 2.85410660581e-05, 2.58221789409e-05, 2.19443263632e-05, 2.16259068111e-05, 2.72573543043e-05, 2.81510492641e-05, 2.11127007788e-05, 1.66076679307e-05, 1.2803536265e-05, 8.3052300397e-06, 4.83054918732e-06, 3.81619292966e-06, 2.74442027148e-06, 1.80099300451e-06, 8.92679906883e-07, 6.59338695641e-07, 5.85740849601e-07, 4.23163811547e-07, 2.64928672777e-07, 1.1171940173e-07, 1.90435063274e-08, 5.10698594525e-10],
        "dmean2": [0.000363474275218, 0.00134053057991, 0.00166396971326, 0.000818033411633, 0.00045726459939, 0.000732272863388, 0.000959687808063, 0.000636652344838, 0.000721729360521, 0.000437548063928, 0.000200630063773, 0.000118353025755, 9.66340157902e-05, 7.00057134964e-05, 9.4399198133e-05, 6.9095294748e-05, 7.11747052264e-05, 5.86168280279e-05, 4.67108548037e-05, 4.31456173828e-05, 3.61620077456e-05, 3.45052103512e-05, 4.46293706773e-05, 4.42564960395e-05, 3.28768510371e-05, 2.69334741461e-05, 1.94375497813e-05, 1.3080415556e-05, 7.87608860264e-06, 6.11622863289e-06, 4.24835297963e-06, 2.89160630018e-06, 1.43969236888e-06, 1.07150879103e-06, 9.3926308864e-07, 6.74091040764e-07, 4.24945767463e-07, 1.76799389351e-07, 3.0619109026e-08, 7.17791714955e-10],
        "dvar": [8.98428638152e-08, 1.15778630061e-06, 1.62043272667e-06, 5.34416017217e-07, 1.55943610025e-07, 3.27907173414e-07, 8.6179278469e-07, 9.14281599762e-07, 5.61646231745e-07, 2.76008449873e-07, 8.24338002303e-08, 4.8767429206e-08, 4.00056237027e-08, 1.77686896308e-08, 4.95119820698e-08, 1.27631389901e-08, 1.93799554182e-08, 9.57862500428e-09, 6.58833165801e-09, 7.44845518597e-09, 3.50489615109e-09, 3.71507447028e-09, 4.39217728854e-09, 4.70574468281e-09, 2.72698708059e-09, 1.1938323663e-09, 1.22866505858e-09, 6.39526653856e-10, 1.06654976517e-10, 9.13790085266e-11, 4.59642809925e-11, 1.49174769759e-11, 3.95588466498e-12, 1.34937319565e-12, 1.32523972265e-12, 5.10775829184e-13, 2.00232991537e-13, 6.13890990993e-14, 3.12102778416e-15, 1.87745121593e-18],
        "dvar2": [2.58380907781e-07, 3.03751630781e-06, 4.62209118268e-06, 1.52018481003e-06, 4.11863737781e-07, 8.70940766617e-07, 2.45511023422e-06, 2.28502813115e-06, 1.59670923949e-06, 7.31114027985e-07, 2.01723523219e-07, 8.93234854971e-08, 8.83928237272e-08, 4.31638902398e-08, 1.16972181274e-07, 3.0613588109e-08, 4.64454785742e-08, 2.36453985281e-08, 1.70528391408e-08, 2.01977794489e-08, 9.42487154987e-09, 1.02071826547e-08, 1.19149765609e-08, 1.1727026461e-08, 6.72509736788e-09, 2.87157075896e-09, 2.60079380254e-09, 1.36435440723e-09, 2.57363852452e-10, 2.00914937465e-10, 1.04451065852e-10, 3.56872829899e-11, 1.00684660262e-11, 3.67036782911e-12, 3.74053305691e-12, 1.3324738448e-12, 5.0550340823e-13, 1.54710676236e-13, 8.64107945625e-15, 4.04993790402e-18],
        "max": [0.00379522959702, 0.0140648959205, 0.0164332352579, 0.0107022533193, 0.00513156224042, 0.00701319193467, 0.00996585004032, 0.0105015458539, 0.0165174100548, 0.0140607655048, 0.00700293760747, 0.00580128654838, 0.00629995390773, 0.00336530478671, 0.00817928276956, 0.00287284585647, 0.00390087463893, 0.00217877724208, 0.00110826618038, 0.00186981796287, 0.000840570544824, 0.00152636051644, 0.00137220718898, 0.00152679160237, 0.00120519858319, 0.000647158129141, 0.000843496178277, 0.000784752715845, 0.00018233305309, 0.000312825519359, 0.000221227106522, 0.00011193590035, 4.40971380158e-05, 3.2053772884e-05, 2.22792787099e-05, 1.26598224597e-05, 8.55866437632e-06, 6.69908331474e-06, 1.39984967973e-06, 2.62953250285e-08],
        "mean": [0.000254773360211, 0.00105266913306, 0.00124907365534, 0.000711461703759, 0.000368281383999, 0.000639691250399, 0.000645643274765, 0.000497989705764, 0.000759543501772, 0.000441734795459, 0.000276643870166, 0.000153680317453, 0.000107239255158, 7.62782510719e-05, 0.000117843832413, 7.43027194403e-05, 7.54362336011e-05, 6.19842903689e-05, 4.35247166024e-05, 3.89129963878e-05, 3.64472034562e-05, 3.8014666643e-05, 5.70861520828e-05, 6.30473223282e-05, 4.08289633924e-05, 3.46688211721e-05, 2.89519120997e-05, 1.67216439877e-05, 9.02681676962e-06, 7.4130516623e-06, 5.9876965679e-06, 3.75315880774e-06, 1.94069775716e-06, 1.44624266341e-06, 1.3638037899e-06, 9.35410980674e-07, 5.62793559311e-07, 2.15958934291e-07, 3.24709752419e-08, 6.51333986745e-10],
        "median": [0.000121600969578, 0.000540486886166, 0.000693231413607, 0.000377913878765, 0.000204372685403, 0.000367577158613, 0.000283305853372, 0.000155316942255, 0.00026951203472, 0.000142890843563, 0.000118329386169, 4.76180794067e-05, 2.20039073611e-05, 2.18768345803e-05, 3.80701530958e-05, 1.92667139345e-05, 1.65481505974e-05, 1.31708602567e-05, 1.12711641123e-05, 7.73094961914e-06, 7.75111220719e-06, 7.88785018813e-06, 7.00728287484e-06, 5.77308946959e-06, 8.39156564325e-06, 8.88832073542e-06, 3.68549740415e-06, 4.040236945e-06, 4.10195252698e-06, 2.52493532571e-06, 1.56578278165e-06, 1.36499181735e-06, 8.69319137564e-07, 7.73924057285e-07, 7.15686553576e-07, 4.9763758625e-07, 3.2555962548e-07, 1.21226761962e-07, 1.52418326849e-08, 5.05095305858e-11],
        "min": [4.49108442492e-13, 5.65242636225e-14, 2.14481125866e-14, 2.75489700496e-13, 3.57689518195e-13, 1.55636668917e-12, 5.3032675907e-13, 6.99715350765e-14, 2.85455849496e-13, 1.08949405487e-12, 3.36101887424e-13, 7.71055582664e-14, 5.98412866568e-13, 2.7312104401e-13, 4.13132764489e-14, 6.37094408262e-14, 4.37566276886e-14, 6.76045387748e-14, 5.26405091392e-14, 2.55013051691e-13, 2.57825743177e-13, 3.13517034599e-13, 6.62646952826e-14, 6.15367132251e-14, 8.7012984166e-14, 4.21482320616e-13, 8.06584399965e-13, 1.05387866402e-13, 7.25807150384e-14, 2.40418680786e-14, 2.2001579161e-14, 5.44453398381e-14, 5.91997628761e-14, 3.37540596602e-14, 4.27643353671e-14, 3.82590450477e-14, 3.75658536125e-14, 2.72225123709e-14, 2.20537394499e-14, 7.38625011983e-15],
        "var": [1.54589500312e-07, 2.07258767659e-06, 2.47194520853e-06, 1.09190284547e-06, 2.34966620383e-07, 5.82719565045e-07, 9.62981403063e-07, 1.09078212063e-06, 2.61686614067e-06, 1.14570832466e-06, 2.38238200723e-07, 1.94400314513e-07, 1.41100656492e-07, 4.17186605262e-08, 1.07084730416e-07, 4.02674800171e-08, 5.62730875231e-08, 2.56403875909e-08, 1.03154311759e-08, 1.45088590031e-08, 7.00830371514e-09, 7.07725256177e-09, 1.56088244552e-08, 2.19213944774e-08, 8.26647816865e-09, 4.8616843884e-09, 5.76508840666e-09, 2.42979303344e-09, 2.51299175913e-10, 3.40177469527e-10, 1.98143737529e-10, 5.15593436001e-11, 1.2000445776e-11, 4.53449300677e-12, 4.76056954274e-12, 1.57569790549e-12, 4.45406813645e-13, 9.5954026788e-14, 3.36528095768e-15, 3.10849717909e-18]
    },
    "mfcc": {
        "dmean": [12.5752944946, 9.45211219788, 9.88005065918, 8.09154319763, 8.28727912903, 7.74534416199, 7.74908447266, 7.55552530289, 7.37023544312, 7.2620511055, 7.05011701584, 6.85183906555, 6.86215925217],
        "dmean2": [16.6695652008, 15.1999940872, 15.7231235504, 13.1981639862, 13.478348732, 12.9407739639, 12.707367897, 12.4335594177, 12.2064085007, 11.8735313416, 11.7221126556, 11.4540061951, 11.4614849091],
        "dvar": [218.749908447, 58.8062362671, 72.3785476685, 40.6183280945, 42.3818969727, 35.761554718, 37.3348731995, 33.2788391113, 31.3806438446, 30.9815998077, 29.3086204529, 27.5600891113, 28.3759765625],
        "dvar2": [333.153411865, 141.785202026, 178.494064331, 102.390800476, 110.747993469, 97.2795791626, 98.0702819824, 88.3808670044, 85.4707565308, 84.0899124146, 79.5882873535, 77.6454696655, 77.8459777832],
        "max": [-511.7918396, 194.824890137, 44.6367835999, 104.762428284, 25.0027351379, 46.7381820679, 39.9688949585, 61.2368240356, 12.8971786499, 53.7360153198, 27.4299278259, 48.058467865, 18.3194465637],
        "mean": [-630.413269043, 137.419372559, -21.104429245, 41.2229423523, -26.178894043, 8.92459774017, -17.6831436157, 11.5834140778, -16.6392383575, 14.4379854202, -8.12840080261, 8.27237129211, -14.953701973],
        "median": [-637.601867676, 139.93838501, -18.6310920715, 39.3378105164, -26.9311008453, 8.98131370544, -18.4442710876, 10.9434051514, -16.2310905457, 14.7590255737, -8.50343513489, 8.38914489746, -14.1322937012],
        "min": [-1138.42004395, 1.14440917969e-05, -108.281143188, -8.66872024536, -85.429725647, -32.6608085632, -55.7883110046, -27.7678146362, -54.0207710266, -34.2510986328, -38.7168579102, -22.3352165222, -59.2275543213],
        "var": [2188.56225586, 508.164886475, 556.487792969, 279.639221191, 234.711791992, 159.533554077, 191.84425354, 130.528503418, 111.225997925, 125.892196655, 99.5055999756, 88.002166748, 122.987335205],
        "cov": [[2189.40722656, -306.054107666, -697.056213379, 157.179107666, 9.64854717255, -80.9442672729, -71.6745071411, 133.973907471, -69.4711761475, -0.686295151711, -34.9577140808, 29.6600894928, -109.121620178], [-306.054107666, 508.361114502, 212.879440308, -164.878204346, -76.5255889893, 34.987449646, 3.2496380806, -81.0135955811, 41.6645507812, 21.2547531128, 25.5552024841, 21.953125, 54.9395866394], [-697.056213379, 212.879440308, 556.702636719, 17.9986476898, 25.6479282379, 58.3134651184, 12.1035318375, -22.334695816, 22.2078876495, 3.61056041718, -4.75601577759, -14.6330308914, 39.8276290894], [157.179107666, -164.878204346, 17.9986476898, 279.747161865, 140.86505127, -37.0434646606, -31.2619457245, 49.5183486938, -17.742105484, -20.0459136963, -18.8636169434, -13.8810777664, -6.71319246292], [9.64854717255, -76.5255889893, 25.6479282379, 140.86505127, 234.80241394, 11.7685785294, -33.390171051, 29.9316215515, -12.8595352173, -16.4245128632, -20.9400253296, -12.9925460815, 0.163645356894], [-80.9442672729, 34.987449646, 58.3134651184, -37.0434646606, 11.7685785294, 159.595153809, 94.9766616821, 12.3092422485, -0.172054260969, -18.6855945587, -6.26477718353, -1.43140077591, -17.7186584473], [-71.6745071411, 3.2496380806, 12.1035318375, -31.2619457245, -33.390171051, 94.9766616821, 191.918334961, 50.1682434082, -22.2852230072, -20.6664676666, -6.71028280258, 8.19067287445, -16.1421413422], [133.973907471, -81.0135955811, -22.334695816, 49.5183486938, 29.9316215515, 12.3092422485, 50.1682434082, 130.578903198, 10.664850235, -18.3399581909, -4.9787478447, -1.8978843689, -9.7967300415], [-69.4711761475, 41.6645507812, 22.2078876495, -17.742105484, -12.8595352173, -0.172054260969, -22.2852230072, 10.664850235, 111.268943787, 46.7954597473, 12.4402685165, 1.46361386776, 6.56489515305], [-0.686295151711, 21.2547531128, 3.61056041718, -20.0459136963, -16.4245128632, -18.6855945587, -20.6664676666, -18.3399581909, 46.7954597473, 125.940803528, 38.9537086487, 6.58711910248, 15.0359783173], [-34.9577140808, 25.5552024841, -4.75601577759, -18.8636169434, -20.9400253296, -6.26477718353, -6.71028280258, -4.9787478447, 12.4402685165, 38.9537086487, 99.5440216064, 33.9424247742, -0.201414316893], [29.6600894928, 21.953125, -14.6330308914, -13.8810777664, -12.9925460815, -1.43140077591, 8.19067287445, -1.8978843689, 1.46361386776, 6.58711910248, 33.9424247742, 88.0361404419, 41.2319602966], [-109.121620178, 54.9395866394, 39.8276290894, -6.71319246292, 0.163645356894, -17.7186584473, -16.1421413422, -9.7967300415, 6.56489515305, 15.0359783173, -0.201414316893, 41.2319602966, 123.034820557]],
        "icov": [[0.00119724520482, -0.000593665055931, 0.00156644918025, -0.00108808057848, 0.00071596854832, -0.000769072736148, 0.00134111114312, -0.00166031846311, 0.00125550595112, -0.00107419583946, 0.00122167007066, -0.00118717283476, 0.00115668121725], [-0.000593665055931, 0.00378718576394, -0.00201017456129, 0.00237497268245, -0.000509054923896, 0.000530899327714, -0.00100337271579, 0.00232036993839, -0.00176188582554, 0.00118463987019, -0.00127766863443, 0.000525529612787, -0.00153606908862], [0.00156644918025, -0.00201017456129, 0.00453922292218, -0.00245308945887, 0.000959401135333, -0.00200093910098, 0.00179932871833, -0.00208832207136, 0.00150010595098, -0.00143294467125, 0.00149590277579, -0.000616369594354, 0.000768120167777], [-0.00108808057848, 0.00237497268245, -0.00245308945887, 0.00787781644613, -0.00403666589409, 0.00272584427148, -0.001335191424, 0.000551948032808, -0.00104887248017, 0.00146730872802, -0.00114594458137, 0.00101073400583, -0.000998870120384], [0.00071596854832, -0.000509054923896, 0.000959401135333, -0.00403666589409, 0.00738159520552, -0.00307443831116, 0.00312903267331, -0.00216487096623, 0.00172072392888, -0.00098801671993, 0.0014956407249, -0.000581849075388, 0.000343435473042], [-0.000769072736148, 0.000530899327714, -0.00200093910098, 0.00272584427148, -0.00307443831116, 0.0113627016544, -0.00660757441074, 0.00242969254032, -0.00255494541489, 0.00210498762317, -0.000962853140663, 0.000640795798972, 0.000507065502461], [0.00134111114312, -0.00100337271579, 0.00179932871833, -0.001335191424, 0.00312903267331, -0.00660757441074, 0.0114753171802, -0.00615226756781, 0.00444054184482, -0.00219935341738, 0.00252933148295, -0.0027855837252, 0.0020116227679], [-0.00166031846311, 0.00232036993839, -0.00208832207136, 0.000551948032808, -0.00216487096623, 0.00242969254032, -0.00615226756781, 0.0136059168726, -0.00537106068805, 0.00377982552163, -0.00275426590815, 0.00214538886212, -0.00207239645533], [0.00125550595112, -0.00176188582554, 0.00150010595098, -0.00104887248017, 0.00172072392888, -0.00255494541489, 0.00444054184482, -0.00537106068805, 0.0137744657695, -0.00602833600715, 0.00219655758701, -0.00163508486003, 0.00169542734511], [-0.00107419583946, 0.00118463987019, -0.00143294467125, 0.00146730872802, -0.00098801671993, 0.00210498762317, -0.00219935341738, 0.00377982552163, -0.00602833600715, 0.0125569170341, -0.005659352988, 0.00289434241131, -0.00281304935925], [0.00122167007066, -0.00127766863443, 0.00149590277579, -0.00114594458137, 0.0014956407249, -0.000962853140663, 0.00252933148295, -0.00275426590815, 0.00219655758701, -0.005659352988, 0.0155209377408, -0.00770801957697, 0.00426213815808], [-0.00118717283476, 0.000525529612787, -0.000616369594354, 0.00101073400583, -0.000581849075388, 0.000640795798972, -0.0027855837252, 0.00214538886212, -0.00163508486003, 0.00289434241131, -0.00770801957697, 0.0182188469917, -0.00751916784793], [0.00115668121725, -0.00153606908862, 0.000768120167777, -0.000998870120384, 0.000343435473042, 0.000507065502461, 0.0020116227679, -0.00207239645533, 0.00169542734511, -0.00281304935925, 0.00426213815808, -0.00751916784793, 0.012488046661]]
    }
}

}