{
"metadata": {
    "version": {
        "essentia": "2.0.1",
        "extractor": "archive-music 1.0 mod ismir14"
    },
    "audio_properties": {
        "analysis_sample_rate": 44100,
        "bitrate": 128,
        "channels": 2,
        "equal_loudness": 0,
        "length": 30.0669155121,
        "replay_gain": -13.8883152008,
        "downmix": "mix"
    },
    "tags": {
        "track": 0,
        "year": 0,
        "album": "",
        "artist": "",
        "comment": "",
        "genre": "",
        "title": ""
    }
},
"rhythm": {
    "bpm": 90.2942581177,
    "bpm_histogram_first_peak": 91,
    "bpm_histogram_first_peak_spread": 0.31707316637,
    "bpm_histogram_first_peak_weight": 0.651162803173,
    "bpm_histogram_second_peak": 83,
    "bpm_histogram_second_peak_spread": 0.5,
    "bpm_histogram_second_peak_weight": 0.0232558138669
},
"tonal": {
    "tuning_frequency": {
        "dmean": 0.120620988309,
        "dmean2": 0.230361774564,
        "dvar": 1.48892068863,
        "dvar2": 3.21526288986,
        "max": 456.570251465,
        "mean": 447.427398682,
        "median": 451.065460205,
        "min": 431.193908691,
        "var": 27.9442653656
    },
    "hpcp": {
        "dmean": [0.17896476388, 0.175333708525, 0.168276593089, 0.132745340466, 0.174355477095, 0.18577632308, 0.213616713881, 0.247803986073, 0.179266884923, 0.16752833128, 0.183993563056, 0.192505389452],
        "dmean2": [0.334527999163, 0.333250105381, 0.311468660831, 0.246303185821, 0.318506211042, 0.343042373657, 0.4026042521, 0.453684955835, 0.336366921663, 0.316859215498, 0.348011225462, 0.357896029949],
        "dvar": [0.088078096509, 0.0997795984149, 0.0852416753769, 0.0675506740808, 0.0810496211052, 0.0896502882242, 0.112637773156, 0.107881560922, 0.0955634489655, 0.0868398919702, 0.0971227735281, 0.0879907459021],
        "dvar2": [0.232860550284, 0.282993555069, 0.243358537555, 0.188453018665, 0.224045142531, 0.243824064732, 0.30041244626, 0.280629903078, 0.270330518484, 0.250129908323, 0.278381645679, 0.244249045849],
        "max": [1, 1, 1, 1, 1, 1, 1, 1, 1, 1, 1, 1],
        "mean": [0.163006201386, 0.123979009688, 0.149566784501, 0.114619702101, 0.16844856739, 0.195648446679, 0.162160262465, 0.291023492813, 0.127368971705, 0.12652528286, 0.133101850748, 0.163217529655],
        "median": [0.0256085060537, 0.0095888748765, 0.0239752810448, 0.0119795203209, 0.0218881964684, 0.0246757380664, 0.0132026616484, 0.0710604563355, 0.0134410830215, 0.0159623790532, 0.0144120873883, 0.0297722164541],
        "min": [0, 0, 0, 0, 0, 0, 0, 0, 0, 0, 0, 0],
        "var": [0.0880272015929, 0.0752906054258, 0.0782084390521, 0.0638665035367, 0.090919777751, 0.108769573271, 0.0964632332325, 0.144569575787, 0.07141533494, 0.0679702460766, 0.0757078900933, 0.0810057893395]
    }
},
"lowlevel": {
    "melbands": {
        "dmean": [0.000754495908041, 0.00247620791197, 0.00121152214706, 0.000476633664221, 0.000336293858709, 0.000254301063251, 0.000279050524114, 0.000319467886584, 0.00046105356887, 0.000314277102007, 0.000145360245369, 0.000161868039868, 0.000140368530992, 9.53835915425e-05, 0.000137784882099, 0.000137571420055, 3.29269605572e-05, 2.55003305938e-05, 1.50451860463e-05, 1.81630875886e-05, 2.68889070867e-05, 2.02521659958e-05, 3.58561992471e-05, 2.56400599028e-05, 1.53870132635e-05, 1.75242021214e-05, 1.35177697302e-05, 8.30781846162e-06, 4.22542507295e-06, 3.4233507904e-06, 1.88714250271e-06, 8.65177980813e-07, 5.50270044641e-07, 4.27318070706e-07, 4.02219654916e-07, 3.34713092798e-07, 1.74323460556e-07, 1.17720780679e-07, 3.26095914716e-08, 2.59658405888e-09],
        "dmean2": [0.00124023819808, 0.00449275737628, 0.00212443154305, 0.000806542870123, 0.000581612170208, 0.000432068656664, 0.00046321740956, 0.000499646994285, 0.000679137185216, 0.000436052796431, 0.000215918786125, 0.000224292991334, 0.000185580254765, 0.000152062508278, 0.000204260126338, 0.000198453693883, 4.75113301945e-05, 3.82506041205e-05, 2.40735353145e-05, 2.91522319458e-05, 4.33187051385e-05, 3.28111564158e-05, 5.68586765439e-05, 3.81748468499e-05, 2.32202055486e-05, 2.76870541711e-05, 2.02245246328e-05, 1.23239642562e-05, 6.46139642413e-06, 5.15377450938e-06, 2.95006020679e-06, 1.36133166961e-06, 8.78970240592e-07, 6.80405889852e-07, 6.23803941835e-07, 5.30453405645e-07, 2.74064689165e-07, 1.83684790045e-07, 5.15443296933e-08, 3.96971167049e-09],
        "dvar": [6.64643152959e-07, 8.17960699351e-06, 1.80368590463e-06, 4.86246733544e-07, 5.52514507035e-07, 1.90749062767e-07, 2.33906092717e-07, 3.88142751717e-07, 8.64135131451e-07, 1.04890330022e-06, 3.05063451833e-07, 2.29008776387e-07, 1.33354618015e-07, 9.7554028855e-08, 1.33343348807e-07, 1.74897408556e-07, 9.72883285044e-09, 4.30850644051e-09, 6.36837083068e-10, 9.25405529983e-10, 2.97884383826e-09, 1.84337822784e-09, 6.17513595813e-09, 2.84161516539e-09, 9.0790380769e-10, 1.0963725483e-09, 7.73337116566e-10, 3.10156622607e-10, 7.47969117199e-11, 5.56960484677e-11, 1.49637975622e-11, 2.14346032243e-12, 6.66213828895e-13, 3.69955585264e-13, 4.13241869109e-13, 2.19203182081e-13, 7.00769534089e-14, 3.29344875211e-14, 2.8411685219e-15, 2.27511262922e-17],
        "dvar2": [1.86388115253e-06, 2.71425797109e-05, 5.18466913491e-06, 1.24188920836e-06, 1.55026759785e-06, 5.26306791926e-07, 6.08948084846e-07, 9.15144028113e-07, 1.74078581949e-06, 1.90170760561e-06, 5.35804360879e-07, 3.44355811421e-07, 2.19305690052e-07, 2.33980003372e-07, 2.37600048081e-07, 3.08661469717e-07, 1.33028290605e-08, 8.72347705183e-09, 1.50752965666e-09, 2.31488206381e-09, 7.25809323754e-09, 4.7989572316e-09, 1.60563846663e-08, 5.8413176518e-09, 1.97598359897e-09, 2.70608002673e-09, 1.63986935142e-09, 6.22028484276e-10, 1.54530499508e-10, 1.11625722554e-10, 3.60038665548e-11, 5.1102217076e-12, 1.71269975199e-12, 8.44537547534e-13, 9.22034041999e-13, 5.26317975747e-13, 1.64173199774e-13, 7.98798012328e-14, 6.31293189721e-15, 5.32485343232e-17],
        "max": [0.00832747574896, 0.0241024252027, 0.0133686270565, 0.00895115360618, 0.011550091207, 0.00627727853134, 0.0094953738153, 0.0102751618251, 0.0181312095374, 0.0196119826287, 0.0253230836242, 0.0174716729671, 0.0150537760928, 0.00829707551748, 0.00868277437985, 0.0121073052287, 0.00507725402713, 0.00175832211971, 0.000417589879362, 0.000356790522346, 0.000828919815831, 0.000674504844937, 0.0012142873602, 0.000869705574587, 0.000551281089429, 0.000454639724921, 0.000489644589834, 0.000329268921632, 0.000155175075633, 0.000141130352858, 6.71007874189e-05, 3.21476945828e-05, 1.18486013889e-05, 1.09875627459e-05, 1.339026403e-05, 7.83956875239e-06, 5.07720005771e-06, 4.32346587331e-06, 1.0187911812e-06, 9.81486323326e-08],
        "mean": [0.00127934862394, 0.00344130885787, 0.00181035615969, 0.000680048135109, 0.000438262446551, 0.000378148484742, 0.000441566575319, 0.000597406120505, 0.00090236280812, 0.000604988716077, 0.000236382053117, 0.000272618752206, 0.000310903618811, 0.000144838762935, 0.000228830700507, 0.000245369330514, 6.16987308604e-05, 4.31058069807e-05, 2.59033622569e-05, 3.05862522509e-05, 4.41451884399e-05, 3.46683445969e-05, 5.80276173423e-05, 4.63868018414e-05, 2.93538414553e-05, 3.14892859024e-05, 2.55402737821e-05, 1.55486050062e-05, 7.83525956649e-06, 6.04329943599e-06, 3.4253469039e-06, 1.74859189883e-06, 1.10403868803e-06, 9.45157694332e-07, 8.59073566062e-07, 7.12055282293e-07, 3.91362789287e-07, 2.57045826402e-07, 7.16087598107e-08, 4.07523703672e-09],
        "median": [0.000922518316656, 0.00239928788505, 0.00127468071878, 0.000398607662646, 0.000194287873455, 0.000178430054802, 0.000167028381838, 0.000181959519978, 0.000238736902247, 8.9191897132e-05, 4.97984074173e-05, 6.01110841671e-05, 4.81462375319e-05, 4.45261357527e-05, 5.5176227761e-05, 4.13440357079e-05, 1.39359626701e-05, 1.09696366053e-05, 1.07039450086e-05, 1.23116342365e-05, 1.33856565299e-05, 1.08233734863e-05, 1.53813471115e-05, 1.04539331005e-05, 1.02857884485e-05, 1.22349701996e-05, 6.88444333719e-06, 3.96905488742e-06, 3.01619206766e-06, 2.08105439015e-06, 1.44403509239e-06, 9.68788526734e-07, 7.10942629212e-07, 6.00854548338e-07, 5.56587849587e-07, 4.95604751904e-07, 2.41107301235e-07, 1.61648273433e-07, 4.21767154535e-08, 1.8512582578e-09],
        "min": [2.16375947718e-23, 1.11901736941e-22, 1.09182186302e-22, 2.13294925235e-23, 7.78326851123e-24, 6.5419225128e-24, 1.16388774615e-23, 9.15382519277e-24, 6.70066104846e-24, 1.11781085399e-23, 1.31470911598e-23, 1.4621844534e-23, 3.09684924165e-23, 1.93181275626e-23, 8.66623815586e-24, 1.23077723445e-23, 1.04391841077e-23, 1.61985581802e-23, 1.82956455003e-23, 1.28254820351e-23, 4.73667112919e-24, 2.53047677288e-23, 2.22647029039e-23, 3.10510609098e-23, 2.18647094042e-23, 1.75817705573e-23, 1.1198388576e-23, 1.75344988564e-23, 2.04193836972e-23, 2.61806762794e-23, 2.52294835771e-23, 2.65567341616e-23, 2.40151805194e-23, 2.29986685564e-23, 1.35530405594e-23, 3.03464156394e-23, 2.40006923e-23, 3.83688722991e-23, 2.39763385861e-23, 1.32099965061e-23],
        "var": [1.46588354255e-06, 1.04650516732e-05, 2.92622598863e-06, 7.39148333651e-07, 6.04804768045e-07, 3.37980765153e-07, 6.07520860285e-07, 1.08086828732e-06, 2.77341064248e-06, 3.62855485037e-06, 1.21810330711e-06, 7.08434015451e-07, 6.98717428804e-07, 1.31369873202e-07, 3.41976630125e-07, 6.08637890309e-07, 6.24186569098e-08, 1.54571644373e-08, 1.59284274659e-09, 1.78618952962e-09, 5.41492273243e-09, 3.3046301251e-09, 1.18372067703e-08, 7.46059214407e-09, 2.25762186723e-09, 2.46212916721e-09, 2.06619232834e-09, 8.19889212078e-10, 1.80903153568e-10, 1.340884348e-10, 2.99294027062e-11, 4.90789006657e-12, 1.51431460687e-12, 1.04659792118e-12, 9.47790131968e-13, 5.14205811177e-13, 1.91360355296e-13, 8.97283278494e-14, 8.01597422337e-15, 4.44000575793e-17]
    },
    "mfcc": {
        "dmean": [13.3067140579, 8.8977766037, 9.68741416931, 8.34049797058, 8.07153320312, 7.8800110817, 7.56016588211, 7.33546924591, 7.00563764572, 6.83866119385, 6.82523918152, 6.73878335953, 6.3842663765],
        "dmean2": [16.3551635742, 13.9875764847, 14.9981908798, 13.3911895752, 13.1575307846, 12.8111772537, 12.6254262924, 12.0911502838, 11.5021791458, 11.2178277969, 11.2076721191, 11.1109867096, 10.4652929306],
        "dvar": [253.610397339, 48.2486076355, 66.8451538086, 43.8360786438, 38.4922103882, 37.2949523926, 33.4891395569, 30.7709674835, 28.9341583252, 27.7981319427, 28.4836788177, 27.8799037933, 24.1043186188],
        "dvar2": [266.302154541, 118.809654236, 142.367782593, 107.811592102, 99.3838195801, 94.5340118408, 90.8525848389, 84.4441452026, 78.1621856689, 74.8862991333, 77.5051116943, 73.5302505493, 63.5384483337],
        "max": [-515.680969238, 199.575073242, 47.4915733337, 96.1261901855, 31.8182601929, 57.377872467, 45.1614494324, 66.3759384155, 21.1147613525, 49.2066268921, 28.2784233093, 46.2837295532, 23.243347168],
        "mean": [-621.18359375, 142.959411621, -20.2094116211, 42.781211853, -10.9445533752, 11.1433973312, -0.625547349453, 18.9004154205, -11.534277916, 12.3141241074, -4.3243098259, 13.7956323624, -5.8086681366],
        "median": [-623.74029541, 143.832962036, -18.0414772034, 42.5664978027, -10.9891586304, 12.0116977692, -1.13389587402, 19.1828117371, -11.2876434326, 12.0855541229, -4.13965034485, 13.8269920349, -5.70483970642],
        "min": [-1138.42004395, 1.14440917969e-05, -84.5287017822, -16.7891998291, -58.0003128052, -35.3401641846, -37.5513458252, -19.6064338684, -50.5302848816, -34.0279693604, -35.5341415405, -17.2401123047, -36.5576248169],
        "var": [2322.03271484, 304.07409668, 503.060974121, 306.078857422, 230.289199829, 221.903518677, 169.929641724, 131.376403809, 94.1738433838, 105.502677917, 96.0169448853, 89.5262908936, 76.652053833],
        "cov": [[2322.92919922, 111.560836792, -668.47644043, 46.3555030823, -324.324890137, -215.235427856, -146.754150391, -54.7724647522, -61.6117210388, 7.91840171814, -76.9148025513, 21.1601161957, -83.2767486572], [111.560836792, 304.191497803, -0.50769084692, -90.2053985596, -69.0431442261, 0.854693830013, 14.3285474777, 7.32389354706, -17.8412380219, 16.1678562164, 44.6722259521, -0.684934020042, -2.29993200302], [-668.47644043, -0.50769084692, 503.255218506, -13.3803977966, 173.31817627, 65.1216049194, 24.2588500977, 10.0692148209, 31.4337444305, 11.4289522171, 11.3092317581, -16.2155151367, 28.3637943268], [46.3555030823, -90.2053985596, -13.3803977966, 306.197021484, 69.6180648804, -2.99075913429, -61.0384407043, -20.9934883118, 41.7489776611, 17.0856304169, -42.3176498413, -5.40386629105, 21.2917575836], [-324.324890137, -69.0431442261, 173.31817627, 69.6180648804, 230.378112793, 41.3664169312, 21.9457492828, -16.9234924316, 25.3705062866, 21.8898715973, -10.4816703796, -1.66362416744, 7.97878694534], [-215.235427856, 0.854693830013, 65.1216049194, -2.99075913429, 41.3664169312, 221.989196777, 104.324371338, 40.0431518555, -21.5767192841, -9.26682186127, 35.9672813416, -3.67269992828, -16.4847736359], [-146.754150391, 14.3285474777, 24.2588500977, -61.0384407043, 21.9457492828, 104.324371338, 169.995239258, 68.1123504639, -7.03734540939, -22.5121097565, 24.1873378754, 12.2478532791, -11.6003608704], [-54.7724647522, 7.32389354706, 10.0692148209, -20.9934883118, -16.9234924316, 40.0431518555, 68.1123504639, 131.427139282, 19.4935970306, -14.8658876419, 6.20493459702, 11.7087516785, 5.24752902985], [-61.6117210388, -17.8412380219, 31.4337444305, 41.7489776611, 25.3705062866, -21.5767192841, -7.03734540939, 19.4935970306, 94.2102050781, 38.8944282532, 1.30004990101, -2.58291864395, 11.4535961151], [7.91840171814, 16.1678562164, 11.4289522171, 17.0856304169, 21.8898715973, -9.26682186127, -22.5121097565, -14.8658876419, 38.8944282532, 105.543411255, 26.1790332794, -0.706844449043, -3.33867025375], [-76.9148025513, 44.6722259521, 11.3092317581, -42.3176498413, -10.4816703796, 35.9672813416, 24.1873378754, 6.20493459702, 1.30004990101, 26.1790332794, 96.0540161133, 29.0958652496, -0.97304803133], [21.1601161957, -0.684934020042, -16.2155151367, -5.40386629105, -1.66362416744, -3.67269992828, 12.2478532791, 11.7087516785, -2.58291864395, -0.706844449043, 29.0958652496, 89.5608596802, 24.7544364929], [-83.2767486572, -2.29993200302, 28.3637943268, 21.2917575836, 7.97878694534, -16.4847736359, -11.6003608704, 5.24752902985, 11.4535961151, -3.33867025375, -0.97304803133, 24.7544364929, 76.6816482544]],
        "icov": [[0.000889785238542, -0.000378062017262, 0.000849531847052, -0.000242909227381, 0.000490511010867, 0.000327239511535, 0.000280386186205, -4.31305215898e-06, 0.000313866039505, -0.000372512993636, 0.000831979326904, -0.000605800654739, 0.000913232041057], [-0.000378062017262, 0.00423963693902, -0.000747116224375, 0.000712792563718, 0.00105223921128, 0.000165152960108, -0.000488219957333, -4.71989478683e-05, 0.000699535594322, -0.000806370575447, -0.00177805812564, 0.000946052838117, -0.00081715680426], [0.000849531847052, -0.000747116224375, 0.00396540341899, 0.000671616930049, -0.00218082172796, -0.000513782957569, 0.00113295705523, -0.000434993417002, -0.000588422990404, 0.000209434263525, 0.000385833118344, 0.000377625110559, -0.000455434375908], [-0.000242909227381, 0.000712792563718, 0.000671616930049, 0.00494020665064, -0.00171329011209, -0.00165547535289, 0.00227634981275, 1.59248229465e-05, -0.00209170696326, 0.000104238228232, 0.00144403416198, -9.09715599846e-05, -0.00133225100581], [0.000490511010867, 0.00105223921128, -0.00218082172796, -0.00171329011209, 0.00810064561665, -0.000115101836855, -0.00208317581564, 0.0020103645511, -0.000171154315467, -0.00185366184451, 0.00161567889154, -0.00122819712851, 0.000888150068931], [0.000327239511535, 0.000165152960108, -0.000513782957569, -0.00165547535289, -0.000115101836855, 0.00799355097115, -0.00439688516781, -0.000802721420769, 0.00295952428132, -0.000436060043285, -0.00265722256154, 0.00137911899947, 0.0011902616825], [0.000280386186205, -0.000488219957333, 0.00113295705523, 0.00227634981275, -0.00208317581564, -0.00439688516781, 0.0119003131986, -0.00423424411565, -0.000976973446086, 0.00196144077927, -8.0180929217e-05, -0.0013577301288, 0.00126890093088], [-4.31305215898e-06, -4.71989478683e-05, -0.000434993417002, 1.59248229465e-05, 0.0020103645511, -0.000802721420769, -0.00423424411565, 0.0111342547461, -0.00374215329066, 0.00133665825706, 0.000986081315205, -0.00119619595353, -0.000618053192738], [0.000313866039505, 0.000699535594322, -0.000588422990404, -0.00209170696326, -0.000171154315467, 0.00295952428132, -0.000976973446086, -0.00374215329066, 0.0161773599684, -0.00601659435779, -0.000574524397962, 0.00137912412174, -0.00120818603318], [-0.000372512993636, -0.000806370575447, 0.000209434263525, 0.000104238228232, -0.00185366184451, -0.000436060043285, 0.00196144077927, 0.00133665825706, -0.00601659435779, 0.0138940392062, -0.00444058794528, 0.000739241775591, 0.000977857154794], [0.000831979326904, -0.00177805812564, 0.000385833118344, 0.00144403416198, 0.00161567889154, -0.00265722256154, -8.0180929217e-05, 0.000986081315205, -0.000574524397962, -0.00444058794528, 0.0167267490178, -0.00617395713925, 0.00158537784591], [-0.000605800654739, 0.000946052838117, 0.000377625110559, -9.09715599846e-05, -0.00122819712851, 0.00137911899947, -0.0013577301288, -0.00119619595353, 0.00137912412174, 0.000739241775591, -0.00617395713925, 0.015369576402, -0.00565698416904], [0.000913232041057, -0.00081715680426, -0.000455434375908, -0.00133225100581, 0.000888150068931, 0.0011902616825, 0.00126890093088, -0.000618053192738, -0.00120818603318, 0.000977857154794, 0.00158537784591, -0.00565698416904, 0.0170136429369]]
    }
}

}