{
"metadata": {
    "version": {
        "essentia": "2.0.1",
        "extractor": "archive-music 1.0 mod ismir14"
    },
    "audio_properties": {
        "analysis_sample_rate": 44100,
        "bitrate": 721,
        "channels": 2,
        "equal_loudness": 0,
        "length": 29.9995231628,
        "replay_gain": -8.87201309204,
        "downmix": "mix"
    },
    "tags": {
        "track": 0,
        "year": 0,
        "album": "",
        "artist": "",
        "comment": "",
        "genre": "",
        "title": ""
    }
},
"rhythm": {
    "bpm": 131.233383179,
    "bpm_histogram_first_peak": 133,
    "bpm_histogram_first_peak_spread": 0.5,
    "bpm_histogram_first_peak_weight": 0.428571432829,
    "bpm_histogram_second_peak": 126,
    "bpm_histogram_second_peak_spread": 0.375,
    "bpm_histogram_second_peak_weight": 0.0793650820851
},
"tonal": {
    "tuning_frequency": {
        "dmean": 0.0423625074327,
        "dmean2": 0.081652469933,
        "dvar": 0.443974554539,
        "dvar2": 0.963820099831,
        "max": 455.253540039,
        "mean": 435.483276367,
        "median": 434.193115234,
        "min": 434.193115234,
        "var": 20.1306819916
    },
    "hpcp": {
        "dmean": [0.109260700643, 0.117400296032, 0.158812731504, 0.169678539038, 0.151404052973, 0.131685048342, 0.134601831436, 0.166296124458, 0.23271740973, 0.139908373356, 0.136960938573, 0.114103361964],
        "dmean2": [0.212541103363, 0.224394470453, 0.307198315859, 0.320782184601, 0.29317522049, 0.255995243788, 0.256554931402, 0.322771370411, 0.445906072855, 0.273059338331, 0.262354820967, 0.222351551056],
        "dvar": [0.0778020173311, 0.076965495944, 0.104207091033, 0.101429656148, 0.0983797386289, 0.0867108404636, 0.083324380219, 0.108188711107, 0.135589942336, 0.0971124172211, 0.0882515311241, 0.0813762694597],
        "dvar2": [0.223334908485, 0.220579430461, 0.294037699699, 0.281466066837, 0.279453486204, 0.243804916739, 0.236084699631, 0.310339957476, 0.375810027122, 0.269607692957, 0.248867914081, 0.235967934132],
        "max": [1, 1, 1, 1, 1, 1, 1, 1, 1, 1, 1, 1],
        "mean": [0.0680624544621, 0.108521252871, 0.115380421281, 0.202518448234, 0.107119530439, 0.101579993963, 0.128304049373, 0.116979695857, 0.204041913152, 0.096159286797, 0.0967658832669, 0.0815274789929],
        "median": [0.000362355291145, 0.00169882515911, 0.000746195379179, 0.00318649993278, 0.00104351225309, 0.00117765343748, 0.00156541622709, 0.00106376106851, 0.00476283859462, 0.000343343621353, 0.00180948362686, 0.000569544616155],
        "min": [0, 0, 1.16722395638e-10, 0, 0, 3.48012889617e-07, 0, 0, 0, 0, 0, 0],
        "var": [0.0507717803121, 0.0775480568409, 0.084458693862, 0.133333593607, 0.0759232267737, 0.0740787386894, 0.0894010290504, 0.0846240669489, 0.134153857827, 0.0733131244779, 0.064094632864, 0.061667855829]
    }
},
"lowlevel": {
    "melbands": {
        "dmean": [0.000826945877634, 0.00335273775272, 0.00346269039437, 0.00180856860243, 0.00100410671439, 0.000369622342987, 0.000123416335555, 0.000120018114103, 5.0501235819e-05, 2.58771215158e-05, 2.72032975772e-05, 2.82350829366e-05, 8.86157431523e-06, 6.71542329655e-06, 7.8083594417e-06, 4.51208416052e-06, 3.6078215544e-06, 1.62713149621e-06, 1.52196366798e-06, 1.43965075949e-06, 9.58690861808e-07, 1.26639952214e-06, 1.52935695041e-06, 1.37936842748e-06, 6.04662602655e-07, 3.49711228864e-07, 5.79252798616e-07, 7.85724466823e-07, 7.16347301477e-07, 8.06335833659e-07, 1.4358606677e-06, 2.74200715467e-06, 2.75061302091e-06, 1.6544911432e-06, 7.26729126654e-07, 3.26889391999e-07, 1.9089308978e-07, 7.27100015752e-08, 2.47489833072e-08, 3.51143691901e-09],
        "dmean2": [0.00141126173548, 0.00579357752576, 0.00587775604799, 0.00301340618171, 0.00166614016052, 0.000625695392955, 0.000182423638762, 0.000168758168002, 6.77640855429e-05, 3.36353914463e-05, 3.56856762664e-05, 3.70545130863e-05, 1.26336517496e-05, 1.03978927655e-05, 1.09555057861e-05, 6.50556330584e-06, 4.99857696923e-06, 2.37891231336e-06, 2.13272028304e-06, 2.11960627894e-06, 1.38421421525e-06, 1.90998525795e-06, 2.25367489293e-06, 2.03824288292e-06, 9.25505219129e-07, 5.21962022049e-07, 8.79709261881e-07, 1.28331066662e-06, 1.14316628697e-06, 1.21517985008e-06, 2.20276319851e-06, 4.39411132902e-06, 4.1061198317e-06, 2.56447196989e-06, 1.16560727292e-06, 5.05067191625e-07, 2.87276463951e-07, 1.10476847226e-07, 3.60584095915e-08, 5.46181055938e-09],
        "dvar": [2.76474520433e-06, 2.90035823127e-05, 3.2313666452e-05, 9.05924025574e-06, 2.61537275037e-06, 4.4567087798e-07, 1.41365021022e-07, 1.50680335764e-07, 1.83984383284e-08, 1.03660786621e-08, 6.94358170961e-09, 1.86050588269e-08, 1.49150514162e-09, 5.67533131601e-10, 6.84259759964e-10, 4.37228975247e-10, 5.20141707483e-10, 3.91075921646e-11, 6.34604660488e-11, 6.50505829758e-11, 1.52637815581e-11, 2.25020679173e-11, 3.41450062669e-11, 2.96455499038e-11, 5.73290633715e-12, 9.19974057871e-13, 5.24042614858e-12, 1.23880445832e-11, 7.89030906584e-12, 2.14822326594e-11, 6.40208719371e-11, 3.60098867391e-10, 5.28471044703e-10, 1.67001731888e-10, 1.46451184513e-11, 1.28981905451e-12, 4.54992922679e-13, 7.75123305927e-14, 1.21920541764e-14, 3.90987549716e-16],
        "dvar2": [7.50983326725e-06, 8.72556629474e-05, 0.000104928061774, 2.44930179178e-05, 7.21832248018e-06, 1.24073199004e-06, 2.10823827729e-07, 2.38486933313e-07, 2.82872463231e-08, 1.41409985943e-08, 1.2176363029e-08, 2.16650697382e-08, 3.80891762575e-09, 1.40339562194e-09, 1.09173614593e-09, 8.44546821366e-10, 9.13516318146e-10, 7.43261424629e-11, 9.75633185352e-11, 1.28873148264e-10, 2.75274178452e-11, 5.35494600051e-11, 8.31173949112e-11, 6.11259029504e-11, 1.28671960239e-11, 1.90271171215e-12, 1.14596526712e-11, 3.3079858297e-11, 1.91751736017e-11, 5.29882734912e-11, 1.46935741352e-10, 9.55357570831e-10, 1.2626650836e-09, 3.43467088104e-10, 4.09150283098e-11, 2.95682879223e-12, 1.11189323807e-12, 1.86119159364e-13, 3.01691011311e-14, 9.95394156098e-16],
        "max": [0.0332657806575, 0.0591877922416, 0.0701642334461, 0.0832480341196, 0.0256985612214, 0.0115316212177, 0.00985258538276, 0.0100017888471, 0.0036476275418, 0.00396139919758, 0.00206447206438, 0.00989578105509, 0.00107550586108, 0.000643492850941, 0.00144551263656, 0.000850756769069, 0.00101904151961, 0.000266183866188, 0.000326398236211, 0.000312162941555, 0.000132940200274, 0.000128486179165, 0.000144588761032, 0.000135576294269, 8.49580465001e-05, 2.72710094578e-05, 6.94908812875e-05, 0.000116482769954, 6.56186239212e-05, 0.000149481376866, 0.000227524884394, 0.000495990389027, 0.000901930325199, 0.000581116764806, 0.000117315357784, 2.82828623313e-05, 1.28327856146e-05, 9.69401753537e-06, 3.23127210322e-06, 7.40231996588e-07],
        "mean": [0.00150804384612, 0.00614535436034, 0.00744232675061, 0.00361305545084, 0.00225195614621, 0.000812785176095, 0.000301304797176, 0.000299728504615, 0.000141812255606, 8.66024347488e-05, 8.49436255521e-05, 8.63790774019e-05, 2.26457232202e-05, 1.27339935716e-05, 1.96329783648e-05, 1.15620086945e-05, 8.0487525338e-06, 3.39808434546e-06, 3.27116777044e-06, 3.1887602745e-06, 1.74331034941e-06, 2.61336299445e-06, 3.12558881888e-06, 2.44957095674e-06, 1.05987612642e-06, 7.13205679403e-07, 9.96830976874e-07, 1.29292004658e-06, 1.12577777145e-06, 1.3604732203e-06, 2.42044529841e-06, 4.08319147027e-06, 4.17072033088e-06, 2.9016202916e-06, 1.30232092488e-06, 7.01928001945e-07, 3.99765383463e-07, 1.47603913092e-07, 4.82660134082e-08, 5.92424020951e-09],
        "median": [0.00036619277671, 0.00282781990245, 0.00320653151721, 0.00194822158664, 0.000786082120612, 0.000291008123895, 8.93455726327e-05, 5.02533839608e-05, 1.93876112462e-05, 7.01491990185e-06, 7.80631489761e-06, 7.90007106843e-06, 3.25495420839e-06, 3.42188013747e-06, 2.68841540674e-06, 1.03085085357e-06, 6.50453955586e-07, 4.4813225486e-07, 2.40055953782e-07, 2.15004490656e-07, 2.03734870752e-07, 3.59026586239e-07, 3.61570982932e-07, 2.28272980962e-07, 1.37371344522e-07, 1.12161131938e-07, 1.60244269409e-07, 1.67825319863e-07, 9.540065804e-08, 1.1669494171e-07, 1.26828012981e-07, 8.54936601513e-08, 1.09070548149e-07, 7.96923131929e-08, 7.16371530984e-08, 5.76523540019e-08, 3.66271422081e-08, 1.36005242624e-08, 4.06684907972e-09, 4.30530555651e-10],
        "min": [6.0820312342e-08, 6.81231426825e-07, 1.06736638372e-06, 1.31846366003e-06, 7.45534634916e-07, 2.87443924663e-07, 1.35969770554e-07, 9.4955268537e-08, 5.28374961561e-08, 1.42961305016e-08, 1.31951534144e-08, 1.52761465699e-08, 9.83271952748e-09, 2.01140859524e-09, 3.52831808215e-09, 3.96954114024e-09, 2.02696637253e-09, 1.4212715449e-09, 2.4227548856e-09, 1.55665180746e-09, 6.64827248809e-10, 1.27728583266e-09, 1.38060973764e-09, 8.58412008142e-10, 1.01275543507e-09, 9.61523860532e-10, 1.13733145124e-09, 1.27248778181e-09, 8.67510396851e-10, 7.06317615506e-10, 1.20214194155e-09, 9.43132349995e-10, 9.09823605344e-10, 6.84053202971e-10, 5.65556990129e-10, 7.33555605148e-10, 5.81239723019e-10, 1.81965817414e-10, 5.12303810485e-11, 5.21472622028e-12],
        "var": [1.26360564536e-05, 5.66701091884e-05, 8.75680925674e-05, 3.01139316434e-05, 1.16182036436e-05, 1.76875380475e-06, 7.58850205784e-07, 7.3916993415e-07, 1.41104806062e-07, 9.8825900352e-08, 5.33386455004e-08, 2.5724963848e-07, 5.79706727066e-09, 1.16040921316e-09, 6.68841559914e-09, 2.00852379173e-09, 1.76964465304e-09, 1.11965395289e-10, 2.56948295974e-10, 2.58380594698e-10, 3.80412056022e-11, 4.48232249928e-11, 8.1161168064e-11, 7.10577777174e-11, 1.28211954942e-11, 3.64652145285e-12, 1.3434573766e-11, 3.42062315972e-11, 1.61929410852e-11, 4.21050451449e-11, 1.58748278412e-10, 5.68216307339e-10, 7.72380825964e-10, 4.82756723486e-10, 3.61788203562e-11, 5.21604461012e-12, 1.63164891754e-12, 2.71727762903e-13, 4.34467999771e-14, 9.17126829464e-16]
    },
    "mfcc": {
        "dmean": [16.7454738617, 12.5439529419, 9.47046661377, 7.9880490303, 7.55256938934, 7.55966186523, 7.12636184692, 6.73679685593, 6.68831348419, 6.77412700653, 6.5952630043, 6.4517455101, 6.02566289902],
        "dmean2": [20.7551670074, 16.8956298828, 14.4724779129, 12.1034955978, 12.1442346573, 11.8916311264, 11.5046730042, 10.9585905075, 10.9962348938, 10.8903102875, 10.8163175583, 10.6836986542, 9.94390392303],
        "dvar": [396.192199707, 177.846069336, 83.0474090576, 48.0646362305, 38.2342300415, 40.8857116699, 35.5088768005, 28.2940578461, 29.0040817261, 30.6046981812, 26.7979240417, 24.6860904694, 23.9553012848],
        "dvar2": [642.765686035, 255.565734863, 186.200164795, 106.429794312, 94.2666549683, 91.0320892334, 83.5409088135, 72.2190856934, 77.073600769, 79.7155609131, 68.9274673462, 66.5665206909, 65.0707702637],
        "max": [-554.898193359, 271.501342773, 128.560668945, 139.191741943, 44.3013267517, 85.7170715332, 33.9490432739, 52.8238830566, 28.2406349182, 42.9547653198, 23.9233436584, 47.9379119873, 22.4515380859],
        "mean": [-748.473937988, 176.743286133, 48.1934700012, 45.6339416504, -5.33741474152, 19.0957984924, -8.93129730225, 11.059264183, -14.6593961716, -5.19584703445, -11.6462898254, 2.84256577492, -10.5745515823],
        "median": [-740.671386719, 186.69430542, 48.5857582092, 44.0544090271, -4.53587722778, 19.6799430847, -7.98706054688, 10.7298851013, -14.6727905273, -4.40945053101, -10.9335250854, 2.66690063477, -10.080324173],
        "min": [-969.284240723, -27.2457942963, -41.7664489746, -25.5447616577, -55.1408081055, -49.2342338562, -67.5612335205, -35.51978302, -60.2255821228, -59.2323684692, -58.9284133911, -37.2623252869, -45.7013626099],
        "var": [5559.58349609, 2424.24829102, 753.382995605, 614.411865234, 262.435668945, 331.485534668, 256.035247803, 167.271606445, 138.160827637, 235.610443115, 174.158660889, 146.792449951, 107.894859314],
        "cov": [[5561.73486328, -425.265289307, -767.938659668, 35.3129882812, -354.399993896, -61.0096702576, -453.382019043, 216.310516357, -240.060928345, 277.364807129, -113.151802063, 97.1950912476, -308.380645752], [-425.265289307, 2425.18652344, -330.536804199, -375.537963867, 171.512634277, -340.798461914, 122.840591431, 45.2871780396, -53.4369812012, -230.954696655, 34.8085670471, -34.0451469421, -51.9807701111], [-767.938659668, -330.536804199, 753.674560547, 159.220916748, -55.6826934814, 205.263427734, 44.5764579773, -55.3422012329, 25.2063865662, -89.1112747192, 21.6977138519, -26.0601119995, 74.1383972168], [35.3129882812, -375.537963867, 159.220916748, 614.649597168, 133.408905029, -84.7565231323, -76.6344909668, 39.6244468689, -15.3289823532, -88.6605072021, -5.4885392189, -44.1629867554, 46.9259109497], [-354.399993896, 171.512634277, -55.6826934814, 133.408905029, 262.537231445, -33.3003540039, 6.55404520035, 4.69284248352, 22.5356864929, -35.7191581726, -4.26218557358, 12.1200523376, 12.9588346481], [-61.0096702576, -340.798461914, 205.263427734, -84.7565231323, -33.3003540039, 331.613830566, 63.5462989807, -20.8418216705, 47.1188430786, 62.1021537781, 42.1258392334, 9.29859352112, 27.3437175751], [-453.382019043, 122.840591431, 44.5764579773, -76.6344909668, 6.55404520035, 63.5462989807, 256.134338379, 38.9844245911, 28.4289073944, 9.40535449982, 31.8249568939, 13.4217920303, 31.3697776794], [216.310516357, 45.2871780396, -55.3422012329, 39.6244468689, 4.69284248352, -20.8418216705, 38.9844245911, 167.336334229, 31.7050151825, -1.26617205143, 27.5534591675, -11.3480768204, -4.22198915482], [-240.060928345, -53.4369812012, 25.2063865662, -15.3289823532, 22.5356864929, 47.1188430786, 28.4289073944, 31.7050151825, 138.214294434, 61.7521820068, 23.4476222992, -19.3304595947, 21.6207046509], [277.364807129, -230.954696655, -89.1112747192, -88.6605072021, -35.7191581726, 62.1021537781, 9.40535449982, -1.26617205143, 61.7521820068, 235.701629639, 20.587064743, 19.6470279694, -19.446308136], [-113.151802063, 34.8085670471, 21.6977138519, -5.4885392189, -4.26218557358, 42.1258392334, 31.8249568939, 27.5534591675, 23.4476222992, 20.587064743, 174.22605896, -8.01200389862, 27.2422924042], [97.1950912476, -34.0451469421, -26.0601119995, -44.1629867554, 12.1200523376, 9.29859352112, 13.4217920303, -11.3480768204, -19.3304595947, 19.6470279694, -8.01200389862, 146.849258423, 4.0421667099], [-308.380645752, -51.9807701111, 74.1383972168, 46.9259109497, 12.9588346481, 27.3437175751, 31.3697776794, -4.22198915482, 21.6207046509, -19.446308136, 27.2422924042, 4.0421667099, 107.93661499]],
        "icov": [[0.000531066383701, -0.000161480318638, 0.00055725913262, -0.000580566644203, 0.000956388481427, -0.000781153619755, 0.000869225536007, -0.000879926956259, 0.000880826148205, -0.000637194141746, 0.000300407409668, -0.000444743200205, 0.000754779321142], [-0.000161480318638, 0.000926112057641, -0.000222065646085, 0.00114896392915, -0.00116040755529, 0.00125250790734, -0.000621624523774, 0.000108672946226, -0.000174660017365, 0.00101164274383, -0.00052912364481, 0.000522848742548, -2.41951402131e-05], [0.00055725913262, -0.000222065646085, 0.00294242519885, -0.00164890266024, 0.00212212395854, -0.00242878892459, 0.000520755362231, 0.000135695780045, 4.10947395721e-05, 0.000598201353569, 0.000343452149536, -0.000520159956068, 0.000427784601925], [-0.000580566644203, 0.00114896392915, -0.00164890266024, 0.00436380738392, -0.00354755297303, 0.00283344928175, -0.000373196555302, -0.000408591498854, 2.28434837481e-05, 0.00133658875711, -0.000721844611689, 0.00161819916684, -0.00171157391742], [0.000956388481427, -0.00116040755529, 0.00212212395854, -0.00354755297303, 0.00774469925091, -0.00272349757142, 0.00124951405451, -0.000409859698266, -0.00049093348207, -0.000609433976933, 0.000970561872236, -0.00217537861317, 0.0014642943861], [-0.000781153619755, 0.00125250790734, -0.00242878892459, 0.00283344928175, -0.00272349757142, 0.00699237268418, -0.00212188460864, 0.00121995003428, -0.00152151985094, 0.000480316812173, -0.00154315913096, 0.000983804697171, -0.00122825079598], [0.000869225536007, -0.000621624523774, 0.000520755362231, -0.000373196555302, 0.00124951405451, -0.00212188460864, 0.00640209205449, -0.00291988183744, 0.00145928631537, -0.00144105416257, 0.000404108403018, -0.00110604474321, -0.000211230595596], [-0.000879926956259, 0.000108672946226, 0.000135695780045, -0.000408591498854, -0.000409859698266, 0.00121995003428, -0.00291988183744, 0.0091214645654, -0.00393852079287, 0.00194424157962, -0.00152138713747, 0.000573624914978, 7.00331074768e-05], [0.000880826148205, -0.000174660017365, 4.10947395721e-05, 2.28434837481e-05, -0.00049093348207, -0.00152151985094, 0.00145928631537, -0.00393852079287, 0.0121247349307, -0.0043526198715, 0.000431795284385, 0.00132231751923, -0.00111087097321], [-0.000637194141746, 0.00101164274383, 0.000598201353569, 0.00133658875711, -0.000609433976933, 0.000480316812173, -0.00144105416257, 0.00194424157962, -0.0043526198715, 0.00789917632937, -0.00130086962599, -0.000255283113802, 0.000753983331379], [0.000300407409668, -0.00052912364481, 0.000343452149536, -0.000721844611689, 0.000970561872236, -0.00154315913096, 0.000404108403018, -0.00152138713747, 0.000431795284385, -0.00130086962599, 0.00683354493231, 2.40802455664e-05, -0.00126766529866], [-0.000444743200205, 0.000522848742548, -0.000520159956068, 0.00161819916684, -0.00217537861317, 0.000983804697171, -0.00110604474321, 0.000573624914978, 0.00132231751923, -0.000255283113802, 2.40802455664e-05, 0.00813671573997, -0.00163091800641], [0.000754779321142, -2.41951402131e-05, 0.000427784601925, -0.00171157391742, 0.0014642943861, -0.00122825079598, -0.000211230595596, 7.00331074768e-05, -0.00111087097321, 0.000753983331379, -0.00126766529866, -0.00163091800641, 0.0127986362204]]
    }
}

}