{
"metadata": {
    "version": {
        "essentia": "2.0.1",
        "extractor": "archive-music 1.0 mod ismir14"
    },
    "audio_properties": {
        "analysis_sample_rate": 44100,
        "bitrate": 721,
        "channels": 2,
        "equal_loudness": 0,
        "length": 29.9995231628,
        "replay_gain": -12.2078838348,
        "downmix": "mix"
    },
    "tags": {
        "track": 0,
        "year": 0,
        "album": "",
        "artist": "",
        "comment": "",
        "genre": "",
        "title": ""
    }
},
"rhythm": {
    "bpm": 92.4695205688,
    "bpm_histogram_first_peak": 92,
    "bpm_histogram_first_peak_spread": 0.54545456171,
    "bpm_histogram_first_peak_weight": 0.444444447756,
    "bpm_histogram_second_peak": 99,
    "bpm_histogram_second_peak_spread": 0,
    "bpm_histogram_second_peak_weight": 0.0222222227603
},
"tonal": {
    "tuning_frequency": {
        "dmean": 0.0435777083039,
        "dmean2": 0.0770234242082,
        "dvar": 0.425656586885,
        "dvar2": 0.718499362469,
        "max": 452.892974854,
        "mean": 437.119537354,
        "median": 436.708374023,
        "min": 431.692352295,
        "var": 5.60643863678
    },
    "hpcp": {
        "dmean": [0.162048503757, 0.143586084247, 0.14394210279, 0.19311247766, 0.159917026758, 0.119813725352, 0.147934705019, 0.129499167204, 0.20315296948, 0.131162643433, 0.189798355103, 0.200486630201],
        "dmean2": [0.302523881197, 0.261795163155, 0.270780801773, 0.345669299364, 0.294470012188, 0.224010691047, 0.2615891397, 0.242122545838, 0.361709237099, 0.244323894382, 0.343364447355, 0.357876509428],
        "dvar": [0.0732484385371, 0.0623311214149, 0.0763371512294, 0.080413877964, 0.0729150027037, 0.0569124259055, 0.0534474886954, 0.0616636313498, 0.0743674486876, 0.0593900121748, 0.0739385858178, 0.0772270783782],
        "dvar2": [0.211754634976, 0.171361193061, 0.214882344007, 0.212215900421, 0.195721566677, 0.164015263319, 0.142888486385, 0.170440137386, 0.196536511183, 0.165339589119, 0.199404910207, 0.218612328172],
        "max": [1, 1, 1, 1, 1, 1, 1, 1, 1, 1, 1, 1],
        "mean": [0.120908014476, 0.144931033254, 0.104725770652, 0.388787835836, 0.188864260912, 0.0983478352427, 0.228689879179, 0.107995003462, 0.292867660522, 0.0997472628951, 0.193616986275, 0.231895089149],
        "median": [0.0132502550259, 0.0197246074677, 0.0042018587701, 0.172993704677, 0.0177246350795, 0.0116753457114, 0.0589512847364, 0.00741477683187, 0.113207243383, 0.00977897550911, 0.0632142350078, 0.0605511814356],
        "min": [0, 0, 0, 0, 0, 0, 0, 0, 0, 0, 0, 0],
        "var": [0.05979578197, 0.0661397203803, 0.0615309290588, 0.173338547349, 0.106468111277, 0.0477778911591, 0.10843295604, 0.057548455894, 0.127520695329, 0.0472263433039, 0.0802136734128, 0.104862272739]
    }
},
"lowlevel": {
    "melbands": {
        "dmean": [2.71510834864e-05, 0.000121710145322, 0.000138180635986, 0.000255439663306, 0.000317353493301, 0.000346799846739, 0.000262175366515, 0.000340116297593, 0.000246655545197, 0.000162744676345, 0.000116333518235, 9.48655360844e-05, 9.34808776947e-05, 7.86203017924e-05, 0.000149663261254, 0.000130775792059, 7.06972641638e-05, 3.81322388421e-05, 3.9893649955e-05, 4.34361099906e-05, 1.48624258145e-05, 2.18519653572e-05, 1.00431507235e-05, 6.97245013725e-06, 8.57735631143e-06, 2.98491795547e-06, 1.85015767329e-06, 2.28006933867e-06, 1.76101571014e-06, 1.61417108302e-06, 8.1126160012e-07, 3.85615294363e-07, 2.63843247694e-07, 1.06792384713e-07, 4.08158946641e-08, 3.11851380275e-08, 6.71769351257e-09, 6.62584487277e-10, 9.13488451548e-11, 2.50606011637e-11],
        "dmean2": [4.18689414801e-05, 0.000198824709514, 0.000238977270783, 0.000461065152194, 0.000575533718802, 0.000599897175562, 0.000400485849241, 0.000486064905999, 0.000340249214787, 0.000222855553147, 0.000179920985829, 0.000140137417475, 0.000143524623127, 0.000123025602079, 0.000222648945055, 0.000206457087188, 0.000107348714664, 5.40547480341e-05, 5.83967848797e-05, 6.44277388346e-05, 2.33125138038e-05, 3.48622124875e-05, 1.64156717801e-05, 1.09457960207e-05, 1.22333958643e-05, 4.46747117167e-06, 2.85435976366e-06, 3.52265465153e-06, 2.62809930973e-06, 2.28378621614e-06, 1.17883485018e-06, 5.50771289909e-07, 3.78974249315e-07, 1.53749894594e-07, 5.63883375548e-08, 4.32379856363e-08, 9.61253121545e-09, 9.88181536599e-10, 1.38976705144e-10, 4.34297320329e-11],
        "dvar": [1.19367393747e-09, 2.34879706795e-08, 4.42930243594e-08, 1.34203403945e-07, 2.20993015887e-07, 2.84482524648e-07, 1.31430269334e-07, 5.37617040663e-07, 2.21451770699e-07, 9.63111546071e-08, 5.98713825184e-08, 4.92603788871e-08, 4.86641766884e-08, 2.97371407498e-08, 8.79966677303e-08, 1.19028165102e-07, 3.1553479829e-08, 7.88761322923e-09, 1.14436229381e-08, 1.05765858294e-08, 7.76806841074e-10, 3.55606277758e-09, 5.07060504695e-10, 2.17927662027e-10, 4.18135082114e-10, 5.71982010367e-11, 2.01540641814e-11, 5.54975405909e-11, 1.94236918216e-11, 1.47141639151e-11, 4.80178830725e-12, 1.20619183044e-12, 6.55623992596e-13, 1.36436109806e-13, 1.29216045009e-14, 8.19153704828e-15, 2.49819847587e-16, 3.24683031524e-18, 6.55198130976e-20, 1.36966019855e-20],
        "dvar2": [2.50680920466e-09, 5.7689291566e-08, 1.21426282362e-07, 4.03375935321e-07, 7.16329907391e-07, 8.28054908197e-07, 3.03401577639e-07, 1.16840749342e-06, 4.91098546718e-07, 2.08756105735e-07, 1.4424384176e-07, 1.23763555848e-07, 1.1494916663e-07, 8.20706134164e-08, 2.07597807389e-07, 3.05039662862e-07, 7.63727570074e-08, 1.58225343938e-08, 2.5813982063e-08, 2.21483311691e-08, 1.90685978119e-09, 9.24702359129e-09, 1.41427025646e-09, 5.36388045091e-10, 8.61613558278e-10, 1.19152007705e-10, 5.04557402803e-11, 1.3813002131e-10, 4.65368195368e-11, 3.12649940659e-11, 1.11772518324e-11, 2.60671735933e-12, 1.44977844833e-12, 3.14619749524e-13, 2.55094288927e-14, 1.76684245712e-14, 4.99535351303e-16, 6.687938473e-18, 1.22765907214e-19, 1.68983418713e-20],
        "max": [0.00041977094952, 0.00214098370634, 0.00470126094297, 0.00739352731034, 0.0054022478871, 0.00722928810865, 0.00779630802572, 0.0176251977682, 0.00837663374841, 0.00595954386517, 0.00510181067511, 0.00505795888603, 0.00516159506515, 0.0042577078566, 0.0061288587749, 0.00552898971364, 0.00368100614287, 0.0022036342416, 0.00193968764506, 0.00272490619682, 0.000511437479872, 0.0014472946059, 0.000351819500793, 0.000302949018078, 0.000354547373718, 0.000199873757083, 7.95817031758e-05, 0.000140684860526, 6.30425638519e-05, 6.49770372547e-05, 5.2776245866e-05, 3.14139106194e-05, 2.09071167774e-05, 8.35699120216e-06, 2.3218590286e-06, 2.19889830078e-06, 2.70192344942e-07, 3.61046055275e-08, 6.45041176028e-09, 5.616889176e-09],
        "mean": [3.85799612559e-05, 0.000175982539076, 0.000174911110662, 0.000324792345054, 0.00041452809819, 0.00056910852436, 0.000619562750217, 0.00124520808458, 0.000768895202782, 0.000427719089203, 0.000298121070955, 0.000240509121795, 0.000192806837731, 0.00014696647122, 0.000297485879855, 0.000242679729126, 0.000178721762495, 9.22970939428e-05, 7.43764758226e-05, 9.85062069958e-05, 3.15014549415e-05, 4.06229009968e-05, 2.16449880099e-05, 1.67695907294e-05, 2.38044776779e-05, 7.85562951933e-06, 4.04562797485e-06, 4.43516546511e-06, 4.59116563434e-06, 4.93483230457e-06, 2.30564296544e-06, 1.08328572423e-06, 7.00507712281e-07, 2.82842137267e-07, 1.15710740545e-07, 9.41907387642e-08, 1.99565413084e-08, 1.64843816375e-09, 1.85341256231e-10, 2.84678981777e-11],
        "median": [2.01304774237e-05, 0.000103344063973, 9.6776529972e-05, 0.000167289676028, 0.000238860331592, 0.000293635006528, 0.000235965213506, 0.000260476081166, 0.000197013272555, 0.000107785876025, 6.94460977684e-05, 4.29326682934e-05, 4.66733545181e-05, 5.48681491637e-05, 6.3171974034e-05, 5.03983937961e-05, 2.4110700906e-05, 2.19100038521e-05, 1.10375885924e-05, 1.91922754311e-05, 1.0224943253e-05, 9.82097299129e-06, 7.25363634047e-06, 5.83240034757e-06, 4.04366619478e-06, 2.05345918403e-06, 1.08216852368e-06, 5.95234610046e-07, 1.0102220358e-06, 8.59902513639e-07, 3.20741520454e-07, 1.58783464599e-07, 5.86610333642e-08, 1.95840321737e-08, 1.02071240349e-08, 7.69282415547e-09, 2.61977395333e-09, 2.22549062512e-10, 3.9446581418e-11, 7.93090072781e-12],
        "min": [4.32824220908e-09, 4.17621123461e-07, 4.84172971937e-07, 2.02806290872e-07, 2.48258764657e-08, 2.34586785552e-08, 3.46865327572e-08, 4.24841850588e-09, 9.78693304177e-09, 5.87262016793e-09, 4.08193923107e-09, 5.37541877677e-09, 4.96544405593e-09, 6.50573062089e-09, 4.53480986096e-09, 2.55856669185e-09, 5.17672926748e-09, 2.41931874534e-09, 1.89971505193e-09, 1.19107446128e-09, 9.79608616447e-10, 6.87245316211e-10, 8.01288702057e-10, 6.40832664711e-10, 1.2574366548e-10, 2.53532472794e-10, 2.29660415685e-10, 2.15934825576e-10, 8.68608796001e-11, 1.29540878024e-10, 9.24431572957e-11, 6.80785081086e-11, 7.44910383377e-11, 5.45053099876e-11, 4.29072437302e-11, 3.4678482308e-11, 2.42876309342e-11, 8.52981574262e-12, 1.69724098057e-12, 2.11432488271e-13],
        "var": [2.53413401374e-09, 4.52802915163e-08, 5.8200072317e-08, 1.95051484297e-07, 2.87874854621e-07, 5.76884815473e-07, 7.55299822686e-07, 4.94432151754e-06, 1.60393972237e-06, 4.73205261642e-07, 2.56993047287e-07, 1.81088694262e-07, 1.4303809337e-07, 7.37491205882e-08, 3.19077940958e-07, 3.20360754813e-07, 1.50023723222e-07, 4.37079883397e-08, 3.12567856042e-08, 5.43671703213e-08, 2.79068168574e-09, 8.02876165551e-09, 1.36617595015e-09, 8.20555956516e-10, 2.20912843574e-09, 3.36237815368e-10, 6.65851748738e-11, 1.53161122673e-10, 7.95992924352e-11, 8.57279316979e-11, 2.43502770031e-11, 7.094589239e-12, 4.13579847452e-12, 7.25821746456e-13, 8.88290973438e-14, 5.52762283374e-14, 1.594833126e-15, 1.62375984378e-17, 1.98375643575e-19, 1.41592528263e-20]
    },
    "mfcc": {
        "dmean": [15.8464164734, 9.6213092804, 9.54516792297, 7.89844655991, 7.55605649948, 6.87634992599, 6.83651638031, 6.74032115936, 6.62702560425, 6.49516105652, 6.38076782227, 6.20732069016, 6.05605506897],
        "dmean2": [17.3701534271, 14.5185689926, 13.8478345871, 12.4295063019, 11.2761898041, 10.8105220795, 10.7924156189, 10.9870767593, 10.9418001175, 10.6875133514, 10.6169538498, 10.3256921768, 10.0872612],
        "dvar": [447.539245605, 77.2115707397, 96.7917861938, 41.3442344666, 42.0991973877, 32.3511810303, 27.928314209, 27.2523097992, 26.4673233032, 25.3318424225, 23.7027664185, 23.4722976685, 21.6709880829],
        "dvar2": [400.61050415, 148.750961304, 145.195800781, 96.3980026245, 83.5356674194, 79.5597763062, 70.2118301392, 73.190284729, 73.0778808594, 69.8092193604, 66.6892318726, 65.7654800415, 60.5023155212],
        "max": [-534.431274414, 256.77243042, 79.4928588867, 88.6792221069, 43.324420929, 62.7222633362, 33.5415115356, 33.4691390991, 29.2829093933, 25.2688541412, 30.3066368103, 37.8898925781, 28.0075302124],
        "mean": [-714.445251465, 187.743133545, -53.0122032166, 24.4268245697, -23.7896137238, 2.70242547989, -15.5731620789, -6.78217554092, -6.32631444931, -4.47938013077, 0.103017710149, 3.69805526733, -6.06123876572],
        "median": [-676.307495117, 194.589141846, -68.2607116699, 23.4531898499, -26.320690155, 1.94398498535, -16.1435699463, -6.9485168457, -6.52389526367, -4.31035614014, 0.208179473877, 2.32452392578, -6.0305519104],
        "min": [-1017.24920654, 56.7877311707, -136.988616943, -33.6079483032, -79.5916366577, -39.5144462585, -66.087097168, -38.8110046387, -40.6233596802, -43.2545776367, -32.1043930054, -26.5747680664, -34.4595756531],
        "var": [12225.4619141, 953.267822266, 1867.91564941, 364.154449463, 575.834228516, 194.850219727, 226.633361816, 104.091957092, 107.145584106, 104.709815979, 83.0978546143, 124.436882019, 67.0305404663],
        "cov": [[12230.1923828, -312.788116455, -4458.5390625, 442.134246826, -2181.73583984, 244.386230469, -1189.42089844, 146.940567017, -455.167419434, 15.7727146149, -121.014732361, 422.780487061, -225.668395996], [-312.788116455, 953.63671875, 158.938690186, -322.887878418, 78.6028289795, -257.953338623, 112.024719238, -95.1436691284, 74.5893325806, -134.650161743, 18.9880371094, -0.467790454626, 20.5468139648], [-4458.5390625, 158.938690186, 1868.6385498, -102.917137146, 801.594299316, -29.2622833252, 420.009735107, -8.09027290344, 160.828964233, 20.5650119781, 29.5556545258, -158.815200806, 76.0160675049], [442.134246826, -322.887878418, -102.917137146, 364.295379639, 23.5592899323, 123.27771759, -47.6868782043, 16.6954498291, -38.1327781677, 22.6012096405, -19.4663677216, -41.6143760681, -17.1152496338], [-2181.73583984, 78.6028289795, 801.594299316, 23.5592899323, 576.057067871, 13.6805276871, 232.315765381, -15.9045658112, 49.4305610657, 0.915170192719, 12.8081388474, -112.786354065, 30.4008293152], [244.386230469, -257.953338623, -29.2622833252, 123.27771759, 13.6805276871, 194.925628662, 1.77933204174, 59.2734489441, -27.465385437, 47.313419342, -4.85857582092, -11.3537759781, -7.06614255905], [-1189.42089844, 112.024719238, 420.009735107, -47.6868782043, 232.315765381, 1.77933204174, 226.721069336, 12.7210254669, 59.2715568542, -13.8243379593, 8.98312950134, -40.5795631409, 25.1398849487], [146.940567017, -95.1436691284, -8.09027290344, 16.6954498291, -15.9045658112, 59.2734489441, 12.7210254669, 104.132240295, 12.8458166122, 38.4671783447, 3.08743691444, 15.6435232162, 3.586789608], [-455.167419434, 74.5893325806, 160.828964233, -38.1327781677, 49.4305610657, -27.465385437, 59.2715568542, 12.8458166122, 107.187049866, 18.731836319, 26.3815422058, 7.81240177155, 15.2676057816], [15.7727146149, -134.650161743, 20.5650119781, 22.6012096405, 0.915170192719, 47.313419342, -13.8243379593, 38.4671783447, 18.731836319, 104.750335693, 31.7928237915, 16.2588615417, 0.570399284363], [-121.014732361, 18.9880371094, 29.5556545258, -19.4663677216, 12.8081388474, -4.85857582092, 8.98312950134, 3.08743691444, 26.3815422058, 31.7928237915, 83.1300125122, 38.0970573425, 12.0740423203], [422.780487061, -0.467790454626, -158.815200806, -41.6143760681, -112.786354065, -11.3537759781, -40.5795631409, 15.6435232162, 7.81240177155, 16.2588615417, 38.0970573425, 124.485038757, 11.1039419174], [-225.668395996, 20.5468139648, 76.0160675049, -17.1152496338, 30.4008293152, -7.06614255905, 25.1398849487, 3.586789608, 15.2676057816, 0.570399284363, 12.0740423203, 11.1039419174, 67.0564804077]],
        "icov": [[0.0192507859319, -0.0252593718469, 0.0267127156258, -0.0236143600196, 0.0253964606673, -0.026003504172, 0.023942405358, -0.02294431068, 0.0208831876516, -0.0193587131798, 0.0169361829758, -0.0127028459683, 0.00867732428014], [-0.0252593718469, 0.0356355309486, -0.0346984937787, 0.0324167944491, -0.0338118411601, 0.035815756768, -0.0320286788046, 0.0304754730314, -0.0284206606448, 0.0276280455291, -0.0230976119637, 0.017101129517, -0.0112733421847], [0.0267127156258, -0.0346984937787, 0.0387813746929, -0.0321456640959, 0.0333510749042, -0.0357421785593, 0.0323571041226, -0.0316947512329, 0.0278471875936, -0.0271052271128, 0.0236466303468, -0.0171054489911, 0.0115047432482], [-0.0236143600196, 0.0324167944491, -0.0321456640959, 0.0338413454592, -0.0324300527573, 0.0303293317556, -0.0283528715372, 0.0287068746984, -0.0265360344201, 0.025105567649, -0.0210725776851, 0.0169309452176, -0.0105135226622], [0.0253964606673, -0.0338118411601, 0.0333510749042, -0.0324300527573, 0.0393346212804, -0.0345760285854, 0.0289695486426, -0.0294472146779, 0.0291923452169, -0.0263050775975, 0.0211201347411, -0.0149045400321, 0.0112240444869], [-0.026003504172, 0.035815756768, -0.0357421785593, 0.0303293317556, -0.0345760285854, 0.0454185307026, -0.0343704074621, 0.0273663494736, -0.0258738677949, 0.0246132370085, -0.0231956299394, 0.0176869668067, -0.0114134801552], [0.023942405358, -0.0320286788046, 0.0323571041226, -0.0283528715372, 0.0289695486426, -0.0343704074621, 0.0402480103076, -0.0305036343634, 0.0228360667825, -0.0212956611067, 0.0208810511976, -0.0155048491433, 0.010047676973], [-0.02294431068, 0.0304754730314, -0.0316947512329, 0.0287068746984, -0.0294472146779, 0.0273663494736, -0.0305036343634, 0.0413665249944, -0.0267743561417, 0.0195733234286, -0.0180675834417, 0.0134987933561, -0.0108921620995], [0.0208831876516, -0.0284206606448, 0.0278471875936, -0.0265360344201, 0.0291923452169, -0.0258738677949, 0.0228360667825, -0.0267743561417, 0.0371506549418, -0.0245173424482, 0.0161791462451, -0.014339979738, 0.00876765884459], [-0.0193587131798, 0.0276280455291, -0.0271052271128, 0.025105567649, -0.0263050775975, 0.0246132370085, -0.0212956611067, 0.0195733234286, -0.0245173424482, 0.036335747689, -0.0229329373688, 0.0131804225966, -0.00780359376222], [0.0169361829758, -0.0230976119637, 0.0236466303468, -0.0210725776851, 0.0211201347411, -0.0231956299394, 0.0208810511976, -0.0180675834417, 0.0161791462451, -0.0229329373688, 0.0329461246729, -0.0170603729784, 0.00641175732017], [-0.0127028459683, 0.017101129517, -0.0171054489911, 0.0169309452176, -0.0149045400321, 0.0176869668067, -0.0155048491433, 0.0134987933561, -0.014339979738, 0.0131804225966, -0.0170603729784, 0.0215399544686, -0.00790748558939], [0.00867732428014, -0.0112733421847, 0.0115047432482, -0.0105135226622, 0.0112240444869, -0.0114134801552, 0.010047676973, -0.0108921620995, 0.00876765884459, -0.00780359376222, 0.00641175732017, -0.00790748558939, 0.0205934103578]]
    }
}

}