{
"metadata": {
    "version": {
        "essentia": "2.0.1",
        "extractor": "archive-music 1.0 mod ismir14"
    },
    "audio_properties": {
        "analysis_sample_rate": 44100,
        "bitrate": 64,
        "channels": 2,
        "equal_loudness": 0,
        "length": 30.0669155121,
        "replay_gain": -8.42583656311,
        "downmix": "mix"
    },
    "tags": {
        "track": 7,
        "year": 0,
        "album": "The Cool Jazz Collection",
        "artist": "Astrud Gilberto",
        "comment": "",
        "genre": "Jazz",
        "title": "Girl From Ipanema"
    }
},
"rhythm": {
    "bpm": 130.002792358,
    "bpm_histogram_first_peak": 129,
    "bpm_histogram_first_peak_spread": 0.490909099579,
    "bpm_histogram_first_peak_weight": 0.444444447756,
    "bpm_histogram_second_peak": 136,
    "bpm_histogram_second_peak_spread": 0.199999988079,
    "bpm_histogram_second_peak_weight": 0.0634920671582
},
"tonal": {
    "tuning_frequency": {
        "dmean": 0.256859302521,
        "dmean2": 0.419124633074,
        "dvar": 3.70291256905,
        "dvar2": 9.44285488129,
        "max": 454.727905273,
        "mean": 437.026794434,
        "median": 436.456176758,
        "min": 436.456176758,
        "var": 3.44363307953
    },
    "hpcp": {
        "dmean": [0.0596131496131, 0.238710433245, 0.0798901170492, 0.255068451166, 0.15215575695, 0.0727067068219, 0.217155784369, 0.0542527548969, 0.197127103806, 0.120636045933, 0.179767504334, 0.186048433185],
        "dmean2": [0.114788137376, 0.417984336615, 0.144773960114, 0.472658634186, 0.269764959812, 0.133766770363, 0.364809900522, 0.101570554078, 0.360393047333, 0.226797968149, 0.330147564411, 0.328616648912],
        "dvar": [0.0231292210519, 0.0973265394568, 0.0342970900238, 0.115127846599, 0.0606917031109, 0.0270346235484, 0.0839134380221, 0.0221042875201, 0.0752294510603, 0.0540264099836, 0.0826048403978, 0.0755494832993],
        "dvar2": [0.0646748840809, 0.214623853564, 0.0934213921428, 0.249060899019, 0.127653494477, 0.0662687197328, 0.187005072832, 0.0502391643822, 0.193341657519, 0.153249979019, 0.227598294616, 0.172166228294],
        "max": [1, 1, 1, 1, 1, 1, 1, 1, 1, 1, 1, 1],
        "mean": [0.0425524190068, 0.312980055809, 0.0495829954743, 0.325643330812, 0.152316451073, 0.075196698308, 0.280093669891, 0.0608057640493, 0.202875033021, 0.0862880647182, 0.136815994978, 0.174782022834],
        "median": [0.00521935056895, 0.0968267843127, 0.0070381113328, 0.0764035582542, 0.0308989733458, 0.00887009687722, 0.0842452570796, 0.00744677660987, 0.0388893000782, 0.0110794743523, 0.0292160436511, 0.0247816350311],
        "min": [9.13692711038e-05, 9.26452121348e-05, 1.22527835629e-05, 0.000103305457742, 4.16018374381e-05, 0.000204387528356, 3.36404700647e-05, 3.83968872484e-05, 2.17971501115e-05, 0.000119010663184, 7.25949794287e-05, 0.000444569101091],
        "var": [0.01655453071, 0.146774977446, 0.0199587382376, 0.168645188212, 0.0707066506147, 0.0392951630056, 0.134010389447, 0.0356727540493, 0.101359315217, 0.0407355464995, 0.0710678696632, 0.0879090875387]
    }
},
"lowlevel": {
    "melbands": {
        "dmean": [0.000130246407934, 0.000319712504279, 0.000322172796587, 0.000159671006259, 0.000108065258246, 3.4492881241e-05, 1.90540886251e-05, 2.59158732661e-05, 1.01669002106e-05, 8.02774957265e-06, 7.53340736992e-06, 8.35695755086e-06, 1.39636085805e-06, 1.0490683735e-06, 1.66546908531e-06, 1.1512462379e-06, 9.07815774553e-07, 2.85983674075e-07, 3.40279257216e-07, 2.92430428317e-07, 1.21222996086e-07, 1.75966604843e-07, 2.2514518605e-07, 2.01630328434e-07, 7.31191676095e-08, 5.67670213059e-08, 8.64559908109e-08, 1.4261145509e-07, 1.11859606022e-07, 1.49232334934e-07, 2.88322127062e-07, 5.06735204908e-07, 5.14825103437e-07, 2.81068565755e-07, 1.39088939477e-07, 7.08363430135e-08, 4.11320471017e-08, 1.49070000788e-08, 4.13878442629e-09, 3.23465504382e-10],
        "dmean2": [0.000212691564229, 0.000509220873937, 0.000514669751283, 0.000250269455137, 0.000171017658431, 5.73918587179e-05, 3.4195229091e-05, 4.83490402985e-05, 1.85134194908e-05, 1.49824263644e-05, 1.38340392368e-05, 1.48204035213e-05, 2.53660937233e-06, 1.95788379642e-06, 3.08509788738e-06, 2.17517845158e-06, 1.74580793555e-06, 5.28381406184e-07, 6.41258736778e-07, 5.32967476374e-07, 2.14166476553e-07, 3.25509859067e-07, 4.02631030738e-07, 3.75126234076e-07, 1.27590894294e-07, 1.00056439578e-07, 1.61482574867e-07, 2.72793926115e-07, 2.03370490226e-07, 2.83707066728e-07, 5.58426336283e-07, 9.78770003712e-07, 9.82143205874e-07, 5.42383531865e-07, 2.61282792735e-07, 1.34861267043e-07, 7.77626070203e-08, 2.8411173858e-08, 7.83218112588e-09, 5.89979176624e-10],
        "dvar": [7.0043569167e-08, 1.08717976843e-07, 1.24908339671e-07, 7.22267827769e-08, 1.764464308e-08, 2.33102603886e-09, 1.85742821124e-09, 2.47408427079e-09, 4.54808191108e-10, 4.85925799598e-10, 2.08480052666e-10, 1.47947487594e-09, 8.65194201005e-12, 3.54820795141e-12, 2.4654941283e-11, 9.44218661592e-12, 1.00125021121e-11, 3.11754257392e-13, 1.13796504771e-12, 8.34768289649e-13, 4.62121829789e-14, 9.24825334044e-14, 1.56807197977e-13, 1.9087198998e-13, 1.8813874002e-14, 1.1596653542e-14, 4.6837832007e-14, 2.36369029818e-13, 6.23703833805e-14, 1.6770176285e-13, 6.4591908211e-13, 2.05764181735e-12, 1.90995093005e-12, 5.62478611865e-13, 1.10001505788e-13, 2.01221316356e-14, 6.51551846127e-15, 1.20293766284e-15, 1.47412148131e-16, 9.64433761016e-19],
        "dvar2": [1.57783972554e-07, 2.53437008269e-07, 2.62998099743e-07, 1.66846163552e-07, 3.55851526024e-08, 4.77139794341e-09, 5.38174527165e-09, 7.65219976273e-09, 1.39966782609e-09, 1.56312762734e-09, 6.14583217651e-10, 4.09979783456e-09, 2.41911751048e-11, 1.01535784988e-11, 6.93670607066e-11, 2.77281305555e-11, 2.92980188721e-11, 8.73728173145e-13, 3.25878928877e-12, 2.30204440579e-12, 1.28502379093e-13, 2.54399826942e-13, 4.41083503272e-13, 5.37194962992e-13, 5.05829407494e-14, 3.10683655181e-14, 1.3349632272e-13, 6.9310036226e-13, 1.78817735359e-13, 4.94471651125e-13, 1.86706661416e-12, 5.89857373015e-12, 5.41880863097e-12, 1.39190731423e-12, 3.03736473906e-13, 5.58080261149e-14, 1.81015650331e-14, 3.40383514458e-15, 4.06285864716e-16, 2.64004804779e-18],
        "max": [0.00183580024168, 0.00222476408817, 0.00278675393201, 0.00327680492774, 0.000954946444836, 0.000315861136187, 0.000290228636004, 0.000330754119204, 0.000135380556458, 0.000188819205505, 6.82431345922e-05, 0.000375120085664, 1.93810701603e-05, 1.14936356113e-05, 4.41447664343e-05, 2.14018728002e-05, 2.64791615336e-05, 3.69263307221e-06, 8.55395774124e-06, 5.88311741012e-06, 1.15241834919e-06, 2.08922460843e-06, 2.81723669104e-06, 2.83712438431e-06, 1.09436518869e-06, 8.9492857569e-07, 1.48070796513e-06, 3.9269075387e-06, 1.61678690347e-06, 2.81855204776e-06, 5.19450213687e-06, 7.53819676902e-06, 7.03187561157e-06, 4.71639941679e-06, 2.05352239391e-06, 7.84391659181e-07, 4.20081249786e-07, 2.37272800518e-07, 9.17857505556e-08, 6.6154708378e-09],
        "mean": [0.000113173555292, 0.000386813801015, 0.000495925836731, 0.000187012730748, 0.000139461219078, 4.05106875405e-05, 1.63765835168e-05, 2.01478414965e-05, 7.88722991274e-06, 5.44991780771e-06, 5.12838823852e-06, 5.65184745938e-06, 1.11138194825e-06, 8.12776590919e-07, 1.21515404317e-06, 7.47389606204e-07, 5.62125478609e-07, 2.13968036178e-07, 2.18366864146e-07, 2.08284760106e-07, 1.06852382942e-07, 1.64005911074e-07, 1.9480296487e-07, 1.61722851999e-07, 6.66851391884e-08, 4.8977089051e-08, 6.73404016993e-08, 9.64627275835e-08, 7.86213689707e-08, 9.56714529821e-08, 1.72477285787e-07, 2.94118137845e-07, 3.0899255421e-07, 1.892322814e-07, 9.06080472873e-08, 4.84823097224e-08, 2.81077472408e-08, 1.01808419473e-08, 2.97006419459e-09, 2.21006518641e-10],
        "median": [3.20979561366e-05, 0.000271404918749, 0.000246684998274, 0.000106057523226, 5.06275973748e-05, 1.91374710994e-05, 5.48564958081e-06, 5.80062715017e-06, 2.07047446565e-06, 1.01822126908e-06, 8.33236015296e-07, 6.89908063123e-07, 3.52701647444e-07, 3.70304064745e-07, 3.14389353662e-07, 1.27741031974e-07, 9.21909091289e-08, 6.40811919084e-08, 2.50724259132e-08, 2.54774406017e-08, 3.15707353593e-08, 6.37500576772e-08, 5.2684729468e-08, 3.29617400041e-08, 1.97095637589e-08, 1.53842911743e-08, 1.73953473848e-08, 2.14780069285e-08, 1.33314665973e-08, 1.56929189643e-08, 1.23824417386e-08, 9.17750941909e-09, 1.14907168225e-08, 9.52987910807e-09, 8.64579074999e-09, 6.70660948998e-09, 4.26120250197e-09, 1.30608701632e-09, 2.45834574919e-10, 1.07858192863e-11],
        "min": [5.81483789119e-07, 2.43251247412e-06, 1.20845004403e-06, 1.38686675655e-06, 1.07309563191e-06, 2.11106950587e-07, 1.0599217859e-07, 5.40757376655e-08, 1.59453321658e-08, 2.12557100809e-08, 1.10396385367e-08, 1.42605225406e-08, 7.29257454424e-09, 1.11398312796e-08, 7.91213761175e-09, 3.3506948327e-09, 1.3127704479e-09, 8.94103402427e-10, 9.5454311122e-10, 1.50117374087e-09, 9.18850440179e-10, 7.26422533237e-10, 5.96967753008e-10, 4.41726072387e-10, 6.15091699796e-10, 6.04281014116e-10, 9.56943413399e-10, 1.20067289444e-09, 7.73347497152e-10, 1.68661651312e-09, 1.63716007417e-09, 6.38863795199e-10, 1.15453946403e-09, 1.17946341582e-09, 7.95623400496e-10, 6.03816552314e-10, 5.17945242251e-10, 6.04459121645e-11, 1.63321802913e-13, 1.9379082147e-14],
        "var": [6.82114844608e-08, 1.71365229562e-07, 3.83858406394e-07, 9.72386544618e-08, 3.8530924229e-08, 3.18055692894e-09, 1.35707356463e-09, 1.7004717634e-09, 3.10069914189e-10, 2.98755659101e-10, 1.39336361893e-10, 9.39314626081e-10, 6.02196200891e-12, 2.32226607735e-12, 1.61389512865e-11, 5.55803753716e-12, 5.45435918653e-12, 2.1250026478e-13, 6.7106189312e-13, 5.39710799923e-13, 3.50416107264e-14, 6.81837399041e-14, 1.15643280542e-13, 1.27272229756e-13, 1.71093269218e-14, 9.98416200247e-15, 2.94576103961e-14, 1.27001856839e-13, 3.75365191675e-14, 9.58973026856e-14, 3.75551423727e-13, 1.17663539502e-12, 1.15096820963e-12, 4.25763672365e-13, 7.00388301501e-14, 1.2755759685e-14, 4.21986266256e-15, 7.76547841702e-16, 9.75461538555e-17, 6.54221075576e-19]
    },
    "mfcc": {
        "dmean": [44.0379524231, 32.4805870056, 20.8155555725, 16.6809177399, 12.822766304, 15.43704319, 10.950304985, 8.88940238953, 8.0420589447, 10.9380712509, 8.03597640991, 7.60986566544, 6.81575059891],
        "dmean2": [69.2097396851, 52.351020813, 33.6433868408, 26.6294136047, 19.1281986237, 25.4640884399, 17.7217350006, 14.2555532455, 13.445854187, 16.9994411469, 13.0701398849, 12.8177347183, 10.4974060059],
        "dvar": [1114.0057373, 783.04675293, 302.435241699, 166.293563843, 102.49206543, 164.500915527, 81.5678253174, 46.2761497498, 31.6625499725, 74.499206543, 36.0063819885, 36.8854064941, 27.727180481],
        "dvar2": [2797.88916016, 1969.43676758, 864.537780762, 404.133331299, 237.768173218, 421.82119751, 204.359909058, 106.933425903, 78.5923843384, 197.816314697, 102.037849426, 86.1645202637, 75.2997283936],
        "max": [-735.040100098, 216.021514893, 107.902664185, 107.479370117, 31.8329200745, 72.3848114014, 24.3419837952, 40.1773223877, 13.5975532532, 28.5439014435, 24.0770149231, 40.5733680725, 13.1470794678],
        "mean": [-858.802124023, 162.260848999, 50.6053543091, 40.0425186157, -2.79650568962, 15.3090791702, -5.83983612061, 9.24677753448, -10.8365764618, -7.21489858627, -7.58185911179, 0.927661716938, -7.81923866272],
        "median": [-854.389587402, 169.417816162, 50.336353302, 37.1884651184, -0.116165161133, 15.936630249, -2.78332138062, 8.01870918274, -10.8778953552, -6.77181243896, -6.7308177948, -0.43620300293, -7.12315368652],
        "min": [-1018.70672607, 48.4213409424, -17.045879364, -13.1976890564, -51.9066238403, -32.1526756287, -51.3813171387, -14.3866195679, -36.9568710327, -40.1413040161, -45.0452766418, -24.4173049927, -38.7818145752],
        "var": [2898.64379883, 1158.22021484, 620.825134277, 458.565093994, 234.448852539, 259.967254639, 206.402648926, 113.638252258, 74.5873947144, 171.503494263, 119.262893677, 105.953041077, 72.0195541382],
        "cov": [[2916.53662109, -196.89515686, -498.853240967, 92.3128509521, -266.952667236, 95.073059082, -359.711853027, 187.166900635, -22.8106651306, 293.015197754, 36.5583076477, 106.458862305, -188.591369629], [-196.89515686, 1165.36975098, -280.378082275, -313.674072266, 221.690292358, -221.736206055, 180.411346436, -3.43780970573, 33.8167800903, -92.5748596191, 42.1387939453, -51.4273490906, -27.5432281494], [-498.853240967, -280.378082275, 624.657348633, 116.231529236, -135.133331299, 178.250946045, 13.545088768, -36.7560691833, -25.2778549194, -96.9293136597, 34.2100982666, -19.3548622131, 76.1484375], [92.3128509521, -313.674072266, 116.231529236, 461.395751953, 67.6063613892, -65.1188201904, -105.10723114, 32.8527908325, -29.8225269318, -89.5615692139, -9.72995185852, -25.8596343994, 36.6102600098], [-266.952667236, 221.690292358, -135.133331299, 67.6063613892, 235.896072388, -111.501594543, 28.0830478668, -5.82068967819, 16.9554748535, -48.7204666138, -26.4161605835, -4.28923940659, 3.44799494743], [95.073059082, -221.736206055, 178.250946045, -65.1188201904, -111.501594543, 261.571990967, 16.2228755951, 3.0998673439, 18.6785087585, 81.5981903076, 36.9621238708, 23.81108284, 16.0286369324], [-359.711853027, 180.411346436, 13.545088768, -105.10723114, 28.0830478668, 16.2228755951, 207.676742554, 3.51141285896, 8.10559272766, -14.0280923843, 7.82290935516, 13.040766716, 19.583147049], [187.166900635, -3.43780970573, -36.7560691833, 32.8527908325, -5.82068967819, 3.0998673439, 3.51141285896, 114.33972168, 19.3656787872, -1.5840035677, 43.5201950073, -2.10343313217, -2.28042316437], [-22.8106651306, 33.8167800903, -25.2778549194, -29.8225269318, 16.9554748535, 18.6785087585, 8.10559272766, 19.3656787872, 75.0478057861, 41.0798950195, 6.81456613541, -14.6665058136, 5.80435466766], [293.015197754, -92.5748596191, -96.9293136597, -89.5615692139, -48.7204666138, 81.5981903076, -14.0280923843, -1.5840035677, 41.0798950195, 172.562164307, 0.657288074493, 26.9147529602, -33.8916854858], [36.5583076477, 42.1387939453, 34.2100982666, -9.72995185852, -26.4161605835, 36.9621238708, 7.82290935516, 43.5201950073, 6.81456613541, 0.657288074493, 119.999084473, -18.5854187012, 14.007147789], [106.458862305, -51.4273490906, -19.3548622131, -25.8596343994, -4.28923940659, 23.81108284, 13.040766716, -2.10343313217, -14.6665058136, 26.9147529602, -18.5854187012, 106.607070923, -12.7499847412], [-188.591369629, -27.5432281494, 76.1484375, 36.6102600098, 3.44799494743, 16.0286369324, 19.583147049, -2.28042316437, 5.80435466766, -33.8916854858, 14.007147789, -12.7499847412, 72.4641189575]],
        "icov": [[0.00194535567425, -0.00182534370106, 0.0020378085319, -0.00270143756643, 0.00387789844535, -0.00241259834729, 0.00290011009201, -0.00226914230734, 0.00147739169188, -0.00185044505633, 0.000941039936151, -0.00178654701449, 0.00160642096307], [-0.00182534370106, 0.00418890779838, -0.00182244682219, 0.00462423916906, -0.00552567560226, 0.00378553313203, -0.00365118565969, 0.00227834028192, -0.00204152334481, 0.0030887206085, -0.00243705161847, 0.00250373152085, -0.000575773883611], [0.0020378085319, -0.00182244682219, 0.00617500580847, -0.00417785160244, 0.00623726565391, -0.00557757308707, 0.00232145818882, 3.9485112211e-05, 3.24534048559e-05, 0.00193687726278, 0.000420940574259, -0.0018803543644, 0.00103445223067], [-0.00270143756643, 0.00462423916906, -0.00417785160244, 0.00936043355614, -0.00889828335494, 0.00559991644695, -0.00255869561806, 0.000783578201663, -0.000515219580848, 0.00314941490069, -0.00170341727789, 0.00361062819138, -0.00323209562339], [0.00387789844535, -0.00552567560226, 0.00623726565391, -0.00889828335494, 0.0168064981699, -0.00524330325425, 0.0046606073156, -0.0021342895925, -0.000894750643056, -0.00150667864364, 0.00296375807375, -0.00521504273638, 0.00284327729605], [-0.00241259834729, 0.00378553313203, -0.00557757308707, 0.00559991644695, -0.00524330325425, 0.0124185793102, -0.00431500421837, 0.00165263842791, -0.00196800846606, -0.00214435416274, -0.0031321735587, 0.00151541898958, -0.00306058535352], [0.00290011009201, -0.00365118565969, 0.00232145818882, -0.00255869561806, 0.0046606073156, -0.00431500421837, 0.0111973518506, -0.00481290975586, 0.00299515062943, -0.00284844217822, 0.00218596472405, -0.00366626330651, -7.14687921572e-05], [-0.00226914230734, 0.00227834028192, 3.9485112211e-05, 0.000783578201663, -0.0021342895925, 0.00165263842791, -0.00481290975586, 0.0159994065762, -0.00743259303272, 0.00570059986785, -0.00611780956388, 0.000555792765226, 0.000605113746133], [0.00147739169188, -0.00204152334481, 3.24534048559e-05, -0.000515219580848, -0.000894750643056, -0.00196800846606, 0.00299515062943, -0.00743259303272, 0.0225975327194, -0.00954024214298, 0.00275726011023, 0.00288268877193, -0.00356805836782], [-0.00185044505633, 0.0030887206085, 0.00193687726278, 0.00314941490069, -0.00150667864364, -0.00214435416274, -0.00284844217822, 0.00570059986785, -0.00954024214298, 0.0166671443731, -0.00232615019195, -0.000210643804166, 0.00319884205237], [0.000941039936151, -0.00243705161847, 0.000420940574259, -0.00170341727789, 0.00296375807375, -0.0031321735587, 0.00218596472405, -0.00611780956388, 0.00275726011023, -0.00232615019195, 0.0125527475029, 0.000910471426323, -0.00186545343604], [-0.00178654701449, 0.00250373152085, -0.0018803543644, 0.00361062819138, -0.00521504273638, 0.00151541898958, -0.00366626330651, 0.000555792765226, 0.00288268877193, -0.000210643804166, 0.000910471426323, 0.013332368806, -0.000784492760431], [0.00160642096307, -0.000575773883611, 0.00103445223067, -0.00323209562339, 0.00284327729605, -0.00306058535352, -7.14687921572e-05, 0.000605113746133, -0.00356805836782, 0.00319884205237, -0.00186545343604, -0.000784492760431, 0.0208922587335]]
    }
}

}