{
"metadata": {
    "version": {
        "essentia": "2.0.1",
        "extractor": "archive-music 1.0 mod ismir14"
    },
    "audio_properties": {
        "analysis_sample_rate": 44100,
        "bitrate": 64,
        "channels": 2,
        "equal_loudness": 0,
        "length": 30.0669155121,
        "replay_gain": -11.7818088531,
        "downmix": "mix"
    },
    "tags": {
        "track": 6,
        "year": 0,
        "album": "Swing Classics (Jazz & Tzaz 70)",
        "artist": "Benny Carter",
        "comment": "",
        "genre": "Jazz",
        "title": "Babalu"
    }
},
"rhythm": {
    "bpm": 92.63256073,
    "bpm_histogram_first_peak": 94,
    "bpm_histogram_first_peak_spread": 0.540540575981,
    "bpm_histogram_first_peak_weight": 0.377777785063,
    "bpm_histogram_second_peak": 89,
    "bpm_histogram_second_peak_spread": 0,
    "bpm_histogram_second_peak_weight": 0.155555561185
},
"tonal": {
    "tuning_frequency": {
        "dmean": 0.325649499893,
        "dmean2": 0.568808972836,
        "dvar": 3.10422682762,
        "dvar2": 5.62558889389,
        "max": 455.779724121,
        "mean": 439.130706787,
        "median": 437.718536377,
        "min": 434.444000244,
        "var": 15.4051103592
    },
    "hpcp": {
        "dmean": [0.105403900146, 0.180107027292, 0.100782357156, 0.224639818072, 0.151001632214, 0.133391112089, 0.212424784899, 0.0770865157247, 0.185735985637, 0.105833888054, 0.162273675203, 0.216972067952],
        "dmean2": [0.188322558999, 0.315293103456, 0.180607795715, 0.404842495918, 0.275788098574, 0.246793374419, 0.353028565645, 0.141924753785, 0.32145512104, 0.18610009551, 0.281486093998, 0.368120193481],
        "dvar": [0.0384749732912, 0.0533423013985, 0.0350265279412, 0.0727943181992, 0.0617525801063, 0.0309434942901, 0.0679850131273, 0.0146148176864, 0.0442743226886, 0.0239210911095, 0.0389527529478, 0.0482889711857],
        "dvar2": [0.111072778702, 0.130567237735, 0.0962616577744, 0.152820497751, 0.128719031811, 0.0906939804554, 0.121901407838, 0.0399833358824, 0.0940043330193, 0.0647338107228, 0.0814919471741, 0.10393024236],
        "max": [1, 1, 1, 1, 1, 1, 1, 0.559335947037, 1, 1, 1, 1],
        "mean": [0.0943196862936, 0.254272401333, 0.087599940598, 0.472362399101, 0.257167756557, 0.149440377951, 0.354593396187, 0.0743852183223, 0.440232127905, 0.101747758687, 0.243617102504, 0.419087648392],
        "median": [0.0298725664616, 0.126321688294, 0.0394273661077, 0.353672891855, 0.079156383872, 0.086978957057, 0.192814216018, 0.0387005396187, 0.335527300835, 0.059680853039, 0.149302735925, 0.335018277168],
        "min": [0.00214900681749, 0.00259923981503, 0.00128345820121, 0.00119884579908, 0.000609072798397, 0.00641295546666, 0.00139776105061, 0.00407996680588, 0.00842245295644, 0.00306427665055, 0.00414212746546, 0.00677856151015],
        "var": [0.0269530527294, 0.078507989645, 0.026920678094, 0.13156709075, 0.117394790053, 0.0264903027564, 0.134630933404, 0.0103221619502, 0.115597762167, 0.0203734952956, 0.0610731579363, 0.11584854126]
    }
},
"lowlevel": {
    "melbands": {
        "dmean": [1.7964118797e-06, 9.87876410363e-06, 7.09374762664e-06, 1.60552699526e-05, 1.6065167074e-05, 2.63551864919e-05, 2.05385877052e-05, 5.94036173425e-05, 3.27917041432e-05, 2.22549224418e-05, 1.49045117723e-05, 1.19445685414e-05, 9.3372846095e-06, 8.55086727825e-06, 1.7593449229e-05, 1.45289122884e-05, 7.91063575889e-06, 4.9883083193e-06, 4.66988831249e-06, 6.22056495558e-06, 1.70322960003e-06, 2.15437103179e-06, 1.0591870705e-06, 9.56813096309e-07, 1.34087872539e-06, 4.27192503594e-07, 2.72533128509e-07, 2.89447882551e-07, 2.82340494095e-07, 3.13127202389e-07, 1.47981396026e-07, 7.60748051221e-08, 5.3247152465e-08, 2.09129140671e-08, 8.82238815336e-09, 6.63364474462e-09, 1.18670417937e-09, 8.58916618385e-11, 8.86676409378e-12, 3.18039377386e-13],
        "dmean2": [3.16897512675e-06, 1.73454773176e-05, 1.28395122374e-05, 2.90267471428e-05, 2.82778637484e-05, 4.44514880655e-05, 3.16288460454e-05, 9.49525492615e-05, 5.2202725783e-05, 3.74994087906e-05, 2.33655609918e-05, 1.78952213901e-05, 1.45991070895e-05, 1.49926408994e-05, 2.95479039778e-05, 2.25941184908e-05, 1.22508154163e-05, 8.48678791954e-06, 7.56000599722e-06, 1.04488408397e-05, 2.89119520858e-06, 3.65163850802e-06, 1.77203025942e-06, 1.66969289239e-06, 2.3138288725e-06, 7.24303617972e-07, 4.72581717759e-07, 5.02588875406e-07, 4.69269394898e-07, 5.44307226846e-07, 2.53880301671e-07, 1.36228777592e-07, 9.50870813199e-08, 3.78661297873e-08, 1.57431472303e-08, 1.16300400421e-08, 2.0471342399e-09, 1.5440088097e-10, 1.5505274148e-11, 5.51940925689e-13],
        "dvar": [3.39753832707e-12, 1.3835654844e-10, 4.34467392618e-11, 2.57914384294e-10, 2.69448019452e-10, 9.73505942525e-10, 6.7532507364e-10, 1.05013651108e-08, 2.83708212478e-09, 8.94160578913e-10, 4.66989447112e-10, 3.17301074304e-10, 1.5683536414e-10, 2.07103320604e-10, 6.44623299184e-10, 6.61658117185e-10, 1.90345558759e-10, 7.0962125065e-11, 5.19295613455e-11, 1.34368405291e-10, 4.19915144323e-12, 9.4885540397e-12, 1.81341519492e-12, 1.58857551679e-12, 3.95569124331e-12, 7.17725737783e-13, 1.86878873379e-13, 2.63843092339e-13, 1.42263059514e-13, 1.74518616247e-13, 4.65390258882e-14, 1.84706731924e-14, 1.01389310156e-14, 1.69753671789e-15, 2.23732238663e-16, 1.24486566139e-16, 3.06896497684e-18, 2.57408299181e-20, 3.11978180682e-22, 2.70203743396e-25],
        "dvar2": [9.26868824747e-12, 3.91546683964e-10, 1.18513698855e-10, 7.8187495367e-10, 8.30127411255e-10, 3.05165204217e-09, 1.57187729499e-09, 2.48240166201e-08, 7.20202297799e-09, 2.53836907049e-09, 1.12640574645e-09, 7.76434028182e-10, 3.78189646266e-10, 6.03728955717e-10, 1.53644086343e-09, 1.31557464922e-09, 3.97680222086e-10, 2.14491910344e-10, 1.17658688348e-10, 3.52832207895e-10, 1.06848392981e-11, 2.33817878253e-11, 4.0633737694e-12, 4.48215596582e-12, 1.1102445352e-11, 1.87745413834e-12, 5.71844709172e-13, 6.79611748822e-13, 4.00375912979e-13, 4.99516389623e-13, 1.36254302654e-13, 5.44682469971e-14, 2.83706079327e-14, 4.8204869492e-15, 6.18594249429e-16, 3.08374282319e-16, 8.35948313456e-18, 6.06089581231e-20, 8.6954675981e-22, 6.7020242001e-25],
        "max": [1.06922598206e-05, 8.44923997647e-05, 4.49011822639e-05, 0.000113550006063, 9.51092006289e-05, 0.000171091334778, 0.000263578345766, 0.000726530037355, 0.000336254015565, 0.0001824349456, 0.000123740552226, 0.000130967717269, 8.84219552972e-05, 0.000106640683953, 0.000151101921801, 0.000176560541149, 0.000116444170999, 6.61877711536e-05, 5.89399787714e-05, 0.000101124242065, 1.30966209326e-05, 2.5111476134e-05, 1.06077914097e-05, 6.94234131515e-06, 1.28637548187e-05, 7.08834841134e-06, 2.42725513999e-06, 4.0308818825e-06, 2.18804234464e-06, 2.48906667366e-06, 1.21514131024e-06, 9.25588835798e-07, 5.56079726266e-07, 2.47883605198e-07, 7.93832484192e-08, 8.67216769507e-08, 1.34835005383e-08, 1.1463414662e-09, 1.15443668514e-10, 3.00825380231e-12],
        "mean": [2.47151342592e-06, 1.40784250107e-05, 9.17946363188e-06, 2.06291952054e-05, 2.59451935563e-05, 3.63187173207e-05, 3.38380632456e-05, 8.3161983639e-05, 4.58933063783e-05, 2.67883569904e-05, 1.79853941518e-05, 1.46306001625e-05, 1.20111044453e-05, 9.13830808713e-06, 1.90217724594e-05, 1.54410208779e-05, 1.10293431135e-05, 5.28329655936e-06, 4.56942143501e-06, 6.47675369692e-06, 1.86967133686e-06, 2.58827867583e-06, 1.29098373236e-06, 1.06980508008e-06, 1.42490034705e-06, 4.88766772833e-07, 2.58908983142e-07, 2.73057082723e-07, 2.86048560838e-07, 3.04218389147e-07, 1.42857089713e-07, 6.66766837298e-08, 4.30791473605e-08, 1.71694374274e-08, 7.39162819841e-09, 5.96470828285e-09, 1.20444942908e-09, 7.75489741867e-11, 7.73754151029e-12, 2.79443352139e-13],
        "median": [1.8552578922e-06, 1.11040453703e-05, 6.88808177074e-06, 1.62379674293e-05, 2.05073156394e-05, 2.49131589953e-05, 1.77701876964e-05, 2.67108825938e-05, 1.42263934322e-05, 1.33020848807e-05, 6.25445636615e-06, 4.36174104834e-06, 5.09852725372e-06, 5.06772994413e-06, 6.94383061273e-06, 3.98080146624e-06, 2.19835669668e-06, 1.85794783647e-06, 9.9415206023e-07, 1.63067170433e-06, 9.06798788947e-07, 1.07894015855e-06, 7.03964758486e-07, 6.00982218657e-07, 3.85106403655e-07, 2.05465127578e-07, 1.02227019738e-07, 5.4104194902e-08, 1.31181437268e-07, 1.20352055433e-07, 5.07607538225e-08, 1.84787811719e-08, 6.15688167116e-09, 1.9987727029e-09, 1.15497233999e-09, 1.00498065425e-09, 3.23460175311e-10, 1.75396121238e-11, 2.44128068455e-12, 1.1534183168e-13],
        "min": [3.84287886845e-07, 1.52549660015e-06, 9.21528680919e-07, 1.70348542383e-07, 7.99452095634e-08, 1.26091904917e-07, 1.28080500872e-07, 1.49620021261e-07, 5.57037544979e-08, 2.65014588052e-08, 1.5929458641e-08, 1.26919283971e-08, 1.30273658527e-08, 1.03329931278e-08, 1.23950796294e-08, 5.41786127073e-09, 7.04745550806e-09, 4.63584948207e-09, 5.69780533866e-09, 2.03625694084e-09, 1.31384547686e-09, 2.33367969393e-09, 1.36579680898e-09, 8.57883597494e-10, 5.66208635533e-10, 3.98132138368e-10, 3.38135880407e-10, 1.70654601561e-10, 1.80688575213e-10, 8.48965897582e-11, 7.78367925669e-11, 5.34814310893e-11, 4.27117230473e-11, 2.8702575039e-11, 1.96241026901e-11, 1.30104954588e-11, 5.78070143836e-12, 7.23142574467e-13, 5.11292498953e-14, 7.39067163182e-15],
        "var": [3.61270822286e-12, 1.30510421914e-10, 5.74876223014e-11, 3.15005660445e-10, 4.56788745717e-10, 1.28537902544e-09, 1.75516612355e-09, 1.75275864933e-08, 4.17708978517e-09, 1.14168963172e-09, 6.37944586046e-10, 4.56962273576e-10, 2.81039302941e-10, 1.63415364574e-10, 7.73230590667e-10, 8.95045815241e-10, 4.40541686464e-10, 7.80081207963e-11, 6.39315544948e-11, 1.78555614738e-10, 5.5126146703e-12, 1.62356465078e-11, 2.99680397685e-12, 1.8189586122e-12, 4.53426966113e-12, 8.66196437493e-13, 1.64767464538e-13, 3.08072632075e-13, 1.66275196736e-13, 1.99576940803e-13, 5.27478485424e-14, 1.51653880019e-14, 8.82728779124e-15, 1.4848271572e-15, 2.11585150925e-16, 1.48733731287e-16, 4.19672358525e-18, 2.64960038121e-20, 2.43617564607e-22, 2.26259063379e-25]
    },
    "mfcc": {
        "dmean": [51.5416374207, 17.5033779144, 21.7311134338, 9.93317890167, 11.8498468399, 8.90033626556, 6.56083679199, 6.23471879959, 5.44475507736, 4.99048805237, 4.69193935394, 5.79622507095, 4.66864299774],
        "dmean2": [83.3405456543, 29.1993999481, 36.3307723999, 16.0699539185, 20.3964157104, 14.6470708847, 10.7375507355, 10.3153066635, 9.22665214539, 8.63221645355, 7.15244245529, 10.2763795853, 7.77023410797],
        "dvar": [2302.47338867, 235.175643921, 517.685546875, 68.3204574585, 125.084754944, 60.610874176, 36.8616523743, 22.2994060516, 22.2429351807, 18.9226169586, 15.8001298904, 25.5750846863, 12.3457250595],
        "dvar2": [5968.45458984, 629.238708496, 1194.07226562, 203.681259155, 341.53314209, 157.404129028, 101.43560791, 65.703956604, 60.3272132874, 40.3953704834, 38.7772712708, 64.567276001, 27.4401111603],
        "max": [-693.062255859, 207.56729126, 52.7679786682, 57.2806549072, 20.9844207764, 40.2991256714, 13.3510932922, 4.95067596436, 21.0554161072, 10.2596302032, 20.9826469421, 21.8051395416, 6.20106506348],
        "mean": [-816.625, 165.994018555, -42.2481918335, 13.2724475861, -15.4044523239, -3.66907453537, -8.91322135925, -10.4951219559, -1.77385556698, -7.07597398758, 1.88790762424, 3.763412714, -4.89237642288],
        "median": [-796.02355957, 171.104187012, -52.1694145203, 10.6486854553, -14.6288719177, -6.1732635498, -9.73764038086, -11.0006942749, -1.66947937012, -7.36556243896, 2.00204849243, 3.69553375244, -5.20210647583],
        "min": [-1020.86132812, 83.4590835571, -93.5487670898, -19.2451896667, -45.9842033386, -27.8791923523, -40.8085708618, -24.5977020264, -16.8702545166, -25.5988769531, -12.4573421478, -16.567741394, -15.1269035339],
        "var": [5897.32421875, 636.027709961, 1293.75769043, 264.067352295, 276.994110107, 155.061416626, 86.5406799316, 46.2180519104, 44.5863189697, 54.5000114441, 42.1649055481, 77.9092178345, 25.4686336517],
        "cov": [[5933.72705078, 165.84072876, -2677.21972656, 290.369018555, -1017.93017578, 31.7790164948, -404.654571533, -40.9106559753, 4.12556362152, -137.702987671, 141.894638062, 126.813682556, -69.2937088013], [165.84072876, 639.953796387, -30.2359580994, -286.177001953, -57.4308929443, -253.572463989, 54.6704521179, -76.9032287598, 50.1966781616, -93.2967529297, -0.25084605813, 94.2788925171, -22.6214466095], [-2677.21972656, -30.2359580994, 1301.74377441, -131.669906616, 445.012481689, -7.33439064026, 173.358306885, 30.5352592468, -6.89489841461, 69.1836013794, -70.1993484497, -55.0995368958, 30.0973014832], [290.369018555, -286.177001953, -131.669906616, 265.697387695, 30.5151672363, 115.495910645, -46.0972061157, 9.33239936829, -39.5089263916, 11.0333566666, -7.14883089066, -63.8394622803, -8.27066040039], [-1017.93017578, -57.4308929443, 445.012481689, 30.5151672363, 278.703948975, 23.6602611542, 64.8294067383, -4.061627388, -38.4171524048, 19.7112636566, -40.4604759216, -60.279460907, 0.171758159995], [31.7790164948, -253.572463989, -7.33439064026, 115.495910645, 23.6602611542, 156.018585205, -9.78230667114, 47.6173210144, -28.8834095001, 35.0395851135, -7.78030204773, -58.4469299316, 6.30351448059], [-404.654571533, 54.6704521179, 173.358306885, -46.0972061157, 64.8294067383, -9.78230667114, 87.0748825073, 13.1640462875, 6.74649906158, -12.3451919556, -23.9048900604, -7.82138776779, 0.994514286518], [-40.9106559753, -76.9032287598, 30.5352592468, 9.33239936829, -4.061627388, 47.6173210144, 13.1640462875, 46.5033493042, 1.58266329765, 21.0827674866, -0.245573580265, -9.55823421478, 10.4701557159], [4.12556362152, 50.1966781616, -6.89489841461, -39.5089263916, -38.4171524048, -28.8834095001, 6.74649906158, 1.58266329765, 44.861541748, -4.80831861496, 14.2174739838, 28.0334415436, 1.9497859478], [-137.702987671, -93.2967529297, 69.1836013794, 11.0333566666, 19.7112636566, 35.0395851135, -12.3451919556, 21.0827674866, -4.80831861496, 54.8364334106, 14.709610939, -11.0473670959, 10.9872312546], [141.894638062, -0.25084605813, -70.1993484497, -7.14883089066, -40.4604759216, -7.78030204773, -23.9048900604, -0.245573580265, 14.2174739838, 14.709610939, 42.4251823425, 27.5937232971, 2.99974942207], [126.813682556, 94.2788925171, -55.0995368958, -63.8394622803, -60.279460907, -58.4469299316, -7.82138776779, -9.55823421478, 28.0334415436, -11.0473670959, 27.5937232971, 78.3901367188, 5.18180608749], [-69.2937088013, -22.6214466095, 30.0973014832, -8.27066040039, 0.171758159995, 6.30351448059, 0.994514286518, 10.4701557159, 1.9497859478, 10.9872312546, 2.99974942207, 5.18180608749, 25.6258468628]],
        "icov": [[0.458696275949, -0.653716087341, 0.624868869781, -0.595842123032, 0.582857429981, -0.543822944164, 0.540673732758, -0.468625485897, 0.3686632514, -0.319221407175, 0.294039338827, -0.253430575132, 0.163053169847], [-0.653716087341, 0.940359354019, -0.889486134052, 0.855459332466, -0.831636488438, 0.783412516117, -0.772751510143, 0.66894775629, -0.524627685547, 0.461567908525, -0.420816302299, 0.363056391478, -0.229379668832], [0.624868869781, -0.889486134052, 0.854234099388, -0.809676349163, 0.789580464363, -0.739760398865, 0.734942436218, -0.638741016388, 0.499798029661, -0.437448203564, 0.403129965067, -0.345910578966, 0.221284344792], [-0.595842123032, 0.855459332466, -0.809676349163, 0.78655064106, -0.760914385319, 0.707203865051, -0.700241863728, 0.610523223877, -0.478702962399, 0.421557635069, -0.383665084839, 0.332708835602, -0.209030404687], [0.582857429981, -0.831636488438, 0.789580464363, -0.760914385319, 0.754297435284, -0.691381633282, 0.682359457016, -0.589479923248, 0.475819736719, -0.407432585955, 0.372149437666, -0.318955540657, 0.207803964615], [-0.543822944164, 0.783412516117, -0.739760398865, 0.707203865051, -0.691381633282, 0.672193586826, -0.642347931862, 0.54032510519, -0.431897610426, 0.382040798664, -0.351907253265, 0.309619992971, -0.190778627992], [0.540673732758, -0.772751510143, 0.734942436218, -0.700241863728, 0.682359457016, -0.642347931862, 0.663137972355, -0.565844774246, 0.429030150175, -0.366849660873, 0.351977080107, -0.297806590796, 0.193226471543], [-0.468625485897, 0.66894775629, -0.638741016388, 0.610523223877, -0.589479923248, 0.54032510519, -0.565844774246, 0.529389202595, -0.38119623065, 0.312582731247, -0.296105563641, 0.25562530756, -0.174772441387], [0.3686632514, -0.524627685547, 0.499798029661, -0.478702962399, 0.475819736719, -0.431897610426, 0.429030150175, -0.38119623065, 0.334067940712, -0.252223670483, 0.224895745516, -0.206721693277, 0.1326058954], [-0.319221407175, 0.461567908525, -0.437448203564, 0.421557635069, -0.407432585955, 0.382040798664, -0.366849660873, 0.312582731247, -0.252223670483, 0.268258571625, -0.226817026734, 0.185785964131, -0.117469355464], [0.294039338827, -0.420816302299, 0.403129965067, -0.383665084839, 0.372149437666, -0.351907253265, 0.351977080107, -0.296105563641, 0.224895745516, -0.226817026734, 0.23961570859, -0.179603531957, 0.106117427349], [-0.253430575132, 0.363056391478, -0.345910578966, 0.332708835602, -0.318955540657, 0.309619992971, -0.297806590796, 0.25562530756, -0.206721693277, 0.185785964131, -0.179603531957, 0.170588076115, -0.0954568088055], [0.163053169847, -0.229379668832, 0.221284344792, -0.209030404687, 0.207803964615, -0.190778627992, 0.193226471543, -0.174772441387, 0.1326058954, -0.117469355464, 0.106117427349, -0.0954568088055, 0.106681846082]]
    }
}

}