{
"metadata": {
    "version": {
        "essentia": "2.0.1",
        "extractor": "archive-music 1.0 mod ismir14"
    },
    "audio_properties": {
        "analysis_sample_rate": 44100,
        "bitrate": 32,
        "channels": 2,
        "equal_loudness": 0,
        "length": 30.0408172607,
        "replay_gain": -9.60221099854,
        "downmix": "mix"
    },
    "tags": {
        "track": 0,
        "year": 0,
        "album": "",
        "artist": "",
        "comment": "",
        "genre": "",
        "title": ""
    }
},
"rhythm": {
    "bpm": 172.265594482,
    "bpm_histogram_first_peak": 172,
    "bpm_histogram_first_peak_spread": 0,
    "bpm_histogram_first_peak_weight": 0.529411792755,
    "bpm_histogram_second_peak": 178,
    "bpm_histogram_second_peak_spread": 0,
    "bpm_histogram_second_peak_weight": 0.258823543787
},
"tonal": {
    "tuning_frequency": {
        "dmean": 0.039242349565,
        "dmean2": 0.07083517313,
        "dvar": 0.0921579748392,
        "dvar2": 0.211026057601,
        "max": 437.971466064,
        "mean": 433.143798828,
        "median": 432.940917969,
        "min": 432.940917969,
        "var": 0.398240029812
    },
    "hpcp": {
        "dmean": [0.0831548571587, 0.145750150084, 0.159229680896, 0.15693347156, 0.0392805896699, 0.074687153101, 0.0962172523141, 0.125336736441, 0.0599187463522, 0.0596292242408, 0.138627663255, 0.0725832208991],
        "dmean2": [0.150212049484, 0.267320841551, 0.296417593956, 0.278519570827, 0.0732118934393, 0.125186786056, 0.180316954851, 0.215817689896, 0.108814135194, 0.106225349009, 0.226524278522, 0.129541173577],
        "dvar": [0.0425627157092, 0.0667723789811, 0.0797799453139, 0.0827612578869, 0.0238357726485, 0.0369332134724, 0.0591817311943, 0.066805228591, 0.0315644927323, 0.0246033612639, 0.0548815466464, 0.0364156328142],
        "dvar2": [0.100444920361, 0.167656511068, 0.212100312114, 0.163065925241, 0.0651511773467, 0.0830182656646, 0.139744371176, 0.14128819108, 0.0759231671691, 0.0572137609124, 0.10743740201, 0.0962627828121],
        "max": [1, 1, 1, 1, 1, 1, 1, 1, 1, 1, 1, 1],
        "mean": [0.0802834630013, 0.183765739202, 0.141871362925, 0.319355636835, 0.0286502987146, 0.105640895665, 0.131490170956, 0.188390761614, 0.0565281622112, 0.0612363927066, 0.332089751959, 0.0577352009714],
        "median": [0.00950162485242, 0.0316856950521, 0.0312307402492, 0.0554025694728, 0.00113482796587, 0.0112088900059, 0.00139352388214, 0.0112462379038, 0.00260032108054, 0.00363565748557, 0.110224798322, 0.00332636293024],
        "min": [8.10199253465e-06, 1.61412535817e-05, 6.86509747538e-06, 1.62600042586e-06, 2.13559314943e-06, 2.5695264867e-06, 3.89110573451e-06, 3.71339501726e-06, 2.05814103538e-06, 2.80621839011e-06, 1.00895829291e-06, 1.59259725478e-05],
        "var": [0.0437122136354, 0.0994951799512, 0.0667090713978, 0.17210419476, 0.0175371225923, 0.0656480044127, 0.0942019447684, 0.117129482329, 0.037322498858, 0.0327554345131, 0.157740607858, 0.0295653697103]
    }
},
"lowlevel": {
    "melbands": {
        "dmean": [2.17891579268e-06, 4.48303217127e-05, 5.87776121392e-05, 0.000484547810629, 0.000508883735165, 0.000277113722404, 0.000111721987196, 9.43817358348e-05, 5.53471036255e-05, 3.93313312088e-05, 3.4184758988e-05, 1.84446998901e-05, 3.25647124555e-05, 1.25356536955e-05, 1.37885363074e-05, 8.77660477272e-06, 1.80107472261e-05, 8.6859199655e-06, 1.04084319901e-05, 2.93015432362e-06, 4.06836898037e-06, 3.80515257348e-06, 2.82132623397e-06, 3.10930386149e-06, 6.82501558913e-06, 7.00760938344e-06, 2.32848924497e-06, 1.2230102584e-06, 3.84813489518e-07, 2.50212366382e-07, 1.13914111921e-07, 1.97257712387e-08, 3.11789216667e-09, 8.19182555123e-10, 2.58646742912e-10, 1.14260136075e-10, 5.1847019733e-11, 1.88781108801e-11, 1.02396814985e-11, 5.47525306344e-12],
        "dmean2": [3.78198319595e-06, 6.8844499765e-05, 8.62539018271e-05, 0.000739820185117, 0.000764815020375, 0.000422541430453, 0.000172549829585, 0.000142866410897, 8.48083145684e-05, 6.33347299299e-05, 4.80714188598e-05, 2.75256916211e-05, 4.88742880407e-05, 1.79691141966e-05, 2.36579635384e-05, 1.31915776365e-05, 2.58286345343e-05, 1.3638913515e-05, 1.57315243996e-05, 4.45615614808e-06, 6.56313886793e-06, 6.25372285867e-06, 4.77248113384e-06, 4.91687978865e-06, 1.08075246317e-05, 1.06288816824e-05, 3.80597543881e-06, 1.97019312509e-06, 6.351256161e-07, 4.18973115757e-07, 1.80689369245e-07, 3.11298791189e-08, 4.86693085833e-09, 1.26970911563e-09, 4.0824107983e-10, 1.75696734939e-10, 7.93267465604e-11, 2.7478637421e-11, 1.45666586432e-11, 8.26406217763e-12],
        "dvar": [1.21305058012e-11, 9.52846956892e-09, 1.3213127481e-08, 1.47310413467e-06, 7.6207766142e-07, 1.48680669554e-07, 3.66282009168e-08, 4.62292994996e-08, 3.26030438202e-08, 1.43017455656e-08, 1.25601582468e-08, 4.51648007882e-09, 1.30353265959e-08, 1.74870673497e-09, 4.17253431806e-09, 4.19295959064e-10, 2.79783352042e-09, 2.54055748661e-10, 5.28359689334e-10, 2.89475006465e-11, 6.07288663801e-11, 6.21487167285e-11, 6.10598169248e-11, 5.14634689031e-11, 3.34897110044e-10, 3.00314134671e-10, 2.91973528688e-11, 1.00024962271e-11, 1.47205056304e-12, 1.37235004177e-12, 4.12570232968e-13, 7.08459119413e-15, 5.47606906279e-16, 1.70270414165e-17, 7.01527069519e-19, 1.26895102359e-19, 2.22492940901e-20, 1.54864740146e-21, 1.1100448781e-21, 2.45621473254e-22],
        "dvar2": [3.27757682106e-11, 1.53286414672e-08, 2.5945372073e-08, 2.44275975092e-06, 1.55681016167e-06, 3.37567030329e-07, 8.29825026472e-08, 1.01610559966e-07, 6.50166356309e-08, 3.44583170886e-08, 2.71488698189e-08, 8.11535105782e-09, 2.67162576506e-08, 3.30298322027e-09, 1.14944871399e-08, 9.19593567961e-10, 4.14055278952e-09, 5.64395807867e-10, 1.01790065266e-09, 6.8065469927e-11, 1.49137424632e-10, 1.45697384712e-10, 1.68595803984e-10, 1.16872025946e-10, 6.72200572982e-10, 5.24702503668e-10, 7.53269044362e-11, 2.35932523518e-11, 2.90677703262e-12, 2.80265459278e-12, 9.08857461946e-13, 1.61849869715e-14, 1.29611541633e-15, 4.1395744212e-17, 1.68099178794e-18, 2.84023345915e-19, 4.15860173888e-20, 1.76607927736e-21, 8.42539141154e-22, 2.00609208842e-22],
        "max": [3.81228528568e-05, 0.00255871005356, 0.00148140871897, 0.0296740587801, 0.00961743574589, 0.00323325232603, 0.001870982931, 0.00262594176456, 0.00255637685768, 0.00124855770264, 0.00146636902355, 0.000807380420156, 0.00168920273427, 0.00060927728191, 0.000826103729196, 0.000372172740754, 0.00136709341314, 0.000184184027603, 0.000420171796577, 8.87379428605e-05, 6.65713523631e-05, 7.81884446042e-05, 8.92561802175e-05, 0.00010555278277, 0.000248098571319, 0.000322276930092, 5.27977608726e-05, 3.28287605953e-05, 1.71561223397e-05, 1.90921946341e-05, 1.28353403852e-05, 1.58469424605e-06, 5.02920215695e-07, 6.28528979973e-08, 1.31694006811e-08, 5.41858824477e-09, 2.53115772786e-09, 1.15472664763e-09, 1.13296871884e-09, 5.35336441843e-10],
        "mean": [2.50409061664e-06, 7.56682420615e-05, 0.000110907851194, 0.000906534667592, 0.000873688666616, 0.000405499595217, 0.00015465177421, 0.000151986983838, 6.87159626978e-05, 4.20175711042e-05, 4.17878727603e-05, 2.22896978812e-05, 3.81098761864e-05, 1.43368806675e-05, 1.29229183585e-05, 9.7332012956e-06, 2.10370071727e-05, 1.00549095805e-05, 1.36119979288e-05, 3.8928419599e-06, 4.60144883618e-06, 4.05055925512e-06, 2.66166716756e-06, 3.58693864655e-06, 7.59915974413e-06, 8.17605632619e-06, 2.29291890719e-06, 1.13827650239e-06, 3.96692740878e-07, 2.36919973418e-07, 9.95747910792e-08, 1.74295848865e-08, 2.63426991332e-09, 8.04752819938e-10, 3.25192789363e-10, 1.55178730976e-10, 7.78646522259e-11, 3.33810444564e-11, 1.77902397674e-11, 8.71432266625e-12],
        "median": [1.50082951222e-06, 3.95421593566e-05, 5.31797413714e-05, 0.000291505362839, 0.000398114323616, 0.000193220868823, 6.00661005592e-05, 4.10390566685e-05, 1.13202895591e-05, 3.8661733015e-06, 3.11600024361e-06, 1.63420008903e-06, 2.62319122157e-06, 2.36669256992e-06, 1.9034196157e-06, 1.95094116862e-06, 4.57014266431e-06, 3.1128683986e-06, 4.43156613983e-06, 1.21538528219e-06, 1.4741187897e-06, 1.21315349588e-06, 5.13057727858e-07, 7.69816324464e-07, 1.43470992953e-06, 1.26086115415e-06, 4.50989659839e-07, 1.52358722971e-07, 4.63213076785e-08, 1.68340701379e-08, 4.84955631208e-09, 1.20311727247e-09, 4.00427135894e-10, 2.47687370614e-10, 1.52533832787e-10, 7.20421639011e-11, 4.06262176678e-11, 2.17233141198e-11, 1.18078602451e-11, 6.29201335131e-12],
        "min": [7.5189596771e-08, 7.83098414558e-07, 9.52711673108e-07, 3.43162042782e-07, 5.7455190472e-07, 1.29769304635e-07, 1.57015563218e-07, 5.91098192615e-08, 1.1799720312e-08, 4.80004880288e-09, 4.384025587e-09, 6.85744261375e-09, 5.91956750284e-09, 5.16013720642e-09, 2.10816031299e-09, 1.85561677135e-09, 4.18383683254e-09, 3.90487109314e-09, 8.3153078867e-10, 1.36069877588e-10, 7.18369183583e-11, 6.50618031672e-11, 7.00908567297e-11, 8.27843210649e-11, 9.26052012851e-11, 7.07906233632e-11, 4.34921924863e-11, 3.81719343634e-11, 3.33173245937e-11, 1.98227788351e-11, 1.55098954513e-11, 1.12209217612e-11, 9.29269421829e-12, 6.58464081871e-12, 6.43420169574e-12, 3.39429656257e-12, 8.07957691094e-14, 6.32389377409e-14, 7.30399695261e-14, 4.44127224689e-14],
        "var": [1.19161304088e-11, 3.62457832637e-08, 2.68948898707e-08, 4.33591958426e-06, 1.50492678586e-06, 2.57950176774e-07, 5.63085862382e-08, 9.06454218352e-08, 5.53158905348e-08, 1.60206177213e-08, 1.95729743524e-08, 8.11970313208e-09, 2.1556960661e-08, 2.45585907166e-09, 3.3073690453e-09, 6.42579822685e-10, 6.20422691e-09, 3.6898892275e-10, 8.39146752085e-10, 4.48571388367e-11, 7.25229806764e-11, 6.84319684252e-11, 5.1703009929e-11, 7.23310786266e-11, 4.37849673185e-10, 5.51218126699e-10, 2.98806118737e-11, 1.03823477593e-11, 1.85142678098e-12, 1.48154383726e-12, 4.13737891603e-13, 7.84774077455e-15, 4.70700496894e-16, 1.49358907776e-17, 6.96155927308e-19, 1.47458786538e-19, 3.16193989675e-20, 3.56997783394e-21, 2.74562187355e-21, 5.99162248543e-22]
    },
    "mfcc": {
        "dmean": [36.3013763428, 11.8111724854, 21.9240264893, 13.6907043457, 10.4137630463, 9.42592716217, 7.62613201141, 9.35311317444, 7.19654941559, 7.05856657028, 6.97221183777, 6.76839113235, 6.48566484451],
        "dmean2": [51.9692077637, 16.8146877289, 31.8650074005, 19.2539997101, 14.918381691, 14.1598386765, 11.1778383255, 14.0932598114, 11.2568082809, 10.9597969055, 10.8859424591, 10.2811737061, 10.1796350479],
        "dvar": [1396.60656738, 148.987121582, 592.972106934, 123.506988525, 75.0468978882, 75.4948348999, 41.870967865, 62.1321678162, 34.7628555298, 33.2493515015, 32.7921562195, 34.1421546936, 26.5302848816],
        "dvar2": [2708.02490234, 296.451171875, 1103.70251465, 261.746582031, 135.970535278, 152.552215576, 92.107421875, 138.739242554, 74.840965271, 75.2015762329, 72.4227676392, 77.5464782715, 57.9782752991],
        "max": [-682.717834473, 247.168121338, 101.976013184, 130.979064941, 60.146900177, 30.8625793457, 36.5825881958, 27.3374881744, 2.51346206665, 33.0961303711, 13.4118156433, 20.0353488922, 23.9180526733],
        "mean": [-805.63494873, 198.249908447, -40.7670097351, 34.9782180786, 11.2870616913, -25.6726016998, -4.67291688919, -30.2128601074, -25.1169433594, -5.06671476364, -11.4089012146, -14.0849742889, -7.25153017044],
        "median": [-798.221313477, 200.050003052, -48.320514679, 34.0759162903, 14.0931167603, -26.0072746277, -4.26671981812, -31.5427284241, -24.9864387512, -4.7166519165, -10.4584255219, -13.4999198914, -7.0177230835],
        "min": [-1028.36364746, 88.3311538696, -126.544296265, -28.643196106, -65.0713653564, -75.9473876953, -39.5474777222, -72.5121765137, -58.0899581909, -47.0938568115, -50.1430091858, -49.9418296814, -39.95545578],
        "var": [3507.64208984, 529.097045898, 1739.63464355, 572.032775879, 378.533630371, 272.937103271, 140.583389282, 249.315155029, 109.617546082, 163.370071411, 110.830780029, 95.8539733887, 91.7367858887],
        "cov": [[3513.06347656, 12.0807380676, -2260.49560547, 643.077941895, -533.123046875, -528.874145508, 302.468566895, -229.10295105, 30.9720153809, -91.3470611572, -65.633605957, 83.1317367554, -125.230804443], [12.0807380676, 529.914794922, 247.013305664, -356.669464111, 30.0494918823, -65.291229248, -60.840587616, 132.297866821, -42.0042648315, -25.1110553741, -8.54894065857, -34.3003120422, -11.6451587677], [-2260.49560547, 247.013305664, 1742.32336426, -485.296356201, 277.494720459, 347.495452881, -244.635772705, 168.572128296, -22.0889186859, 9.5981798172, 41.1722488403, -65.3212661743, 47.3753967285], [643.077941895, -356.669464111, -485.296356201, 572.916931152, -14.8601036072, -54.7274971008, 63.7406311035, -230.86869812, 0.515418767929, 24.7978649139, -32.9853363037, 19.8736057281, -15.4379177094], [-533.123046875, 30.0494918823, 277.494720459, -14.8601036072, 379.118682861, 138.105682373, -100.615104675, -50.1589775085, -66.8039474487, 99.4764175415, 10.7847604752, -43.8571090698, 60.4349899292], [-528.874145508, -65.291229248, 347.495452881, -54.7274971008, 138.105682373, 273.358978271, -32.7758483887, -64.6836471558, 10.6429729462, 41.171257019, 48.7448120117, 11.2382411957, 25.9559898376], [302.468566895, -60.840587616, -244.635772705, 63.7406311035, -100.615104675, -32.7758483887, 140.800674438, 12.6558275223, -4.2921795845, -1.13196349144, -8.03988265991, 22.0484828949, -6.49084949493], [-229.10295105, 132.297866821, 168.572128296, -230.86869812, -50.1589775085, -64.6836471558, 12.6558275223, 249.700485229, 37.4995307922, -84.3182067871, -6.42540931702, -10.5196523666, -12.5557174683], [30.9720153809, -42.0042648315, -22.0889186859, 0.515418767929, -66.8039474487, 10.6429729462, -4.2921795845, 37.4995307922, 109.786972046, -21.010684967, -22.3927440643, 19.4004383087, -15.6292695999], [-91.3470611572, -25.1110553741, 9.5981798172, 24.7978649139, 99.4764175415, 41.171257019, -1.13196349144, -84.3182067871, -21.010684967, 163.622573853, 43.3115997314, -36.35105896, 37.4307670593], [-65.633605957, -8.54894065857, 41.1722488403, -32.9853363037, 10.7847604752, 48.7448120117, -8.03988265991, -6.42540931702, -22.3927440643, 43.3115997314, 111.002075195, 21.6751537323, -3.07948279381], [83.1317367554, -34.3003120422, -65.3212661743, 19.8736057281, -43.8571090698, 11.2382411957, 22.0484828949, -10.5196523666, 19.4004383087, -36.35105896, 21.6751537323, 96.0021286011, 19.1648616791], [-125.230804443, -11.6451587677, 47.3753967285, -15.4379177094, 60.4349899292, 25.9559898376, -6.49084949493, -12.5557174683, -15.6292695999, 37.4307670593, -3.07948279381, 19.1648616791, 91.8785705566]],
        "icov": [[2.19404268265, -3.05127286911, 2.97300100327, -2.76373028755, 2.55225777626, -2.27335190773, 1.95326280594, -1.59402406216, 1.25935852528, -0.907439470291, 0.620636463165, -0.358314931393, 0.169449388981], [-3.05127286911, 4.24801015854, -4.1352596283, 3.84792304039, -3.55189657211, 3.16613531113, -2.71899223328, 2.22104048729, -1.75320863724, 1.26493179798, -0.864698410034, 0.499706268311, -0.235121622682], [2.97300100327, -4.1352596283, 4.03137111664, -3.74752521515, 3.46295213699, -3.08870077133, 2.6562974453, -2.16950583458, 1.7152479887, -1.23760282993, 0.848353505135, -0.490503191948, 0.232349127531], [-2.76373028755, 3.84792304039, -3.74752521515, 3.49326467514, -3.22507762909, 2.87885093689, -2.47690558434, 2.02906727791, -1.60258173943, 1.15971779823, -0.794523775578, 0.46168383956, -0.217603847384], [2.55225777626, -3.55189657211, 3.46295213699, -3.22507762909, 2.98789572716, -2.6668381691, 2.29905867577, -1.88148212433, 1.49232709408, -1.0819466114, 0.744450867176, -0.432380706072, 0.204174548388], [-2.27335190773, 3.16613531113, -3.08870077133, 2.87885093689, -2.6668381691, 2.39270758629, -2.06108808517, 1.69336438179, -1.34345328808, 0.976383626461, -0.676292300224, 0.394202411175, -0.18812520802], [1.95326280594, -2.71899223328, 2.6562974453, -2.47690558434, 2.29905867577, -2.06108808517, 1.79301142693, -1.46843528748, 1.16844642162, -0.85368180275, 0.592705190182, -0.350463122129, 0.167359977961], [-1.59402406216, 2.22104048729, -2.16950583458, 2.02906727791, -1.88148212433, 1.69336438179, -1.46843528748, 1.21817433834, -0.966112732887, 0.710704922676, -0.494163453579, 0.29481986165, -0.141562148929], [1.25935852528, -1.75320863724, 1.7152479887, -1.60258173943, 1.49232709408, -1.34345328808, 1.16844642162, -0.966112732887, 0.781727910042, -0.568649530411, 0.400634944439, -0.240446731448, 0.117258727551], [-0.907439470291, 1.26493179798, -1.23760282993, 1.15971779823, -1.0819466114, 0.976383626461, -0.85368180275, 0.710704922676, -0.568649530411, 0.432553350925, -0.302272230387, 0.18641769886, -0.0928253829479], [0.620636463165, -0.864698410034, 0.848353505135, -0.794523775578, 0.744450867176, -0.676292300224, 0.592705190182, -0.494163453579, 0.400634944439, -0.302272230387, 0.224700406194, -0.135445639491, 0.0681941956282], [-0.358314931393, 0.499706268311, -0.490503191948, 0.46168383956, -0.432380706072, 0.394202411175, -0.350463122129, 0.29481986165, -0.240446731448, 0.18641769886, -0.135445639491, 0.0983524918556, -0.0478847883642], [0.169449388981, -0.235121622682, 0.232349127531, -0.217603847384, 0.204174548388, -0.18812520802, 0.167359977961, -0.141562148929, 0.117258727551, -0.0928253829479, 0.0681941956282, -0.0478847883642, 0.0370353870094]]
    }
}

}