{
"metadata": {
    "version": {
        "essentia": "2.0.1",
        "extractor": "archive-music 1.0 mod ismir14"
    },
    "audio_properties": {
        "analysis_sample_rate": 44100,
        "bitrate": 32,
        "channels": 2,
        "equal_loudness": 0,
        "length": 30.0408172607,
        "replay_gain": -14.4096908569,
        "downmix": "mix"
    },
    "tags": {
        "track": 0,
        "year": 0,
        "album": "",
        "artist": "",
        "comment": "",
        "genre": "",
        "title": ""
    }
},
"rhythm": {
    "bpm": 109.315917969,
    "bpm_histogram_first_peak": 110,
    "bpm_histogram_first_peak_spread": 0.433962225914,
    "bpm_histogram_first_peak_weight": 0.566037714481,
    "bpm_histogram_second_peak": 0,
    "bpm_histogram_second_peak_spread": 0,
    "bpm_histogram_second_peak_weight": 0
},
"tonal": {
    "tuning_frequency": {
        "dmean": 0.0808994099498,
        "dmean2": 0.139203056693,
        "dvar": 0.492154955864,
        "dvar2": 0.976425528526,
        "max": 447.949737549,
        "mean": 441.974212646,
        "median": 441.527557373,
        "min": 433.191070557,
        "var": 0.987952709198
    },
    "hpcp": {
        "dmean": [0.105820797384, 0.0723820105195, 0.0502583943307, 0.124415546656, 0.0646788999438, 0.117211356759, 0.0514600016177, 0.0713969394565, 0.114187918603, 0.0539382919669, 0.111078575253, 0.0784592404962],
        "dmean2": [0.185862094164, 0.137581065297, 0.0909241363406, 0.213775664568, 0.119515679777, 0.210557281971, 0.0982116982341, 0.126278266311, 0.195619136095, 0.100478604436, 0.18936008215, 0.146504595876],
        "dvar": [0.0514484271407, 0.043068125844, 0.0222126059234, 0.0550871640444, 0.029105167836, 0.0524883642793, 0.0259337630123, 0.0254914928228, 0.0435003638268, 0.0237356200814, 0.0469015017152, 0.0444540046155],
        "dvar2": [0.124623917043, 0.112263955176, 0.0616480484605, 0.128142654896, 0.0775065198541, 0.139711290598, 0.0754899829626, 0.0676177367568, 0.110564514995, 0.0672442689538, 0.120387360454, 0.125451564789],
        "max": [1, 1, 1, 1, 1, 1, 1, 1, 1, 1, 1, 1],
        "mean": [0.164578005672, 0.2156265378, 0.0359524004161, 0.417086243629, 0.0442859642208, 0.21990890801, 0.0319228097796, 0.0868676304817, 0.21473762393, 0.0339420214295, 0.201909542084, 0.0519872233272],
        "median": [0.0216657333076, 0.00518245389685, 0.00351427099667, 0.176426529884, 0.0025699432008, 0.0350660383701, 0.00264128856361, 0.0105182258412, 0.0763757526875, 0.00253375549801, 0.0563126653433, 0.00259146327153],
        "min": [7.18366038654e-07, 3.76992625206e-06, 2.19932485379e-06, 1.18812258734e-05, 1.99511032406e-06, 1.2517759842e-06, 6.91011905474e-07, 4.86204480694e-05, 1.44021191772e-06, 1.63174831869e-06, 5.2656587286e-06, 9.33876094678e-07],
        "var": [0.0927985906601, 0.15154440701, 0.0147718619555, 0.190128609538, 0.0215166024864, 0.122223548591, 0.014529758133, 0.0395937822759, 0.100856438279, 0.0141219031066, 0.0982684791088, 0.0298319458961]
    }
},
"lowlevel": {
    "melbands": {
        "dmean": [0.000519370252732, 0.000881454383489, 0.000612413568888, 0.000375128351152, 0.00016556045739, 0.000149115730892, 8.4718085418e-05, 0.000120478194731, 0.000174427346792, 0.00011002588144, 2.71289136435e-05, 3.29077483912e-05, 1.92578445422e-05, 1.99543246708e-05, 2.2287673346e-05, 1.94820495381e-05, 2.01572456717e-05, 1.78289265023e-05, 1.02872609204e-05, 1.66585195984e-05, 7.06672472006e-06, 5.2062728173e-06, 5.58546435059e-06, 3.25134965351e-06, 2.01817238121e-06, 1.50643461438e-06, 9.35350215059e-07, 6.89293528922e-07, 7.27926078525e-07, 5.22409266068e-07, 4.62396087642e-07, 4.65080205458e-07, 4.32375088621e-07, 3.27612951878e-07, 2.89037075163e-07, 2.54616793427e-07, 1.99466995809e-07, 1.14656202754e-07, 8.06597100222e-08, 5.7880637172e-08],
        "dmean2": [0.000884239154402, 0.00145011162385, 0.000955006864388, 0.00061797426315, 0.000269714713795, 0.000221697817324, 0.000134740548674, 0.000183919662959, 0.000279184430838, 0.000172549363924, 4.07017796533e-05, 5.03319351992e-05, 2.95598620141e-05, 3.14979188261e-05, 3.6464400182e-05, 2.98745017062e-05, 3.33605057676e-05, 2.76336759271e-05, 1.65613746503e-05, 2.6336107112e-05, 1.12363604785e-05, 8.52181165101e-06, 9.10826383915e-06, 5.3311900956e-06, 3.17737203659e-06, 2.3386214707e-06, 1.46637171383e-06, 1.07203413791e-06, 1.08875269689e-06, 7.79870902079e-07, 6.73622139402e-07, 6.69594214742e-07, 6.27184761015e-07, 4.56261517456e-07, 4.40224454223e-07, 3.89098033793e-07, 2.98738058291e-07, 1.76982211997e-07, 1.25898637293e-07, 9.51556486939e-08],
        "dvar": [1.96131873054e-06, 1.38823497764e-06, 6.14049838532e-07, 5.11387440838e-07, 4.58821922678e-08, 6.32939958223e-08, 1.86525941359e-08, 6.06602696962e-08, 1.33965869509e-07, 7.87286182913e-08, 5.61489787998e-09, 9.47472234003e-09, 2.84951728879e-09, 2.47953124699e-09, 4.9114761147e-09, 1.90320026405e-09, 1.92472571214e-09, 1.78943693196e-09, 5.99570448845e-10, 3.4847142949e-09, 2.50069354113e-10, 7.99488669712e-11, 1.63836694211e-10, 4.01994201815e-11, 1.01072388306e-11, 6.44649524734e-12, 2.9284467646e-12, 1.79397870257e-12, 1.74747163354e-12, 1.03792961639e-12, 9.94980573626e-13, 1.06658735663e-12, 8.68601089492e-13, 6.3812892687e-13, 8.70831889672e-13, 1.31182456391e-12, 1.27681545892e-12, 3.18030324298e-13, 7.53657051589e-14, 5.47146421052e-14],
        "dvar2": [5.37755067853e-06, 3.48890603163e-06, 1.47225614455e-06, 1.41527777942e-06, 1.23497073901e-07, 1.28681506339e-07, 4.15074197235e-08, 1.2860769516e-07, 3.11256201257e-07, 1.83301352763e-07, 9.92987647663e-09, 1.87740578639e-08, 6.52770948406e-09, 5.86904969069e-09, 1.27662502791e-08, 4.14478495969e-09, 5.07428898899e-09, 4.04419608913e-09, 1.47601852962e-09, 9.36787269978e-09, 6.26410090465e-10, 1.98788957517e-10, 4.32072294609e-10, 9.86918533008e-11, 2.41361652886e-11, 1.54416219394e-11, 6.84153471722e-12, 4.03710181604e-12, 3.81278732545e-12, 2.28128019947e-12, 2.20827045885e-12, 2.2741886499e-12, 1.85957998132e-12, 1.34731863253e-12, 1.75645999481e-12, 3.20047178863e-12, 2.81799496932e-12, 5.72320890766e-13, 1.45198279398e-13, 1.0445478846e-13],
        "max": [0.0123868538067, 0.00997941195965, 0.0082929758355, 0.00563247175887, 0.0017257432919, 0.0023480663076, 0.00125587522052, 0.0029792569112, 0.00494724465534, 0.0036264245864, 0.0016044274671, 0.00204259436578, 0.00108493352309, 0.000528577133082, 0.000876258010976, 0.000475070264656, 0.000449928425951, 0.000618440331891, 0.000233731858316, 0.00121298711747, 0.000263640715275, 8.97607969819e-05, 0.000210111218621, 8.934809739e-05, 3.27925663441e-05, 2.91523538181e-05, 1.31014539875e-05, 1.26011218526e-05, 1.33117518999e-05, 8.31815668789e-06, 1.14023960123e-05, 1.20229242384e-05, 9.81437551673e-06, 1.28582460093e-05, 1.73834741872e-05, 2.37420026679e-05, 2.38797874772e-05, 1.21880102597e-05, 5.5572677411e-06, 4.3839090722e-06],
        "mean": [0.000635948963463, 0.0026336889714, 0.00190882792231, 0.000702268152963, 0.000302658590954, 0.000266537506832, 0.000139099458465, 0.000173769396497, 0.000235395942582, 0.000172936866875, 3.80415040127e-05, 3.91069588659e-05, 2.54920287261e-05, 2.50660959864e-05, 2.48191954597e-05, 2.73505065707e-05, 2.51215042226e-05, 2.40468198172e-05, 1.32690884129e-05, 2.60479682765e-05, 1.15167895274e-05, 8.04955107014e-06, 1.0568687685e-05, 6.26549581284e-06, 3.17743115374e-06, 2.01505508812e-06, 1.17083732221e-06, 8.33820251955e-07, 8.98219013834e-07, 6.40519033368e-07, 5.42133079762e-07, 5.39582686088e-07, 4.94366759085e-07, 3.71598900983e-07, 3.19606158428e-07, 2.46605679877e-07, 1.9321348077e-07, 1.13612031782e-07, 7.44583132928e-08, 5.47220224689e-08],
        "median": [0.000344742438756, 0.00240851822309, 0.00172179890797, 0.000522208691109, 0.000205355725484, 9.33751580305e-05, 6.41390433884e-05, 6.03030639468e-05, 5.69668700336e-05, 3.57254248229e-05, 1.18479147204e-05, 1.15130205813e-05, 7.81141989137e-06, 5.63233334105e-06, 6.06746152698e-06, 6.47472916171e-06, 5.14830753673e-06, 5.46006185687e-06, 3.6388451008e-06, 3.45374996868e-06, 3.48234834746e-06, 3.23674521496e-06, 2.50886864706e-06, 1.59944863753e-06, 1.16539479222e-06, 7.68851009525e-07, 4.30810416674e-07, 2.72898546427e-07, 2.84114548776e-07, 1.54532088459e-07, 1.18380135916e-07, 1.16269688988e-07, 1.13264491119e-07, 8.86398652256e-08, 5.91668296579e-08, 4.95968421887e-08, 3.05514440413e-08, 1.33836692839e-08, 7.47468753559e-09, 4.99888042071e-09],
        "min": [3.60902049579e-07, 2.58716880808e-07, 7.28219163193e-07, 2.07392690754e-06, 6.12481881035e-06, 1.75425000748e-07, 4.1893892444e-07, 4.15213818883e-08, 2.52861269701e-07, 6.17517628143e-08, 9.92857085436e-09, 1.5604806336e-08, 1.35300677329e-08, 8.72502337046e-09, 4.48522907703e-09, 1.42481104692e-09, 3.27928439958e-09, 3.59018859086e-09, 3.44608697134e-09, 4.44564074442e-09, 3.48352080515e-09, 8.28518142981e-10, 2.61012922387e-09, 1.27991717225e-09, 8.6972745672e-10, 1.39144662459e-09, 5.71161118401e-10, 2.62903282477e-10, 4.97015623102e-11, 1.06169621705e-11, 1.99576629095e-13, 1.10323547715e-13, 9.76457074377e-14, 8.44546600622e-14, 7.54171708807e-14, 6.45474477904e-14, 2.21606163731e-14, 2.49559419896e-14, 2.1281091242e-14, 1.68884207292e-14],
        "var": [1.44880493735e-06, 3.58285251423e-06, 1.57444253546e-06, 5.16101181347e-07, 8.7180588082e-08, 1.64004916314e-07, 3.75661137753e-08, 1.12320677204e-07, 2.09827575759e-07, 1.8419130754e-07, 1.00846531126e-08, 1.33692701354e-08, 4.66860239356e-09, 3.21353876842e-09, 4.74703654163e-09, 3.7354008775e-09, 3.20591087011e-09, 3.32025917871e-09, 7.8630868483e-10, 9.82132686289e-09, 5.28611376893e-10, 1.49144419037e-10, 5.61492574658e-10, 1.67769534376e-10, 2.21238981996e-11, 9.83620563472e-12, 3.58409460964e-12, 2.20594744728e-12, 2.48160281387e-12, 1.42847767035e-12, 1.22385717012e-12, 1.34551321907e-12, 1.1269584441e-12, 8.32398820011e-13, 1.04185160932e-12, 1.16370660937e-12, 1.25957382545e-12, 4.00642436978e-13, 9.41513780459e-14, 6.60533978317e-14]
    },
    "mfcc": {
        "dmean": [32.678527832, 18.3731956482, 13.134803772, 10.308511734, 9.41166305542, 8.37330722809, 7.49250125885, 7.13696908951, 6.2507314682, 7.05041503906, 6.28306770325, 6.40859699249, 6.52944564819],
        "dmean2": [41.2861633301, 24.9830818176, 17.9664211273, 15.3161554337, 13.7043447495, 12.4380054474, 11.300567627, 11.3093700409, 9.89696598053, 11.2279253006, 10.0927324295, 10.3610515594, 10.3229455948],
        "dvar": [1260.00769043, 335.788452148, 164.682220459, 88.0239257812, 80.9903793335, 49.8767089844, 37.884349823, 39.3087348938, 28.9425506592, 36.4217453003, 29.3288593292, 25.5279655457, 28.2125473022],
        "dvar2": [2551.16162109, 598.513183594, 255.954452515, 182.103317261, 141.947875977, 104.529716492, 82.5954437256, 93.4281311035, 63.3708152771, 84.5247955322, 64.4861450195, 68.0152893066, 75.7965545654],
        "max": [-581.897155762, 251.063690186, 117.024078369, 91.8123779297, 67.6083602905, 43.5819168091, 53.2824478149, 53.4465293884, 25.0523147583, 44.2176589966, 41.1320495605, 29.8933601379, 25.276473999],
        "mean": [-715.887695312, 173.924484253, 2.13552117348, 37.2895317078, 13.5887031555, 9.71483135223, -6.96211767197, 7.00439071655, -2.2797973156, 3.57479786873, 0.601182460785, -0.367616951466, -6.11405038834],
        "median": [-706.190673828, 175.246551514, 2.43218994141, 35.5738525391, 13.2121829987, 11.1682624817, -5.58322811127, 6.66047382355, -2.48562049866, 2.54901123047, -0.0999364852905, -0.823921203613, -5.84323215485],
        "min": [-951.788452148, 21.1612091064, -103.196212769, -52.5648422241, -41.8487129211, -36.8611717224, -51.9355354309, -31.1692657471, -38.1965332031, -31.7204780579, -25.5427036285, -26.4072799683, -31.8629798889],
        "var": [4999.00830078, 1283.98205566, 1169.93225098, 478.957611084, 314.355957031, 215.182800293, 221.342041016, 127.903755188, 83.48777771, 151.149612427, 89.8936691284, 70.64112854, 72.4507064819],
        "cov": [[5006.73486328, -1379.0234375, -756.472900391, -2.31740427017, -415.163696289, 30.6236686707, -273.150054932, 61.9920806885, -68.648979187, 92.4721832275, -21.1243572235, 13.6754465103, -61.9844818115], [-1379.0234375, 1285.96655273, -437.72454834, -248.428634644, 45.634021759, -140.239135742, 98.4211959839, -62.0877075195, -14.5249938965, 7.7472319603, 52.8688240051, 5.48726558685, 2.1525812149], [-756.472900391, -437.72454834, 1171.74047852, 200.495269775, -2.43594145775, 216.636978149, 122.112892151, 57.7428474426, 7.39994859695, -64.7441864014, -35.7673416138, -8.80212020874, 17.3125534058], [-2.31740427017, -248.428634644, 200.495269775, 479.697875977, 54.383808136, 62.3208618164, -150.551376343, 52.2894248962, 35.567276001, -74.0685882568, -58.7755622864, -4.72361040115, 18.3907527924], [-415.163696289, 45.634021759, -2.43594145775, 54.383808136, 314.841827393, -72.428352356, -1.2665412426, -7.60630655289, 21.1100959778, 13.6212625504, 1.31932938099, 14.080373764, 4.177298069], [30.6236686707, -140.239135742, 216.636978149, 62.3208618164, -72.428352356, 215.515380859, 27.9803752899, 27.7992210388, 3.00579714775, -6.20522451401, 12.8291101456, -3.88462901115, -5.70310163498], [-273.150054932, 98.4211959839, 122.112892151, -150.551376343, -1.2665412426, 27.9803752899, 221.684143066, -13.0739650726, -12.8004827499, 17.9565486908, 34.7779693604, 3.63702058792, -1.82247650623], [61.9920806885, -62.0877075195, 57.7428474426, 52.2894248962, -7.60630655289, 27.7992210388, -13.0739650726, 128.10144043, -11.852853775, 6.10299110413, 4.08846569061, 22.9894657135, -8.99742507935], [-68.648979187, -14.5249938965, 7.39994859695, 35.567276001, 21.1100959778, 3.00579714775, -12.8004827499, -11.852853775, 83.6168136597, -3.52644562721, -6.45537996292, -8.55751991272, 5.54969453812], [92.4721832275, 7.7472319603, -64.7441864014, -74.0685882568, 13.6212625504, -6.20522451401, 17.9565486908, 6.10299110413, -3.52644562721, 151.383224487, 43.4375839233, 3.5289709568, -37.5405769348], [-21.1243572235, 52.8688240051, -35.7673416138, -58.7755622864, 1.31932938099, 12.8291101456, 34.7779693604, 4.08846569061, -6.45537996292, 43.4375839233, 90.0326080322, 7.81916999817, -4.06409788132], [13.6754465103, 5.48726558685, -8.80212020874, -4.72361040115, 14.080373764, -3.88462901115, 3.63702058792, 22.9894657135, -8.55751991272, 3.5289709568, 7.81916999817, 70.7503128052, 10.3286132812], [-61.9844818115, 2.1525812149, 17.3125534058, 18.3907527924, 4.177298069, -5.70310163498, -1.82247650623, -8.99742507935, 5.54969453812, -37.5405769348, -4.06409788132, 10.3286132812, 72.5626907349]],
        "icov": [[0.000626541383099, 0.000901107734535, 0.00072232040111, 7.57010566304e-05, 0.000663670420181, -3.10078175971e-05, 5.75712874706e-05, -8.32953955978e-05, 0.000369181390852, -8.60927830217e-05, 2.52573172475e-05, -0.000192211256945, 0.000223422262934], [0.000901107734535, 0.00232883705758, 0.00139306101482, 0.000305208930513, 0.00082652940182, 0.000258225743892, -0.000441995944129, 7.93078015704e-06, 0.000541563844308, 0.000270032993285, -0.00033448805334, -0.000256224768236, 0.000369553716155], [0.00072232040111, 0.00139306101482, 0.00227371323854, -0.000464457756607, 0.000562659988645, -0.00098058686126, -0.00125942437444, -0.000367927685147, 0.000527103606146, 0.000173191874637, 0.000541310699191, 1.18223133541e-05, 4.2139494326e-05], [7.57010566304e-05, 0.000305208930513, -0.000464457756607, 0.00398577656597, -0.000888650363777, -0.00101005367469, 0.00270872353576, -0.00109664257616, -0.000861748936586, 0.00113157823216, 0.000769188103732, 0.00030500954017, -0.00028893025592], [0.000663670420181, 0.00082652940182, 0.000562659988645, -0.000888650363777, 0.00459372252226, 0.00170944549609, -0.000523521739524, 0.000258609012235, -0.000438959308667, -0.000734016124625, -0.000376347685233, -0.00107912882231, 0.000308554648655], [-3.10078175971e-05, 0.000258225743892, -0.00098058686126, -0.00101005367469, 0.00170944549609, 0.00699097570032, -0.000934014387894, -0.000465838762466, -0.000545205082744, 8.09364209999e-05, -0.00189490534831, 6.30716967862e-05, 0.000794094929006], [5.75712874706e-05, -0.000441995944129, -0.00125942437444, 0.00270872353576, -0.000523521739524, -0.000934014387894, 0.00765083869919, 0.000252801546594, 0.000191268773051, 0.00025080962223, -0.00137835822534, -0.000201035334612, -7.69652397139e-05], [-8.32953955978e-05, 7.93078015704e-06, -0.000367927685147, -0.00109664257616, 0.000258609012235, -0.000465838762466, 0.000252801546594, 0.00945368781686, 0.00125662598293, -0.000406408245908, -0.000713876390364, -0.00323848542757, 0.00153601553757], [0.000369181390852, 0.000541563844308, 0.000527103606146, -0.000861748936586, -0.000438959308667, -0.000545205082744, 0.000191268773051, 0.00125662598293, 0.013213660568, -0.000586675247177, 0.000448655104265, 0.00124787411187, -0.000931630143896], [-8.60927830217e-05, 0.000270032993285, 0.000173191874637, 0.00113157823216, -0.000734016124625, 8.09364209999e-05, 0.00025080962223, -0.000406408245908, -0.000586675247177, 0.0095224911347, -0.00385299162008, -0.000401066965424, 0.00440751062706], [2.52573172475e-05, -0.00033448805334, 0.000541310699191, 0.000769188103732, -0.000376347685233, -0.00189490534831, -0.00137835822534, -0.000713876390364, 0.000448655104265, -0.00385299162008, 0.0147474808618, -0.000730445841327, -0.00164072425105], [-0.000192211256945, -0.000256224768236, 1.18223133541e-05, 0.00030500954017, -0.00107912882231, 6.30716967862e-05, -0.000201035334612, -0.00323848542757, 0.00124787411187, -0.000401066965424, -0.000730445841327, 0.0162169132382, -0.0032284068875], [0.000223422262934, 0.000369553716155, 4.2139494326e-05, -0.00028893025592, 0.000308554648655, 0.000794094929006, -7.69652397139e-05, 0.00153601553757, -0.000931630143896, 0.00440751062706, -0.00164072425105, -0.0032284068875, 0.0169765595347]]
    }
}

}