{
"metadata": {
    "version": {
        "essentia": "2.0.1",
        "extractor": "archive-music 1.0 mod ismir14"
    },
    "audio_properties": {
        "analysis_sample_rate": 44100,
        "bitrate": 32,
        "channels": 2,
        "equal_loudness": 0,
        "length": 30.0408172607,
        "replay_gain": -8.39121818542,
        "downmix": "mix"
    },
    "tags": {
        "track": 7,
        "year": 0,
        "album": "The Cool Jazz Collection",
        "artist": "Astrud Gilberto",
        "comment": "",
        "genre": "Jazz",
        "title": "Girl From Ipanema"
    }
},
"rhythm": {
    "bpm": 130.063034058,
    "bpm_histogram_first_peak": 129,
    "bpm_histogram_first_peak_spread": 0.509090900421,
    "bpm_histogram_first_peak_weight": 0.428571432829,
    "bpm_histogram_second_peak": 136,
    "bpm_histogram_second_peak_spread": 0.199999988079,
    "bpm_histogram_second_peak_weight": 0.0634920671582
},
"tonal": {
    "tuning_frequency": {
        "dmean": 0.0873555094004,
        "dmean2": 0.127871721983,
        "dvar": 0.525792241096,
        "dvar2": 0.905835211277,
        "max": 451.84777832,
        "mean": 437.683349609,
        "median": 437.718536377,
        "min": 433.441375732,
        "var": 0.781926810741
    },
    "hpcp": {
        "dmean": [0.0906338989735, 0.141768395901, 0.0848445445299, 0.144327491522, 0.102246448398, 0.079778701067, 0.128460988402, 0.042671635747, 0.128951251507, 0.0945238173008, 0.124473325908, 0.0993179827929],
        "dmean2": [0.171080380678, 0.245710462332, 0.163614615798, 0.261610865593, 0.183221653104, 0.147474437952, 0.219771683216, 0.0813683196902, 0.231439501047, 0.173745542765, 0.229196205735, 0.177757546306],
        "dvar": [0.0473954156041, 0.0691185072064, 0.0540752485394, 0.0748281702399, 0.0482220612466, 0.042786244303, 0.0615369640291, 0.0221043340862, 0.0651092752814, 0.0564307160676, 0.0663275644183, 0.0467854738235],
        "dvar2": [0.136827379465, 0.147117301822, 0.149262428284, 0.160197272897, 0.115852437913, 0.110145010054, 0.129804447293, 0.0616251118481, 0.148004308343, 0.139382317662, 0.159938052297, 0.116907469928],
        "max": [1, 1, 1, 1, 1, 1, 1, 1, 1, 1, 1, 1],
        "mean": [0.0586915500462, 0.256839692593, 0.0544163919985, 0.27316352725, 0.120914787054, 0.0837852880359, 0.22849367559, 0.0582006312907, 0.17125031352, 0.0806196779013, 0.121603928506, 0.131607994437],
        "median": [0.00187711848412, 0.0405607372522, 0.000971401575953, 0.0223342832178, 0.006472684443, 0.00360418437049, 0.0314505696297, 0.00127420155331, 0.0138203389943, 0.00122789829038, 0.00798692647368, 0.0067759132944],
        "min": [2.24415020966e-06, 2.09280051422e-06, 1.78138270712e-06, 1.16101127787e-05, 1.24693258385e-06, 4.40251233158e-06, 6.66200094201e-06, 8.97944391909e-06, 6.1012048036e-07, 1.20142772175e-06, 3.78039590032e-06, 3.29637464347e-06],
        "var": [0.0322293154895, 0.142018333077, 0.0348578356206, 0.163564324379, 0.0701523274183, 0.0547441206872, 0.131336122751, 0.0418646298349, 0.102256424725, 0.0554484017193, 0.0708667784929, 0.078401863575]
    }
},
"lowlevel": {
    "melbands": {
        "dmean": [0.000256309518591, 0.000726262107491, 0.000863465771545, 0.000453057902632, 0.000258718588157, 9.54419083428e-05, 5.69610347156e-05, 6.96422939654e-05, 2.49484273809e-05, 1.63618678926e-05, 1.6185331333e-05, 1.59363880812e-05, 3.39434336638e-06, 2.392921715e-06, 3.58065722139e-06, 2.33793957705e-06, 1.94198855752e-06, 7.95591233782e-07, 8.82853214534e-07, 8.10226083559e-07, 4.55033926983e-07, 6.03609066729e-07, 7.33689319077e-07, 6.32383034826e-07, 2.60416896936e-07, 1.63219070259e-07, 2.4261490239e-07, 3.38770490771e-07, 3.24925480299e-07, 3.97550394382e-07, 6.59046861529e-07, 1.13929684176e-06, 1.21178527479e-06, 8.70075893999e-07, 3.72957174477e-07, 2.26879407705e-07, 1.86100351129e-07, 1.43351272186e-07, 1.76842064548e-07, 2.97336924859e-07],
        "dmean2": [0.000356060423655, 0.00105678103864, 0.00131579919253, 0.000650322821457, 0.00038071317249, 0.00014336509048, 8.71911834111e-05, 0.000109723419882, 3.55432275683e-05, 2.35697825701e-05, 2.30252535403e-05, 1.88928097486e-05, 4.87140596306e-06, 3.48285266227e-06, 4.6814311645e-06, 3.36545440405e-06, 2.86033787233e-06, 1.18645732528e-06, 1.44927753354e-06, 1.20069194054e-06, 7.29530711396e-07, 9.29248813009e-07, 1.11615293008e-06, 1.00142608517e-06, 3.86904019933e-07, 2.3903805868e-07, 3.54845241191e-07, 5.10490906436e-07, 5.16151430929e-07, 6.58645319618e-07, 1.00548845694e-06, 1.75678349024e-06, 1.88619776509e-06, 1.42465648878e-06, 5.18880256095e-07, 3.18343666095e-07, 2.87166500357e-07, 2.02034087238e-07, 2.63360306008e-07, 4.19289193587e-07],
        "dvar": [3.70777939906e-07, 1.22064125208e-06, 1.31047625018e-06, 5.71487817069e-07, 2.11206341305e-07, 3.61459697729e-08, 3.36618732888e-08, 4.52371011761e-08, 4.32716484866e-09, 3.92901622348e-09, 2.04986494445e-09, 8.11302136583e-09, 6.72790156919e-11, 2.80336708708e-11, 1.701393193e-10, 7.69598620942e-11, 9.02288729843e-11, 5.50334170596e-12, 2.10887678848e-11, 1.39338332539e-11, 2.48278697948e-12, 1.76189152244e-12, 3.66850907291e-12, 3.63206730317e-12, 6.48076264962e-13, 1.69691599097e-13, 6.11395157592e-13, 1.8148845057e-12, 1.08232010593e-12, 2.61139330646e-12, 8.80289764693e-12, 2.87694468942e-11, 3.59975591002e-11, 4.03461292153e-11, 1.74158072946e-12, 4.29855017683e-13, 3.2058172306e-13, 2.07774159748e-13, 4.76452807329e-13, 1.41865653339e-12],
        "dvar2": [7.06722062205e-07, 2.28987096307e-06, 2.53386610893e-06, 1.09756661004e-06, 4.57439369939e-07, 7.64211307569e-08, 6.95372577297e-08, 1.02273801872e-07, 7.25423898729e-09, 7.03237068578e-09, 4.1861309974e-09, 1.12222062754e-08, 1.20083706867e-10, 5.81346706885e-11, 2.28658356138e-10, 1.45902304127e-10, 1.94659871555e-10, 1.34787181416e-11, 5.77830457094e-11, 3.1404819717e-11, 6.62194561338e-12, 4.0590916045e-12, 8.12932707261e-12, 8.2332647644e-12, 1.43372022154e-12, 3.21006269526e-13, 1.24342387515e-12, 3.79252271948e-12, 2.58242277389e-12, 5.24472913016e-12, 2.02019980605e-11, 6.23564533342e-11, 8.66527682941e-11, 1.09371123269e-10, 2.79981181468e-12, 7.92596023536e-13, 5.59261296128e-13, 3.58159736678e-13, 8.66723088699e-13, 2.50367088173e-12],
        "max": [0.00899506174028, 0.0115712825209, 0.0124054839835, 0.0194342229515, 0.00548146199435, 0.00233108154498, 0.00220747315325, 0.00197959179059, 0.00095382949803, 0.000954885152169, 0.000485501310322, 0.00250736856833, 0.000111335597467, 7.87517274148e-05, 0.000316270714393, 0.000147775936057, 0.00018153792189, 3.72047506971e-05, 7.97004686319e-05, 5.9594753111e-05, 2.55029390246e-05, 1.15941047625e-05, 1.90315186046e-05, 2.18978202611e-05, 1.42959961522e-05, 6.50249421597e-06, 1.12493253255e-05, 2.39814926317e-05, 1.25153756017e-05, 2.15487289097e-05, 3.8876223698e-05, 6.10813440289e-05, 9.33012779569e-05, 0.000131396242068, 2.38108495978e-05, 7.39237748348e-06, 6.06671665082e-06, 6.75438968756e-06, 9.33051796892e-06, 1.82072180905e-05],
        "mean": [0.000461194198579, 0.00156335497741, 0.00200800155289, 0.000764712342061, 0.000571681011934, 0.000167835314642, 6.82662648614e-05, 8.12250436866e-05, 3.30062430294e-05, 2.22561338887e-05, 2.07497032534e-05, 2.18668974412e-05, 4.61501440441e-06, 3.09755910166e-06, 5.04731542605e-06, 2.94953247248e-06, 2.12093254959e-06, 8.43227610403e-07, 8.58861142206e-07, 8.35737864691e-07, 4.50883987924e-07, 6.83937059875e-07, 8.10602045931e-07, 6.4926905452e-07, 2.86160769747e-07, 1.97033514837e-07, 2.66976400098e-07, 3.4437024965e-07, 3.10612335852e-07, 4.06067016456e-07, 6.69807604936e-07, 1.13796852474e-06, 1.13246062483e-06, 8.38149901483e-07, 4.15755323502e-07, 2.58021145783e-07, 2.25028728096e-07, 1.64811694958e-07, 1.95555529103e-07, 3.1631100228e-07],
        "median": [0.000122335681226, 0.000798672554083, 0.000808602315374, 0.000346026354237, 0.000187035679119, 5.95569581492e-05, 1.76899411599e-05, 1.47614418893e-05, 4.78058700537e-06, 2.00986301024e-06, 1.96865357793e-06, 1.99061059902e-06, 9.22831191019e-07, 1.04410582935e-06, 8.32725334021e-07, 3.19230366586e-07, 2.2111294129e-07, 1.50061879367e-07, 7.79954945074e-08, 6.58983339008e-08, 6.8422792765e-08, 1.29247709424e-07, 1.19271874155e-07, 8.01584576493e-08, 4.38326033247e-08, 3.66388590578e-08, 5.4640537428e-08, 5.66289060089e-08, 3.33299254862e-08, 4.48077202009e-08, 4.33573710268e-08, 2.63251536126e-08, 3.58721550242e-08, 2.89879800164e-08, 2.64893245117e-08, 2.69951669907e-08, 2.52845033799e-08, 1.87368591753e-08, 1.92446449887e-08, 1.9813864327e-08],
        "min": [2.95993174859e-07, 5.17165631209e-07, 5.0976922239e-07, 3.15635674042e-07, 6.36533854959e-07, 3.76469671437e-07, 9.52284722189e-08, 7.13678716124e-08, 1.80261459093e-08, 1.48316097182e-08, 1.09605897691e-08, 1.33296707006e-08, 7.26290227959e-09, 4.45129355597e-09, 2.18716977862e-09, 3.31150440402e-09, 2.34224994955e-09, 1.25608934365e-09, 3.67751801233e-10, 1.10366626949e-09, 7.57072349256e-10, 9.8985286634e-10, 8.6675716604e-10, 7.54049267471e-10, 6.73138433882e-10, 3.81364356761e-10, 6.80076883697e-10, 7.19652948344e-10, 3.01970753958e-10, 7.63387020264e-10, 8.32716229304e-10, 7.77121561546e-11, 3.66646185634e-10, 1.9947982155e-10, 2.96301483349e-10, 1.27442389974e-10, 6.16639128648e-10, 1.13928512457e-10, 2.58343624271e-10, 3.75770421723e-11],
        "var": [1.13202338525e-06, 3.47339664586e-06, 7.04417561792e-06, 2.13576026908e-06, 7.91951777046e-07, 7.98449804051e-08, 4.46759003125e-08, 5.24804733004e-08, 8.44317948889e-09, 6.74967681746e-09, 3.2885132395e-09, 1.90206623785e-08, 1.42905368095e-10, 4.63105664927e-11, 4.35815467048e-10, 1.19403889554e-10, 1.07126217619e-10, 5.60741600722e-12, 1.7635410493e-11, 1.54140727959e-11, 1.9488419125e-12, 2.19483459185e-12, 4.30761979905e-12, 3.84700561337e-12, 7.36217944247e-13, 2.51464945871e-13, 7.54644014379e-13, 2.0165622644e-12, 1.04582933026e-12, 2.9575220311e-12, 9.73684848027e-12, 3.20298058909e-11, 3.41765574174e-11, 3.54752442699e-11, 2.90583030728e-12, 6.22595941815e-13, 4.79835951788e-13, 3.22408901876e-13, 6.59478222899e-13, 2.01710588336e-12]
    },
    "mfcc": {
        "dmean": [41.0012817383, 28.4581489563, 14.6746702194, 10.649851799, 8.25857067108, 9.79169750214, 7.9436249733, 7.00943040848, 7.04100227356, 7.37865877151, 6.29426002502, 6.33443641663, 5.71954298019],
        "dmean2": [52.3450317383, 38.9308929443, 20.8082923889, 14.8317165375, 12.3895339966, 14.1315851212, 12.0293331146, 10.6850337982, 10.9484186172, 10.4909143448, 9.44789409637, 9.54785442352, 8.64307308197],
        "dvar": [1344.01391602, 772.101623535, 194.858856201, 93.5254516602, 51.0487060547, 93.975692749, 47.2499542236, 36.8110313416, 35.708732605, 33.3504829407, 25.2089443207, 25.8716583252, 21.0515556335],
        "dvar2": [2371.00439453, 1325.11621094, 348.290374756, 172.398635864, 103.519287109, 158.959686279, 96.4537506104, 81.2297515869, 78.2649078369, 66.6341247559, 51.1194267273, 57.9285087585, 49.3040466309],
        "max": [-625.33013916, 242.172225952, 141.049407959, 114.262664795, 46.5405883789, 63.7484664917, 43.2993888855, 37.9480209351, 27.6959609985, 37.7765731812, 30.2307624817, 41.7845802307, 17.1986522675],
        "mean": [-801.153259277, 154.899780273, 62.2569503784, 31.1577911377, 8.85545349121, 8.09424209595, 2.95380306244, 2.87769508362, -5.76886606216, -10.4648752213, -5.23927259445, -0.716655552387, -6.11659765244],
        "median": [-790.100341797, 164.152359009, 62.016708374, 30.1419181824, 10.1326599121, 9.84838294983, 4.28181743622, 2.47796821594, -5.14007759094, -9.78737068176, -4.51635456085, -1.64145278931, -5.06470489502],
        "min": [-1010.58410645, -46.8012275696, -20.6546096802, -29.5989151001, -33.5924186707, -48.5285415649, -45.3042221069, -32.0448608398, -39.169418335, -49.2892379761, -50.4854278564, -34.3205375671, -40.6089935303],
        "var": [5055.01074219, 2311.44482422, 744.177856445, 500.169372559, 204.341369629, 302.322692871, 192.525543213, 135.775283813, 108.343353271, 197.112350464, 145.059890747, 133.639068604, 89.8731002808],
        "cov": [[5062.82373047, -641.57409668, -465.524017334, -92.8388671875, -104.619514465, -193.118835449, -237.383743286, 32.1969909668, -18.3727893829, 124.519050598, 78.762008667, -25.3194236755, -163.184692383], [-641.57409668, 2315.01733398, -456.728759766, -291.247375488, 99.395866394, -250.520065308, 47.1383590698, 121.724182129, -108.122413635, -143.92074585, -51.1227836609, 41.5134239197, -91.8038635254], [-465.524017334, -456.728759766, 745.328063965, 128.401168823, -95.9521331787, 208.629653931, 35.94556427, -64.1822509766, 26.2346019745, -78.2514648438, 40.2589454651, -41.1684112549, 79.6273193359], [-92.8388671875, -291.247375488, 128.401168823, 500.94241333, 121.46723175, -104.482902527, -54.4171180725, 22.8726959229, 4.59329080582, -103.795791626, 9.60141468048, -53.876285553, 57.4454917908], [-104.619514465, 99.395866394, -95.9521331787, 121.46723175, 204.657196045, -41.7504577637, -20.5018424988, 11.0857725143, 9.730052948, -11.5713024139, -29.7382965088, 25.7600879669, -6.54993677139], [-193.118835449, -250.520065308, 208.629653931, -104.482902527, -41.7504577637, 302.789978027, 68.2351989746, -19.9617042542, 44.230884552, 58.7790298462, 44.9704360962, 18.4641704559, 31.0662136078], [-237.383743286, 47.1383590698, 35.94556427, -54.4171180725, -20.5018424988, 68.2351989746, 192.823120117, 36.1780471802, 1.81773710251, 26.9324111938, 8.95217323303, 28.4081192017, 7.63159799576], [32.1969909668, 121.724182129, -64.1822509766, 22.8726959229, 11.0857725143, -19.9617042542, 36.1780471802, 135.985137939, 22.1202049255, -12.5768461227, 22.7111682892, -6.31444549561, -1.46802425385], [-18.3727893829, -108.122413635, 26.2346019745, 4.59329080582, 9.730052948, 44.230884552, 1.81773710251, 22.1202049255, 108.510810852, 56.1707038879, 19.6310863495, -21.6010932922, 12.5331430435], [124.519050598, -143.92074585, -78.2514648438, -103.795791626, -11.5713024139, 58.7790298462, 26.9324111938, -12.5768461227, 56.1707038879, 197.417007446, 12.4238157272, 24.7951393127, -22.0669174194], [78.762008667, -51.1227836609, 40.2589454651, 9.60141468048, -29.7382965088, 44.9704360962, 8.95217323303, 22.7111682892, 19.6310863495, 12.4238157272, 145.284103394, -22.5374336243, 23.7768650055], [-25.3194236755, 41.5134239197, -41.1684112549, -53.876285553, 25.7600879669, 18.4641704559, 28.4081192017, -6.31444549561, -21.6010932922, 24.7951393127, -22.5374336243, 133.845626831, -8.63963031769], [-163.184692383, -91.8038635254, 79.6273193359, 57.4454917908, -6.54993677139, 31.0662136078, 7.63159799576, -1.46802425385, 12.5331430435, -22.0669174194, 23.7768650055, -8.63963031769, 90.012008667]],
        "icov": [[0.000272677571047, 0.000144827543409, 0.000158111521159, 7.70062688389e-05, 0.000139692201628, 0.000131317792693, 0.00029160772101, -0.000177594294655, 0.000107801824925, -9.96912604023e-06, -0.000235951651121, -2.15113159356e-05, 0.000433069042629], [0.000144827543409, 0.000816572108306, 0.000178844697075, 0.000891391944606, -0.000628443085589, 0.000668275228236, -0.000118366486276, -0.000578169827349, 0.000313761032885, 0.000737429771107, -0.000278321182122, 0.000101916135463, 0.000312922347803], [0.000158111521159, 0.000178844697075, 0.00279310438782, -0.00112401344813, 0.00161635363474, -0.00186760083307, -0.000309177907184, 0.00127712904941, -0.000872756587341, 0.00157174700871, -1.33447229018e-05, 2.16606167669e-05, 3.72085814888e-05], [7.70062688389e-05, 0.000891391944606, -0.00112401344813, 0.00484252069145, -0.00344337290153, 0.00252927676775, 0.000202119612368, -0.00136410945561, 0.000446498015663, 0.00121911417227, -0.000734792847652, 0.00116298138164, -0.00166787125636], [0.000139692201628, -0.000628443085589, 0.00161635363474, -0.00344337290153, 0.00835332367569, -0.00155460007954, 0.000545424467418, 0.000867500377353, -0.00202449271455, 0.000135669659358, 0.00121660879813, -0.00220032571815, 0.00127486023121], [0.000131317792693, 0.000668275228236, -0.00186760083307, 0.00252927676775, -0.00155460007954, 0.00675759464502, -0.00117063976359, -0.000210846759728, -0.000859612016939, -0.000685774197336, -0.00151072756853, -0.000469472957775, -0.00108641362749], [0.00029160772101, -0.000118366486276, -0.000309177907184, 0.000202119612368, 0.000545424467418, -0.00117063976359, 0.00697831716388, -0.00262994435616, 0.00133435532916, -0.00132044299971, 0.000151152926264, -0.00100345886312, -0.00028412163374], [-0.000177594294655, -0.000578169827349, 0.00127712904941, -0.00136410945561, 0.000867500377353, -0.000210846759728, -0.00262994435616, 0.0103574208915, -0.00376572227105, 0.00187802035362, -0.00138716446236, -0.000246631941991, 0.000684427039232], [0.000107801824925, 0.000313761032885, -0.000872756587341, 0.000446498015663, -0.00202449271455, -0.000859612016939, 0.00133435532916, -0.00376572227105, 0.0143916457891, -0.00490821013227, -0.000129280422698, 0.00296850688756, -0.00191069766879], [-9.96912604023e-06, 0.000737429771107, 0.00157174700871, 0.00121911417227, 0.000135669659358, -0.000685774197336, -0.00132044299971, 0.00187802035362, -0.00490821013227, 0.00923012476414, -0.000885810237378, -0.00134077004623, 0.00200624694116], [-0.000235951651121, -0.000278321182122, -1.33447229018e-05, -0.000734792847652, 0.00121660879813, -0.00151072756853, 0.000151152926264, -0.00138716446236, -0.000129280422698, -0.000885810237378, 0.00847313273698, 0.00105993414763, -0.00199200143106], [-2.15113159356e-05, 0.000101916135463, 2.16606167669e-05, 0.00116298138164, -0.00220032571815, -0.000469472957775, -0.00100345886312, -0.000246631941991, 0.00296850688756, -0.00134077004623, 0.00105993414763, 0.00945896655321, -0.000727563805413], [0.000433069042629, 0.000312922347803, 3.72085814888e-05, -0.00166787125636, 0.00127486023121, -0.00108641362749, -0.00028412163374, 0.000684427039232, -0.00191069766879, 0.00200624694116, -0.00199200143106, -0.000727563805413, 0.014962637797]]
    }
}

}