{
"metadata": {
    "version": {
        "essentia": "2.0.1",
        "extractor": "archive-music 1.0 mod ismir14"
    },
    "audio_properties": {
        "analysis_sample_rate": 44100,
        "bitrate": 32,
        "channels": 2,
        "equal_loudness": 0,
        "length": 30.0408172607,
        "replay_gain": -11.7841053009,
        "downmix": "mix"
    },
    "tags": {
        "track": 6,
        "year": 0,
        "album": "Swing Classics (Jazz & Tzaz 70)",
        "artist": "Benny Carter",
        "comment": "",
        "genre": "Jazz",
        "title": "Babalu"
    }
},
"rhythm": {
    "bpm": 92.4009475708,
    "bpm_histogram_first_peak": 92,
    "bpm_histogram_first_peak_spread": 0.590909123421,
    "bpm_histogram_first_peak_weight": 0.40000000596,
    "bpm_histogram_second_peak": 99,
    "bpm_histogram_second_peak_spread": 0,
    "bpm_histogram_second_peak_weight": 0.0222222227603
},
"tonal": {
    "tuning_frequency": {
        "dmean": 0.0862962603569,
        "dmean2": 0.149688243866,
        "dvar": 1.14032459259,
        "dvar2": 2.06355190277,
        "max": 456.306610107,
        "mean": 441.940917969,
        "median": 441.017791748,
        "min": 431.941772461,
        "var": 43.3502540588
    },
    "hpcp": {
        "dmean": [0.0897576063871, 0.132017359138, 0.0701941400766, 0.191587492824, 0.132484793663, 0.11271276325, 0.145779415965, 0.0631682425737, 0.198230341077, 0.105740427971, 0.191804692149, 0.196516096592],
        "dmean2": [0.161184802651, 0.223049432039, 0.126999780536, 0.334525287151, 0.22459988296, 0.193216070533, 0.23918749392, 0.109621457756, 0.336163789034, 0.188176482916, 0.334180027246, 0.331137925386],
        "dvar": [0.0313339568675, 0.042275685817, 0.0299522280693, 0.0664954781532, 0.0502273067832, 0.0300017278641, 0.0448317863047, 0.0185669679195, 0.0582700073719, 0.041245739907, 0.0575229339302, 0.0613608025014],
        "dvar2": [0.0801640972495, 0.107664041221, 0.0761016309261, 0.146075546741, 0.113148629665, 0.0743319019675, 0.0934644788504, 0.0486317500472, 0.140486657619, 0.11082341522, 0.145268186927, 0.135072648525],
        "max": [1, 1, 1, 1, 1, 1, 1, 1, 1, 1, 1, 1],
        "mean": [0.0843273773789, 0.225020602345, 0.0643289089203, 0.432886898518, 0.222945481539, 0.122853241861, 0.30819439888, 0.0576812848449, 0.374152213335, 0.0829408466816, 0.252340584993, 0.342212229967],
        "median": [0.0159557424486, 0.0720028057694, 0.00898900069296, 0.278631955385, 0.0374381840229, 0.0455345883965, 0.132802501321, 0.0157803185284, 0.253048837185, 0.0195637326688, 0.134691387415, 0.222698718309],
        "min": [0.000187278914382, 0.000146406746353, 8.14193263068e-05, 0.00024520108127, 8.04024894023e-05, 0.000404032587539, 0.00051748927217, 5.00352980453e-05, 0.000369788263924, 0.000147946353536, 0.000101480312878, 0.000205929754884],
        "var": [0.0315203368664, 0.0851614251733, 0.0309464633465, 0.1575281322, 0.114596284926, 0.0391953848302, 0.13003705442, 0.0168481394649, 0.122072286904, 0.0306930653751, 0.0871819257736, 0.12466404587]
    }
},
"lowlevel": {
    "melbands": {
        "dmean": [8.73598582984e-06, 3.98596021114e-05, 2.35891238844e-05, 5.2009429055e-05, 5.22962691321e-05, 8.12438374851e-05, 6.29334972473e-05, 0.000139837808092, 8.95770208444e-05, 6.72493551974e-05, 4.16858492827e-05, 3.4644290281e-05, 3.03596843878e-05, 2.43047179538e-05, 5.02670336573e-05, 3.97974545194e-05, 2.48497526627e-05, 1.65060591826e-05, 1.4172606825e-05, 1.5488891222e-05, 5.15659166922e-06, 6.89751823302e-06, 2.97447559205e-06, 2.76047580883e-06, 3.75154263565e-06, 1.18329535326e-06, 6.95675964835e-07, 8.06353398275e-07, 7.85678480497e-07, 8.05089484857e-07, 3.80378025966e-07, 1.99188662009e-07, 1.3758396733e-07, 5.27827772601e-08, 2.43376288012e-08, 2.01095406993e-08, 5.38664268745e-09, 1.00407226977e-09, 4.06289085708e-10, 2.26102386813e-10],
        "dmean2": [1.41585742313e-05, 6.71110901749e-05, 3.55815245712e-05, 7.87254102761e-05, 7.66098382883e-05, 0.000123948659166, 9.96173621388e-05, 0.000218322078581, 0.000134678033646, 0.000101459212601, 6.42039376544e-05, 5.27598276676e-05, 4.59167713416e-05, 3.63814724551e-05, 7.87674362073e-05, 6.34545212961e-05, 3.81777317671e-05, 2.41018951783e-05, 2.05041542358e-05, 2.45991104748e-05, 7.85557676863e-06, 1.08096346594e-05, 4.44557826995e-06, 4.0248901314e-06, 5.70485781282e-06, 1.77905963028e-06, 1.02894534848e-06, 1.24972132198e-06, 1.14657029826e-06, 1.18583488984e-06, 5.50851495973e-07, 2.8018345688e-07, 2.00205107603e-07, 7.58135811907e-08, 3.43893908905e-08, 2.91594197677e-08, 8.25492474377e-09, 1.58979529541e-09, 6.64896304681e-10, 3.60128982191e-10],
        "dvar": [1.06689344859e-10, 2.30501373544e-09, 1.39458655735e-09, 6.86206425016e-09, 4.99719243763e-09, 1.89476541124e-08, 8.20058865258e-09, 9.15393414402e-08, 2.46374245449e-08, 1.20500498468e-08, 6.14777562191e-09, 4.9108463962e-09, 3.61082186373e-09, 1.86051496431e-09, 9.00820396055e-09, 9.44771461064e-09, 3.49028961288e-09, 1.36759059632e-09, 1.11789799639e-09, 1.18206544553e-09, 7.14052636464e-11, 3.17700449282e-10, 2.54092250712e-11, 2.54350845941e-11, 5.88004089863e-11, 6.79494871828e-12, 2.19322650319e-12, 4.55468865748e-12, 2.36058958838e-12, 2.16037409316e-12, 6.41207898409e-13, 2.15864489912e-13, 1.49000617075e-13, 2.10716504873e-14, 3.43719977238e-15, 2.12446408732e-15, 1.17005637323e-16, 6.24838917115e-18, 9.8609669068e-19, 2.35227522141e-19],
        "dvar2": [2.39902570032e-10, 5.41156053302e-09, 3.3496887486e-09, 1.62335638265e-08, 1.02535269164e-08, 4.1055670863e-08, 1.73915992718e-08, 1.8404932689e-07, 4.83087490011e-08, 2.45992275438e-08, 1.36966002984e-08, 1.1433043845e-08, 7.64905472295e-09, 3.57860185929e-09, 1.99274658996e-08, 2.4135793808e-08, 8.24725532311e-09, 2.7675057801e-09, 2.55745780109e-09, 2.49646125994e-09, 1.58296722952e-10, 7.52824802497e-10, 5.33397215285e-11, 5.30630504814e-11, 1.22070853426e-10, 1.25866036343e-11, 4.5655692768e-12, 1.01809194755e-11, 4.64390288377e-12, 4.1317457268e-12, 1.12455053949e-12, 3.72992137393e-13, 2.82393276515e-13, 3.85408427449e-14, 6.60966829094e-15, 4.03817960109e-15, 2.45478089048e-16, 1.53943357798e-17, 2.43163637694e-18, 5.53561053244e-19],
        "max": [9.25827043829e-05, 0.000649238703772, 0.000601935433224, 0.00119707058184, 0.00079709594138, 0.00126487761736, 0.0012261433294, 0.00404739333317, 0.00178993004374, 0.00101670448203, 0.000789292680565, 0.000821787922177, 0.000882015738171, 0.000501631409861, 0.000820702989586, 0.00130780087784, 0.000741798139643, 0.000463359116111, 0.000373504502932, 0.000526961463038, 0.000114426889922, 0.00025287194876, 4.98961380799e-05, 5.9911806602e-05, 6.71231318847e-05, 3.53694013029e-05, 1.43499028127e-05, 2.56566854659e-05, 1.30738335429e-05, 1.60169711307e-05, 9.22926301428e-06, 5.16227646585e-06, 4.62737943963e-06, 1.47995376665e-06, 6.00133432727e-07, 5.11439282036e-07, 1.15590921723e-07, 1.92224227646e-08, 8.9481702048e-09, 4.68903005313e-09],
        "mean": [1.12084744615e-05, 5.3573952755e-05, 3.85247003578e-05, 8.35842438391e-05, 0.000103731661511, 0.000146971375216, 0.000139565483551, 0.000329726317432, 0.000180831018952, 0.000107508683868, 7.14871930541e-05, 5.76211277803e-05, 4.75112319691e-05, 3.57378376066e-05, 7.54693246563e-05, 6.10166898696e-05, 4.44882607553e-05, 2.23394636123e-05, 1.904072451e-05, 2.46242616413e-05, 7.57506086302e-06, 1.05192984847e-05, 5.28542068423e-06, 4.19938123741e-06, 5.911977496e-06, 1.96761948246e-06, 1.03781201233e-06, 1.10848418444e-06, 1.16618650736e-06, 1.23664972307e-06, 5.83903045026e-07, 2.79550761206e-07, 1.82780155455e-07, 7.27536146883e-08, 3.32245697621e-08, 3.11689341004e-08, 8.65872351596e-09, 1.23640364613e-09, 4.97020757884e-10, 3.03070318841e-10],
        "median": [6.78767082718e-06, 3.52834540536e-05, 2.53259458987e-05, 5.44367430848e-05, 7.73280044086e-05, 8.46882903716e-05, 5.42733105249e-05, 7.79860638431e-05, 4.9402431614e-05, 3.18101010635e-05, 1.91784747585e-05, 1.19157584777e-05, 1.42718818097e-05, 1.46449965541e-05, 1.71046303876e-05, 1.25212100102e-05, 6.10342476648e-06, 5.77719674766e-06, 2.87236093754e-06, 5.61106935493e-06, 2.9455945878e-06, 3.03953311231e-06, 2.00201225198e-06, 1.65424035004e-06, 1.17848458103e-06, 6.00211080837e-07, 3.2085250723e-07, 1.67467746337e-07, 2.99574395513e-07, 2.7895941912e-07, 9.93785675973e-08, 5.12491737936e-08, 1.82808417293e-08, 6.36127595044e-09, 3.54084050969e-09, 3.30661009684e-09, 1.40029610129e-09, 1.79162656933e-10, 1.15731327299e-10, 9.1949683978e-11],
        "min": [1.16182574672e-08, 2.89670190057e-08, 2.62040089183e-07, 8.87647644277e-08, 1.86297359761e-08, 3.46514248406e-08, 9.46878415675e-08, 4.92836527144e-08, 3.19334390042e-08, 1.2991146825e-08, 7.17970616293e-09, 5.11585351859e-09, 3.69261576871e-09, 3.84825282751e-09, 5.07782482728e-09, 2.58716092993e-09, 4.26693702593e-09, 1.2417215034e-09, 7.31151583722e-10, 8.13789202692e-10, 5.33282640269e-10, 5.09003728055e-10, 5.66786284573e-10, 3.14898135345e-10, 1.99595173722e-10, 1.59131707811e-10, 9.64395577285e-11, 9.44325728724e-11, 9.94633403417e-11, 7.58488064023e-11, 5.98545588093e-11, 5.49391296345e-11, 4.35389467535e-11, 2.71784296457e-11, 2.79944418341e-11, 1.68944615242e-11, 1.03059262513e-11, 5.6688993777e-12, 8.10583493231e-14, 3.00535285677e-13],
        "var": [1.63446325918e-10, 3.28418825468e-09, 1.91721971632e-09, 9.94007542943e-09, 1.17537162225e-08, 3.34952758863e-08, 3.48404114447e-08, 3.31867880732e-07, 8.26231101314e-08, 2.62055852573e-08, 1.33437918493e-08, 9.37931687872e-09, 7.16486781016e-09, 3.48491635549e-09, 1.76057266543e-08, 1.82282864358e-08, 9.51428269502e-09, 2.38045383405e-09, 1.84304471684e-09, 3.09234771123e-09, 1.38868291866e-10, 4.63903915282e-10, 6.71394884133e-11, 4.52511743354e-11, 1.19084658801e-10, 1.93697974327e-11, 3.94825405009e-12, 8.07871738256e-12, 4.48623993857e-12, 4.79028101907e-12, 1.37158698028e-12, 4.3250833145e-13, 2.6249586272e-13, 4.14064128037e-14, 6.64268732929e-15, 5.42562126276e-15, 2.7127175107e-16, 8.72305631074e-18, 1.22634550933e-18, 3.3846596984e-19]
    },
    "mfcc": {
        "dmean": [40.1773147583, 14.4675836563, 16.2893600464, 9.01529884338, 9.75785064697, 7.46260976791, 6.64570856094, 5.99579620361, 5.36714553833, 5.49497413635, 5.09420728683, 5.08066177368, 4.99095058441],
        "dmean2": [47.0531921387, 20.5425453186, 22.6359500885, 13.8519363403, 13.4798822403, 11.468788147, 10.3696966171, 9.84648799896, 8.63946056366, 8.53166484833, 8.13307952881, 8.13669395447, 7.97833633423],
        "dvar": [2111.95825195, 204.730606079, 400.57699585, 67.6546020508, 83.0656509399, 36.9669799805, 31.3307933807, 25.5786705017, 20.3942394257, 18.8065299988, 15.8735990524, 20.4800319672, 15.2353315353],
        "dvar2": [3310.73999023, 373.213745117, 663.45703125, 144.967849731, 143.334030151, 80.1832199097, 63.7710990906, 59.4404258728, 50.9398841858, 44.5146980286, 39.53515625, 45.836894989, 37.7762031555],
        "max": [-607.22833252, 233.771911621, 77.060546875, 70.4728393555, 29.4016151428, 48.6000442505, 18.390827179, 24.0160961151, 18.7214698792, 17.3481464386, 26.2948493958, 33.942779541, 25.2024307251],
        "mean": [-771.94732666, 175.469497681, -42.8380126953, 18.419336319, -17.6392326355, -0.676343798637, -11.339345932, -7.7791686058, -3.81311869621, -4.95028781891, 0.840491890907, 4.61953306198, -5.35780286789],
        "median": [-740.343994141, 183.095748901, -58.0344810486, 16.8287391663, -18.7503871918, -1.33218383789, -11.3866920471, -7.97411727905, -4.06212997437, -4.65251541138, 1.20078659058, 2.65414428711, -5.17844772339],
        "min": [-1039.75268555, 59.8568000793, -114.313400269, -30.0837173462, -64.0252990723, -27.140422821, -53.3406791687, -32.2943267822, -27.3118095398, -31.7609405518, -19.148015976, -19.5493774414, -26.7422904968],
        "var": [10441.0078125, 877.67590332, 1739.11877441, 286.689178467, 433.024078369, 148.00100708, 145.110198975, 69.8745956421, 62.3578796387, 78.1778640747, 55.7739486694, 100.634681702, 43.8580780029],
        "cov": [[10457.1455078, 80.4214248657, -4023.70483398, 324.747467041, -1714.71459961, 17.8548145294, -839.595703125, 0.346850991249, -253.462081909, -119.785865784, -37.58070755, 317.407714844, -201.977539062], [80.4214248657, 879.032470703, -17.7925395966, -267.469726562, -23.5518188477, -240.81312561, 58.334815979, -91.347869873, 49.4013175964, -133.554412842, 5.92102718353, 25.9763507843, 2.87285208702], [-4023.70483398, -17.7925395966, 1741.8067627, -100.258674622, 657.64855957, 46.1737747192, 309.006835938, 34.8333969116, 87.0644836426, 65.9890670776, 2.62771272659, -134.600372314, 71.6624755859], [324.747467041, -267.469726562, -100.258674622, 287.132263184, 37.1143264771, 96.0459671021, -33.2666625977, 5.46952438354, -32.5486602783, 13.6287870407, -14.843170166, -42.2357749939, -19.4826011658], [-1714.71459961, -23.5518188477, 657.64855957, 37.1143264771, 433.693359375, 44.1708908081, 148.870635986, 3.18963074684, 6.36398029327, 22.5497455597, -6.5904211998, -99.6065216064, 19.5311107635], [17.8548145294, -240.81312561, 46.1737747192, 96.0459671021, 44.1708908081, 148.229751587, 8.29916954041, 49.2795066833, -19.2864646912, 39.8522834778, -6.25887823105, -32.962223053, -4.30036020279], [-839.595703125, 58.334815979, 309.006835938, -33.2666625977, 148.870635986, 8.29916954041, 145.334472656, 15.2511835098, 31.5268917084, -8.64288043976, -7.7745475769, -33.4582557678, 16.095457077], [0.346850991249, -91.347869873, 34.8333969116, 5.46952438354, 3.18963074684, 49.2795066833, 15.2511835098, 69.9825973511, 7.38942813873, 30.1428718567, 2.65591192245, 2.61615371704, 4.28028678894], [-253.462081909, 49.4013175964, 87.0644836426, -32.5486602783, 6.36398029327, -19.2864646912, 31.5268917084, 7.38942813873, 62.4542617798, 9.10311985016, 18.2357387543, 13.7171278, 10.0434560776], [-119.785865784, -133.554412842, 65.9890670776, 13.6287870407, 22.5497455597, 39.8522834778, -8.64288043976, 30.1428718567, 9.10311985016, 78.2986984253, 24.883266449, 5.07412862778, 5.40241146088], [-37.58070755, 5.92102718353, 2.62771272659, -14.843170166, -6.5904211998, -6.25887823105, -7.7745475769, 2.65591192245, 18.2357387543, 24.883266449, 55.8601531982, 34.4798049927, 9.80376243591], [317.407714844, 25.9763507843, -134.600372314, -42.2357749939, -99.6065216064, -32.962223053, -33.4582557678, 2.61615371704, 13.7171278, 5.07412862778, 34.4798049927, 100.790222168, 8.76042747498], [-201.977539062, 2.87285208702, 71.6624755859, -19.4826011658, 19.5311107635, -4.30036020279, 16.095457077, 4.28028678894, 10.0434560776, 5.40241146088, 9.80376243591, 8.76042747498, 43.9258651733]],
        "icov": [[0.00613574543968, -0.00720943789929, 0.00910676270723, -0.00619707209989, 0.00861250143498, -0.00952760037035, 0.00745558133349, -0.00716198142618, 0.00735052442178, -0.00624278746545, 0.00574433570728, -0.00272334297188, 0.0026307888329], [-0.00720943789929, 0.0117754405364, -0.0102941598743, 0.00929468870163, -0.0107953790575, 0.0142011521384, -0.00941964890808, 0.00881131831557, -0.0098926089704, 0.0113471830264, -0.00868491735309, 0.00438181171194, -0.00228925328702], [0.00910676270723, -0.0102941598743, 0.0154016185552, -0.0081405416131, 0.0103320283815, -0.0140444179997, 0.0101632708684, -0.0104627395049, 0.00924273952842, -0.00976188573986, 0.00898576993495, -0.00370346824639, 0.00295692379586], [-0.00619707209989, 0.00929468870163, -0.0081405416131, 0.0130301844329, -0.0108646508306, 0.00759471720085, -0.00618981057778, 0.0089201843366, -0.00895419158041, 0.00905173458159, -0.00651594717056, 0.00429530767724, -0.00153783755377], [0.00861250143498, -0.0107953790575, 0.0103320283815, -0.0108646508306, 0.02039187029, -0.0133062154055, 0.00637149997056, -0.00867751333863, 0.0145411426201, -0.0107854194939, 0.00557550089434, -0.0006149156834, 0.00365382968448], [-0.00952760037035, 0.0142011521384, -0.0140444179997, 0.00759471720085, -0.0133062154055, 0.0317311100662, -0.0138115650043, 0.00345371384174, -0.00796659104526, 0.00918675400317, -0.011263445951, 0.00806944537908, -0.00311346771196], [0.00745558133349, -0.00941964890808, 0.0101632708684, -0.00618981057778, 0.00637149997056, -0.0138115650043, 0.0252565406263, -0.0124959889799, 0.00220630713739, -0.00244066561572, 0.00914822891355, -0.00303994049318, 0.00170985399745], [-0.00716198142618, 0.00881131831557, -0.0104627395049, 0.0089201843366, -0.00867751333863, 0.00345371384174, -0.0124959889799, 0.0321549773216, -0.0110311005265, 0.000857269449625, -0.00322326784953, 0.000511760823429, -0.00380625459366], [0.00735052442178, -0.0098926089704, 0.00924273952842, -0.00895419158041, 0.0145411426201, -0.00796659104526, 0.00220630713739, -0.0110311005265, 0.0342661701143, -0.0116457371041, 0.00070394546492, -0.00376860890538, 0.00260827480815], [-0.00624278746545, 0.0113471830264, -0.00976188573986, 0.00905173458159, -0.0107854194939, 0.00918675400317, -0.00244066561572, 0.000857269449625, -0.0116457371041, 0.0336325466633, -0.0170646049082, 0.00487694190815, -0.00163861829787], [0.00574433570728, -0.00868491735309, 0.00898576993495, -0.00651594717056, 0.00557550089434, -0.011263445951, 0.00914822891355, -0.00322326784953, 0.00070394546492, -0.0170646049082, 0.0372318141162, -0.013533834368, -0.000861076754518], [-0.00272334297188, 0.00438181171194, -0.00370346824639, 0.00429530767724, -0.0006149156834, 0.00806944537908, -0.00303994049318, 0.000511760823429, -0.00376860890538, 0.00487694190815, -0.013533834368, 0.0204354710877, -0.00352746690623], [0.0026307888329, -0.00228925328702, 0.00295692379586, -0.00153783755377, 0.00365382968448, -0.00311346771196, 0.00170985399745, -0.00380625459366, 0.00260827480815, -0.00163861829787, -0.000861076754518, -0.00352746690623, 0.0278217475861]]
    }
}

}