{
"metadata": {
    "version": {
        "essentia": "2.0.1",
        "extractor": "archive-music 1.0 mod ismir14"
    },
    "audio_properties": {
        "analysis_sample_rate": 44100,
        "bitrate": 1444,
        "channels": 2,
        "equal_loudness": 0,
        "length": 30,
        "replay_gain": -13.4583263397,
        "downmix": "mix"
    },
    "tags": {
        "track": 0,
        "year": 0,
        "album": "",
        "artist": "",
        "comment": "",
        "genre": "",
        "title": ""
    }
},
"rhythm": {
    "bpm": 178.205886841,
    "bpm_histogram_first_peak": 178,
    "bpm_histogram_first_peak_spread": 0,
    "bpm_histogram_first_peak_weight": 0.453488379717,
    "bpm_histogram_second_peak": 172,
    "bpm_histogram_second_peak_spread": 0,
    "bpm_histogram_second_peak_weight": 0.441860467196
},
"tonal": {
    "tuning_frequency": {
        "dmean": 0.108378879726,
        "dmean2": 0.21627651155,
        "dvar": 1.52227556705,
        "dvar2": 3.03078699112,
        "max": 456.570251465,
        "mean": 444.964447021,
        "median": 440.763122559,
        "min": 435.448913574,
        "var": 27.584936142
    },
    "hpcp": {
        "dmean": [0.168580174446, 0.151672154665, 0.174534380436, 0.232779458165, 0.0877195000648, 0.147017225623, 0.200865730643, 0.239953368902, 0.158218935132, 0.12313939631, 0.254886180162, 0.0701659470797],
        "dmean2": [0.283605992794, 0.268095195293, 0.305867761374, 0.407867848873, 0.154824122787, 0.248758882284, 0.342517852783, 0.405651062727, 0.27450376749, 0.219779342413, 0.427686601877, 0.1229185462],
        "dvar": [0.0419512167573, 0.052118703723, 0.0624759085476, 0.0760971307755, 0.0199523866177, 0.0502982549369, 0.0581263899803, 0.0659253820777, 0.049244042486, 0.0356477685273, 0.0703547000885, 0.0159397870302],
        "dvar2": [0.102502726018, 0.135246381164, 0.155499652028, 0.18232947588, 0.0546698272228, 0.104665711522, 0.135649099946, 0.149291738868, 0.11715529114, 0.10107139498, 0.151511311531, 0.042931843549],
        "max": [1, 1, 1, 1, 1, 1, 1, 1, 1, 1, 1, 1],
        "mean": [0.236563697457, 0.136065810919, 0.169312089682, 0.279047101736, 0.0795095264912, 0.250097155571, 0.278922587633, 0.331720948219, 0.194305449724, 0.110068380833, 0.62419039011, 0.069694980979],
        "median": [0.131282404065, 0.0441360473633, 0.0560292378068, 0.128872096539, 0.0293333251029, 0.0840696692467, 0.142260685563, 0.200533375144, 0.0707177519798, 0.0388878285885, 0.668298900127, 0.0286736246198],
        "min": [0.00148139114026, 0.000207371005672, 0.000885533401743, 0.000969832937699, 0.000506088719703, 0.00179170619231, 0.000629069225397, 0.00181164918467, 0.000419975724071, 0.000440652715042, 0.0074066882953, 0.000663602142595],
        "var": [0.0692562162876, 0.0473005622625, 0.0672906562686, 0.104427911341, 0.0175580047071, 0.110733188689, 0.104062147439, 0.109462469816, 0.0747734755278, 0.0321712717414, 0.129126891494, 0.0141617851332]
    }
},
"lowlevel": {
    "melbands": {
        "dmean": [4.69633450848e-05, 0.000211636070162, 0.000217472581426, 0.000104657374322, 6.68258871883e-05, 0.000115786708193, 0.00012813648209, 0.000130160377012, 0.000129440421006, 6.85284758219e-05, 5.00749592902e-05, 2.94841556752e-05, 2.3467329811e-05, 1.50073610712e-05, 2.39896289713e-05, 1.41438749779e-05, 1.62020933203e-05, 1.22312294479e-05, 9.50061530602e-06, 8.57716077007e-06, 7.04025933373e-06, 7.1261388257e-06, 8.57422219269e-06, 9.39224446483e-06, 6.81128312863e-06, 5.41448389413e-06, 4.51749883723e-06, 2.46961781158e-06, 1.3691269487e-06, 1.18483558254e-06, 8.51228094234e-07, 5.16224531566e-07, 2.46748072641e-07, 1.8659798684e-07, 1.88424337466e-07, 1.67676844853e-07, 1.53284204885e-07, 1.1758728391e-07, 6.44036646236e-08, 3.2481434431e-08],
        "dmean2": [7.02340621501e-05, 0.000330176815623, 0.000343356834492, 0.000140259231557, 0.000107544314233, 0.000187557627214, 0.00020837012562, 0.000221410839004, 0.000191079700016, 0.000101520672615, 7.26600483176e-05, 4.71046951134e-05, 3.63757098967e-05, 2.30224577535e-05, 3.63718972949e-05, 2.03540166694e-05, 2.45950795943e-05, 1.88337671716e-05, 1.48159588207e-05, 1.28721758301e-05, 1.12533516585e-05, 1.09636903289e-05, 1.23872187032e-05, 1.34500796776e-05, 1.03803522506e-05, 7.87214958109e-06, 6.83324924466e-06, 3.82430744139e-06, 2.16470834857e-06, 1.89288857655e-06, 1.31351850996e-06, 8.25325173537e-07, 3.91860254467e-07, 2.99239474089e-07, 3.015168204e-07, 2.67413639676e-07, 2.49719164458e-07, 1.97925089651e-07, 1.06309691716e-07, 5.24986276673e-08],
        "dvar": [3.65851082762e-09, 9.50625249629e-08, 7.55790807716e-08, 2.8487347592e-08, 9.0282945564e-09, 2.02651708747e-08, 3.18868202953e-08, 5.54210970449e-08, 4.99124510611e-08, 2.37507613576e-08, 6.55321619192e-09, 1.04754311891e-08, 6.27982155166e-09, 1.41720701841e-09, 4.3151535678e-09, 1.21069976267e-09, 2.51667575668e-09, 6.7311228813e-10, 4.24038831826e-10, 5.41087341599e-10, 1.96879318404e-10, 2.05305689116e-10, 3.04537117746e-10, 4.04886790761e-10, 1.85063006586e-10, 1.08252601327e-10, 1.28551017053e-10, 4.46836283252e-11, 5.67332032048e-12, 7.77214230474e-12, 4.65399680599e-12, 1.60537338631e-12, 2.05427390593e-13, 7.2838768708e-14, 7.81228380597e-14, 4.47171393339e-14, 4.64727540304e-14, 4.27310198673e-14, 1.04646592295e-14, 2.8353532172e-15],
        "dvar2": [6.00544147744e-09, 2.12075775607e-07, 1.71499337398e-07, 4.96347674073e-08, 2.32402381783e-08, 4.92133480634e-08, 8.26648616226e-08, 1.47679102724e-07, 7.83150326811e-08, 3.66052823608e-08, 1.2883223377e-08, 2.47128628672e-08, 1.31167343653e-08, 2.82233614257e-09, 9.66217239551e-09, 2.17845985695e-09, 6.1287246389e-09, 1.55453705464e-09, 1.03426900377e-09, 1.2980005959e-09, 4.3182205034e-10, 4.67594518661e-10, 5.14595255297e-10, 8.61726245915e-10, 4.02237881891e-10, 2.29259625173e-10, 2.84898493685e-10, 7.62554672185e-11, 1.37762665858e-11, 1.67046584898e-11, 1.00574487974e-11, 3.75930623436e-12, 4.68945466226e-13, 1.56181382931e-13, 1.83997931366e-13, 1.08247456409e-13, 1.2292868546e-13, 1.13259411344e-13, 2.70234494639e-14, 7.34333943073e-15],
        "max": [0.000885647546966, 0.00328014581464, 0.00260084099136, 0.00231820927002, 0.00126002449542, 0.00120112183504, 0.00136302167084, 0.00149595877156, 0.00388065050356, 0.002582318848, 0.00113609118853, 0.00112087035086, 0.00108407624066, 0.000510793644935, 0.000908069312572, 0.000577063998207, 0.000739574141335, 0.000335781194735, 0.000202647875994, 0.000386001134757, 0.00014279934112, 0.000139292242238, 0.000189164667972, 0.000289040937787, 0.000190831313375, 0.000128048341139, 0.000159138988238, 9.63387792581e-05, 2.57064184552e-05, 5.22996706422e-05, 3.44917680195e-05, 2.19727953663e-05, 6.68787970426e-06, 4.33939158029e-06, 4.09338417739e-06, 2.16435114453e-06, 2.79539335679e-06, 2.80860331259e-06, 9.68315134742e-07, 8.76868682553e-07],
        "mean": [7.92411228758e-05, 0.00029254128458, 0.000323281507008, 0.000167781501659, 9.17653378565e-05, 0.00016646469885, 0.000165006000316, 0.000123418212752, 0.000199317146325, 0.000101403209555, 7.69686812419e-05, 3.47473760485e-05, 2.71071039606e-05, 1.90807822946e-05, 3.05509529426e-05, 1.77535366674e-05, 1.89588117792e-05, 1.54601038957e-05, 1.09256434371e-05, 9.9652688732e-06, 9.11136794457e-06, 9.27426026465e-06, 1.40501788337e-05, 1.54555109475e-05, 9.84012149274e-06, 8.41659766593e-06, 6.94777236276e-06, 3.9024544094e-06, 2.12323880078e-06, 1.7568390831e-06, 1.40161944273e-06, 8.62511740252e-07, 4.24488774797e-07, 3.35649474437e-07, 3.27271948208e-07, 2.70850335937e-07, 2.48066555741e-07, 1.78160888709e-07, 9.70740288153e-08, 5.01398496056e-08],
        "median": [4.69361984869e-05, 0.000174476590473, 0.000221484238864, 9.5094263088e-05, 6.04041124461e-05, 0.000112645560876, 8.86704001459e-05, 4.07659244956e-05, 8.52013545227e-05, 3.97517942474e-05, 3.66449603462e-05, 9.32428702072e-06, 6.01205283601e-06, 6.24923040959e-06, 1.20985459944e-05, 5.51479070054e-06, 4.78977608509e-06, 3.67809252566e-06, 3.23408698932e-06, 2.12163195101e-06, 2.22187372856e-06, 2.06330309993e-06, 1.87763214399e-06, 1.60386525749e-06, 2.18198943003e-06, 2.40095323534e-06, 1.03280876829e-06, 1.13985106509e-06, 1.07926439341e-06, 6.14382884123e-07, 3.77010962893e-07, 3.31961189204e-07, 2.10763104747e-07, 1.96122158513e-07, 1.80105416803e-07, 1.49046172737e-07, 1.65149131703e-07, 1.10820451482e-07, 5.6669168913e-08, 3.20243707108e-08],
        "min": [4.16331204178e-06, 6.60936029817e-06, 1.659438567e-05, 5.51486073164e-06, 2.36415144172e-06, 6.94861864758e-06, 3.34411492986e-06, 1.9422659534e-06, 1.69743452716e-06, 8.6719637693e-07, 1.14060878786e-06, 3.4464426335e-07, 2.76902483165e-07, 1.59535261446e-07, 2.32664348232e-07, 5.41884958238e-07, 1.9915857763e-07, 2.28603894925e-07, 1.13332511376e-07, 2.13771670587e-07, 1.43702621358e-07, 1.11163323879e-07, 1.80016485274e-07, 1.38388941195e-07, 2.08746513408e-07, 3.58895135832e-07, 9.80310090881e-08, 5.33356576682e-08, 1.44085049669e-07, 1.22725339224e-07, 5.22037169048e-08, 6.87157850621e-08, 3.42829160616e-08, 3.07719716375e-08, 2.83121028843e-08, 2.20835580933e-08, 1.90557010171e-08, 1.29692745432e-08, 5.380228707e-09, 4.8749204673e-09],
        "var": [1.03316422084e-08, 1.232458402e-07, 1.0382086657e-07, 5.9575018696e-08, 1.10898579209e-08, 2.74296887426e-08, 3.80109206333e-08, 4.63609133305e-08, 1.7964448773e-07, 5.55377148714e-08, 1.49225556356e-08, 1.1401747102e-08, 8.13079736872e-09, 2.13745265931e-09, 5.26572119242e-09, 1.9544159624e-09, 3.05287772839e-09, 1.31447064344e-09, 4.77688610889e-10, 7.98741406349e-10, 3.46510709015e-10, 3.20950127586e-10, 8.16160250494e-10, 1.14676357299e-09, 4.00185218297e-10, 2.53455256782e-10, 2.82629808446e-10, 9.57751447594e-11, 1.04544506732e-11, 1.55367246846e-11, 9.35452323242e-12, 2.41694706783e-12, 4.36138728214e-13, 1.96714321807e-13, 2.13533983789e-13, 9.84516965565e-14, 6.45415592173e-14, 4.4873786219e-14, 1.43495360315e-14, 3.52971292263e-15]
    },
    "mfcc": {
        "dmean": [27.9462127686, 10.3987731934, 12.0081243515, 7.96084690094, 8.48472690582, 6.91307592392, 7.1828622818, 6.46907949448, 5.9583158493, 6.11191415787, 5.70704317093, 5.2482714653, 5.94344186783],
        "dmean2": [40.4913711548, 15.9478740692, 17.2143993378, 11.8982686996, 12.4412279129, 10.168888092, 10.4936828613, 10.1972913742, 9.36769580841, 9.53973579407, 9.07115840912, 7.95833539963, 9.09190177917],
        "dvar": [527.350402832, 79.3967285156, 102.569259644, 39.4091186523, 49.8598213196, 31.6842556, 38.3101081848, 27.3845596313, 20.8046207428, 22.5586719513, 21.9961013794, 16.5179004669, 22.5012245178],
        "dvar2": [985.329284668, 187.50994873, 196.139480591, 81.66822052, 107.681564331, 65.8413009644, 77.8985595703, 65.6884689331, 54.003276825, 49.6553573608, 53.4129676819, 38.8338432312, 53.6140861511],
        "max": [-575.319702148, 169.890518188, 51.6191902161, 76.5755767822, 31.8356952667, 25.5617961884, 40.933719635, 27.5130672455, 15.9715480804, 34.6092376709, 30.5022373199, 24.3563976288, 16.0448131561],
        "mean": [-686.012512207, 123.277420044, -3.25625371933, 25.7244129181, -8.06949329376, -4.7693696022, -3.52765727043, -0.126204624772, -5.55807924271, 6.47298240662, 0.909969747066, 2.69395875931, -8.06361293793],
        "median": [-696.48626709, 126.083610535, -1.42152023315, 24.0629959106, -9.2258014679, -4.47739219666, -4.49824905396, -0.633769989014, -5.02709579468, 7.25708580017, 0.544790267944, 2.70318603516, -6.93207168579],
        "min": [-768.722351074, 46.9346923828, -67.0238647461, -16.2862663269, -51.1075744629, -33.6974868774, -31.1984996796, -24.8330307007, -35.8931884766, -33.4957237244, -19.1367034912, -23.2109127045, -43.4914855957],
        "var": [1748.49963379, 441.133117676, 448.891601562, 205.902816772, 179.875350952, 119.306785583, 149.887130737, 78.8447570801, 74.175201416, 88.1102523804, 62.4822502136, 53.9938659668, 85.3092956543],
        "cov": [[1751.20629883, -439.388153076, -621.68560791, 88.6960906982, 88.5816345215, -134.422286987, -10.5784358978, 70.7778549194, -22.3177757263, -66.7404327393, -3.69008803368, -23.3634376526, -54.9124794006], [-439.388153076, 441.815979004, 161.884399414, -156.799530029, -93.3035736084, 46.8319511414, -10.9636154175, -65.0930099487, 25.4697475433, 43.1502532959, 16.7650165558, 40.931968689, 44.7875862122], [-621.68560791, 161.884399414, 449.586486816, 10.9980821609, 6.73058080673, 62.421585083, -0.213888049126, -2.13234210014, 10.318069458, 12.1534433365, -12.8342733383, -5.91576480865, 27.3236236572], [88.6960906982, -156.799530029, 10.9980821609, 206.221557617, 109.485115051, -53.085521698, -31.427022934, 34.3859443665, -8.23771286011, -24.6149234772, -9.11129283905, -18.5910682678, -3.4661898613], [88.5816345215, -93.3035736084, 6.73058080673, 109.485115051, 180.153793335, -14.6653985977, -40.9779624939, 27.3915653229, -6.49338197708, -15.4705085754, -18.2683467865, -16.0559463501, 1.53302574158], [-134.422286987, 46.8319511414, 62.421585083, -53.085521698, -14.6653985977, 119.491470337, 73.2317733765, 1.37138819695, -2.00740671158, -16.041601181, -5.97307443619, -2.36963939667, -21.0455112457], [-10.5784358978, -10.9636154175, -0.213888049126, -31.427022934, -40.9779624939, 73.2317733765, 150.119155884, 35.3748626709, -28.0901584625, -22.5549964905, -12.1962871552, 2.34038305283, -18.5596618652], [70.7778549194, -65.0930099487, -2.13234210014, 34.3859443665, 27.3915653229, 1.37138819695, 35.3748626709, 78.9668121338, 1.80741930008, -27.8749790192, -6.57531642914, -6.29361104965, -4.06371545792], [-22.3177757263, 25.4697475433, 10.318069458, -8.23771286011, -6.49338197708, -2.00740671158, -28.0901584625, 1.80741930008, 74.2900238037, 32.9814529419, 2.97622323036, -0.198437362909, 2.76906442642], [-66.7404327393, 43.1502532959, 12.1534433365, -24.6149234772, -15.4705085754, -16.041601181, -22.5549964905, -27.8749790192, 32.9814529419, 88.2466430664, 21.9653129578, 1.94339907169, 13.1950073242], [-3.69008803368, 16.7650165558, -12.8342733383, -9.11129283905, -18.2683467865, -5.97307443619, -12.1962871552, -6.57531642914, 2.97622323036, 21.9653129578, 62.5789718628, 20.8038368225, -8.48661899567], [-23.3634376526, 40.931968689, -5.91576480865, -18.5910682678, -16.0559463501, -2.36963939667, 2.34038305283, -6.29361104965, -0.198437362909, 1.94339907169, 20.8038368225, 54.0774459839, 28.6309928894], [-54.9124794006, 44.7875862122, 27.3236236572, -3.4661898613, 1.53302574158, -21.0455112457, -18.5596618652, -4.06371545792, 2.76906442642, 13.1950073242, -8.48661899567, 28.6309928894, 85.4413528442]],
        "icov": [[0.00139886047691, 0.00063139887061, 0.00156809831969, 0.000425474514486, -0.00056537630735, 0.000885562039912, -0.000271739321761, -0.000287182047032, -0.000415029091528, 0.000760423135944, -0.000234488397837, 0.000359244062565, -8.21534467832e-06], [0.00063139887061, 0.00490052625537, -0.00098749587778, 0.00321993557736, -0.000161651390954, 0.000539989559911, -6.86540151946e-05, 0.00218716473319, -0.00133375439327, 0.000737172260415, -0.000698298681527, -0.00134125130717, -0.00118210643996], [0.00156809831969, -0.00098749587778, 0.00516626844183, -0.00171791343018, 0.000120390366646, -0.00214530318044, 0.00117038399912, -0.00192219112068, 0.000555546022952, -0.000446726975497, 0.000586150039453, 0.00133766443469, -0.000903203792404], [0.000425474514486, 0.00321993557736, -0.00171791343018, 0.0116163240746, -0.00566419446841, 0.00631664320827, -0.00240906467661, 0.00134601432364, -0.00224319682457, 0.00372570101172, -0.00265538948588, 0.0015408199979, -0.000478294386994], [-0.00056537630735, -0.000161651390954, 0.000120390366646, -0.00566419446841, 0.0110096056014, -0.00579690607265, 0.00633518118411, -0.00478698685765, 0.00392012530938, -0.00347897293977, 0.00417740736157, -0.00150129792746, 0.000304370245431], [0.000885562039912, 0.000539989559911, -0.00214530318044, 0.00631664320827, -0.00579690607265, 0.020842762664, -0.0121794342995, 0.006698617246, -0.00682725338265, 0.0073903221637, -0.00382954534143, 0.00253983680159, 0.00198774971068], [-0.000271739321761, -6.86540151946e-05, 0.00117038399912, -0.00240906467661, 0.00633518118411, -0.0121794342995, 0.0182205792516, -0.0111061902717, 0.00939516164362, -0.00654505938292, 0.00704397121444, -0.00550457229838, 0.00295584881678], [-0.000287182047032, 0.00218716473319, -0.00192219112068, 0.00134601432364, -0.00478698685765, 0.006698617246, -0.0111061902717, 0.0240147225559, -0.00949272885919, 0.0100179165602, -0.00625333515927, 0.00452287588269, -0.00357238342986], [-0.000415029091528, -0.00133375439327, 0.000555546022952, -0.00224319682457, 0.00392012530938, -0.00682725338265, 0.00939516164362, -0.00949272885919, 0.022257277742, -0.0117727853358, 0.00629587471485, -0.00408037612215, 0.00309053086676], [0.000760423135944, 0.000737172260415, -0.000446726975497, 0.00372570101172, -0.00347897293977, 0.0073903221637, -0.00654505938292, 0.0100179165602, -0.0117727853358, 0.0226979032159, -0.0111070191488, 0.00813093874604, -0.00561782065779], [-0.000234488397837, -0.000698298681527, 0.000586150039453, -0.00265538948588, 0.00417740736157, -0.00382954534143, 0.00704397121444, -0.00625333515927, 0.00629587471485, -0.0111070191488, 0.0275702774525, -0.0156665332615, 0.00963412225246], [0.000359244062565, -0.00134125130717, 0.00133766443469, 0.0015408199979, -0.00150129792746, 0.00253983680159, -0.00550457229838, 0.00452287588269, -0.00408037612215, 0.00813093874604, -0.0156665332615, 0.0337711945176, -0.0137554937974], [-8.21534467832e-06, -0.00118210643996, -0.000903203792404, -0.000478294386994, 0.000304370245431, 0.00198774971068, 0.00295584881678, -0.00357238342986, 0.00309053086676, -0.00561782065779, 0.00963412225246, -0.0137554937974, 0.0198778025806]]
    }
}

}