{
"metadata": {
    "version": {
        "essentia": "2.0.1",
        "extractor": "archive-music 1.0 mod ismir14"
    },
    "audio_properties": {
        "analysis_sample_rate": 44100,
        "bitrate": 1444,
        "channels": 2,
        "equal_loudness": 0,
        "length": 30,
        "replay_gain": -13.8820514679,
        "downmix": "mix"
    },
    "tags": {
        "track": 0,
        "year": 0,
        "album": "",
        "artist": "",
        "comment": "",
        "genre": "",
        "title": ""
    }
},
"rhythm": {
    "bpm": 90.2672195435,
    "bpm_histogram_first_peak": 91,
    "bpm_histogram_first_peak_spread": 0.357142865658,
    "bpm_histogram_first_peak_weight": 0.62790697813,
    "bpm_histogram_second_peak": 83,
    "bpm_histogram_second_peak_spread": 0,
    "bpm_histogram_second_peak_weight": 0.0232558138669
},
"tonal": {
    "tuning_frequency": {
        "dmean": 0.192557647824,
        "dmean2": 0.370179772377,
        "dvar": 2.03275084496,
        "dvar2": 4.25997400284,
        "max": 456.04309082,
        "mean": 449.080963135,
        "median": 451.84777832,
        "min": 435.448913574,
        "var": 23.1976490021
    },
    "hpcp": {
        "dmean": [0.228678226471, 0.144170299172, 0.121269546449, 0.135398477316, 0.232331246138, 0.282254397869, 0.185978159308, 0.215611726046, 0.124995052814, 0.0888529196382, 0.104303874075, 0.114760056138],
        "dmean2": [0.39959102869, 0.272564947605, 0.210748314857, 0.243744537234, 0.417937427759, 0.509280741215, 0.351603716612, 0.382543712854, 0.229021787643, 0.162138849497, 0.179378122091, 0.208280339837],
        "dvar": [0.0864422768354, 0.0626247152686, 0.0386272408068, 0.0551249906421, 0.0870246589184, 0.105041943491, 0.0892641171813, 0.0778241977096, 0.0533671714365, 0.0319796614349, 0.0316957570612, 0.0401843301952],
        "dvar2": [0.185374349356, 0.17754252255, 0.102192543447, 0.140209570527, 0.228797242045, 0.228082418442, 0.25587284565, 0.199249669909, 0.142672434449, 0.0880398750305, 0.0817659497261, 0.110729403794],
        "max": [1, 1, 1, 1, 1, 1, 1, 1, 1, 1, 1, 1],
        "mean": [0.445240288973, 0.0943405330181, 0.136422142386, 0.131163537502, 0.223155498505, 0.448276907206, 0.133919075131, 0.264176875353, 0.123885117471, 0.0762981697917, 0.0968696177006, 0.102980032563],
        "median": [0.248961985111, 0.0179278440773, 0.0426365621388, 0.0270849876106, 0.06365211308, 0.287634789944, 0.0189092103392, 0.108333930373, 0.0299542099237, 0.0257872175425, 0.0279970392585, 0.0329822003841],
        "min": [0.00183681421913, 0.000394104310544, 0.00125530711375, 0.000201562099392, 0.00185370421968, 0.000942009501159, 0.000344611442415, 0.00105545809492, 0.000423654564656, 0.000372362468624, 0.000417947041569, 0.000788195873611],
        "var": [0.173413455486, 0.0408249758184, 0.0496019497514, 0.0638256147504, 0.0950671955943, 0.167583867908, 0.0704785510898, 0.106621056795, 0.0573818720877, 0.0229032561183, 0.0319454483688, 0.0334716849029]
    }
},
"lowlevel": {
    "melbands": {
        "dmean": [0.000233158381889, 0.000508898345288, 0.000176656933036, 0.000116724047984, 8.08028053143e-05, 5.89660630794e-05, 8.13904116512e-05, 0.000106714964204, 0.000183480035048, 0.000139878655318, 5.39039356227e-05, 6.94489208399e-05, 5.88906877965e-05, 2.86812228296e-05, 5.15119063493e-05, 6.24043022981e-05, 1.40900237966e-05, 9.57457723416e-06, 4.74561784358e-06, 6.08184564044e-06, 9.15499731491e-06, 6.90171646056e-06, 1.33194926093e-05, 1.15785560411e-05, 6.37050243313e-06, 6.32788623989e-06, 5.62534978599e-06, 3.65604705621e-06, 1.65357960213e-06, 1.38320717724e-06, 6.51758170989e-07, 2.74888918739e-07, 1.55985020456e-07, 1.29755207467e-07, 1.32654051299e-07, 1.20954354088e-07, 1.10098383743e-07, 1.44324076246e-07, 1.38095685998e-07, 1.11575715778e-07],
        "dmean2": [0.000395685434341, 0.000785591779277, 0.000285241025267, 0.000184498174349, 0.000131677661557, 8.76032063388e-05, 0.000125698046759, 0.0001602723205, 0.00028283658321, 0.000237319225562, 8.57259219629e-05, 0.000111037137685, 8.6161235231e-05, 4.70860395581e-05, 8.47144037834e-05, 9.7924079455e-05, 2.29957331612e-05, 1.52686934598e-05, 7.3561973295e-06, 9.68324184214e-06, 1.45355152199e-05, 1.08115227704e-05, 2.0976367523e-05, 1.85565040738e-05, 1.00632078102e-05, 9.62671310845e-06, 8.88845443114e-06, 5.9485400925e-06, 2.60561887444e-06, 2.19278058466e-06, 1.06276092993e-06, 4.25461593068e-07, 2.44489626766e-07, 1.94919635987e-07, 2.0596378647e-07, 1.90124183064e-07, 1.69256253457e-07, 2.25374193974e-07, 2.08578171623e-07, 1.73670144932e-07],
        "dvar": [6.96026631886e-08, 2.10743564821e-07, 3.59043710318e-08, 2.15702886663e-08, 1.57713380133e-08, 7.20999171477e-09, 1.8425865278e-08, 3.33272005548e-08, 1.09639358925e-07, 1.70722202597e-07, 6.19140436697e-08, 4.54294593055e-08, 2.16610658299e-08, 4.18277856795e-09, 1.92812290578e-08, 3.20313553459e-08, 2.87673063148e-09, 6.26733998033e-10, 4.31402101542e-11, 6.35086983003e-11, 1.81158005264e-10, 1.03580269362e-10, 3.97701982457e-10, 3.47411294177e-10, 9.53949488847e-11, 8.74202168988e-11, 8.38434044415e-11, 4.15515469254e-11, 9.09092939816e-12, 7.35774288718e-12, 1.35928811609e-12, 1.22852411837e-13, 3.69738046874e-14, 2.76830746775e-14, 3.5425123528e-14, 1.98368915966e-14, 2.11244816263e-14, 3.6946696245e-14, 4.25708323844e-14, 3.06011895782e-14],
        "dvar2": [1.97559643311e-07, 4.99322482028e-07, 7.94197703158e-08, 5.21178407098e-08, 3.85802536584e-08, 1.44835814453e-08, 3.65013761439e-08, 6.9064306274e-08, 2.40047342004e-07, 4.03891903034e-07, 1.08039095892e-07, 1.16998535304e-07, 3.96736865582e-08, 1.0386841609e-08, 5.00298185102e-08, 7.37527372507e-08, 5.55335999408e-09, 1.25560517539e-09, 9.40820824025e-11, 1.66273772528e-10, 4.36181674113e-10, 2.5094462619e-10, 9.24826826232e-10, 8.53807802237e-10, 2.38945419007e-10, 1.92813209843e-10, 1.92514976183e-10, 1.08046009639e-10, 2.34815309558e-11, 1.8145726241e-11, 3.45278710137e-12, 2.82168629824e-13, 8.89606042911e-14, 6.60705350023e-14, 8.95567189743e-14, 4.39508150739e-14, 5.2625130409e-14, 8.78806440596e-14, 1.04089195488e-13, 7.69392958632e-14],
        "max": [0.00222111516632, 0.00397274596617, 0.0021464151796, 0.00191517022904, 0.00153654732276, 0.00125897221733, 0.00249771075323, 0.00160880095791, 0.00371527485549, 0.0044769840315, 0.005547685083, 0.00297228968702, 0.00178938882891, 0.000669680594001, 0.00155213219114, 0.00264053978026, 0.00101282505784, 0.000370357709471, 8.11077406979e-05, 5.48257812625e-05, 0.000124467653222, 8.84591281647e-05, 0.000158266702783, 0.000130144922878, 7.39015231375e-05, 8.47419287311e-05, 8.15617968328e-05, 6.16949255345e-05, 2.86010563286e-05, 2.8938477044e-05, 1.14488257168e-05, 4.09956646763e-06, 1.83039719559e-06, 1.7462427877e-06, 2.20745391744e-06, 1.44629473198e-06, 1.53817506998e-06, 1.68986275639e-06, 2.33904870584e-06, 2.39086284637e-06],
        "mean": [0.000402705249144, 0.00104764266871, 0.00034324862645, 0.000160650495673, 0.000105891303974, 8.77718266565e-05, 0.000117032905109, 0.000139199357363, 0.000229766053963, 0.000145403624629, 5.46059854969e-05, 6.97689756635e-05, 7.97178436187e-05, 3.24665415974e-05, 5.68829309486e-05, 6.20876162429e-05, 1.47202126755e-05, 1.08079048005e-05, 6.21653771304e-06, 7.52960431782e-06, 1.12098350655e-05, 8.36535855342e-06, 1.43280149132e-05, 1.12366606118e-05, 7.01300086803e-06, 7.80874506745e-06, 6.23832238489e-06, 3.77436390409e-06, 1.84364694178e-06, 1.45093406445e-06, 7.72636610691e-07, 3.96256439217e-07, 2.42152651708e-07, 2.11714663578e-07, 2.04484550181e-07, 2.0857046934e-07, 1.68608153217e-07, 2.3460644627e-07, 2.16206345272e-07, 1.78311012178e-07],
        "median": [0.000333947769832, 0.000768288678955, 0.000284051609924, 0.000104863574961, 4.95119384141e-05, 4.58762915514e-05, 4.53025786555e-05, 4.75808046758e-05, 7.72965140641e-05, 2.31016401813e-05, 1.30363596327e-05, 1.82105541171e-05, 1.20356226034e-05, 1.15399361675e-05, 1.63520271599e-05, 1.22068677229e-05, 3.70128486793e-06, 3.17213971357e-06, 2.98092322737e-06, 3.58378838428e-06, 3.85248358725e-06, 3.03148999592e-06, 4.68040525448e-06, 3.02464809465e-06, 2.77854223896e-06, 3.16972750625e-06, 1.93764753931e-06, 1.13752855668e-06, 7.78527464718e-07, 5.22802451997e-07, 3.53905221573e-07, 2.43626317342e-07, 1.66898018961e-07, 1.41238899687e-07, 1.41499754136e-07, 1.57040418003e-07, 1.13274182922e-07, 1.62608614573e-07, 1.44365628785e-07, 1.2600898458e-07],
        "min": [5.22179925611e-06, 2.40635181399e-05, 1.45625499499e-05, 3.69257463717e-06, 2.26496968025e-06, 2.07691618925e-06, 2.91966148325e-06, 1.55668431034e-06, 1.96817427423e-06, 6.47389754249e-07, 6.56797510601e-07, 5.78056869927e-07, 5.05671835072e-07, 6.47840238344e-07, 8.24011806344e-07, 2.45616377015e-07, 1.91453352727e-07, 3.7438442746e-07, 2.66275065997e-07, 2.68392966518e-07, 2.82997206114e-07, 2.1295618069e-07, 3.34976931526e-07, 2.23965514579e-07, 3.14358516107e-07, 5.22684103998e-07, 1.70754987039e-07, 9.15015974101e-08, 7.81916682513e-08, 7.39084882184e-08, 3.73741713133e-08, 2.25723795211e-08, 1.86214830222e-08, 2.10762056696e-08, 2.30001546697e-08, 2.09411119556e-08, 1.44339766806e-08, 1.44164769011e-08, 8.67618243916e-09, 7.43647809998e-09],
        "var": [1.11550392035e-07, 6.76255581311e-07, 8.10842237797e-08, 3.15576542675e-08, 2.50562024462e-08, 1.60354982626e-08, 4.04892475103e-08, 5.39977200731e-08, 1.61357490924e-07, 2.07256874774e-07, 8.12313487586e-08, 3.83360720946e-08, 4.06842382006e-08, 4.28132596042e-09, 1.79996888505e-08, 3.35427543519e-08, 3.39270234129e-09, 8.11641365228e-10, 6.60764706839e-11, 7.71160774127e-11, 2.57144777693e-10, 1.40917638669e-10, 4.87864026955e-10, 3.44013595388e-10, 9.71993804888e-11, 1.18758461398e-10, 9.73267091919e-11, 3.98030913784e-11, 8.21409433527e-12, 6.55912607214e-12, 1.24113816013e-12, 1.81554708875e-13, 5.37603307412e-14, 3.94544457055e-14, 3.93058456334e-14, 2.92754474905e-14, 2.82094277272e-14, 5.5675218125e-14, 5.4399935484e-14, 3.59460826718e-14]
    },
    "mfcc": {
        "dmean": [31.6711921692, 9.9866399765, 13.7250995636, 9.55216503143, 7.99472045898, 8.11933040619, 6.91807699203, 6.28314065933, 5.5223441124, 5.93597269058, 5.97233533859, 5.79026031494, 5.40291833878],
        "dmean2": [40.4272460938, 15.3576021194, 20.4391517639, 14.0357027054, 11.8934392929, 11.592874527, 10.0330343246, 9.34658527374, 8.54420089722, 9.61654472351, 9.55795764923, 9.17326831818, 8.67661857605],
        "dvar": [584.646850586, 72.5286407471, 158.688400269, 61.0378341675, 42.1675300598, 43.9661064148, 29.5216712952, 23.7989559174, 19.5091533661, 23.7482757568, 24.1732673645, 20.1976890564, 17.9633674622],
        "dvar2": [1322.77905273, 165.233566284, 321.509643555, 121.568603516, 84.2117462158, 82.9042816162, 59.2910842896, 53.6769332886, 48.6088790894, 55.2202262878, 58.2553901672, 51.6538352966, 45.8007888794],
        "max": [-584.945007324, 168.508087158, 45.2953643799, 69.0534820557, 42.2972869873, 35.742855072, 52.010269165, 44.1509666443, 19.0901870728, 31.3420581818, 32.1262969971, 33.6341781616, 17.2104053497],
        "mean": [-677.430419922, 126.420211792, -2.61175537109, 24.6705093384, 7.39963531494, -4.6027431488, 14.6958856583, 6.44746398926, 0.64187669754, 3.43071508408, 5.43191099167, 7.5351600647, 2.04994082451],
        "median": [-679.897766113, 126.443061829, -1.45806121826, 23.1697654724, 6.87136459351, -3.79751968384, 14.6286563873, 6.82992744446, 1.15525817871, 2.72450065613, 5.22170448303, 8.09505271912, 2.23091888428],
        "min": [-767.359863281, 72.2528381348, -51.2501029968, -25.8899803162, -27.04728508, -44.1264915466, -18.4568500519, -20.6061134338, -23.8637466431, -27.8660793304, -16.1789512634, -15.055639267, -21.5905418396],
        "var": [1728.48962402, 208.937179565, 423.747406006, 250.600891113, 161.845565796, 166.85484314, 127.559593201, 90.2817382812, 53.2548713684, 75.2458877563, 62.5480995178, 55.7799530029, 45.7123794556],
        "cov": [[1731.1652832, -51.0837173462, -593.69720459, 51.4426689148, -261.841949463, -212.664932251, -121.605224609, -86.1646957397, -48.6047554016, -40.9302406311, -76.5963516235, -14.9670505524, -75.0475616455], [-51.0837173462, 209.260620117, 7.26133489609, -99.6474075317, -51.8592414856, -1.54159629345, 11.1421003342, 3.61041307449, -17.1407814026, 10.2741155624, 46.0258369446, 0.483309566975, -0.119863845408], [-593.69720459, 7.26133489609, 424.40335083, -57.3968582153, 146.490249634, 54.2288780212, 17.4383888245, 18.2134838104, 21.9589290619, 23.299489975, 14.2370691299, -10.0413999557, 27.0017814636], [51.4426689148, -99.6474075317, -57.3968582153, 250.988830566, 31.5867862701, -8.73598766327, -56.6148605347, -16.7079143524, 41.373260498, 14.1705617905, -38.7137298584, -3.88278412819, 14.3389492035], [-261.841949463, -51.8592414856, 146.490249634, 31.5867862701, 162.096115112, 18.6811313629, 13.3555259705, -11.1153726578, 21.4162063599, 27.6971874237, -7.92144870758, 2.32081270218, 7.0425696373], [-212.664932251, -1.54159629345, 54.2288780212, -8.73598766327, 18.6811313629, 167.113128662, 78.8678131104, 32.1697006226, -12.5203075409, -1.04604673386, 40.5375099182, -0.0734299123287, -11.8506307602], [-121.605224609, 11.1421003342, 17.4383888245, -56.6148605347, 13.3555259705, 78.8678131104, 127.757049561, 52.3524703979, -7.62127304077, -14.8103456497, 27.3112812042, 17.8721389771, -7.50461530685], [-86.1646957397, 3.61041307449, 18.2134838104, -16.7079143524, -11.1153726578, 32.1697006226, 52.3524703979, 90.4214935303, 12.1462421417, -14.3629245758, 12.2723121643, 14.8635807037, 10.3038387299], [-48.6047554016, -17.1407814026, 21.9589290619, 41.373260498, 21.4162063599, -12.5203075409, -7.62127304077, 12.1462421417, 53.337310791, 28.2655773163, -3.59033894539, 2.28833198547, 9.99839019775], [-40.9302406311, 10.2741155624, 23.299489975, 14.1705617905, 27.6971874237, -1.04604673386, -14.8103456497, -14.3629245758, 28.2655773163, 75.3623657227, 19.5535049438, -3.87389492989, 0.791984319687], [-76.5963516235, 46.0258369446, 14.2370691299, -38.7137298584, -7.92144870758, 40.5375099182, 27.3112812042, 12.2723121643, -3.59033894539, 19.5535049438, 62.6449241638, 17.6160259247, -2.73817396164], [-14.9670505524, 0.483309566975, -10.0413999557, -3.88278412819, 2.32081270218, -0.0734299123287, 17.8721389771, 14.8635807037, 2.28833198547, -3.87389492989, 17.6160259247, 55.8662986755, 17.9884147644], [-75.0475616455, -0.119863845408, 27.0017814636, 14.3389492035, 7.0425696373, -11.8506307602, -7.50461530685, 10.3038387299, 9.99839019775, 0.791984319687, -2.73817396164, 17.9884147644, 45.7831420898]],
        "icov": [[0.00158048723824, 0.000591607065871, 0.00145278533455, 0.000164037541253, 0.00123804353643, 0.00116795522626, 0.00029490882298, 0.000357242621249, 0.000659928598907, -0.000542182358913, 0.000901958206668, -0.000503080955241, 0.00188076728955], [0.000591607065871, 0.0076632713899, 4.5489443437e-05, 0.00189069088083, 0.00268965936266, 0.00173888506833, -0.000223679642659, 0.000594359938987, 0.00102384935599, -0.00106207898352, -0.00467738183215, 0.00168860936537, -0.000911650655326], [0.00145278533455, 4.5489443437e-05, 0.00625714054331, 0.00243956339546, -0.00383493560366, -0.000889806309715, 0.0025631566532, -0.000901512219571, -0.00140482967254, 0.000731889856979, 8.99440856301e-05, 0.00182667642366, -0.00150841614231], [0.000164037541253, 0.00189069088083, 0.00243956339546, 0.00769829424098, -0.00201937672682, -0.00309020257555, 0.00429093046114, 0.000132675006171, -0.00532790413126, 0.000609185895883, 0.00231598364189, -0.000138079558383, -0.00204599089921], [0.00123804353643, 0.00268965936266, -0.00383493560366, -0.00201937672682, 0.0140773504972, 0.00182967598084, -0.00421035196632, 0.0038602782879, 0.000722994678654, -0.00471343798563, 0.003380486276, -0.00319130672142, 0.0030595716089], [0.00116795522626, 0.00173888506833, -0.000889806309715, -0.00309020257555, 0.00182967598084, 0.0130112376064, -0.00692650396377, -0.000411204528064, 0.00502593349665, -0.000613265612628, -0.00697217928246, 0.00328262289986, 0.00266153528355], [0.00029490882298, -0.000223679642659, 0.0025631566532, 0.00429093046114, -0.00421035196632, -0.00692650396377, 0.018126051873, -0.00711671775207, -0.0016213512281, 0.00256274570711, 0.000294019904686, -0.00365570397116, 0.00281853973866], [0.000357242621249, 0.000594359938987, -0.000901512219571, 0.000132675006171, 0.0038602782879, -0.000411204528064, -0.00711671775207, 0.0187620390207, -0.0079575041309, 0.00440878048539, -0.00123531417921, -0.000932360126171, -0.00305805564858], [0.000659928598907, 0.00102384935599, -0.00140482967254, -0.00532790413126, 0.000722994678654, 0.00502593349665, -0.0016213512281, -0.0079575041309, 0.0346976816654, -0.0141782173887, 0.00285981060006, -0.000996228656732, -0.000473288440844], [-0.000542182358913, -0.00106207898352, 0.000731889856979, 0.000609185895883, -0.00471343798563, -0.000613265612628, 0.00256274570711, 0.00440878048539, -0.0141782173887, 0.0244404189289, -0.0116551658139, 0.00462928041816, -0.00136221223511], [0.000901958206668, -0.00467738183215, 8.99440856301e-05, 0.00231598364189, 0.003380486276, -0.00697217928246, 0.000294019904686, -0.00123531417921, 0.00285981060006, -0.0116551658139, 0.0346867665648, -0.0130837149918, 0.00548161473125], [-0.000503080955241, 0.00168860936537, 0.00182667642366, -0.000138079558383, -0.00319130672142, 0.00328262289986, -0.00365570397116, -0.000932360126171, -0.000996228656732, 0.00462928041816, -0.0130837149918, 0.0281739067286, -0.012617806904], [0.00188076728955, -0.000911650655326, -0.00150841614231, -0.00204599089921, 0.0030595716089, 0.00266153528355, 0.00281853973866, -0.00305805564858, -0.000473288440844, -0.00136221223511, 0.00548161473125, -0.012617806904, 0.0332339666784]]
    }
}

}