{
"metadata": {
    "version": {
        "essentia": "2.0.1",
        "extractor": "archive-music 1.0 mod ismir14"
    },
    "audio_properties": {
        "analysis_sample_rate": 44100,
        "bitrate": 160,
        "channels": 2,
        "equal_loudness": 0,
        "length": 30.0669155121,
        "replay_gain": -9.77944374084,
        "downmix": "mix"
    },
    "tags": {
        "track": 0,
        "year": 0,
        "album": "",
        "artist": "",
        "comment": "",
        "genre": "",
        "title": ""
    }
},
"rhythm": {
    "bpm": 172.265594482,
    "bpm_histogram_first_peak": 172,
    "bpm_histogram_first_peak_spread": 0,
    "bpm_histogram_first_peak_weight": 0.5,
    "bpm_histogram_second_peak": 178,
    "bpm_histogram_second_peak_spread": 0,
    "bpm_histogram_second_peak_weight": 0.27380952239
},
"tonal": {
    "tuning_frequency": {
        "dmean": 0.0661827847362,
        "dmean2": 0.119482733309,
        "dvar": 0.456281721592,
        "dvar2": 1.20040154457,
        "max": 448.467559814,
        "mean": 434.673858643,
        "median": 433.691802979,
        "min": 432.690917969,
        "var": 2.63332390785
    },
    "hpcp": {
        "dmean": [0.0828821957111, 0.14708212018, 0.156147867441, 0.154854625463, 0.0309071280062, 0.0802010446787, 0.082010731101, 0.122091032565, 0.0540376827121, 0.0588398315012, 0.143969714642, 0.0614059306681],
        "dmean2": [0.14729706943, 0.266248047352, 0.286373913288, 0.278147131205, 0.0562377311289, 0.141276940703, 0.146039575338, 0.215267971158, 0.0981579869986, 0.103993564844, 0.242448166013, 0.113142773509],
        "dvar": [0.0407858155668, 0.0684976950288, 0.0796452462673, 0.0855598673224, 0.0177323296666, 0.0436793155968, 0.0458701699972, 0.067543156445, 0.0303773265332, 0.0255177933723, 0.0597848370671, 0.0289276391268],
        "dvar2": [0.10387416929, 0.175701990724, 0.210510984063, 0.169550701976, 0.0454858355224, 0.10263992101, 0.0904128029943, 0.134392723441, 0.0737589374185, 0.062061380595, 0.120249986649, 0.0747985541821],
        "max": [1, 1, 1, 1, 1, 1, 1, 1, 1, 1, 1, 1],
        "mean": [0.0800976604223, 0.186556473374, 0.144917741418, 0.312903016806, 0.0237920265645, 0.107426673174, 0.125201180577, 0.187080904841, 0.0525408759713, 0.0619458407164, 0.331287771463, 0.0506825260818],
        "median": [0.0102044623345, 0.0343557968736, 0.031302433461, 0.0502653717995, 0.00117110251449, 0.011360982433, 0.00146201101597, 0.0105936788023, 0.00273975147866, 0.00449409894645, 0.0988488197327, 0.00362952332944],
        "min": [0, 0, 0, 0, 0, 0, 0, 0, 0, 0, 0, 0],
        "var": [0.0419913828373, 0.101507753134, 0.0716228634119, 0.172591373324, 0.0136710284278, 0.0681852474809, 0.0887510031462, 0.118426091969, 0.0347977727652, 0.0338780097663, 0.159227535129, 0.023731129244]
    }
},
"lowlevel": {
    "melbands": {
        "dmean": [1.71570763996e-06, 4.15677022829e-05, 5.50102995476e-05, 0.000503654708154, 0.000501990667544, 0.000268782867352, 0.00011291019473, 9.64852733887e-05, 5.67202514503e-05, 3.9478927647e-05, 3.27044581354e-05, 2.00522499654e-05, 3.40483493346e-05, 1.29939789986e-05, 1.01636787804e-05, 8.5237525127e-06, 1.74900033016e-05, 8.46342481964e-06, 9.88154533843e-06, 2.75768002211e-06, 3.97605253966e-06, 3.88352873415e-06, 2.21683853852e-06, 2.73331215794e-06, 7.06379432813e-06, 7.32967191652e-06, 2.11533620131e-06, 1.15551915769e-06, 3.97529703378e-07, 2.54956120216e-07, 9.87924053675e-08, 1.58286947993e-08, 2.95597035738e-09, 6.3963967456e-10, 2.43337933137e-10, 1.01861519219e-10, 4.21715717902e-11, 1.72350918259e-11, 1.18665242563e-11, 3.64357632607e-12],
        "dmean2": [2.74678632195e-06, 6.42933737254e-05, 8.24748130981e-05, 0.000777154928073, 0.000786753371358, 0.000416608236264, 0.000176138870302, 0.000149167433847, 9.09023365239e-05, 6.44580504741e-05, 4.93135230499e-05, 3.10579853249e-05, 5.28525633854e-05, 2.00378472073e-05, 1.6622894691e-05, 1.35009231599e-05, 2.830385165e-05, 1.34067622639e-05, 1.50448468048e-05, 4.19872367274e-06, 6.43692374069e-06, 6.43721750748e-06, 3.63327899322e-06, 4.21335062128e-06, 1.09495713332e-05, 1.1224264199e-05, 3.38515019394e-06, 1.86710667549e-06, 6.18117212525e-07, 3.95304226686e-07, 1.52917650098e-07, 2.55775240987e-08, 4.76697703533e-09, 1.02129948942e-09, 3.83771237011e-10, 1.59909377406e-10, 6.48545175896e-11, 2.64990217269e-11, 1.84177707807e-11, 6.11591203029e-12],
        "dvar": [4.8443527835e-12, 8.05638400436e-09, 1.14795115636e-08, 1.81538359811e-06, 8.24912035569e-07, 1.4651334368e-07, 4.9509882416e-08, 6.2235088194e-08, 4.43480274726e-08, 1.54503521088e-08, 1.29587709452e-08, 5.47341416635e-09, 1.49611381062e-08, 2.00273864159e-09, 1.72619440963e-09, 4.07517630752e-10, 3.32826255445e-09, 3.1719357696e-10, 4.30365243442e-10, 2.55459577103e-11, 5.19809889576e-11, 7.15737052959e-11, 2.8373043498e-11, 3.61121514636e-11, 3.97442467825e-10, 3.89068194329e-10, 2.0100480308e-11, 7.86253614299e-12, 1.63564561201e-12, 1.72024016126e-12, 3.36098716133e-13, 4.12016180247e-15, 6.16252097451e-16, 8.00685107634e-18, 6.11080091114e-19, 1.26501403162e-19, 4.05702622148e-20, 2.08213460927e-20, 1.52339381566e-20, 6.10358822739e-22],
        "dvar2": [1.19010964278e-11, 1.29800579174e-08, 2.21619238516e-08, 3.80490291718e-06, 1.87230011761e-06, 3.45815294622e-07, 1.25069107071e-07, 1.5205277748e-07, 1.10337019521e-07, 3.52545903581e-08, 2.80959895349e-08, 1.17397496169e-08, 3.27473443917e-08, 3.79982978416e-09, 3.78270925694e-09, 8.85211126622e-10, 5.74299496847e-09, 7.7048950553e-10, 8.10871036983e-10, 5.59808657763e-11, 1.28073496253e-10, 1.80014239626e-10, 6.55173623687e-11, 6.9245061074e-11, 9.46094536047e-10, 7.66938457186e-10, 4.98081853539e-11, 1.90199488104e-11, 3.74976698997e-12, 4.2196606452e-12, 7.99782711846e-13, 9.25101178794e-15, 1.57159509473e-15, 1.6635799876e-17, 1.42266710835e-18, 3.22563215768e-19, 1.01161287321e-19, 5.20936830165e-20, 3.81550822342e-20, 1.53315573838e-21],
        "max": [3.06822475977e-05, 0.00225555757061, 0.00162181840278, 0.0301993917674, 0.013844168745, 0.0036378398072, 0.00219319714233, 0.00279985484667, 0.0027633223217, 0.00148180115502, 0.00142384204082, 0.000911584298592, 0.00170248933136, 0.000611203082372, 0.000543640751857, 0.000282962835627, 0.00127172027715, 0.000181568218977, 0.000421740027377, 8.13057486084e-05, 6.969988317e-05, 0.000108192492917, 5.33573875146e-05, 8.66673581186e-05, 0.000303859385895, 0.00031776697142, 4.23949022661e-05, 2.61717141257e-05, 2.0401819711e-05, 2.53128127952e-05, 1.20470594993e-05, 1.07865389509e-06, 5.13043573847e-07, 3.94464265696e-08, 1.10432560874e-08, 4.59963267474e-09, 2.54494603169e-09, 2.00521688143e-09, 1.69701186437e-09, 3.27454119375e-10],
        "mean": [2.26619135901e-06, 7.25719073671e-05, 0.000107083840703, 0.000876716570929, 0.000836622260977, 0.000386137660826, 0.000148673701915, 0.000147681566887, 6.55003605061e-05, 4.1668456106e-05, 3.9807480789e-05, 2.13860494114e-05, 3.79940429411e-05, 1.42865483213e-05, 1.18875304906e-05, 9.50629510044e-06, 2.00835256692e-05, 9.66705556493e-06, 1.29592299345e-05, 3.65654318557e-06, 4.31607577411e-06, 3.86022293242e-06, 2.45530418397e-06, 3.35556774189e-06, 7.13148801879e-06, 7.97342636361e-06, 2.15441218643e-06, 1.07609810129e-06, 3.70660927729e-07, 2.15306144469e-07, 8.54111235071e-08, 1.46424277148e-08, 2.50848430916e-09, 6.90298374018e-10, 2.79660489211e-10, 1.18068888e-10, 4.66511967945e-11, 1.61322014774e-11, 7.91652680909e-12, 2.36901492347e-12],
        "median": [1.37717211146e-06, 3.67640896002e-05, 4.79076952615e-05, 0.000256633327808, 0.000397259515012, 0.000184401927982, 5.68441428186e-05, 3.7598903873e-05, 1.11599520096e-05, 3.67256984646e-06, 2.74868671113e-06, 1.35988750571e-06, 2.34167396229e-06, 2.08561641557e-06, 1.67261453043e-06, 1.80951860784e-06, 4.05309629059e-06, 2.962083272e-06, 3.87139380109e-06, 1.17028230306e-06, 1.36218250191e-06, 9.77706690719e-07, 4.74818108387e-07, 7.17882187473e-07, 1.51413848926e-06, 1.27698251617e-06, 3.96480999143e-07, 1.43759706361e-07, 3.47769564257e-08, 1.35888607034e-08, 4.29335145213e-09, 1.0097702674e-09, 3.77260583884e-10, 2.05206809878e-10, 1.18854828757e-10, 5.15745328389e-11, 2.20243736443e-11, 7.27315777049e-12, 2.16687887251e-12, 5.31936907716e-13],
        "min": [1.28854902009e-12, 2.73328993987e-12, 1.25132135556e-11, 3.16841552994e-11, 5.22290544147e-12, 1.55822837272e-12, 2.56728631409e-11, 1.16611754974e-11, 1.29964615458e-11, 4.61714650887e-12, 1.01779530984e-11, 1.78408774299e-12, 3.05010617457e-12, 6.95352673011e-12, 5.11796507952e-12, 1.40082502889e-11, 4.42194458133e-12, 3.12155661562e-12, 7.12302395886e-12, 3.97714240014e-12, 2.55975969587e-12, 3.87913919736e-12, 1.05938747358e-11, 5.80934996289e-12, 3.53380822868e-12, 3.81118140519e-12, 1.01474072201e-11, 4.48910700279e-12, 1.38201288521e-12, 4.04797967065e-13, 4.85786053311e-13, 4.5872149395e-13, 4.25776872526e-13, 6.4586465516e-13, 7.89478454399e-13, 7.35351449871e-13, 6.49497274539e-13, 6.06958764932e-13, 5.39266656503e-13, 4.14838316151e-14],
        "var": [7.70150696688e-12, 3.34845893235e-08, 2.50144065461e-08, 4.07595371144e-06, 1.42599810715e-06, 2.39265716573e-07, 5.9050663026e-08, 9.26028818071e-08, 5.50087229101e-08, 1.77872898632e-08, 1.85270483399e-08, 7.73288455491e-09, 2.16238884576e-08, 2.76684075651e-09, 2.21096052577e-09, 6.2878607876e-10, 6.20117468486e-09, 3.88045623412e-10, 7.37520600147e-10, 4.21701701336e-11, 6.36753497152e-11, 6.95897020564e-11, 3.49011826384e-11, 6.23665077915e-11, 4.2019238089e-10, 5.85477388793e-10, 2.39823248066e-11, 8.36592860959e-12, 1.75268686283e-12, 1.47122700307e-12, 3.05767238785e-13, 4.61284698657e-15, 4.62664324746e-16, 8.78733734332e-18, 6.06606543265e-19, 1.04170744873e-19, 2.51280118688e-20, 1.05080016699e-20, 7.63792485899e-21, 3.09322458357e-22]
    },
    "mfcc": {
        "dmean": [37.8437728882, 11.9120845795, 21.9846973419, 13.6168661118, 10.6899213791, 9.45334625244, 7.87283039093, 9.76480865479, 7.29562664032, 7.08836555481, 7.26676273346, 6.57668972015, 6.24564933777],
        "dmean2": [53.9247169495, 17.0683555603, 31.4919376373, 19.4207248688, 15.3657169342, 14.1702537537, 11.7630805969, 14.9341478348, 11.0993967056, 10.7612943649, 11.5028362274, 10.0210361481, 9.62435817719],
        "dvar": [1515.74707031, 215.628234863, 499.569000244, 132.11088562, 84.0905075073, 86.9527664185, 38.4095535278, 65.6578826904, 35.3882751465, 33.602142334, 35.3820648193, 31.8355026245, 25.8988437653],
        "dvar2": [2756.15698242, 307.944732666, 887.252624512, 262.309539795, 159.128845215, 180.957962036, 86.2417602539, 143.872650146, 82.4169235229, 81.8634719849, 80.7689285278, 68.6265029907, 60.9228515625],
        "max": [-690.927856445, 246.775085449, 101.151794434, 131.201751709, 63.6577796936, 29.7573852539, 36.0565109253, 27.8857059479, 9.56215286255, 29.5251483917, 18.2650871277, 18.7201633453, 25.4025115967],
        "mean": [-809.134216309, 197.136199951, -39.8781967163, 34.3152160645, 11.7573041916, -25.6198596954, -4.92584705353, -29.8001651764, -25.3574733734, -5.13717222214, -11.3701257706, -14.2385997772, -7.00741291046],
        "median": [-801.73425293, 198.94744873, -48.0451011658, 32.8701667786, 14.6919555664, -26.1325950623, -4.07169723511, -31.5794906616, -25.5878448486, -5.00805664062, -10.2591934204, -14.1155166626, -6.83504867554],
        "min": [-1138.42004395, 1.14440917969e-05, -121.74067688, -23.4920158386, -58.9459762573, -75.382019043, -38.0858383179, -71.8800048828, -60.9020004272, -47.5854110718, -44.9679145813, -45.9310569763, -38.2555809021],
        "var": [3753.45385742, 635.106689453, 1712.91870117, 581.455871582, 387.08480835, 288.310180664, 139.005615234, 254.612945557, 109.907836914, 165.898880005, 112.766296387, 90.734954834, 89.2483291626],
        "cov": [[3759.24609375, 187.53125, -2256.22827148, 678.515563965, -545.351989746, -579.249572754, 294.543243408, -265.187591553, 1.47185003757, -83.9308929443, -80.1691894531, 57.5201148987, -129.599899292], [187.53125, 636.086791992, 230.027053833, -343.685821533, 28.6182403564, -78.2357330322, -64.5815353394, 115.333053589, -55.0061416626, -24.5885486603, -12.1613101959, -40.6758041382, -15.1267032623], [-2256.22827148, 230.027053833, 1715.56213379, -497.101837158, 287.055511475, 365.4815979, -241.487243652, 176.610046387, -14.9741659164, 4.22762155533, 44.7166900635, -55.4390869141, 47.6492767334], [678.515563965, -343.685821533, -497.101837158, 582.353149414, -15.9257497787, -65.0738449097, 63.6472930908, -235.576370239, -0.721142649651, 25.9848232269, -38.3696517944, 14.6529340744, -15.5115394592], [-545.351989746, 28.6182403564, 287.055511475, -15.9257497787, 387.682159424, 149.601043701, -101.580635071, -47.0697288513, -61.4767379761, 103.009231567, 13.2141160965, -43.4841079712, 60.2643127441], [-579.249572754, -78.2357330322, 365.4815979, -65.0738449097, 149.601043701, 288.755126953, -34.1134490967, -58.0677146912, 14.9662637711, 41.7949867249, 52.5806388855, 12.2280750275, 25.9942340851], [294.543243408, -64.5815353394, -241.487243652, 63.6472930908, -101.580635071, -34.1134490967, 139.220123291, 13.2564201355, -6.32431125641, -2.15052008629, -8.75309562683, 19.4262638092, -6.10298299789], [-265.187591553, 115.333053589, 176.610046387, -235.576370239, -47.0697288513, -58.0677146912, 13.2564201355, 255.005859375, 38.6293716431, -86.2361679077, -5.38172531128, -10.8171205521, -12.4515390396], [1.47185003757, -55.0061416626, -14.9741659164, -0.721142649651, -61.4767379761, 14.9662637711, -6.32431125641, 38.6293716431, 110.077453613, -20.8268623352, -21.8385791779, 18.8174095154, -15.3765974045], [-83.9308929443, -24.5885486603, 4.22762155533, 25.9848232269, 103.009231567, 41.7949867249, -2.15052008629, -86.2361679077, -20.8268623352, 166.154907227, 44.9668579102, -34.2192840576, 38.5056304932], [-80.1691894531, -12.1613101959, 44.7166900635, -38.3696517944, 13.2141160965, 52.5806388855, -8.75309562683, -5.38172531128, -21.8385791779, 44.9668579102, 112.940322876, 20.6203174591, -3.2868309021], [57.5201148987, -40.6758041382, -55.4390869141, 14.6529340744, -43.4841079712, 12.2280750275, 19.4262638092, -10.8171205521, 18.8174095154, -34.2192840576, 20.6203174591, 90.8749771118, 17.7221508026], [-129.599899292, -15.1267032623, 47.6492767334, -15.5115394592, 60.2643127441, 25.9942340851, -6.10298299789, -12.4515390396, -15.3765974045, 38.5056304932, -3.2868309021, 17.7221508026, 89.3860549927]],
        "icov": [[0.651697695255, -0.908990621567, 0.884255945683, -0.828798532486, 0.76609390974, -0.684551775455, 0.594848871231, -0.489891588688, 0.391420423985, -0.289064288139, 0.198837667704, -0.118503816426, 0.053470954299], [-0.908990621567, 1.27116942406, -1.23403465748, 1.15950405598, -1.07083189487, 0.958960592747, -0.832400560379, 0.687570333481, -0.547946631908, 0.406315118074, -0.279178708792, 0.167216062546, -0.0744553208351], [0.884255945683, -1.23403465748, 1.20305800438, -1.12762355804, 1.04497289658, -0.938402116299, 0.818453252316, -0.675931513309, 0.541576147079, -0.40163782239, 0.27851036191, -0.166784852743, 0.0758260637522], [-0.828798532486, 1.15950405598, -1.12762355804, 1.06622755527, -0.985891163349, 0.887582719326, -0.775857448578, 0.64692991972, -0.516902089119, 0.386868804693, -0.267857193947, 0.163228228688, -0.0733804181218], [0.76609390974, -1.07083189487, 1.04497289658, -0.985891163349, 0.922154605389, -0.830781877041, 0.731022596359, -0.607966244221, 0.492077112198, -0.370367109776, 0.259855985641, -0.157607644796, 0.0715035051107], [-0.684551775455, 0.958960592747, -0.938402116299, 0.887582719326, -0.830781877041, 0.761021196842, -0.668838918209, 0.562711656094, -0.456315517426, 0.345562249422, -0.247241273522, 0.151498898864, -0.0709408670664], [0.594848871231, -0.832400560379, 0.818453252316, -0.775857448578, 0.731022596359, -0.668838918209, 0.605840027332, -0.505106091499, 0.413078308105, -0.316898733377, 0.228103235364, -0.144396975636, 0.0679052248597], [-0.489891588688, 0.687570333481, -0.675931513309, 0.64692991972, -0.607966244221, 0.562711656094, -0.505106091499, 0.436669200659, -0.353765636683, 0.276108235121, -0.199137330055, 0.128878086805, -0.0614268146455], [0.391420423985, -0.547946631908, 0.541576147079, -0.516902089119, 0.492077112198, -0.456315517426, 0.413078308105, -0.353765636683, 0.302164286375, -0.228534951806, 0.170067161322, -0.110744155943, 0.054890871048], [-0.289064288139, 0.406315118074, -0.40163782239, 0.386868804693, -0.370367109776, 0.345562249422, -0.316898733377, 0.276108235121, -0.228534951806, 0.191630765796, -0.139172524214, 0.0949120149016, -0.0488779991865], [0.198837667704, -0.279178708792, 0.27851036191, -0.267857193947, 0.259855985641, -0.247241273522, 0.228103235364, -0.199137330055, 0.170067161322, -0.139172524214, 0.11443284899, -0.0737014561892, 0.0386659018695], [-0.118503816426, 0.167216062546, -0.166784852743, 0.163228228688, -0.157607644796, 0.151498898864, -0.144396975636, 0.128878086805, -0.110744155943, 0.0949120149016, -0.0737014561892, 0.0647289529443, -0.031469732523], [0.053470954299, -0.0744553208351, 0.0758260637522, -0.0733804181218, 0.0715035051107, -0.0709408670664, 0.0679052248597, -0.0614268146455, 0.054890871048, -0.0488779991865, 0.0386659018695, -0.031469732523, 0.029620828107]]
    }
}

}