{
"metadata": {
    "version": {
        "essentia": "2.0.1",
        "extractor": "archive-music 1.0 mod ismir14"
    },
    "audio_properties": {
        "analysis_sample_rate": 44100,
        "bitrate": 160,
        "channels": 2,
        "equal_loudness": 0,
        "length": 30.0669155121,
        "replay_gain": -14.3330078125,
        "downmix": "mix"
    },
    "tags": {
        "track": 0,
        "year": 0,
        "album": "",
        "artist": "",
        "comment": "",
        "genre": "",
        "title": ""
    }
},
"rhythm": {
    "bpm": 109.27457428,
    "bpm_histogram_first_peak": 110,
    "bpm_histogram_first_peak_spread": 0.490566015244,
    "bpm_histogram_first_peak_weight": 0.509433984756,
    "bpm_histogram_second_peak": 0,
    "bpm_histogram_second_peak_spread": 0,
    "bpm_histogram_second_peak_weight": 0
},
"tonal": {
    "tuning_frequency": {
        "dmean": 0.0884050875902,
        "dmean2": 0.154166921973,
        "dvar": 0.521582126617,
        "dvar2": 1.06616449356,
        "max": 450.024475098,
        "mean": 441.876525879,
        "median": 441.527557373,
        "min": 435.197479248,
        "var": 1.07242405415
    },
    "hpcp": {
        "dmean": [0.13492526114, 0.0777634233236, 0.0690616965294, 0.130261287093, 0.0727805495262, 0.110505849123, 0.0556395500898, 0.0829659923911, 0.110549867153, 0.0500274039805, 0.119682192802, 0.0783871635795],
        "dmean2": [0.240388020873, 0.142674833536, 0.122902266681, 0.221261799335, 0.135242268443, 0.194228246808, 0.105261966586, 0.143522322178, 0.183638632298, 0.091162070632, 0.203479394317, 0.145477160811],
        "dvar": [0.0706817507744, 0.0431063659489, 0.0320362374187, 0.056947119534, 0.0372280217707, 0.046189557761, 0.0262165218592, 0.0312664359808, 0.0449972748756, 0.0234518311918, 0.0516137592494, 0.0405503064394],
        "dvar2": [0.18531653285, 0.108162760735, 0.0858406946063, 0.122075855732, 0.0986499637365, 0.119988210499, 0.0752095580101, 0.0781556069851, 0.111739218235, 0.0634244382381, 0.131589710712, 0.11007694155],
        "max": [1, 1, 1, 1, 1, 1, 1, 1, 1, 1, 1, 1],
        "mean": [0.170808181167, 0.21126063168, 0.050027590245, 0.414009302855, 0.0518143847585, 0.217729091644, 0.0338851287961, 0.101633936167, 0.205776378512, 0.0341068543494, 0.218334764242, 0.051550373435],
        "median": [0.022910926491, 0.0047230925411, 0.00357737787999, 0.164202511311, 0.00267366459593, 0.0371228158474, 0.00246586999856, 0.0106912562624, 0.0588605739176, 0.00233800569549, 0.0530313551426, 0.00240857712924],
        "min": [1.06008474177e-06, 1.08757194539e-05, 3.84539816878e-06, 0, 3.38545783052e-06, 9.51100901148e-07, 8.78715013641e-07, 2.83352746919e-05, 0, 2.1981595637e-06, 5.19075456396e-06, 1.79201924766e-06],
        "var": [0.0965916737914, 0.146229073405, 0.0234081391245, 0.189604669809, 0.0285091307014, 0.119144365191, 0.0152871552855, 0.0501754172146, 0.100242860615, 0.0152098229155, 0.107705280185, 0.0271774865687]
    }
},
"lowlevel": {
    "melbands": {
        "dmean": [0.000509254459757, 0.000872065429576, 0.000631249218713, 0.000399554759497, 0.000165305056726, 0.000152577034896, 8.79143190105e-05, 0.000122447003378, 0.000169629260199, 0.000113833339128, 2.74871727015e-05, 3.30666771333e-05, 1.998175685e-05, 2.21441350732e-05, 2.16859116335e-05, 2.09400786844e-05, 1.95704742509e-05, 1.6850852262e-05, 9.53119342739e-06, 1.5355353753e-05, 7.03658815837e-06, 4.95361018693e-06, 5.11277085025e-06, 3.3673031794e-06, 1.98194038603e-06, 1.39257804221e-06, 8.58403893744e-07, 6.09507367244e-07, 6.56589691062e-07, 4.86628948693e-07, 4.08820426401e-07, 4.03583982234e-07, 3.69620437368e-07, 2.60070180502e-07, 2.08209925745e-07, 1.5141665699e-07, 8.55490327467e-08, 2.78670331255e-08, 6.81442990924e-09, 6.25592799786e-10],
        "dmean2": [0.00087468221318, 0.00142130407039, 0.000963396858424, 0.000658269040287, 0.000266629678663, 0.000229790253798, 0.000140535586979, 0.000186740740901, 0.000262343179202, 0.000181398543646, 4.16137918364e-05, 5.54105790798e-05, 3.03261258523e-05, 3.53637879016e-05, 3.45161352016e-05, 3.32878589688e-05, 3.23221356666e-05, 2.64353748207e-05, 1.48361268657e-05, 2.31327885558e-05, 1.11124691102e-05, 7.77167224442e-06, 8.12945836515e-06, 5.3399112403e-06, 3.17849639941e-06, 2.23092456508e-06, 1.33516118694e-06, 9.13591179597e-07, 9.82428332463e-07, 7.33713989121e-07, 6.16687657384e-07, 5.80198445732e-07, 5.4019773188e-07, 3.71903666974e-07, 2.84158517161e-07, 2.07568874089e-07, 1.20659635172e-07, 3.95329031733e-08, 9.78118119832e-09, 9.57087187281e-10],
        "dvar": [1.86382669654e-06, 1.50375058183e-06, 5.69061114675e-07, 5.40133157756e-07, 4.63365843473e-08, 7.30939433424e-08, 2.19051301542e-08, 6.29890877235e-08, 1.00185445717e-07, 7.76633797273e-08, 4.49788917223e-09, 1.01966142196e-08, 2.8833315735e-09, 3.14312309513e-09, 3.89695742342e-09, 2.45775444441e-09, 1.6487415877e-09, 1.74641090478e-09, 4.449571267e-10, 2.3535637883e-09, 2.04264632986e-10, 7.64818694488e-11, 1.25714424981e-10, 4.25279429728e-11, 1.14330090534e-11, 8.60491886079e-12, 2.51033547248e-12, 1.28860041127e-12, 1.39901371737e-12, 8.92044142546e-13, 7.10556017237e-13, 6.91377619218e-13, 6.1787228979e-13, 4.03832701871e-13, 3.68394496766e-13, 3.29173103705e-13, 1.66800370716e-13, 1.22041997818e-14, 6.41527825295e-16, 1.18271235241e-17],
        "dvar2": [5.04998888573e-06, 3.78944605472e-06, 1.43334011682e-06, 1.52590655489e-06, 1.26170405679e-07, 1.54581002221e-07, 5.18996081667e-08, 1.36044477017e-07, 2.13271817984e-07, 1.80255867122e-07, 7.7872739368e-09, 2.40717685784e-08, 6.51131237817e-09, 7.70860175692e-09, 9.12551190169e-09, 5.65668578645e-09, 4.13305256686e-09, 3.54642426537e-09, 9.60041823816e-10, 5.58941914974e-09, 5.02895503018e-10, 2.08821224201e-10, 2.99138547266e-10, 1.04240185927e-10, 2.67091071482e-11, 2.23213808548e-11, 6.09797065274e-12, 2.9824749441e-12, 3.05367536813e-12, 2.03261127547e-12, 1.59352836916e-12, 1.41089830791e-12, 1.18498646225e-12, 7.58927859792e-13, 6.25311705627e-13, 5.85649747014e-13, 3.34508679437e-13, 2.00929784557e-14, 1.21724076707e-15, 2.94044542876e-17],
        "max": [0.00984797812998, 0.00929221138358, 0.00858385208994, 0.00584729248658, 0.00170512974728, 0.00248283031397, 0.00146118935663, 0.00262184534222, 0.00370929273777, 0.00421799253672, 0.00120425678324, 0.00155235768761, 0.000876999925822, 0.000515181920491, 0.000653734605294, 0.000506938085891, 0.000392211746657, 0.000622329942416, 0.000225568335736, 0.00114437041339, 0.000257844832959, 9.85830265563e-05, 0.000174697110197, 9.02727260836e-05, 3.2967000152e-05, 3.86479187e-05, 1.87623845704e-05, 1.00864217529e-05, 1.06486995719e-05, 8.85252666194e-06, 8.2869983089e-06, 7.6481146607e-06, 1.05085555333e-05, 9.45916144701e-06, 1.37694942168e-05, 1.38550476549e-05, 9.63823458733e-06, 2.54761130236e-06, 5.64126878544e-07, 7.31360572104e-08],
        "mean": [0.000649634515867, 0.00266679935157, 0.00193207652774, 0.000728547922336, 0.000304717046674, 0.000267495575827, 0.000142465112731, 0.000175680368557, 0.000240742199821, 0.000179097740329, 3.79733792215e-05, 3.92049187212e-05, 2.64793889073e-05, 2.62513840426e-05, 2.55816721619e-05, 2.77414510492e-05, 2.4873563234e-05, 2.38113661908e-05, 1.31666465677e-05, 2.72868073807e-05, 1.15004440886e-05, 7.89610112406e-06, 1.05927001641e-05, 6.31169132248e-06, 3.07221785079e-06, 1.94512244889e-06, 1.08423080292e-06, 7.38889980312e-07, 8.22669505851e-07, 5.7748115978e-07, 4.78049798858e-07, 4.73689993896e-07, 4.34801535221e-07, 3.18578571523e-07, 2.47109710472e-07, 1.67249112337e-07, 9.10877773208e-08, 3.06534104766e-08, 7.14306080951e-09, 5.62573820861e-10],
        "median": [0.000358047429472, 0.00239602522925, 0.00180376030039, 0.00051178591093, 0.000215268446482, 9.59182871156e-05, 6.57261261949e-05, 5.89598384977e-05, 6.2513150624e-05, 3.80530764232e-05, 1.11568933789e-05, 1.06558181869e-05, 7.27476299289e-06, 5.82815710004e-06, 6.22689958618e-06, 5.76527463636e-06, 4.97784139952e-06, 5.46785577171e-06, 3.64746620107e-06, 3.20157641909e-06, 3.39454641107e-06, 3.20342974192e-06, 2.39170367422e-06, 1.52063842052e-06, 1.04840398762e-06, 7.42995325709e-07, 3.93864468151e-07, 2.51093098314e-07, 2.51934466178e-07, 1.25975333276e-07, 1.02915649336e-07, 9.90726789496e-08, 9.48030418613e-08, 7.24560820231e-08, 5.09996702647e-08, 3.61363277079e-08, 1.97268015256e-08, 6.3498029057e-09, 1.46644085763e-09, 9.83737674654e-11],
        "min": [1.86065857166e-10, 5.1042805399e-11, 2.97986045561e-11, 2.53532500549e-10, 1.69088881785e-10, 3.85418863491e-10, 2.5805593773e-10, 1.93515620195e-10, 2.10959819058e-10, 1.55403870328e-10, 8.53171144843e-11, 2.42615150192e-10, 4.72986094735e-10, 3.14151649139e-10, 1.19116994046e-10, 2.73650296867e-10, 2.03023986511e-10, 7.37445035592e-11, 9.4328676814e-11, 6.51972364984e-11, 4.01222596813e-11, 2.81007838526e-11, 1.92568738733e-11, 2.24821238015e-11, 1.21760596397e-11, 1.22504237657e-11, 1.95572499168e-11, 2.29050407113e-11, 2.02542479316e-11, 1.84174619999e-11, 1.52285128951e-11, 1.01504820174e-11, 6.69499091582e-12, 7.63489878958e-12, 6.00708415302e-12, 4.74607679546e-12, 3.13137146421e-12, 1.35712860221e-12, 2.45434098392e-13, 3.39916964476e-14],
        "var": [1.40610404742e-06, 3.70171187569e-06, 1.54082977133e-06, 5.40224050383e-07, 8.50718180345e-08, 1.69575088194e-07, 4.02174862302e-08, 1.13948836145e-07, 2.06501894695e-07, 1.9989911948e-07, 8.82401085534e-09, 1.18038316899e-08, 5.00605290554e-09, 3.7248464313e-09, 4.56924853509e-09, 4.07276390391e-09, 2.95656277238e-09, 3.36784666821e-09, 7.345031805e-10, 1.04186970162e-08, 5.35476774033e-10, 1.37761330121e-10, 5.68171620863e-10, 1.74238012907e-10, 2.27828086258e-11, 1.04339314966e-11, 2.9973571368e-12, 1.61535259995e-12, 2.06347937869e-12, 1.20554141756e-12, 8.86383523004e-13, 9.50324996647e-13, 8.99214025723e-13, 5.9972632329e-13, 5.59756884941e-13, 4.47641625373e-13, 1.91346192905e-13, 1.79024631626e-14, 8.13176828594e-16, 9.92511683126e-18]
    },
    "mfcc": {
        "dmean": [30.9188270569, 14.9528427124, 11.6426610947, 9.49319267273, 9.39635753632, 7.98499202728, 7.16308069229, 6.40801620483, 6.06660890579, 6.41908788681, 5.73419046402, 5.47868967056, 5.23322200775],
        "dmean2": [39.7133674622, 19.2318553925, 15.6290826797, 13.8865394592, 13.093082428, 11.7991065979, 10.6356935501, 9.86858177185, 9.44842243195, 9.64923286438, 8.9772605896, 8.63619041443, 8.0658531189],
        "dvar": [1527.59448242, 275.239624023, 148.71572876, 78.0737457275, 78.7074203491, 52.4233818054, 36.6212463379, 29.7045326233, 28.2253780365, 31.942155838, 25.2532730103, 22.6871643066, 18.472694397],
        "dvar2": [2473.01147461, 428.773803711, 250.303665161, 159.019699097, 144.151184082, 105.290931702, 79.5902023315, 62.34400177, 66.4490966797, 69.1616439819, 57.0412101746, 49.8376235962, 43.1712417603],
        "max": [-589.979309082, 247.926757812, 110.952285767, 96.0357818604, 57.0075263977, 55.6074371338, 23.45129776, 53.7870101929, 22.0960044861, 45.0532264709, 29.1716041565, 28.2065448761, 18.5573272705],
        "mean": [-723.259765625, 182.775497437, -5.11080884933, 43.7083206177, 7.40271091461, 15.8619031906, -12.4828701019, 11.9871931076, -6.37825489044, 7.09649753571, -2.13857221603, 2.0376958847, -8.03036785126],
        "median": [-711.720581055, 185.489440918, -7.08994293213, 42.6646080017, 7.12788391113, 16.8675289154, -12.3699817657, 12.5079593658, -6.20679092407, 6.21774864197, -3.49333572388, 1.72382354736, -7.6616973877],
        "min": [-1138.42004395, 1.14440917969e-05, -100.261489868, -40.5488891602, -37.6934967041, -31.4334526062, -57.9208374023, -27.817527771, -40.8264884949, -28.2563858032, -26.3535633087, -23.5793304443, -29.2276077271],
        "var": [5082.52539062, 996.476806641, 1042.26586914, 488.931182861, 307.934997559, 214.193511963, 204.607009888, 127.810668945, 84.1348876953, 138.718200684, 93.3481140137, 68.0519561768, 62.8200531006],
        "cov": [[5090.36865234, -766.754699707, -1090.88562012, 231.133071899, -578.926757812, 189.794372559, -457.828369141, 228.655670166, -213.553573608, 206.194610596, -129.506866455, 115.310272217, -152.240203857], [-766.754699707, 998.014587402, -191.805099487, -341.989501953, 139.869949341, -195.983078003, 167.926620483, -120.937294006, 36.2766647339, -42.1485862732, 110.758476257, -54.5622634888, 41.4429931641], [-1090.88562012, -191.805099487, 1043.87426758, 226.463272095, -23.0772323608, 203.814407349, 116.259162903, 41.4500617981, 9.04009628296, -68.7694320679, -51.4967384338, 1.04307925701, 12.2844161987], [231.133071899, -341.989501953, 226.463272095, 489.68572998, 58.6016998291, 58.5076446533, -135.678253174, 60.6360015869, 20.1488494873, -45.961101532, -78.7038955688, 16.1219177246, 1.41941726208], [-578.926757812, 139.869949341, -23.0772323608, 58.6016998291, 308.410217285, -76.9800643921, -6.58167028427, -20.8496799469, 37.2427520752, -8.41338634491, 19.6470775604, -2.61002850533, 14.6300125122], [189.794372559, -195.983078003, 203.814407349, 58.5076446533, -76.9800643921, 214.52406311, 34.9584922791, 32.2688484192, -16.8926773071, 20.5547561646, -12.3449363708, 12.3028507233, -17.7301464081], [-457.828369141, 167.926620483, 116.259162903, -135.678253174, -6.58167028427, 34.9584922791, 204.92276001, -4.6505947113, -12.9868812561, 10.1492300034, 43.2043190002, -4.78756523132, 5.78357172012], [228.655670166, -120.937294006, 41.4500617981, 60.6360015869, -20.8496799469, 32.2688484192, -4.6505947113, 128.007904053, -15.1889410019, 12.1263694763, -2.89263629913, 29.7316226959, -12.4630279541], [-213.553573608, 36.2766647339, 9.04009628296, 20.1488494873, 37.2427520752, -16.8926773071, -12.9868812561, -15.1889410019, 84.2647247314, 2.12664794922, -4.09944677353, -11.2348947525, 5.92226171494], [206.194610596, -42.1485862732, -68.7694320679, -45.961101532, -8.41338634491, 20.5547561646, 10.1492300034, 12.1263694763, 2.12664794922, 138.932266235, 44.1124382019, -1.53846406937, -30.807258606], [-129.506866455, 110.758476257, -51.4967384338, -78.7038955688, 19.6470775604, -12.3449363708, 43.2043190002, -2.89263629913, -4.09944677353, 44.1124382019, 93.4921722412, 8.57077026367, -6.78750944138], [115.310272217, -54.5622634888, 1.04307925701, 16.1219177246, -2.61002850533, 12.3028507233, -4.78756523132, 29.7316226959, -11.2348947525, -1.53846406937, 8.57077026367, 68.1569747925, 15.179901123], [-152.240203857, 41.4429931641, 12.2844161987, 1.41941726208, 14.6300125122, -17.7301464081, 5.78357172012, -12.4630279541, 5.92226171494, -30.807258606, -6.78750944138, 15.179901123, 62.9169998169]],
        "icov": [[0.0014727282105, -0.000811971782241, 0.00187590776477, -0.00126703735441, 0.00234081200324, -0.00197190907784, 0.0020513148047, -0.00123307202011, 0.00262500345707, -0.00203582062386, 0.00262506096624, -0.00208042934537, 0.00176911253948], [-0.000811971782241, 0.00279890769161, -0.000934290874284, 0.00158128805924, -0.00189562898595, 0.00236506108195, -0.00240957317874, 0.00135876960121, -0.00213787867688, 0.00247945263982, -0.00336549710482, 0.0024783492554, -0.00160940759815], [0.00187590776477, -0.000934290874284, 0.00397885637358, -0.00244221463799, 0.00298045109957, -0.00359530118294, 0.00117979291826, -0.00158512662165, 0.00293607939966, -0.00187557772733, 0.00352146779187, -0.00232523749582, 0.00205028965138], [-0.00126703735441, 0.00158128805924, -0.00244221463799, 0.00534267956391, -0.00334296468645, 0.00131591642275, 0.000581645930652, -0.000124166268506, -0.0028366339393, 0.00265997997485, -0.00157432747073, 0.00210131844506, -0.00178838323336], [0.00234081200324, -0.00189562898595, 0.00298045109957, -0.00334296468645, 0.00800618436188, -0.00188049278222, 0.00292121805251, -0.00155210308731, 0.00303839356638, -0.0035455354955, 0.00333736580797, -0.00380327180028, 0.00269419280812], [-0.00197190907784, 0.00236506108195, -0.00359530118294, 0.00131591642275, -0.00188049278222, 0.0105809988454, -0.00470342161134, 0.00193802034482, -0.00323850684799, 0.00176643626764, -0.00362385087647, 0.00202944432385, -0.00113253307063], [0.0020513148047, -0.00240957317874, 0.00117979291826, 0.000581645930652, 0.00292121805251, -0.00470342161134, 0.0119249550626, -0.00290652806871, 0.00481924880296, -0.00317508890294, 0.00202521984465, -0.00233325199224, 0.00140374072362], [-0.00123307202011, 0.00135876960121, -0.00158512662165, -0.000124166268506, -0.00155210308731, 0.00193802034482, -0.00290652806871, 0.0113491751254, -0.00137225771323, 0.00120103778318, -0.00235612899996, -0.0024417382665, 0.00090815697331], [0.00262500345707, -0.00213787867688, 0.00293607939966, -0.0028366339393, 0.00303839356638, -0.00323850684799, 0.00481924880296, -0.00137225771323, 0.0183216780424, -0.00533480290323, 0.00569721823558, -0.0020831336733, 0.0016971383011], [-0.00203582062386, 0.00247945263982, -0.00187557772733, 0.00265997997485, -0.0035455354955, 0.00176643626764, -0.00317508890294, 0.00120103778318, -0.00533480290323, 0.0137942647561, -0.00911214947701, 0.00400302559137, 0.000906601781026], [0.00262506096624, -0.00336549710482, 0.00352146779187, -0.00157432747073, 0.00333736580797, -0.00362385087647, 0.00202521984465, -0.00235612899996, 0.00569721823558, -0.00911214947701, 0.0223791766912, -0.00801856815815, 0.0048173959367], [-0.00208042934537, 0.0024783492554, -0.00232523749582, 0.00210131844506, -0.00380327180028, 0.00202944432385, -0.00233325199224, -0.0024417382665, -0.0020831336733, 0.00400302559137, -0.00801856815815, 0.0229334905744, -0.00931483414024], [0.00176911253948, -0.00160940759815, 0.00205028965138, -0.00178838323336, 0.00269419280812, -0.00113253307063, 0.00140374072362, 0.00090815697331, 0.0016971383011, 0.000906601781026, 0.0048173959367, -0.00931483414024, 0.0230312906206]]
    }
}

}