{
"metadata": {
    "version": {
        "essentia": "2.0.1",
        "extractor": "archive-music 1.0 mod ismir14"
    },
    "audio_properties": {
        "analysis_sample_rate": 44100,
        "bitrate": 32,
        "channels": 2,
        "equal_loudness": 0,
        "length": 30.0408172607,
        "replay_gain": -9.58625411987,
        "downmix": "mix"
    },
    "tags": {
        "track": 0,
        "year": 0,
        "album": "",
        "artist": "",
        "comment": "",
        "genre": "",
        "title": ""
    }
},
"rhythm": {
    "bpm": 172.265594482,
    "bpm_histogram_first_peak": 172,
    "bpm_histogram_first_peak_spread": 0,
    "bpm_histogram_first_peak_weight": 0.529411792755,
    "bpm_histogram_second_peak": 178,
    "bpm_histogram_second_peak_spread": 0,
    "bpm_histogram_second_peak_weight": 0.258823543787
},
"tonal": {
    "tuning_frequency": {
        "dmean": 0.0210095830262,
        "dmean2": 0.0362349003553,
        "dvar": 0.0561955310404,
        "dvar2": 0.129212141037,
        "max": 437.971466064,
        "mean": 435.356719971,
        "median": 435.448913574,
        "min": 432.940917969,
        "var": 0.148735463619
    },
    "hpcp": {
        "dmean": [0.0834204182029, 0.152006357908, 0.152356013656, 0.152797669172, 0.0385095179081, 0.0798096582294, 0.103040806949, 0.120361730456, 0.0504718832672, 0.0602194555104, 0.135566055775, 0.064940482378],
        "dmean2": [0.149930387735, 0.277013838291, 0.281816482544, 0.278311908245, 0.0724769458175, 0.139127269387, 0.19154548645, 0.204904302955, 0.0889385268092, 0.107740595937, 0.228279829025, 0.115920998156],
        "dvar": [0.0427437499166, 0.0730513259768, 0.0783909037709, 0.0832425951958, 0.0220874045044, 0.0430462323129, 0.0623322054744, 0.063722640276, 0.0240515451878, 0.0253646504134, 0.0555966049433, 0.0328326784074],
        "dvar2": [0.101320192218, 0.184043884277, 0.20790950954, 0.165778085589, 0.0602399557829, 0.10121845454, 0.154993206263, 0.133405447006, 0.0556982047856, 0.0590476207435, 0.107814542949, 0.0851203352213],
        "max": [1, 1, 1, 1, 1, 1, 1, 1, 1, 1, 1, 1],
        "mean": [0.0822161063552, 0.188925817609, 0.136468634009, 0.303373068571, 0.0274662300944, 0.110989265144, 0.128774911165, 0.188207834959, 0.0492752492428, 0.0626773908734, 0.330702662468, 0.0529231242836],
        "median": [0.00959643814713, 0.03452219069, 0.027301017195, 0.04766163975, 0.00110974465497, 0.0108075682074, 0.00127992569469, 0.00982859730721, 0.00227067107335, 0.00391316227615, 0.106202080846, 0.00331480614841],
        "min": [2.08712281164e-05, 2.1299420041e-05, 7.52587629904e-06, 2.63225160779e-06, 3.20013327837e-07, 3.89292608816e-06, 3.56479540642e-06, 3.59644809578e-06, 3.92036326957e-06, 2.55153850048e-06, 4.95038079862e-07, 1.40352067319e-05],
        "var": [0.045088019222, 0.104327216744, 0.0660275742412, 0.16741463542, 0.0160243548453, 0.0715059414506, 0.09191968292, 0.116344384849, 0.0308358985931, 0.0334956347942, 0.159005776048, 0.0271389484406]
    }
},
"lowlevel": {
    "melbands": {
        "dmean": [2.14201145354e-06, 4.4581531256e-05, 5.8984667703e-05, 0.000487076293211, 0.000510438287165, 0.000277070823358, 0.000112014378828, 9.44705461734e-05, 5.51544653717e-05, 3.94467460865e-05, 3.43674910255e-05, 1.84475557035e-05, 3.25219625665e-05, 1.25316091726e-05, 1.37975684993e-05, 8.7871312644e-06, 1.79597227543e-05, 8.63137211127e-06, 1.03572110675e-05, 2.90964840133e-06, 4.08605774282e-06, 3.78755476049e-06, 2.82151495412e-06, 3.16283399115e-06, 6.9010061452e-06, 7.02127954355e-06, 2.27628038374e-06, 1.18945297345e-06, 3.8605685404e-07, 2.42645086246e-07, 1.08963348566e-07, 1.82671975324e-08, 2.86594969978e-09, 7.27884530427e-10, 2.5201196685e-10, 1.09015060867e-10, 5.28144611378e-11, 2.05090840144e-11, 1.01670867905e-11, 6.51612661398e-12],
        "dmean2": [3.73043963009e-06, 6.83735634084e-05, 8.63628883963e-05, 0.000743974291254, 0.000765396922361, 0.000421140895924, 0.000172359519638, 0.000143480778206, 8.48265117384e-05, 6.34803363937e-05, 4.80669004901e-05, 2.74149679171e-05, 4.89530757477e-05, 1.80120659934e-05, 2.35648567468e-05, 1.31749720822e-05, 2.57232932199e-05, 1.36448788908e-05, 1.55490743055e-05, 4.41400788986e-06, 6.54797349853e-06, 6.23779442321e-06, 4.77255116493e-06, 5.02491229781e-06, 1.09834882096e-05, 1.05716890175e-05, 3.74050364371e-06, 1.91769822777e-06, 6.26127985015e-07, 4.09966332882e-07, 1.7604635616e-07, 2.91066459823e-08, 4.47616921306e-09, 1.11813502901e-09, 4.01603778011e-10, 1.66044830663e-10, 8.20093160048e-11, 2.97134990224e-11, 1.45232020854e-11, 9.18633398517e-12],
        "dvar": [1.14451972205e-11, 9.45095735005e-09, 1.33340964936e-08, 1.48592368987e-06, 7.70756969359e-07, 1.49305378727e-07, 3.71484283335e-08, 4.6204142734e-08, 3.23341460273e-08, 1.43326088775e-08, 1.26571393366e-08, 4.44887104933e-09, 1.31601591846e-08, 1.75397407709e-09, 4.11276923629e-09, 4.07731681751e-10, 2.80535483732e-09, 2.51961146391e-10, 4.95018859237e-10, 2.87729059328e-11, 6.18423923182e-11, 6.24663168414e-11, 6.07738720459e-11, 5.41866204684e-11, 3.45048406514e-10, 3.02510405614e-10, 2.73624924801e-11, 9.66450097034e-12, 1.52781563442e-12, 1.32106174958e-12, 4.0156414435e-13, 5.95893649976e-15, 4.26774850557e-16, 1.20442584348e-17, 7.38973329054e-19, 1.15998781397e-19, 2.75167156074e-20, 2.80590629576e-21, 1.38626918149e-21, 1.13469924263e-21],
        "dvar2": [3.09471094584e-11, 1.49526009352e-08, 2.60550603315e-08, 2.47599814429e-06, 1.5784335119e-06, 3.38667547339e-07, 8.43061442879e-08, 1.01543768949e-07, 6.45254658593e-08, 3.47249269339e-08, 2.72348774644e-08, 7.96432431116e-09, 2.71215903069e-08, 3.30428995277e-09, 1.13069340557e-08, 8.71519079126e-10, 4.07629396904e-09, 5.58051660438e-10, 9.66443258754e-10, 6.78004874466e-11, 1.51205020726e-10, 1.44817019487e-10, 1.68357786046e-10, 1.23604765312e-10, 6.93397173013e-10, 5.23137921871e-10, 7.04915292804e-11, 2.28466412455e-11, 3.08932176715e-12, 2.6678167054e-12, 8.42593898299e-13, 1.38393943454e-14, 1.00019217423e-15, 2.86067279223e-17, 1.75224295456e-18, 2.64439663967e-19, 5.60930625041e-20, 4.42492069581e-21, 1.64612718333e-21, 1.30482188049e-21],
        "max": [3.64823827113e-05, 0.00256857462227, 0.00148779340088, 0.0296941827983, 0.0096671404317, 0.00316089461558, 0.00188961729873, 0.00257675629109, 0.00255689187907, 0.00124121410772, 0.0014642260503, 0.000805496354587, 0.001696973457, 0.000608531350736, 0.000821161840577, 0.000368034350686, 0.00137487810571, 0.00018762362015, 0.000402090459829, 8.50717624417e-05, 7.24987694412e-05, 8.11291974969e-05, 8.62402666826e-05, 0.000108863430796, 0.000250652636169, 0.000321978528518, 5.06890137331e-05, 3.38634381478e-05, 1.87002788152e-05, 1.86536617548e-05, 1.27150997287e-05, 1.4330811382e-06, 4.4155484602e-07, 5.22591570018e-08, 1.34018378617e-08, 5.2172635101e-09, 2.71352607051e-09, 1.36746070023e-09, 1.13506515298e-09, 1.05189601474e-09],
        "mean": [2.44899388235e-06, 7.5627809565e-05, 0.00011135054956, 0.000910342088901, 0.000876894686371, 0.000407019892009, 0.000155265996, 0.000152488806634, 6.86225102982e-05, 4.20665091951e-05, 4.18883137172e-05, 2.22871749429e-05, 3.81692661904e-05, 1.43835368362e-05, 1.29811278384e-05, 9.78007756203e-06, 2.10927755688e-05, 1.00462148112e-05, 1.35378504638e-05, 3.88140142604e-06, 4.62038815385e-06, 4.05628043154e-06, 2.66442975771e-06, 3.61840625374e-06, 7.64800915931e-06, 8.18268381408e-06, 2.25818484978e-06, 1.11440419914e-06, 3.90958092567e-07, 2.31066920264e-07, 9.76518279572e-08, 1.61965019174e-08, 2.55734322607e-09, 7.35077221314e-10, 3.09952119526e-10, 1.49700488117e-10, 7.8247380797e-11, 3.73308571555e-11, 2.11025624058e-11, 1.35163798556e-11],
        "median": [1.43065562952e-06, 4.01370889449e-05, 5.24125571246e-05, 0.000294732337352, 0.000399997166824, 0.000197677611141, 6.04542365181e-05, 4.0726041334e-05, 1.10820110422e-05, 3.83788892577e-06, 3.11607732328e-06, 1.64043490258e-06, 2.58382374341e-06, 2.38527900365e-06, 1.85876490377e-06, 1.96094833882e-06, 4.67423251393e-06, 3.1428960483e-06, 4.51175128546e-06, 1.2422110558e-06, 1.47625610225e-06, 1.22049323181e-06, 4.91650439471e-07, 7.57820259878e-07, 1.39361713991e-06, 1.22974813621e-06, 4.46961053058e-07, 1.45741751112e-07, 4.44253522858e-08, 1.48642804731e-08, 4.65586458276e-09, 1.08331610349e-09, 4.01529309801e-10, 2.25528568043e-10, 1.35421632241e-10, 6.83064438345e-11, 4.02230054819e-11, 2.3421230233e-11, 1.4104959388e-11, 8.53002737888e-12],
        "min": [6.2284783553e-08, 7.95037522039e-07, 8.89880880095e-07, 5.40020266726e-07, 5.72165163248e-07, 1.44858987028e-07, 1.61221109352e-07, 6.04483147981e-08, 1.2045475728e-08, 4.49876047526e-09, 4.25363744228e-09, 6.93586121869e-09, 5.83535575416e-09, 5.30471444549e-09, 2.08352401998e-09, 1.72067515791e-09, 4.78017625483e-09, 3.36964345315e-09, 8.04169397739e-10, 1.22558907467e-10, 6.47933998121e-11, 5.71552527528e-11, 7.03302902028e-11, 6.03568861557e-11, 8.98911223235e-11, 6.53780779514e-11, 4.07413304482e-11, 2.90707631578e-11, 3.11721724822e-11, 1.7575262426e-11, 1.33694036744e-11, 1.26059787608e-11, 7.48870236655e-12, 5.35375997007e-12, 5.58051478292e-12, 4.67313731115e-12, 5.9585253398e-12, 6.27448180218e-12, 5.33058883492e-12, 3.16723231843e-12],
        "var": [1.13750476052e-11, 3.6238173351e-08, 2.71463598267e-08, 4.35895344708e-06, 1.51768119849e-06, 2.6027581157e-07, 5.70993563542e-08, 9.08385899834e-08, 5.50150858203e-08, 1.60681334904e-08, 1.97419005588e-08, 8.06061617453e-09, 2.16994440194e-08, 2.47229436923e-09, 3.29562710455e-09, 6.51159626219e-10, 6.27490059912e-09, 3.67855690353e-10, 7.90898735392e-10, 4.44418772616e-11, 7.43808278858e-11, 6.92961452109e-11, 5.16514400695e-11, 7.56258458634e-11, 4.49462356222e-10, 5.57371038212e-10, 2.83593756117e-11, 9.97007077591e-12, 1.86763712134e-12, 1.43043844998e-12, 4.22753195298e-13, 6.44016556325e-15, 3.73274237905e-16, 1.11871893052e-17, 7.29811424891e-19, 1.34119827076e-19, 3.45787862429e-20, 5.66545331553e-21, 3.13070857797e-21, 2.52587314472e-21]
    },
    "mfcc": {
        "dmean": [36.3742408752, 11.8809289932, 22.0544509888, 13.6997089386, 10.3841972351, 9.49766540527, 7.6587638855, 9.40924358368, 7.20788097382, 7.08393144608, 7.00985765457, 6.80723142624, 6.4350194931],
        "dmean2": [52.0026321411, 16.8895568848, 32.1410255432, 19.3609962463, 14.8302536011, 14.1935071945, 11.2656373978, 14.2132139206, 11.3347635269, 11.0248231888, 11.0010728836, 10.3902645111, 10.13722229],
        "dvar": [1392.89025879, 151.159164429, 595.513793945, 126.505195618, 73.9292297363, 76.9233551025, 41.4233589172, 63.2328720093, 35.4782562256, 33.9043197632, 34.9134788513, 34.2492599487, 26.5607795715],
        "dvar2": [2707.38574219, 304.214599609, 1109.4609375, 266.463134766, 132.206222534, 157.652999878, 92.1779556274, 141.874786377, 76.9849472046, 75.9959945679, 76.6125946045, 77.1689758301, 58.1485595703],
        "max": [-683.869506836, 247.226837158, 101.924621582, 131.686645508, 60.0880317688, 30.9600982666, 34.677192688, 26.526391983, 1.51417541504, 32.2378387451, 13.5688819885, 20.5594882965, 24.1854934692],
        "mean": [-806.02532959, 198.434432983, -40.6424560547, 34.6583976746, 11.4552412033, -25.8157939911, -4.78428697586, -30.163860321, -25.4284210205, -5.03598451614, -11.3879337311, -14.2885303497, -7.18545866013],
        "median": [-798.189697266, 200.414581299, -48.7417564392, 33.7146873474, 14.1641616821, -26.3411369324, -4.32929611206, -31.2644462585, -25.599407196, -4.6510848999, -10.3798332214, -13.7069091797, -7.07848739624],
        "min": [-1028.65002441, 86.4829483032, -127.427993774, -28.9785842896, -63.1959838867, -76.6705627441, -40.0033798218, -74.2868041992, -57.8020706177, -47.2767944336, -50.4146003723, -50.5807609558, -41.3085899353],
        "var": [3502.25, 535.408447266, 1748.47729492, 573.614624023, 377.545684814, 276.42565918, 140.816482544, 252.440078735, 110.146148682, 166.666809082, 112.212348938, 95.9496459961, 90.9012374878],
        "cov": [[3507.66308594, 10.0575990677, -2264.61376953, 642.116882324, -526.841003418, -535.398376465, 299.153167725, -224.249053955, 23.7525863647, -96.6539764404, -65.3826828003, 80.2142944336, -124.222267151], [10.0575990677, 536.235961914, 250.355361938, -361.73348999, 32.317111969, -64.6608734131, -61.719455719, 133.60975647, -40.9332351685, -22.6784687042, -8.4309835434, -34.0721435547, -10.5570068359], [-2264.61376953, 250.355361938, 1751.1796875, -489.12991333, 273.230743408, 354.243164062, -242.827346802, 166.892440796, -16.9438858032, 12.3095417023, 41.6909255981, -63.1829528809, 45.7239494324], [642.116882324, -361.73348999, -489.12991333, 574.501220703, -16.0182514191, -56.9933700562, 64.2316741943, -230.184890747, -1.09384787083, 22.4034423828, -33.8372192383, 19.2739772797, -16.4881782532], [-526.841003418, 32.317111969, 273.230743408, -16.0182514191, 378.129211426, 136.494979858, -99.7587127686, -50.2562675476, -64.493812561, 101.201026917, 9.08958148956, -42.9801292419, 60.2723999023], [-535.398376465, -64.6608734131, 354.243164062, -56.9933700562, 136.494979858, 276.852905273, -32.7503700256, -64.6527481079, 11.7092943192, 40.1576309204, 49.1620025635, 11.4836587906, 24.4843578339], [299.153167725, -61.719455719, -242.827346802, 64.2316741943, -99.7587127686, -32.7503700256, 141.034118652, 13.8187017441, -5.29877519608, -1.13216435909, -6.94999027252, 21.7002296448, -5.85672235489], [-224.249053955, 133.60975647, 166.892440796, -230.184890747, -50.2562675476, -64.6527481079, 13.8187017441, 252.830245972, 39.5273094177, -85.4336090088, -5.2739982605, -8.72014141083, -12.015045166], [23.7525863647, -40.9332351685, -16.9438858032, -1.09384787083, -64.493812561, 11.7092943192, -5.29877519608, 39.5273094177, 110.316390991, -21.3746032715, -22.9355297089, 19.3211193085, -14.513086319], [-96.6539764404, -22.6784687042, 12.3095417023, 22.4034423828, 101.201026917, 40.1576309204, -1.13216435909, -85.4336090088, -21.3746032715, 166.924407959, 41.9909934998, -37.2072372437, 37.8977622986], [-65.3826828003, -8.4309835434, 41.6909255981, -33.8372192383, 9.08958148956, 49.1620025635, -6.94999027252, -5.2739982605, -22.9355297089, 41.9909934998, 112.385780334, 22.0828819275, -4.04967260361], [80.2142944336, -34.0721435547, -63.1829528809, 19.2739772797, -42.9801292419, 11.4836587906, 21.7002296448, -8.72014141083, 19.3211193085, -37.2072372437, 22.0828819275, 96.097946167, 19.2516536713], [-124.222267151, -10.5570068359, 45.7239494324, -16.4881782532, 60.2723999023, 24.4843578339, -5.85672235489, -12.015045166, -14.513086319, 37.8977622986, -4.04967260361, 19.2516536713, 91.0417404175]],
        "icov": [[1.99684858322, -2.77712702751, 2.70870351791, -2.5201830864, 2.33177828789, -2.0815987587, 1.79395473003, -1.46895396709, 1.16347026825, -0.841416835785, 0.577068507671, -0.335306435823, 0.155713587999], [-2.77712702751, 3.86688709259, -3.76783680916, 3.50938820839, -3.24544858932, 2.89959812164, -2.49758648872, 2.04717898369, -1.61996984482, 1.173158288, -0.804126143456, 0.467667013407, -0.21594107151], [2.70870351791, -3.76783680916, 3.67721700668, -3.42125606537, 3.16773271561, -2.83207058907, 2.44321537018, -2.00237798691, 1.58720636368, -1.14954686165, 0.79027312994, -0.459860444069, 0.213925540447], [-2.5201830864, 3.50938820839, -3.42125606537, 3.19276571274, -2.95329093933, 2.64266872406, -2.2809779644, 1.87539291382, -1.48498702049, 1.07885801792, -0.7412083745, 0.433476090431, -0.200469255447], [2.33177828789, -3.24544858932, 3.16773271561, -2.95329093933, 2.7422106266, -2.45357441902, 2.12234210968, -1.74325335026, 1.38653993607, -1.00937974453, 0.696665883064, -0.407247632742, 0.18868111074], [-2.0815987587, 2.89959812164, -2.83207058907, 2.64266872406, -2.45357441902, 2.2077088356, -1.90805566311, 1.57382297516, -1.25220394135, 0.91387963295, -0.635174632072, 0.37255603075, -0.174561873078], [1.79395473003, -2.49758648872, 2.44321537018, -2.2809779644, 2.12234210968, -1.90805566311, 1.66654777527, -1.37000644207, 1.09340810776, -0.802312016487, 0.558879613876, -0.332672685385, 0.155977651477], [-1.46895396709, 2.04717898369, -2.00237798691, 1.87539291382, -1.74325335026, 1.57382297516, -1.37000644207, 1.14155304432, -0.90810495615, 0.671018838882, -0.468226671219, 0.281082630157, -0.132633313537], [1.16347026825, -1.61996984482, 1.58720636368, -1.48498702049, 1.38653993607, -1.25220394135, 1.09340810776, -0.90810495615, 0.737635016441, -0.538648307323, 0.381074547768, -0.230203971267, 0.110333427787], [-0.841416835785, 1.173158288, -1.14954686165, 1.07885801792, -1.00937974453, 0.91387963295, -0.802312016487, 0.671018838882, -0.538648307323, 0.411774337292, -0.288650155067, 0.17917829752, -0.0879074409604], [0.577068507671, -0.804126143456, 0.79027312994, -0.7412083745, 0.696665883064, -0.635174632072, 0.558879613876, -0.468226671219, 0.381074547768, -0.288650155067, 0.215699627995, -0.130688816309, 0.064902253449], [-0.335306435823, 0.467667013407, -0.459860444069, 0.433476090431, -0.407247632742, 0.37255603075, -0.332672685385, 0.281082630157, -0.230203971267, 0.17917829752, -0.130688816309, 0.0956918224692, -0.0460398644209], [0.155713587999, -0.21594107151, 0.213925540447, -0.200469255447, 0.18868111074, -0.174561873078, 0.155977651477, -0.132633313537, 0.110333427787, -0.0879074409604, 0.064902253449, -0.0460398644209, 0.036029137671]]
    }
}

}