{
"metadata": {
    "version": {
        "essentia": "2.0.1",
        "extractor": "archive-music 1.0 mod ismir14"
    },
    "audio_properties": {
        "analysis_sample_rate": 44100,
        "bitrate": 32,
        "channels": 2,
        "equal_loudness": 0,
        "length": 30.0408172607,
        "replay_gain": -14.3899002075,
        "downmix": "mix"
    },
    "tags": {
        "track": 0,
        "year": 0,
        "album": "",
        "artist": "",
        "comment": "",
        "genre": "",
        "title": ""
    }
},
"rhythm": {
    "bpm": 109.314041138,
    "bpm_histogram_first_peak": 110,
    "bpm_histogram_first_peak_spread": 0.396226406097,
    "bpm_histogram_first_peak_weight": 0.603773593903,
    "bpm_histogram_second_peak": 0,
    "bpm_histogram_second_peak_spread": 0,
    "bpm_histogram_second_peak_weight": 0
},
"tonal": {
    "tuning_frequency": {
        "dmean": 0.0671193301678,
        "dmean2": 0.111199580133,
        "dvar": 0.484926432371,
        "dvar2": 0.976814508438,
        "max": 448.208557129,
        "mean": 442.438720703,
        "median": 442.804626465,
        "min": 433.191070557,
        "var": 0.893394827843
    },
    "hpcp": {
        "dmean": [0.100121416152, 0.0755596458912, 0.0619914494455, 0.129183486104, 0.0610407628119, 0.111528962851, 0.0521188043058, 0.0788029506803, 0.107738003135, 0.0507738515735, 0.114293307066, 0.0840132832527],
        "dmean2": [0.175492301583, 0.140462562442, 0.114336185157, 0.225855439901, 0.110850073397, 0.195156544447, 0.0995492488146, 0.140478059649, 0.183189347386, 0.094307243824, 0.198258087039, 0.156323730946],
        "dvar": [0.0460158213973, 0.042596206069, 0.031283993274, 0.0562516599894, 0.0276334863156, 0.0480837859213, 0.0252495203167, 0.0286595989019, 0.0399906374514, 0.0215613357723, 0.0481898151338, 0.0495003201067],
        "dvar2": [0.107279121876, 0.109957866371, 0.0864947736263, 0.129270941019, 0.0729558691382, 0.123349674046, 0.0733806937933, 0.0748514309525, 0.0981526151299, 0.0605505108833, 0.122627846897, 0.140948176384],
        "max": [1, 1, 1, 1, 1, 1, 1, 1, 1, 1, 1, 1],
        "mean": [0.159967452288, 0.213910236955, 0.0425354652107, 0.416932553053, 0.0441239625216, 0.216391921043, 0.0321476683021, 0.093654371798, 0.207569777966, 0.0314754322171, 0.207593917847, 0.0538376346231],
        "median": [0.0223708413541, 0.00474330270663, 0.00350018381141, 0.186360776424, 0.00262404931709, 0.0337690934539, 0.00246086297557, 0.0104632899165, 0.0711172819138, 0.00231295125559, 0.0584771186113, 0.00242759729736],
        "min": [5.49491971924e-07, 3.98126758228e-06, 3.09841402668e-06, 7.60642888054e-06, 2.941676712e-06, 2.27911436923e-06, 5.62024581541e-07, 4.47615821031e-05, 1.3711955944e-06, 1.64888081144e-06, 4.68561393063e-06, 1.00298086636e-06],
        "var": [0.0889938250184, 0.149092704058, 0.0203660745174, 0.189375802875, 0.0216588973999, 0.119378328323, 0.014422506094, 0.0447465963662, 0.0984007045627, 0.0127811906859, 0.10111618042, 0.0316489078104]
    }
},
"lowlevel": {
    "melbands": {
        "dmean": [0.00051642843755, 0.000877277925611, 0.000613784708548, 0.00037586374674, 0.000164777098689, 0.000148873936269, 8.41888395371e-05, 0.000120030534163, 0.000177103560418, 0.000110071661766, 2.66424012807e-05, 3.24066568282e-05, 1.89345155377e-05, 2.01156908588e-05, 2.21994032472e-05, 1.91420585907e-05, 1.995121238e-05, 1.78927548404e-05, 1.02408939711e-05, 1.66114878084e-05, 7.07251092535e-06, 5.02581451656e-06, 5.45318061995e-06, 3.23079257214e-06, 1.91724370779e-06, 1.42259625591e-06, 8.78366449797e-07, 6.39149732251e-07, 6.72230385135e-07, 4.8519137863e-07, 4.06340348036e-07, 4.01017587137e-07, 3.73841373857e-07, 2.72397784329e-07, 2.47127047714e-07, 2.0870763251e-07, 1.60454462161e-07, 1.06843479841e-07, 9.07482586854e-08, 7.4137460615e-08],
        "dmean2": [0.000876635895111, 0.00144051539246, 0.00096336635761, 0.000617955985945, 0.000269963173196, 0.000221079113544, 0.000132862027385, 0.000182383315405, 0.000282435066765, 0.000170864528627, 3.951720646e-05, 4.91382124892e-05, 2.83532499452e-05, 3.16174809996e-05, 3.61723796232e-05, 2.94956553262e-05, 3.25644396071e-05, 2.76663922705e-05, 1.65037999977e-05, 2.65816470346e-05, 1.11072949949e-05, 8.24884682515e-06, 8.90336377779e-06, 5.37252435606e-06, 3.00042142953e-06, 2.22060907618e-06, 1.37198958328e-06, 9.9187059277e-07, 9.97698066385e-07, 7.13985286893e-07, 5.92845367464e-07, 5.78806805152e-07, 5.53559516447e-07, 3.86875825598e-07, 3.69959224145e-07, 3.15899569614e-07, 2.3839128005e-07, 1.64646209555e-07, 1.3581441749e-07, 1.1564083735e-07],
        "dvar": [1.93279720406e-06, 1.38994357712e-06, 6.28914790468e-07, 5.13401289481e-07, 4.39156444543e-08, 6.2559585956e-08, 1.83167649936e-08, 5.927485347e-08, 1.3745062688e-07, 7.99339900937e-08, 5.12650588647e-09, 8.54966142327e-09, 2.60910337779e-09, 2.5432973505e-09, 4.6043058255e-09, 1.88987936411e-09, 1.868657451e-09, 1.78745251933e-09, 6.18939621777e-10, 3.6314367069e-09, 2.68370159429e-10, 7.69802555034e-11, 1.83405027276e-10, 4.55901774665e-11, 9.7869689783e-12, 5.74809600959e-12, 2.58471954777e-12, 1.55364707644e-12, 1.38176167556e-12, 9.01242947458e-13, 7.3980757501e-13, 7.53709974207e-13, 6.71587731173e-13, 4.23531625353e-13, 6.4262543854e-13, 7.60737610059e-13, 7.02926323919e-13, 2.31018736042e-13, 1.15081853552e-13, 9.92539993879e-14],
        "dvar2": [5.28737564309e-06, 3.47510467691e-06, 1.50915411723e-06, 1.42268447689e-06, 1.1683544443e-07, 1.25047534993e-07, 4.06618632098e-08, 1.25152837427e-07, 3.18963969903e-07, 1.84377299206e-07, 9.13351883014e-09, 1.68203957429e-08, 5.88736659424e-09, 6.03686522993e-09, 1.18516236824e-08, 4.01495547919e-09, 4.97615593176e-09, 4.03583122477e-09, 1.53106216594e-09, 9.85333237224e-09, 6.83417433756e-10, 1.92381097164e-10, 5.01523544916e-10, 1.18387827319e-10, 2.30065150958e-11, 1.36957060276e-11, 6.18937236532e-12, 3.59014337356e-12, 2.84150871235e-12, 2.03803055161e-12, 1.67496734798e-12, 1.59787114096e-12, 1.38447402414e-12, 8.19531725468e-13, 1.3508176782e-12, 1.59828931773e-12, 1.52216282114e-12, 4.2380495272e-13, 2.2639522364e-13, 1.87202426412e-13],
        "max": [0.0123139889911, 0.00999899674207, 0.00836475659162, 0.00553878769279, 0.00168511120137, 0.00239860452712, 0.00126913981512, 0.00290430150926, 0.00502792885527, 0.00383882084861, 0.00153980299365, 0.00189370545559, 0.00104443845339, 0.000500442227349, 0.000817691441625, 0.000486696226289, 0.00050478905905, 0.000633173796814, 0.000228139979299, 0.00118896132335, 0.000260768167209, 8.62646193127e-05, 0.000243757574935, 9.22234903555e-05, 3.32646013703e-05, 2.50655284617e-05, 1.28402152768e-05, 1.09836628326e-05, 1.2650062672e-05, 7.18544333722e-06, 8.03363036539e-06, 8.89684088179e-06, 1.03004467746e-05, 1.03449438029e-05, 1.59105893545e-05, 1.76881767402e-05, 1.75664335984e-05, 9.42535370996e-06, 6.99379143043e-06, 5.99525446887e-06],
        "mean": [0.000635670323391, 0.00264465902001, 0.00191590131726, 0.00070575758582, 0.000303137407172, 0.00026806499227, 0.000139346928336, 0.000174235421582, 0.00023777136812, 0.00017495463544, 3.76110438083e-05, 3.89739652746e-05, 2.55058785115e-05, 2.52634163189e-05, 2.47581392614e-05, 2.74488702416e-05, 2.51370856859e-05, 2.40762947215e-05, 1.32453242259e-05, 2.6172863727e-05, 1.13734622573e-05, 7.84111671237e-06, 1.04505261334e-05, 6.15096087131e-06, 3.03759293274e-06, 1.9255260213e-06, 1.09202994736e-06, 7.58405292345e-07, 8.37408720145e-07, 5.79731477046e-07, 4.7282199489e-07, 4.68421262667e-07, 4.30852736599e-07, 3.19515322644e-07, 2.76007369848e-07, 2.18968665422e-07, 1.69134125372e-07, 1.17008333689e-07, 9.36083424108e-08, 8.02964592594e-08],
        "median": [0.000341964099789, 0.00243131723255, 0.0017489468446, 0.000526046846062, 0.000207807577681, 9.17565921554e-05, 6.34605094092e-05, 5.97847138124e-05, 5.93293079874e-05, 3.56529781129e-05, 1.1870473827e-05, 1.10251512524e-05, 7.47725880501e-06, 5.40666314919e-06, 5.81519725529e-06, 6.51584196021e-06, 5.14573775945e-06, 5.46336195839e-06, 3.46608430846e-06, 3.28790338244e-06, 3.29459498971e-06, 3.22318805956e-06, 2.38130519392e-06, 1.42905219036e-06, 1.13815326586e-06, 7.18417936696e-07, 3.98822066927e-07, 2.45842556978e-07, 2.50539926583e-07, 1.38998842658e-07, 1.05875017198e-07, 1.06403987843e-07, 9.35686301773e-08, 8.17903469397e-08, 5.84943933291e-08, 5.30468717841e-08, 4.11206357853e-08, 2.66107633706e-08, 2.15596767106e-08, 1.5591226088e-08],
        "min": [3.74325054509e-07, 3.83448224284e-07, 8.97428492408e-07, 2.20591846301e-06, 6.09489643466e-06, 1.81166868174e-07, 4.4961134904e-07, 4.05136475479e-08, 2.44114318093e-07, 9.25685554876e-08, 1.23342038805e-08, 1.26750760998e-08, 1.0860953914e-08, 9.1786409584e-09, 3.8820102688e-09, 2.39065411911e-09, 3.28714655495e-09, 3.06505310022e-09, 2.79292899918e-09, 2.71999223145e-09, 2.73375611037e-09, 2.11916439952e-09, 2.06519734647e-09, 1.39477063232e-09, 1.14337017632e-09, 7.61901597368e-10, 4.15928291808e-10, 2.77048273212e-10, 1.88796464573e-10, 1.24345644892e-10, 5.09336774146e-11, 2.11617841306e-11, 1.76697042414e-11, 1.02588033554e-11, 7.32099884188e-12, 5.08017152651e-12, 5.79940609424e-12, 4.22419564605e-12, 3.29891474381e-12, 3.260445516e-12],
        "var": [1.43755892168e-06, 3.60885837836e-06, 1.58128113981e-06, 5.1954839364e-07, 8.57787583186e-08, 1.66262509538e-07, 3.72335087206e-08, 1.11355397792e-07, 2.1632021685e-07, 1.89021179153e-07, 9.36514599204e-09, 1.24879040442e-08, 4.5515755609e-09, 3.2733900035e-09, 4.57850157787e-09, 3.83071441235e-09, 3.15685255714e-09, 3.35523364647e-09, 8.01812116702e-10, 1.00177839357e-08, 5.34348176817e-10, 1.38939498795e-10, 5.72669134336e-10, 1.66995348105e-10, 2.1338425818e-11, 9.09880157329e-12, 3.09697883658e-12, 1.84040022805e-12, 2.14525164126e-12, 1.21381225383e-12, 8.99294690365e-13, 9.63846407201e-13, 8.92758685988e-13, 6.00339168568e-13, 7.6263978856e-13, 8.07468024736e-13, 7.09884408201e-13, 2.87135685237e-13, 1.35863773031e-13, 1.18144751794e-13]
    },
    "mfcc": {
        "dmean": [32.7412033081, 17.4476623535, 12.1538286209, 9.35659313202, 8.07398891449, 7.13774490356, 6.67397928238, 6.55612611771, 5.73707675934, 6.27021408081, 5.6291012764, 5.49609708786, 5.80642843246],
        "dmean2": [41.4154014587, 23.2612457275, 16.1201877594, 13.8220996857, 11.8607130051, 10.7627925873, 10.141409874, 10.4504919052, 8.95921134949, 9.90015983582, 8.83218955994, 8.76683330536, 9.21039390564],
        "dvar": [1269.63110352, 319.798675537, 145.721435547, 80.4402923584, 65.5527648926, 39.6367225647, 31.1157264709, 33.6373100281, 23.9170246124, 31.6742744446, 25.6721286774, 20.3287315369, 24.5296020508],
        "dvar2": [2588.35668945, 595.008361816, 229.380752563, 167.018386841, 117.111068726, 81.853187561, 66.6591567993, 76.9127960205, 48.8989830017, 72.4672698975, 56.2171287537, 50.6039886475, 62.4327392578],
        "max": [-578.201599121, 248.907775879, 119.438705444, 93.4196014404, 66.8478393555, 39.8155212402, 31.162694931, 50.5843048096, 27.4246444702, 38.083732605, 38.7262992859, 28.6919555664, 23.0151519775],
        "mean": [-713.882873535, 170.322906494, 7.09884691238, 32.436630249, 17.6419410706, 6.62000179291, -4.50069189072, 4.90636205673, -0.642630934715, 2.24504065514, 1.61260819435, -1.04841291904, -5.69176435471],
        "median": [-701.454406738, 170.833358765, 6.86854553223, 29.9808921814, 16.8908824921, 7.65192699432, -3.23278999329, 4.65878868103, -0.371797561646, 1.72541046143, 0.597149848938, -1.30659103394, -5.17808151245],
        "min": [-953.469360352, 23.9958152771, -93.1447906494, -47.0361671448, -30.8530387878, -31.8320274353, -44.1372032166, -28.5765991211, -36.3608551025, -27.6500358582, -23.1116218567, -24.1742935181, -30.3290863037],
        "var": [5108.27246094, 1219.46533203, 1108.0604248, 431.310516357, 261.876312256, 167.055831909, 179.747207642, 103.420341492, 72.1366043091, 131.930511475, 84.6934051514, 63.869846344, 61.2496757507],
        "cov": [[5116.16748047, -1418.34741211, -745.754394531, -87.6285629272, -329.105255127, -62.5984306335, -219.238647461, 4.31989383698, -21.4230575562, 48.4422225952, 12.3218097687, -18.3798503876, -39.7370605469], [-1418.34741211, 1221.35021973, -364.343963623, -249.091400146, 35.2410125732, -100.086082458, 80.2885894775, -29.7330493927, -36.4708251953, 27.2443733215, 46.1110877991, 15.2558832169, -3.79218244553], [-745.754394531, -364.343963623, 1109.77294922, 227.45362854, -22.7375240326, 207.215301514, 121.98097229, 42.5071258545, 17.7365493774, -71.0417251587, -42.7037887573, -9.6465139389, 15.8091840744], [-87.6285629272, -249.091400146, 227.45362854, 431.977142334, 115.722953796, 5.98805952072, -98.5023040771, 24.4346256256, 44.2167282104, -70.351020813, -59.0352210999, 0.839937210083, 15.3169660568], [-329.105255127, 35.2410125732, -22.7375240326, 115.722953796, 262.281066895, -27.9936904907, -44.1099090576, 18.7444229126, 13.5828609467, 14.0024061203, -2.91562366486, 17.9714393616, -1.56905758381], [-62.5984306335, -100.086082458, 207.215301514, 5.98805952072, -27.9936904907, 167.314041138, 72.7948684692, -2.00707149506, 8.75485229492, -2.13802409172, 10.2404165268, -2.5560233593, -3.56535768509], [-219.238647461, 80.2885894775, 121.98097229, -98.5023040771, -44.1099090576, 72.7948684692, 180.025024414, 19.0805530548, -30.4586734772, 26.5395088196, 28.2627239227, 6.33781147003, -4.43959140778], [4.31989383698, -29.7330493927, 42.5071258545, 24.4346256256, 18.7444229126, -2.00707149506, 19.0805530548, 103.580192566, 2.49667477608, -7.70878362656, 8.96587562561, 18.8112163544, -2.76379990578], [-21.4230575562, -36.4708251953, 17.7365493774, 44.2167282104, 13.5828609467, 8.75485229492, -30.4586734772, 2.49667477608, 72.2481002808, 11.4726543427, -13.5964851379, -2.7576944828, -0.678368806839], [48.4422225952, 27.2443733215, -71.0417251587, -70.351020813, 14.0024061203, -2.13802409172, 26.5395088196, -7.70878362656, 11.4726543427, 132.134414673, 56.3672103882, -8.5985622406, -25.0984592438], [12.3218097687, 46.1110877991, -42.7037887573, -59.0352210999, -2.91562366486, 10.2404165268, 28.2627239227, 8.96587562561, -13.5964851379, 56.3672103882, 84.8243103027, 14.9757795334, -12.1526861191], [-18.3798503876, 15.2558832169, -9.6465139389, 0.839937210083, 17.9714393616, -2.5560233593, 6.33781147003, 18.8112163544, -2.7576944828, -8.5985622406, 14.9757795334, 63.9685630798, 19.9379367828], [-39.7370605469, -3.79218244553, 15.8091840744, 15.3169660568, -1.56905758381, -3.56535768509, -4.43959140778, -2.76379990578, -0.678368806839, -25.0984592438, -12.1526861191, 19.9379367828, 61.3443412781]],
        "icov": [[0.000595642137341, 0.000871809024829, 0.000657872471493, 9.68608947005e-05, 0.000700257602148, -0.000110622073407, 0.000287944392767, -0.000232261081692, 0.00043923445628, -0.000163467731909, 6.04374545219e-05, -0.000206179349334, 0.000284823297989], [0.000871809024829, 0.00241170986556, 0.0012022840092, 0.000621753104497, 0.000534264196176, 0.000629852700513, -0.000574321078602, 0.000162199168699, 0.000203158400836, 0.000495328917168, -0.000477018009406, -0.000219399473281, 0.000446461403044], [0.000657872471493, 0.0012022840092, 0.00230291578919, -0.000738314294722, 0.000891254632734, -0.0013516228646, -0.000912068469916, -0.00051575951511, 0.000345856329659, 0.000247313088039, 0.000323098705849, 0.000148508552229, 6.70773297315e-05], [9.68608947005e-05, 0.000621753104497, -0.000738314294722, 0.00439816666767, -0.00162529665977, 0.000132245811983, 0.00184977252502, -0.000555242528208, -0.00120313861407, 0.00142768770456, 0.000510029378347, 0.000213276565773, -0.000129207590362], [0.000700257602148, 0.000534264196176, 0.000891254632734, -0.00162529665977, 0.00587435206398, -0.00017236918211, 0.00119599734899, -0.00103971769568, 0.00116110593081, -0.00215496588498, 0.000934479001444, -0.00194547732826, 0.000791306723841], [-0.000110622073407, 0.000629852700513, -0.0013516228646, 0.000132245811983, -0.00017236918211, 0.0102422125638, -0.00427237665281, 0.00215832726099, -0.00340454722755, 0.00212426041253, -0.00288259214722, 0.000428381317761, 0.000782684888691], [0.000287944392767, -0.000574321078602, -0.000912068469916, 0.00184977252502, 0.00119599734899, -0.00427237665281, 0.0112162493169, -0.00285634002648, 0.00470001390204, -0.00316988141276, 0.00125318707433, -0.00116587628145, -0.000228228178457], [-0.000232261081692, 0.000162199168699, -0.00051575951511, -0.000555242528208, -0.00103971769568, 0.00215832726099, -0.00285634002648, 0.0117917265743, -0.00208711856976, 0.00224742619321, -0.00235104910098, -0.00281150988303, 0.0018989876844], [0.00043923445628, 0.000203158400836, 0.000345856329659, -0.00120313861407, 0.00116110593081, -0.00340454722755, 0.00470001390204, -0.00208711856976, 0.0189152117819, -0.00601810356602, 0.00553520768881, -0.00142436625902, -0.000107277570351], [-0.000163467731909, 0.000495328917168, 0.000247313088039, 0.00142768770456, -0.00215496588498, 0.00212426041253, -0.00316988141276, 0.00224742619321, -0.00601810356602, 0.014786538668, -0.00969763286412, 0.00345208565705, 0.00238478416577], [6.04374545219e-05, -0.000477018009406, 0.000323098705849, 0.000510029378347, 0.000934479001444, -0.00288259214722, 0.00125318707433, -0.00235104910098, 0.00553520768881, -0.00969763286412, 0.0215247198939, -0.00638789962977, 0.0020740495529], [-0.000206179349334, -0.000219399473281, 0.000148508552229, 0.000213276565773, -0.00194547732826, 0.000428381317761, -0.00116587628145, -0.00281150988303, -0.00142436625902, 0.00345208565705, -0.00638789962977, 0.0213158037513, -0.0072713913396], [0.000284823297989, 0.000446461403044, 6.70773297315e-05, -0.000129207590362, 0.000791306723841, 0.000782684888691, -0.000228228178457, 0.0018989876844, -0.000107277570351, 0.00238478416577, 0.0020740495529, -0.0072713913396, 0.0204119980335]]
    }
}

}