{
"metadata": {
    "version": {
        "essentia": "2.0.1",
        "extractor": "archive-music 1.0 mod ismir14"
    },
    "audio_properties": {
        "analysis_sample_rate": 44100,
        "bitrate": 128,
        "channels": 2,
        "equal_loudness": 0,
        "length": 30.0669155121,
        "replay_gain": -8.87267494202,
        "downmix": "mix"
    },
    "tags": {
        "track": 7,
        "year": 0,
        "album": "The Cool Jazz Collection",
        "artist": "Astrud Gilberto",
        "comment": "",
        "genre": "Jazz",
        "title": "Girl From Ipanema"
    }
},
"rhythm": {
    "bpm": 130.002792358,
    "bpm_histogram_first_peak": 129,
    "bpm_histogram_first_peak_spread": 0.490909099579,
    "bpm_histogram_first_peak_weight": 0.444444447756,
    "bpm_histogram_second_peak": 136,
    "bpm_histogram_second_peak_spread": 0.199999988079,
    "bpm_histogram_second_peak_weight": 0.0634920671582
},
"tonal": {
    "tuning_frequency": {
        "dmean": 0.141636788845,
        "dmean2": 0.26265078783,
        "dvar": 1.31660342216,
        "dvar2": 3.35750794411,
        "max": 454.990661621,
        "mean": 439.81741333,
        "median": 439.491973877,
        "min": 431.443084717,
        "var": 4.39198064804
    },
    "hpcp": {
        "dmean": [0.0912541896105, 0.141993328929, 0.119108118117, 0.163462504745, 0.104849532247, 0.0947977975011, 0.120657622814, 0.0406840406358, 0.119269132614, 0.0995927602053, 0.123379707336, 0.0937011986971],
        "dmean2": [0.169424325228, 0.242745488882, 0.222280159593, 0.29704734683, 0.187849879265, 0.168172284961, 0.21260650456, 0.0739633962512, 0.20667591691, 0.181404486299, 0.225676447153, 0.167356163263],
        "dvar": [0.0497257076204, 0.064599275589, 0.0700991898775, 0.0855829715729, 0.0488923043013, 0.0508813261986, 0.0579296350479, 0.0219962093979, 0.0545006804168, 0.0604883246124, 0.0660311952233, 0.0459097586572],
        "dvar2": [0.12854629755, 0.13208399713, 0.192825809121, 0.190886750817, 0.117925703526, 0.133026435971, 0.127385944128, 0.0533779673278, 0.116917900741, 0.145230919123, 0.163106277585, 0.103841967881],
        "max": [1, 1, 1, 1, 1, 1, 1, 1, 1, 1, 1, 1],
        "mean": [0.0698105692863, 0.243965566158, 0.0742471814156, 0.261675804853, 0.120756164193, 0.0970354899764, 0.21248331666, 0.06086531654, 0.161937147379, 0.0868343636394, 0.115297608078, 0.137655541301],
        "median": [0.00213203509338, 0.0362487882376, 0.00101658841595, 0.0211072564125, 0.00695478264242, 0.00413720868528, 0.0248623266816, 0.00111367111094, 0.0132728423923, 0.00132398842834, 0.00680130440742, 0.00717007927597],
        "min": [0, 0, 1.25939902773e-06, 7.61172850616e-06, 0, 4.10425718655e-06, 0, 0, 1.22393066704e-06, 0, 0, 0],
        "var": [0.0417346283793, 0.132171884179, 0.04746767506, 0.155714571476, 0.0693186894059, 0.0612155869603, 0.124334186316, 0.0450925603509, 0.0928883552551, 0.0607005096972, 0.0671851336956, 0.0841261744499]
    }
},
"lowlevel": {
    "melbands": {
        "dmean": [0.000257365463767, 0.000724360463209, 0.000798297172878, 0.000428799918154, 0.000248506927164, 9.5421273727e-05, 5.93315671722e-05, 6.60145451548e-05, 2.51874116657e-05, 1.69109662238e-05, 1.48802091644e-05, 1.4479460333e-05, 3.5873727029e-06, 2.53322605204e-06, 3.78372169507e-06, 2.43679642153e-06, 1.99947385227e-06, 6.77083335177e-07, 6.91016452947e-07, 6.65681568535e-07, 4.1294060793e-07, 5.90901436226e-07, 7.23082621334e-07, 6.48289301353e-07, 2.57696171957e-07, 1.52908157247e-07, 1.99404084356e-07, 3.23321671658e-07, 2.67559812528e-07, 3.62557500466e-07, 6.20714047272e-07, 9.00538509541e-07, 1.16518458526e-06, 6.86180783305e-07, 2.91896384397e-07, 1.52228906813e-07, 8.79518395891e-08, 3.29693250478e-08, 1.08589270909e-08, 1.26373844722e-09],
        "dmean2": [0.000356175471097, 0.00104025891051, 0.00115920021199, 0.000652630988043, 0.000358457851689, 0.00014357494365, 9.11734096007e-05, 9.60550169111e-05, 3.71355381503e-05, 2.28209210036e-05, 2.147073792e-05, 2.00954746106e-05, 5.22925529367e-06, 3.66576023225e-06, 5.00583837493e-06, 3.43288957083e-06, 2.91960100185e-06, 1.04450987237e-06, 1.05709182208e-06, 1.00922500224e-06, 6.57369696455e-07, 9.33803391945e-07, 1.09724010144e-06, 1.0751505215e-06, 4.05645550927e-07, 2.24264766757e-07, 2.9121724765e-07, 4.71267895819e-07, 4.10765608194e-07, 5.58624606128e-07, 9.01851080926e-07, 1.27022155993e-06, 1.9575704755e-06, 9.22538504255e-07, 4.03485955758e-07, 2.07175503419e-07, 1.14261368367e-07, 4.36794778125e-08, 1.4023829209e-08, 1.77049697125e-09],
        "dvar": [3.8758298615e-07, 1.34347590119e-06, 1.06221682472e-06, 5.20298044648e-07, 1.65331584867e-07, 4.23730064369e-08, 3.67292507519e-08, 3.26271134554e-08, 5.02620611798e-09, 3.59238505609e-09, 1.66789770883e-09, 9.03629704396e-09, 8.20816539737e-11, 4.15905157536e-11, 2.19178467042e-10, 8.79733369485e-11, 1.01331269764e-10, 3.58658957568e-12, 8.76515093146e-12, 9.96924071073e-12, 1.81678142582e-12, 2.39732452639e-12, 3.47632990103e-12, 4.44698401367e-12, 5.99691899871e-13, 1.55882224446e-13, 3.57944387021e-13, 1.56263955768e-12, 6.11892318498e-13, 2.19991212747e-12, 6.96983096238e-12, 1.49398184796e-11, 5.14430512077e-11, 1.25783515548e-11, 1.15499981541e-12, 1.86495540148e-13, 5.3096422929e-14, 9.26624991066e-15, 1.37856549754e-15, 3.71392415246e-17],
        "dvar2": [7.42724694192e-07, 2.61376726485e-06, 1.84604584774e-06, 1.05875096779e-06, 3.3227786389e-07, 9.07402082362e-08, 7.85061970987e-08, 6.63593979766e-08, 9.43555811261e-09, 6.54189280525e-09, 2.81683831815e-09, 1.56717163691e-08, 1.60136057192e-10, 8.24851506542e-11, 3.89313886684e-10, 1.95637256395e-10, 2.38955855103e-10, 7.34758434651e-12, 1.95506839884e-11, 1.76980565619e-11, 4.61855640538e-12, 6.12579865306e-12, 7.95669519854e-12, 1.12471993524e-11, 1.49065352076e-12, 3.19271627365e-13, 6.46044632721e-13, 3.23263269451e-12, 1.34061370945e-12, 5.18869929661e-12, 1.52204863296e-11, 2.74386503102e-11, 1.40086331424e-10, 2.04366558398e-11, 1.85157184723e-12, 3.21866665265e-13, 8.83338947778e-14, 1.4971058315e-14, 2.12784014889e-15, 8.26259067176e-17],
        "max": [0.0100054601207, 0.0112976655364, 0.0116527369246, 0.0139637254179, 0.00508434465155, 0.00206470722333, 0.00237532379106, 0.00207491824403, 0.00101315777283, 0.000990454223938, 0.000406464794651, 0.00214140536264, 0.000115782189823, 0.000128419924295, 0.000338278798154, 0.000166661629919, 0.000200840746402, 2.27527125389e-05, 4.06556755479e-05, 3.94430862798e-05, 1.65346318681e-05, 1.68076767295e-05, 1.77336169145e-05, 2.50624289038e-05, 1.15665388876e-05, 6.47582601232e-06, 9.83084100881e-06, 2.32643051277e-05, 8.95106950338e-06, 2.3888746e-05, 3.92852307414e-05, 5.82511020184e-05, 0.000114278402179, 8.21962676127e-05, 1.95239972527e-05, 5.36337074664e-06, 2.64179379883e-06, 1.58048896992e-06, 5.4702138641e-07, 1.12088599735e-07],
        "mean": [0.000454131368315, 0.00156320154201, 0.00199939520098, 0.000755580374971, 0.000556055339985, 0.000166780650034, 6.81930541759e-05, 7.8825156379e-05, 3.21525512845e-05, 2.19746925723e-05, 2.06981258088e-05, 2.14289902942e-05, 4.69738779429e-06, 3.16759428642e-06, 5.03690944242e-06, 2.8698582355e-06, 2.04994989872e-06, 8.10619440017e-07, 7.93678566424e-07, 8.00991415417e-07, 4.21076549628e-07, 6.56898009765e-07, 7.77094157911e-07, 6.22597838174e-07, 2.63877609541e-07, 1.8153174608e-07, 2.44354481538e-07, 3.27269447098e-07, 2.75359866464e-07, 3.43656722634e-07, 6.09335245372e-07, 9.76175442702e-07, 1.0634711316e-06, 7.24254675788e-07, 3.26314847143e-07, 1.79035055226e-07, 1.00011064319e-07, 3.75944786413e-08, 1.19986358627e-08, 1.23240095906e-09],
        "median": [0.000119583237392, 0.000717758550309, 0.00083078769967, 0.000352527596988, 0.000185134034837, 6.15507087787e-05, 1.8130922399e-05, 1.41241562233e-05, 5.06645346832e-06, 1.97983422368e-06, 1.88116996469e-06, 2.02175260711e-06, 8.67125265813e-07, 1.02374826838e-06, 8.58384055391e-07, 2.99617056498e-07, 2.04515657742e-07, 1.39006459676e-07, 6.99999276321e-08, 6.23052116566e-08, 6.30529228829e-08, 1.07869531973e-07, 9.91940538597e-08, 6.86735077693e-08, 4.387612762e-08, 3.57092559966e-08, 4.79991264513e-08, 4.93317493522e-08, 2.86004571137e-08, 3.71601132088e-08, 3.64382017892e-08, 2.6742105419e-08, 3.31020686417e-08, 2.43956002066e-08, 2.1515424109e-08, 1.61033888446e-08, 1.08705684454e-08, 4.40232961196e-09, 1.25358390335e-09, 1.06975782399e-10],
        "min": [1.39676742394e-11, 1.52717199997e-10, 9.5895909269e-11, 7.78727846096e-11, 7.97678728626e-11, 1.46743395213e-10, 2.39900960208e-10, 3.06718345167e-10, 1.20843141049e-10, 1.21557527932e-10, 4.90983226298e-11, 3.86896834015e-11, 5.43909223216e-11, 3.73230474304e-11, 9.91072068163e-12, 2.96509431591e-12, 5.83861257952e-12, 2.34708736821e-12, 6.60039080683e-12, 4.58161286687e-12, 2.70653356498e-12, 1.95741274751e-12, 8.48574736954e-13, 9.80039508748e-13, 6.72841339935e-13, 2.13618619321e-12, 1.43391036891e-11, 1.08888228295e-11, 5.92622001819e-12, 4.3162964522e-12, 6.45097386967e-12, 6.95446911864e-12, 1.15559324262e-11, 4.49766352634e-12, 1.12560481769e-11, 2.79177896079e-11, 1.71208672239e-11, 7.5942845762e-12, 2.83022563718e-12, 3.48358440618e-13],
        "var": [1.13181499728e-06, 3.55839483746e-06, 6.82347854308e-06, 1.8490735556e-06, 7.2836110121e-07, 8.22808416956e-08, 4.52525590333e-08, 4.51860451278e-08, 8.42787883926e-09, 6.49425402344e-09, 3.15920911653e-09, 1.78085421965e-08, 1.54598653324e-10, 5.99029437165e-11, 4.43488579194e-10, 1.16320217347e-10, 1.03846410637e-10, 4.71220198278e-12, 1.1784903782e-11, 1.40704071658e-11, 1.59306443905e-12, 2.37317717561e-12, 4.0052097923e-12, 3.92703317781e-12, 5.82889476703e-13, 2.16116160341e-13, 5.34182669886e-13, 1.78357361432e-12, 6.8193660354e-13, 2.13902008085e-12, 8.00106595561e-12, 2.04236523527e-11, 3.83129777903e-11, 1.95466507563e-11, 1.84678335992e-12, 2.92708023618e-13, 8.81647050288e-14, 1.51058365035e-14, 2.26513720161e-15, 3.81994190634e-17]
    },
    "mfcc": {
        "dmean": [38.7294769287, 24.5772304535, 14.4558906555, 12.0396823883, 8.97292041779, 10.433380127, 8.66165828705, 7.30705499649, 6.97447681427, 7.63309669495, 6.53736019135, 6.07826662064, 5.54390335083],
        "dmean2": [49.8977928162, 33.7939758301, 20.030626297, 17.1901893616, 12.7519083023, 14.9829502106, 12.7774829865, 10.8360157013, 10.4281740189, 11.0767450333, 9.79421138763, 9.25676441193, 8.54082965851],
        "dvar": [1344.54846191, 696.685913086, 187.392349243, 120.945457458, 63.3931274414, 96.5536575317, 59.2024612427, 37.0159034729, 33.3942527771, 44.9443130493, 28.4068222046, 26.3474655151, 23.2296009064],
        "dvar2": [2086.48193359, 1026.08276367, 345.215118408, 222.403671265, 134.891357422, 157.631912231, 124.886314392, 82.8789520264, 67.7060241699, 87.5596847534, 59.9054946899, 53.6155281067, 47.4580917358],
        "max": [-646.653381348, 249.264556885, 118.137954712, 118.659362793, 42.0067024231, 76.3666229248, 34.7502365112, 42.239440918, 21.7360496521, 35.7782669067, 26.4179420471, 40.5060882568, 16.3446578979],
        "mean": [-814.05267334, 169.490066528, 49.6429710388, 42.8225288391, -2.35943937302, 17.8582229614, -5.61280965805, 10.188621521, -11.8486557007, -5.88226985931, -8.95258045197, 2.22475266457, -8.6511926651],
        "median": [-806.384460449, 179.109558105, 49.4763832092, 40.5856742859, -0.677627563477, 18.5684394836, -4.06435775757, 9.84252166748, -11.9652404785, -4.69579315186, -8.47224617004, 2.10681152344, -7.72540664673],
        "min": [-1138.42004395, -11.8575439453, -35.0256385803, -17.4786605835, -46.178855896, -41.2160148621, -56.771774292, -28.6658706665, -42.0757675171, -47.491104126, -48.642364502, -28.4411888123, -38.8202133179],
        "var": [4912.33837891, 2074.68383789, 714.404846191, 566.496704102, 239.526947021, 319.594848633, 225.884338379, 135.560974121, 109.133483887, 211.329803467, 138.644821167, 121.52671051, 88.1681976318],
        "cov": [[4919.91894531, -100.765670776, -712.223449707, 176.337234497, -363.817047119, 49.1302833557, -442.436981201, 241.471359253, -214.238830566, 286.042358398, -70.2181015015, 102.414680481, -274.548217773], [-100.765670776, 2077.88549805, -264.853729248, -393.445709229, 189.654724121, -341.352478027, 138.865325928, 18.2488250732, -25.7445831299, -221.71257019, 46.2472076416, -42.9086265564, -26.4091186523], [-712.223449707, -264.853729248, 715.507324219, 125.705909729, -71.4230728149, 204.325378418, 47.3078536987, -46.598903656, 19.2118148804, -83.1517944336, 19.6698989868, -18.5776462555, 72.5608291626], [176.337234497, -393.445709229, 125.705909729, 567.370910645, 84.4982299805, -73.1367263794, -99.0249328613, 42.5522689819, -19.2579307556, -70.1213760376, -19.0149822235, -34.7400512695, 37.8126106262], [-363.817047119, 189.654724121, -71.4230728149, 84.4982299805, 239.896575928, -68.8286590576, 17.08543396, -3.62912845612, 29.4036178589, -41.3244094849, -13.2302122116, 12.117609024, 11.738079071], [49.1302833557, -341.352478027, 204.325378418, -73.1367263794, -68.8286590576, 320.088043213, 41.5712509155, -9.8102312088, 33.3731842041, 84.4140853882, 34.0849685669, 28.3541965485, 15.3326311111], [-442.436981201, 138.865325928, 47.3078536987, -99.0249328613, 17.08543396, 41.5712509155, 226.232925415, 19.7887096405, 23.1182880402, -0.878299593925, 24.8284378052, 10.9282531738, 28.3844337463], [241.471359253, 18.2488250732, -46.598903656, 42.5522689819, -3.62912845612, -9.8102312088, 19.7887096405, 135.770172119, 18.6548423767, -1.76421511173, 26.3164215088, -6.01075363159, -5.5351266861], [-214.238830566, -25.7445831299, 19.2118148804, -19.2579307556, 29.4036178589, 33.3731842041, 23.1182880402, 18.6548423767, 109.301902771, 49.0443687439, 20.2619018555, -16.5104389191, 17.2995738983], [286.042358398, -221.71257019, -83.1517944336, -70.1213760376, -41.3244094849, 84.4140853882, -0.878299593925, -1.76421511173, 49.0443687439, 211.655929565, 11.2938175201, 24.9294109344, -26.955619812], [-70.2181015015, 46.2472076416, 19.6698989868, -19.0149822235, -13.2302122116, 34.0849685669, 24.8284378052, 26.3164215088, 20.2619018555, 11.2938175201, 138.858779907, -11.9576272964, 17.9851531982], [102.414680481, -42.9086265564, -18.5776462555, -34.7400512695, 12.117609024, 28.3541965485, 10.9282531738, -6.01075363159, -16.5104389191, 24.9294109344, -11.9576272964, 121.714256287, -1.88533473015], [-274.548217773, -26.4091186523, 72.5608291626, 37.8126106262, 11.738079071, 15.3326311111, 28.3844337463, -5.5351266861, 17.2995738983, -26.955619812, 17.9851531982, -1.88533473015, 88.3042602539]],
        "icov": [[0.00098815257661, -0.000753152125981, 0.00109492545016, -0.00142595474608, 0.00196287920699, -0.0016719372943, 0.00149800023064, -0.00143535237294, 0.00132260960527, -0.00120953063015, 0.000675614573993, -0.000835566606838, 0.00123204989359], [-0.000753152125981, 0.00163811806124, -0.000953990675043, 0.00219842907973, -0.00239673024043, 0.00234831031412, -0.00139448279515, 0.000754853186663, -0.000756489229389, 0.00170960556716, -0.00104232982267, 0.000981122255325, -0.000699486583471], [0.00109492545016, -0.000953990675043, 0.00392032647505, -0.0027244205121, 0.00347769469954, -0.00390079990029, 0.00101407454349, -0.000130117521621, 0.000126718688989, 0.00055354333017, 0.000810786848888, -0.000974393973593, 0.000903294829186], [-0.00142595474608, 0.00219842907973, -0.0027244205121, 0.006033600308, -0.00522592104971, 0.00425692507997, -0.000891675823368, -2.12576451304e-05, -0.000263988215011, 0.00191127986182, -0.00115574710071, 0.00230209855363, -0.00296041346155], [0.00196287920699, -0.00239673024043, 0.00347769469954, -0.00522592104971, 0.0107739018276, -0.00390111119486, 0.00200066994876, -0.000901019608136, -0.00115029572044, -0.00093107111752, 0.00195553596132, -0.00357550033368, 0.00277829635888], [-0.0016719372943, 0.00234831031412, -0.00390079990029, 0.00425692507997, -0.00390111119486, 0.00934149790555, -0.00290031707846, 0.00165629037656, -0.002004803624, 0.000325961445924, -0.00233211368322, 0.000806895433925, -0.00219631404616], [0.00149800023064, -0.00139448279515, 0.00101407454349, -0.000891675823368, 0.00200066994876, -0.00290031707846, 0.00806940067559, -0.00375155801885, 0.00219355500303, -0.00223344541155, 0.000880045990925, -0.00144557515159, -0.000123993639136], [-0.00143535237294, 0.000754853186663, -0.000130117521621, -2.12576451304e-05, -0.000901019608136, 0.00165629037656, -0.00375155801885, 0.011654863134, -0.00497039360926, 0.00315656536259, -0.00249398755841, 0.00050003681099, 0.000103676728031], [0.00132260960527, -0.000756489229389, 0.000126718688989, -0.000263988215011, -0.00115029572044, -0.002004803624, 0.00219355500303, -0.00497039360926, 0.0161803346127, -0.00632621068507, 0.000368869572412, 0.00220326939598, -0.0017499079695], [-0.00120953063015, 0.00170960556716, 0.00055354333017, 0.00191127986182, -0.00093107111752, 0.000325961445924, -0.00223344541155, 0.00315656536259, -0.00632621068507, 0.0104620261118, -0.00149026431609, -0.000505376316141, 0.00118610169739], [0.000675614573993, -0.00104232982267, 0.000810786848888, -0.00115574710071, 0.00195553596132, -0.00233211368322, 0.000880045990925, -0.00249398755841, 0.000368869572412, -0.00149026431609, 0.008908867836, 0.000219152978389, -0.00101371330675], [-0.000835566606838, 0.000981122255325, -0.000974393973593, 0.00230209855363, -0.00357550033368, 0.000806895433925, -0.00144557515159, 0.00050003681099, 0.00220326939598, -0.000505376316141, 0.000219152978389, 0.0104876775295, -0.00206499733031], [0.00123204989359, -0.000699486583471, 0.000903294829186, -0.00296041346155, 0.00277829635888, -0.00219631404616, -0.000123993639136, 0.000103676728031, -0.0017499079695, 0.00118610169739, -0.00101371330675, -0.00206499733031, 0.0163969602436]]
    }
}

}