{
"metadata": {
    "version": {
        "essentia": "2.0.1",
        "extractor": "archive-music 1.0 mod ismir14"
    },
    "audio_properties": {
        "analysis_sample_rate": 44100,
        "bitrate": 128,
        "channels": 2,
        "equal_loudness": 0,
        "length": 30.0669155121,
        "replay_gain": -12.1708602905,
        "downmix": "mix"
    },
    "tags": {
        "track": 6,
        "year": 0,
        "album": "Swing Classics (Jazz & Tzaz 70)",
        "artist": "Benny Carter",
        "comment": "",
        "genre": "Jazz",
        "title": "Babalu"
    }
},
"rhythm": {
    "bpm": 92.6367721558,
    "bpm_histogram_first_peak": 94,
    "bpm_histogram_first_peak_spread": 0.555555582047,
    "bpm_histogram_first_peak_weight": 0.355555564165,
    "bpm_histogram_second_peak": 89,
    "bpm_histogram_second_peak_spread": 0,
    "bpm_histogram_second_peak_weight": 0.177777782083
},
"tonal": {
    "tuning_frequency": {
        "dmean": 0.127219215035,
        "dmean2": 0.240459412336,
        "dvar": 1.54017710686,
        "dvar2": 4.2646522522,
        "max": 452.37008667,
        "mean": 438.69140625,
        "median": 440.254241943,
        "min": 431.941772461,
        "var": 6.56342077255
    },
    "hpcp": {
        "dmean": [0.109762594104, 0.126832202077, 0.0684003978968, 0.164351791143, 0.12212216109, 0.101850748062, 0.148020491004, 0.0805941596627, 0.18678483367, 0.0904370620847, 0.181603059173, 0.19800619781],
        "dmean2": [0.200769066811, 0.211411461234, 0.123487479985, 0.276143908501, 0.209600791335, 0.180060371757, 0.25458201766, 0.143653169274, 0.316517412663, 0.162333160639, 0.316281527281, 0.336968928576],
        "dvar": [0.0526557043195, 0.0356578305364, 0.0294229816645, 0.0539521239698, 0.0480273328722, 0.0294189658016, 0.0448044501245, 0.027605978772, 0.0471318401396, 0.0307390075177, 0.061251912266, 0.0600187443197],
        "dvar2": [0.149639263749, 0.0898598134518, 0.073009043932, 0.116861179471, 0.11146492511, 0.0757565274835, 0.0955038145185, 0.0733734294772, 0.109833374619, 0.0794198960066, 0.16386885941, 0.127559319139],
        "max": [1, 1, 1, 1, 1, 1, 1, 1, 1, 1, 1, 1],
        "mean": [0.0976602435112, 0.208658531308, 0.0643904656172, 0.431892722845, 0.225434735417, 0.105431072414, 0.308718562126, 0.0672438815236, 0.369123965502, 0.0786826536059, 0.233195632696, 0.340795129538],
        "median": [0.0149465436116, 0.0648314058781, 0.00914015527815, 0.280554413795, 0.0437718778849, 0.0396863929927, 0.141576990485, 0.0158869847655, 0.239822104573, 0.0139520904049, 0.117003679276, 0.200204119086],
        "min": [0, 0, 0, 0, 0, 0.000333835429046, 0, 0, 0.000451315863756, 0, 0, 0.000119468975754],
        "var": [0.0444927737117, 0.0745378881693, 0.0312941335142, 0.158731073141, 0.11746557802, 0.030738607049, 0.128120169044, 0.0235250741243, 0.11781321466, 0.0269933063537, 0.0795462876558, 0.124106571078]
    }
},
"lowlevel": {
    "melbands": {
        "dmean": [8.66808204592e-06, 4.06511207984e-05, 2.58003092313e-05, 5.10657046107e-05, 5.26941730641e-05, 8.33050798974e-05, 6.35561009403e-05, 0.000142269360367, 9.49956011027e-05, 7.14061607141e-05, 4.13083434978e-05, 3.47989407601e-05, 3.30707116518e-05, 2.47692369157e-05, 4.95682870678e-05, 4.21740733145e-05, 2.45601459028e-05, 1.644522672e-05, 1.31359010993e-05, 1.65046458278e-05, 4.85496684632e-06, 6.49955563858e-06, 3.02309217659e-06, 2.78694551525e-06, 3.98681140723e-06, 1.22888047827e-06, 6.54079258311e-07, 7.66747575653e-07, 7.84542862675e-07, 7.72430496454e-07, 3.82012444788e-07, 1.88737459439e-07, 1.3335720439e-07, 5.11497759703e-08, 2.07673860331e-08, 1.57669841627e-08, 3.05153791125e-09, 3.08375991409e-10, 3.32183967833e-11, 2.51976239353e-12],
        "dmean2": [1.46028532981e-05, 6.92955145496e-05, 4.00608296331e-05, 7.5948817539e-05, 7.99810586614e-05, 0.000128361891257, 9.88513347693e-05, 0.000212863218621, 0.000144134930451, 0.000109616063128, 6.57783311908e-05, 5.40751461813e-05, 5.14813109476e-05, 3.80424899049e-05, 7.89313271525e-05, 6.85990016791e-05, 3.71817295672e-05, 2.43668910116e-05, 2.0376239263e-05, 2.48870237556e-05, 7.58512805987e-06, 9.82715482678e-06, 4.51372443422e-06, 4.22862103733e-06, 5.98411588726e-06, 1.83738711712e-06, 9.53262258463e-07, 1.18420405215e-06, 1.14870113066e-06, 1.18677883165e-06, 5.32289959665e-07, 2.69989726576e-07, 1.83276242183e-07, 7.02938223185e-08, 2.91071593495e-08, 2.33542216677e-08, 4.63280525054e-09, 4.8207610126e-10, 5.23199678026e-11, 4.0313833001e-12],
        "dvar": [1.14311303478e-10, 2.42466313694e-09, 1.97225147325e-09, 5.72579805791e-09, 5.06173458703e-09, 1.70303167124e-08, 8.02425770274e-09, 8.22801240474e-08, 2.65539839006e-08, 1.39412046352e-08, 5.71339064948e-09, 5.02716757111e-09, 5.79332493089e-09, 2.30000307688e-09, 9.99733718032e-09, 9.93941107197e-09, 2.88550983107e-09, 1.36874345191e-09, 8.21631263026e-10, 1.3524592557e-09, 7.24295901033e-11, 1.8168799798e-10, 2.75488330065e-11, 2.65316327935e-11, 6.51403792018e-11, 7.80985606047e-12, 1.79511082648e-12, 4.20717193722e-12, 2.2505517415e-12, 2.22566388063e-12, 6.34274804987e-13, 2.13330872065e-13, 1.34119237526e-13, 2.04055522479e-14, 2.30353638149e-15, 1.30602570181e-15, 3.88869385013e-17, 5.57344990956e-19, 6.80434248242e-21, 2.85160627017e-23],
        "dvar2": [2.62263238904e-10, 5.76752112735e-09, 5.13611242425e-09, 1.36843656406e-08, 1.00812842518e-08, 3.51964963841e-08, 1.70693716939e-08, 1.50492667217e-07, 5.3262972699e-08, 3.14074597441e-08, 1.20702736695e-08, 1.15902318854e-08, 1.47186778321e-08, 4.68485339411e-09, 2.20681712904e-08, 2.45816735855e-08, 6.40333031043e-09, 2.76600764515e-09, 1.84183690521e-09, 2.91444401945e-09, 1.53753190735e-10, 3.83024667538e-10, 5.64257252034e-11, 5.3389070942e-11, 1.35820160674e-10, 1.64192583141e-11, 3.533527854e-12, 9.05967575265e-12, 4.56478301339e-12, 4.26072371829e-12, 1.12275412491e-12, 3.94296439032e-13, 2.50244296856e-13, 3.55821261669e-14, 4.03092306983e-15, 2.65114726809e-15, 7.67514155911e-17, 1.23403425652e-18, 1.53855771649e-20, 6.97634442677e-23],
        "max": [8.37965344545e-05, 0.000567308277823, 0.000711081200279, 0.00112917495426, 0.00085229810793, 0.00123245362192, 0.00139553518966, 0.00401287339628, 0.00188176135998, 0.00107596511953, 0.000738745904528, 0.00088179501472, 0.00103959743865, 0.000707807426807, 0.00106765364762, 0.00108839513268, 0.000666348612867, 0.000427310878877, 0.000270219228696, 0.000581295869779, 0.000109492139018, 0.000152460794197, 7.47473022784e-05, 6.05153836659e-05, 6.81142191752e-05, 3.95157148887e-05, 1.29118834593e-05, 2.8195192499e-05, 1.27618486658e-05, 1.29398622448e-05, 7.80451864557e-06, 4.97543305755e-06, 4.14040368923e-06, 1.76116157036e-06, 4.56771545032e-07, 4.42953876245e-07, 6.69739321779e-08, 6.4130487587e-09, 8.58839055429e-10, 6.98344021499e-11],
        "mean": [1.14273771032e-05, 5.51212433493e-05, 3.88244516216e-05, 8.30999269965e-05, 0.000104701815872, 0.00014832537272, 0.000139802068588, 0.00033606091165, 0.000185636206879, 0.000108925625682, 7.23584380466e-05, 5.84058834647e-05, 4.83217663714e-05, 3.66557942471e-05, 7.64425640227e-05, 6.34396565147e-05, 4.3552594434e-05, 2.21291138587e-05, 1.83640731848e-05, 2.52718364209e-05, 7.55571727495e-06, 1.03216852949e-05, 5.27501151737e-06, 4.27278109782e-06, 6.06982166573e-06, 1.96972450794e-06, 1.02154376691e-06, 1.13194710138e-06, 1.15552120405e-06, 1.22774224565e-06, 5.78769686399e-07, 2.72192323791e-07, 1.76909125571e-07, 6.96682249668e-08, 2.90189881014e-08, 2.36960513433e-08, 5.0562127818e-09, 4.13338752114e-10, 4.29753246878e-11, 3.07671986846e-12],
        "median": [6.72010492053e-06, 3.64622937923e-05, 2.47821717494e-05, 5.41069821338e-05, 7.56086956244e-05, 8.50315773278e-05, 5.51769771846e-05, 7.79906695243e-05, 4.765767153e-05, 3.26968256559e-05, 1.86629422387e-05, 1.20375998449e-05, 1.39867970574e-05, 1.4529327018e-05, 1.62314263434e-05, 1.28799865706e-05, 6.05260584052e-06, 5.45900502402e-06, 2.67052837444e-06, 5.39582697456e-06, 2.86414342554e-06, 3.22537221109e-06, 1.92272409549e-06, 1.55076770625e-06, 1.12130101115e-06, 6.20864796019e-07, 3.25848077409e-07, 1.70117658627e-07, 3.07367145069e-07, 2.6473901471e-07, 1.05113201698e-07, 4.84757443076e-08, 1.70058847004e-08, 5.77779912803e-09, 2.93382651506e-09, 2.35188002407e-09, 7.78372255539e-10, 6.43739644923e-11, 1.09145956162e-11, 1.20633310199e-12],
        "min": [1.81289469547e-10, 3.00470551218e-11, 1.35117663586e-11, 7.66742780378e-11, 1.0037681103e-10, 3.81076420419e-11, 1.56845508803e-11, 3.14352814612e-11, 7.9108889578e-12, 2.07626953824e-11, 1.34157468121e-11, 3.42318209369e-12, 4.60187096762e-12, 1.24143759508e-11, 2.65843042024e-11, 1.01220117357e-11, 5.78058998238e-12, 6.00944164222e-12, 4.38437003716e-12, 4.05227630965e-12, 1.82613733163e-12, 1.08042904051e-12, 1.08335963898e-12, 1.09267282722e-12, 1.44194964129e-12, 1.44220789824e-12, 1.26917779671e-12, 8.50650821484e-13, 8.44032471952e-13, 5.97511948773e-13, 5.51363533823e-13, 5.22129269074e-13, 4.18838032833e-13, 7.98149930479e-14, 2.9547393178e-13, 1.41777797727e-13, 9.23231353563e-14, 3.94475339167e-14, 7.32469369446e-14, 1.38098498362e-14],
        "var": [1.63473970471e-10, 3.41298322937e-09, 2.30053087691e-09, 9.03944208375e-09, 1.17922631659e-08, 3.28741514011e-08, 3.5331236603e-08, 3.40652832165e-07, 8.64879936557e-08, 2.7546295911e-08, 1.35354536468e-08, 9.48496392539e-09, 8.05619571054e-09, 3.90359522484e-09, 1.89512352478e-08, 2.01438741243e-08, 8.89556694972e-09, 2.34205388416e-09, 1.46057888006e-09, 3.31448357649e-09, 1.38233896552e-10, 3.81113668402e-10, 6.9524261348e-11, 4.6506725554e-11, 1.29016047845e-10, 1.93533505194e-11, 3.58915262962e-12, 8.39439195238e-12, 4.41833548914e-12, 4.76347173511e-12, 1.38436679654e-12, 4.06164359958e-13, 2.48757476206e-13, 3.97246390513e-14, 4.9683611141e-15, 3.19210062469e-15, 9.45689190727e-17, 9.24242812811e-19, 9.24302360121e-21, 2.98910535704e-23]
    },
    "mfcc": {
        "dmean": [39.5860023499, 13.661854744, 16.6477031708, 9.62374210358, 10.1978006363, 7.29203081131, 6.9426856041, 5.92915248871, 5.55615615845, 5.5578660965, 4.74183559418, 5.07584619522, 4.72896003723],
        "dmean2": [48.3680076599, 19.0080070496, 22.2506713867, 14.8761730194, 14.7283220291, 10.8443841934, 10.4629077911, 9.55660438538, 8.92926216125, 8.508436203, 7.60575628281, 7.69916152954, 7.55963277817],
        "dvar": [2126.64038086, 249.419372559, 343.620117188, 70.8264770508, 99.1964950562, 34.8638305664, 31.5912761688, 24.0370502472, 20.8016967773, 17.7944526672, 15.9547786713, 16.7754039764, 15.199637413],
        "dvar2": [3143.06494141, 362.458984375, 531.896240234, 149.93107605, 162.709487915, 70.3326263428, 72.992767334, 54.4758262634, 51.5346488953, 39.3122253418, 39.2635498047, 38.2788696289, 38.9907493591],
        "max": [-609.395690918, 228.760131836, 74.554107666, 77.925491333, 32.7106361389, 55.0930633545, 19.3809242249, 15.1108493805, 22.848651886, 17.4192295074, 22.5600852966, 31.0287456512, 21.4298934937],
        "mean": [-773.866088867, 177.34463501, -44.3058891296, 19.2793884277, -17.9502334595, -0.530805289745, -10.8911008835, -7.9385061264, -3.24336457253, -5.57671070099, 1.62974488735, 4.07279348373, -4.68606376648],
        "median": [-739.885559082, 185.146575928, -59.6581077576, 18.2212867737, -19.4279518127, -1.63697052002, -10.7597427368, -8.33191680908, -3.28512573242, -5.30139923096, 1.59037399292, 2.68504333496, -4.90504455566],
        "min": [-1138.42004395, 1.14440917969e-05, -114.975494385, -34.8955764771, -65.0676116943, -27.8982505798, -53.4554519653, -32.5160140991, -28.6976356506, -29.7318191528, -17.8892383575, -18.1565322876, -25.4578514099],
        "var": [10425.4345703, 892.759643555, 1773.53759766, 311.80682373, 464.0809021, 161.638717651, 151.507675171, 72.8488998413, 63.5648422241, 80.8900909424, 55.3531990051, 95.6691436768, 39.9199028015],
        "cov": [[10441.5234375, 372.657867432, -4048.78808594, 455.671234131, -1803.79711914, 68.2659835815, -879.589111328, -25.0667762756, -218.17805481, -165.860229492, 8.30983734131, 265.094482422, -143.204147339], [372.657867432, 894.137329102, -45.4499969482, -279.095306396, -28.1744613647, -244.751419067, 47.9643363953, -100.864173889, 44.9689598083, -139.274902344, -2.68450403214, 32.989566803, -8.54564762115], [-4048.78808594, -45.4499969482, 1776.27453613, -150.303909302, 703.310241699, 15.4837226868, 328.457794189, 34.1201248169, 76.4871902466, 75.5108718872, -12.8912248611, -111.300224304, 49.7954025269], [455.671234131, -279.095306396, -150.303909302, 312.287994385, 5.93206357956, 115.117897034, -44.3253898621, 10.8728370667, -33.7559623718, 15.4488325119, -13.2329492569, -45.4248008728, -18.0916290283], [-1803.79711914, -28.1744613647, 703.310241699, 5.93206357956, 464.797058105, 25.8767204285, 167.384048462, 3.92146968842, 4.68374490738, 26.2574634552, -15.8200454712, -90.5233764648, 9.82303619385], [68.2659835815, -244.751419067, 15.4837226868, 115.117897034, 25.8767204285, 161.888153076, -2.95292258263, 54.3462753296, -26.0624542236, 46.2017784119, -6.54190635681, -33.0225830078, -2.83728551865], [-879.589111328, 47.9643363953, 328.457794189, -44.3253898621, 167.384048462, -2.95292258263, 151.741485596, 12.0732831955, 30.1760082245, -7.49218130112, -11.009765625, -27.0358314514, 10.7533731461], [-25.0667762756, -100.864173889, 34.1201248169, 10.8728370667, 3.92146968842, 54.3462753296, 12.0732831955, 72.9613189697, 3.89115667343, 33.4506759644, 3.29084825516, 2.27983236313, 7.93220663071], [-218.17805481, 44.9689598083, 76.4871902466, -33.7559623718, 4.68374490738, -26.0624542236, 30.1760082245, 3.89115667343, 63.6629333496, 4.86877346039, 17.6178092957, 17.9133758545, 8.53740692139], [-165.860229492, -139.274902344, 75.5108718872, 15.4488325119, 26.2574634552, 46.2017784119, -7.49218130112, 33.4506759644, 4.86877346039, 81.0149230957, 25.126411438, 2.02379870415, 6.80067491531], [8.30983734131, -2.68450403214, -12.8912248611, -13.2329492569, -15.8200454712, -6.54190635681, -11.009765625, 3.29084825516, 17.6178092957, 25.126411438, 55.438621521, 36.1856307983, 7.27036857605], [265.094482422, 32.989566803, -111.300224304, -45.4248008728, -90.5233764648, -33.0225830078, -27.0358314514, 2.27983236313, 17.9133758545, 2.02379870415, 36.1856307983, 95.8167800903, 8.81157779694], [-143.204147339, -8.54564762115, 49.7954025269, -18.0916290283, 9.82303619385, -2.83728551865, 10.7533731461, 7.93220663071, 8.53740692139, 6.80067491531, 7.27036857605, 8.81157779694, 39.9815101624]],
        "icov": [[0.0898943096399, -0.124074585736, 0.124021604657, -0.114709481597, 0.118915587664, -0.113113127649, 0.104696437716, -0.0965238288045, 0.0846089050174, -0.0749554485083, 0.0664319545031, -0.0538628324866, 0.0373110584915], [-0.124074585736, 0.174060299993, -0.170835867524, 0.160134792328, -0.164566263556, 0.15798252821, -0.144802749157, 0.133817777038, -0.117577210069, 0.106793187559, -0.0930122211576, 0.0752633363008, -0.0506630204618], [0.124021604657, -0.170835867524, 0.17304033041, -0.157189458609, 0.161589488387, -0.156172588468, 0.143543556333, -0.132890686393, 0.115215182304, -0.104219794273, 0.0923316627741, -0.0741967409849, 0.0507195107639], [-0.114709481597, 0.160134792328, -0.157189458609, 0.15300886333, -0.153553158045, 0.141255915165, -0.132103458047, 0.124983400106, -0.109600290656, 0.0984593331814, -0.0856493264437, 0.0705722048879, -0.0464629456401], [0.118915587664, -0.164566263556, 0.161589488387, -0.153553158045, 0.165302753448, -0.148824200034, 0.134068667889, -0.126639977098, 0.115816898644, -0.100837595761, 0.0857706815004, -0.0682057589293, 0.0497643910348], [-0.113113127649, 0.15798252821, -0.156172588468, 0.141255915165, -0.148824200034, 0.157860904932, -0.133514672518, 0.113943368196, -0.102234877646, 0.0918901115656, -0.0844809189439, 0.0708323419094, -0.0459286756814], [0.104696437716, -0.144802749157, 0.143543556333, -0.132103458047, 0.134068667889, -0.133514672518, 0.137852609158, -0.115762405097, 0.0920838117599, -0.0820522233844, 0.0791388377547, -0.0626914799213, 0.0426882393658], [-0.0965238288045, 0.133817777038, -0.132890686393, 0.124983400106, -0.126639977098, 0.113943368196, -0.115762405097, 0.127057135105, -0.0930434688926, 0.0741819143295, -0.0678239837289, 0.0551543235779, -0.0425024069846], [0.0846089050174, -0.117577210069, 0.115215182304, -0.109600290656, 0.115816898644, -0.102234877646, 0.0920838117599, -0.0930434688926, 0.103775113821, -0.0730058923364, 0.0563873797655, -0.0516489036381, 0.0341981612146], [-0.0749554485083, 0.106793187559, -0.104219794273, 0.0984593331814, -0.100837595761, 0.0918901115656, -0.0820522233844, 0.0741819143295, -0.0730058923364, 0.0896156206727, -0.0675599873066, 0.0477903708816, -0.0305462218821], [0.0664319545031, -0.0930122211576, 0.0923316627741, -0.0856493264437, 0.0857706815004, -0.0844809189439, 0.0791388377547, -0.0678239837289, 0.0563873797655, -0.0675599873066, 0.0819458737969, -0.051657769829, 0.025348585099], [-0.0538628324866, 0.0752633363008, -0.0741967409849, 0.0705722048879, -0.0682057589293, 0.0708323419094, -0.0626914799213, 0.0551543235779, -0.0516489036381, 0.0477903708816, -0.051657769829, 0.0521494708955, -0.0239906664938], [0.0373110584915, -0.0506630204618, 0.0507195107639, -0.0464629456401, 0.0497643910348, -0.0459286756814, 0.0426882393658, -0.0425024069846, 0.0341981612146, -0.0305462218821, 0.025348585099, -0.0239906664938, 0.0436646752059]]
    }
}

}