{
"metadata": {
    "version": {
        "essentia": "2.0.1",
        "extractor": "archive-music 1.0 mod ismir14"
    },
    "audio_properties": {
        "analysis_sample_rate": 44100,
        "bitrate": 96,
        "channels": 2,
        "equal_loudness": 0,
        "length": 30.0669155121,
        "replay_gain": -14.3366317749,
        "downmix": "mix"
    },
    "tags": {
        "track": 0,
        "year": 0,
        "album": "",
        "artist": "",
        "comment": "",
        "genre": "",
        "title": ""
    }
},
"rhythm": {
    "bpm": 109.23135376,
    "bpm_histogram_first_peak": 110,
    "bpm_histogram_first_peak_spread": 0.509433984756,
    "bpm_histogram_first_peak_weight": 0.490566045046,
    "bpm_histogram_second_peak": 0,
    "bpm_histogram_second_peak_spread": 0,
    "bpm_histogram_second_peak_weight": 0
},
"tonal": {
    "tuning_frequency": {
        "dmean": 0.0304388683289,
        "dmean2": 0.0556090399623,
        "dvar": 0.352144747972,
        "dvar2": 0.742029428482,
        "max": 454.465301514,
        "mean": 434.415435791,
        "median": 434.193115234,
        "min": 433.942382812,
        "var": 2.15246748924
    },
    "hpcp": {
        "dmean": [0.150586903095, 0.185985505581, 0.258016318083, 0.279320180416, 0.222725957632, 0.156497567892, 0.12121924758, 0.137447282672, 0.205202504992, 0.113941453397, 0.133768483996, 0.141003787518],
        "dmean2": [0.284684836864, 0.356948852539, 0.496203005314, 0.533645153046, 0.427194833755, 0.288027763367, 0.227695599198, 0.256729394197, 0.385695546865, 0.217850476503, 0.255686819553, 0.272449553013],
        "dvar": [0.0845558941364, 0.113689109683, 0.150788858533, 0.146102026105, 0.131492450833, 0.0863308236003, 0.0735741406679, 0.0772724822164, 0.0981819629669, 0.072514526546, 0.0804362371564, 0.0868585333228],
        "dvar2": [0.231407821178, 0.309634596109, 0.410549193621, 0.380736142397, 0.353675186634, 0.233928099275, 0.203109651804, 0.210844278336, 0.264290511608, 0.210156023502, 0.238294363022, 0.24405322969],
        "max": [1, 1, 1, 1, 1, 1, 1, 1, 1, 1, 1, 1],
        "mean": [0.116558536887, 0.126099914312, 0.186212792993, 0.243776232004, 0.148405998945, 0.132700547576, 0.0895987600088, 0.119326889515, 0.222322046757, 0.0720166042447, 0.0979704037309, 0.0899593010545],
        "median": [0.00721722329035, 0.00328694330528, 0.00587019184604, 0.0205015707761, 0.00316694960929, 0.00957244820893, 0.00225523579866, 0.0047928923741, 0.025710914284, 0.00204952387139, 0.00454869866371, 0.00297823641449],
        "min": [0, 0, 0, 0, 0, 0, 0, 0, 0, 0, 0, 0],
        "var": [0.0688531249762, 0.082925491035, 0.125142157078, 0.143274620175, 0.100442580879, 0.0789134651423, 0.05773537606, 0.0734706223011, 0.123543165624, 0.0463201999664, 0.0606906600296, 0.0577545464039]
    }
},
"lowlevel": {
    "melbands": {
        "dmean": [0.00176074681804, 0.00560355139896, 0.00517978193238, 0.00216759438626, 0.000916673161555, 0.000602686486673, 0.000360241625458, 0.00033454480581, 0.000430242333096, 0.000323512736941, 7.46628938941e-05, 8.69629147928e-05, 5.61367814953e-05, 5.01115246152e-05, 5.61473352718e-05, 5.68278228457e-05, 6.23582091066e-05, 5.05745920236e-05, 2.60852757492e-05, 5.20864923601e-05, 2.41975030804e-05, 1.68389142345e-05, 2.01045877475e-05, 1.17534473247e-05, 6.46630360279e-06, 4.4612252168e-06, 2.51012261288e-06, 1.77254844402e-06, 1.96005817088e-06, 1.35446737204e-06, 1.08496101348e-06, 1.05645472104e-06, 9.55341988629e-07, 6.65256607135e-07, 5.49379990389e-07, 3.81222520218e-07, 2.15213830757e-07, 6.28327612162e-08, 1.55580472949e-08, 1.58830271157e-09],
        "dmean2": [0.00290019111708, 0.0094701750204, 0.008629495278, 0.0035806465894, 0.00151123735122, 0.00104900763836, 0.000613400246948, 0.000505535746925, 0.00062234030338, 0.000475006207125, 0.000110522458272, 0.000130088359583, 8.31256766105e-05, 7.24133205949e-05, 8.20357527118e-05, 8.42304798425e-05, 9.91629640339e-05, 7.62363924878e-05, 3.86270658055e-05, 7.81044509495e-05, 3.68554829038e-05, 2.58842210314e-05, 3.16515142913e-05, 1.90461905731e-05, 1.03414249679e-05, 7.17990860721e-06, 4.02120122089e-06, 2.9502034522e-06, 3.20295112033e-06, 2.23262850341e-06, 1.68355802543e-06, 1.74190506641e-06, 1.51789413394e-06, 1.0419927321e-06, 8.83149539277e-07, 6.09219853231e-07, 3.42125844099e-07, 9.29302217401e-08, 2.4187814418e-08, 2.42254372118e-09],
        "dvar": [1.9004331989e-05, 4.43562494183e-05, 2.89856343443e-05, 8.47925093694e-06, 1.63143818099e-06, 9.80424260888e-07, 3.07711843561e-07, 4.12784402215e-07, 7.5670732258e-07, 6.60062369207e-07, 3.16720871751e-08, 6.37604600229e-08, 2.28594707607e-08, 2.24830802864e-08, 2.87868378024e-08, 2.54757885898e-08, 3.16294865854e-08, 1.57440478432e-08, 4.62134908119e-09, 5.00361885258e-08, 3.30178395735e-09, 1.64901081678e-09, 2.81257594992e-09, 9.01180796653e-10, 1.69715602683e-10, 1.35920316668e-10, 3.65370511624e-11, 2.32702832698e-11, 2.1072223827e-11, 1.38132049202e-11, 8.75476600937e-12, 1.00413080628e-11, 6.84576050361e-12, 4.68357817807e-12, 3.87186506814e-12, 3.04090628546e-12, 1.83511083933e-12, 9.54118782679e-14, 4.73429541758e-15, 8.24493003481e-17],
        "dvar2": [3.94575290557e-05, 0.000133407986141, 8.43230227474e-05, 2.16033477045e-05, 4.27707163908e-06, 3.0471323953e-06, 8.61021476339e-07, 8.64101423304e-07, 1.47975538312e-06, 1.24040730043e-06, 6.28368255207e-08, 1.20304136431e-07, 4.65953071682e-08, 4.4505245711e-08, 5.34520410156e-08, 5.80037031739e-08, 8.26683148603e-08, 3.53679361353e-08, 9.65536273156e-09, 1.21659638808e-07, 7.57612372837e-09, 4.0108680821e-09, 7.67913732602e-09, 2.55523691095e-09, 4.10868838951e-10, 3.66981611766e-10, 9.19828796464e-11, 6.15750228583e-11, 5.4607870309e-11, 3.49664359967e-11, 2.03398964338e-11, 2.58091551603e-11, 1.64123870744e-11, 1.06684244772e-11, 9.54892241667e-12, 7.23344864909e-12, 5.07046227921e-12, 1.6447279194e-13, 1.11064332237e-14, 1.47166640925e-16],
        "max": [0.0667638704181, 0.0687164440751, 0.0478871427476, 0.0336748920381, 0.0127015644684, 0.0118867810816, 0.00726035796106, 0.0125571265817, 0.0216840207577, 0.0182300359011, 0.00737978704274, 0.00900014396757, 0.00477946829051, 0.00402776012197, 0.0039601395838, 0.00295330723748, 0.0033241098281, 0.0026726545766, 0.00124466465786, 0.00651731621474, 0.00130330771208, 0.00107618735638, 0.00123507075477, 0.000515080813784, 0.000193404732272, 0.000286797148874, 0.000104511935206, 0.000106666113425, 6.53961178614e-05, 7.75737353251e-05, 8.35693645058e-05, 6.76258423482e-05, 6.03054577368e-05, 6.73444083077e-05, 7.59278482292e-05, 8.09356643003e-05, 5.87695467402e-05, 1.4389673197e-05, 2.70325585916e-06, 4.68165325174e-07],
        "mean": [0.00234400760382, 0.00926893297583, 0.00817097257823, 0.00317951641046, 0.00137362082023, 0.00103385245893, 0.000627875211649, 0.000709492072929, 0.000934231095016, 0.000734976842068, 0.0001731475204, 0.000157626054715, 0.000109023028926, 0.000105522798549, 0.000104034479591, 0.000107864194433, 0.0001013440924, 9.64209393715e-05, 5.44466456631e-05, 0.00010497844778, 4.71078237751e-05, 3.20268882206e-05, 4.23281089752e-05, 2.517224857e-05, 1.23198296933e-05, 7.81445760367e-06, 4.44142597189e-06, 3.07582013193e-06, 3.36400103151e-06, 2.40029567067e-06, 1.96445557776e-06, 1.95239817913e-06, 1.79623441454e-06, 1.32130719521e-06, 1.02260241874e-06, 6.85413340307e-07, 3.90259060623e-07, 1.32645567419e-07, 2.99834432838e-08, 2.3808632843e-09],
        "median": [0.00109944934957, 0.00753873540089, 0.00647739879787, 0.00213519227691, 0.000789801997598, 0.000366454623872, 0.000278357125353, 0.000235699990299, 0.000229140699957, 0.000139139418025, 5.05406751472e-05, 3.97525873268e-05, 2.92677559628e-05, 2.0898249204e-05, 2.25796175073e-05, 2.12425966311e-05, 1.91168619494e-05, 1.94976619241e-05, 1.34296406031e-05, 1.23308136608e-05, 1.19945916595e-05, 1.0974318684e-05, 8.08835284261e-06, 5.06593096361e-06, 3.67446386917e-06, 2.51456481237e-06, 1.35867844619e-06, 8.64221135544e-07, 8.61612591052e-07, 4.66287531253e-07, 3.56063566187e-07, 3.38098715247e-07, 3.09911712293e-07, 2.54586780102e-07, 1.78743320589e-07, 1.3644273622e-07, 7.33108365125e-08, 2.36505766082e-08, 5.43905631645e-09, 2.9503313681e-10],
        "min": [3.91732990077e-23, 1.93944892982e-23, 1.20732305868e-23, 3.76806984444e-23, 5.72113861556e-23, 4.95229458249e-23, 2.25917614797e-23, 2.33347753669e-23, 5.09805540962e-24, 2.79222050568e-24, 1.78739599034e-23, 3.28547819032e-23, 1.62327347901e-23, 1.35629439192e-23, 1.00745378874e-23, 1.27920777201e-23, 1.14070935614e-23, 9.71387068155e-24, 2.40408610973e-23, 7.75479615458e-24, 5.08975107087e-24, 1.26721637627e-23, 1.66065743953e-23, 2.89446382098e-23, 7.70407807817e-23, 3.72930332629e-23, 2.45520524302e-23, 2.819909839e-23, 3.19625265769e-23, 2.89265259634e-23, 1.99446771811e-23, 1.3084228412e-23, 1.06826407825e-23, 1.67714794567e-23, 3.84277623434e-23, 1.50010862588e-23, 1.27661439178e-23, 9.75884206403e-24, 1.69152288463e-23, 1.65859803926e-23],
        "var": [2.9248316423e-05, 6.43937964924e-05, 4.49175531685e-05, 1.18807292893e-05, 2.58777731688e-06, 2.40279291575e-06, 7.6778184166e-07, 1.77488425379e-06, 3.26659301209e-06, 3.47562831848e-06, 1.89009981e-07, 2.280639535e-07, 9.11908841772e-08, 7.10631766765e-08, 8.70459118119e-08, 7.18968919955e-08, 6.24755642775e-08, 6.21185805016e-08, 1.5280761545e-08, 1.81678871058e-07, 1.10631610539e-08, 3.17923687376e-09, 1.04977040394e-08, 3.17012704976e-09, 4.48968751066e-10, 2.13422723938e-10, 6.78242184637e-11, 4.03472810717e-11, 4.51870624252e-11, 2.83420058256e-11, 2.01664934751e-11, 2.17386247892e-11, 1.89350427698e-11, 1.33681130401e-11, 1.11625517857e-11, 8.41149632586e-12, 4.44733789726e-12, 3.96462051556e-13, 1.50388616084e-14, 2.27671233035e-16]
    },
    "mfcc": {
        "dmean": [13.1807565689, 9.51475906372, 8.51623725891, 7.84861183167, 7.43499565125, 7.09545135498, 6.9313659668, 6.86256790161, 6.55117797852, 6.55719089508, 6.56198883057, 6.3121972084, 5.96202850342],
        "dmean2": [17.0459270477, 13.9981641769, 12.947640419, 12.3441925049, 11.8197727203, 11.241894722, 11.2425031662, 11.1551380157, 10.639626503, 10.6266174316, 10.7856855392, 10.2891273499, 9.75346374512],
        "dvar": [375.35168457, 105.01033783, 55.2883262634, 48.7905044556, 38.5607528687, 34.2192230225, 30.3812007904, 30.5963077545, 28.1833381653, 28.6903057098, 27.7323932648, 24.900970459, 21.8868598938],
        "dvar2": [504.225769043, 184.382888794, 110.62966156, 114.774490356, 88.4212188721, 81.6262359619, 77.0249099731, 78.7764892578, 71.0350265503, 73.474571228, 72.6573104858, 65.4156265259, 58.6974029541],
        "max": [-509.927764893, 271.200439453, 121.326538086, 118.833732605, 62.0812644958, 61.2129249573, 24.8806686401, 61.4465332031, 24.2553215027, 52.1441421509, 36.3369789124, 49.1585845947, 25.7373962402],
        "mean": [-655.938354492, 188.533340454, -7.87567090988, 45.7821273804, 3.43379378319, 16.3292503357, -15.6396484375, 13.2903308868, -8.99702548981, 7.87366342545, -4.93014669418, 2.76321148872, -10.2713193893],
        "median": [-641.295837402, 190.775177002, -9.14838027954, 44.6033592224, 3.40250778198, 17.0545654297, -14.5615901947, 13.633890152, -8.68979072571, 7.14430427551, -5.64921188354, 2.46138000488, -10.0115699768],
        "min": [-1138.42004395, 1.14440917969e-05, -112.195739746, -45.2109298706, -55.2987670898, -43.9380760193, -67.8091201782, -35.90625, -52.9863777161, -35.9463119507, -39.6217956543, -34.4919548035, -47.0362243652],
        "var": [5651.08837891, 1295.03430176, 1161.1595459, 528.987365723, 341.418579102, 251.862136841, 246.121520996, 171.278701782, 113.3097229, 176.771499634, 125.488761902, 96.5643844604, 92.3433227539],
        "cov": [[5653.27050781, -1267.91650391, -1030.93908691, 80.086265564, -612.147277832, 192.844085693, -488.157562256, 266.361206055, -221.739547729, 255.738052368, -132.782562256, 130.316101074, -179.719360352], [-1267.91650391, 1295.53442383, -253.267959595, -338.131591797, 152.198486328, -213.700561523, 202.423049927, -120.63710022, 65.7330474854, -50.661655426, 137.419219971, -58.4274177551, 56.5474128723], [-1030.93908691, -253.267959595, 1161.60778809, 279.345581055, -4.25424480438, 228.729904175, 119.56565094, 47.597240448, -3.34986877441, -69.9985427856, -69.3143615723, -1.19156420231, 3.83233976364], [80.086265564, -338.131591797, 279.345581055, 529.191589355, 106.768699646, 49.3297805786, -126.744064331, 39.1281547546, 21.9119758606, -63.3363113403, -86.1291885376, 6.98353815079, 4.48461484909], [-612.147277832, 152.198486328, -4.25424480438, 106.768699646, 341.550415039, -55.3831977844, -8.66610813141, -14.6173553467, 38.7710647583, -11.6172647476, 4.98106431961, 3.36963844299, 15.4764480591], [192.844085693, -213.700561523, 228.729904175, 49.3297805786, -55.3831977844, 251.959381104, 50.2789840698, 23.0938682556, -17.9474372864, 12.9395437241, -16.9671516418, 6.01555681229, -20.7866096497], [-488.157562256, 202.423049927, 119.56565094, -126.744064331, -8.66610813141, 50.2789840698, 246.216552734, 3.45100331306, -8.15546512604, 8.81506538391, 44.3198432922, -8.87288665771, 5.27183008194], [266.361206055, -120.63710022, 47.597240448, 39.1281547546, -14.6173553467, 23.0938682556, 3.45100331306, 171.344833374, -6.13804292679, 18.4207496643, -10.0859632492, 28.3666591644, -19.8588008881], [-221.739547729, 65.7330474854, -3.34986877441, 21.9119758606, 38.7710647583, -17.9474372864, -8.15546512604, -6.13804292679, 113.353477478, 10.1340341568, -1.33779835701, -8.9988155365, 6.45552825928], [255.738052368, -50.661655426, -69.9985427856, -63.3363113403, -11.6172647476, 12.9395437241, 8.81506538391, 18.4207496643, 10.1340341568, 176.839736938, 53.0516052246, -0.995687782764, -38.1535224915], [-132.782562256, 137.419219971, -69.3143615723, -86.1291885376, 4.98106431961, -16.9671516418, 44.3198432922, -10.0859632492, -1.33779835701, 53.0516052246, 125.537208557, 14.5364971161, -6.70189666748], [130.316101074, -58.4274177551, -1.19156420231, 6.98353815079, 3.36963844299, 6.01555681229, -8.87288665771, 28.3666591644, -8.9988155365, -0.995687782764, 14.5364971161, 96.6016693115, 21.5876274109], [-179.719360352, 56.5474128723, 3.83233976364, 4.48461484909, 15.4764480591, -20.7866096497, 5.27183008194, -19.8588008881, 6.45552825928, -38.1535224915, -6.70189666748, 21.5876274109, 92.3789749146]],
        "icov": [[0.000803238654044, 9.09916416276e-05, 0.000961499114055, -0.00045717813191, 0.00120707659516, -0.000898863421753, 0.00089938333258, -0.000715562317055, 0.00109383533709, -0.000957041396759, 0.000978062744252, -0.00088543316815, 0.000685805105604], [9.09916416276e-05, 0.00173460505903, 0.000178676709766, 0.000698288029525, -0.000552739598788, 0.000916975783184, -0.000981449033134, 0.000339458085364, -0.000684746017214, 0.000931029848289, -0.00122448324692, 0.000859998515807, -0.000355594645953], [0.000961499114055, 0.000178676709766, 0.00251159840263, -0.00131577753928, 0.00153264636174, -0.00189437845256, 8.13400110928e-05, -0.000916419317946, 0.00120600825176, -0.000819183071144, 0.00140050379559, -0.000995795126073, 0.000747887417674], [-0.00045717813191, 0.000698288029525, -0.00131577753928, 0.00389081821777, -0.00204339856282, 0.000462378899101, 0.00100549217314, -4.04299426009e-05, -0.00128315400798, 0.00157628965098, -0.000342376006301, 0.000966316671111, -0.000580812979024], [0.00120707659516, -0.000552739598788, 0.00153264636174, -0.00204339856282, 0.00560612557456, -0.000890205381438, 0.00116510491353, -0.000866789952852, 0.00107194192242, -0.00188796850853, 0.00159578875173, -0.00196926807985, 0.00105123908725], [-0.000898863421753, 0.000916975783184, -0.00189437845256, 0.000462378899101, -0.000890205381438, 0.00709321675822, -0.00272314134054, 0.00117623107508, -0.00117069436237, 0.000823102542199, -0.00107694719918, 0.00075054372428, 6.7849039624e-05], [0.00089938333258, -0.000981449033134, 8.13400110928e-05, 0.00100549217314, 0.00116510491353, -0.00272314134054, 0.00783525966108, -0.00175651640166, 0.00184554723091, -0.00120735436212, 2.04366788239e-05, -0.000386789935874, 0.000129867708893], [-0.000715562317055, 0.000339458085364, -0.000916419317946, -4.04299426009e-05, -0.000866789952852, 0.00117623107508, -0.00175651640166, 0.00757864676416, -0.00106174196117, 0.000234241553699, -0.00010553914035, -0.00159756070934, 0.00111601711251], [0.00109383533709, -0.000684746017214, 0.00120600825176, -0.00128315400798, 0.00107194192242, -0.00117069436237, 0.00184554723091, -0.00106174196117, 0.0113965421915, -0.00287001789548, 0.00216079852544, -0.000579241313972, 9.32199836825e-05], [-0.000957041396759, 0.000931029848289, -0.000819183071144, 0.00157628965098, -0.00188796850853, 0.000823102542199, -0.00120735436212, 0.000234241553699, -0.00287001789548, 0.00934584531933, -0.00488435057923, 0.00180949328933, 0.00142972741742], [0.000978062744252, -0.00122448324692, 0.00140050379559, -0.000342376006301, 0.00159578875173, -0.00107694719918, 2.04366788239e-05, -0.00010553914035, 0.00216079852544, -0.00488435057923, 0.0133331129327, -0.00424672709778, 0.00186870631296], [-0.00088543316815, 0.000859998515807, -0.000995795126073, 0.000966316671111, -0.00196926807985, 0.00075054372428, -0.000386789935874, -0.00159756070934, -0.000579241313972, 0.00180949328933, -0.00424672709778, 0.0141388662159, -0.00490147667006], [0.000685805105604, -0.000355594645953, 0.000747887417674, -0.000580812979024, 0.00105123908725, 6.7849039624e-05, 0.000129867708893, 0.00111601711251, 9.32199836825e-05, 0.00142972741742, 0.00186870631296, -0.00490147667006, 0.0143106207252]]
    }
}

}