{
"metadata": {
    "version": {
        "essentia": "2.0.1",
        "extractor": "archive-music 1.0 mod ismir14"
    },
    "audio_properties": {
        "analysis_sample_rate": 44100,
        "bitrate": 160,
        "channels": 2,
        "equal_loudness": 0,
        "length": 30.0669155121,
        "replay_gain": -8.42432594299,
        "downmix": "mix"
    },
    "tags": {
        "track": 7,
        "year": 0,
        "album": "The Cool Jazz Collection",
        "artist": "Astrud Gilberto",
        "comment": "",
        "genre": "Jazz",
        "title": "Girl From Ipanema"
    }
},
"rhythm": {
    "bpm": 130.002792358,
    "bpm_histogram_first_peak": 129,
    "bpm_histogram_first_peak_spread": 0.490909099579,
    "bpm_histogram_first_peak_weight": 0.444444447756,
    "bpm_histogram_second_peak": 136,
    "bpm_histogram_second_peak_spread": 0.199999988079,
    "bpm_histogram_second_peak_weight": 0.0634920671582
},
"tonal": {
    "tuning_frequency": {
        "dmean": 0.119880490005,
        "dmean2": 0.226118847728,
        "dvar": 1.59106779099,
        "dvar2": 3.38910102844,
        "max": 456.306610107,
        "mean": 437.63494873,
        "median": 434.193115234,
        "min": 431.692352295,
        "var": 32.4111366272
    },
    "hpcp": {
        "dmean": [0.104682207108, 0.129501983523, 0.162353754044, 0.178327411413, 0.154414564371, 0.125567182899, 0.145480945706, 0.154176846147, 0.233111023903, 0.140325859189, 0.12118536979, 0.111136615276],
        "dmean2": [0.201921224594, 0.250494539738, 0.313567072153, 0.340550661087, 0.298156768084, 0.242261201143, 0.279202103615, 0.297554165125, 0.448848068714, 0.274149417877, 0.232185959816, 0.214722931385],
        "dvar": [0.0702531933784, 0.0863825529814, 0.107462890446, 0.105569131672, 0.0993917956948, 0.0820609405637, 0.0898196473718, 0.100830763578, 0.136299654841, 0.100535720587, 0.0776322707534, 0.0771208330989],
        "dvar2": [0.196485519409, 0.245165467262, 0.30282869935, 0.290939003229, 0.284843534231, 0.236624673009, 0.255587369204, 0.285954624414, 0.381571918726, 0.286161631346, 0.214604943991, 0.219110295177],
        "max": [1, 1, 1, 1, 1, 1, 1, 1, 1, 1, 1, 1],
        "mean": [0.0666890740395, 0.11561088264, 0.115039125085, 0.202671870589, 0.112644478679, 0.0959364622831, 0.135908842087, 0.116825692356, 0.205031782389, 0.0916281193495, 0.0949848815799, 0.0870317667723],
        "median": [0.000340421771398, 0.00174809538294, 0.000690309272613, 0.00313579919748, 0.00109452626202, 0.00104052689858, 0.0015373066999, 0.00105580838863, 0.00504146236926, 0.000326288136421, 0.00179732393008, 0.000619415135588],
        "min": [0, 0, 0, 0, 0, 0, 0, 0, 0, 0, 0, 0],
        "var": [0.0473003312945, 0.0827228575945, 0.0846557915211, 0.132668212056, 0.0791624933481, 0.0688197314739, 0.0943326279521, 0.0835328996181, 0.134617850184, 0.0716441273689, 0.0624707788229, 0.0651466995478]
    }
},
"lowlevel": {
    "melbands": {
        "dmean": [0.00078565190779, 0.00344606977887, 0.00357075757347, 0.00183893041685, 0.000991676817648, 0.000364971259842, 0.000129096632008, 0.000118940755783, 4.97749751958e-05, 2.66532806563e-05, 2.70488126262e-05, 2.70393302344e-05, 8.31064699014e-06, 6.0934225985e-06, 7.93908930063e-06, 4.62428533865e-06, 3.64873881153e-06, 1.62515573265e-06, 1.60739807598e-06, 1.57595582095e-06, 1.00215777366e-06, 1.23288657505e-06, 1.41772090956e-06, 1.53866972141e-06, 5.84847271057e-07, 3.7114676843e-07, 5.47759213987e-07, 8.33829915337e-07, 6.6535494625e-07, 8.81103630945e-07, 1.40406052651e-06, 2.20555421038e-06, 2.83415556623e-06, 1.68204860529e-06, 6.74148338931e-07, 3.03254836354e-07, 2.02119153414e-07, 7.49135011802e-08, 2.04797121484e-08, 2.91311863521e-09],
        "dmean2": [0.00132386852056, 0.00594392325729, 0.00619292678311, 0.0031099463813, 0.00163544039242, 0.000614841992501, 0.000191136496142, 0.000168616272276, 6.81840101606e-05, 3.52017705154e-05, 3.6002289562e-05, 3.51140843122e-05, 1.16408655231e-05, 9.01774365047e-06, 1.09410775622e-05, 6.94826712788e-06, 5.06012884216e-06, 2.43356907959e-06, 2.22517201109e-06, 2.27087048188e-06, 1.49492529999e-06, 1.83653969543e-06, 2.04647653845e-06, 2.31675085161e-06, 8.69234042966e-07, 5.66065466501e-07, 7.98849043804e-07, 1.34506410632e-06, 1.01058799373e-06, 1.29643842683e-06, 2.25740313908e-06, 3.48635512637e-06, 4.58103659184e-06, 2.58878117165e-06, 1.06366087493e-06, 4.42199535655e-07, 2.96648721587e-07, 1.16160848052e-07, 3.01536218217e-08, 4.68400385145e-09],
        "dvar": [2.27492591875e-06, 3.03984070342e-05, 3.74192786694e-05, 9.32099101192e-06, 2.57062743003e-06, 3.86862865298e-07, 1.43244832884e-07, 1.32846366796e-07, 1.78121961625e-08, 9.47787359706e-09, 6.55022303064e-09, 1.73712439988e-08, 6.86086409907e-10, 2.87660589793e-10, 7.09171998903e-10, 5.15514131383e-10, 4.90668561337e-10, 4.85379375581e-11, 7.7188977432e-11, 7.60638843578e-11, 1.69614045031e-11, 1.58040247555e-11, 2.06300011796e-11, 5.07065084365e-11, 6.95861597511e-12, 1.3563987173e-12, 3.99530408757e-12, 1.49664811794e-11, 6.77196536694e-12, 2.54867654759e-11, 6.08887038012e-11, 1.59278409906e-10, 6.27046359281e-10, 1.59873239647e-10, 1.04867850514e-11, 1.04547837401e-12, 4.66882988433e-13, 8.64704832802e-14, 7.76100121262e-15, 3.08744885703e-16],
        "dvar2": [5.90580884818e-06, 9.17821016628e-05, 0.00012080482702, 2.57737574429e-05, 6.97827363183e-06, 1.06048855741e-06, 2.28900290722e-07, 1.96632711891e-07, 2.76551812561e-08, 1.17180274373e-08, 1.13169633664e-08, 1.89469560041e-08, 1.38934830307e-09, 5.81491244045e-10, 1.16436271735e-09, 1.09193054598e-09, 7.72030495089e-10, 9.95544618965e-11, 1.20577881013e-10, 1.57385854349e-10, 3.63584613805e-11, 3.14619025277e-11, 3.98914443145e-11, 1.35890895758e-10, 1.71865178339e-11, 3.23314161901e-12, 8.38808363046e-12, 3.9429511739e-11, 1.56575603177e-11, 5.6073656135e-11, 1.41453390667e-10, 3.695350137e-10, 1.68121883082e-09, 3.51759149586e-10, 2.87538638732e-11, 2.21579872506e-12, 1.10239844597e-12, 2.14495007042e-13, 1.56056249059e-14, 8.56487529012e-16],
        "max": [0.0355494655669, 0.0800166428089, 0.0597771555185, 0.0814377516508, 0.0257384218276, 0.0113415829837, 0.00937692448497, 0.00820390600711, 0.00362013559788, 0.00418292358518, 0.00214404519647, 0.00977329537272, 0.000928524241317, 0.000612225732766, 0.00159434450325, 0.000818457570858, 0.00108273408841, 0.000275366212009, 0.00038590549957, 0.000306500296574, 0.000124772646814, 9.01172679733e-05, 9.06920031412e-05, 0.000174514309037, 0.000101174620795, 2.89880954369e-05, 6.27038098173e-05, 0.000131209337269, 6.89482694725e-05, 0.000168083468452, 0.000194581400137, 0.00027147581568, 0.000940833298955, 0.000619841099251, 8.81573432707e-05, 2.46472918661e-05, 1.35951704578e-05, 1.03420306914e-05, 2.99999601339e-06, 6.73257886774e-07],
        "mean": [0.00150866771583, 0.00614829361439, 0.00744007667527, 0.00365393678658, 0.00226469757035, 0.000809902208857, 0.000303300534142, 0.00029904404073, 0.000140647243825, 8.67820563144e-05, 8.47467017593e-05, 8.57738195919e-05, 2.2369047656e-05, 1.25714122987e-05, 1.97200843104e-05, 1.18315701911e-05, 8.2020105765e-06, 3.38092308994e-06, 3.28837631969e-06, 3.16980435855e-06, 1.722020329e-06, 2.61173772742e-06, 3.07397294819e-06, 2.46356694333e-06, 1.05811784579e-06, 7.16686884061e-07, 9.87363705462e-07, 1.2745741742e-06, 1.09396205517e-06, 1.37812321555e-06, 2.36120013142e-06, 3.86696410715e-06, 4.11756491303e-06, 2.85075930151e-06, 1.26271106637e-06, 6.7963088668e-07, 4.04349691507e-07, 1.49425815721e-07, 4.70669689889e-08, 4.72619632319e-09],
        "median": [0.000348484056303, 0.0029188261833, 0.0031700823456, 0.00192492397036, 0.00075758236926, 0.000292218785034, 8.82766180439e-05, 5.13151608175e-05, 1.89565234905e-05, 6.83739017404e-06, 7.64556807553e-06, 7.92478385847e-06, 3.27205202666e-06, 3.4561899156e-06, 2.73545310847e-06, 1.06418360701e-06, 6.90738886533e-07, 4.62918706035e-07, 2.49890661053e-07, 2.09051862043e-07, 2.03581038249e-07, 3.521861629e-07, 3.44806124986e-07, 2.20903842774e-07, 1.3895447637e-07, 1.14880236879e-07, 1.64294988281e-07, 1.66605673257e-07, 9.46150464642e-08, 1.1630081076e-07, 1.24570263438e-07, 8.53774011489e-08, 1.08300397983e-07, 8.01621382607e-08, 7.18685626566e-08, 5.7494645489e-08, 3.75924535945e-08, 1.40720226582e-08, 4.29424273918e-09, 3.65557306647e-10],
        "min": [2.86098109317e-23, 6.49411201992e-24, 2.47527078789e-24, 1.05727303703e-23, 4.17357811297e-23, 1.9892047537e-23, 1.28670983921e-23, 8.44334314051e-24, 1.09620584706e-23, 6.99428217713e-24, 2.83035025531e-23, 5.23235976759e-23, 9.81027973935e-24, 9.82946325885e-24, 2.52955932764e-23, 1.73207806599e-23, 3.93582395583e-23, 1.1669057702e-23, 1.2293590992e-23, 2.17946901102e-23, 1.1780732796e-23, 1.24615757663e-23, 1.76698531882e-23, 1.2797250281e-23, 2.40081091702e-23, 2.26401817621e-23, 3.86504893313e-23, 3.85893179013e-23, 1.9688824346e-23, 2.55672107079e-23, 1.32917919157e-23, 2.21930743337e-23, 1.35419917735e-23, 2.31379877032e-23, 1.45727805412e-23, 2.61704652639e-23, 2.07534047594e-23, 1.89640394567e-23, 1.19318690791e-23, 1.00214010057e-23],
        "var": [1.24454381876e-05, 5.74170371692e-05, 9.03530235519e-05, 3.0448058169e-05, 1.19718843052e-05, 1.71491456058e-06, 7.58085093366e-07, 7.1789310141e-07, 1.38897163993e-07, 9.95696751716e-08, 5.33213793119e-08, 2.54141895084e-07, 5.28369570318e-09, 1.0250891247e-09, 6.98863322768e-09, 2.24205720656e-09, 1.86221482679e-09, 1.13592149575e-10, 2.81993650653e-10, 2.61519222944e-10, 3.51629558804e-11, 4.33030451774e-11, 7.24005161379e-11, 8.12670208905e-11, 1.31294419781e-11, 3.9476325854e-12, 1.1700656069e-11, 3.38844959036e-11, 1.51333581083e-11, 5.0161579751e-11, 1.4477183341e-10, 4.18864332108e-10, 7.48505202264e-10, 4.17179651935e-10, 3.32666255654e-11, 4.78231256679e-12, 1.69238451378e-12, 2.84351589584e-13, 3.8490122412e-14, 5.90333259842e-16]
    },
    "mfcc": {
        "dmean": [16.8741092682, 12.2903909683, 9.40486526489, 8.15038871765, 7.59458398819, 7.6231341362, 7.3143324852, 6.89369630814, 6.75699949265, 6.75386619568, 6.58376407623, 6.40847253799, 5.90245199203],
        "dmean2": [20.8120727539, 16.3778820038, 14.3678197861, 12.4115638733, 12.0588684082, 12.0631513596, 11.612326622, 11.40163517, 11.1478624344, 10.9957323074, 10.8550577164, 10.4785776138, 9.82628536224],
        "dvar": [477.164855957, 178.817977905, 88.3107299805, 48.4482917786, 36.4536209106, 42.7057991028, 34.4453086853, 32.1138191223, 29.6310653687, 29.7923812866, 26.0543613434, 23.9539089203, 22.9612922668],
        "dvar2": [774.169006348, 252.816848755, 201.705703735, 108.504066467, 91.5487976074, 98.3863143921, 84.0756835938, 84.6054077148, 77.3991928101, 74.7112121582, 70.5122909546, 65.4959030151, 61.2297325134],
        "max": [-558.292785645, 268.861907959, 125.253761292, 141.478088379, 47.0886878967, 85.6514434814, 38.1568374634, 53.5586090088, 24.8853340149, 42.8034210205, 24.2505226135, 46.9715881348, 24.3371810913],
        "mean": [-749.070617676, 176.232254028, 48.0940933228, 45.7072944641, -5.42935705185, 19.1735687256, -8.99419975281, 11.0754442215, -14.809299469, -5.03271484375, -11.6917381287, 2.91728496552, -10.6037149429],
        "median": [-740.649597168, 185.909698486, 48.4891242981, 44.1292877197, -4.57622146606, 19.8106632233, -7.97068786621, 10.6583766937, -14.8458786011, -4.10227966309, -10.9452590942, 2.50360870361, -10.2939491272],
        "min": [-1138.42004395, -33.4794311523, -36.9108810425, -33.3543739319, -58.7707672119, -43.655040741, -66.0127334595, -36.6154556274, -56.4682884216, -54.5154342651, -56.2537002563, -32.7747306824, -44.3344154358],
        "var": [5868.28955078, 2444.81103516, 748.459899902, 617.051208496, 259.65222168, 335.176513672, 257.707092285, 170.034500122, 138.72492981, 231.889541626, 170.047042847, 146.190551758, 109.209968567],
        "cov": [[5870.55517578, -260.310180664, -731.644287109, 65.1436691284, -361.52520752, -44.0118293762, -464.814086914, 229.993240356, -247.324859619, 268.826843262, -129.298202515, 98.3139724731, -325.186859131], [-260.310180664, 2445.75512695, -304.298370361, -364.792449951, 165.833175659, -336.062286377, 122.639335632, 42.9724807739, -55.6815032959, -238.376785278, 32.9121246338, -36.431186676, -54.1177978516], [-731.644287109, -304.298370361, 748.748901367, 166.941879272, -54.9990844727, 206.308181763, 39.9957695007, -51.7649116516, 25.1001682281, -86.5587463379, 15.0936460495, -24.6122932434, 69.3763198853], [65.1436691284, -364.792449951, 166.941879272, 617.289428711, 132.15234375, -81.6309051514, -78.4786071777, 44.7677116394, -14.3600177765, -86.6093292236, -10.3903913498, -42.2063560486, 46.2001953125], [-361.52520752, 165.833175659, -54.9990844727, 132.15234375, 259.752471924, -34.4298362732, 6.7089548111, 4.38712263107, 21.008392334, -34.8112106323, -6.09494352341, 12.736872673, 14.8138208389], [-44.0118293762, -336.062286377, 206.308181763, -81.6309051514, -34.4298362732, 335.305938721, 63.3701858521, -18.2221031189, 44.6254920959, 62.9473876953, 39.7353782654, 10.5211439133, 24.4501075745], [-464.814086914, 122.639335632, 39.9957695007, -78.4786071777, 6.7089548111, 63.3701858521, 257.80657959, 39.1684951782, 28.7773265839, 8.38345527649, 33.5743751526, 14.0846948624, 30.7331504822], [229.993240356, 42.9724807739, -51.7649116516, 44.7677116394, 4.38712263107, -18.2221031189, 39.1684951782, 170.100143433, 32.7787437439, -2.88065361977, 26.6180438995, -12.9554252625, -7.29712677002], [-247.324859619, -55.6815032959, 25.1001682281, -14.3600177765, 21.008392334, 44.6254920959, 28.7773265839, 32.7787437439, 138.778488159, 60.308429718, 22.8063278198, -18.5697536469, 22.4832191467], [268.826843262, -238.376785278, -86.5587463379, -86.6093292236, -34.8112106323, 62.9473876953, 8.38345527649, -2.88065361977, 60.308429718, 231.9790802, 18.8854141235, 20.5780296326, -18.118719101], [-129.298202515, 32.9121246338, 15.0936460495, -10.3903913498, -6.09494352341, 39.7353782654, 33.5743751526, 26.6180438995, 22.8063278198, 18.8854141235, 170.112701416, -6.28222179413, 27.7261371613], [98.3139724731, -36.431186676, -24.6122932434, -42.2063560486, 12.736872673, 10.5211439133, 14.0846948624, -12.9554252625, -18.5697536469, 20.5780296326, -6.28222179413, 146.246994019, 6.26847457886], [-325.186859131, -54.1177978516, 69.3763198853, 46.2001953125, 14.8138208389, 24.4501075745, 30.7331504822, -7.29712677002, 22.4832191467, -18.118719101, 27.7261371613, 6.26847457886, 109.25213623]],
        "icov": [[0.000533657788765, -0.000240486304392, 0.000580336491112, -0.000684991828166, 0.00107032223605, -0.000872797390912, 0.000912949559279, -0.000879531842656, 0.00086421816377, -0.00070029089693, 0.000376239884645, -0.000523324939422, 0.0007656380767], [-0.000240486304392, 0.000933751056436, -0.000352606992237, 0.00119860109407, -0.00129219435621, 0.0013163506519, -0.000733233813662, 0.000208768295124, -0.000283646571916, 0.0010921030771, -0.000547847128473, 0.000578434322961, -9.0062028903e-05], [0.000580336491112, -0.000352606992237, 0.00302857160568, -0.00187009514775, 0.00233556120656, -0.0026424957905, 0.000633067218587, 0.000125596750877, 2.01631846721e-05, 0.00049187411787, 0.000519129273016, -0.000637235527392, 0.000507578195538], [-0.000684991828166, 0.00119860109407, -0.00187009514775, 0.00451451493427, -0.00379533600062, 0.00296047143638, -0.000523338385392, -0.000386848842027, -8.66465852596e-05, 0.00144297315273, -0.000759701186325, 0.00171316927299, -0.00184159108903], [0.00107032223605, -0.00129219435621, 0.00233556120656, -0.00379533600062, 0.00813214480877, -0.00297382893041, 0.0014773439616, -0.000543361064047, -0.000271099910606, -0.000845351954922, 0.00119844893925, -0.00235776370391, 0.0015252813464], [-0.000872797390912, 0.0013163506519, -0.0026424957905, 0.00296047143638, -0.00297382893041, 0.0070700221695, -0.00228704465553, 0.00120815390255, -0.00149835948832, 0.000542053894605, -0.00161584524903, 0.00111878011376, -0.00123054336291], [0.000912949559279, -0.000733233813662, 0.000633067218587, -0.000523338385392, 0.0014773439616, -0.00228704465553, 0.00650447793305, -0.00298423715867, 0.00146891165059, -0.00151888874825, 0.000466215598863, -0.00126937509049, -0.000143749333802], [-0.000879531842656, 0.000208768295124, 0.000125596750877, -0.000386848842027, -0.000543361064047, 0.00120815390255, -0.00298423715867, 0.00911112502217, -0.00398435257375, 0.00207779440098, -0.001609088853, 0.000725209130906, 0.000351944123395], [0.00086421816377, -0.000283646571916, 2.01631846721e-05, -8.66465852596e-05, -0.000271099910606, -0.00149835948832, 0.00146891165059, -0.00398435257375, 0.0119706494734, -0.00440969597548, 0.000509365112521, 0.00117936520837, -0.00124330329709], [-0.00070029089693, 0.0010921030771, 0.00049187411787, 0.00144297315273, -0.000845351954922, 0.000542053894605, -0.00151888874825, 0.00207779440098, -0.00440969597548, 0.00809560064226, -0.00130714138504, -0.000177554786205, 0.000685383332893], [0.000376239884645, -0.000547847128473, 0.000519129273016, -0.000759701186325, 0.00119844893925, -0.00161584524903, 0.000466215598863, -0.001609088853, 0.000509365112521, -0.00130714138504, 0.00704405689612, -8.97934442037e-05, -0.00130350294057], [-0.000523324939422, 0.000578434322961, -0.000637235527392, 0.00171316927299, -0.00235776370391, 0.00111878011376, -0.00126937509049, 0.000725209130906, 0.00117936520837, -0.000177554786205, -8.97934442037e-05, 0.00828193500638, -0.00184065906797], [0.0007656380767, -9.0062028903e-05, 0.000507578195538, -0.00184159108903, 0.0015252813464, -0.00123054336291, -0.000143749333802, 0.000351944123395, -0.00124330329709, 0.000685383332893, -0.00130350294057, -0.00184065906797, 0.0127823418006]]
    }
}

}