{
"metadata": {
    "version": {
        "essentia": "2.0.1",
        "extractor": "archive-music 1.0 mod ismir14"
    },
    "audio_properties": {
        "analysis_sample_rate": 44100,
        "bitrate": 1444,
        "channels": 2,
        "equal_loudness": 0,
        "length": 30,
        "replay_gain": -8.87187004089,
        "downmix": "mix"
    },
    "tags": {
        "track": 0,
        "year": 0,
        "album": "",
        "artist": "",
        "comment": "",
        "genre": "",
        "title": ""
    }
},
"rhythm": {
    "bpm": 130.42539978,
    "bpm_histogram_first_peak": 129,
    "bpm_histogram_first_peak_spread": 0.438596487045,
    "bpm_histogram_first_peak_weight": 0.507936537266,
    "bpm_histogram_second_peak": 123,
    "bpm_histogram_second_peak_spread": 0,
    "bpm_histogram_second_peak_weight": 0.047619048506
},
"tonal": {
    "tuning_frequency": {
        "dmean": 0.144221678376,
        "dmean2": 0.277041405439,
        "dvar": 1.21372938156,
        "dvar2": 3.03159475327,
        "max": 455.779724121,
        "mean": 437.019378662,
        "median": 438.224517822,
        "min": 433.942382812,
        "var": 5.38762331009
    },
    "hpcp": {
        "dmean": [0.0910199433565, 0.139985173941, 0.110878333449, 0.157642513514, 0.100567631423, 0.08897100389, 0.121753171086, 0.0375168137252, 0.116735100746, 0.0962904468179, 0.121128320694, 0.0936549678445],
        "dmean2": [0.170086428523, 0.241094976664, 0.207904696465, 0.288367718458, 0.180341929197, 0.158383443952, 0.215632587671, 0.0663867592812, 0.198195949197, 0.176965132356, 0.222445771098, 0.165333241224],
        "dvar": [0.0494537986815, 0.0642887428403, 0.0689971745014, 0.0832612663507, 0.0449372977018, 0.0463064908981, 0.060115005821, 0.0199714452028, 0.0538416393101, 0.0575535260141, 0.0644285157323, 0.0425490140915],
        "dvar2": [0.127976864576, 0.137135222554, 0.185689494014, 0.185624286532, 0.107735425234, 0.11934299022, 0.131421282887, 0.049796897918, 0.11639072746, 0.134897023439, 0.156725227833, 0.0915552452207],
        "max": [1, 1, 1, 1, 1, 1, 1, 1, 1, 1, 1, 1],
        "mean": [0.067220300436, 0.241102918983, 0.0733884349465, 0.260333091021, 0.117355830967, 0.090201638639, 0.214385822415, 0.0584723167121, 0.162765622139, 0.0864074751735, 0.113702021539, 0.139002978802],
        "median": [0.00197679689154, 0.0369145572186, 0.00104783615097, 0.0211195461452, 0.00672518042848, 0.00378228304908, 0.0271074753255, 0.00097508484032, 0.0122612267733, 0.00130906119011, 0.00672239577398, 0.00740136764944],
        "min": [3.7207778405e-06, 3.6127137264e-06, 1.20073389098e-06, 9.74493468675e-06, 2.42588157562e-06, 5.70071961192e-06, 9.17825764191e-06, 4.59617103843e-06, 9.04384705791e-07, 9.22635365441e-07, 1.402721864e-06, 8.66839968694e-07],
        "var": [0.0406375527382, 0.131480410695, 0.0492016598582, 0.156093746424, 0.0667806714773, 0.0566286742687, 0.125758200884, 0.0436064116657, 0.0949076488614, 0.0596109107137, 0.0663887038827, 0.0844740718603]
    }
},
"lowlevel": {
    "melbands": {
        "dmean": [0.000258113665041, 0.000722064403817, 0.000802445865702, 0.000433589273598, 0.000245904229814, 9.39476522035e-05, 5.82173961448e-05, 6.34012030787e-05, 2.48965079663e-05, 1.67232210515e-05, 1.49058232637e-05, 1.49427823999e-05, 3.57311409971e-06, 2.57463079834e-06, 3.79947846341e-06, 2.41086308961e-06, 1.9455403617e-06, 6.99785175584e-07, 7.18115188647e-07, 6.50494030197e-07, 3.95751982296e-07, 5.86927740187e-07, 7.08251548076e-07, 6.3557803287e-07, 2.47572330636e-07, 1.50656248366e-07, 1.97834552296e-07, 3.14222944553e-07, 2.59041286199e-07, 3.52497011136e-07, 6.31777140825e-07, 9.41223902373e-07, 1.23574579902e-06, 6.63950459057e-07, 3.06043773435e-07, 1.93197692511e-07, 1.59687104428e-07, 1.20049534758e-07, 1.70577635572e-07, 2.24092488565e-07],
        "dmean2": [0.000358867080649, 0.00103061564732, 0.00117801793385, 0.000660347926896, 0.000358697696356, 0.000141167241964, 8.64890171215e-05, 9.19507219805e-05, 3.53806462954e-05, 2.22109829338e-05, 2.14674582821e-05, 2.03425588552e-05, 5.19563400303e-06, 3.69490885532e-06, 4.93086190545e-06, 3.34872447638e-06, 2.80028393718e-06, 1.08590700165e-06, 1.04660739453e-06, 9.78870048129e-07, 6.35480375877e-07, 9.16946078178e-07, 1.08563926915e-06, 1.0633337979e-06, 3.9242593175e-07, 2.20672532691e-07, 2.86379304271e-07, 4.59473682213e-07, 3.83897315714e-07, 5.54147675302e-07, 9.43681015997e-07, 1.34024890031e-06, 2.06963545679e-06, 9.82635697255e-07, 4.30348052305e-07, 2.70734346941e-07, 2.1955088414e-07, 1.62516641922e-07, 2.24366544899e-07, 2.99192464581e-07],
        "dvar": [3.8777884015e-07, 1.32168861455e-06, 1.07614607714e-06, 5.27291604158e-07, 1.65197931778e-07, 4.13988523462e-08, 3.40064580939e-08, 2.90179329454e-08, 4.65770311209e-09, 3.4071909738e-09, 1.6849288631e-09, 9.69216173985e-09, 7.95734866887e-11, 4.24519031039e-11, 2.14694553802e-10, 7.49540846057e-11, 7.98659680057e-11, 4.4099580758e-12, 9.45873154107e-12, 9.2565573262e-12, 1.71837056303e-12, 2.2371384259e-12, 3.23763650438e-12, 4.25265725412e-12, 5.34293909029e-13, 1.52168005301e-13, 3.88394936872e-13, 1.55942012775e-12, 5.62206477119e-13, 2.16266718076e-12, 7.29356939427e-12, 1.70073208988e-11, 5.76794723095e-11, 1.28525905196e-11, 1.31992940883e-12, 3.23410704684e-13, 1.78019179801e-13, 1.25968273356e-13, 4.16278204398e-13, 7.62389392069e-13],
        "dvar2": [7.45858926621e-07, 2.50313041761e-06, 1.85953661003e-06, 1.09302766305e-06, 3.28443377384e-07, 8.7174818475e-08, 6.9707816408e-08, 5.4039475117e-08, 8.39153635468e-09, 5.91731863508e-09, 2.88562418405e-09, 1.74468866021e-08, 1.52889076399e-10, 8.8421638067e-11, 3.73685998811e-10, 1.59155771895e-10, 1.77197895246e-10, 9.76166543432e-12, 2.16644705647e-11, 1.5981105328e-11, 4.27193436875e-12, 5.58180368246e-12, 7.19716517286e-12, 1.07023036267e-11, 1.29986310344e-12, 2.99773227075e-13, 7.28795658805e-13, 3.20857273042e-12, 1.18195394878e-12, 5.05504275591e-12, 1.58758822061e-11, 3.24576129862e-11, 1.58592000643e-10, 2.09570381882e-11, 2.10931445921e-12, 5.77681945248e-13, 2.91581645981e-13, 1.87581341519e-13, 7.27148159393e-13, 1.17324032434e-12],
        "max": [0.00971895642579, 0.0113620851189, 0.0114313466474, 0.0141424871981, 0.0049853483215, 0.0021301319357, 0.00235473737121, 0.00202575651929, 0.00102469173726, 0.000961553538218, 0.000426004320616, 0.00227361288853, 0.000113576170406, 0.000126055107103, 0.000346724846167, 0.000152991196956, 0.000181750117918, 2.98276590911e-05, 4.73175678053e-05, 4.01554098062e-05, 1.62921733136e-05, 1.44173045555e-05, 1.74675224116e-05, 2.38935808738e-05, 1.04017035483e-05, 6.2702656578e-06, 1.07892556116e-05, 2.45313221967e-05, 8.86333782546e-06, 2.33321825363e-05, 3.89489214285e-05, 5.95715609961e-05, 0.000120147888083, 7.49212777009e-05, 2.06761778827e-05, 6.64710250931e-06, 5.16980344401e-06, 5.54079679205e-06, 1.0943082998e-05, 1.26585018734e-05],
        "mean": [0.000455701083411, 0.0015743986005, 0.00201185466722, 0.000757630332373, 0.000557593419217, 0.00016763372696, 6.82020327076e-05, 7.87328681326e-05, 3.21320330841e-05, 2.20980327867e-05, 2.07362754736e-05, 2.1602065317e-05, 4.69872156827e-06, 3.16255091093e-06, 5.05107072968e-06, 2.8544466204e-06, 2.02515798264e-06, 8.17261536668e-07, 7.94382174263e-07, 7.9065398495e-07, 4.22550044732e-07, 6.59199713482e-07, 7.74688089678e-07, 6.16686065769e-07, 2.58766988281e-07, 1.81867378046e-07, 2.42889910851e-07, 3.23202044683e-07, 2.7244584544e-07, 3.39558312135e-07, 6.13314682596e-07, 9.96582457446e-07, 1.08847734737e-06, 7.40218808915e-07, 3.47885162455e-07, 2.29862706647e-07, 1.85428291388e-07, 1.41249401509e-07, 1.81179473202e-07, 2.52888838759e-07],
        "median": [0.000117707866593, 0.000754218781367, 0.00082960515283, 0.000354644900654, 0.000184197939234, 6.19950369583e-05, 1.84731052286e-05, 1.3922326616e-05, 5.05739853907e-06, 2.11835117625e-06, 1.92430707102e-06, 2.06101549338e-06, 8.91284685167e-07, 1.06091863472e-06, 8.33166438952e-07, 2.98936981835e-07, 2.123952072e-07, 1.39648165032e-07, 7.41201233723e-08, 6.50868798857e-08, 6.4208975914e-08, 1.03831148124e-07, 1.04458941053e-07, 6.75664466598e-08, 4.38531948532e-08, 3.59960594665e-08, 4.8320277557e-08, 5.05398034534e-08, 2.71588103118e-08, 3.52816904581e-08, 3.6161068806e-08, 2.50451144268e-08, 3.21445305929e-08, 2.58990251467e-08, 2.33154437979e-08, 2.16214299797e-08, 2.10488071417e-08, 1.68675935441e-08, 1.77783903155e-08, 1.84671957726e-08],
        "min": [1.70038447322e-06, 3.26885333379e-06, 5.48914613319e-07, 1.54576002842e-06, 5.75155581828e-07, 2.32294496527e-07, 1.14362762815e-07, 7.2854732025e-08, 1.23973631361e-08, 1.30386750286e-08, 8.40974490046e-09, 1.05905355596e-08, 8.53918002974e-09, 6.65776322961e-09, 3.47210682428e-09, 3.18650816844e-09, 1.88757964814e-09, 8.00276900303e-10, 1.30700394951e-09, 1.51016732453e-09, 9.54781365081e-10, 6.83941958624e-10, 7.62647112129e-10, 4.8362053251e-10, 6.03347483086e-10, 4.50083720294e-10, 8.30795376938e-10, 8.69240235346e-10, 7.40058847537e-10, 5.40326894338e-10, 5.52489276551e-10, 6.71323219237e-10, 6.6116173647e-10, 5.18820930662e-10, 4.44670689159e-10, 4.8061071789e-10, 5.25339161062e-10, 4.06498890104e-10, 4.30134566853e-10, 3.91405102773e-10],
        "var": [1.13229737053e-06, 3.58190663974e-06, 6.84020233166e-06, 1.8348712274e-06, 7.27257656763e-07, 8.21488868041e-08, 4.39339515879e-08, 4.38262865998e-08, 8.23654744408e-09, 6.44002229322e-09, 3.15472958867e-09, 1.84570456696e-08, 1.53250231949e-10, 5.83120218778e-11, 4.43478170853e-10, 1.0817875068e-10, 9.08178462988e-11, 5.16674810574e-12, 1.19708401178e-11, 1.34139366281e-11, 1.56396738008e-12, 2.33150543143e-12, 3.87220854339e-12, 3.80336387384e-12, 5.42025517351e-13, 2.18447859086e-13, 5.56625817487e-13, 1.78845328304e-12, 6.64441808865e-13, 2.10100318219e-12, 8.20756136666e-12, 2.20148916458e-11, 4.18930411195e-11, 2.079238344e-11, 2.10763546372e-12, 4.89872628139e-13, 2.98283668815e-13, 2.21336254988e-13, 5.97574886709e-13, 1.23289507943e-12]
    },
    "mfcc": {
        "dmean": [39.7389221191, 27.3880710602, 14.4839286804, 11.179107666, 8.01742649078, 9.77465248108, 7.93317890167, 6.9541015625, 6.70286941528, 7.00801801682, 6.14215755463, 6.13941955566, 5.37601280212],
        "dmean2": [51.1650238037, 37.895565033, 20.091501236, 16.1000175476, 11.6591968536, 13.9308395386, 12.0401878357, 10.5558347702, 10.294968605, 10.2803230286, 9.06570053101, 9.11746883392, 8.46873664856],
        "dvar": [1202.76574707, 767.517700195, 173.834945679, 109.344062805, 53.2801780701, 89.8555908203, 48.6874771118, 37.2804718018, 32.7156944275, 36.1799201965, 25.7236328125, 24.8374633789, 21.9251499176],
        "dvar2": [2087.25073242, 1224.2590332, 312.959228516, 203.214385986, 116.529556274, 154.203521729, 104.739265442, 83.2051391602, 65.7389450073, 73.970413208, 55.8055229187, 56.0505981445, 44.6308174133],
        "max": [-638.143005371, 246.540527344, 137.112106323, 107.463394165, 52.8225097656, 63.1502304077, 41.2842254639, 34.7740783691, 21.2651863098, 29.742898941, 29.875869751, 36.4838256836, 17.3669567108],
        "mean": [-803.706115723, 156.987747192, 62.4039306641, 30.9013900757, 8.80524253845, 8.0102596283, 2.95261836052, 2.87667179108, -5.63070487976, -10.9772586823, -4.87547492981, -0.99679505825, -6.02852249146],
        "median": [-795.025878906, 166.642669678, 62.9863853455, 29.1720504761, 9.93243408203, 10.121679306, 4.03094482422, 2.59532928467, -5.6332321167, -10.1807670593, -4.60057449341, -1.52797317505, -5.26367950439],
        "min": [-1022.69897461, -35.8601646423, -21.6710014343, -31.4982643127, -36.7681999207, -49.6729774475, -41.3445281982, -29.2057418823, -33.6964225769, -51.4510955811, -41.608959198, -30.2253036499, -36.734172821],
        "var": [4962.78857422, 2263.33398438, 717.230773926, 516.470458984, 200.099563599, 299.870635986, 189.926239014, 132.968490601, 104.37159729, 191.004425049, 139.720046997, 122.897117615, 83.6957168579],
        "cov": [[4970.47119141, -620.557617188, -482.842102051, -109.698577881, -127.769203186, -189.684173584, -232.333374023, 33.6198196411, -21.4436454773, 133.786102295, 86.66015625, -42.0126495361, -156.296386719], [-620.557617188, 2266.83764648, -432.02142334, -314.749633789, 91.4575195312, -253.765594482, 49.2782669067, 115.716270447, -111.1015625, -140.930252075, -35.9769210815, 35.3156585693, -89.2973098755], [-482.842102051, -432.02142334, 718.341064453, 134.95854187, -84.4035720825, 206.704910278, 33.9401168823, -56.1643714905, 25.1276378632, -78.1318969727, 28.9422130585, -33.0767021179, 77.2724151611], [-109.698577881, -314.749633789, 134.95854187, 517.269958496, 126.086639404, -104.581764221, -57.519405365, 22.8183059692, 2.38683438301, -100.762428284, -1.46658825874, -47.9687538147, 58.6485481262], [-127.769203186, 91.4575195312, -84.4035720825, 126.086639404, 200.409317017, -39.954284668, -20.6812362671, 14.6293821335, 10.2122497559, -12.769659996, -28.0106754303, 22.839635849, -6.04278564453], [-189.684173584, -253.765594482, 206.704910278, -104.581764221, -39.954284668, 300.334838867, 70.7226333618, -21.7549591064, 46.33411026, 62.614364624, 44.7445716858, 20.8176498413, 30.8090229034], [-232.333374023, 49.2782669067, 33.9401168823, -57.519405365, -20.6812362671, 70.7226333618, 190.220230103, 36.5134887695, 6.3469376564, 26.9646072388, 10.7510585785, 22.5046691895, 12.2805938721], [33.6198196411, 115.716270447, -56.1643714905, 22.8183059692, 14.6293821335, -21.7549591064, 36.5134887695, 133.174316406, 23.314207077, -13.9449739456, 27.1938705444, -4.9895401001, -0.123914502561], [-21.4436454773, -111.1015625, 25.1276378632, 2.38683438301, 10.2122497559, 46.33411026, 6.3469376564, 23.314207077, 104.533157349, 62.5977897644, 17.2541732788, -15.2529973984, 11.0720052719], [133.786102295, -140.930252075, -78.1318969727, -100.762428284, -12.769659996, 62.614364624, 26.9646072388, -13.9449739456, 62.5977897644, 191.300094604, 21.7185955048, 17.7375869751, -15.8482837677], [86.66015625, -35.9769210815, 28.9422130585, -1.46658825874, -28.0106754303, 44.7445716858, 10.7510585785, 27.1938705444, 17.2541732788, 21.7185955048, 139.936340332, -13.7014398575, 15.7683191299], [-42.0126495361, 35.3156585693, -33.0767021179, -47.9687538147, 22.839635849, 20.8176498413, 22.5046691895, -4.9895401001, -15.2529973984, 17.7375869751, -13.7014398575, 123.087364197, -0.0422287471592], [-156.296386719, -89.2973098755, 77.2724151611, 58.6485481262, -6.04278564453, 30.8090229034, 12.2805938721, -0.123914502561, 11.0720052719, -15.8482837677, 15.7683191299, -0.0422287471592, 83.8252792358]],
        "icov": [[0.000281330751022, 0.000146155711263, 0.000173462540261, 6.78448632243e-05, 0.000182209376362, 0.000122115641716, 0.000297455990221, -0.000208563913475, 0.000158451832249, -6.33476083749e-05, -0.000210430880543, 1.5319808881e-05, 0.000403934041969], [0.000146155711263, 0.000850211072247, 0.000155609901412, 0.000958424585406, -0.000684727099724, 0.000755591201596, -0.000150853738887, -0.000556299171876, 0.000372083100956, 0.000698456540704, -0.000316655292409, 0.000135846159537, 0.000200966213015], [0.000173462540261, 0.000155609901412, 0.00295379851013, -0.00116180384066, 0.00164636271074, -0.00204908521846, -0.000227782817092, 0.00120824680198, -0.00106564618181, 0.00183604343329, -6.69865112286e-05, 8.31419092719e-05, -1.3351635971e-05], [6.78448632243e-05, 0.000958424585406, -0.00116180384066, 0.00492511829361, -0.00360283907503, 0.00268524163403, 0.000214524319745, -0.00116557802539, 0.000443773897132, 0.00118046603166, -0.000737262365874, 0.00128530967049, -0.00220329989679], [0.000182209376362, -0.000684727099724, 0.00164636271074, -0.00360283907503, 0.00866166502237, -0.00175582652446, 0.000647152250167, 0.000462166761281, -0.00201259506866, 0.000108470689156, 0.00129491917323, -0.00223311595619, 0.00183062336873], [0.000122115641716, 0.000755591201596, -0.00204908521846, 0.00268524163403, -0.00175582652446, 0.00721157295629, -0.00139066553675, 0.000138240735396, -0.00089929351816, -0.000794763443992, -0.00168090872467, -0.000497741100844, -0.00124592601787], [0.000297455990221, -0.000150853738887, -0.000227782817092, 0.000214524319745, 0.000647152250167, -0.00139066553675, 0.00717481924221, -0.0029002733063, 0.00154795730487, -0.00157353060786, 0.000471635023132, -0.000676193041727, -0.000634852913208], [-0.000208563913475, -0.000556299171876, 0.00120824680198, -0.00116557802539, 0.000462166761281, 0.000138240735396, -0.0029002733063, 0.0110320225358, -0.00466287042946, 0.00266684708185, -0.00209792074747, -0.000368232984329, 0.000658473698422], [0.000158451832249, 0.000372083100956, -0.00106564618181, 0.000443773897132, -0.00201259506866, -0.00089929351816, 0.00154795730487, -0.00466287042946, 0.0160275138915, -0.00615185825154, 0.00037656511995, 0.00280128233135, -0.00203406112269], [-6.33476083749e-05, 0.000698456540704, 0.00183604343329, 0.00118046603166, 0.000108470689156, -0.000794763443992, -0.00157353060786, 0.00266684708185, -0.00615185825154, 0.0102582266554, -0.00140349159483, -0.00115476222709, 0.0016573460307], [-0.000210430880543, -0.000316655292409, -6.69865112286e-05, -0.000737262365874, 0.00129491917323, -0.00168090872467, 0.000471635023132, -0.00209792074747, 0.00037656511995, -0.00140349159483, 0.00878711882979, 0.000812985643279, -0.00148077460472], [1.5319808881e-05, 0.000135846159537, 8.31419092719e-05, 0.00128530967049, -0.00223311595619, -0.000497741100844, -0.000676193041727, -0.000368232984329, 0.00280128233135, -0.00115476222709, 0.000812985643279, 0.00982461776584, -0.00141846528277], [0.000403934041969, 0.000200966213015, -1.3351635971e-05, -0.00220329989679, 0.00183062336873, -0.00124592601787, -0.000634852913208, 0.000658473698422, -0.00203406112269, 0.0016573460307, -0.00148077460472, -0.00141846528277, 0.0159943830222]]
    }
}

}