{
"metadata": {
    "version": {
        "essentia": "2.0.1",
        "extractor": "archive-music 1.0 mod ismir14"
    },
    "audio_properties": {
        "analysis_sample_rate": 44100,
        "bitrate": 1444,
        "channels": 2,
        "equal_loudness": 0,
        "length": 30,
        "replay_gain": -12.2083683014,
        "downmix": "mix"
    },
    "tags": {
        "track": 0,
        "year": 0,
        "album": "",
        "artist": "",
        "comment": "",
        "genre": "",
        "title": ""
    }
},
"rhythm": {
    "bpm": 92.5965042114,
    "bpm_histogram_first_peak": 94,
    "bpm_histogram_first_peak_spread": 0.540540575981,
    "bpm_histogram_first_peak_weight": 0.377777785063,
    "bpm_histogram_second_peak": 89,
    "bpm_histogram_second_peak_spread": 0,
    "bpm_histogram_second_peak_weight": 0.155555561185
},
"tonal": {
    "tuning_frequency": {
        "dmean": 0.0864845961332,
        "dmean2": 0.158628195524,
        "dvar": 1.31812870502,
        "dvar2": 3.54711270332,
        "max": 452.631469727,
        "mean": 437.665374756,
        "median": 440.254241943,
        "min": 431.941772461,
        "var": 15.2361679077
    },
    "hpcp": {
        "dmean": [0.104476302862, 0.134562373161, 0.074500888586, 0.174326822162, 0.131418511271, 0.108993090689, 0.148778498173, 0.0779402852058, 0.19604703784, 0.100738197565, 0.187582805753, 0.196452841163],
        "dmean2": [0.185940489173, 0.230539336801, 0.136944949627, 0.291086256504, 0.227020055056, 0.193630754948, 0.251297265291, 0.139934539795, 0.333032548428, 0.180781140924, 0.324602693319, 0.333703905344],
        "dvar": [0.0479867458344, 0.0426236689091, 0.0323763042688, 0.0589869990945, 0.0510118678212, 0.0346597842872, 0.0460271202028, 0.0266579482704, 0.0519794411957, 0.0413478426635, 0.0601991228759, 0.0594767816365],
        "dvar2": [0.124161712825, 0.105076029897, 0.0775019824505, 0.13025470078, 0.11725769192, 0.0886139944196, 0.0994508638978, 0.0691626593471, 0.130336180329, 0.107836924493, 0.162267804146, 0.126216709614],
        "max": [1, 1, 1, 1, 1, 1, 1, 1, 1, 1, 1, 1],
        "mean": [0.0983007475734, 0.218762144446, 0.0693728253245, 0.430262088776, 0.220261380076, 0.11454282701, 0.310590356588, 0.066331282258, 0.372486442327, 0.0852521583438, 0.240331277251, 0.343403965235],
        "median": [0.0160838887095, 0.0743698701262, 0.0089128818363, 0.283078789711, 0.0401054061949, 0.0431254580617, 0.13731329143, 0.0162055175751, 0.248979270458, 0.0154520394281, 0.127007335424, 0.200758546591],
        "min": [0.000129798732814, 9.65078361332e-05, 3.77903998015e-05, 0.00059149088338, 3.0650266126e-05, 0.000297197664622, 0.000390877248719, 4.78740075778e-05, 0.000253547419561, 6.18872290943e-05, 0.000292595592327, 0.000128825136926],
        "var": [0.0451347157359, 0.0816107690334, 0.0345433242619, 0.157678171992, 0.112492911518, 0.0366377532482, 0.129965960979, 0.0230871923268, 0.11854223907, 0.0338369235396, 0.0803314596415, 0.126723542809]
    }
},
"lowlevel": {
    "melbands": {
        "dmean": [8.65084075485e-06, 4.06399194617e-05, 2.51676665357e-05, 4.95919593959e-05, 5.22509144503e-05, 8.27692347229e-05, 6.40001089778e-05, 0.000142251286888, 9.47783919401e-05, 7.14109046385e-05, 4.05376704293e-05, 3.41298618878e-05, 3.28065652866e-05, 2.51218007179e-05, 5.02426446474e-05, 4.17996634496e-05, 2.43291651714e-05, 1.63668046298e-05, 1.30572134367e-05, 1.61448842846e-05, 4.96498159919e-06, 6.58126873532e-06, 3.04458899336e-06, 2.74725744021e-06, 3.92398851545e-06, 1.22428264149e-06, 6.43508201392e-07, 7.63257219205e-07, 7.6389642345e-07, 7.68716859056e-07, 3.79409385687e-07, 1.8808157165e-07, 1.29539628801e-07, 5.02437700334e-08, 2.20731788403e-08, 1.99118961319e-08, 5.02298291849e-09, 9.3598606643e-10, 3.75980552247e-10, 1.86033688454e-10],
        "dmean2": [1.43616725836e-05, 6.87425635988e-05, 3.84435770684e-05, 7.24380442989e-05, 7.90464473539e-05, 0.000127643026644, 9.86900558928e-05, 0.000213358041947, 0.000144061647006, 0.000110309738375, 6.41071528662e-05, 5.29839671799e-05, 5.16040963703e-05, 3.82125108445e-05, 7.85701340646e-05, 6.81600286043e-05, 3.72651811631e-05, 2.47697535087e-05, 1.98646193894e-05, 2.45714600169e-05, 7.76004617364e-06, 1.01039449873e-05, 4.63832020614e-06, 4.30374529969e-06, 5.86559144722e-06, 1.8138730411e-06, 9.53190408381e-07, 1.16053445254e-06, 1.12816758246e-06, 1.16850048926e-06, 5.37678147339e-07, 2.7055659757e-07, 1.80053746135e-07, 7.14201036089e-08, 3.17558530583e-08, 3.00252018803e-08, 7.63519647506e-09, 1.4336081211e-09, 5.9289190224e-10, 2.92462054574e-10],
        "dvar": [1.17394538535e-10, 2.49385112561e-09, 1.57476365281e-09, 4.55127624477e-09, 4.96392082994e-09, 1.7225936233e-08, 8.09934075363e-09, 8.66324043614e-08, 2.60992845114e-08, 1.39353231177e-08, 5.5285003242e-09, 4.84984719051e-09, 5.68791813649e-09, 2.34296892998e-09, 1.0348789381e-08, 9.51838163843e-09, 2.80524403706e-09, 1.43238265693e-09, 8.15171152801e-10, 1.31058841557e-09, 7.38477543005e-11, 1.97977439997e-10, 2.84321368532e-11, 2.65937254856e-11, 6.22536397432e-11, 7.63535068504e-12, 1.82572837057e-12, 3.89137767148e-12, 2.20011097014e-12, 2.19078206097e-12, 6.34997263105e-13, 2.11796197442e-13, 1.24025003592e-13, 1.97396572964e-14, 2.72710939456e-15, 2.05963197377e-15, 1.0828069504e-16, 5.42935546045e-18, 9.62580876444e-19, 1.77161704962e-19],
        "dvar2": [2.70028083227e-10, 6.07432415478e-09, 3.92243082459e-09, 1.02562660587e-08, 1.008580508e-08, 3.63989407504e-08, 1.76366192761e-08, 1.64540978176e-07, 5.24257153245e-08, 3.16439390247e-08, 1.15557377001e-08, 1.09178630581e-08, 1.44184975071e-08, 4.83895989944e-09, 2.35477628507e-08, 2.32876349315e-08, 6.15089934541e-09, 2.91460944268e-09, 1.74944492226e-09, 2.87395929277e-09, 1.59759080964e-10, 4.43305780973e-10, 6.03450484027e-11, 5.23893289861e-11, 1.26265400913e-10, 1.59813655365e-11, 3.74304016601e-12, 8.27003049375e-12, 4.39257397816e-12, 4.16963946009e-12, 1.11539629529e-12, 4.03088234449e-13, 2.24799142517e-13, 3.34603357391e-14, 4.81142750831e-15, 4.3170863748e-15, 2.10329967211e-16, 1.21882697523e-17, 2.36791844756e-18, 4.28883066345e-19],
        "max": [7.66950470279e-05, 0.00059541373048, 0.000616150151473, 0.000925107684452, 0.000777029723395, 0.00129871873651, 0.00143058679532, 0.00412032101303, 0.00186959723942, 0.00105317495763, 0.00074351526564, 0.00085011246847, 0.00105148658622, 0.000702871533576, 0.00107881519943, 0.000946409825701, 0.000598671322223, 0.000446497055236, 0.000267490308033, 0.000573843659367, 0.000113479727588, 0.00014867221762, 7.0735164627e-05, 5.79841871513e-05, 6.62209276925e-05, 4.04779784731e-05, 1.2666114344e-05, 2.46037889156e-05, 1.15522552733e-05, 1.35438522193e-05, 7.82812367106e-06, 5.0226649364e-06, 3.99545433538e-06, 1.6038297872e-06, 4.98894962675e-07, 5.03833007315e-07, 8.68074607752e-08, 2.32763852637e-08, 1.15133476086e-08, 4.38141789516e-09],
        "mean": [1.13958885777e-05, 5.47966301383e-05, 3.84740560548e-05, 8.23013469926e-05, 0.000104043698229, 0.000147350481711, 0.000138915158459, 0.000333892123308, 0.000184792210348, 0.000108404128696, 7.18710143701e-05, 5.80635896767e-05, 4.77877038065e-05, 3.64183542843e-05, 7.61594637879e-05, 6.27935150987e-05, 4.31419175584e-05, 2.20551319217e-05, 1.84382261068e-05, 2.50206194323e-05, 7.51763082008e-06, 1.02813592093e-05, 5.25051564182e-06, 4.25025791628e-06, 6.01879173701e-06, 1.96070209313e-06, 1.01145133158e-06, 1.11460531116e-06, 1.14493934689e-06, 1.21774758099e-06, 5.75027570449e-07, 2.69323635393e-07, 1.74747398773e-07, 7.04731846213e-08, 3.13865307078e-08, 2.96516979859e-08, 8.36674018956e-09, 1.25685239993e-09, 4.7019926841e-10, 2.66043020947e-10],
        "median": [6.75282763041e-06, 3.64032312064e-05, 2.44845341513e-05, 5.465317372e-05, 7.48574311729e-05, 8.44326932565e-05, 5.73670840822e-05, 7.84730655141e-05, 4.93544139317e-05, 3.16546211252e-05, 1.86782253877e-05, 1.20274389701e-05, 1.38548994073e-05, 1.5147553313e-05, 1.57475351443e-05, 1.26834866023e-05, 6.15374938207e-06, 5.5457912822e-06, 2.73595060207e-06, 5.33633101441e-06, 2.78657148556e-06, 3.06569609165e-06, 1.92230868379e-06, 1.6132997871e-06, 1.1246363556e-06, 6.05176524004e-07, 3.15664351547e-07, 1.71679019445e-07, 3.04880956037e-07, 2.71052613243e-07, 9.86465877872e-08, 4.77761474826e-08, 1.70886256257e-08, 5.62812996208e-09, 3.09963077427e-09, 3.07219383266e-09, 1.30429400613e-09, 2.04047972963e-10, 1.09628896239e-10, 8.53333723128e-11],
        "min": [4.26291933309e-07, 1.59085004725e-06, 3.28100611569e-07, 6.37258636971e-08, 2.50247911282e-08, 2.3502867208e-08, 3.18279766987e-08, 2.34566073232e-08, 1.16249125881e-08, 1.43148328746e-08, 5.75097613975e-09, 3.83349796351e-09, 3.13076542469e-09, 5.84530113201e-09, 5.67270941332e-09, 1.87892901238e-09, 2.23465446147e-09, 9.63802926357e-10, 7.74930009051e-10, 1.17295417823e-09, 5.147998694e-10, 2.84599205314e-10, 3.30526883641e-10, 2.88360474388e-10, 1.27411373119e-10, 1.0600360173e-10, 9.31822813355e-11, 8.98992685849e-11, 8.39949845788e-11, 4.83356202285e-11, 4.23186034826e-11, 4.17266776687e-11, 3.84033915779e-11, 3.05393176026e-11, 2.63355691421e-11, 2.37444074819e-11, 2.10174724846e-11, 1.89544994283e-11, 1.25787271224e-11, 1.32094699762e-11],
        "var": [1.66958197267e-10, 3.38068417705e-09, 2.08570583027e-09, 8.31856628025e-09, 1.15610117035e-08, 3.23167768101e-08, 3.499275536e-08, 3.36880958685e-07, 8.50365040606e-08, 2.70208566633e-08, 1.33066002661e-08, 9.3388727862e-09, 7.86295561994e-09, 3.89341137108e-09, 1.89961060215e-08, 1.95562730454e-08, 8.64710880677e-09, 2.37639175005e-09, 1.49548617934e-09, 3.22347859516e-09, 1.3835510515e-10, 3.8586578377e-10, 6.90992610353e-11, 4.60947703618e-11, 1.25998628198e-10, 1.91325896098e-11, 3.49960490274e-12, 7.98377162992e-12, 4.29070017363e-12, 4.69095292124e-12, 1.37255950963e-12, 3.96905761296e-13, 2.37974733235e-13, 3.98829257922e-14, 5.81522296069e-15, 4.91434243492e-15, 2.54171267595e-16, 8.51416425474e-18, 1.16657095673e-18, 2.52061474787e-19]
    },
    "mfcc": {
        "dmean": [39.2300491333, 13.670425415, 16.1756916046, 9.53277015686, 9.84924697876, 7.29620695114, 6.88637113571, 5.84323835373, 5.37611675262, 5.54414892197, 4.80526590347, 5.11247396469, 4.77911520004],
        "dmean2": [47.1109428406, 18.9660511017, 21.7343597412, 14.6690073013, 14.1053276062, 11.0616674423, 10.5601511002, 9.48570919037, 8.69345474243, 8.49403095245, 7.70067071915, 7.65861129761, 7.56795501709],
        "dvar": [1951.71008301, 184.360229492, 323.760345459, 66.7567138672, 89.0905990601, 34.3159484863, 31.8748130798, 22.493560791, 20.1998291016, 17.7817077637, 16.0290641785, 17.3418712616, 15.4091949463],
        "dvar2": [2855.17333984, 323.318786621, 494.465179443, 149.00239563, 149.324737549, 73.7120742798, 74.1243743896, 51.2560195923, 49.9866333008, 39.2274513245, 39.9545135498, 38.6895980835, 39.3416023254],
        "max": [-604.634887695, 226.625427246, 76.1947021484, 75.4362640381, 32.0572242737, 52.4057121277, 19.5920753479, 15.2891407013, 21.1967735291, 17.1629734039, 22.6678733826, 31.7244777679, 21.781578064],
        "mean": [-771.956848145, 176.419128418, -43.1790962219, 18.2160186768, -17.2435951233, -1.03472113609, -10.8254652023, -7.7613286972, -3.7373046875, -4.90005302429, 0.863556325436, 4.85084724426, -5.38084077835],
        "median": [-739.962524414, 184.078186035, -58.5051460266, 17.2289009094, -18.2230491638, -1.93890380859, -10.8050918579, -8.12837219238, -3.91941833496, -4.45307922363, 0.88928604126, 3.0178604126, -5.42991638184],
        "min": [-1047.8614502, 67.2024841309, -110.676597595, -35.9341812134, -64.0293197632, -29.3933525085, -52.9915008545, -31.0708007812, -29.6405067444, -29.0079803467, -20.052980423, -16.2349243164, -25.043636322],
        "var": [10158.1669922, 854.977905273, 1684.50927734, 296.164672852, 436.383056641, 147.563278198, 147.209259033, 68.1209640503, 60.9515266418, 78.9005126953, 55.0569877625, 101.26738739, 42.1327819824],
        "cov": [[10173.8916016, 11.1985807419, -3896.46362305, 338.344116211, -1709.77734375, 27.3921432495, -852.536560059, -8.31180953979, -241.51574707, -118.195411682, -39.0645103455, 320.426208496, -197.860916138], [11.1985807419, 856.301391602, 1.06674575806, -275.80670166, -13.7758693695, -239.603103638, 53.9542503357, -93.1435089111, 45.9137954712, -139.660629272, -0.960074782372, 24.715713501, 2.38578462601], [-3896.46362305, 1.06674575806, 1687.11682129, -100.669822693, 649.374633789, 44.4066047668, 307.649078369, 33.9716567993, 80.1228942871, 63.2815093994, 2.62009382248, -132.131973267, 67.8486251831], [338.344116211, -275.80670166, -100.669822693, 296.623138428, 31.7478599548, 100.958580017, -30.8745517731, 6.87069225311, -29.1284370422, 14.1398506165, -14.7603340149, -42.837474823, -20.2786369324], [-1709.77734375, -13.7758693695, 649.374633789, 31.7478599548, 437.05859375, 42.4714508057, 155.595245361, 5.30125284195, 5.38730812073, 20.9807052612, -8.24610996246, -101.217933655, 18.9677772522], [27.3921432495, -239.603103638, 44.4066047668, 100.958580017, 42.4714508057, 147.791702271, 8.70526885986, 46.0120201111, -19.5933570862, 41.2383308411, -5.94437265396, -31.4652042389, -4.99454593658], [-852.536560059, 53.9542503357, 307.649078369, -30.8745517731, 155.595245361, 8.70526885986, 147.437133789, 14.6998720169, 29.6432704926, -8.53366470337, -7.23917913437, -34.0015945435, 16.4496746063], [-8.31180953979, -93.1435089111, 33.9716567993, 6.87069225311, 5.30125284195, 46.0120201111, 14.6998720169, 68.2264099121, 6.94950962067, 30.2762584686, 3.50359964371, 4.44951105118, 6.48643112183], [-241.51574707, 45.9137954712, 80.1228942871, -29.1284370422, 5.38730812073, -19.5933570862, 29.6432704926, 6.94950962067, 61.0458755493, 6.59327173233, 17.3681926727, 14.4331464767, 10.818359375], [-118.195411682, -139.660629272, 63.2815093994, 14.1398506165, 20.9807052612, 41.2383308411, -8.53366470337, 30.2762584686, 6.59327173233, 79.0226516724, 26.02435112, 4.66529130936, 5.09019994736], [-39.0645103455, -0.960074782372, 2.62009382248, -14.7603340149, -8.24610996246, -5.94437265396, -7.23917913437, 3.50359964371, 17.3681926727, 26.02435112, 55.1422157288, 33.6658935547, 8.61609554291], [320.426208496, 24.715713501, -132.131973267, -42.837474823, -101.217933655, -31.4652042389, -34.0015945435, 4.44951105118, 14.4331464767, 4.66529130936, 33.6658935547, 101.42414856, 5.89481973648], [-197.860916138, 2.38578462601, 67.8486251831, -20.2786369324, 18.9677772522, -4.99454593658, 16.4496746063, 6.48643112183, 10.818359375, 5.09019994736, 8.61609554291, 5.89481973648, 42.1980018616]],
        "icov": [[0.00717712938786, -0.00838229525834, 0.0104931192473, -0.00732902251184, 0.0101915514097, -0.0111475326121, 0.00898338388652, -0.00865026749671, 0.00863560196012, -0.00661562057212, 0.00634371303022, -0.00318114622496, 0.00339350639842], [-0.00838229525834, 0.0133819831535, -0.0119216581807, 0.0108164725825, -0.0126291681081, 0.0159339886159, -0.0109452782199, 0.0108213052154, -0.0114334719256, 0.0123215913773, -0.00919440761209, 0.00473274709657, -0.00286661856808], [0.0104931192473, -0.0119216581807, 0.0172210410237, -0.00971740391105, 0.012506457977, -0.0163722168654, 0.0122577492148, -0.0123186204582, 0.0109836049378, -0.0102968057618, 0.00976687762886, -0.00443411245942, 0.0041232178919], [-0.00732902251184, 0.0108164725825, -0.00971740391105, 0.0142910126597, -0.0124655878171, 0.00923132896423, -0.0077785756439, 0.0105314152315, -0.0107129923999, 0.010152567178, -0.00734412763268, 0.00486230012029, -0.00203303177841], [0.0101915514097, -0.0126291681081, 0.012506457977, -0.0124655878171, 0.0226393807679, -0.0155862048268, 0.00858481694013, -0.0114452214912, 0.0163227692246, -0.0112793156877, 0.00687149958685, -0.00131511548534, 0.0047500054352], [-0.0111475326121, 0.0159339886159, -0.0163722168654, 0.00923132896423, -0.0155862048268, 0.0338036194444, -0.0161640159786, 0.00674320198596, -0.00997367687523, 0.00941272638738, -0.0112752001733, 0.00805744808167, -0.00354009633884], [0.00898338388652, -0.0109452782199, 0.0122577492148, -0.0077785756439, 0.00858481694013, -0.0161640159786, 0.027067316696, -0.0143521046266, 0.0045245885849, -0.00316889723763, 0.00926804263145, -0.00352236861363, 0.00299855414778], [-0.00865026749671, 0.0108213052154, -0.0123186204582, 0.0105314152315, -0.0114452214912, 0.00674320198596, -0.0143521046266, 0.0341748036444, -0.0131205385551, 0.00174735847395, -0.00382826640271, 0.000868810515385, -0.00620661769062], [0.00863560196012, -0.0114334719256, 0.0109836049378, -0.0107129923999, 0.0163227692246, -0.00997367687523, 0.0045245885849, -0.0131205385551, 0.0356115847826, -0.0112752690911, 0.00193523615599, -0.00476437062025, 0.00256554200314], [-0.00661562057212, 0.0123215913773, -0.0102968057618, 0.010152567178, -0.0112793156877, 0.00941272638738, -0.00316889723763, 0.00174735847395, -0.0112752690911, 0.0348363928497, -0.0185017641634, 0.00552330678329, -0.00143623584881], [0.00634371303022, -0.00919440761209, 0.00976687762886, -0.00734412763268, 0.00687149958685, -0.0112752001733, 0.00926804263145, -0.00382826640271, 0.00193523615599, -0.0185017641634, 0.0377322398126, -0.0134638845921, -0.000503845163621], [-0.00318114622496, 0.00473274709657, -0.00443411245942, 0.00486230012029, -0.00131511548534, 0.00805744808167, -0.00352236861363, 0.000868810515385, -0.00476437062025, 0.00552330678329, -0.0134638845921, 0.0200358182192, -0.00242773629725], [0.00339350639842, -0.00286661856808, 0.0041232178919, -0.00203303177841, 0.0047500054352, -0.00354009633884, 0.00299855414778, -0.00620661769062, 0.00256554200314, -0.00143623584881, -0.000503845163621, -0.00242773629725, 0.0293535925448]]
    }
}

}