{
"metadata": {
    "version": {
        "essentia": "2.0.1",
        "extractor": "archive-music 1.0 mod ismir14"
    },
    "audio_properties": {
        "analysis_sample_rate": 44100,
        "bitrate": 32,
        "channels": 2,
        "equal_loudness": 0,
        "length": 30.0408172607,
        "replay_gain": -10.0465621948,
        "downmix": "mix"
    },
    "tags": {
        "track": 0,
        "year": 0,
        "album": "",
        "artist": "",
        "comment": "",
        "genre": "",
        "title": ""
    }
},
"rhythm": {
    "bpm": 172.265594482,
    "bpm_histogram_first_peak": 172,
    "bpm_histogram_first_peak_spread": 0,
    "bpm_histogram_first_peak_weight": 0.529411792755,
    "bpm_histogram_second_peak": 178,
    "bpm_histogram_second_peak_spread": 0,
    "bpm_histogram_second_peak_weight": 0.282352954149
},
"tonal": {
    "tuning_frequency": {
        "dmean": 0.0291329659522,
        "dmean2": 0.0579688958824,
        "dvar": 0.0717371627688,
        "dvar2": 0.180841431022,
        "max": 437.971466064,
        "mean": 434.742919922,
        "median": 435.448913574,
        "min": 432.940917969,
        "var": 1.05136585236
    },
    "hpcp": {
        "dmean": [0.0825090631843, 0.145209953189, 0.157589301467, 0.155715435743, 0.0390557236969, 0.0749773159623, 0.0966282784939, 0.124255865812, 0.0586466304958, 0.0601283945143, 0.138951867819, 0.0715885683894],
        "dmean2": [0.149054914713, 0.266273111105, 0.293211519718, 0.277131825686, 0.0732552558184, 0.127029821277, 0.180794551969, 0.214898571372, 0.105697005987, 0.107977494597, 0.2282859236, 0.127173915505],
        "dvar": [0.0420815050602, 0.0673831030726, 0.0801703482866, 0.0822068154812, 0.0238678939641, 0.0372814796865, 0.0591133572161, 0.0664531961083, 0.0295152626932, 0.0250571276993, 0.0553213655949, 0.0367541499436],
        "dvar2": [0.0994920879602, 0.169305101037, 0.213856175542, 0.162455946207, 0.0651751160622, 0.0836883038282, 0.139960765839, 0.140462979674, 0.0698976814747, 0.0583044886589, 0.107376344502, 0.0968803912401],
        "max": [1, 1, 1, 1, 1, 1, 1, 1, 1, 1, 1, 1],
        "mean": [0.0798587873578, 0.183436825871, 0.140754818916, 0.317669540644, 0.0282380282879, 0.106659017503, 0.13113720715, 0.188097909093, 0.0560150556266, 0.0618466921151, 0.332959681749, 0.0573545284569],
        "median": [0.00974139943719, 0.0316234156489, 0.0292351990938, 0.0599210932851, 0.00111927744001, 0.0110910963267, 0.00138367398176, 0.0107291536406, 0.00260967900977, 0.00383229972795, 0.11014188081, 0.00338194193318],
        "min": [1.05734325189e-05, 2.17053329834e-05, 4.21448794441e-06, 2.0091888473e-06, 1.86073259556e-06, 3.11031681122e-06, 2.90394609692e-06, 7.21633978173e-06, 1.05201615952e-05, 2.51405731433e-06, 1.41274858834e-06, 1.54766112246e-05],
        "var": [0.0434419102967, 0.0999451652169, 0.0668337270617, 0.171310096979, 0.0173625778407, 0.0664935484529, 0.0935605987906, 0.116886541247, 0.0362336263061, 0.033167168498, 0.158363714814, 0.0298256017268]
    }
},
"lowlevel": {
    "melbands": {
        "dmean": [2.15350814869e-06, 4.43658937002e-05, 5.89670598856e-05, 0.00048536574468, 0.000508967321366, 0.00027583327028, 0.000111511530122, 9.4782684755e-05, 5.51423327124e-05, 3.96228169848e-05, 3.42003622791e-05, 1.84676118806e-05, 3.2367908716e-05, 1.25067535919e-05, 1.37014194479e-05, 8.85465397005e-06, 1.7888887669e-05, 8.6471418399e-06, 1.0289048987e-05, 2.91038213618e-06, 4.07997322327e-06, 3.80612254958e-06, 2.84636007564e-06, 3.17061972055e-06, 7.00509963281e-06, 7.00926466379e-06, 2.2898655061e-06, 1.1865547549e-06, 3.97052076551e-07, 2.50702044013e-07, 1.09269407744e-07, 1.85597777147e-08, 2.98852897984e-09, 7.55238593886e-10, 2.59961357996e-10, 1.14555503972e-10, 6.03730537785e-11, 2.0998185829e-11, 6.3767663025e-12, 4.4929719667e-12],
        "dmean2": [3.7293391415e-06, 6.81033852743e-05, 8.60347645357e-05, 0.00073964369949, 0.00076381926192, 0.000419542921009, 0.000171789099113, 0.000144655699842, 8.49330535857e-05, 6.35427277302e-05, 4.79440386698e-05, 2.75651636912e-05, 4.88717996632e-05, 1.79315702553e-05, 2.33686805586e-05, 1.32876712087e-05, 2.55960567301e-05, 1.37011074912e-05, 1.56149108079e-05, 4.40152507508e-06, 6.5512990659e-06, 6.24493304713e-06, 4.82236100652e-06, 5.0600870054e-06, 1.11666504381e-05, 1.06095621959e-05, 3.74165870198e-06, 1.92255060938e-06, 6.43946634682e-07, 4.26259617825e-07, 1.78394614636e-07, 2.9751991093e-08, 4.76945372085e-09, 1.18471132904e-09, 4.10562889241e-10, 1.74644951279e-10, 9.30835755697e-11, 3.17133888594e-11, 9.23193032437e-12, 6.41863385359e-12],
        "dvar": [1.17507392705e-11, 9.38699429298e-09, 1.31017845462e-08, 1.46332786244e-06, 7.63587593156e-07, 1.46968758941e-07, 3.67977435189e-08, 4.64421852087e-08, 3.22933004782e-08, 1.44966803006e-08, 1.25630190695e-08, 4.53342785534e-09, 1.30710740009e-08, 1.73972791728e-09, 3.92980714636e-09, 4.20573881277e-10, 2.71652078609e-09, 2.52432935666e-10, 5.08951603084e-10, 2.9136908164e-11, 6.09215386471e-11, 6.2562351133e-11, 6.13432707408e-11, 5.37798555689e-11, 3.53787610319e-10, 3.05037495263e-10, 2.79973665779e-11, 9.77062528107e-12, 1.57235563545e-12, 1.35440378531e-12, 3.97282846811e-13, 6.37333296964e-15, 5.15471905628e-16, 1.26412057316e-17, 7.112428745e-19, 1.19542358518e-19, 2.47390673442e-20, 2.58963087732e-21, 1.6037828465e-21, 1.1633209843e-21],
        "dvar2": [3.217071054e-11, 1.49196228705e-08, 2.54705199154e-08, 2.42921464633e-06, 1.56798944317e-06, 3.33702331545e-07, 8.36052862496e-08, 1.02577850214e-07, 6.44526920723e-08, 3.54259661606e-08, 2.6994511515e-08, 8.10882827551e-09, 2.6812514875e-08, 3.26808757833e-09, 1.07739221988e-08, 9.15536035873e-10, 3.98928179379e-09, 5.58454449351e-10, 9.86699499883e-10, 6.90463936026e-11, 1.49695048024e-10, 1.45742029556e-10, 1.70126246424e-10, 1.23148352627e-10, 7.15726033995e-10, 5.31090893485e-10, 7.22690310373e-11, 2.31071307921e-11, 3.20960293933e-12, 2.76215920796e-12, 8.30494852576e-13, 1.48003015551e-14, 1.2355140206e-15, 3.13628540187e-17, 1.75555250419e-18, 2.58353010526e-19, 4.86609707161e-20, 4.07453740886e-21, 2.47996684215e-21, 1.93447636719e-21],
        "max": [3.60771700798e-05, 0.00254443427548, 0.00149140460417, 0.0295356567949, 0.00965464208275, 0.00307935616001, 0.00189747777767, 0.00255062314682, 0.00256568938494, 0.00122820364777, 0.00146747066174, 0.000825099821668, 0.00169132591691, 0.000619261467364, 0.000799651257694, 0.000376527808839, 0.00135233986657, 0.000187674013432, 0.000397034571506, 8.73655590112e-05, 7.4162191595e-05, 8.30748685985e-05, 8.46449765959e-05, 0.000105667430034, 0.00025484370417, 0.000321661238559, 5.21379988641e-05, 3.39314137818e-05, 1.88730482478e-05, 1.82190724445e-05, 1.25734022731e-05, 1.52826464728e-06, 4.79856339552e-07, 5.43229496941e-08, 1.37948505952e-08, 6.09642825111e-09, 2.54011678358e-09, 1.25913512949e-09, 1.01240260619e-09, 8.12765243996e-10],
        "mean": [2.47521097663e-06, 7.53385393182e-05, 0.000111009489046, 0.000906674598809, 0.000872361997608, 0.000404774182243, 0.000154685345478, 0.000152416425408, 6.85360355419e-05, 4.20391988882e-05, 4.16763650719e-05, 2.23262577492e-05, 3.80402052542e-05, 1.43222205224e-05, 1.29237159854e-05, 9.80148615781e-06, 2.10088401218e-05, 1.00607894638e-05, 1.35248938022e-05, 3.87984073313e-06, 4.62438174509e-06, 4.05715354646e-06, 2.67786572294e-06, 3.61919433089e-06, 7.71105169406e-06, 8.1833677541e-06, 2.26869406106e-06, 1.11581698548e-06, 3.95786258878e-07, 2.35976571616e-07, 9.78459908652e-08, 1.64143010295e-08, 2.57418397709e-09, 7.55053852775e-10, 3.25111770838e-10, 1.47793541294e-10, 7.14340323005e-11, 2.48908602063e-11, 7.17487267515e-12, 4.93266148413e-12],
        "median": [1.42601720654e-06, 3.98810298066e-05, 5.28248056071e-05, 0.000293545366731, 0.000400170916691, 0.000196121982299, 6.13612864981e-05, 4.13993184338e-05, 1.12016678031e-05, 3.82546613764e-06, 3.16833165925e-06, 1.66463712503e-06, 2.52498784903e-06, 2.41535940404e-06, 1.87128352991e-06, 1.94037579604e-06, 4.58486874777e-06, 3.20843309964e-06, 4.40250641986e-06, 1.2284966715e-06, 1.42559224514e-06, 1.22237872802e-06, 5.04118986555e-07, 7.62826061873e-07, 1.37469874062e-06, 1.22741778341e-06, 4.63205651613e-07, 1.55951951797e-07, 4.35907949736e-08, 1.45819569752e-08, 4.56230342394e-09, 1.15765641517e-09, 3.65773300537e-10, 2.4955421063e-10, 1.57930085676e-10, 5.72224108375e-11, 1.77193208023e-11, 6.37146281915e-12, 1.22832126415e-12, 5.16032854468e-13],
        "min": [3.56152725089e-08, 7.23022139937e-07, 9.6288624718e-07, 5.80204300604e-07, 5.49124990812e-07, 1.28378772501e-07, 1.6725513774e-07, 5.10384872143e-08, 1.22994983087e-08, 4.6844133017e-09, 4.44614167705e-09, 6.86979761966e-09, 5.9927298679e-09, 4.9501265309e-09, 2.23802931743e-09, 1.25444721277e-09, 5.18645038028e-09, 2.98570945745e-09, 7.80982334359e-10, 1.23156221332e-10, 6.70179814422e-11, 6.50868178798e-11, 6.48446712992e-11, 7.67947025415e-11, 8.03553265594e-11, 7.71911909392e-11, 4.18395491864e-11, 3.5277565591e-11, 3.63502734857e-11, 2.0311859833e-11, 8.96042007953e-12, 6.11216936439e-12, 2.41886935828e-12, 3.76658339934e-13, 3.03095798514e-14, 2.90091911538e-14, 2.88932933297e-14, 1.75472920834e-14, 2.04855765326e-14, 2.37814139177e-14],
        "var": [1.14707176049e-11, 3.59160239327e-08, 2.69281876797e-08, 4.3198979256e-06, 1.50091852902e-06, 2.5655515401e-07, 5.65276891962e-08, 9.0780474693e-08, 5.46044738314e-08, 1.61320325986e-08, 1.95905514033e-08, 8.19206125158e-09, 2.1610389922e-08, 2.45633557938e-09, 3.1906357556e-09, 6.59330423591e-10, 6.10000494561e-09, 3.70364489077e-10, 8.03849375952e-10, 4.44503496511e-11, 7.33907240535e-11, 6.9268278613e-11, 5.21157769717e-11, 7.50210449318e-11, 4.59229904104e-10, 5.56453050304e-10, 2.8873008151e-11, 1.00317991761e-11, 1.90654892047e-12, 1.45145776908e-12, 4.19706017987e-13, 6.71179759448e-15, 4.30515930387e-16, 1.0820561351e-17, 6.70908565555e-19, 1.45473204101e-19, 3.35113904418e-20, 5.09372408993e-21, 3.02736431577e-21, 2.04559059376e-21]
    },
    "mfcc": {
        "dmean": [36.2814483643, 11.8185558319, 22.0454139709, 13.6436977386, 10.3891277313, 9.51815032959, 7.69426107407, 9.47190189362, 7.12316226959, 7.20144033432, 7.00833034515, 6.77952861786, 6.48201417923],
        "dmean2": [51.8568534851, 16.8375663757, 32.0908699036, 19.2532787323, 14.8052721024, 14.1003227234, 11.2693405151, 14.3470106125, 11.1664361954, 11.1997699738, 11.0100297928, 10.3668746948, 10.2041444778],
        "dvar": [1391.14929199, 149.650726318, 596.202453613, 125.712059021, 73.8236694336, 73.8599624634, 41.2636451721, 63.1895637512, 35.303188324, 33.0856246948, 35.2468833923, 33.7958297729, 26.5812473297],
        "dvar2": [2697.3046875, 299.737915039, 1110.32897949, 261.791229248, 134.032272339, 151.228820801, 91.334274292, 142.052810669, 76.4663848877, 75.4427032471, 77.6125411987, 75.2545623779, 58.0220909119],
        "max": [-684.47668457, 246.636962891, 102.822387695, 132.317687988, 59.7359962463, 30.0256958008, 37.2662277222, 27.0474567413, 1.28977203369, 33.3280029297, 13.4861717224, 20.7550983429, 23.4223709106],
        "mean": [-805.837036133, 198.432846069, -40.7293395996, 34.7862319946, 11.3756055832, -25.8660812378, -4.68041801453, -30.1668567657, -25.2162094116, -4.91158390045, -11.4601659775, -14.2003173828, -7.19411087036],
        "median": [-798.092651367, 200.332595825, -48.2928886414, 33.8225593567, 14.2997665405, -26.6652336121, -4.3800163269, -31.0564651489, -25.4823150635, -4.57263183594, -10.4738464355, -13.6977729797, -7.0221786499],
        "min": [-1028.2130127, 86.9409255981, -128.057861328, -29.2027053833, -64.4944229126, -77.3733825684, -40.1091842651, -73.1612243652, -58.0056381226, -45.9616775513, -49.8446388245, -49.7823295593, -39.3881492615],
        "var": [3497.35717773, 529.519165039, 1748.16894531, 570.528808594, 376.170898438, 275.124176025, 141.977233887, 251.994110107, 110.245933533, 166.082992554, 111.939956665, 96.5429000854, 91.9537506104],
        "cov": [[3502.76269531, 15.3235635757, -2264.20385742, 637.135437012, -524.782287598, -536.106262207, 303.730834961, -227.404251099, 23.3293838501, -92.6115646362, -65.4510879517, 84.2976226807, -127.791732788], [15.3235635757, 530.337585449, 245.288879395, -357.461273193, 30.5990123749, -64.2245788574, -61.538482666, 131.011672974, -41.5641288757, -22.8590240479, -8.73553943634, -33.3746261597, -9.69129085541], [-2264.20385742, 245.288879395, 1750.87097168, -484.418701172, 273.404724121, 353.616485596, -245.367828369, 168.933166504, -16.7706565857, 10.2108869553, 40.9199028015, -65.5739135742, 48.0957527161], [637.135437012, -357.461273193, -484.418701172, 571.410583496, -14.4881019592, -57.3619232178, 64.7359313965, -228.419006348, -1.81523323059, 22.7159900665, -33.0654029846, 19.1327896118, -17.6292419434], [-524.782287598, 30.5990123749, 273.404724121, -14.4881019592, 376.752319336, 136.96182251, -101.200942993, -50.4637069702, -65.8149414062, 100.298744202, 10.4285039902, -44.2879562378, 61.225353241], [-536.106262207, -64.2245788574, 353.616485596, -57.3619232178, 136.96182251, 275.549407959, -32.8250694275, -63.8750190735, 12.1687393188, 40.1461448669, 48.978515625, 10.6503505707, 23.9581165314], [303.730834961, -61.538482666, -245.367828369, 64.7359313965, -101.200942993, -32.8250694275, 142.196670532, 13.2556695938, -4.98729848862, -1.16241002083, -7.22166967392, 21.7062263489, -6.60079717636], [-227.404251099, 131.011672974, 168.933166504, -228.419006348, -50.4637069702, -63.8750190735, 13.2556695938, 252.383590698, 39.7106933594, -85.1003189087, -5.64706754684, -9.62919044495, -11.3992328644], [23.3293838501, -41.5641288757, -16.7706565857, -1.81523323059, -65.8149414062, 12.1687393188, -4.98729848862, 39.7106933594, 110.41633606, -22.1623153687, -22.714799881, 19.7485904694, -15.1028957367], [-92.6115646362, -22.8590240479, 10.2108869553, 22.7159900665, 100.298744202, 40.1461448669, -1.16241002083, -85.1003189087, -22.1623153687, 166.339691162, 42.6666145325, -37.7151222229, 38.5564155579], [-65.4510879517, -8.73553943634, 40.9199028015, -33.0654029846, 10.4285039902, 48.978515625, -7.22166967392, -5.64706754684, -22.714799881, 42.6666145325, 112.112976074, 21.2081432343, -4.76359891891], [84.2976226807, -33.3746261597, -65.5739135742, 19.1327896118, -44.2879562378, 10.6503505707, 21.7062263489, -9.62919044495, 19.7485904694, -37.7151222229, 21.2081432343, 96.6921157837, 18.2663936615], [-127.791732788, -9.69129085541, 48.0957527161, -17.6292419434, 61.225353241, 23.9581165314, -6.60079717636, -11.3992328644, -15.1028957367, 38.5564155579, -4.76359891891, 18.2663936615, 92.0958786011]],
        "icov": [[2.49935412407, -3.48051762581, 3.38675093651, -3.15193629265, 2.90843868256, -2.59177970886, 2.22410845757, -1.8174380064, 1.43451523781, -1.0332775116, 0.705000758171, -0.409108519554, 0.1904001683], [-3.48051762581, 4.85148048401, -4.71699380875, 4.39375066757, -4.05275440216, 3.61391735077, -3.0999147892, 2.5351729393, -1.99952411652, 1.44184648991, -0.983306407928, 0.571020841599, -0.264487683773], [3.38675093651, -4.71699380875, 4.59220409393, -4.27384376526, 3.94603776932, -3.52079319954, 3.02391219139, -2.47287726402, 1.9532148838, -1.40858244896, 0.96306425333, -0.559507787228, 0.260784089565], [-3.15193629265, 4.39375066757, -4.27384376526, 3.98716688156, -3.67859888077, 3.2846019268, -2.82223510742, 2.31389975548, -1.82617652416, 1.32033073902, -0.902336895466, 0.5264326334, -0.244198590517], [2.90843868256, -4.05275440216, 3.94603776932, -3.67859888077, 3.404515028, -3.03988099098, 2.61667513847, -2.14377522469, 1.69830131531, -1.22988545895, 0.843824148178, -0.492054402828, 0.228656277061], [-2.59177970886, 3.61391735077, -3.52079319954, 3.2846019268, -3.03988099098, 2.72702479362, -2.34595155716, 1.92874467373, -1.52859711647, 1.10938823223, -0.765809834003, 0.447873175144, -0.210097193718], [2.22410845757, -3.0999147892, 3.02391219139, -2.82223510742, 2.61667513847, -2.34595155716, 2.0355489254, -1.66907703876, 1.3263001442, -0.966931939125, 0.668859958649, -0.395948797464, 0.185982316732], [-1.8174380064, 2.5351729393, -2.47287726402, 2.31389975548, -2.14377522469, 1.92874467373, -1.66907703876, 1.38394379616, -1.09691667557, 0.804489314556, -0.557461082935, 0.332555323839, -0.157110691071], [1.43451523781, -1.99952411652, 1.9532148838, -1.82617652416, 1.69830131531, -1.52859711647, 1.3263001442, -1.09691667557, 0.884848892689, -0.642609655857, 0.450629413128, -0.270231306553, 0.129461735487], [-1.0332775116, 1.44184648991, -1.40858244896, 1.32033073902, -1.22988545895, 1.10938823223, -0.966931939125, 0.804489314556, -0.642609655857, 0.485306739807, -0.337826281786, 0.207469120622, -0.101571142673], [0.705000758171, -0.983306407928, 0.96306425333, -0.902336895466, 0.843824148178, -0.765809834003, 0.668859958649, -0.557461082935, 0.450629413128, -0.337826281786, 0.248620063066, -0.149522930384, 0.074140176177], [-0.409108519554, 0.571020841599, -0.559507787228, 0.5264326334, -0.492054402828, 0.447873175144, -0.395948797464, 0.332555323839, -0.270231306553, 0.207469120622, -0.149522930384, 0.106383226812, -0.0512394420803], [0.1904001683, -0.264487683773, 0.260784089565, -0.244198590517, 0.228656277061, -0.210097193718, 0.185982316732, -0.157110691071, 0.129461735487, -0.101571142673, 0.074140176177, -0.0512394420803, 0.0385680533946]]
    }
}

}