{
"metadata": {
    "version": {
        "essentia": "2.0.1",
        "extractor": "archive-music 1.0 mod ismir14"
    },
    "audio_properties": {
        "analysis_sample_rate": 44100,
        "bitrate": 32,
        "channels": 2,
        "equal_loudness": 0,
        "length": 30.0408172607,
        "replay_gain": -14.8179531097,
        "downmix": "mix"
    },
    "tags": {
        "track": 0,
        "year": 0,
        "album": "",
        "artist": "",
        "comment": "",
        "genre": "",
        "title": ""
    }
},
"rhythm": {
    "bpm": 109.314041138,
    "bpm_histogram_first_peak": 110,
    "bpm_histogram_first_peak_spread": 0.396226406097,
    "bpm_histogram_first_peak_weight": 0.603773593903,
    "bpm_histogram_second_peak": 0,
    "bpm_histogram_second_peak_spread": 0,
    "bpm_histogram_second_peak_weight": 0
},
"tonal": {
    "tuning_frequency": {
        "dmean": 0.0738843753934,
        "dmean2": 0.130957067013,
        "dvar": 0.381208598614,
        "dvar2": 0.849872231483,
        "max": 448.726654053,
        "mean": 442.260620117,
        "median": 443.060424805,
        "min": 437.718536377,
        "var": 1.3902361393
    },
    "hpcp": {
        "dmean": [0.0993908122182, 0.0767466053367, 0.0616385377944, 0.128489524126, 0.0650378093123, 0.110834620893, 0.0521487258375, 0.0800794288516, 0.107358142734, 0.0520645454526, 0.112721003592, 0.0826851800084],
        "dmean2": [0.173878848553, 0.14403103292, 0.113421097398, 0.222729921341, 0.120125681162, 0.194898724556, 0.0992547646165, 0.143154799938, 0.182206571102, 0.0969107747078, 0.194511160254, 0.154263928533],
        "dvar": [0.0461942069232, 0.0441237278283, 0.0300294272602, 0.0564335361123, 0.0296563412994, 0.0468376278877, 0.0245962943882, 0.030103623867, 0.038795940578, 0.0218925587833, 0.0469406396151, 0.0489743091166],
        "dvar2": [0.107973314822, 0.115351803601, 0.0826183855534, 0.130555525422, 0.0795263722539, 0.119886592031, 0.071294747293, 0.0783470869064, 0.0952134355903, 0.0609709136188, 0.119666270912, 0.140064746141],
        "max": [1, 1, 1, 1, 1, 1, 1, 1, 1, 1, 1, 1],
        "mean": [0.160147979856, 0.215506747365, 0.0425096563995, 0.419531583786, 0.0453085750341, 0.217231869698, 0.0323779322207, 0.0935744121671, 0.207698985934, 0.032383557409, 0.207519695163, 0.0530772134662],
        "median": [0.0225385744125, 0.00516533944756, 0.00361391855404, 0.183839648962, 0.00250581838191, 0.0348033793271, 0.00263364915736, 0.010022544302, 0.0715366005898, 0.00249488651752, 0.0570399612188, 0.00244199438021],
        "min": [6.05029867984e-07, 4.34646790382e-06, 3.10958603222e-06, 1.26486784211e-05, 2.72748457064e-06, 1.18760704026e-06, 4.13695289581e-07, 4.90725178679e-05, 1.17975844205e-06, 1.51478650423e-06, 8.13586211734e-06, 9.64041873885e-07],
        "var": [0.0892992839217, 0.150500893593, 0.0198527928442, 0.190301701427, 0.0224653314799, 0.119263440371, 0.0140903079882, 0.045237954706, 0.0977496132255, 0.0131224896759, 0.10112849623, 0.0312655568123]
    }
},
"lowlevel": {
    "melbands": {
        "dmean": [0.000532502424903, 0.000883241591509, 0.000622995663434, 0.000380067533115, 0.000169474747963, 0.000151894855662, 8.55605248944e-05, 0.000121778102766, 0.000176327725057, 0.000112271874968, 2.71129247267e-05, 3.29787399096e-05, 1.8999005988e-05, 2.02833489311e-05, 2.20905367314e-05, 1.93349715119e-05, 2.06503264053e-05, 1.87362493307e-05, 1.05152885226e-05, 1.68228561961e-05, 7.21850619811e-06, 5.07537970407e-06, 5.66401513424e-06, 3.35212257596e-06, 1.95234702005e-06, 1.44942600855e-06, 9.31266868065e-07, 6.97505242897e-07, 6.91750756232e-07, 5.06992819282e-07, 4.45249781933e-07, 4.57033905832e-07, 4.27202678566e-07, 3.18028781976e-07, 2.73803749451e-07, 2.32430750202e-07, 1.87858788081e-07, 1.27182431697e-07, 1.03004616392e-07, 8.25667996196e-08],
        "dmean2": [0.000908579444513, 0.00144607201219, 0.000981038087048, 0.000628991692793, 0.000276900798781, 0.000225712588872, 0.000134637928568, 0.000184521122719, 0.000282066874206, 0.000174980130396, 4.03854501201e-05, 5.02062503074e-05, 2.83124918496e-05, 3.17157428071e-05, 3.56623786502e-05, 2.97703627439e-05, 3.37486417266e-05, 2.95356203424e-05, 1.71713818418e-05, 2.69841639238e-05, 1.13332444016e-05, 8.33371996123e-06, 9.30787246034e-06, 5.4952379287e-06, 3.08277276417e-06, 2.28125622925e-06, 1.43057991409e-06, 1.07409596239e-06, 1.02254296053e-06, 7.37811944873e-07, 6.46573425911e-07, 6.58403791931e-07, 6.29233625205e-07, 4.58147496829e-07, 4.20996315142e-07, 3.4841048091e-07, 2.73864174005e-07, 1.96555618004e-07, 1.58579737786e-07, 1.32324828428e-07],
        "dvar": [2.09897757486e-06, 1.39979488267e-06, 6.37078585441e-07, 5.21699121236e-07, 4.62383269451e-08, 6.51642722005e-08, 1.83243127339e-08, 6.03935461641e-08, 1.35767820097e-07, 8.34087359181e-08, 5.00332664188e-09, 8.86090045782e-09, 2.5196631448e-09, 2.62818922181e-09, 4.51951231994e-09, 1.97610616759e-09, 2.10004813539e-09, 2.05874584047e-09, 6.62374599614e-10, 3.90760623858e-09, 2.81384443523e-10, 7.80796052813e-11, 1.76994793821e-10, 4.36398001069e-11, 9.45776530009e-12, 5.9558525646e-12, 2.75111834355e-12, 1.90059014533e-12, 1.38881983171e-12, 9.21676905803e-13, 8.99403706893e-13, 1.02265038885e-12, 8.84069076626e-13, 6.12558452313e-13, 7.52403564799e-13, 9.05092407272e-13, 8.76345003509e-13, 3.50423141025e-13, 1.55978013708e-13, 1.5685993086e-13],
        "dvar2": [5.76414231546e-06, 3.50376058122e-06, 1.52589507252e-06, 1.43769659644e-06, 1.23277118291e-07, 1.29413479044e-07, 4.12954896944e-08, 1.29457433218e-07, 3.1517109278e-07, 1.95338984099e-07, 8.95038176907e-09, 1.75445009631e-08, 5.49852341436e-09, 6.22551254992e-09, 1.15966045655e-08, 4.25828039496e-09, 5.76131986563e-09, 4.85714357623e-09, 1.6358863153e-09, 1.07656470405e-08, 7.29246329989e-10, 1.94804061771e-10, 4.83803164197e-10, 1.14413395425e-10, 2.25296396122e-11, 1.42988199406e-11, 6.42807595347e-12, 4.42431247888e-12, 2.81486704605e-12, 2.02294821519e-12, 2.01194573154e-12, 2.2972383544e-12, 1.90363805448e-12, 1.19930064144e-12, 1.50081086881e-12, 2.0194694441e-12, 2.01621185025e-12, 6.51689477122e-13, 2.97032960294e-13, 3.0153497429e-13],
        "max": [0.0128965703771, 0.0097426623106, 0.00842340104282, 0.00548906577751, 0.00173882150557, 0.00252624531277, 0.00120279088151, 0.00285457563587, 0.00491733429953, 0.00386533583514, 0.00149945577141, 0.00193418585695, 0.00104101619218, 0.000533247075509, 0.000823894806672, 0.000487524433993, 0.000540005741641, 0.000641659134999, 0.000243404167122, 0.00120000483003, 0.000262748100795, 7.85336524132e-05, 0.000228948745644, 8.78715873114e-05, 3.20907456626e-05, 2.70290875051e-05, 1.40554038808e-05, 1.20240692922e-05, 1.18218140415e-05, 7.50322124077e-06, 1.0119793842e-05, 1.0886252312e-05, 1.12080997496e-05, 1.18834759633e-05, 1.59236387844e-05, 1.93992509594e-05, 1.95451666514e-05, 1.14642998597e-05, 7.57378393246e-06, 7.63863317843e-06],
        "mean": [0.000645048217848, 0.00265623675659, 0.00192648230586, 0.000712682784069, 0.000307570211589, 0.000272332777968, 0.000140650896356, 0.000176067274879, 0.000238899490796, 0.000175830689841, 3.78958102374e-05, 3.94207927457e-05, 2.57806623267e-05, 2.54426067841e-05, 2.48993437708e-05, 2.76351183857e-05, 2.52591216849e-05, 2.43218219111e-05, 1.34127121783e-05, 2.61910900008e-05, 1.13812293421e-05, 7.86724467616e-06, 1.05713334051e-05, 6.21338767814e-06, 3.09117399411e-06, 1.96005998987e-06, 1.1534539226e-06, 8.14994848497e-07, 8.65698552843e-07, 6.16277645804e-07, 5.21809340626e-07, 5.19738705407e-07, 4.7996337571e-07, 3.62178042224e-07, 3.06212484702e-07, 2.41872669449e-07, 1.93378554059e-07, 1.35541128543e-07, 1.06786480103e-07, 8.95920280186e-08],
        "median": [0.000347538822098, 0.00239935517311, 0.00175925320946, 0.000529629818629, 0.000210554106161, 9.31792819756e-05, 6.6065134888e-05, 6.12575822743e-05, 6.13979573245e-05, 3.71483547497e-05, 1.20777831398e-05, 1.14796303023e-05, 7.57826865083e-06, 5.43808118891e-06, 5.69357098357e-06, 6.42172335574e-06, 5.02108377987e-06, 5.51161701878e-06, 3.51534754373e-06, 3.26462190969e-06, 3.34375681632e-06, 3.34433661919e-06, 2.42510532189e-06, 1.47549235407e-06, 1.21828418287e-06, 7.46683895159e-07, 4.09475887864e-07, 2.55297464946e-07, 2.52658765021e-07, 1.53782835355e-07, 1.1614419293e-07, 1.14777151339e-07, 1.0145474505e-07, 8.99280934163e-08, 6.42185824518e-08, 6.03122600751e-08, 4.29362714272e-08, 2.74606470896e-08, 2.19891571618e-08, 1.72843339641e-08],
        "min": [3.86280703424e-07, 3.77757345404e-07, 7.43816826798e-07, 2.06512186196e-06, 6.3476163632e-06, 1.9032280818e-07, 4.95668643907e-07, 3.68908423809e-08, 2.41740480078e-07, 9.64416813076e-08, 1.15763985065e-08, 1.39013529576e-08, 1.18004850336e-08, 9.96179938539e-09, 3.95298060951e-09, 2.33192265497e-09, 3.16052384264e-09, 2.89281132382e-09, 2.16877760195e-09, 2.80186385204e-09, 2.6020137156e-09, 2.29399055307e-09, 2.44677322847e-09, 1.65419744569e-09, 1.27206334355e-09, 8.11103295639e-10, 3.95169896805e-10, 2.04798206171e-10, 2.23143420408e-10, 1.27685764739e-10, 6.14603715143e-11, 2.43062410477e-11, 1.90235431574e-11, 6.59937425887e-12, 4.26979632207e-12, 1.07796529949e-12, 5.62856646057e-14, 4.78685897886e-14, 4.67547550155e-14, 1.90680482607e-14],
        "var": [1.53980874984e-06, 3.64207676284e-06, 1.59119895216e-06, 5.29825285867e-07, 8.9154326588e-08, 1.72546123167e-07, 3.73272222021e-08, 1.1291725599e-07, 2.16107949313e-07, 1.90174560544e-07, 9.23507137429e-09, 1.27639552261e-08, 4.64174698678e-09, 3.36213701324e-09, 4.55170567903e-09, 3.93589560943e-09, 3.29754001882e-09, 3.56182550121e-09, 8.45306991071e-10, 1.00246291268e-08, 5.37025257596e-10, 1.409917183e-10, 5.74667313735e-10, 1.64310939854e-10, 2.18626106802e-11, 9.44245549805e-12, 3.50155559929e-12, 2.2571903114e-12, 2.22891865555e-12, 1.31494912615e-12, 1.11671305883e-12, 1.23547244484e-12, 1.10489211096e-12, 8.26538056747e-13, 9.06336366634e-13, 9.06159153789e-13, 8.30849549317e-13, 4.24718718311e-13, 1.88275813668e-13, 1.80171158483e-13]
    },
    "mfcc": {
        "dmean": [32.7701454163, 17.5885810852, 12.4382419586, 9.42558288574, 8.16178417206, 7.1357550621, 6.70016670227, 6.68540334702, 5.77595281601, 6.23296928406, 5.74638223648, 5.57328271866, 5.83659696579],
        "dmean2": [41.6016921997, 23.1634292603, 16.4999675751, 13.8658342361, 11.8869495392, 10.9019260406, 10.1941995621, 10.6822052002, 8.89835643768, 9.79134559631, 9.06289196014, 8.88138103485, 9.28822231293],
        "dvar": [1267.86462402, 321.665161133, 150.259613037, 77.6290206909, 64.8674545288, 40.5449409485, 32.4258613586, 34.7554588318, 23.9991512299, 30.4201602936, 26.2753334045, 21.2960853577, 24.6396198273],
        "dvar2": [2561.66210938, 593.256713867, 237.628463745, 163.163299561, 114.836540222, 82.3852539062, 68.1003036499, 80.4725570679, 50.7032699585, 68.7444229126, 57.9931869507, 53.5877380371, 62.3934593201],
        "max": [-577.684020996, 248.365539551, 120.745346069, 91.4960784912, 66.4988861084, 41.401473999, 31.8298301697, 50.2944259644, 27.3367958069, 38.6882705688, 37.6166534424, 27.7396240234, 22.6859359741],
        "mean": [-712.377746582, 168.936187744, 8.05911159515, 32.3892059326, 17.1621761322, 6.74326181412, -4.6717839241, 5.12898635864, -0.746732354164, 2.19579768181, 1.58698582649, -1.01301193237, -5.76452350616],
        "median": [-700.422424316, 169.702148438, 8.19042491913, 30.483751297, 16.5908145905, 7.64995384216, -3.5741109848, 4.58082294464, -0.368377685547, 1.58638286591, 0.448642730713, -1.30313301086, -5.16750812531],
        "min": [-953.044006348, 21.9115848541, -93.9438934326, -45.5514602661, -30.0847587585, -29.4258422852, -45.2484436035, -29.9906463623, -37.6603012085, -28.0578727722, -23.044631958, -26.1984958649, -32.3129196167],
        "var": [5143.859375, 1253.04943848, 1135.31640625, 435.792053223, 265.336456299, 165.977218628, 181.635070801, 105.137138367, 72.027557373, 131.122940063, 86.1342926025, 64.64818573, 62.4501838684],
        "cov": [[5151.80957031, -1454.47717285, -722.351745605, -85.8559799194, -330.406646729, -55.9396209717, -221.09387207, 3.82811069489, -22.8813762665, 53.0250434875, 13.1697387695, -21.0533046722, -43.5162887573], [-1454.47717285, 1254.98608398, -389.359680176, -253.215545654, 40.9501991272, -101.711334229, 78.9543838501, -30.6095104218, -34.6271400452, 25.3446941376, 48.1240386963, 17.2650184631, -4.77827739716], [-722.351745605, -389.359680176, 1137.07116699, 229.983291626, -33.8274879456, 211.41796875, 123.893623352, 47.8851737976, 14.8404655457, -71.9223556519, -45.6806488037, -8.68714141846, 15.8734426498], [-85.8559799194, -253.215545654, 229.983291626, 436.465606689, 112.869857788, 5.78138208389, -100.85308075, 26.4094409943, 44.6208953857, -71.3807525635, -60.6508712769, -0.609168887138, 18.1230831146], [-330.406646729, 40.9501991272, -33.8274879456, 112.869857788, 265.746551514, -29.833990097, -45.3966217041, 16.0411071777, 16.1112003326, 13.0100927353, -2.02388143539, 18.0512886047, -2.1160132885], [-55.9396209717, -101.711334229, 211.41796875, 5.78138208389, -29.833990097, 166.233764648, 72.2777252197, -0.50162768364, 7.20417404175, -1.71121430397, 9.77657222748, -0.720163762569, -4.6402387619], [-221.09387207, 78.9543838501, 123.893623352, -100.85308075, -45.3966217041, 72.2777252197, 181.915802002, 19.1798591614, -32.085105896, 26.6546916962, 28.4305953979, 7.36331510544, -6.54289722443], [3.82811069489, -30.6095104218, 47.8851737976, 26.4094409943, 16.0411071777, -0.50162768364, 19.1798591614, 105.299636841, 3.14650011063, -7.13316202164, 8.71644306183, 18.5405387878, -2.33428812027], [-22.8813762665, -34.6271400452, 14.8404655457, 44.6208953857, 16.1112003326, 7.20417404175, -32.085105896, 3.14650011063, 72.1388778687, 10.948972702, -13.4678544998, -2.85661911964, 0.377757668495], [53.0250434875, 25.3446941376, -71.9223556519, -71.3807525635, 13.0100927353, -1.71121430397, 26.6546916962, -7.13316202164, 10.948972702, 131.3256073, 57.3702468872, -8.32110595703, -26.1035518646], [13.1697387695, 48.1240386963, -45.6806488037, -60.6508712769, -2.02388143539, 9.77657222748, 28.4305953979, 8.71644306183, -13.4678544998, 57.3702468872, 86.2674255371, 16.1855640411, -12.5829734802], [-21.0533046722, 17.2650184631, -8.68714141846, -0.609168887138, 18.0512886047, -0.720163762569, 7.36331510544, 18.5405387878, -2.85661911964, -8.32110595703, 16.1855640411, 64.7481079102, 19.2027282715], [-43.5162887573, -4.77827739716, 15.8734426498, 18.1230831146, -2.1160132885, -4.6402387619, -6.54289722443, -2.33428812027, 0.377757668495, -26.1035518646, -12.5829734802, 19.2027282715, 62.5467071533]],
        "icov": [[0.000600713538006, 0.000881970394403, 0.000661394791678, 0.000116997180157, 0.000699866970535, -0.000136590533657, 0.000328144669766, -0.000242430571234, 0.000440859847004, -0.000145507874549, 5.51040357095e-05, -0.000228474542382, 0.000340230355505], [0.000881970394403, 0.00239960174076, 0.0012216049945, 0.000630387163255, 0.000570761447307, 0.000528645992745, -0.000460928451503, 7.6361837273e-05, 0.000224251954933, 0.000510592886712, -0.000464217504486, -0.000268019677605, 0.000518055690918], [0.000661394791678, 0.0012216049945, 0.00229105725884, -0.000702819961589, 0.000915877171792, -0.00141665374395, -0.000850331038237, -0.000563095090911, 0.000372282811441, 0.00025339552667, 0.000346276530763, 9.95640584733e-05, 0.000134210611577], [0.000116997180157, 0.000630387163255, -0.000702819961589, 0.00434804521501, -0.00152647809591, 7.84350413596e-05, 0.00192376587074, -0.000684389495291, -0.00107742357068, 0.00135618518107, 0.00055137911113, 0.000275308295386, -0.000223152310355], [0.000699866970535, 0.000570761447307, 0.000915877171792, -0.00152647809591, 0.00572926178575, -5.79155966989e-05, 0.00109396583866, -0.000807726872154, 0.000841495057102, -0.0018830614863, 0.000749695696868, -0.00199171761051, 0.000985555700026], [-0.000136590533657, 0.000528645992745, -0.00141665374395, 7.84350413596e-05, -5.79155966989e-05, 0.0102055473253, -0.00408032070845, 0.00202918122523, -0.0032449348364, 0.00192422186956, -0.00266195577569, 0.000130703192553, 0.000933232833631], [0.000328144669766, -0.000460928451503, -0.000850331038237, 0.00192376587074, 0.00109396583866, -0.00408032070845, 0.0110468305647, -0.00267527601682, 0.00468602217734, -0.00299273640849, 0.00116003036965, -0.00116120267194, -4.59086732008e-05], [-0.000242430571234, 7.6361837273e-05, -0.000563095090911, -0.000684389495291, -0.000807726872154, 0.00202918122523, -0.00267527601682, 0.011461420916, -0.00203254283406, 0.00195676204748, -0.00217891670763, -0.00269961287268, 0.00166887382511], [0.000440859847004, 0.000224251954933, 0.000372282811441, -0.00107742357068, 0.000841495057102, -0.0032449348364, 0.00468602217734, -0.00203254283406, 0.0188306495547, -0.00581671763211, 0.00528233544901, -0.00122939259745, -0.00035754594137], [-0.000145507874549, 0.000510592886712, 0.00025339552667, 0.00135618518107, -0.0018830614863, 0.00192422186956, -0.00299273640849, 0.00195676204748, -0.00581671763211, 0.0148247340694, -0.00971082318574, 0.00352234882303, 0.00250666751526], [5.51040357095e-05, -0.000464217504486, 0.000346276530763, 0.00055137911113, 0.000749695696868, -0.00266195577569, 0.00116003036965, -0.00217891670763, 0.00528233544901, -0.00971082318574, 0.0213232450187, -0.0064333579503, 0.00180335436016], [-0.000228474542382, -0.000268019677605, 9.95640584733e-05, 0.000275308295386, -0.00199171761051, 0.000130703192553, -0.00116120267194, -0.00269961287268, -0.00122939259745, 0.00352234882303, -0.0064333579503, 0.0209463071078, -0.00681198108941], [0.000340230355505, 0.000518055690918, 0.000134210611577, -0.000223152310355, 0.000985555700026, 0.000933232833631, -4.59086732008e-05, 0.00166887382511, -0.00035754594137, 0.00250666751526, 0.00180335436016, -0.00681198108941, 0.0199574716389]]
    }
}

}