{
"metadata": {
    "version": {
        "essentia": "2.0.1",
        "extractor": "archive-music 1.0 mod ismir14"
    },
    "audio_properties": {
        "analysis_sample_rate": 44100,
        "bitrate": 32,
        "channels": 2,
        "equal_loudness": 0,
        "length": 30.0408172607,
        "replay_gain": -8.37746620178,
        "downmix": "mix"
    },
    "tags": {
        "track": 7,
        "year": 0,
        "album": "The Cool Jazz Collection",
        "artist": "Astrud Gilberto",
        "comment": "",
        "genre": "Jazz",
        "title": "Girl From Ipanema"
    }
},
"rhythm": {
    "bpm": 130.358261108,
    "bpm_histogram_first_peak": 129,
    "bpm_histogram_first_peak_spread": 0.55172419548,
    "bpm_histogram_first_peak_weight": 0.412698417902,
    "bpm_histogram_second_peak": 123,
    "bpm_histogram_second_peak_spread": 0,
    "bpm_histogram_second_peak_weight": 0.047619048506
},
"tonal": {
    "tuning_frequency": {
        "dmean": 0.141676411033,
        "dmean2": 0.25115031004,
        "dvar": 1.7646548748,
        "dvar2": 3.43302226067,
        "max": 456.570251465,
        "mean": 438.240203857,
        "median": 437.971466064,
        "min": 433.441375732,
        "var": 16.0461959839
    },
    "hpcp": {
        "dmean": [0.0822943076491, 0.139275327325, 0.079986050725, 0.142737597227, 0.105412252247, 0.0676389485598, 0.133287057281, 0.0481789335608, 0.127898871899, 0.0929863080382, 0.119826823473, 0.104940585792],
        "dmean2": [0.155112802982, 0.238346397877, 0.151143118739, 0.258197456598, 0.187094196677, 0.122657902539, 0.228983268142, 0.0916309133172, 0.229936137795, 0.171416327357, 0.219861134887, 0.190842345357],
        "dvar": [0.0389258638024, 0.0669543966651, 0.0498306229711, 0.0732304081321, 0.051888089627, 0.0353061743081, 0.0633467361331, 0.0259777382016, 0.0653807222843, 0.0571556501091, 0.0638588070869, 0.0495376586914],
        "dvar2": [0.112502321601, 0.141528204083, 0.140027657151, 0.158024132252, 0.123811587691, 0.0929318219423, 0.138452470303, 0.0722955390811, 0.148997604847, 0.14090116322, 0.158360347152, 0.122777268291],
        "max": [1, 1, 1, 1, 1, 1, 1, 1, 1, 1, 1, 1],
        "mean": [0.0525035522878, 0.257258653641, 0.0512770786881, 0.273232161999, 0.125885933638, 0.0737356022, 0.237129345536, 0.0616417825222, 0.170903623104, 0.0786425322294, 0.112179733813, 0.137236505747],
        "median": [0.00176041107625, 0.0416016951203, 0.000969734159298, 0.0188064165413, 0.00647639390081, 0.00296215293929, 0.034492097795, 0.00126872514375, 0.0131030660123, 0.00132217549253, 0.00755128916353, 0.00683481665328],
        "min": [1.88587921457e-06, 3.37883875545e-06, 1.90912601283e-06, 6.86225257596e-06, 1.08010226541e-06, 3.55250426765e-06, 4.28956218457e-06, 3.16918681165e-06, 9.1386806389e-07, 1.53182770646e-06, 6.93656329531e-06, 4.43114913651e-06],
        "var": [0.0260285530239, 0.142632097006, 0.0329625308514, 0.163960859179, 0.0750220939517, 0.0481109544635, 0.135384052992, 0.0441127307713, 0.102555014193, 0.0550745427608, 0.0645739808679, 0.0807370096445]
    }
},
"lowlevel": {
    "melbands": {
        "dmean": [0.000258005864453, 0.000730411149561, 0.000859216088429, 0.000453913788078, 0.000257025763858, 9.61220430327e-05, 5.76710990572e-05, 7.06636128598e-05, 2.51190776908e-05, 1.66934296431e-05, 1.64029715961e-05, 1.58027651196e-05, 3.4847923871e-06, 2.39819246417e-06, 3.64462357538e-06, 2.34891103901e-06, 1.96640780814e-06, 8.02976842351e-07, 8.58607279497e-07, 7.84851295066e-07, 4.44708149416e-07, 6.00593409672e-07, 7.21736057585e-07, 6.11824930274e-07, 2.52607719631e-07, 1.54413044129e-07, 2.28601095387e-07, 3.24750203617e-07, 2.9857227446e-07, 3.41534359904e-07, 5.99580005201e-07, 1.05851813714e-06, 1.0244096984e-06, 7.70795850258e-07, 3.30847257146e-07, 2.0063285433e-07, 1.63131161912e-07, 1.3193429993e-07, 1.76276628849e-07, 2.52124237932e-07],
        "dmean2": [0.000360495148925, 0.00105805578642, 0.00130238756537, 0.000652948103379, 0.000379818404326, 0.000144234843901, 8.85723566171e-05, 0.000112175315735, 3.56865384674e-05, 2.42457754212e-05, 2.3235241315e-05, 1.89688762475e-05, 4.97262954013e-06, 3.47538775713e-06, 4.73757745567e-06, 3.35867571266e-06, 2.9099664971e-06, 1.19427352274e-06, 1.39634551033e-06, 1.13300291105e-06, 7.16578028914e-07, 9.17997624583e-07, 1.10228359063e-06, 9.70546125245e-07, 3.85160035421e-07, 2.21343398721e-07, 3.35303212751e-07, 5.10835320711e-07, 4.7269347192e-07, 5.53815027615e-07, 9.1726883511e-07, 1.63252070706e-06, 1.57869772011e-06, 1.31646140744e-06, 4.68629110628e-07, 2.86426796947e-07, 2.47438265433e-07, 1.92775146957e-07, 2.55494938983e-07, 3.57237382786e-07],
        "dvar": [3.78872414331e-07, 1.22390656543e-06, 1.30806472498e-06, 5.95441861151e-07, 2.14741845639e-07, 3.6564383521e-08, 3.53900730943e-08, 4.79720654312e-08, 4.31755653452e-09, 3.99708977028e-09, 2.15079154486e-09, 8.08277267339e-09, 7.15184855782e-11, 2.91014833759e-11, 1.72553707434e-10, 7.66686089615e-11, 9.52664960807e-11, 5.83045070557e-12, 1.88366440501e-11, 1.23389302248e-11, 2.39813572646e-12, 1.77617285029e-12, 3.68333185133e-12, 3.55559266925e-12, 6.17021462136e-13, 1.36930112973e-13, 4.92192007637e-13, 1.59574708048e-12, 8.75419257484e-13, 1.8997351435e-12, 7.4760293442e-12, 2.62696323028e-11, 2.03383161007e-11, 3.21268810166e-11, 1.458407505e-12, 3.20553398278e-13, 2.1649610544e-13, 1.69410533236e-13, 4.53752947759e-13, 9.73761652909e-13],
        "dvar2": [7.23086657217e-07, 2.2741205612e-06, 2.52941026702e-06, 1.15395880584e-06, 4.67876589028e-07, 7.78117339451e-08, 7.39377341574e-08, 1.09774916268e-07, 7.19632531343e-09, 7.31937399578e-09, 4.43490000279e-09, 1.12673976815e-08, 1.29435628882e-10, 5.96779362039e-11, 2.32430477642e-10, 1.4114912017e-10, 2.06629283128e-10, 1.42054978891e-11, 5.06816810741e-11, 2.6840986031e-11, 6.35463600143e-12, 4.01465926475e-12, 8.05828147266e-12, 8.24159837598e-12, 1.45375269982e-12, 2.69782216315e-13, 9.41113398149e-13, 3.30659024467e-12, 2.11976920392e-12, 3.85428754884e-12, 1.71778320734e-11, 5.68267759238e-11, 4.6022876482e-11, 9.0181209722e-11, 2.64468264996e-12, 5.77427103528e-13, 3.83848958478e-13, 2.66304475216e-13, 8.69798482371e-13, 1.73270957044e-12],
        "max": [0.00914510153234, 0.0118360705674, 0.0120208673179, 0.0201282743365, 0.00531796133146, 0.00242135720327, 0.00218751421198, 0.00200439454056, 0.000971376779489, 0.000953518960159, 0.000519319437444, 0.00250641559251, 0.000112819434435, 8.2358106738e-05, 0.000324317719787, 0.000144033663673, 0.000180617629667, 3.78730292141e-05, 7.33486012905e-05, 5.39522370673e-05, 2.52607424045e-05, 1.32447403303e-05, 1.85406170203e-05, 2.26389074669e-05, 1.37075585371e-05, 5.9768653955e-06, 9.96826292976e-06, 2.04808293347e-05, 1.07904124889e-05, 1.69516824826e-05, 3.75871240976e-05, 6.68907523504e-05, 5.54068028578e-05, 0.000114569855214, 2.06382283068e-05, 6.32585170024e-06, 4.81284723719e-06, 5.99986924499e-06, 7.96906078904e-06, 1.36285980261e-05],
        "mean": [0.000463247357402, 0.00157117377967, 0.00201490079053, 0.000767729419749, 0.000572692544665, 0.000168167360243, 6.88809668645e-05, 8.20029745228e-05, 3.30859074893e-05, 2.23140123126e-05, 2.0948556994e-05, 2.20311721932e-05, 4.68664757136e-06, 3.11631788463e-06, 5.05926527694e-06, 2.96881762551e-06, 2.14013266486e-06, 8.38552125515e-07, 8.41667485929e-07, 8.20289301373e-07, 4.41390255901e-07, 6.80857908719e-07, 8.01144267371e-07, 6.26365419976e-07, 2.69589918389e-07, 1.83606459814e-07, 2.54562763757e-07, 3.30325264031e-07, 2.90419592375e-07, 3.49343025619e-07, 6.12783424003e-07, 1.05157641883e-06, 1.00602539987e-06, 7.4678416695e-07, 3.60453185522e-07, 2.30012460634e-07, 1.94750597871e-07, 1.54879913339e-07, 1.91932443272e-07, 2.71858993983e-07],
        "median": [0.000120119671919, 0.000799975707196, 0.000810635625385, 0.000352246686816, 0.000190767634194, 6.08506743447e-05, 1.76839821506e-05, 1.48672443174e-05, 4.78413312521e-06, 1.97298959392e-06, 2.03754098038e-06, 2.01000239031e-06, 9.01873249859e-07, 1.03782622318e-06, 8.43876932777e-07, 2.91619301152e-07, 2.20642817794e-07, 1.44464905816e-07, 7.70559367425e-08, 6.53317044907e-08, 6.68953816785e-08, 1.25408064378e-07, 1.19933304177e-07, 7.37502432457e-08, 4.33359232943e-08, 3.75125814855e-08, 5.42768887613e-08, 5.41415161592e-08, 3.16533714795e-08, 4.11372091946e-08, 4.10778397963e-08, 2.69576450052e-08, 3.48214257428e-08, 2.61387498313e-08, 2.46116140801e-08, 2.48034499606e-08, 2.38139037378e-08, 1.8693658177e-08, 2.01677217149e-08, 1.92590565717e-08],
        "min": [3.05563332859e-07, 4.97056078075e-07, 5.49491858237e-07, 2.63680135504e-07, 6.65896720875e-07, 3.58793101896e-07, 9.97200899633e-08, 8.99542200727e-08, 2.78261413911e-08, 1.42408929094e-08, 1.11666960123e-08, 1.09879101373e-08, 8.03950950257e-09, 5.65512570105e-09, 2.38308639489e-09, 3.48262041427e-09, 2.04185068853e-09, 1.18277654337e-09, 9.65326485414e-10, 1.32055266722e-09, 4.82352713327e-10, 7.43875849807e-10, 7.37041039311e-10, 6.56839027613e-10, 5.41047262548e-10, 4.94761398517e-10, 6.71851796419e-10, 8.24845969305e-10, 5.54540746656e-10, 6.43735564854e-10, 5.28491361784e-10, 5.61608093363e-10, 5.36701127984e-10, 4.23239804315e-10, 4.57206411619e-10, 4.70601058122e-10, 5.04819241964e-10, 4.84851270244e-10, 5.4314730491e-10, 2.72159239589e-10],
        "var": [1.14528631912e-06, 3.50993377651e-06, 7.09288678991e-06, 2.19211892727e-06, 7.89716523286e-07, 8.01211115231e-08, 4.62170781645e-08, 5.44367821931e-08, 8.45091197021e-09, 6.74601974282e-09, 3.38284311674e-09, 1.90933917565e-08, 1.49138354444e-10, 4.82706825899e-11, 4.35165931068e-10, 1.20979462559e-10, 1.11628414845e-10, 5.88144984104e-12, 1.62417770205e-11, 1.46365766729e-11, 1.91753796001e-12, 2.26323061854e-12, 4.32416775997e-12, 3.61519429844e-12, 6.32909143931e-13, 1.99697775135e-13, 6.53850617312e-13, 1.79038500605e-12, 8.33317735562e-13, 2.10782650015e-12, 7.95759552003e-12, 2.8839082164e-11, 2.2615234338e-11, 2.72985991451e-11, 2.17330949244e-12, 4.7475153149e-13, 3.27707668944e-13, 2.74899677674e-13, 6.13523283826e-13, 1.40500805434e-12]
    },
    "mfcc": {
        "dmean": [41.1557426453, 28.3296546936, 14.2818384171, 10.719748497, 8.12181568146, 9.52746582031, 7.80224180222, 6.64487218857, 6.9000916481, 7.07901906967, 5.9037232399, 6.01966714859, 5.42123413086],
        "dmean2": [52.8764762878, 38.8776779175, 20.1392879486, 14.877737999, 12.0731716156, 13.6097335815, 11.7849502563, 9.93203639984, 10.6863012314, 9.92498207092, 8.83348751068, 9.10292625427, 8.13557624817],
        "dvar": [1358.94421387, 772.207580566, 188.193695068, 92.0867385864, 50.8439674377, 92.3379745483, 42.8115081787, 37.3870506287, 36.3978805542, 32.1678619385, 23.1549816132, 24.8172836304, 20.3392562866],
        "dvar2": [2386.0300293, 1334.90270996, 336.479217529, 172.398727417, 106.24710083, 156.178924561, 88.6527404785, 80.2195053101, 79.1574859619, 62.308631897, 46.0102500916, 55.1247215271, 47.9539642334],
        "max": [-624.980895996, 243.400421143, 135.946166992, 115.95262146, 47.2791366577, 59.5844573975, 38.207408905, 36.3727416992, 27.925901413, 25.0715141296, 29.8644752502, 37.2514801025, 16.8352355957],
        "mean": [-802.25769043, 155.764648438, 62.5663452148, 30.8163661957, 8.93573570251, 7.89008331299, 3.08107948303, 2.88347578049, -5.5148730278, -10.9699811935, -4.82992887497, -1.05774831772, -5.91418838501],
        "median": [-790.292358398, 164.418441772, 61.9515533447, 29.5857467651, 10.2158546448, 10.093000412, 4.27323246002, 2.49534606934, -4.87694454193, -10.2271537781, -4.36698150635, -1.42525482178, -4.90090370178],
        "min": [-1013.90704346, -42.9688415527, -20.4779891968, -30.6642112732, -33.9424247742, -50.411075592, -45.4002990723, -32.8672370911, -38.9999313354, -48.3026885986, -42.5206756592, -34.8248977661, -35.2265930176],
        "var": [5125.30224609, 2274.31835938, 722.200500488, 493.553253174, 199.911651611, 296.68145752, 189.948745728, 132.66506958, 106.564598083, 186.927261353, 131.675048828, 120.245162964, 82.8467407227],
        "cov": [[5133.22412109, -662.224060059, -484.777954102, -99.3709564209, -110.237998962, -180.405944824, -245.518569946, 31.6495761871, -13.7879104614, 123.996810913, 85.9819488525, -30.4314746857, -161.136032104], [-662.224060059, 2277.83349609, -413.131225586, -295.306884766, 88.415222168, -241.077087402, 51.6512756348, 118.61416626, -114.126579285, -146.833312988, -34.585609436, 26.0941429138, -90.2908706665], [-484.777954102, -413.131225586, 723.316772461, 130.355636597, -87.6679229736, 201.606262207, 35.3230171204, -56.6444969177, 24.1948051453, -76.7961807251, 25.7168731689, -28.9471569061, 76.7080917358], [-99.3709564209, -295.306884766, 130.355636597, 494.316070557, 125.6014328, -105.841201782, -54.9933357239, 22.3853702545, 2.05007004738, -94.6936798096, -1.44537055492, -45.2858009338, 51.9532089233], [-110.237998962, 88.415222168, -87.6679229736, 125.6014328, 200.220626831, -38.2183380127, -17.8578929901, 11.1676807404, 7.14537143707, -10.7787094116, -25.5618743896, 22.6427726746, -4.91354370117], [-180.405944824, -241.077087402, 201.606262207, -105.841201782, -38.2183380127, 297.140014648, 72.0040512085, -21.9910411835, 46.6044960022, 60.7814788818, 45.0914726257, 20.8042507172, 31.3757991791], [-245.518569946, 51.6512756348, 35.3230171204, -54.9933357239, -17.8578929901, 72.0040512085, 190.242324829, 38.2581253052, 4.53449869156, 24.2866039276, 9.11161613464, 26.7374534607, 12.1435651779], [31.6495761871, 118.61416626, -56.6444969177, 22.3853702545, 11.1676807404, -21.9910411835, 38.2581253052, 132.870117188, 22.4046077728, -13.3370046616, 24.1237735748, -8.4487695694, -1.31936812401], [-13.7879104614, -114.126579285, 24.1948051453, 2.05007004738, 7.14537143707, 46.6044960022, 4.53449869156, 22.4046077728, 106.729301453, 61.8054008484, 17.025390625, -17.3268070221, 10.3873586655], [123.996810913, -146.833312988, -76.7961807251, -94.6936798096, -10.7787094116, 60.7814788818, 24.2866039276, -13.3370046616, 61.8054008484, 187.216171265, 23.5208339691, 14.4652423859, -13.8183078766], [85.9819488525, -34.585609436, 25.7168731689, -1.44537055492, -25.5618743896, 45.0914726257, 9.11161613464, 24.1237735748, 17.025390625, 23.5208339691, 131.878555298, -10.2008190155, 15.1609277725], [-30.4314746857, 26.0941429138, -28.9471569061, -45.2858009338, 22.6427726746, 20.8042507172, 26.7374534607, -8.4487695694, -17.3268070221, 14.4652423859, -10.2008190155, 120.431015015, 2.38078093529], [-161.136032104, -90.2908706665, 76.7080917358, 51.9532089233, -4.91354370117, 31.3757991791, 12.1435651779, -1.31936812401, 10.3873586655, -13.8183078766, 15.1609277725, 2.38078093529, 82.9747848511]],
        "icov": [[0.000271186727332, 0.00014583900338, 0.000167178164702, 7.04879566911e-05, 0.000151075495523, 0.000100632401882, 0.00030221772613, -0.000197874978767, 0.000124805112137, -1.67271318787e-05, -0.000225592986681, -3.08717280859e-05, 0.000433865207015], [0.00014583900338, 0.000837911560666, 0.000128873405629, 0.000966525694821, -0.000711710250471, 0.000729256367777, -0.000140475531225, -0.000574685051106, 0.000349922775058, 0.000740852963645, -0.000361300131772, 0.000173153777723, 0.000304833985865], [0.000167178164702, 0.000128873405629, 0.00291407550685, -0.00127357651945, 0.00174550781958, -0.00205796374939, -0.000228586679441, 0.00120790651999, -0.000912085932214, 0.00171350431629, 8.16268675408e-06, 6.43258244963e-05, -0.000101245859696], [7.04879566911e-05, 0.000966525694821, -0.00127357651945, 0.00518960412592, -0.00383862247691, 0.0028421538882, 0.000168848826434, -0.00122700131033, 0.000288572889986, 0.00133388384711, -0.000937234784942, 0.00140062056016, -0.00191253842786], [0.000151075495523, -0.000711710250471, 0.00174550781958, -0.00383862247691, 0.00874960329384, -0.0019328930648, 0.000606676447205, 0.000630965922028, -0.00163973600138, -0.000131608176162, 0.0014151353389, -0.00236240844242, 0.00147157185711], [0.000100632401882, 0.000729256367777, -0.00205796374939, 0.0028421538882, -0.0019328930648, 0.00729796476662, -0.00153720448725, 0.000217098931898, -0.00111247983295, -0.000622775696684, -0.00188392761629, -0.00032148550963, -0.00114470452536], [0.00030221772613, -0.000140475531225, -0.000228586679441, 0.000168848826434, 0.000606676447205, -0.00153720448725, 0.00734806200489, -0.00307613820769, 0.00153513881378, -0.00148009241093, 0.000543822883628, -0.00112628377974, -0.00047319670557], [-0.000197874978767, -0.000574685051106, 0.00120790651999, -0.00122700131033, 0.000630965922028, 0.000217098931898, -0.00307613820769, 0.0110126296058, -0.00432194257155, 0.00240493193269, -0.00194582575932, 0.000117165385745, 0.000516273838002], [0.000124805112137, 0.000349922775058, -0.000912085932214, 0.000288572889986, -0.00163973600138, -0.00111247983295, 0.00153513881378, -0.00432194257155, 0.0152160618454, -0.00567594729364, 0.000383629347198, 0.00263808784075, -0.00168005621526], [-1.67271318787e-05, 0.000740852963645, 0.00171350431629, 0.00133388384711, -0.000131608176162, -0.000622775696684, -0.00148009241093, 0.00240493193269, -0.00567594729364, 0.0101181399077, -0.00157716171816, -0.000817704945803, 0.00154419708997], [-0.000225592986681, -0.000361300131772, 8.16268675408e-06, -0.000937234784942, 0.0014151353389, -0.00188392761629, 0.000543822883628, -0.00194582575932, 0.000383629347198, -0.00157716171816, 0.00931674055755, 0.0005382556119, -0.00159477000125], [-3.08717280859e-05, 0.000173153777723, 6.43258244963e-05, 0.00140062056016, -0.00236240844242, -0.00032148550963, -0.00112628377974, 0.000117165385745, 0.00263808784075, -0.000817704945803, 0.0005382556119, 0.0101116010919, -0.00151451630518], [0.000433865207015, 0.000304833985865, -0.000101245859696, -0.00191253842786, 0.00147157185711, -0.00114470452536, -0.00047319670557, 0.000516273838002, -0.00168005621526, 0.00154419708997, -0.00159477000125, -0.00151451630518, 0.0159170217812]]
    }
}

}