{
"metadata": {
    "version": {
        "essentia": "2.0.1",
        "extractor": "archive-music 1.0 mod ismir14"
    },
    "audio_properties": {
        "analysis_sample_rate": 44100,
        "bitrate": 32,
        "channels": 2,
        "equal_loudness": 0,
        "length": 30.0408172607,
        "replay_gain": -11.7791290283,
        "downmix": "mix"
    },
    "tags": {
        "track": 6,
        "year": 0,
        "album": "Swing Classics (Jazz & Tzaz 70)",
        "artist": "Benny Carter",
        "comment": "",
        "genre": "Jazz",
        "title": "Babalu"
    }
},
"rhythm": {
    "bpm": 92.4049606323,
    "bpm_histogram_first_peak": 92,
    "bpm_histogram_first_peak_spread": 0.613636374474,
    "bpm_histogram_first_peak_weight": 0.377777785063,
    "bpm_histogram_second_peak": 99,
    "bpm_histogram_second_peak_spread": 0,
    "bpm_histogram_second_peak_weight": 0.0222222227603
},
"tonal": {
    "tuning_frequency": {
        "dmean": 0.0766410529613,
        "dmean2": 0.125754252076,
        "dvar": 1.0259244442,
        "dvar2": 1.78129720688,
        "max": 456.04309082,
        "mean": 440.307525635,
        "median": 441.017791748,
        "min": 434.695007324,
        "var": 2.96316218376
    },
    "hpcp": {
        "dmean": [0.0885592550039, 0.132771670818, 0.0709405988455, 0.191724926233, 0.13152256608, 0.111206494272, 0.14585788548, 0.0638963356614, 0.197894155979, 0.102856747806, 0.191324681044, 0.199023097754],
        "dmean2": [0.159292519093, 0.225713044405, 0.128663510084, 0.333976000547, 0.221940785646, 0.191112160683, 0.239747539163, 0.110790193081, 0.336118340492, 0.18178139627, 0.33375954628, 0.336101233959],
        "dvar": [0.0305786132812, 0.0427850112319, 0.0299532115459, 0.0663778409362, 0.0487903691828, 0.0290819015354, 0.0442952141166, 0.019194740802, 0.0582441836596, 0.0400866791606, 0.0572293736041, 0.0625468939543],
        "dvar2": [0.0775709375739, 0.109426409006, 0.0759026706219, 0.146183803678, 0.109180957079, 0.0707202926278, 0.0922935456038, 0.0507537312806, 0.140676781535, 0.106174044311, 0.14457693696, 0.139850527048],
        "max": [1, 1, 1, 1, 1, 1, 1, 1, 1, 1, 1, 1],
        "mean": [0.0843725502491, 0.225583299994, 0.0645914375782, 0.432449579239, 0.221350759268, 0.122124776244, 0.308013826609, 0.0583802759647, 0.373953253031, 0.0820943489671, 0.251752883196, 0.342956721783],
        "median": [0.0159226134419, 0.0702462792397, 0.00876787304878, 0.277279496193, 0.0383552387357, 0.0453474409878, 0.132112383842, 0.0153634073213, 0.25076007843, 0.0187400244176, 0.133801311255, 0.21968498826],
        "min": [0.000234577688389, 9.31700706133e-05, 5.69881194679e-05, 0.000227001466556, 6.23447413091e-05, 0.000365677988157, 0.000574695528485, 3.83124424843e-05, 0.000385631981771, 0.000101890364022, 5.46528099221e-05, 0.000225194205996],
        "var": [0.0311620403081, 0.0856406763196, 0.0311756376177, 0.157183423638, 0.11350004375, 0.0389151126146, 0.129705905914, 0.0170043557882, 0.12195404619, 0.0304787196219, 0.0869414880872, 0.125238731503]
    }
},
"lowlevel": {
    "melbands": {
        "dmean": [8.651330063e-06, 3.97862604586e-05, 2.3652890377e-05, 5.22285590705e-05, 5.2061615861e-05, 8.09910779935e-05, 6.30246286164e-05, 0.000138975272421, 8.99314545677e-05, 6.68918801239e-05, 4.14987880504e-05, 3.48240500898e-05, 3.06581314362e-05, 2.45510073e-05, 5.01510112372e-05, 3.96724863094e-05, 2.43112590397e-05, 1.62878241099e-05, 1.41797299875e-05, 1.55357902258e-05, 5.01542399434e-06, 6.99896099832e-06, 2.98290183309e-06, 2.7433827654e-06, 3.74128399017e-06, 1.17105139452e-06, 6.58153680888e-07, 8.04720002634e-07, 7.62333684179e-07, 7.69440248405e-07, 3.67804943835e-07, 1.9363179149e-07, 1.26744595264e-07, 5.26104919629e-08, 2.25414780175e-08, 1.84543242909e-08, 5.0577435573e-09, 9.55503898226e-10, 3.8954997561e-10, 2.07864767066e-10],
        "dmean2": [1.39984458656e-05, 6.68116772431e-05, 3.59204022971e-05, 7.93092258391e-05, 7.64634023653e-05, 0.000123942314531, 9.91848137346e-05, 0.000216852058657, 0.000135234280606, 0.000101772551716, 6.39622739982e-05, 5.31444893568e-05, 4.63620272058e-05, 3.71824098693e-05, 7.82250135671e-05, 6.37518969597e-05, 3.6847719457e-05, 2.37368822127e-05, 2.07173852687e-05, 2.46733907261e-05, 7.71989471104e-06, 1.08076810648e-05, 4.49259187008e-06, 4.00175213144e-06, 5.76077809455e-06, 1.76078856384e-06, 9.63675688581e-07, 1.23268364405e-06, 1.12026964416e-06, 1.14448357635e-06, 5.36566574283e-07, 2.67678530008e-07, 1.83593016345e-07, 7.46720303368e-08, 3.22941140496e-08, 2.65461395088e-08, 7.61460672294e-09, 1.5343365467e-09, 6.09009953578e-10, 3.27565391478e-10],
        "dvar": [1.02804244284e-10, 2.28464158702e-09, 1.48658652055e-09, 7.04120406425e-09, 4.84107109955e-09, 1.87047461964e-08, 8.23741697076e-09, 9.16665214845e-08, 2.46993092645e-08, 1.21361622973e-08, 6.20304430043e-09, 5.06680608581e-09, 3.64988617108e-09, 1.87121984574e-09, 8.97956198287e-09, 1.01123323049e-08, 3.2892106816e-09, 1.30908406337e-09, 1.12832521104e-09, 1.18148280048e-09, 6.56559112633e-11, 3.22056020741e-10, 2.48226699612e-11, 2.46221897038e-11, 5.98224594861e-11, 6.74547570578e-12, 1.89719832726e-12, 4.46305275723e-12, 2.26477322139e-12, 2.01969495815e-12, 5.93490642915e-13, 1.97359042628e-13, 1.17969598933e-13, 2.06315779077e-14, 2.91080288873e-15, 1.75703961776e-15, 1.07104457444e-16, 6.28355675489e-18, 8.72350360865e-19, 2.02719711808e-19],
        "dvar2": [2.29767940785e-10, 5.37389377442e-09, 3.5980705082e-09, 1.67581291066e-08, 9.9385619734e-09, 4.0727574202e-08, 1.7775709793e-08, 1.84033538631e-07, 4.8824059462e-08, 2.43330440242e-08, 1.38820652751e-08, 1.1795085797e-08, 7.7641066909e-09, 3.63498608991e-09, 1.99017158309e-08, 2.59727048757e-08, 7.71496644347e-09, 2.61704768967e-09, 2.62120392058e-09, 2.51061815781e-09, 1.45117834416e-10, 7.59373230963e-10, 5.30285537703e-11, 5.07113309678e-11, 1.23750176773e-10, 1.26527928759e-11, 3.88031273779e-12, 1.003914573e-11, 4.38236686523e-12, 3.66578512337e-12, 9.97019849493e-13, 3.26229684542e-13, 2.07943227524e-13, 3.63121059371e-14, 5.36209421523e-15, 3.14564637325e-15, 2.1377878097e-16, 1.4945601878e-17, 2.09490831357e-18, 4.88315372972e-19],
        "max": [8.84171458893e-05, 0.00064055796247, 0.000625755288638, 0.00122341385577, 0.000775018183049, 0.00127279746812, 0.00121290120296, 0.00408518081531, 0.00180957489647, 0.00102116994094, 0.000790715159383, 0.000818536849692, 0.000839056679979, 0.000502578739543, 0.000835449493024, 0.00140781945083, 0.000703918514773, 0.000415059796069, 0.000357189157512, 0.000533860002179, 0.000112315276056, 0.000243132744799, 5.3026007663e-05, 5.92922478972e-05, 6.8470275437e-05, 3.60729536624e-05, 1.43886591104e-05, 2.30179848586e-05, 1.27913408505e-05, 1.38877230711e-05, 9.05374599824e-06, 5.62291006645e-06, 3.49804690813e-06, 1.56504916049e-06, 5.10926952302e-07, 5.31057253284e-07, 9.32964425715e-08, 2.35761081768e-08, 9.18676335004e-09, 4.2975796255e-09],
        "mean": [1.11645667857e-05, 5.35913131898e-05, 3.86440806324e-05, 8.36868421175e-05, 0.000103318801848, 0.000146770544234, 0.000140099378768, 0.000330989569193, 0.000181183524546, 0.000107856285467, 7.1315364039e-05, 5.75884114369e-05, 4.76484965475e-05, 3.58156539733e-05, 7.55715009291e-05, 6.13417141722e-05, 4.43498829554e-05, 2.21539958147e-05, 1.90071623365e-05, 2.46777635766e-05, 7.45452780393e-06, 1.04990413092e-05, 5.24538427271e-06, 4.19107436755e-06, 5.94262473896e-06, 1.94243602891e-06, 1.01203613667e-06, 1.09604127374e-06, 1.14949909857e-06, 1.22242386169e-06, 5.71307566588e-07, 2.71577420108e-07, 1.75844036221e-07, 7.19427930562e-08, 3.19034469953e-08, 3.0006891194e-08, 8.54103454628e-09, 1.30278710042e-09, 4.89016771521e-10, 2.89610779802e-10],
        "median": [6.79862932884e-06, 3.55338852387e-05, 2.53699417954e-05, 5.53560275875e-05, 7.52547784941e-05, 8.48048657645e-05, 5.15152132721e-05, 7.78588146204e-05, 5.02966759086e-05, 3.12119082082e-05, 1.99825517484e-05, 1.22279598145e-05, 1.45139620145e-05, 1.45267076732e-05, 1.67749331013e-05, 1.25849510368e-05, 6.06956473348e-06, 5.81003496336e-06, 2.78883680949e-06, 5.58858209843e-06, 3.01143904835e-06, 2.99765815726e-06, 2.06470440389e-06, 1.61201296578e-06, 1.18858542919e-06, 5.93734853283e-07, 2.97610171174e-07, 1.66245555988e-07, 3.1196253758e-07, 2.69575537004e-07, 9.68643121269e-08, 5.14255660278e-08, 1.78905956716e-08, 5.97728000429e-09, 3.27060600824e-09, 3.0810225482e-09, 1.34388633555e-09, 2.48788656343e-10, 1.20044252316e-10, 9.33297744643e-11],
        "min": [1.17563825341e-08, 2.87284986911e-08, 2.52084532804e-07, 8.05735425047e-08, 1.98266789653e-08, 3.52859323982e-08, 9.87018324849e-08, 5.21283318733e-08, 3.11671364273e-08, 1.23256906903e-08, 7.55307372202e-09, 5.47984013721e-09, 4.10442435594e-09, 4.00288602265e-09, 4.81591477808e-09, 2.72903699639e-09, 3.99453181643e-09, 1.4490618705e-09, 7.59197371636e-10, 7.28408444672e-10, 5.50119172438e-10, 4.53763027153e-10, 5.18747877987e-10, 2.95424351648e-10, 1.7492410298e-10, 1.36218536451e-10, 8.51966344695e-11, 8.48162096112e-11, 8.28980703527e-11, 6.20883691682e-11, 4.95145799362e-11, 4.69293007233e-11, 3.78719798577e-11, 2.56118494468e-11, 2.4395721554e-11, 1.77803397006e-11, 1.19683785452e-11, 5.08359630433e-12, 4.82099343085e-12, 6.45569665433e-12],
        "var": [1.5975766543e-10, 3.27713967074e-09, 1.96422811349e-09, 9.9944408305e-09, 1.15323652849e-08, 3.30907852231e-08, 3.50590880771e-08, 3.34391188517e-07, 8.28474213677e-08, 2.65127635402e-08, 1.33544366676e-08, 9.46372402666e-09, 7.17669967898e-09, 3.46481732194e-09, 1.76307004551e-08, 1.89005042728e-08, 9.38249655746e-09, 2.32659291832e-09, 1.82865012022e-09, 3.09754799588e-09, 1.32240829398e-10, 4.73428352077e-10, 6.52989398664e-11, 4.48302714395e-11, 1.21063964409e-10, 1.86648769357e-11, 3.57221348855e-12, 7.90588081112e-12, 4.36153153524e-12, 4.67199369469e-12, 1.31070545042e-12, 4.09349773045e-13, 2.35533787569e-13, 4.16095177519e-14, 5.98779491227e-15, 4.92419808678e-15, 2.6534355276e-16, 9.0249821974e-18, 1.16087333667e-18, 2.94070100689e-19]
    },
    "mfcc": {
        "dmean": [40.1656913757, 14.5420045853, 16.3170108795, 8.93903160095, 9.83413887024, 7.30296850204, 6.61375427246, 5.87312841415, 5.20235729218, 5.44991779327, 5.03828382492, 5.10725784302, 4.97223329544],
        "dmean2": [47.0532646179, 20.6589336395, 22.6236896515, 13.7976427078, 13.6025209427, 11.174498558, 10.3155517578, 9.61375713348, 8.33606719971, 8.47610187531, 8.09798717499, 8.20817470551, 7.97104310989],
        "dvar": [2113.91625977, 209.006225586, 404.321502686, 68.6504821777, 82.7074356079, 35.8705406189, 31.863067627, 25.3510856628, 20.3608570099, 18.462059021, 15.5864896774, 20.7299995422, 15.2836904526],
        "dvar2": [3322.79516602, 380.439300537, 669.781921387, 142.696334839, 141.220199585, 76.7340621948, 66.1791763306, 59.0703239441, 49.9582366943, 43.539855957, 38.1633987427, 46.4951972961, 37.5925979614],
        "max": [-606.778930664, 233.916503906, 76.6226806641, 69.6037139893, 29.9096717834, 49.310043335, 18.7215003967, 24.6764431, 18.2203712463, 19.62068367, 26.8472328186, 34.0945663452, 24.1216659546],
        "mean": [-772.502807617, 175.98727417, -42.7920150757, 18.1513500214, -17.3360290527, -0.987850427628, -11.1626033783, -7.85245370865, -3.80527949333, -4.94280529022, 0.806377470493, 4.68494367599, -5.41722822189],
        "median": [-741.13848877, 183.322036743, -57.5499343872, 16.4151325226, -18.5299453735, -1.77658462524, -11.2511100769, -8.06210708618, -3.93047714233, -4.73503494263, 1.17988586426, 2.7492980957, -5.25573539734],
        "min": [-1040.48522949, 59.8038444519, -114.752799988, -31.6204605103, -63.6771087646, -26.4944114685, -54.4284820557, -31.4756088257, -26.6653289795, -31.8705673218, -18.5967884064, -19.8238830566, -28.4224052429],
        "var": [10449.2373047, 888.703308105, 1749.79589844, 290.123901367, 435.532562256, 147.060455322, 143.52645874, 69.3629074097, 61.9485206604, 78.5251235962, 55.1766967773, 102.126678467, 44.1751899719],
        "cov": [[10465.3867188, 76.5834732056, -4038.41967773, 333.358276367, -1718.95422363, 11.0155858994, -829.209533691, -10.3740234375, -251.64730835, -121.179328918, -37.667640686, 327.103820801, -209.156463623], [76.5834732056, 890.076904297, -18.6430530548, -272.185760498, -18.699344635, -242.32699585, 60.1453895569, -92.6591796875, 50.309928894, -135.236312866, 6.73243618011, 25.4618816376, 3.18727517128], [-4038.41967773, -18.6430530548, 1752.50036621, -104.286224365, 660.601379395, 49.5234069824, 304.871368408, 39.0371246338, 87.1541213989, 66.0681686401, 3.13782215118, -138.307601929, 73.6059417725], [333.358276367, -272.185760498, -104.286224365, 290.57232666, 35.3335151672, 96.1319046021, -32.6209373474, 5.08944606781, -32.4075431824, 14.0846223831, -15.064696312, -41.7769966125, -19.3231639862], [-1718.95422363, -18.699344635, 660.601379395, 35.3335151672, 436.205718994, 43.7645454407, 147.337265015, 4.31644010544, 5.96417474747, 22.6129016876, -5.78436374664, -101.713340759, 21.4235897064], [11.0155858994, -242.32699585, 49.5234069824, 96.1319046021, 43.7645454407, 147.287750244, 8.74868297577, 49.4956512451, -19.9364585876, 39.6269340515, -6.42352485657, -32.9617576599, -4.14031028748], [-829.209533691, 60.1453895569, 304.871368408, -32.6209373474, 147.337265015, 8.74868297577, 143.748291016, 15.9595794678, 31.0673503876, -8.99088954926, -7.50166416168, -33.9245300293, 16.4188404083], [-10.3740234375, -92.6591796875, 39.0371246338, 5.08944606781, 4.31644010544, 49.4956512451, 15.9595794678, 69.4701156616, 7.18683576584, 30.3552150726, 2.44441270828, 2.49661684036, 4.35240268707], [-251.64730835, 50.309928894, 87.1541213989, -32.4075431824, 5.96417474747, -19.9364585876, 31.0673503876, 7.18683576584, 62.0442657471, 9.08941650391, 17.9631633759, 14.1681756973, 9.69968891144], [-121.179328918, -135.236312866, 66.0681686401, 14.0846223831, 22.6129016876, 39.6269340515, -8.99088954926, 30.3552150726, 9.08941650391, 78.6464920044, 25.1211128235, 4.933344841, 4.7794880867], [-37.667640686, 6.73243618011, 3.13782215118, -15.064696312, -5.78436374664, -6.42352485657, -7.50166416168, 2.44441270828, 17.9631633759, 25.1211128235, 55.2619781494, 34.4744873047, 9.52052402496], [327.103820801, 25.4618816376, -138.307601929, -41.7769966125, -101.713340759, -32.9617576599, -33.9245300293, 2.49661684036, 14.1681756973, 4.933344841, 34.4744873047, 102.28452301, 7.61522531509], [-209.156463623, 3.18727517128, 73.6059417725, -19.3231639862, 21.4235897064, -4.14031028748, 16.4188404083, 4.35240268707, 9.69968891144, 4.7794880867, 9.52052402496, 7.61522531509, 44.2434692383]],
        "icov": [[0.00643405970186, -0.00767236715183, 0.00949393492192, -0.00660696811974, 0.00900795497, -0.010128127411, 0.00814399123192, -0.00758445961401, 0.00763952359557, -0.00648475252092, 0.00596700888127, -0.00292310677469, 0.00294788810425], [-0.00767236715183, 0.0125070987269, -0.0108812758699, 0.00994943175465, -0.0114843370393, 0.0151444496587, -0.0104253711179, 0.00944486819208, -0.0104239610955, 0.0118853775784, -0.00919772777706, 0.00471170665696, -0.00263575580902], [0.00949393492192, -0.0108812758699, 0.0158887822181, -0.00863779336214, 0.010830283165, -0.0149129303172, 0.0111683085561, -0.0110302278772, 0.0094959307462, -0.00996949523687, 0.009276708588, -0.00397626683116, 0.00344352191314], [-0.00660696811974, 0.00994943175465, -0.00863779336214, 0.0135486470535, -0.0114498306066, 0.00835310574621, -0.00714381784201, 0.00960685871542, -0.00954902172089, 0.00943409930915, -0.00683650700375, 0.00451881159097, -0.0018632595893], [0.00900795497, -0.0114843370393, 0.010830283165, -0.0114498306066, 0.0208952538669, -0.0140319075435, 0.00736239459366, -0.00929174944758, 0.0150610329583, -0.0112134870142, 0.00582649279386, -0.000858105311636, 0.00394720537588], [-0.010128127411, 0.0151444496587, -0.0149129303172, 0.00835310574621, -0.0140319075435, 0.0332357920706, -0.0151265831664, 0.003964133095, -0.00828052870929, 0.00996166747063, -0.0119748292491, 0.00847456697375, -0.00352681707591], [0.00814399123192, -0.0104253711179, 0.0111683085561, -0.00714381784201, 0.00736239459366, -0.0151265831664, 0.0265054181218, -0.0135357100517, 0.00286962930113, -0.00304853497073, 0.00960146728903, -0.0033533454407, 0.00227672536857], [-0.00758445961401, 0.00944486819208, -0.0110302278772, 0.00960685871542, -0.00929174944758, 0.003964133095, -0.0135357100517, 0.0333636105061, -0.0114889545366, 0.000931086600758, -0.00321042514406, 0.000600676459726, -0.00437201140448], [0.00763952359557, -0.0104239610955, 0.0094959307462, -0.00954902172089, 0.0150610329583, -0.00828052870929, 0.00286962930113, -0.0114889545366, 0.0349600426853, -0.0121280737221, 0.00109999824781, -0.00420929305255, 0.00302859046496], [-0.00648475252092, 0.0118853775784, -0.00996949523687, 0.00943409930915, -0.0112134870142, 0.00996166747063, -0.00304853497073, 0.000931086600758, -0.0121280737221, 0.0342154204845, -0.0178889632225, 0.00534932641312, -0.00151295436081], [0.00596700888127, -0.00919772777706, 0.009276708588, -0.00683650700375, 0.00582649279386, -0.0119748292491, 0.00960146728903, -0.00321042514406, 0.00109999824781, -0.0178889632225, 0.0381720289588, -0.0139344735071, -0.000861562672071], [-0.00292310677469, 0.00471170665696, -0.00397626683116, 0.00451881159097, -0.000858105311636, 0.00847456697375, -0.0033533454407, 0.000600676459726, -0.00420929305255, 0.00534932641312, -0.0139344735071, 0.0204426664859, -0.00335066649131], [0.00294788810425, -0.00263575580902, 0.00344352191314, -0.0018632595893, 0.00394720537588, -0.00352681707591, 0.00227672536857, -0.00437201140448, 0.00302859046496, -0.00151295436081, -0.000861562672071, -0.00335066649131, 0.0277907345444]]
    }
}

}