{
"metadata": {
    "version": {
        "essentia": "2.0.1",
        "extractor": "archive-music 1.0 mod ismir14"
    },
    "audio_properties": {
        "analysis_sample_rate": 44100,
        "bitrate": 128,
        "channels": 2,
        "equal_loudness": 0,
        "length": 30.0669155121,
        "replay_gain": -8.87267494202,
        "downmix": "mix"
    },
    "tags": {
        "track": 7,
        "year": 0,
        "album": "The Cool Jazz Collection",
        "artist": "Astrud Gilberto",
        "comment": "",
        "genre": "Jazz",
        "title": "Girl From Ipanema"
    }
},
"rhythm": {
    "bpm": 130.002792358,
    "bpm_histogram_first_peak": 129,
    "bpm_histogram_first_peak_spread": 0.490909099579,
    "bpm_histogram_first_peak_weight": 0.444444447756,
    "bpm_histogram_second_peak": 136,
    "bpm_histogram_second_peak_spread": 0.199999988079,
    "bpm_histogram_second_peak_weight": 0.0634920671582
},
"tonal": {
    "tuning_frequency": {
        "dmean": 0.0720349177718,
        "dmean2": 0.127495929599,
        "dvar": 1.03641939163,
        "dvar2": 1.98441934586,
        "max": 456.04309082,
        "mean": 436.616455078,
        "median": 434.193115234,
        "min": 431.692352295,
        "var": 48.0420608521
    },
    "hpcp": {
        "dmean": [0.111285082996, 0.128406390548, 0.165783509612, 0.176580145955, 0.154329285026, 0.12431178987, 0.147216767073, 0.151862829924, 0.234484478831, 0.140010923147, 0.121794968843, 0.110274381936],
        "dmean2": [0.215126037598, 0.247949913144, 0.321639955044, 0.336197376251, 0.295745581388, 0.239876061678, 0.28328320384, 0.292278826237, 0.450142323971, 0.273527830839, 0.233182072639, 0.212416604161],
        "dvar": [0.0740191042423, 0.0850654840469, 0.110305443406, 0.104640558362, 0.0990087762475, 0.082298412919, 0.0912653505802, 0.0981143936515, 0.136865958571, 0.0999414995313, 0.0782691985369, 0.0771994739771],
        "dvar2": [0.208378449082, 0.240768253803, 0.313576668501, 0.291313260794, 0.284271270037, 0.238252848387, 0.259625673294, 0.278563708067, 0.383919864893, 0.284144550562, 0.21731261909, 0.221659764647],
        "max": [1, 1, 1, 1, 1, 1, 1, 1, 1, 1, 1, 1],
        "mean": [0.0696190595627, 0.114480316639, 0.115722209215, 0.201911970973, 0.112720839679, 0.0948189496994, 0.13729287684, 0.115083910525, 0.206558987498, 0.0911972746253, 0.0938115790486, 0.0849967971444],
        "median": [0.000367341330275, 0.00183205038775, 0.000696956762113, 0.00298162782565, 0.00103910686448, 0.00106822210364, 0.00160441722255, 0.00106856774073, 0.00531289773062, 0.000334337673848, 0.0018456367543, 0.000586024718359],
        "min": [0, 0, 0, 0, 0, 0, 0, 0, 0, 0, 0, 0],
        "var": [0.0492181293666, 0.0816786438227, 0.0855207741261, 0.132286652923, 0.0792977511883, 0.0687007308006, 0.0954769104719, 0.0818651020527, 0.135298490524, 0.0711897388101, 0.0615994185209, 0.0641474574804]
    }
},
"lowlevel": {
    "melbands": {
        "dmean": [0.000786426418927, 0.00344350142404, 0.00356711982749, 0.00183988118079, 0.000991808716208, 0.000365036306903, 0.000129788793856, 0.00011965509475, 5.01315553265e-05, 2.66886836471e-05, 2.70664459094e-05, 2.69953779934e-05, 8.36610888655e-06, 6.14964392298e-06, 7.92959963292e-06, 4.58205295217e-06, 3.68066889678e-06, 1.60278364092e-06, 1.59645890108e-06, 1.54303450017e-06, 9.84235498436e-07, 1.24321070416e-06, 1.43925592511e-06, 1.59630815233e-06, 5.89493367897e-07, 3.70951511286e-07, 5.66634696497e-07, 8.15433395474e-07, 6.87171791469e-07, 8.95826588021e-07, 1.39040321301e-06, 2.18498666982e-06, 2.75239881375e-06, 1.68354063135e-06, 6.57938528548e-07, 3.02549949538e-07, 1.95837614569e-07, 7.80672522183e-08, 2.07371879668e-08, 3.00509506168e-09],
        "dmean2": [0.00132448947988, 0.00593884754926, 0.00618443079293, 0.00311179389246, 0.00163605890702, 0.000615244091023, 0.000191746541532, 0.000168149286765, 6.84341357555e-05, 3.53329742211e-05, 3.61095189874e-05, 3.45210937667e-05, 1.17441459224e-05, 9.07837602426e-06, 1.095182688e-05, 6.90773867973e-06, 5.001104455e-06, 2.37658514379e-06, 2.22386552196e-06, 2.20874994739e-06, 1.45911940308e-06, 1.87000557617e-06, 2.0822087663e-06, 2.44956117967e-06, 8.70290648436e-07, 5.71319333176e-07, 8.34225090784e-07, 1.28729914195e-06, 1.05831156816e-06, 1.34733818413e-06, 2.23202323468e-06, 3.48145817952e-06, 4.48940636488e-06, 2.58366185335e-06, 1.01867658486e-06, 4.45071520971e-07, 2.9036681326e-07, 1.20241026025e-07, 3.05551566271e-08, 4.84795270594e-09],
        "dvar": [2.27541590903e-06, 3.03330343741e-05, 3.74559022021e-05, 9.34887520998e-06, 2.58419231614e-06, 3.85036742045e-07, 1.4484255928e-07, 1.3572429225e-07, 1.80759300861e-08, 9.48415301849e-09, 6.65863764127e-09, 1.66345337504e-08, 6.93507418159e-10, 3.02980696087e-10, 7.25057736073e-10, 5.12531406205e-10, 5.14705111865e-10, 4.5370169427e-11, 7.03824221127e-11, 6.76181471926e-11, 1.57796796463e-11, 1.55876717783e-11, 2.14126286147e-11, 6.30043864303e-11, 5.8239689113e-12, 1.42040773674e-12, 4.41435863557e-12, 1.39971957636e-11, 7.53530918218e-12, 2.73322753319e-11, 5.92419099887e-11, 1.55948864933e-10, 5.91653781523e-10, 1.59075488892e-10, 9.36668190926e-12, 1.03078244724e-12, 4.48612392893e-13, 1.02353198074e-13, 7.74290011854e-15, 3.45764354783e-16],
        "dvar2": [5.91062553212e-06, 9.16333228815e-05, 0.000121039774967, 2.58514664893e-05, 7.03123077983e-06, 1.05755145796e-06, 2.30209820984e-07, 1.98802098339e-07, 2.80213150461e-08, 1.17592406923e-08, 1.180309539e-08, 1.72658776165e-08, 1.42279465987e-09, 6.04589045494e-10, 1.19494591999e-09, 1.04287234404e-09, 8.00057187167e-10, 9.20202594679e-11, 1.06811573475e-10, 1.3663922771e-10, 3.23985907547e-11, 3.15381679106e-11, 4.18393722446e-11, 1.72577119262e-10, 1.4012509035e-11, 3.43166814409e-12, 9.46291482673e-12, 3.68693409136e-11, 1.84998370789e-11, 5.91577412057e-11, 1.35623540176e-10, 3.65252966761e-10, 1.59567892233e-09, 3.39001160476e-10, 2.43345604084e-11, 2.20072267701e-12, 1.03057113624e-12, 2.59340129666e-13, 1.62699680931e-14, 9.80514540072e-16],
        "max": [0.035775333643, 0.0795403718948, 0.0605924353004, 0.0814110934734, 0.0256450287998, 0.0110803935677, 0.00954318977892, 0.00851713120937, 0.00356513075531, 0.00418405979872, 0.00211387290619, 0.00960689038038, 0.000931964081246, 0.000643096806016, 0.00156828458421, 0.000809445453342, 0.00114790431689, 0.000261657667579, 0.000349910114892, 0.00029484697734, 0.000130398504552, 8.89745788299e-05, 9.32563561946e-05, 0.00019749677449, 9.06565765035e-05, 2.87152579403e-05, 6.11255672993e-05, 0.000122769910377, 6.90668966854e-05, 0.000163979522767, 0.000202255730983, 0.000280531647149, 0.000909849361051, 0.000626315828413, 8.53704550536e-05, 2.56569110206e-05, 1.38746709126e-05, 1.15188286145e-05, 2.84197858491e-06, 7.26838777609e-07],
        "mean": [0.00150825071614, 0.00614025536925, 0.00743411108851, 0.00365286204033, 0.00226179114543, 0.000808387936559, 0.000303588021779, 0.000300171144772, 0.000140726144309, 8.68103670655e-05, 8.48348863656e-05, 8.54275713209e-05, 2.23657316383e-05, 1.25979195218e-05, 1.96566779778e-05, 1.18029183795e-05, 8.23727623356e-06, 3.36540256285e-06, 3.28427699969e-06, 3.15061038236e-06, 1.71463534571e-06, 2.60431056631e-06, 3.0858707305e-06, 2.504887334e-06, 1.06383004095e-06, 7.17691250429e-07, 9.92370928543e-07, 1.28269687139e-06, 1.09433176476e-06, 1.39345843309e-06, 2.35277775573e-06, 3.8621319618e-06, 4.09243648392e-06, 2.86154636342e-06, 1.26718919091e-06, 6.90607862452e-07, 4.05102639434e-07, 1.52470391868e-07, 4.73787906685e-08, 4.9879291808e-09],
        "median": [0.000351060501998, 0.00291726668365, 0.00314463395625, 0.00191538967192, 0.000761092407629, 0.000290122814476, 8.86586931301e-05, 5.10925092385e-05, 1.89762067748e-05, 6.73308522892e-06, 7.62312265579e-06, 8.02041358838e-06, 3.27721477333e-06, 3.44664090335e-06, 2.70617283604e-06, 1.04767070752e-06, 7.00852979207e-07, 4.53166336456e-07, 2.44600784072e-07, 1.99619506702e-07, 2.02294174301e-07, 3.39945330552e-07, 3.45967066551e-07, 2.31265886441e-07, 1.38852129794e-07, 1.16826086582e-07, 1.63523225183e-07, 1.6525515889e-07, 9.73934390913e-08, 1.17190069204e-07, 1.22014910175e-07, 8.51926813539e-08, 1.06946835388e-07, 8.17747931592e-08, 7.3848809734e-08, 5.8658727653e-08, 3.79234847969e-08, 1.46402650003e-08, 4.35146718658e-09, 3.8917338796e-10],
        "min": [3.732850676e-23, 2.99917469318e-23, 1.93327325334e-23, 4.37836419515e-23, 4.99515465765e-23, 5.4875019968e-23, 1.11838855261e-22, 4.94707768755e-23, 2.2203088134e-23, 1.37579787339e-23, 2.35238889917e-23, 1.98948866474e-24, 6.05974035639e-24, 2.40582602134e-23, 8.69293873092e-24, 7.58652265716e-24, 1.11969504826e-23, 9.71854783785e-24, 4.39096041054e-23, 2.65345261494e-23, 2.22237909996e-23, 1.78700723969e-23, 1.92118632655e-23, 1.48844168863e-23, 4.24314278637e-24, 1.18599604633e-23, 1.70350000198e-23, 7.39542820262e-24, 9.01549212215e-24, 2.00195811018e-23, 1.17116877453e-23, 1.52423388562e-23, 1.54388803953e-23, 1.38965705509e-23, 2.22410812529e-23, 1.95856239847e-23, 1.12936435303e-23, 1.42705237522e-23, 1.68929451034e-23, 2.82098237429e-23],
        "var": [1.24739681269e-05, 5.72444077989e-05, 9.0251371148e-05, 3.04085224343e-05, 1.19563683256e-05, 1.70568728208e-06, 7.63022683259e-07, 7.28670102035e-07, 1.39368282248e-07, 9.94049784708e-08, 5.32578461332e-08, 2.47930870501e-07, 5.2403978934e-09, 1.06668474054e-09, 6.83684486802e-09, 2.24713625485e-09, 1.91676541306e-09, 1.10641412698e-10, 2.75614420175e-10, 2.51193149614e-10, 3.45241821242e-11, 4.22808316136e-11, 7.34523622481e-11, 8.93090046361e-11, 1.20151293428e-11, 3.96441126455e-12, 1.20588946814e-11, 3.23512223954e-11, 1.52429770195e-11, 5.31240815227e-11, 1.43776671124e-10, 4.11728623417e-10, 7.18115900078e-10, 4.12760325919e-10, 3.14371133292e-11, 4.88991312719e-12, 1.69421269548e-12, 3.03658736611e-13, 3.88759188144e-14, 6.49168380116e-16]
    },
    "mfcc": {
        "dmean": [16.7340679169, 12.2573423386, 9.39428329468, 8.19358634949, 7.59727716446, 7.59015989304, 7.29367542267, 6.96335601807, 6.80040740967, 6.70304441452, 6.59490537643, 6.3240032196, 5.926425457],
        "dmean2": [20.4716873169, 16.2232437134, 14.3137283325, 12.4826869965, 11.9851894379, 11.9839305878, 11.6058006287, 11.4628601074, 11.173664093, 10.8694314957, 10.8896560669, 10.3460874557, 9.87404823303],
        "dvar": [444.30645752, 172.323303223, 86.7331695557, 47.4709472656, 35.8114242554, 41.8759269714, 34.2213821411, 31.4158535004, 29.2042236328, 28.8919582367, 26.192691803, 24.2718544006, 23.2738628387],
        "dvar2": [701.375732422, 244.109039307, 196.114105225, 105.722579956, 91.4183044434, 95.5175552368, 81.5362701416, 82.7994232178, 77.4730987549, 73.1288070679, 70.947883606, 65.4605331421, 61.9925460815],
        "max": [-557.998291016, 268.740661621, 125.928878784, 142.411132812, 44.9062232971, 84.2368087769, 38.3463668823, 52.9747619629, 27.1177711487, 43.3553390503, 23.1459693909, 50.5570831299, 23.6217651367],
        "mean": [-748.735778809, 175.969299316, 48.3103904724, 45.6322746277, -5.53688144684, 19.2184314728, -8.97057437897, 11.1176652908, -14.918179512, -4.96547460556, -11.689491272, 2.85399866104, -10.6241722107],
        "median": [-740.311584473, 185.763977051, 48.7797203064, 44.1637229919, -4.6580581665, 20.0651855469, -7.95865821838, 10.7199172974, -14.9349517822, -4.1965675354, -10.8885574341, 2.37897491455, -10.2564163208],
        "min": [-1138.42004395, -32.4418106079, -35.3570098877, -30.0473060608, -58.7846221924, -42.8206939697, -67.3403778076, -36.2140884399, -57.1436233521, -55.6136550903, -56.7615127563, -32.6326179504, -44.8479270935],
        "var": [5795.41210938, 2433.81030273, 753.096801758, 619.324279785, 261.377288818, 335.057342529, 257.455047607, 171.517089844, 138.800247192, 232.10534668, 169.362960815, 145.750946045, 109.762748718],
        "cov": [[5797.64990234, -294.772766113, -732.340270996, 64.5088653564, -358.157287598, -52.5867652893, -459.228607178, 232.101806641, -246.481750488, 269.708190918, -119.055366516, 102.42729187, -320.818786621], [-294.772766113, 2434.75, -308.413452148, -367.2628479, 166.791305542, -334.214569092, 122.441879272, 44.3570861816, -57.892665863, -237.513900757, 34.2314147949, -32.6460456848, -51.9408111572], [-732.340270996, -308.413452148, 753.387573242, 167.693435669, -56.8742141724, 205.125656128, 42.3028182983, -52.5909767151, 25.3249816895, -86.9097366333, 16.669046402, -23.8228168488, 70.3184204102], [64.5088653564, -367.2628479, 167.693435669, 619.563415527, 134.248580933, -85.2387466431, -78.7800750732, 43.4550132751, -13.7752809525, -87.7662124634, -10.1670284271, -41.5983123779, 47.0050811768], [-358.157287598, 166.791305542, -56.8742141724, 134.248580933, 261.478210449, -34.4825897217, 6.025141716, 4.90409708023, 21.0036258698, -35.5876159668, -4.98951864243, 13.4464330673, 15.750451088], [-52.5867652893, -334.214569092, 205.125656128, -85.2387466431, -34.4825897217, 335.186706543, 64.8489303589, -19.0507488251, 46.7951393127, 62.5293197632, 40.206287384, 10.7813959122, 23.1288528442], [-459.228607178, 122.441879272, 42.3028182983, -78.7800750732, 6.025141716, 64.8489303589, 257.554473877, 40.4795951843, 27.5134887695, 7.73176527023, 33.9289779663, 12.5522270203, 30.7339191437], [232.101806641, 44.3570861816, -52.5909767151, 43.4550132751, 4.90409708023, -19.0507488251, 40.4795951843, 171.583312988, 31.747127533, -2.95809555054, 27.4167747498, -12.2380094528, -8.78430366516], [-246.481750488, -57.892665863, 25.3249816895, -13.7752809525, 21.0036258698, 46.7951393127, 27.5134887695, 31.747127533, 138.85383606, 60.6067276001, 24.3612251282, -19.3237361908, 21.8771362305], [269.708190918, -237.513900757, -86.9097366333, -87.7662124634, -35.5876159668, 62.5293197632, 7.73176527023, -2.95809555054, 60.6067276001, 232.194961548, 18.0643253326, 19.9035797119, -17.5943698883], [-119.055366516, 34.2314147949, 16.669046402, -10.1670284271, -4.98951864243, 40.206287384, 33.9289779663, 27.4167747498, 24.3612251282, 18.0643253326, 169.428359985, -5.48253583908, 26.329120636], [102.42729187, -32.6460456848, -23.8228168488, -41.5983123779, 13.4464330673, 10.7813959122, 12.5522270203, -12.2380094528, -19.3237361908, 19.9035797119, -5.48253583908, 145.807220459, 6.71152496338], [-320.818786621, -51.9408111572, 70.3184204102, 47.0050811768, 15.750451088, 23.1288528442, 30.7339191437, -8.78430366516, 21.8771362305, -17.5943698883, 26.329120636, 6.71152496338, 109.805130005]],
        "icov": [[0.000530457531568, -0.000225127470912, 0.000567152339499, -0.000673437782098, 0.00104610016569, -0.00084305513883, 0.000899571168702, -0.000878401333466, 0.000884886481799, -0.00069899862865, 0.000330799870426, -0.000516645959578, 0.000737858237699], [-0.000225127470912, 0.000933293369599, -0.000332029361743, 0.00120026152581, -0.00127119594254, 0.00130722834729, -0.000704952166416, 0.000194648193428, -0.000276197679341, 0.00108460208867, -0.000526247255038, 0.000551955250558, -7.63191856095e-05], [0.000567152339499, -0.000332029361743, 0.00298777990974, -0.00184982770588, 0.00230888696387, -0.00257415464148, 0.000587132468354, 0.000111769702926, 6.99075972079e-05, 0.000482802744955, 0.000455380562926, -0.00063527864404, 0.000427210412454], [-0.000673437782098, 0.00120026152581, -0.00184982770588, 0.00453417887911, -0.00379035528749, 0.00295956991613, -0.000482024479425, -0.000365310377674, -0.000150793188368, 0.00147798564285, -0.000721657765098, 0.00170844967943, -0.00179472588934], [0.00104610016569, -0.00127119594254, 0.00230888696387, -0.00379035528749, 0.00807392504066, -0.00291978986934, 0.00141621334478, -0.000548522686586, -0.000246999697993, -0.000825742958114, 0.00110056984704, -0.00236394884996, 0.00141317117959], [-0.00084305513883, 0.00130722834729, -0.00257415464148, 0.00295956991613, -0.00291978986934, 0.00703184353188, -0.00225669611245, 0.00124117312953, -0.00162587198429, 0.000596384634264, -0.00155954610091, 0.00104996887967, -0.00106540799607], [0.000899571168702, -0.000704952166416, 0.000587132468354, -0.000482024479425, 0.00141621334478, -0.00225669611245, 0.00650205370039, -0.00303195300512, 0.00156841182616, -0.00151671248022, 0.000389729248127, -0.00116860645358, -0.000242607377004], [-0.000878401333466, 0.000194648193428, 0.000111769702926, -0.000365310377674, -0.000548522686586, 0.00124117312953, -0.00303195300512, 0.00904369913042, -0.00393211003393, 0.00204415339977, -0.00155598286074, 0.000674530339893, 0.000442628719611], [0.000884886481799, -0.000276197679341, 6.99075972079e-05, -0.000150793188368, -0.000246999697993, -0.00162587198429, 0.00156841182616, -0.00393211003393, 0.0120175275952, -0.00439729029313, 0.000321843079291, 0.00122094165999, -0.00115185603499], [-0.00069899862865, 0.00108460208867, 0.000482802744955, 0.00147798564285, -0.000825742958114, 0.000596384634264, -0.00151671248022, 0.00204415339977, -0.00439729029313, 0.00805584155023, -0.00118348549586, -0.000184641612577, 0.00057174480753], [0.000330799870426, -0.000526247255038, 0.000455380562926, -0.000721657765098, 0.00110056984704, -0.00155954610091, 0.000389729248127, -0.00155598286074, 0.000321843079291, -0.00118348549586, 0.00700040115044, -0.000106873718323, -0.00125383806881], [-0.000516645959578, 0.000551955250558, -0.00063527864404, 0.00170844967943, -0.00236394884996, 0.00104996887967, -0.00116860645358, 0.000674530339893, 0.00122094165999, -0.000184641612577, -0.000106873718323, 0.0082932356745, -0.00182806269731], [0.000737858237699, -7.63191856095e-05, 0.000427210412454, -0.00179472588934, 0.00141317117959, -0.00106540799607, -0.000242607377004, 0.000442628719611, -0.00115185603499, 0.00057174480753, -0.00125383806881, -0.00182806269731, 0.0125799551606]]
    }
}

}