{
"metadata": {
    "version": {
        "essentia": "2.0.1",
        "extractor": "archive-music 1.0 mod ismir14"
    },
    "audio_properties": {
        "analysis_sample_rate": 44100,
        "bitrate": 128,
        "channels": 2,
        "equal_loudness": 0,
        "length": 30.0669155121,
        "replay_gain": -12.1708602905,
        "downmix": "mix"
    },
    "tags": {
        "track": 6,
        "year": 0,
        "album": "Swing Classics (Jazz & Tzaz 70)",
        "artist": "Benny Carter",
        "comment": "",
        "genre": "Jazz",
        "title": "Babalu"
    }
},
"rhythm": {
    "bpm": 92.6367721558,
    "bpm_histogram_first_peak": 94,
    "bpm_histogram_first_peak_spread": 0.555555582047,
    "bpm_histogram_first_peak_weight": 0.355555564165,
    "bpm_histogram_second_peak": 89,
    "bpm_histogram_second_peak_spread": 0,
    "bpm_histogram_second_peak_weight": 0.177777782083
},
"tonal": {
    "tuning_frequency": {
        "dmean": 0.0434243120253,
        "dmean2": 0.0767939090729,
        "dvar": 0.406712174416,
        "dvar2": 0.878351688385,
        "max": 456.570251465,
        "mean": 436.264526367,
        "median": 437.465789795,
        "min": 434.193115234,
        "var": 3.11063218117
    },
    "hpcp": {
        "dmean": [0.149462744594, 0.143778532743, 0.15361495316, 0.204909533262, 0.145611748099, 0.12741522491, 0.146019548178, 0.124091282487, 0.194539949298, 0.136386036873, 0.180796504021, 0.184740185738],
        "dmean2": [0.278025448322, 0.261438220739, 0.289582043886, 0.370961457491, 0.270009875298, 0.23829716444, 0.252808213234, 0.231731683016, 0.350972920656, 0.254889070988, 0.325989603996, 0.330726504326],
        "dvar": [0.0687651783228, 0.0603370591998, 0.0809441655874, 0.0879464372993, 0.069527477026, 0.0597078166902, 0.051640689373, 0.0564441643655, 0.0738686472178, 0.0621542334557, 0.0703909620643, 0.069598890841],
        "dvar2": [0.194521322846, 0.165247187018, 0.234201937914, 0.238688036799, 0.187665298581, 0.171234667301, 0.137094914913, 0.152125373483, 0.195998951793, 0.177723929286, 0.188371181488, 0.182028144598],
        "max": [1, 1, 1, 1, 1, 1, 1, 1, 1, 1, 1, 1],
        "mean": [0.113467276096, 0.151963487267, 0.109158188105, 0.403471767902, 0.166943773627, 0.103958904743, 0.235784843564, 0.100070402026, 0.288009881973, 0.100125901401, 0.195025160909, 0.228599444032],
        "median": [0.012772416696, 0.0199113152921, 0.00360973528586, 0.195975720882, 0.0121467588469, 0.0121332667768, 0.0617904365063, 0.00803929567337, 0.103244028986, 0.008529455401, 0.0646213963628, 0.0602393485606],
        "min": [0, 0, 0, 0, 0, 0, 0, 0, 0, 0, 0, 0],
        "var": [0.0562209300697, 0.0692780613899, 0.0647571608424, 0.176704868674, 0.0981398746371, 0.0507566519082, 0.112229213119, 0.0503612756729, 0.129324182868, 0.047272875905, 0.0800949782133, 0.103912457824]
    }
},
"lowlevel": {
    "melbands": {
        "dmean": [2.84125453618e-05, 0.000126613987959, 0.000140799747896, 0.00026903374237, 0.000319040293107, 0.000349727022694, 0.000270007818472, 0.000359451136319, 0.000258292246144, 0.000159492468811, 0.000119710763101, 0.000102484606032, 9.52132468228e-05, 8.06830212241e-05, 0.000146354010212, 0.000131920663989, 7.34257337172e-05, 3.78677759727e-05, 3.91216308344e-05, 4.43540229753e-05, 1.48086692207e-05, 2.24687864829e-05, 1.04934106275e-05, 6.90859633323e-06, 9.04619082576e-06, 3.04115587824e-06, 1.82875089649e-06, 2.22716448661e-06, 1.79006633516e-06, 1.68565713921e-06, 8.06098967132e-07, 3.88410427377e-07, 2.63856264837e-07, 9.8376105484e-08, 4.3176346054e-08, 3.34622711762e-08, 7.49589723625e-09, 7.84999010239e-10, 9.4714874832e-11, 2.37297455991e-11],
        "dmean2": [4.37360286014e-05, 0.000205214571906, 0.000247030489845, 0.000489880796522, 0.000583064858802, 0.00059512880398, 0.000419200543547, 0.000501262547914, 0.000353062670911, 0.000214825457078, 0.000186912802747, 0.000159606555826, 0.000146151520312, 0.0001276031835, 0.000224937452003, 0.000213108913158, 0.000111799156002, 5.39909815416e-05, 5.85260859225e-05, 6.64276594762e-05, 2.27910604735e-05, 3.57458193321e-05, 1.69402374013e-05, 1.04861073851e-05, 1.34262054416e-05, 4.63271089757e-06, 2.86691260953e-06, 3.43991086993e-06, 2.75690899798e-06, 2.41283828473e-06, 1.16124272154e-06, 5.69803773942e-07, 3.79332277589e-07, 1.45040132793e-07, 6.2659843536e-08, 4.8679591913e-08, 1.08954543165e-08, 1.18829202034e-09, 1.47298451214e-10, 4.32140503936e-11],
        "dvar": [1.37633515696e-09, 2.68704773987e-08, 5.8052304297e-08, 1.82050072794e-07, 2.27719240797e-07, 2.77462163467e-07, 1.4747219268e-07, 5.34087803317e-07, 2.16563734057e-07, 7.97273003172e-08, 8.55460484672e-08, 7.25665785239e-08, 5.61322082149e-08, 3.39018129125e-08, 9.11494666411e-08, 1.27023596974e-07, 3.95826909028e-08, 8.17690537502e-09, 1.21318910473e-08, 1.24504140331e-08, 7.11150471844e-10, 4.40943015434e-09, 5.72170810731e-10, 1.98718694278e-10, 4.85720852428e-10, 6.25100041174e-11, 1.97006421593e-11, 5.23951784737e-11, 1.99165857417e-11, 1.59053777093e-11, 4.22182818219e-12, 1.23603980783e-12, 7.18147221378e-13, 1.05676060892e-13, 1.47330606916e-14, 9.14972189404e-15, 2.96690574542e-16, 4.9848099877e-18, 6.67327894554e-20, 2.4529196921e-21],
        "dvar2": [2.84874546175e-09, 6.99847859664e-08, 1.71208483835e-07, 5.49503567981e-07, 7.19467038834e-07, 7.93157482804e-07, 3.61932848136e-07, 1.146700356e-06, 4.57138696675e-07, 1.53630054456e-07, 2.28546142012e-07, 1.98506057814e-07, 1.46931441236e-07, 9.45282963016e-08, 2.14701913137e-07, 3.27247278165e-07, 1.01894478632e-07, 1.6075832221e-08, 2.74201550354e-08, 2.76672071919e-08, 1.6201477937e-09, 1.1848211301e-08, 1.58981694476e-09, 4.56786108938e-10, 1.04970365733e-09, 1.406677691e-10, 4.54515661219e-11, 1.22878845987e-10, 4.58040862183e-11, 3.45191514262e-11, 8.95456365307e-12, 2.48594526041e-12, 1.53056224379e-12, 2.08500005997e-13, 3.12380973682e-14, 1.99869079078e-14, 6.5027651097e-16, 1.09520847228e-17, 1.39780753921e-19, 7.32982431462e-21],
        "max": [0.000495212618262, 0.00242054485716, 0.00589865725487, 0.0095832189545, 0.00637070648372, 0.00825235620141, 0.00637601967901, 0.0179479736835, 0.00838269013911, 0.00559062650427, 0.00658629601821, 0.00560673000291, 0.0050211045891, 0.00360540766269, 0.00535595882684, 0.00566555932164, 0.00455508986488, 0.00245145591907, 0.00190104136709, 0.00248645571992, 0.000554184254725, 0.00152393127792, 0.000490627833642, 0.000302731845295, 0.000414218084188, 0.000186000543181, 8.91336749191e-05, 0.000145956422784, 7.71827471908e-05, 7.35245339456e-05, 4.62677708128e-05, 3.10371106025e-05, 2.32441998378e-05, 7.89093337517e-06, 2.5399608603e-06, 2.06132585845e-06, 3.03897280673e-07, 4.03554878403e-08, 5.26833376924e-09, 7.2010647445e-10],
        "mean": [4.02570331062e-05, 0.00017965742154, 0.000179017224582, 0.000330709153786, 0.000422667973908, 0.000573771598283, 0.000619161583018, 0.00125305191614, 0.000790407822933, 0.000441798649263, 0.000301528751152, 0.000249053642619, 0.000194364736672, 0.000148500243085, 0.000300025654724, 0.000242897716817, 0.000179276321433, 9.34469062486e-05, 7.35058565624e-05, 9.89957698039e-05, 3.1281128031e-05, 4.06111175835e-05, 2.20357887883e-05, 1.69817176356e-05, 2.41940706474e-05, 7.98772907729e-06, 4.0782947508e-06, 4.48200898973e-06, 4.64434015157e-06, 4.97038399772e-06, 2.30532532441e-06, 1.10454493552e-06, 7.0998225965e-07, 2.79725696828e-07, 1.17385653198e-07, 9.56104315719e-08, 2.03410781552e-08, 1.70893332818e-09, 1.89123230965e-10, 2.62602856127e-11],
        "median": [2.04004045372e-05, 0.000104514110717, 9.73303394858e-05, 0.000164829660207, 0.000237549567828, 0.000290718569886, 0.000236926323851, 0.00026139311376, 0.000198910565814, 0.00010443226347, 6.98402946e-05, 4.50029838248e-05, 4.78342444694e-05, 5.48953030375e-05, 6.13612792222e-05, 5.08814009663e-05, 2.48375908996e-05, 2.10788111872e-05, 1.06653933472e-05, 1.95797510969e-05, 9.76864430413e-06, 9.58622058533e-06, 7.4199606388e-06, 5.73888200961e-06, 4.04129741582e-06, 2.04648949875e-06, 1.07369669422e-06, 5.87889473991e-07, 1.04494813513e-06, 8.30762985515e-07, 3.20512071994e-07, 1.61667657039e-07, 5.95855560448e-08, 2.04506722667e-08, 1.05578967791e-08, 8.10084177516e-09, 2.6535009745e-09, 2.46626025158e-10, 4.40731756646e-11, 7.70177845111e-12],
        "min": [5.85010790723e-23, 5.18958520496e-23, 3.47433464648e-23, 3.9403487831e-24, 1.9652751709e-24, 1.98159350814e-23, 2.46693749795e-23, 5.00958481687e-23, 2.97093000179e-23, 2.80321407126e-23, 1.61313740524e-23, 4.40814590313e-23, 3.28960835048e-23, 2.53037295878e-23, 1.02990808332e-23, 7.26067340507e-24, 2.47024582281e-23, 2.20728645535e-23, 1.56253466029e-23, 1.54720583073e-23, 1.50911789073e-23, 1.66041068384e-23, 4.57144460702e-24, 1.45485451564e-23, 3.28963738056e-23, 3.06582870651e-23, 2.29500747247e-23, 2.95922015051e-23, 2.49066485626e-23, 1.71940848654e-23, 2.26516376002e-23, 1.7533258767e-23, 1.46813009805e-23, 3.03825107589e-23, 2.79977621543e-23, 1.66125571165e-23, 1.65149750225e-23, 3.91966240469e-23, 2.38127903656e-23, 2.46729138095e-23],
        "var": [2.80338907643e-09, 4.88166200796e-08, 6.47875566528e-08, 2.21128729549e-07, 3.00110116314e-07, 5.77363891807e-07, 7.57975783472e-07, 5.07027607455e-06, 1.72366992501e-06, 5.12145390985e-07, 2.7837666039e-07, 2.03715643465e-07, 1.46858923245e-07, 7.69070496176e-08, 3.25373775922e-07, 3.27743236994e-07, 1.57631532716e-07, 4.63747262813e-08, 3.01954905524e-08, 5.51568959395e-08, 2.72053002348e-09, 8.52742232382e-09, 1.46977918725e-09, 8.41031466692e-10, 2.28645613554e-09, 3.47787132426e-10, 6.81455378237e-11, 1.5721245139e-10, 8.32731245071e-11, 8.70988420276e-11, 2.40929359796e-11, 7.5069794131e-12, 4.33407866887e-12, 6.89987238352e-13, 9.08010984652e-14, 5.6550189607e-14, 1.67782361423e-15, 1.88462713182e-17, 2.02409325208e-19, 2.55741768545e-21]
    },
    "mfcc": {
        "dmean": [15.9377689362, 9.59042358398, 9.7161283493, 8.10718250275, 7.73628425598, 6.88719701767, 6.78174114227, 6.77641487122, 6.67613124847, 6.53448963165, 6.22355747223, 6.12092638016, 5.97568321228],
        "dmean2": [17.7829933167, 14.4480867386, 14.0551462173, 12.7065134048, 11.5909614563, 10.8172111511, 10.6819419861, 11.0657444, 10.9788017273, 10.8012924194, 10.2957706451, 10.1552667618, 9.84991073608],
        "dvar": [490.050720215, 87.5694046021, 99.5134429932, 44.183139801, 42.1260871887, 29.2223243713, 29.4038009644, 28.9237632751, 27.6267280579, 25.9476890564, 23.1831436157, 21.1422576904, 21.5393238068],
        "dvar2": [465.34664917, 157.178985596, 153.586578369, 104.951873779, 85.6446380615, 74.0391693115, 74.8673019409, 76.9371643066, 76.1955108643, 69.9121017456, 64.1181640625, 57.8908195496, 59.2880439758],
        "max": [-535.711547852, 255.4559021, 81.7999267578, 88.8629837036, 46.5908851624, 59.3013916016, 27.9959945679, 30.4159564972, 31.1222724915, 30.7810993195, 33.4989128113, 40.0973358154, 34.4292259216],
        "mean": [-714.863525391, 187.441757202, -52.7641906738, 24.4013404846, -23.8506889343, 2.84579563141, -15.5136137009, -6.568110466, -6.27654790878, -4.39074707031, 0.175630450249, 3.75601315498, -6.02472400665],
        "median": [-677.130493164, 194.57119751, -67.9967498779, 23.3200111389, -26.1876335144, 1.82985687256, -15.7011489868, -6.43934631348, -6.45887756348, -4.28524017334, 0.379123687744, 2.36885070801, -5.98891067505],
        "min": [-1138.42004395, 1.14440917969e-05, -136.944366455, -37.6471633911, -81.4865264893, -37.1910362244, -65.8304672241, -37.0098571777, -36.8228034973, -40.0401992798, -33.4774017334, -26.1993560791, -32.2083702087],
        "var": [12588.9980469, 1016.74664307, 1865.20568848, 370.756530762, 575.98236084, 189.791732788, 224.923706055, 105.616607666, 107.462432861, 104.969413757, 83.2136764526, 122.93585968, 66.4111709595],
        "cov": [[12593.8583984, -154.996383667, -4492.96435547, 471.280029297, -2199.57983398, 244.11138916, -1199.34765625, 152.533981323, -457.731384277, 22.1502132416, -119.664260864, 423.758453369, -235.816970825], [-154.996383667, 1017.13916016, 141.213729858, -310.222595215, 68.8385925293, -250.890731812, 102.274864197, -97.5491104126, 75.1133117676, -134.649429321, 24.4359970093, 0.650201022625, 18.5611209869], [-4492.96435547, 141.213729858, 1865.92590332, -103.121429443, 802.211608887, -30.1652412415, 418.508392334, -13.3166131973, 160.313491821, 17.7691669464, 31.2393722534, -160.094543457, 78.0136642456], [471.280029297, -310.222595215, -103.121429443, 370.899688721, 23.942276001, 123.925979614, -49.2818946838, 14.4308261871, -39.8552398682, 22.2828941345, -20.2847900391, -43.1108360291, -18.2159328461], [-2199.57983398, 68.8385925293, 802.211608887, 23.942276001, 576.204711914, 14.3381290436, 231.371810913, -17.1398582458, 50.703250885, -0.834890127182, 12.5515680313, -113.570358276, 32.283290863], [244.11138916, -250.890731812, -30.1652412415, 123.925979614, 14.3381290436, 189.865005493, 3.33681678772, 59.7875404358, -25.2896022797, 47.4097442627, -4.45815229416, -12.4309873581, -6.46740913391], [-1199.34765625, 102.274864197, 418.508392334, -49.2818946838, 231.371810913, 3.33681678772, 225.010543823, 11.842634201, 59.8898696899, -13.7186613083, 10.2708320618, -41.1492729187, 24.5606632233], [152.533981323, -97.5491104126, -13.3166131973, 14.4308261871, -17.1398582458, 59.7875404358, 11.842634201, 105.65738678, 13.671833992, 39.206993103, 3.18512749672, 15.3710832596, 3.34221720695], [-457.731384277, 75.1133117676, 160.313491821, -39.8552398682, 50.703250885, -25.2896022797, 59.8898696899, 13.671833992, 107.503921509, 18.5051689148, 27.9869365692, 7.70929813385, 16.7269096375], [22.1502132416, -134.649429321, 17.7691669464, 22.2828941345, -0.834890127182, 47.4097442627, -13.7186613083, 39.206993103, 18.5051689148, 105.009941101, 31.961233139, 17.37525177, 1.40150511265], [-119.664260864, 24.4359970093, 31.2393722534, -20.2847900391, 12.5515680313, -4.45815229416, 10.2708320618, 3.18512749672, 27.9869365692, 31.961233139, 83.245803833, 38.2659492493, 12.0289773941], [423.758453369, 0.650201022625, -160.094543457, -43.1108360291, -113.570358276, -12.4309873581, -41.1492729187, 15.3710832596, 7.70929813385, 17.37525177, 38.2659492493, 122.983322144, 9.42124462128], [-235.816970825, 18.5611209869, 78.0136642456, -18.2159328461, 32.283290863, -6.46740913391, 24.5606632233, 3.34221720695, 16.7269096375, 1.40150511265, 12.0289773941, 9.42124462128, 66.4368133545]],
        "icov": [[0.0188608653843, -0.025030311197, 0.0261584538966, -0.0234014950693, 0.0250279121101, -0.0257703047246, 0.0233787447214, -0.022409196943, 0.0205809082836, -0.0190260168165, 0.0165527891368, -0.0122865196317, 0.00858568679541], [-0.025030311197, 0.0352773070335, -0.0344243198633, 0.0321360528469, -0.0335770100355, 0.0355971381068, -0.0314705483615, 0.0301041901112, -0.0282237567008, 0.0271521322429, -0.0228847954422, 0.0167272873223, -0.0112610962242], [0.0261584538966, -0.0344243198633, 0.0379865169525, -0.0319136157632, 0.0328511223197, -0.0353853851557, 0.0315382406116, -0.0308797694743, 0.0274922139943, -0.0267153847963, 0.023078141734, -0.0165201220661, 0.0114031042904], [-0.0234014950693, 0.0321360528469, -0.0319136157632, 0.0336403548717, -0.0322155095637, 0.0300439316779, -0.027817543596, 0.0285201836377, -0.0262916795909, 0.0246753022075, -0.0208415109664, 0.0165699496865, -0.010392553173], [0.0250279121101, -0.0335770100355, 0.0328511223197, -0.0322155095637, 0.0389875806868, -0.0343962796032, 0.0284220352769, -0.0290087461472, 0.0288190338761, -0.0258465278894, 0.0207965523005, -0.0143974209204, 0.0110330302268], [-0.0257703047246, 0.0355971381068, -0.0353853851557, 0.0300439316779, -0.0343962796032, 0.0457172989845, -0.0340204760432, 0.026755547151, -0.0257755424827, 0.0241695530713, -0.0230589751154, 0.0174672156572, -0.0115546099842], [0.0233787447214, -0.0314705483615, 0.0315382406116, -0.027817543596, 0.0284220352769, -0.0340204760432, 0.0394805707037, -0.029569612816, 0.0223358646035, -0.0206889305264, 0.0202058944851, -0.0149132087827, 0.0101525885984], [-0.022409196943, 0.0301041901112, -0.0308797694743, 0.0285201836377, -0.0290087461472, 0.026755547151, -0.029569612816, 0.0405876748264, -0.0265585929155, 0.0191630143672, -0.017479242757, 0.0130183799192, -0.0106799732894], [0.0205809082836, -0.0282237567008, 0.0274922139943, -0.0262916795909, 0.0288190338761, -0.0257755424827, 0.0223358646035, -0.0265585929155, 0.0369417779148, -0.0239926837385, 0.0156182395294, -0.0138180209324, 0.00834805890918], [-0.0190260168165, 0.0271521322429, -0.0267153847963, 0.0246753022075, -0.0258465278894, 0.0241695530713, -0.0206889305264, 0.0191630143672, -0.0239926837385, 0.0357901453972, -0.0226241555065, 0.0126277226955, -0.00779433641583], [0.0165527891368, -0.0228847954422, 0.023078141734, -0.0208415109664, 0.0207965523005, -0.0230589751154, 0.0202058944851, -0.017479242757, 0.0156182395294, -0.0226241555065, 0.0328505299985, -0.016851246357, 0.00637958105654], [-0.0122865196317, 0.0167272873223, -0.0165201220661, 0.0165699496865, -0.0143974209204, 0.0174672156572, -0.0149132087827, 0.0130183799192, -0.0138180209324, 0.0126277226955, -0.016851246357, 0.0214391034096, -0.00756399426609], [0.00858568679541, -0.0112610962242, 0.0114031042904, -0.010392553173, 0.0110330302268, -0.0115546099842, 0.0101525885984, -0.0106799732894, 0.00834805890918, -0.00779433641583, 0.00637958105654, -0.00756399426609, 0.0207114070654]]
    }
}

}