{
"metadata": {
    "version": {
        "essentia": "2.0.1",
        "extractor": "archive-music 1.0 mod ismir14"
    },
    "audio_properties": {
        "analysis_sample_rate": 44100,
        "bitrate": 32,
        "channels": 2,
        "equal_loudness": 0,
        "length": 30.0408172607,
        "replay_gain": -9.58456420898,
        "downmix": "mix"
    },
    "tags": {
        "track": 0,
        "year": 0,
        "album": "",
        "artist": "",
        "comment": "",
        "genre": "",
        "title": ""
    }
},
"rhythm": {
    "bpm": 172.265594482,
    "bpm_histogram_first_peak": 172,
    "bpm_histogram_first_peak_spread": 0,
    "bpm_histogram_first_peak_weight": 0.529411792755,
    "bpm_histogram_second_peak": 178,
    "bpm_histogram_second_peak_spread": 0,
    "bpm_histogram_second_peak_weight": 0.258823543787
},
"tonal": {
    "tuning_frequency": {
        "dmean": 0.0773843228817,
        "dmean2": 0.153812676668,
        "dvar": 1.58240175247,
        "dvar2": 3.14960479736,
        "max": 455.779724121,
        "mean": 449.272155762,
        "median": 455.779724121,
        "min": 431.443084717,
        "var": 107.156661987
    },
    "hpcp": {
        "dmean": [0.130689516664, 0.157945632935, 0.141025781631, 0.0994665250182, 0.0727542415261, 0.093933865428, 0.0968803241849, 0.106515489519, 0.0925932079554, 0.119059823453, 0.0904720574617, 0.115377873182],
        "dmean2": [0.244178518653, 0.290934324265, 0.26025184989, 0.190031513572, 0.135148793459, 0.178280666471, 0.182987034321, 0.201329782605, 0.169187873602, 0.213538840413, 0.168052390218, 0.21444965899],
        "dvar": [0.0760055333376, 0.0827673301101, 0.0758573189378, 0.0603131391108, 0.0425754263997, 0.0622968263924, 0.0603165179491, 0.0672818571329, 0.0502922087908, 0.0598481409252, 0.046713847667, 0.0657476484776],
        "dvar2": [0.208014681935, 0.224792674184, 0.204641893506, 0.167198777199, 0.12047149241, 0.170569673181, 0.16234408319, 0.191211089492, 0.141788542271, 0.159364312887, 0.129982680082, 0.182360783219],
        "max": [1, 1, 1, 1, 1, 1, 1, 1, 1, 1, 1, 1],
        "mean": [0.143221840262, 0.144150719047, 0.298629552126, 0.0736019834876, 0.0793723315001, 0.131236493587, 0.121355324984, 0.0831585004926, 0.0865436941385, 0.24024297297, 0.0734485760331, 0.113009087741],
        "median": [0.00928845163435, 0.0176521316171, 0.022207705304, 0.00112304848153, 0.00518825883046, 0.000466898170998, 0.00279165129177, 0.00151873508003, 0.00188543042168, 0.0253578275442, 0.00281334808096, 0.00799926370382],
        "min": [0, 0, 0, 0, 0, 0, 0, 0, 0, 0, 0, 0],
        "var": [0.0883929952979, 0.0761424899101, 0.174597144127, 0.0478979386389, 0.0488800853491, 0.0984619632363, 0.0859244167805, 0.0572267360985, 0.0524177253246, 0.13950997591, 0.0392546653748, 0.0668278858066]
    }
},
"lowlevel": {
    "melbands": {
        "dmean": [8.72254804563e-06, 0.000147743048728, 0.000383463309845, 0.00135188538115, 0.00153893278912, 0.000823569833301, 0.000273533019936, 0.000213952487684, 0.000115542097774, 7.82520073699e-05, 5.03188130097e-05, 3.80581986974e-05, 5.27662159584e-05, 2.68481508101e-05, 2.54410060734e-05, 1.99893511308e-05, 3.6441746488e-05, 2.13681596506e-05, 2.34107155848e-05, 6.99381735103e-06, 1.01387713585e-05, 9.14439351618e-06, 5.59467343919e-06, 6.73124486639e-06, 1.43399611261e-05, 1.37274755616e-05, 5.08327229909e-06, 2.85071337203e-06, 7.94821858108e-07, 5.37846972293e-07, 2.25717045055e-07, 3.78923594724e-08, 6.18761930582e-09, 1.55574142457e-09, 7.38972993908e-10, 4.2629230701e-10, 2.77905420898e-10, 1.56212001667e-10, 1.25048124633e-10, 1.15162226977e-10],
        "dmean2": [1.37883725984e-05, 0.000237191648921, 0.000666311883833, 0.00210630707443, 0.00238771387376, 0.00127239990979, 0.000393883674406, 0.000320832739817, 0.00015523743059, 9.55798095674e-05, 5.88866023463e-05, 4.7396759328e-05, 6.00422572461e-05, 3.16575060424e-05, 3.2221993024e-05, 2.79592841252e-05, 4.78395413666e-05, 3.02261723846e-05, 3.40431179211e-05, 1.00776760519e-05, 1.57408576342e-05, 1.31711503855e-05, 7.60163129598e-06, 9.27192013478e-06, 1.92890220205e-05, 1.77885285666e-05, 7.25219251763e-06, 4.28484054282e-06, 1.14547208341e-06, 8.01483906798e-07, 3.40692253076e-07, 5.59344499607e-08, 9.11510955603e-09, 2.30790719868e-09, 1.12635356597e-09, 7.09671932331e-10, 4.81268358499e-10, 2.85730716865e-10, 2.36563296729e-10, 2.20809898144e-10],
        "dvar": [2.4148263944e-10, 5.42030598183e-08, 7.21924209302e-07, 8.04003047961e-06, 9.3301096058e-06, 2.32919819609e-06, 3.10686147031e-07, 2.89457034341e-07, 1.94948569288e-07, 1.45125952145e-07, 4.44870558169e-08, 3.01672713476e-08, 5.31828021622e-08, 1.1588502602e-08, 2.21039950787e-08, 3.29603411231e-09, 1.34820075104e-08, 2.90109292145e-09, 3.32419292093e-09, 2.66978272823e-10, 9.33171206974e-10, 6.93400947771e-10, 3.35448724353e-10, 3.32229410649e-10, 2.21522267196e-09, 2.1529815708e-09, 3.04097691473e-10, 1.28705837654e-10, 9.46505113869e-12, 1.41071850382e-11, 2.41789097424e-12, 5.23863687618e-14, 2.9086399901e-15, 6.98343526379e-17, 1.76512418329e-17, 1.29553738913e-17, 1.14969130235e-17, 6.14074733085e-18, 5.16775669659e-18, 5.19325743411e-18],
        "dvar2": [6.18503748218e-10, 1.36258648809e-07, 2.29386341744e-06, 2.09984555113e-05, 2.4477199986e-05, 5.91616526435e-06, 5.42072314147e-07, 5.46580679384e-07, 3.3746863437e-07, 2.6662394248e-07, 6.88781867098e-08, 5.08643367425e-08, 6.55457697007e-08, 1.78338162016e-08, 4.19797032691e-08, 6.12008355105e-09, 2.34365611362e-08, 6.01119243271e-09, 6.94028834403e-09, 5.79410186496e-10, 2.29576757604e-09, 1.59410606937e-09, 5.59167767644e-10, 6.37319474972e-10, 4.02292910096e-09, 4.38445457718e-09, 7.22763682237e-10, 3.16715764725e-10, 1.87337124979e-11, 2.99823117722e-11, 5.98657885417e-12, 1.19600455841e-13, 7.08514388313e-15, 1.42943586113e-16, 4.79532152093e-17, 3.76690440895e-17, 3.41986673865e-17, 1.83766610321e-17, 1.54207228413e-17, 1.54755616072e-17],
        "max": [0.000298898172332, 0.00801212154329, 0.0166726224124, 0.106145061553, 0.0811070501804, 0.0186799261719, 0.0101269576699, 0.0122240008786, 0.0130178071558, 0.0107137449086, 0.00824616570026, 0.00490732491016, 0.00713027548045, 0.0036923524458, 0.00548288272694, 0.00191835372243, 0.00532223237678, 0.000981409102678, 0.00203403737396, 0.000402692036005, 0.000516215222888, 0.000560317886993, 0.000424606521847, 0.000476020621136, 0.00184791453648, 0.00147722591646, 0.000476188433822, 0.00022305289167, 0.000103205769847, 0.000157136237249, 6.5721658757e-05, 8.53696019476e-06, 2.67155519396e-06, 2.55063810073e-07, 1.29183732156e-07, 1.20027607409e-07, 1.05670146411e-07, 8.58440856177e-08, 7.61609086908e-08, 7.52273763283e-08],
        "mean": [1.19811202239e-05, 0.000255660561379, 0.000602091080509, 0.00323263392784, 0.00360539183021, 0.00176662695594, 0.000702755118255, 0.000558218045626, 0.00029548961902, 0.000177616049768, 0.000161745745572, 9.33379851631e-05, 0.000151182801346, 6.46149055683e-05, 4.94018968311e-05, 4.25802209065e-05, 8.11792197055e-05, 4.18943964178e-05, 5.40401415492e-05, 1.58437105711e-05, 1.83552474482e-05, 1.61509415193e-05, 1.05152266769e-05, 1.41553809954e-05, 3.04043569486e-05, 3.26061272062e-05, 9.26469056139e-06, 4.51396135759e-06, 1.57321710503e-06, 9.46794102674e-07, 3.72787155811e-07, 6.45284004008e-08, 1.03495869652e-08, 3.0330109535e-09, 1.33640742916e-09, 6.98269886357e-10, 3.90194127009e-10, 1.99882776997e-10, 1.30828514688e-10, 9.95491397648e-11],
        "median": [5.78518483962e-06, 0.000118607102195, 0.000236998166656, 0.00107511435635, 0.00151719606947, 0.000848340569064, 0.000288042181637, 0.000146074627992, 6.08680347796e-05, 1.35846685225e-05, 1.08267713586e-05, 6.06977482676e-06, 8.52091670822e-06, 7.75394801167e-06, 6.24450694886e-06, 7.42609518056e-06, 1.46874490383e-05, 1.07279274744e-05, 1.38044460982e-05, 4.01056013288e-06, 4.44982515546e-06, 3.56164582627e-06, 1.62955336691e-06, 2.42687747232e-06, 4.84655538457e-06, 4.10304710385e-06, 1.42407407111e-06, 4.43127390781e-07, 1.10246816121e-07, 4.30866933243e-08, 1.36828699482e-08, 3.68931574179e-09, 1.50893886275e-09, 8.44951386636e-10, 5.36127864326e-10, 2.87486590089e-10, 1.75319481155e-10, 1.07677367023e-10, 6.52753753827e-11, 4.32650477944e-11],
        "min": [2.3528452949e-13, 3.21444070363e-13, 5.14420537417e-13, 1.25665146691e-12, 2.44857476309e-12, 3.02045888301e-12, 1.40999744432e-12, 4.60629635563e-13, 2.27540295633e-12, 6.92071833869e-12, 1.94421614225e-11, 2.0035488893e-11, 1.49694666385e-11, 1.24165105281e-11, 1.15206975904e-11, 6.84103078005e-12, 1.99422717923e-11, 2.31039996162e-11, 3.7466238445e-11, 3.02206940028e-11, 1.05630469649e-11, 5.72468895205e-12, 1.09258799924e-11, 5.18360831689e-12, 5.92211609612e-12, 5.62222404049e-12, 6.94770890125e-12, 5.09533734649e-12, 1.53731151073e-12, 1.09404846294e-11, 5.29845568462e-12, 3.83672607573e-12, 2.0786276346e-12, 1.45149430669e-12, 2.01151248436e-12, 4.67033269697e-12, 3.88376570487e-12, 7.63453915972e-13, 2.27541293099e-13, 1.84943098162e-13],
        "var": [4.95938512479e-10, 3.54459217533e-07, 1.36653363825e-06, 4.62424031866e-05, 2.90029038297e-05, 5.34558603249e-06, 1.19162473311e-06, 1.3200462945e-06, 8.81517223661e-07, 3.72221307998e-07, 3.12378233502e-07, 1.48344767581e-07, 3.62218429473e-07, 5.62890356548e-08, 5.28228731866e-08, 1.35122215639e-08, 1.01454965318e-07, 8.40315461659e-09, 1.41200118264e-08, 9.32162236289e-10, 1.6198102859e-09, 1.45962941733e-09, 9.21467624426e-10, 1.30217137073e-09, 8.48689829525e-09, 1.06207469486e-08, 5.98585070399e-10, 2.21176313375e-10, 3.7205287462e-11, 3.61406841953e-11, 6.71344447048e-12, 1.24487930814e-13, 7.67325198742e-15, 2.10880273929e-16, 2.06100189075e-17, 9.2927653771e-18, 6.35291543566e-18, 3.11943684949e-18, 2.62893384229e-18, 2.64895926453e-18]
    },
    "mfcc": {
        "dmean": [17.0116863251, 8.13471317291, 11.5855369568, 8.30065822601, 7.71934223175, 6.81997585297, 6.56257104874, 6.64227867126, 6.18748092651, 6.0234246254, 5.99733877182, 5.74634838104, 5.42322826385],
        "dmean2": [20.0472393036, 11.955575943, 15.5610294342, 11.4950351715, 11.1906204224, 10.2865371704, 10.187620163, 9.92906951904, 9.60243320465, 9.34475517273, 9.21086502075, 8.93674087524, 8.55855560303],
        "dvar": [623.390197754, 62.6713790894, 204.733261108, 54.7745246887, 42.9698143005, 36.0251235962, 29.4508304596, 34.1539840698, 25.843837738, 25.0888137817, 24.8548107147, 22.0110740662, 20.5438690186],
        "dvar2": [824.480773926, 103.616012573, 299.495178223, 97.1866149902, 87.6488876343, 74.5149688721, 72.5612258911, 70.9616928101, 60.2647476196, 60.1569328308, 56.2553520203, 52.2832183838, 49.3164405823],
        "max": [-607.886352539, 288.716186523, 111.402099609, 147.735290527, 65.1814727783, 44.429107666, 46.8277206421, 25.2210102081, 20.0640449524, 33.6375350952, 19.4818611145, 21.1421909332, 28.2443351746],
        "mean": [-752.190429688, 219.726287842, -49.5874404907, 40.8896141052, 5.93719768524, -25.756105423, -5.72897100449, -33.0107688904, -24.5473041534, -7.09739351273, -11.2383880615, -14.4140462875, -7.41717910767],
        "median": [-740.551330566, 221.729919434, -58.5234947205, 40.3315620422, 9.15197753906, -25.8002586365, -5.24715805054, -35.1304626465, -24.6287231445, -6.30093383789, -9.77280235291, -14.1067047119, -7.20724105835],
        "min": [-1138.42004395, 1.14440917969e-05, -135.523452759, -30.7289962769, -73.386138916, -84.4217529297, -44.0309448242, -76.6455230713, -62.7763442993, -64.2640991211, -68.4253158569, -57.1881370544, -42.1903877258],
        "var": [5109.453125, 726.194763184, 2098.74438477, 715.893676758, 537.239501953, 354.21887207, 146.845123291, 271.143157959, 139.140029907, 203.9271698, 153.194458008, 111.59564209, 113.754272461],
        "cov": [[5111.42724609, -37.3799095154, -2971.14355469, 946.594665527, -891.047729492, -638.438232422, 221.158905029, -283.618927002, 0.485333830118, -184.457199097, -61.7847747803, -6.22725248337, -135.220901489], [-37.3799095154, 726.475341797, 336.562835693, -417.472320557, 81.111618042, -109.553855896, -46.5242347717, 141.650497437, -40.1009368896, -30.4045562744, -28.9329471588, -25.4893951416, -22.56640625], [-2971.14355469, 336.562835693, 2099.55517578, -607.831726074, 458.032318115, 379.410583496, -168.79624939, 201.935211182, 2.14953970909, 58.8951454163, 23.8072090149, -6.16016721725, 42.7284164429], [946.594665527, -417.472320557, -607.831726074, 716.170288086, -62.3485794067, -61.9317893982, 53.651889801, -241.278015137, -7.18637084961, 9.07068252563, -34.2361946106, 0.697405993938, -10.7771120071], [-891.047729492, 81.111618042, 458.032318115, -62.3485794067, 537.44708252, 196.131164551, -80.1739273071, -33.7222061157, -62.170375824, 128.502059937, 19.8696651459, -20.8685455322, 64.0233078003], [-638.438232422, -109.553855896, 379.410583496, -61.9317893982, 196.131164551, 354.355743408, -1.8491230011, -51.3250770569, 20.3308696747, 69.1265106201, 68.639503479, 23.513879776, 37.0844459534], [221.158905029, -46.5242347717, -168.79624939, 53.651889801, -80.1739273071, -1.8491230011, 146.901870728, 26.0965461731, -11.8808336258, 2.17801141739, 0.748341977596, 16.6223068237, 5.41122055054], [-283.618927002, 141.650497437, 201.935211182, -241.278015137, -33.7222061157, -51.3250770569, 26.0965461731, 271.247924805, 58.2333183289, -82.0795898438, 1.16524887085, 3.05530452728, -13.0534257889], [0.485333830118, -40.1009368896, 2.14953970909, -7.18637084961, -62.170375824, 20.3308696747, -11.8808336258, 58.2333183289, 139.193786621, -11.7089862823, -19.6227397919, 16.7322006226, -7.96553945541], [-184.457199097, -30.4045562744, 58.8951454163, 9.07068252563, 128.502059937, 69.1265106201, 2.17801141739, -82.0795898438, -11.7089862823, 204.005966187, 69.8107757568, -29.2475090027, 44.7551383972], [-61.7847747803, -28.9329471588, 23.8072090149, -34.2361946106, 19.8696651459, 68.639503479, 0.748341977596, 1.16524887085, -19.6227397919, 69.8107757568, 153.253646851, 35.1044578552, -1.12049710751], [-6.22725248337, -25.4893951416, -6.16016721725, 0.697405993938, -20.8685455322, 23.513879776, 16.6223068237, 3.05530452728, 16.7322006226, -29.2475090027, 35.1044578552, 111.638763428, 32.077167511], [-135.220901489, -22.56640625, 42.7284164429, -10.7771120071, 64.0233078003, 37.0844459534, 5.41122055054, -13.0534257889, -7.96553945541, 44.7551383972, -1.12049710751, 32.077167511, 113.798225403]],
        "icov": [[0.0257495027035, -0.0348798185587, 0.0352089032531, -0.0326241217554, 0.0313428789377, -0.0284393578768, 0.0254409536719, -0.0219954550266, 0.0183928236365, -0.0140228262171, 0.0100021250546, -0.00643933704123, 0.00398784922436], [-0.0348798185587, 0.050038497895, -0.047952298075, 0.0461996346712, -0.043661352247, 0.0407233424485, -0.0356219820678, 0.0311844144017, -0.0255597420037, 0.0201079770923, -0.0140674719587, 0.00921889115125, -0.00501338578761], [0.0352089032531, -0.047952298075, 0.0493087098002, -0.0446393489838, 0.0431723743677, -0.0408223122358, 0.0368549115956, -0.0322035327554, 0.0268734749407, -0.0208845697343, 0.0155780976638, -0.0101171508431, 0.0062538664788], [-0.0326241217554, 0.0461996346712, -0.0446393489838, 0.0460591502488, -0.0421393699944, 0.0395841933787, -0.0363242737949, 0.0338642969728, -0.0273195914924, 0.0218639466912, -0.0154731608927, 0.0105720572174, -0.00570484017953], [0.0313428789377, -0.043661352247, 0.0431723743677, -0.0421393699944, 0.0440138503909, -0.0398407652974, 0.0370343998075, -0.0328331179917, 0.0290635731071, -0.0239695012569, 0.0178008060902, -0.0115174278617, 0.00596087099984], [-0.0284393578768, 0.0407233424485, -0.0408223122358, 0.0395841933787, -0.0398407652974, 0.0425901971757, -0.0368343926966, 0.0345525704324, -0.0299407877028, 0.0241515338421, -0.0204110089689, 0.012805448845, -0.00779555970803], [0.0254409536719, -0.0356219820678, 0.0368549115956, -0.0363242737949, 0.0370343998075, -0.0368343926966, 0.0430063195527, -0.0350077226758, 0.0304923653603, -0.0260397251695, 0.0208014659584, -0.0154277961701, 0.00792441237718], [-0.0219954550266, 0.0311844144017, -0.0322035327554, 0.0338642969728, -0.0328331179917, 0.0345525704324, -0.0350077226758, 0.0387382097542, -0.0308137275279, 0.0274876337498, -0.0219407454133, 0.0159501489252, -0.009012600407], [0.0183928236365, -0.0255597420037, 0.0268734749407, -0.0273195914924, 0.0290635731071, -0.0299407877028, 0.0304923653603, -0.0308137275279, 0.0341357775033, -0.0241052377969, 0.0210693273693, -0.0157718844712, 0.00905330199748], [-0.0140228262171, 0.0201079770923, -0.0208845697343, 0.0218639466912, -0.0239695012569, 0.0241515338421, -0.0260397251695, 0.0274876337498, -0.0241052377969, 0.0298739932477, -0.0223854314536, 0.0178436096758, -0.0114432871342], [0.0100021250546, -0.0140674719587, 0.0155780976638, -0.0154731608927, 0.0178008060902, -0.0204110089689, 0.0208014659584, -0.0219407454133, 0.0210693273693, -0.0223854314536, 0.025689592585, -0.0165748037398, 0.0101153729483], [-0.00643933704123, 0.00921889115125, -0.0101171508431, 0.0105720572174, -0.0115174278617, 0.012805448845, -0.0154277961701, 0.0159501489252, -0.0157718844712, 0.0178436096758, -0.0165748037398, 0.0224318876863, -0.0107614127919], [0.00398784922436, -0.00501338578761, 0.0062538664788, -0.00570484017953, 0.00596087099984, -0.00779555970803, 0.00792441237718, -0.009012600407, 0.00905330199748, -0.0114432871342, 0.0101153729483, -0.0107614127919, 0.0156868044287]]
    }
}

}