{
"metadata": {
    "version": {
        "essentia": "2.0.1",
        "extractor": "archive-music 1.0 mod ismir14"
    },
    "audio_properties": {
        "analysis_sample_rate": 44100,
        "bitrate": 32,
        "channels": 2,
        "equal_loudness": 0,
        "length": 30.0408172607,
        "replay_gain": -14.3674125671,
        "downmix": "mix"
    },
    "tags": {
        "track": 0,
        "year": 0,
        "album": "",
        "artist": "",
        "comment": "",
        "genre": "",
        "title": ""
    }
},
"rhythm": {
    "bpm": 109.314041138,
    "bpm_histogram_first_peak": 110,
    "bpm_histogram_first_peak_spread": 0.396226406097,
    "bpm_histogram_first_peak_weight": 0.603773593903,
    "bpm_histogram_second_peak": 0,
    "bpm_histogram_second_peak_spread": 0,
    "bpm_histogram_second_peak_weight": 0
},
"tonal": {
    "tuning_frequency": {
        "dmean": 0.0401966869831,
        "dmean2": 0.0777361392975,
        "dvar": 0.588384687901,
        "dvar2": 1.16828966141,
        "max": 455.779724121,
        "mean": 434.413330078,
        "median": 434.193115234,
        "min": 434.193115234,
        "var": 2.49388408661
    },
    "hpcp": {
        "dmean": [0.154734492302, 0.202087163925, 0.245980381966, 0.290327519178, 0.212364420295, 0.15702649951, 0.125877723098, 0.13346645236, 0.203753396869, 0.118622332811, 0.118998497725, 0.127362415195],
        "dmean2": [0.292756229639, 0.388115108013, 0.471265077591, 0.554262280464, 0.407809495926, 0.290297240019, 0.236003816128, 0.24932281673, 0.37697198987, 0.22491247952, 0.223614245653, 0.244807913899],
        "dvar": [0.0864573568106, 0.124592542648, 0.14370071888, 0.151304572821, 0.126901090145, 0.0856670662761, 0.0744170472026, 0.0758024826646, 0.0961623117328, 0.0736471414566, 0.0684267058969, 0.0769521221519],
        "dvar2": [0.233610630035, 0.343058675528, 0.375287681818, 0.397700160742, 0.330527544022, 0.23147585988, 0.206534281373, 0.203642651439, 0.250147968531, 0.217740342021, 0.195455893874, 0.214327186346],
        "max": [1, 1, 1, 1, 1, 1, 1, 1, 1, 1, 1, 1],
        "mean": [0.115643210709, 0.134214758873, 0.182122081518, 0.249098777771, 0.141225337982, 0.129526644945, 0.0936456248164, 0.121199555695, 0.225306913257, 0.0772959366441, 0.0951588973403, 0.0841397866607],
        "median": [0.00794476736337, 0.00360890454613, 0.0057653253898, 0.0216567516327, 0.00274840253405, 0.00975500792265, 0.00218869606033, 0.00503093237057, 0.0255487542599, 0.00196188734844, 0.00445597711951, 0.00304970424622],
        "min": [0, 0, 0, 0, 0, 1.63717317037e-07, 0, 0, 0, 0, 0, 0],
        "var": [0.0679199323058, 0.0910481438041, 0.121017366648, 0.1476842314, 0.0961320474744, 0.0748586282134, 0.0596214532852, 0.0765725374222, 0.12463927269, 0.0496715530753, 0.0570177920163, 0.052517361939]
    }
},
"lowlevel": {
    "melbands": {
        "dmean": [0.00177821167745, 0.00530488137156, 0.00514973979443, 0.00215975637548, 0.000925621192437, 0.000595729914494, 0.000348560250131, 0.000333566626068, 0.000415673071984, 0.000320135732181, 7.28135200916e-05, 8.78807986737e-05, 5.42802335985e-05, 5.03154042235e-05, 5.74147888983e-05, 5.77667160542e-05, 6.43281309749e-05, 4.97323308082e-05, 2.59794578596e-05, 5.15603023814e-05, 2.44837337959e-05, 1.69537161128e-05, 1.97322624444e-05, 1.1573075426e-05, 6.75443834552e-06, 4.59076909465e-06, 2.5431506856e-06, 1.78239486104e-06, 1.92269953914e-06, 1.39395683618e-06, 1.1404227962e-06, 1.04007074242e-06, 9.36470939905e-07, 7.09834239387e-07, 5.83712562729e-07, 4.81379004214e-07, 3.42969627809e-07, 2.56050441294e-07, 2.14960223843e-07, 1.68304083559e-07],
        "dmean2": [0.002884847112, 0.00900334399194, 0.00862401630729, 0.00355726899579, 0.00154571654275, 0.00103114813101, 0.000590088253375, 0.000505803152919, 0.000611671595834, 0.000462515745312, 0.00010730107897, 0.000130331172841, 7.93733343016e-05, 7.35960056772e-05, 8.28175179777e-05, 8.59705760377e-05, 0.000102844751382, 7.67002420616e-05, 3.84554659831e-05, 7.89325931692e-05, 3.88644548366e-05, 2.62954581558e-05, 3.10056966555e-05, 1.83222273336e-05, 1.08788099169e-05, 7.30156307327e-06, 4.1536613935e-06, 2.89272315968e-06, 3.14049248118e-06, 2.26818156079e-06, 1.87914668004e-06, 1.68444262272e-06, 1.48382434872e-06, 1.08337007987e-06, 9.23714310375e-07, 7.56782924327e-07, 4.97810162869e-07, 3.93777185081e-07, 3.21317486396e-07, 2.47576139145e-07],
        "dvar": [1.95659704332e-05, 4.14570058638e-05, 2.80773929262e-05, 8.21771573101e-06, 1.7109550754e-06, 9.34596300795e-07, 2.92198450325e-07, 3.97879546199e-07, 7.22109916751e-07, 6.60517287088e-07, 2.54561829394e-08, 6.66555237672e-08, 1.93777331958e-08, 2.43575861703e-08, 2.77169078799e-08, 2.75334883781e-08, 3.89556440439e-08, 1.62427102879e-08, 4.1822167951e-09, 5.04226775888e-08, 3.40499628493e-09, 1.48956780244e-09, 2.72816813585e-09, 8.18543288705e-10, 1.94893046146e-10, 1.34634456361e-10, 4.09132693002e-11, 2.20962831365e-11, 1.98311783661e-11, 1.32886011223e-11, 9.3480041416e-12, 7.93452543252e-12, 6.93635079929e-12, 6.10891025266e-12, 3.97857484805e-12, 4.32248030771e-12, 2.52328865268e-12, 1.55176576883e-12, 1.07693454848e-12, 4.99951154694e-13],
        "dvar2": [4.14626010752e-05, 0.000123462639749, 8.18990374682e-05, 2.1519672373e-05, 4.56916404801e-06, 2.81263214674e-06, 7.96592928509e-07, 8.42757117425e-07, 1.36916935389e-06, 1.27417968088e-06, 4.89077045529e-08, 1.33724867624e-07, 3.60600864724e-08, 5.13066567009e-08, 4.97998762228e-08, 6.5022589979e-08, 1.05987993493e-07, 3.68806816198e-08, 8.20613799135e-09, 1.25461994571e-07, 8.02470712102e-09, 3.50741902189e-09, 7.40051575576e-09, 2.27806085107e-09, 5.0289800102e-10, 3.4552294359e-10, 1.03362131354e-10, 5.72631352058e-11, 5.09890948908e-11, 3.40593907244e-11, 2.43073339234e-11, 1.92480215794e-11, 1.62354261979e-11, 1.45620477482e-11, 8.37044582952e-12, 8.31577688654e-12, 3.74194121869e-12, 3.86017129719e-12, 2.28691913497e-12, 8.01996002161e-13],
        "max": [0.0715918168426, 0.0603525452316, 0.0516166165471, 0.0372625850141, 0.0129259321839, 0.0129576185718, 0.0082447770983, 0.0118989031762, 0.0200409851968, 0.0191435236484, 0.00668867956847, 0.00941393151879, 0.00478023663163, 0.00434453878552, 0.0040671788156, 0.0033303166274, 0.00365930446424, 0.00277894642204, 0.00121924758423, 0.00619096215814, 0.00125972053502, 0.00101981346961, 0.0012159437174, 0.000527917698491, 0.000212439568713, 0.000244625931373, 0.000150919207954, 9.22550243558e-05, 7.17069633538e-05, 7.03317855368e-05, 6.98992298567e-05, 6.45665786578e-05, 5.69191797695e-05, 8.38751293486e-05, 8.03047805675e-05, 9.23403858906e-05, 9.92890418274e-05, 5.94770499447e-05, 5.27525953657e-05, 3.95982497139e-05],
        "mean": [0.00234645348974, 0.00918571185321, 0.00811593793333, 0.00315810297616, 0.00135376059916, 0.00102650397457, 0.000619340920821, 0.000706676102709, 0.000929019588511, 0.00072669488145, 0.00016971353034, 0.000156582522322, 0.000108553213067, 0.000104551785626, 0.000104099308373, 0.0001081006194, 0.000101555378933, 9.60364632192e-05, 5.44594622625e-05, 0.000104401275166, 4.67103964183e-05, 3.16939222103e-05, 4.20464639319e-05, 2.49729673669e-05, 1.2313528714e-05, 7.85620704846e-06, 4.46065723736e-06, 3.06664946947e-06, 3.33761227012e-06, 2.39489031628e-06, 1.92894617612e-06, 1.91130857274e-06, 1.76106175331e-06, 1.3619804804e-06, 1.1380811884e-06, 9.30765622797e-07, 7.3536381251e-07, 5.02466320995e-07, 4.03534073712e-07, 3.57125571782e-07],
        "median": [0.00110197335016, 0.00752705428749, 0.00645264890045, 0.00216532940976, 0.000776482513174, 0.000364105042536, 0.000281743967207, 0.000222793940338, 0.000224351271754, 0.000141889817314, 5.01378781337e-05, 3.933627886e-05, 2.84677953459e-05, 2.0741359549e-05, 2.2371790692e-05, 2.03981217055e-05, 1.9477773094e-05, 1.93288960872e-05, 1.32533550641e-05, 1.22246892715e-05, 1.19561309475e-05, 1.10697292257e-05, 8.07166179584e-06, 5.15243345944e-06, 3.69409190171e-06, 2.51160645348e-06, 1.36919800298e-06, 8.68137021826e-07, 8.46722969072e-07, 4.62014213554e-07, 3.50979206587e-07, 3.38075011541e-07, 3.12186585916e-07, 2.68741956688e-07, 2.05071827963e-07, 1.85808488595e-07, 1.37325102401e-07, 9.53945615834e-08, 7.29037594738e-08, 5.91404827333e-08],
        "min": [3.75563885546e-11, 4.97480702466e-11, 5.17882368933e-11, 1.56187528189e-11, 3.87498843776e-12, 2.24138069216e-11, 3.07668057697e-11, 6.0991982298e-11, 1.11938798508e-10, 1.40681605254e-10, 1.91761384549e-10, 1.49159837259e-10, 5.37296353242e-11, 2.76968604301e-11, 4.69265078185e-11, 1.31278196647e-10, 7.80893752439e-11, 1.51229861967e-11, 1.00869500252e-10, 1.49636511515e-10, 2.24995785891e-11, 1.73957853331e-12, 1.21958458957e-11, 2.84126108058e-12, 2.98846641877e-11, 5.73068918708e-11, 1.96093141724e-11, 2.17305687333e-11, 2.27083230692e-11, 5.51733866927e-11, 3.2144086004e-11, 1.71712834923e-11, 2.17035313332e-11, 1.92346347183e-11, 2.09161681031e-11, 1.53753589721e-11, 1.10099195386e-11, 8.82414800951e-12, 1.09889467317e-11, 1.36851912181e-12],
        "var": [2.96904891002e-05, 6.11733339611e-05, 4.36050322605e-05, 1.15357543109e-05, 2.56852740677e-06, 2.3732882255e-06, 7.46298155718e-07, 1.72485886196e-06, 3.24356597048e-06, 3.3824012462e-06, 1.67679488072e-07, 2.24996824727e-07, 8.83092852177e-08, 6.98269175814e-08, 8.88341062932e-08, 7.37893017799e-08, 6.61761205833e-08, 6.30333119034e-08, 1.51011061433e-08, 1.78874628887e-07, 1.09051052632e-08, 3.12094661226e-09, 1.04052295669e-08, 3.12985237727e-09, 4.54090876012e-10, 2.23091892182e-10, 7.20769693929e-11, 3.98923845346e-11, 4.4367197416e-11, 2.71336789842e-11, 1.82585595948e-11, 1.98000140589e-11, 1.83096003636e-11, 1.50343713173e-11, 1.5012680335e-11, 1.75076099451e-11, 1.52591377034e-11, 5.30265241439e-12, 3.04253367292e-12, 2.53564855744e-12]
    },
    "mfcc": {
        "dmean": [13.7446269989, 9.97699642181, 8.69748687744, 8.04135036469, 7.29879331589, 7.11550474167, 6.91984415054, 7.00187397003, 6.75371694565, 6.64756584167, 6.4167342186, 6.28388404846, 6.0075211525],
        "dmean2": [17.8563270569, 14.4022407532, 13.0584669113, 12.6894855499, 11.7093448639, 11.2750825882, 11.1444272995, 11.421667099, 10.9927530289, 10.8531694412, 10.5062351227, 10.3815536499, 9.82715892792],
        "dvar": [451.071807861, 126.984039307, 58.5857810974, 48.4198570251, 36.2177619934, 32.1363525391, 29.7997817993, 30.616481781, 28.1709384918, 29.1273326874, 27.1317501068, 25.1493339539, 21.1256885529],
        "dvar2": [616.876037598, 206.93522644, 118.755012512, 114.303092957, 86.3822631836, 81.6023712158, 80.4180908203, 80.0395812988, 74.2171707153, 74.5054244995, 72.9440307617, 64.7831268311, 57.74036026],
        "max": [-497.06149292, 268.709472656, 140.239456177, 101.755264282, 71.8834686279, 46.4039916992, 36.404045105, 54.0491409302, 31.7462730408, 43.0114021301, 48.5282211304, 38.2342033386, 31.763469696],
        "mean": [-645.38482666, 173.615097046, 6.62978124619, 32.163028717, 16.1551551819, 4.91726303101, -5.50661945343, 4.52080488205, -1.32857203484, 1.57056188583, 0.648144721985, -1.80620765686, -6.3997502327],
        "median": [-629.914733887, 172.960281372, 6.67302703857, 31.4742012024, 16.2855300903, 5.53328704834, -4.49822044373, 4.22612762451, -0.982536315918, 0.602693557739, -0.112575531006, -2.18927383423, -6.37308692932],
        "min": [-1138.42004395, 1.14440917969e-05, -99.9149475098, -58.1563796997, -45.0589599609, -52.3415603638, -54.1407928467, -38.9114227295, -42.1158065796, -37.6235771179, -33.2580184937, -32.6181907654, -45.3605041504],
        "var": [6032.40771484, 1624.20031738, 1248.23657227, 501.66885376, 307.906005859, 210.445251465, 216.967803955, 143.236419678, 102.094223022, 164.261825562, 114.553001404, 90.9764175415, 86.3335876465],
        "cov": [[6034.73828125, -1772.36413574, -658.392089844, -229.780960083, -323.013946533, -70.5718841553, -229.606643677, 37.3031768799, -1.55146145821, 69.2970046997, 44.2947502136, -27.1914787292, -33.1341972351], [-1772.36413574, 1624.82788086, -466.233032227, -212.837295532, 23.6544017792, -105.358528137, 89.0681991577, -22.5629787445, -41.7512512207, 37.3436698914, 53.0329170227, 21.8972225189, -13.7699356079], [-658.392089844, -466.233032227, 1248.71887207, 260.818878174, 12.8399572372, 220.661956787, 132.021530151, 40.8198394775, 16.9382820129, -85.5481033325, -55.94947052, -17.7269134521, 14.5344848633], [-229.780960083, -212.837295532, 260.818878174, 501.862670898, 141.004074097, 11.9739017487, -97.3269271851, 5.69877815247, 41.7036705017, -84.7043151855, -69.5305786133, -5.17798805237, 17.267868042], [-323.013946533, 23.6544017792, 12.8399572372, 141.004074097, 308.024993896, -16.8715648651, -41.920463562, 18.8530521393, 17.3802986145, 9.99295139313, -13.4915018082, 15.4782028198, -0.872069299221], [-70.5718841553, -105.358528137, 220.661956787, 11.9739017487, -16.8715648651, 210.526565552, 82.309715271, -11.2019605637, 3.19651246071, -12.4589338303, 0.206365570426, -9.10740184784, -7.02930688858], [-229.606643677, 89.0681991577, 132.021530151, -97.3269271851, -41.920463562, 82.309715271, 217.051635742, 33.7323951721, -28.5167808533, 29.5909366608, 27.7579250336, 2.32966446877, -9.54011058807], [37.3031768799, -22.5629787445, 40.8198394775, 5.69877815247, 18.8530521393, -11.2019605637, 33.7323951721, 143.291763306, 13.8624401093, -2.36553740501, 9.1875667572, 16.0850963593, -6.63888072968], [-1.55146145821, -41.7512512207, 16.9382820129, 41.7036705017, 17.3802986145, 3.19651246071, -28.5167808533, 13.8624401093, 102.133666992, 23.2566623688, -13.3788204193, -2.64765429497, -3.81043362617], [69.2970046997, 37.3436698914, -85.5481033325, -84.7043151855, 9.99295139313, -12.4589338303, 29.5909366608, -2.36553740501, 23.2566623688, 164.325302124, 66.9030914307, -12.3322143555, -29.0547084808], [44.2947502136, 53.0329170227, -55.94947052, -69.5305786133, -13.4915018082, 0.206365570426, 27.7579250336, 9.1875667572, -13.3788204193, 66.9030914307, 114.597267151, 20.4905815125, -15.9730005264], [-27.1914787292, 21.8972225189, -17.7269134521, -5.17798805237, 15.4782028198, -9.10740184784, 2.32966446877, 16.0850963593, -2.64765429497, -12.3322143555, 20.4905815125, 91.0115737915, 27.2062797546], [-33.1341972351, -13.7699356079, 14.5344848633, 17.267868042, -0.872069299221, -7.02930688858, -9.54011058807, -6.63888072968, -3.81043362617, -29.0547084808, -15.9730005264, 27.2062797546, 86.3669433594]],
        "icov": [[0.000398417265387, 0.000543885107618, 0.000366193416994, 0.000135884867632, 0.000326839130139, -5.05389689351e-05, 0.000197417306481, -0.000229454541113, 0.000156225767569, -6.6920525569e-05, -6.38040874037e-05, 1.5517913198e-05, 0.000121818171465], [0.000543885107618, 0.00152260949835, 0.000771114951931, 0.000325629982399, 0.000207419405342, 0.000315672485158, -0.000413941394072, -1.67896760104e-05, 0.000130523258122, 0.00022822264873, -0.000295579782687, -3.5828311411e-06, 0.00026631183573], [0.000366193416994, 0.000771114951931, 0.00166296563111, -0.000534743361641, 0.000351815397153, -0.000869535084348, -0.000771660474129, -0.000382149446523, 6.58611088511e-06, 0.000299429899314, 3.18038182741e-05, 0.000206175347557, -4.93852421641e-05], [0.000135884867632, 0.000325629982399, -0.000534743361641, 0.0033742596861, -0.00122011068743, 6.93844631314e-05, 0.00128580606543, -6.07837209827e-05, -0.000810843426734, 0.00119808153249, 0.000274543155683, 0.000329994247295, -3.5814675357e-05], [0.000326839130139, 0.000207419405342, 0.000351815397153, -0.00122011068743, 0.0043660486117, -0.000204730094993, 0.000754596025217, -0.000860953354277, 0.000540868379176, -0.00145889143459, 0.000768773141317, -0.00105669815093, 0.000395918003051], [-5.05389689351e-05, 0.000315672485158, -0.000869535084348, 6.93844631314e-05, -0.000204730094993, 0.00713699031621, -0.0028652457986, 0.00176599156111, -0.0013753969688, 0.0013429550454, -0.00091973884264, 0.000407246028772, 0.000654174073134], [0.000197417306481, -0.000413941394072, -0.000771660474129, 0.00128580606543, 0.000754596025217, -0.0028652457986, 0.00821443181485, -0.00246427208185, 0.0025330055505, -0.00205193529837, 0.000384087819839, -0.000396926305257, -7.58147325541e-06], [-0.000229454541113, -1.67896760104e-05, -0.000382149446523, -6.07837209827e-05, -0.000860953354277, 0.00176599156111, -0.00246427208185, 0.00845989305526, -0.00212354073301, 0.001445936854, -0.00103887170553, -0.00120598077774, 0.00107939052396], [0.000156225767569, 0.000130523258122, 6.58611088511e-06, -0.000810843426734, 0.000540868379176, -0.0013753969688, 0.0025330055505, -0.00212354073301, 0.0124728046358, -0.00419393042102, 0.00312196766026, -0.000935790361837, 0.000263413967332], [-6.6920525569e-05, 0.00022822264873, 0.000299429899314, 0.00119808153249, -0.00145889143459, 0.0013429550454, -0.00205193529837, 0.001445936854, -0.00419393042102, 0.0109347077087, -0.00616877246648, 0.00261197797954, 0.00122968817595], [-6.38040874037e-05, -0.000295579782687, 3.18038182741e-05, 0.000274543155683, 0.000768773141317, -0.00091973884264, 0.000384087819839, -0.00103887170553, 0.00312196766026, -0.00616877246648, 0.0141750918701, -0.00446599395946, 0.00185454462189], [1.5517913198e-05, -3.5828311411e-06, 0.000206175347557, 0.000329994247295, -0.00105669815093, 0.000407246028772, -0.000396926305257, -0.00120598077774, -0.000935790361837, 0.00261197797954, -0.00446599395946, 0.0142268454656, -0.00467948056757], [0.000121818171465, 0.00026631183573, -4.93852421641e-05, -3.5814675357e-05, 0.000395918003051, 0.000654174073134, -7.58147325541e-06, 0.00107939052396, 0.000263413967332, 0.00122968817595, 0.00185454462189, -0.00467948056757, 0.0140649043024]]
    }
}

}