{
"metadata": {
    "version": {
        "essentia": "2.0.1",
        "extractor": "archive-music 1.0 mod ismir14"
    },
    "audio_properties": {
        "analysis_sample_rate": 44100,
        "bitrate": 32,
        "channels": 2,
        "equal_loudness": 0,
        "length": 30.0408172607,
        "replay_gain": -8.86828994751,
        "downmix": "mix"
    },
    "tags": {
        "track": 7,
        "year": 0,
        "album": "The Cool Jazz Collection",
        "artist": "Astrud Gilberto",
        "comment": "",
        "genre": "Jazz",
        "title": "Girl From Ipanema"
    }
},
"rhythm": {
    "bpm": 130.229049683,
    "bpm_histogram_first_peak": 129,
    "bpm_histogram_first_peak_spread": 0.542372882366,
    "bpm_histogram_first_peak_weight": 0.428571432829,
    "bpm_histogram_second_peak": 123,
    "bpm_histogram_second_peak_spread": 0,
    "bpm_histogram_second_peak_weight": 0.0317460335791
},
"tonal": {
    "tuning_frequency": {
        "dmean": 0.0815288200974,
        "dmean2": 0.154122307897,
        "dvar": 1.0913233757,
        "dvar2": 2.73227286339,
        "max": 456.570251465,
        "mean": 437.849609375,
        "median": 434.193115234,
        "min": 431.941772461,
        "var": 23.9510211945
    },
    "hpcp": {
        "dmean": [0.118687354028, 0.11857483536, 0.14810885489, 0.17908988893, 0.16474211216, 0.124954506755, 0.13849234581, 0.162248030305, 0.225255548954, 0.138658389449, 0.133453309536, 0.116810441017],
        "dmean2": [0.229735165834, 0.227394342422, 0.287154972553, 0.339887350798, 0.31889462471, 0.239909261465, 0.265819609165, 0.316410243511, 0.432578414679, 0.270154446363, 0.254733532667, 0.22911593318],
        "dvar": [0.0819960162044, 0.0782117247581, 0.0983662083745, 0.105665072799, 0.108003936708, 0.080600194633, 0.0852710753679, 0.109512574971, 0.130391061306, 0.0990078672767, 0.0864321887493, 0.0827369987965],
        "dvar2": [0.240244030952, 0.225592374802, 0.274653971195, 0.298624247313, 0.306949973106, 0.233985543251, 0.242882430553, 0.313635468483, 0.360334455967, 0.286221206188, 0.244092360139, 0.243203267455],
        "max": [1, 1, 1, 1, 1, 1, 1, 1, 1, 1, 1, 1],
        "mean": [0.072879396379, 0.104875996709, 0.108320608735, 0.204207628965, 0.117965713143, 0.0940391421318, 0.12779930234, 0.120251446962, 0.194604411721, 0.0941244885325, 0.0967573225498, 0.0811595693231],
        "median": [0.00035467161797, 0.00159442971926, 0.000675410730764, 0.00333920726553, 0.00118914258201, 0.00102276739199, 0.00149663968477, 0.000998768140562, 0.00433461135253, 0.000301236665109, 0.00163982389495, 0.00056906422833],
        "min": [0, 0, 0, 0, 0, 0, 0, 0, 0, 0, 0, 0],
        "var": [0.0530881695449, 0.0748268291354, 0.0800591111183, 0.133001610637, 0.0840534642339, 0.0674268901348, 0.089162491262, 0.0887702330947, 0.127817511559, 0.0734473466873, 0.0645705834031, 0.0610438510776]
    }
},
"lowlevel": {
    "melbands": {
        "dmean": [0.000817811407614, 0.00339163071476, 0.00356231047772, 0.00185563613195, 0.00101058464497, 0.000383260019589, 0.000131135573611, 0.00012486432388, 5.27211013832e-05, 2.78484112641e-05, 2.91511278192e-05, 2.90444568236e-05, 8.92597199709e-06, 6.66042114972e-06, 7.87408134784e-06, 4.8105193855e-06, 3.70744805878e-06, 1.64714901985e-06, 1.62418120908e-06, 1.54615361225e-06, 1.00624504284e-06, 1.31813669668e-06, 1.57659439992e-06, 1.49810614403e-06, 6.20636456006e-07, 3.99089572056e-07, 6.33041963738e-07, 9.11150891625e-07, 7.39438348774e-07, 9.14752035897e-07, 1.47173636833e-06, 2.49321874435e-06, 2.94767710329e-06, 1.68845326698e-06, 8.34756576751e-07, 4.57794385511e-07, 3.83738779419e-07, 3.0099690207e-07, 3.81967481644e-07, 5.92663809584e-07],
        "dmean2": [0.00138461298775, 0.00579188251868, 0.00614044535905, 0.00308866333216, 0.00169215130154, 0.00064983451739, 0.000195675878786, 0.000179329901584, 7.48991296859e-05, 3.6357294448e-05, 3.94176313421e-05, 3.91475732613e-05, 1.3064977793e-05, 1.01023651951e-05, 1.12152265501e-05, 7.24490928405e-06, 5.54668622499e-06, 2.5074534733e-06, 2.36712367041e-06, 2.27574582823e-06, 1.58684338203e-06, 1.96998098545e-06, 2.36078130911e-06, 2.35413881455e-06, 9.57042630034e-07, 6.28757504728e-07, 9.58603664003e-07, 1.52822451582e-06, 1.1160767599e-06, 1.37708718739e-06, 2.26148767979e-06, 3.84384793506e-06, 4.64178174298e-06, 2.64294521912e-06, 1.35252855671e-06, 6.95268965956e-07, 5.87106228522e-07, 4.53207178452e-07, 5.74628927552e-07, 8.76631588653e-07],
        "dvar": [2.55975123764e-06, 2.87036837108e-05, 3.51955350197e-05, 9.18969271879e-06, 2.79052915175e-06, 4.45037642294e-07, 1.47804598782e-07, 1.5460675229e-07, 2.01995309368e-08, 1.05699342612e-08, 7.43636618949e-09, 1.92652898079e-08, 1.11904741029e-09, 4.41026465348e-10, 6.9193650809e-10, 4.70438243916e-10, 5.4353499479e-10, 4.10246767113e-11, 6.62795512918e-11, 6.96327093208e-11, 1.58500521735e-11, 1.53540166692e-11, 2.53907346537e-11, 4.31767017972e-11, 5.82830658735e-12, 1.30332149153e-12, 6.36075480481e-12, 1.9420741057e-11, 8.71774961247e-12, 3.28420832196e-11, 6.5125779769e-11, 2.09998476941e-10, 7.6484402145e-10, 1.66520949807e-10, 1.82781949298e-11, 2.7192037684e-12, 1.65247481497e-12, 1.33626985345e-12, 4.0494868743e-12, 1.05182746193e-11],
        "dvar2": [6.81239089317e-06, 8.69205541676e-05, 0.000113059562864, 2.53455164057e-05, 7.55969131205e-06, 1.2512595049e-06, 2.24737704002e-07, 2.46057879849e-07, 3.1876314921e-08, 1.34376350047e-08, 1.36829321207e-08, 2.28612595521e-08, 2.6983664192e-09, 1.01005503961e-09, 1.16250487014e-09, 9.79850312e-10, 1.02796338108e-09, 8.59114307472e-11, 1.06965374058e-10, 1.46709339122e-10, 3.32547669957e-11, 3.20278421839e-11, 5.69663448358e-11, 1.04928357669e-10, 1.38043925249e-11, 3.14832925355e-12, 1.39470449079e-11, 5.31834611073e-11, 2.11046978504e-11, 7.59862867072e-11, 1.45706696708e-10, 5.05591124522e-10, 2.02795225057e-09, 3.54729995378e-10, 5.29411584016e-11, 6.58355878494e-12, 3.86721427451e-12, 3.22826205872e-12, 1.04131668566e-11, 2.9436446336e-11],
        "max": [0.0352640785277, 0.0713467299938, 0.0713279023767, 0.0804475694895, 0.0248903520405, 0.0119770877063, 0.010086286813, 0.00934271980077, 0.00418899487704, 0.004109762609, 0.00215558824129, 0.00984680559486, 0.0009530162788, 0.000622802297585, 0.00127982150298, 0.00080732058268, 0.000958171498496, 0.000255404040217, 0.000370102323359, 0.000292488868581, 0.000144215315231, 7.27248334442e-05, 9.51376059675e-05, 0.000150235471665, 8.92187163117e-05, 2.74199555861e-05, 8.42809095047e-05, 0.000169243023265, 9.13403346203e-05, 0.000197625166038, 0.000213612933294, 0.000346895016264, 0.00107301492244, 0.000612617470324, 0.00011370768334, 4.52910353488e-05, 2.69785432465e-05, 4.08011255786e-05, 7.76732122176e-05, 0.0001032308719],
        "mean": [0.00152013415936, 0.00617257785052, 0.0074561634101, 0.00364549201913, 0.00227505969815, 0.000822160800453, 0.000308071408654, 0.000304380751913, 0.000143011609907, 8.83257671376e-05, 8.58144921949e-05, 8.57652703417e-05, 2.23780116357e-05, 1.25569622469e-05, 1.94352542167e-05, 1.15198108688e-05, 8.03205693956e-06, 3.31091678163e-06, 3.17558578899e-06, 3.09552387989e-06, 1.69474446921e-06, 2.59979697148e-06, 3.08510107061e-06, 2.43627687269e-06, 1.07767255031e-06, 7.11249413143e-07, 1.03609954749e-06, 1.36658013616e-06, 1.14858482902e-06, 1.48757760599e-06, 2.5089891551e-06, 4.08079631598e-06, 4.33061040894e-06, 3.00867441183e-06, 1.47585092236e-06, 9.64561763794e-07, 7.96499875833e-07, 6.16280715349e-07, 7.57337659252e-07, 1.11948338599e-06],
        "median": [0.000354706251528, 0.0029234343674, 0.00322491303086, 0.00195600511506, 0.000782501767389, 0.000304399320157, 9.08466754481e-05, 5.14565981575e-05, 1.91389372048e-05, 7.05613865648e-06, 7.6800943134e-06, 7.9572400864e-06, 3.28746250489e-06, 3.36533048539e-06, 2.74556145996e-06, 1.02003309621e-06, 6.49402693398e-07, 4.27406945391e-07, 2.31677603324e-07, 1.97923711198e-07, 2.0313595428e-07, 3.34836954607e-07, 3.40908314911e-07, 2.21720881655e-07, 1.4228491807e-07, 1.17856210125e-07, 1.61511337637e-07, 1.6847468487e-07, 1.00461008401e-07, 1.23657557083e-07, 1.29842334218e-07, 8.88441817892e-08, 1.14725523304e-07, 9.17928417721e-08, 8.87879068046e-08, 8.32430728792e-08, 7.7191401715e-08, 6.07501604577e-08, 6.12139459122e-08, 6.57613128396e-08],
        "min": [1.23603850679e-12, 3.76299859328e-12, 3.99576552401e-12, 1.98233313445e-12, 7.566857297e-13, 5.29497886509e-13, 1.2416142333e-12, 2.33523768899e-12, 1.67499239305e-12, 2.52522785668e-12, 1.4992470156e-12, 2.06538865871e-12, 2.64011772513e-12, 1.48051265258e-12, 3.13080312543e-12, 4.51542449265e-13, 3.94316198617e-13, 2.32106949763e-13, 1.72011124962e-12, 1.93371490695e-12, 7.12047391535e-13, 6.01499579311e-12, 4.4903265134e-12, 3.97726166237e-12, 8.4012359786e-13, 1.94709873225e-12, 2.71160210171e-13, 2.97993487525e-12, 3.52602734337e-12, 1.05845505971e-11, 1.86505476861e-12, 4.23043631376e-12, 2.17351874346e-12, 2.21078775946e-12, 8.37148839833e-12, 6.01142237117e-13, 2.34047134971e-12, 2.17024423606e-12, 1.46942570958e-12, 2.18380774076e-13],
        "var": [1.27884823087e-05, 5.68798095628e-05, 8.92388779903e-05, 3.03055894619e-05, 1.21148141261e-05, 1.79169956027e-06, 8.02002205091e-07, 7.64712524415e-07, 1.45056432643e-07, 1.03311606381e-07, 5.4983026132e-08, 2.49378814487e-07, 5.40235722823e-09, 1.1171796821e-09, 6.26063823006e-09, 1.98250882377e-09, 1.76718195632e-09, 1.0144766277e-10, 2.39769759602e-10, 2.48170456407e-10, 3.45474343577e-11, 4.37501077033e-11, 7.52270121196e-11, 7.75971925604e-11, 1.26717334542e-11, 3.40276136261e-12, 1.51195878734e-11, 4.46165639156e-11, 1.74708164602e-11, 5.93284796291e-11, 1.6490586674e-10, 4.76452266529e-10, 8.88106144181e-10, 4.68768468487e-10, 4.38360146793e-11, 9.96373556578e-12, 6.37576103024e-12, 5.01860011881e-12, 1.21788933105e-11, 2.9341418184e-11]
    },
    "mfcc": {
        "dmean": [17.2610473633, 13.059094429, 9.73304080963, 8.3297328949, 7.75827741623, 7.68915271759, 7.37753868103, 6.99679613113, 6.95811700821, 6.84876585007, 6.74336242676, 6.58668756485, 6.19393968582],
        "dmean2": [21.2574920654, 17.2463359833, 14.8825683594, 12.7449159622, 12.4009504318, 12.0825948715, 11.7161455154, 11.4351091385, 11.441192627, 11.0841236115, 11.1435136795, 10.7824335098, 10.2738218307],
        "dvar": [491.947509766, 197.623184204, 83.9413833618, 50.7954139709, 36.4673309326, 40.689239502, 33.8732757568, 29.9140224457, 29.3095664978, 29.2681159973, 28.5550765991, 26.0464076996, 24.3419017792],
        "dvar2": [776.37109375, 284.199493408, 188.859207153, 116.456863403, 94.5510177612, 97.2120285034, 84.1782073975, 73.997428894, 78.8452911377, 78.2232513428, 76.6910324097, 71.5484771729, 64.7221374512],
        "max": [-544.069458008, 257.06262207, 142.019866943, 119.935218811, 56.7034492493, 68.9017333984, 44.8754119873, 51.1038970947, 31.2952136993, 34.4304885864, 32.143371582, 42.7594070435, 27.4852104187],
        "mean": [-736.403503418, 159.087310791, 64.7522583008, 31.1015453339, 7.57613134384, 6.83831453323, 1.71955156326, 2.11388731003, -7.10793161392, -11.6789245605, -6.07920885086, -1.73661327362, -6.69401502609],
        "median": [-726.254272461, 168.766967773, 64.9063568115, 29.8153133392, 8.49315643311, 8.49059295654, 2.99963760376, 1.54634666443, -7.25608825684, -10.3714294434, -5.54222679138, -2.19539642334, -6.43497848511],
        "min": [-1138.42004395, -49.1387252808, -22.4607543945, -43.1367797852, -45.4590988159, -60.157623291, -51.1128578186, -48.7057151794, -45.8058547974, -62.4449310303, -50.9412345886, -45.6664276123, -43.8760375977],
        "var": [6005.87548828, 2619.77661133, 766.560791016, 594.441772461, 238.512451172, 333.052459717, 228.703125, 172.895477295, 133.03944397, 223.347457886, 173.229049683, 156.450531006, 105.640922546],
        "cov": [[6008.19628906, -585.963562012, -501.790527344, -180.202133179, -123.617721558, -263.336791992, -253.680862427, 12.8921098709, -50.6889076233, 87.5484085083, 60.8167991638, -66.5416183472, -173.723358154], [-585.963562012, 2620.78881836, -413.543426514, -305.852416992, 87.5430679321, -247.632293701, 47.5107688904, 124.733520508, -134.325698853, -157.060272217, -43.4033279419, 38.7307090759, -116.659622192], [-501.790527344, -413.543426514, 766.856994629, 174.400466919, -65.8411865234, 198.227859497, 33.172328949, -55.4577064514, 24.8508434296, -89.7057342529, 21.269405365, -34.1301040649, 71.8834609985], [-180.202133179, -305.852416992, 174.400466919, 594.671447754, 157.400024414, -96.906211853, -45.9651679993, 29.0981731415, 5.55917692184, -108.018218994, 7.50782442093, -50.1762390137, 65.1470870972], [-123.617721558, 87.5430679321, -65.8411865234, 157.400024414, 238.604614258, -22.1564121246, -22.2230834961, 12.2794179916, 10.4483671188, -15.7830705643, -19.9631004333, 16.7878093719, -0.680055856705], [-263.336791992, -247.632293701, 198.227859497, -96.906211853, -22.1564121246, 333.181152344, 80.3882675171, -17.6815414429, 48.7973594666, 55.3122329712, 45.1609039307, 13.144575119, 32.3103866577], [-253.680862427, 47.5107688904, 33.172328949, -45.9651679993, -22.2230834961, 80.3882675171, 228.791488647, 50.8221969604, 8.61589813232, 30.2246055603, 14.3753881454, 24.4508266449, 14.9664316177], [12.8921098709, 124.733520508, -55.4577064514, 29.0981731415, 12.2794179916, -17.6815414429, 50.8221969604, 172.962280273, 34.4760475159, -9.78041934967, 32.5440864563, -9.48328304291, -0.312803864479], [-50.6889076233, -134.325698853, 24.8508434296, 5.55917692184, 10.4483671188, 48.7973594666, 8.61589813232, 34.4760475159, 133.09085083, 70.866394043, 16.7911643982, -19.7245788574, 13.8970031738], [87.5484085083, -157.060272217, -89.7057342529, -108.018218994, -15.7830705643, 55.3122329712, 30.2246055603, -9.78041934967, 70.866394043, 223.433761597, 25.3247947693, 17.4281253815, -9.29289150238], [60.8167991638, -43.4033279419, 21.269405365, 7.50782442093, -19.9631004333, 45.1609039307, 14.3753881454, 32.5440864563, 16.7911643982, 25.3247947693, 173.295974731, -9.38395595551, 21.7576236725], [-66.5416183472, 38.7307090759, -34.1301040649, -50.1762390137, 16.7878093719, 13.144575119, 24.4508266449, -9.48328304291, -19.7245788574, 17.4281253815, -9.38395595551, 156.510971069, 4.27555322647], [-173.723358154, -116.659622192, 71.8834609985, 65.1470870972, -0.680055856705, 32.3103866577, 14.9664316177, -0.312803864479, 13.8970031738, -9.29289150238, 21.7576236725, 4.27555322647, 105.681739807]],
        "icov": [[0.000214134764974, 0.000102777587017, 0.000107382642454, 8.55492908158e-05, 6.08482368989e-05, 0.000131571141537, 0.000180367394933, -0.00010981651576, 0.000123194389744, -2.11541123463e-06, -0.000131473701913, 6.42150262138e-05, 0.000282060558675], [0.000102777587017, 0.000637339660898, 9.69508182607e-05, 0.000620126025751, -0.000507354736328, 0.000511127524078, -0.000143153898534, -0.000414694368374, 0.000340010330547, 0.000501847825944, -0.000158073555212, 8.36151448311e-05, 0.000312366493745], [0.000107382642454, 9.69508182607e-05, 0.0023911325261, -0.00101251364686, 0.00125786149874, -0.00150578876492, -0.00013061251957, 0.000853921868838, -0.000658961187582, 0.00121299002785, 2.03279760171e-05, 6.64460021653e-05, -4.2789910367e-05], [8.55492908158e-05, 0.000620126025751, -0.00101251364686, 0.00384763069451, -0.00282982247882, 0.00199279654771, -1.27027460621e-05, -0.000853380421177, 0.000214490588405, 0.000994774862193, -0.000548871234059, 0.000902325205971, -0.0013504215749], [6.08482368989e-05, -0.000507354736328, 0.00125786149874, -0.00282982247882, 0.00671063037589, -0.00155778205954, 0.000602398766205, 0.000414343434386, -0.00104530306999, -7.37899317755e-05, 0.000805585354101, -0.00123871513642, 0.000879410479683], [0.000131571141537, 0.000511127524078, -0.00150578876492, 0.00199279654771, -0.00155778205954, 0.00556699000299, -0.00132221041713, 0.000229950674111, -0.000752893800382, -0.000289039249765, -0.00118653697427, 4.34233952546e-05, -0.000631721457466], [0.000180367394933, -0.000143153898534, -0.00013061251957, -1.27027460621e-05, 0.000602398766205, -0.00132221041713, 0.00581135461107, -0.00221278402023, 0.00107998098247, -0.00109557446558, 0.000345602835296, -0.000624287698884, -0.000470528902952], [-0.00010981651576, -0.000414694368374, 0.000853921868838, -0.000853380421177, 0.000414343434386, 0.000229950674111, -0.00221278402023, 0.008186805062, -0.00336522259749, 0.00155919766985, -0.00145538582001, 4.91472819704e-05, 0.000454179709777], [0.000123194389744, 0.000340010330547, -0.000658961187582, 0.000214490588405, -0.00104530306999, -0.000752893800382, 0.00107998098247, -0.00336522259749, 0.0116539495066, -0.00407136743888, 0.000425100733992, 0.00167340540793, -0.00109131587669], [-2.11541123463e-06, 0.000501847825944, 0.00121299002785, 0.000994774862193, -7.37899317755e-05, -0.000289039249765, -0.00109557446558, 0.00155919766985, -0.00407136743888, 0.00757744908333, -0.00105180777609, -0.000685794628225, 0.000805851945188], [-0.000131473701913, -0.000158073555212, 2.03279760171e-05, -0.000548871234059, 0.000805585354101, -0.00118653697427, 0.000345602835296, -0.00145538582001, 0.000425100733992, -0.00105180777609, 0.00673636840656, 0.000292818556773, -0.00129850627854], [6.42150262138e-05, 8.36151448311e-05, 6.64460021653e-05, 0.000902325205971, -0.00123871513642, 4.34233952546e-05, -0.000624287698884, 4.91472819704e-05, 0.00167340540793, -0.000685794628225, 0.000292818556773, 0.00726076727733, -0.000970649474766], [0.000282060558675, 0.000312366493745, -4.2789910367e-05, -0.0013504215749, 0.000879410479683, -0.000631721457466, -0.000470528902952, 0.000454179709777, -0.00109131587669, 0.000805851945188, -0.00129850627854, -0.000970649474766, 0.0119201634079]]
    }
}

}