{
"metadata": {
    "version": {
        "essentia": "2.0.1",
        "extractor": "archive-music 1.0 mod ismir14"
    },
    "audio_properties": {
        "analysis_sample_rate": 44100,
        "bitrate": 32,
        "channels": 2,
        "equal_loudness": 0,
        "length": 30.0408172607,
        "replay_gain": -12.2473373413,
        "downmix": "mix"
    },
    "tags": {
        "track": 6,
        "year": 0,
        "album": "Swing Classics (Jazz & Tzaz 70)",
        "artist": "Benny Carter",
        "comment": "",
        "genre": "Jazz",
        "title": "Babalu"
    }
},
"rhythm": {
    "bpm": 92.4404830933,
    "bpm_histogram_first_peak": 92,
    "bpm_histogram_first_peak_spread": 0.590909123421,
    "bpm_histogram_first_peak_weight": 0.40000000596,
    "bpm_histogram_second_peak": 99,
    "bpm_histogram_second_peak_spread": 0,
    "bpm_histogram_second_peak_weight": 0.0222222227603
},
"tonal": {
    "tuning_frequency": {
        "dmean": 0.0343798436224,
        "dmean2": 0.0567894615233,
        "dvar": 0.332541704178,
        "dvar2": 0.613547086716,
        "max": 456.306610107,
        "mean": 436.388427734,
        "median": 435.952270508,
        "min": 434.193115234,
        "var": 3.02599000931
    },
    "hpcp": {
        "dmean": [0.14901894331, 0.147945523262, 0.15466837585, 0.196573242545, 0.145360678434, 0.121287353337, 0.156250745058, 0.127624049783, 0.19341558218, 0.144405126572, 0.18587307632, 0.194382533431],
        "dmean2": [0.277657538652, 0.268883049488, 0.293823301792, 0.350939452648, 0.267445683479, 0.224561840296, 0.274994105101, 0.239213362336, 0.347936540842, 0.270516484976, 0.334961920977, 0.347481995821],
        "dvar": [0.0677304342389, 0.0637928768992, 0.0836763083935, 0.0791652500629, 0.0671632736921, 0.054999332875, 0.0596498437226, 0.0611227601767, 0.0734862014651, 0.0699249133468, 0.0725123435259, 0.0757405459881],
        "dvar2": [0.192482426763, 0.176047131419, 0.243303522468, 0.212217226624, 0.183104082942, 0.153687521815, 0.160931184888, 0.17128624022, 0.197632998228, 0.203197404742, 0.19740986824, 0.200146079063],
        "max": [1, 1, 1, 1, 1, 1, 1, 1, 1, 1, 1, 1],
        "mean": [0.114614970982, 0.151217058301, 0.110386654735, 0.397863358259, 0.168738827109, 0.102241538465, 0.240015342832, 0.099723868072, 0.286837220192, 0.104083471, 0.1924187392, 0.234527498484],
        "median": [0.0118037434295, 0.0212290547788, 0.00351710710675, 0.195534497499, 0.0125373117626, 0.0129755558446, 0.0626399442554, 0.00738817825913, 0.10812549293, 0.00869218539447, 0.0675974190235, 0.0651206299663],
        "min": [0, 0, 0, 0, 0, 0, 0, 0, 0, 0, 0, 0],
        "var": [0.0577869787812, 0.069743566215, 0.0677091032267, 0.172212615609, 0.0965532511473, 0.0483148768544, 0.11599431932, 0.0511961057782, 0.127937436104, 0.0519983097911, 0.078467130661, 0.105752788484]
    }
},
"lowlevel": {
    "melbands": {
        "dmean": [2.82891287497e-05, 0.000123846868519, 0.00014075517538, 0.000257418636465, 0.000310260511469, 0.000344319007127, 0.000268104486167, 0.000345647044014, 0.000250798475463, 0.000160058421898, 0.000118081923574, 9.71554909484e-05, 9.54906572588e-05, 7.99959452706e-05, 0.000147841623402, 0.000132769622724, 7.18360315659e-05, 3.76251337002e-05, 4.03219928558e-05, 4.29445171903e-05, 1.51422373165e-05, 2.26357296924e-05, 1.04591063064e-05, 7.01244880474e-06, 8.98527378013e-06, 3.19624109579e-06, 1.88314288607e-06, 2.35338939092e-06, 1.88797559986e-06, 1.71725730524e-06, 8.53384790389e-07, 4.19204070568e-07, 2.91549014264e-07, 1.21389575725e-07, 5.42386544566e-08, 4.87081450729e-08, 1.3656331177e-08, 2.55720311593e-09, 9.56383416906e-10, 5.97460247942e-10],
        "dmean2": [4.35577057942e-05, 0.000202122479095, 0.00024568111985, 0.000466024503112, 0.000565222464502, 0.000590943265706, 0.000419536430854, 0.000490618753247, 0.000350283196894, 0.000223674273002, 0.0001820599864, 0.000149091691128, 0.000147219383507, 0.000124030950246, 0.000223901151912, 0.00021178778843, 0.000108242980787, 5.33684942639e-05, 5.88447037444e-05, 6.47966735414e-05, 2.36324158323e-05, 3.62322061846e-05, 1.71002884599e-05, 1.08441599878e-05, 1.32187597046e-05, 4.7727025958e-06, 2.9245575206e-06, 3.63064668818e-06, 2.87971192847e-06, 2.45098317464e-06, 1.24879727537e-06, 6.14839791524e-07, 4.33251074128e-07, 1.79175188464e-07, 7.98200758823e-08, 7.16112182886e-08, 2.10749462326e-08, 4.00886612795e-09, 1.48386736232e-09, 9.36305144528e-10],
        "dvar": [1.30742860982e-09, 2.45742857174e-08, 4.89531473136e-08, 1.47771118009e-07, 2.06268310876e-07, 2.80575648048e-07, 1.43475659797e-07, 5.32581395873e-07, 2.20900531644e-07, 8.96887613067e-08, 6.92620645282e-08, 5.49629675106e-08, 5.3715734083e-08, 3.13179597811e-08, 8.74354171287e-08, 1.22141059933e-07, 3.76415663084e-08, 7.81935227678e-09, 1.18047029929e-08, 1.12849205536e-08, 7.58444973492e-10, 3.95628108052e-09, 5.82246806324e-10, 2.13444359409e-10, 4.55024407042e-10, 6.20752893532e-11, 1.87411908908e-11, 5.84657600111e-11, 2.18037966154e-11, 1.50023674039e-11, 4.52782039292e-12, 1.36913679179e-12, 8.63788695519e-13, 1.77062615329e-13, 2.37316337913e-14, 1.889007478e-14, 1.10982089573e-15, 5.91774406992e-17, 6.54179261596e-18, 2.09972767461e-18],
        "dvar2": [2.78997291936e-09, 6.21656610633e-08, 1.42426372918e-07, 4.4004914912e-07, 6.47315516744e-07, 8.1237624272e-07, 3.56289348247e-07, 1.15198474759e-06, 4.75760941754e-07, 1.85309076528e-07, 1.68674858969e-07, 1.39041688385e-07, 1.36936961326e-07, 8.55763246932e-08, 1.99907674414e-07, 3.19760772527e-07, 9.54195158442e-08, 1.59017563561e-08, 2.74372453646e-08, 2.41728486117e-08, 1.83055337555e-09, 1.06259401278e-08, 1.64142510695e-09, 5.28840637948e-10, 9.75902247902e-10, 1.3876556848e-10, 4.50797767171e-11, 1.39149469724e-10, 5.12259470953e-11, 3.07068849514e-11, 1.0213729168e-11, 3.01730558941e-12, 2.0423185712e-12, 4.03512943545e-13, 5.32908440954e-14, 4.44468646729e-14, 2.63954482254e-15, 1.3815852494e-16, 1.45069877038e-17, 5.02610946132e-18],
        "max": [0.00050129747251, 0.00203044572845, 0.004232367035, 0.00854610092938, 0.00571939907968, 0.00742009561509, 0.00585526321083, 0.0185145940632, 0.00877016130835, 0.00516103208065, 0.00485100736842, 0.00461488589644, 0.00493209948763, 0.00364085962065, 0.00565447285771, 0.00546697666869, 0.00458128470927, 0.00242130015977, 0.00191770470701, 0.00252186506987, 0.00057708856184, 0.00137173908297, 0.000390299770515, 0.000299553823425, 0.000369432702428, 0.000184410280781, 7.13915505912e-05, 0.000138114861329, 7.71274208091e-05, 6.55892145005e-05, 4.75451852253e-05, 3.40641199728e-05, 2.38980865106e-05, 9.10882954486e-06, 2.81123357126e-06, 2.83662279799e-06, 4.76047574693e-07, 1.4431401496e-07, 4.68051126745e-08, 2.50925733525e-08],
        "mean": [3.9238253521e-05, 0.000176690387889, 0.000177077803528, 0.000326277862769, 0.000414027133957, 0.000563077162951, 0.000611306226347, 0.00123177235946, 0.000765761593357, 0.000428718776675, 0.000296638929285, 0.000242732174229, 0.000192011226318, 0.000146709746332, 0.000294961995678, 0.000239779983531, 0.000177542708116, 9.19079393498e-05, 7.38373855711e-05, 9.77465897449e-05, 3.12340998789e-05, 4.04942402383e-05, 2.17404667637e-05, 1.6773608877e-05, 2.3761211196e-05, 7.89986825112e-06, 4.00456519856e-06, 4.46396734333e-06, 4.63971991849e-06, 4.93302559335e-06, 2.29024908549e-06, 1.09936820536e-06, 7.10435131168e-07, 2.9056249673e-07, 1.30677804577e-07, 1.18534224214e-07, 3.28176348319e-08, 4.59406290787e-09, 1.89398674522e-09, 1.12775144778e-09],
        "median": [2.01382918021e-05, 0.000104176542663, 9.73762362264e-05, 0.000170846877154, 0.000233512037084, 0.000287237169687, 0.000228993594646, 0.000255446240772, 0.000196487992071, 0.000102448182588, 6.83191392454e-05, 4.2675575969e-05, 4.68026628369e-05, 5.3689989727e-05, 6.04628257861e-05, 5.00622736581e-05, 2.40714125539e-05, 2.1099447622e-05, 1.07867272163e-05, 1.88905087271e-05, 1.00859715531e-05, 9.52907339524e-06, 7.11038728696e-06, 5.57204884899e-06, 3.97131043428e-06, 2.03278091249e-06, 1.07594587462e-06, 5.97324174123e-07, 1.02889725895e-06, 8.79460344549e-07, 3.26778717863e-07, 1.55799938284e-07, 5.76729242141e-08, 2.04324006603e-08, 1.189312826e-08, 1.03273469776e-08, 4.38696146077e-09, 4.49859982599e-10, 3.73547748289e-10, 3.0822994157e-10],
        "min": [2.24589899629e-12, 4.34580670061e-12, 4.50289111553e-12, 2.62167241041e-12, 9.07486217248e-13, 1.83294988887e-13, 1.85306847991e-13, 3.07928704237e-13, 6.93096079661e-13, 1.61175933711e-12, 3.69291056068e-12, 4.14218572636e-12, 1.10017778308e-12, 1.08402935066e-12, 1.24567370308e-12, 2.82729975499e-13, 3.56564848177e-13, 6.52125543236e-13, 1.75994939108e-12, 1.09294062516e-12, 5.97359889418e-13, 1.37645092806e-12, 9.62303479089e-13, 1.13155817182e-12, 7.44486070015e-13, 4.78892804318e-13, 3.61408575593e-13, 2.00336302452e-13, 8.62000629296e-14, 3.95654456463e-13, 4.6984578771e-13, 1.44293851498e-13, 5.64472751039e-14, 4.12879162825e-14, 2.95637029668e-14, 5.07330993622e-14, 4.53001385589e-14, 3.3876042569e-14, 2.29396969492e-14, 1.50455955203e-14],
        "var": [2.62907806636e-09, 4.59824676113e-08, 5.97034883754e-08, 2.01585990567e-07, 2.814084894e-07, 5.59234251796e-07, 7.3481464824e-07, 4.88079558636e-06, 1.61609534644e-06, 4.81791687434e-07, 2.64250559212e-07, 1.87445806432e-07, 1.45894304637e-07, 7.63772618484e-08, 3.18785879472e-07, 3.15059736522e-07, 1.54066825075e-07, 4.36864837638e-08, 3.07811269806e-08, 5.39057509741e-08, 2.72877742624e-09, 8.23561752128e-09, 1.42576128681e-09, 8.19901591065e-10, 2.19563944803e-09, 3.41188660657e-10, 6.38480726622e-11, 1.56766918891e-10, 8.38611402543e-11, 8.5664225713e-11, 2.37147055465e-11, 7.34125954471e-12, 4.41068145549e-12, 8.05475532193e-13, 1.18618263541e-13, 8.89125402535e-14, 4.51603959103e-15, 1.56562830348e-16, 2.10392164576e-17, 5.8664298379e-18]
    },
    "mfcc": {
        "dmean": [16.2064266205, 9.92476654053, 9.69272994995, 7.99016427994, 7.74621152878, 6.94193458557, 6.79174518585, 6.97138023376, 6.71623468399, 6.70871639252, 6.4065155983, 6.31069278717, 6.32553720474],
        "dmean2": [17.8167190552, 14.7050971985, 14.0972185135, 12.5291728973, 11.6158733368, 10.9783983231, 10.8656597137, 11.4239015579, 11.1363601685, 11.1821174622, 10.7087373734, 10.5095930099, 10.5439729691],
        "dvar": [497.754455566, 89.2394561768, 90.585319519, 40.922618866, 40.0295410156, 30.4605693817, 28.7414264679, 28.8225078583, 28.6041889191, 27.7622146606, 24.1687393188, 23.4717979431, 23.3257865906],
        "dvar2": [475.194000244, 154.48576355, 138.794052124, 99.2014770508, 85.631477356, 76.3438034058, 72.1411437988, 78.4949493408, 79.392868042, 74.9327392578, 66.9567337036, 64.991897583, 64.6799468994],
        "max": [-528.323181152, 252.058563232, 83.4014892578, 84.9566268921, 44.3465156555, 54.5162658691, 31.8087387085, 31.7675571442, 30.7935676575, 29.1815433502, 29.7256278992, 41.2271881104, 30.9478263855],
        "mean": [-713.011657715, 184.350189209, -50.0157318115, 22.4911727905, -22.2134723663, 1.49280822277, -14.6548471451, -6.98174762726, -6.3247385025, -4.13949394226, -0.375522196293, 4.27944993973, -6.58842325211],
        "median": [-675.582214355, 191.754852295, -65.270866394, 21.1594848633, -24.2531089783, 0.96008682251, -15.3585548401, -6.76263427734, -6.65078735352, -3.75216293335, -0.0754356384277, 2.79060745239, -6.44623947144],
        "min": [-1138.42004395, 1.14440917969e-05, -124.900802612, -36.2425308228, -76.8735656738, -34.5754966736, -63.9757881165, -37.2894287109, -35.8009719849, -39.4761962891, -37.7878952026, -25.4860458374, -34.5991859436],
        "var": [12778.3525391, 1100.13696289, 1740.86340332, 345.42678833, 506.499420166, 167.234970093, 200.841415405, 95.560798645, 98.8522109985, 96.540512085, 83.5061340332, 126.8021698, 69.8609848022],
        "cov": [[12783.2900391, -472.716674805, -4308.61767578, 211.93145752, -1986.24511719, 96.3679275513, -1088.20812988, 51.9835777283, -401.492431641, -13.8925361633, -115.167457581, 429.885253906, -264.291137695], [-472.716674805, 1100.56201172, 151.630706787, -275.431335449, 53.4823951721, -224.932617188, 86.8328704834, -72.9694213867, 54.4927139282, -120.899391174, 5.38581991196, 8.74192428589, 15.6238050461], [-4308.61767578, 151.630706787, 1741.53613281, -10.1819438934, 700.214599609, 32.9235191345, 361.25, 26.2488670349, 133.691177368, 35.9198265076, 27.8493041992, -161.40562439, 86.5217437744], [211.93145752, -275.431335449, -10.1819438934, 345.560241699, 72.237121582, 99.7631759644, -19.4663257599, 5.44168996811, -25.7127819061, 15.8546133041, -16.8747882843, -47.1319084167, -15.233382225], [-1986.24511719, 53.4823951721, 700.214599609, 72.237121582, 506.695129395, 53.2816963196, 190.728027344, 7.18371200562, 31.7852859497, 11.4806842804, 9.60603904724, -107.898681641, 32.4815406799], [96.3679275513, -224.932617188, 32.9235191345, 99.7631759644, 53.2816963196, 167.299591064, 29.0641746521, 42.7296104431, -11.1872148514, 33.0263214111, 4.74183654785, -21.299943924, 0.517855525017], [-1088.20812988, 86.8328704834, 361.25, -19.4663257599, 190.728027344, 29.0641746521, 200.919006348, 27.903093338, 45.3635139465, -2.2269756794, 5.51397609711, -36.7459411621, 24.3942089081], [51.9835777283, -72.9694213867, 26.2488670349, 5.44168996811, 7.18371200562, 42.7296104431, 27.903093338, 95.5977249146, 23.6646900177, 29.681640625, 8.85055923462, 9.09289550781, 8.65488243103], [-401.492431641, 54.4927139282, 133.691177368, -25.7127819061, 31.7852859497, -11.1872148514, 45.3635139465, 23.6646900177, 98.890411377, 26.0923309326, 24.2072086334, 9.2015838623, 14.5368480682], [-13.8925361633, -120.899391174, 35.9198265076, 15.8546133041, 11.4806842804, 33.0263214111, -2.2269756794, 29.681640625, 26.0923309326, 96.5778198242, 36.5807342529, 12.2214078903, 5.25604867935], [-115.167457581, 5.38581991196, 27.8493041992, -16.8747882843, 9.60603904724, 4.74183654785, 5.51397609711, 8.85055923462, 24.2072086334, 36.5807342529, 83.5383987427, 37.7009468079, 11.2187395096], [429.885253906, 8.74192428589, -161.40562439, -47.1319084167, -107.898681641, -21.299943924, -36.7459411621, 9.09289550781, 9.2015838623, 12.2214078903, 37.7009468079, 126.851165771, 6.65243291855], [-264.291137695, 15.6238050461, 86.5217437744, -15.233382225, 32.4815406799, 0.517855525017, 24.3942089081, 8.65488243103, 14.5368480682, 5.25604867935, 11.2187395096, 6.65243291855, 69.8879776001]],
        "icov": [[0.00139996572398, -0.00107726664282, 0.00220359489322, -0.00103235931601, 0.00184678309597, -0.00225905189291, 0.00216534570791, -0.00196192623116, 0.00165346788708, -0.00154072779696, 0.00145325099584, -0.000737668480724, 0.000836363644339], [-0.00107726664282, 0.00259011657909, -0.00154078460764, 0.00163667812012, -0.00182205869351, 0.00332973757759, -0.0022832013201, 0.00193722231779, -0.00207924121059, 0.00300914351828, -0.00182266382035, 0.000762084207963, -0.000583203218412], [0.00220359489322, -0.00154078460764, 0.00511260284111, -0.00127281388268, 0.00113213842269, -0.00315727619454, 0.00246182805859, -0.00286153960042, 0.00149030529428, -0.00264373933896, 0.00224535213783, -0.000532508594915, 0.000642170838546], [-0.00103235931601, 0.00163667812012, -0.00127281388268, 0.00517027266324, -0.00262517947704, 0.000113788453746, -0.000613125681411, 0.00203426298685, -0.00175234593917, 0.00177137670107, -0.000796551350504, 0.00135132134892, -0.000155341738719], [0.00184678309597, -0.00182205869351, 0.00113213842269, -0.00262517947704, 0.00835627596825, -0.00353677314706, 0.000531582278199, -0.00211832812056, 0.00376338930801, -0.00256898882799, 0.000712591223419, 0.000870066520292, 0.000849882897455], [-0.00225905189291, 0.00332973757759, -0.00315727619454, 0.000113788453746, -0.00353677314706, 0.0144203994423, -0.00584680354223, 8.26917239465e-05, -0.000853214471135, 0.00171925721224, -0.0036045529414, 0.00220393179916, -0.00136927631684], [0.00216534570791, -0.0022832013201, 0.00246182805859, -0.000613125681411, 0.000531582278199, -0.00584680354223, 0.0138355242088, -0.00510124536231, 5.58876490686e-05, -0.000474531494547, 0.00272891065106, -0.00124467397109, 0.000820805958938], [-0.00196192623116, 0.00193722231779, -0.00286153960042, 0.00203426298685, -0.00211832812056, 8.26917239465e-05, -0.00510124536231, 0.0169441513717, -0.0050622462295, -0.000477515568491, -0.000682588201016, -0.000129768886836, -0.00198943307623], [0.00165346788708, -0.00207924121059, 0.00149030529428, -0.00175234593917, 0.00376338930801, -0.000853214471135, 5.58876490686e-05, -0.0050622462295, 0.0169694796205, -0.00559366773814, -0.000160150884767, -0.00144395057578, 0.000409453612519], [-0.00154072779696, 0.00300914351828, -0.00264373933896, 0.00177137670107, -0.00256898882799, 0.00171925721224, -0.000474531494547, -0.000477515568491, -0.00559366773814, 0.0188270397484, -0.00793069973588, 0.00128557009157, -0.000535831553861], [0.00145325099584, -0.00182266382035, 0.00224535213783, -0.000796551350504, 0.000712591223419, -0.0036045529414, 0.00272891065106, -0.000682588201016, -0.000160150884767, -0.00793069973588, 0.0196468327194, -0.00645449152216, -0.00013237411622], [-0.000737668480724, 0.000762084207963, -0.000532508594915, 0.00135132134892, 0.000870066520292, 0.00220393179916, -0.00124467397109, -0.000129768886836, -0.00144395057578, 0.00128557009157, -0.00645449152216, 0.0129163321108, -0.00196605897509], [0.000836363644339, -0.000583203218412, 0.000642170838546, -0.000155341738719, 0.000849882897455, -0.00136927631684, 0.000820805958938, -0.00198943307623, 0.000409453612519, -0.000535831553861, -0.00013237411622, -0.00196605897509, 0.0165114887059]]
    }
}

}