{
"metadata": {
    "version": {
        "essentia": "2.0.1",
        "extractor": "archive-music 1.0 mod ismir14"
    },
    "audio_properties": {
        "analysis_sample_rate": 44100,
        "bitrate": 128,
        "channels": 2,
        "equal_loudness": 0,
        "length": 30.0669155121,
        "replay_gain": -8.42338752747,
        "downmix": "mix"
    },
    "tags": {
        "track": 7,
        "year": 0,
        "album": "The Cool Jazz Collection",
        "artist": "Astrud Gilberto",
        "comment": "",
        "genre": "Jazz",
        "title": "Girl From Ipanema"
    }
},
"rhythm": {
    "bpm": 130.002792358,
    "bpm_histogram_first_peak": 129,
    "bpm_histogram_first_peak_spread": 0.490909099579,
    "bpm_histogram_first_peak_weight": 0.444444447756,
    "bpm_histogram_second_peak": 136,
    "bpm_histogram_second_peak_spread": 0.199999988079,
    "bpm_histogram_second_peak_weight": 0.0634920671582
},
"tonal": {
    "tuning_frequency": {
        "dmean": 0.145327538252,
        "dmean2": 0.252589941025,
        "dvar": 1.46878302097,
        "dvar2": 3.11296105385,
        "max": 456.04309082,
        "mean": 440.739074707,
        "median": 442.804626465,
        "min": 434.695007324,
        "var": 7.74717998505
    },
    "hpcp": {
        "dmean": [0.0915946513414, 0.140988007188, 0.116920009255, 0.163861647248, 0.104310117662, 0.0901349410415, 0.120176576078, 0.0440713092685, 0.120900258422, 0.101552598178, 0.121441051364, 0.0955845266581],
        "dmean2": [0.169986888766, 0.240194559097, 0.21914434433, 0.29791033268, 0.185013800859, 0.160134479403, 0.214111804962, 0.0794402137399, 0.211196765304, 0.185974746943, 0.224312663078, 0.170916050673],
        "dvar": [0.050613231957, 0.0637187808752, 0.0693477317691, 0.0869723334908, 0.04831404984, 0.0476211719215, 0.0595066100359, 0.0258646570146, 0.0563420318067, 0.0609175898135, 0.066737242043, 0.0474027022719],
        "dvar2": [0.130625188351, 0.132995426655, 0.191481411457, 0.19187656045, 0.114836834371, 0.124581187963, 0.128885105252, 0.060894254595, 0.124005228281, 0.146679207683, 0.166446745396, 0.107817232609],
        "max": [1, 1, 1, 1, 1, 1, 1, 1, 1, 1, 1, 1],
        "mean": [0.0698664039373, 0.244625359774, 0.0719101130962, 0.263394415379, 0.122450441122, 0.0932618156075, 0.215708076954, 0.0639002770185, 0.162328153849, 0.087421528995, 0.112098373473, 0.139210134745],
        "median": [0.00211084261537, 0.0350842028856, 0.0011241317261, 0.0202829316258, 0.00732065550983, 0.00392469810322, 0.0245658680797, 0.00109278247692, 0.0133722852916, 0.00126800290309, 0.00673124520108, 0.00757661974058],
        "min": [0, 1.89695265362e-06, 1.19768435525e-06, 0, 2.39653240897e-06, 0, 2.242964365e-05, 6.39776226308e-06, 0, 0, 0, 0],
        "var": [0.0419005639851, 0.132191985846, 0.0461595840752, 0.157251909375, 0.070369258523, 0.0584048964083, 0.126697286963, 0.0480890981853, 0.0942180082202, 0.0606685094535, 0.0657871887088, 0.0854533612728]
    }
},
"lowlevel": {
    "melbands": {
        "dmean": [0.000257737003267, 0.000725039280951, 0.000800414476544, 0.000428860163083, 0.000248983415077, 9.52505943133e-05, 5.93419317738e-05, 6.50562433293e-05, 2.50353241427e-05, 1.69441609614e-05, 1.49671022882e-05, 1.44639307109e-05, 3.57311637345e-06, 2.52116842603e-06, 3.76827279069e-06, 2.42683540819e-06, 1.98479483515e-06, 6.78827120737e-07, 6.89682167376e-07, 6.72940188906e-07, 4.16824150307e-07, 5.88709610838e-07, 7.33505032713e-07, 6.49102503303e-07, 2.58835171962e-07, 1.55482538844e-07, 2.00412699769e-07, 3.16189101568e-07, 2.65416929324e-07, 3.54257508661e-07, 6.32175840565e-07, 9.02727776975e-07, 1.18691548323e-06, 6.82935137775e-07, 2.8840904065e-07, 1.48308757275e-07, 8.82926443069e-08, 3.20124868836e-08, 1.05508659587e-08, 1.16268550343e-09],
        "dmean2": [0.000357100536348, 0.00104105775245, 0.00116257485934, 0.000652524875477, 0.000361190730473, 0.000143640660099, 9.12473333301e-05, 9.44686544244e-05, 3.67068205378e-05, 2.28994413192e-05, 2.15615636989e-05, 1.99838650587e-05, 5.23707331013e-06, 3.62484956895e-06, 4.9522336667e-06, 3.37178676091e-06, 2.89053332381e-06, 1.04710056803e-06, 1.0467967968e-06, 1.02496630916e-06, 6.6514661512e-07, 9.31424665396e-07, 1.1214094684e-06, 1.07908863356e-06, 4.18138995428e-07, 2.26328793929e-07, 2.92887904152e-07, 4.65582871811e-07, 4.03212055744e-07, 5.39666473287e-07, 9.1225064125e-07, 1.26968859604e-06, 1.98365933102e-06, 9.19138187783e-07, 3.96470852593e-07, 2.03321363301e-07, 1.16042620846e-07, 4.22225916452e-08, 1.41111460294e-08, 1.62135727066e-09],
        "dvar": [3.86388478546e-07, 1.34968558996e-06, 1.06266804778e-06, 5.18458080023e-07, 1.6682534465e-07, 4.25588595476e-08, 3.67667709611e-08, 3.15156505337e-08, 4.98777152913e-09, 3.62442098556e-09, 1.7071473124e-09, 9.1435135019e-09, 8.17212408855e-11, 3.79800184358e-11, 2.21018772728e-10, 8.39830566202e-11, 9.5589564042e-11, 3.6285596923e-12, 8.43333736178e-12, 1.06493624683e-11, 1.946556848e-12, 2.37217472228e-12, 3.55402578027e-12, 4.48134801836e-12, 6.60343470443e-13, 1.58016205372e-13, 3.70300876551e-13, 1.55086783259e-12, 5.84557955426e-13, 1.99090050002e-12, 6.99685665309e-12, 1.50447779235e-11, 5.50401980937e-11, 1.27514075687e-11, 1.19697708776e-12, 1.79135799618e-13, 5.29489748216e-14, 8.82757578244e-15, 1.30504399063e-15, 2.63494926514e-17],
        "dvar2": [7.37019661301e-07, 2.62807679974e-06, 1.84264365544e-06, 1.04999526229e-06, 3.35769954063e-07, 9.13318629614e-08, 7.85411700122e-08, 6.33302477127e-08, 9.38021305075e-09, 6.62197097157e-09, 2.90185386831e-09, 1.55355159848e-08, 1.59511584497e-10, 7.44568712241e-11, 3.89938914491e-10, 1.83379089691e-10, 2.20586646171e-10, 7.47321302064e-12, 1.84935313591e-11, 1.91199747007e-11, 4.96618631635e-12, 5.99565406004e-12, 8.32590767164e-12, 1.13900486265e-11, 1.6699763317e-12, 3.20342466746e-13, 6.84947595603e-13, 3.24214049705e-12, 1.26218978845e-12, 4.6000920087e-12, 1.52232636219e-11, 2.70379604123e-11, 1.50303686164e-10, 2.05968801043e-11, 1.9209861566e-12, 3.14487531069e-13, 8.67267818975e-14, 1.35164842101e-14, 2.03165871069e-15, 5.31112852073e-17],
        "max": [0.00998380966485, 0.0113293016329, 0.0116580426693, 0.0140558080748, 0.00509017333388, 0.00207694526762, 0.00235268939286, 0.00206098589115, 0.00101955898572, 0.00098930275999, 0.000410117238062, 0.00214921240695, 0.000116223818623, 0.000119839758554, 0.00034399292781, 0.000161193471286, 0.000194424865185, 2.30722998822e-05, 4.174501737e-05, 4.26784463343e-05, 1.82243165909e-05, 1.63462555065e-05, 1.77899528353e-05, 2.57796018559e-05, 1.17487525131e-05, 6.59663601255e-06, 1.03116553873e-05, 2.39824057644e-05, 8.43793077365e-06, 2.29530451179e-05, 3.86133651773e-05, 5.9996618802e-05, 0.000119625976367, 8.30983553897e-05, 1.9775592591e-05, 5.09176288688e-06, 2.75491720458e-06, 1.56220983172e-06, 5.44402212199e-07, 9.32159736067e-08],
        "mean": [0.000454367807833, 0.00156566267833, 0.00200112652965, 0.000755492248572, 0.000556767627131, 0.000167067832081, 6.81791643729e-05, 7.84665826359e-05, 3.21164770867e-05, 2.20353667828e-05, 2.07521952689e-05, 2.15154122998e-05, 4.69282394988e-06, 3.15829629471e-06, 5.03804494656e-06, 2.86886870526e-06, 2.04261641557e-06, 8.16520412172e-07, 7.91614240825e-07, 8.10635754078e-07, 4.2767211994e-07, 6.59808165437e-07, 7.77545494657e-07, 6.18263470642e-07, 2.64382123305e-07, 1.83058020298e-07, 2.43198371663e-07, 3.22617182746e-07, 2.73388138794e-07, 3.38764778007e-07, 6.12476981132e-07, 9.83928202913e-07, 1.07604603272e-06, 7.21999413145e-07, 3.24444869193e-07, 1.75573362071e-07, 1.00534620628e-07, 3.73091424422e-08, 1.19129319742e-08, 1.17561560486e-09],
        "median": [0.000119006443128, 0.000724782294128, 0.000833559839521, 0.000355392170604, 0.000184187607374, 6.18544218014e-05, 1.78215032065e-05, 1.4284009012e-05, 5.021447123e-06, 2.05374044526e-06, 1.88525643807e-06, 2.01115562959e-06, 8.70102496719e-07, 1.03287334241e-06, 8.61749526848e-07, 3.02208519543e-07, 2.04420089744e-07, 1.4251735081e-07, 7.08166894015e-08, 6.34101837704e-08, 6.33882564216e-08, 1.17646251852e-07, 9.87293731214e-08, 6.68754651656e-08, 4.38216609666e-08, 3.67657229106e-08, 4.87593219134e-08, 5.03485644288e-08, 2.75470153355e-08, 3.57599923007e-08, 3.81631899415e-08, 2.59531347524e-08, 3.42472681325e-08, 2.45619720118e-08, 2.12868958016e-08, 1.67010600904e-08, 1.1305730574e-08, 4.59715288059e-09, 1.30800803522e-09, 9.76194194924e-11],
        "min": [3.34879485253e-11, 6.1346462632e-11, 1.02167566074e-10, 6.42774444781e-11, 4.59670357333e-11, 1.76442489092e-11, 1.72720848041e-11, 5.87680876185e-11, 5.46159194259e-11, 5.42598500852e-11, 1.70489126289e-11, 3.93117205455e-11, 2.95512642134e-11, 3.64234475914e-11, 1.06103459352e-11, 2.57211331227e-12, 6.34808915503e-12, 2.23524085526e-12, 6.80222284749e-12, 5.27588649851e-12, 2.77151977583e-12, 1.88884021271e-12, 7.17895740684e-13, 1.11995959381e-12, 9.7036853379e-13, 2.52810597977e-12, 3.76847988579e-12, 3.37144505022e-12, 3.50800421697e-12, 4.39042595682e-12, 6.46280468378e-12, 6.61486664055e-12, 9.82540351163e-12, 3.36309062196e-12, 5.14756119674e-12, 1.71162606658e-12, 3.13474962134e-12, 1.47639680429e-12, 7.18162779679e-13, 2.31469547305e-13],
        "var": [1.12994257506e-06, 3.57074213753e-06, 6.83357347953e-06, 1.85513272299e-06, 7.30509100322e-07, 8.26880608429e-08, 4.52362236558e-08, 4.45233041546e-08, 8.38179037288e-09, 6.53636345049e-09, 3.19872572874e-09, 1.81786337095e-08, 1.53682816473e-10, 5.64308114126e-11, 4.49535131342e-10, 1.14455514511e-10, 1.00264213598e-10, 4.80919557649e-12, 1.15941605275e-11, 1.46977482268e-11, 1.68318690149e-12, 2.38092748642e-12, 3.96013994167e-12, 3.91481898981e-12, 6.12694628106e-13, 2.20949669151e-13, 5.41914549259e-13, 1.74196572965e-12, 6.6757363526e-13, 2.01380969192e-12, 8.0095556923e-12, 2.08941110941e-11, 4.05155908823e-11, 1.99568573472e-11, 1.90264275689e-12, 2.78532812049e-13, 8.85023459141e-14, 1.48479827337e-14, 2.14611382593e-15, 3.11737870004e-17]
    },
    "mfcc": {
        "dmean": [38.7923736572, 24.6033210754, 14.3437452316, 11.9335775375, 8.97047328949, 10.3370342255, 8.65848827362, 7.16856098175, 7.03048229218, 7.59773397446, 6.43816518784, 6.07946157455, 5.52165937424],
        "dmean2": [49.9084625244, 33.8679885864, 19.8798885345, 17.0746707916, 12.7002153397, 14.831993103, 12.6981754303, 10.6723642349, 10.6688213348, 11.0318775177, 9.61300468445, 9.25825786591, 8.43863773346],
        "dvar": [1335.09277344, 700.647338867, 187.775421143, 119.986488342, 62.8653678894, 96.8293151855, 58.1846923828, 37.4044914246, 34.2651481628, 44.6704826355, 28.43009758, 26.1410369873, 22.3605747223],
        "dvar2": [2084.80688477, 1036.06274414, 348.036743164, 219.436752319, 136.022659302, 156.242874146, 123.739677429, 83.1850585938, 67.3407363892, 86.959564209, 58.7945976257, 54.7755393982, 46.4944114685],
        "max": [-646.957092285, 250.409942627, 116.738037109, 118.656021118, 42.0606575012, 75.9166564941, 34.7117233276, 42.2019195557, 22.0849571228, 36.3405265808, 26.5590744019, 40.4878921509, 17.7346954346],
        "mean": [-813.770629883, 169.368560791, 49.4837684631, 42.8415145874, -2.26043629646, 17.8310489655, -5.69111299515, 10.2498035431, -11.8167181015, -5.90424728394, -8.94355106354, 2.24350476265, -8.64710044861],
        "median": [-805.899658203, 177.855072021, 49.2919502258, 40.6626396179, -0.549072265625, 18.4817390442, -3.94180297852, 10.1004276276, -11.6433467865, -4.4326171875, -8.71304130554, 1.84449386597, -7.75735855103],
        "min": [-1138.42004395, -10.4486656189, -34.7909049988, -18.0104026794, -45.9121704102, -39.8744926453, -56.6111717224, -28.1742019653, -42.5462417603, -46.5104827881, -48.5196495056, -27.850063324, -39.4636116028],
        "var": [4915.64306641, 2068.99951172, 707.411437988, 558.985412598, 235.746994019, 317.316040039, 224.802047729, 134.579742432, 109.51096344, 209.86416626, 137.71647644, 119.831588745, 87.4169158936],
        "cov": [[4923.22900391, -95.0931930542, -711.022338867, 175.332366943, -363.110015869, 53.9316520691, -443.483978271, 242.040237427, -211.216369629, 283.838989258, -71.872505188, 96.1947860718, -273.825042725], [-95.0931930542, 2072.19262695, -257.031066895, -385.481994629, 186.234207153, -340.99822998, 136.730270386, 19.1951351166, -25.9544487, -218.221481323, 43.5745544434, -45.7570724487, -26.2670326233], [-711.022338867, -257.031066895, 708.503112793, 126.778388977, -65.9042434692, 200.396820068, 47.1324539185, -46.5392799377, 18.0369949341, -85.0347824097, 18.4463348389, -18.434720993, 70.6397628784], [175.332366943, -385.481994629, 126.778388977, 559.848022461, 84.4833526611, -71.925163269, -96.2819824219, 42.2432022095, -19.3912734985, -70.8583755493, -19.6000652313, -33.5650062561, 36.2604217529], [-363.110015869, 186.234207153, -65.9042434692, 84.4833526611, 236.110794067, -66.7313613892, 16.7840270996, -4.14464092255, 29.4256153107, -40.2257041931, -12.9434757233, 11.5197515488, 12.2087106705], [53.9316520691, -340.99822998, 200.396820068, -71.925163269, -66.7313613892, 317.805725098, 41.6557044983, -9.50436973572, 31.550037384, 85.2042312622, 34.5199966431, 28.8093948364, 15.1047182083], [-443.483978271, 136.730270386, 47.1324539185, -96.2819824219, 16.7840270996, 41.6557044983, 225.148971558, 19.0753574371, 24.8438777924, -0.570096969604, 23.8586711884, 12.2925634384, 28.4481430054], [242.040237427, 19.1951351166, -46.5392799377, 42.2432022095, -4.14464092255, -9.50436973572, 19.0753574371, 134.78742981, 19.8090286255, -2.47756528854, 25.2227535248, -6.4013543129, -4.91673088074], [-211.216369629, -25.9544487, 18.0369949341, -19.3912734985, 29.4256153107, 31.550037384, 24.8438777924, 19.8090286255, 109.679962158, 49.5619888306, 19.903137207, -14.9220409393, 16.5645866394], [283.838989258, -218.221481323, -85.0347824097, -70.8583755493, -40.2257041931, 85.2042312622, -0.570096969604, -2.47756528854, 49.5619888306, 210.188034058, 12.691734314, 24.2439746857, -26.5450458527], [-71.872505188, 43.5745544434, 18.4463348389, -19.6000652313, -12.9434757233, 34.5199966431, 23.8586711884, 25.2227535248, 19.903137207, 12.691734314, 137.929000854, -11.8716430664, 19.4163208008], [96.1947860718, -45.7570724487, -18.434720993, -33.5650062561, 11.5197515488, 28.8093948364, 12.2925634384, -6.4013543129, -14.9220409393, 24.2439746857, -11.8716430664, 120.016517639, -1.37882888317], [-273.825042725, -26.2670326233, 70.6397628784, 36.2604217529, 12.2087106705, 15.1047182083, 28.4481430054, -4.91673088074, 16.5645866394, -26.5450458527, 19.4163208008, -1.37882888317, 87.5518188477]],
        "icov": [[0.000998896663077, -0.000764307565987, 0.00111347809434, -0.00145562901162, 0.00200303923339, -0.00170668121427, 0.00153552228585, -0.00145653588697, 0.00128363841213, -0.0012075350387, 0.000697138195392, -0.000858709216118, 0.00125658267643], [-0.000764307565987, 0.00164598482661, -0.000984291080385, 0.0022254253272, -0.00245335092768, 0.00238962750882, -0.00144665525295, 0.00075148709584, -0.00068810157245, 0.00168021779973, -0.00105559139047, 0.00102412572596, -0.000692180998158], [0.00111347809434, -0.000984291080385, 0.00399171048775, -0.00279381126165, 0.0035347614903, -0.00401952909306, 0.00109000620432, -9.72345224e-05, 2.94868332276e-05, 0.000626473280136, 0.000850059557706, -0.000955128460191, 0.00094534480013], [-0.00145562901162, 0.0022254253272, -0.00279381126165, 0.00611475436017, -0.00532816397026, 0.00436532031745, -0.00103254953865, -5.90702893533e-06, -0.000220103916945, 0.00190212135203, -0.00116495380644, 0.00230468763039, -0.00292522623204], [0.00200303923339, -0.00245335092768, 0.0035347614903, -0.00532816397026, 0.0109420223162, -0.00407232204452, 0.00219637504779, -0.000907306675799, -0.00116178765893, -0.000970145338215, 0.00198842375539, -0.00355456816033, 0.00272420700639], [-0.00170668121427, 0.00238962750882, -0.00401952909306, 0.00436532031745, -0.00407232204452, 0.00952725484967, -0.00301608000882, 0.00160476530436, -0.00172061705962, 0.000163654302014, -0.0023968371097, 0.00087068520952, -0.0022709548939], [0.00153552228585, -0.00144665525295, 0.00109000620432, -0.00103254953865, 0.00219637504779, -0.00301608000882, 0.00815171562135, -0.00373830646276, 0.0019497401081, -0.00219148816541, 0.000978656113148, -0.00164291157853, -4.20614060204e-06], [-0.00145653588697, 0.00075148709584, -9.72345224e-05, -5.90702893533e-06, -0.000907306675799, 0.00160476530436, -0.00373830646276, 0.0118120564148, -0.00506354589015, 0.00328497868031, -0.0025029995013, 0.000611371011473, -2.67595601144e-06], [0.00128363841213, -0.00068810157245, 2.94868332276e-05, -0.000220103916945, -0.00116178765893, -0.00172061705962, 0.0019497401081, -0.00506354589015, 0.0159393958747, -0.0063020111993, 0.000433815439465, 0.00198619673029, -0.00157477380708], [-0.0012075350387, 0.00168021779973, 0.000626473280136, 0.00190212135203, -0.000970145338215, 0.000163654302014, -0.00219148816541, 0.00328497868031, -0.0063020111993, 0.0105832759291, -0.00159082002938, -0.000375013536541, 0.00118578097317], [0.000697138195392, -0.00105559139047, 0.000850059557706, -0.00116495380644, 0.00198842375539, -0.0023968371097, 0.000978656113148, -0.0025029995013, 0.000433815439465, -0.00159082002938, 0.00901977065951, 0.000247750867857, -0.00122285541147], [-0.000858709216118, 0.00102412572596, -0.000955128460191, 0.00230468763039, -0.00355456816033, 0.00087068520952, -0.00164291157853, 0.000611371011473, 0.00198619673029, -0.000375013536541, 0.000247750867857, 0.0105657400563, -0.00202671531588], [0.00125658267643, -0.000692180998158, 0.00094534480013, -0.00292522623204, 0.00272420700639, -0.0022709548939, -4.20614060204e-06, -2.67595601144e-06, -0.00157477380708, 0.00118578097317, -0.00122285541147, -0.00202671531588, 0.0165028423071]]
    }
}

}