{
"metadata": {
    "version": {
        "essentia": "2.0.1",
        "extractor": "archive-music 1.0 mod ismir14"
    },
    "audio_properties": {
        "analysis_sample_rate": 44100,
        "bitrate": 32,
        "channels": 2,
        "equal_loudness": 0,
        "length": 30.0408172607,
        "replay_gain": -10.0199260712,
        "downmix": "mix"
    },
    "tags": {
        "track": 0,
        "year": 0,
        "album": "",
        "artist": "",
        "comment": "",
        "genre": "",
        "title": ""
    }
},
"rhythm": {
    "bpm": 172.265594482,
    "bpm_histogram_first_peak": 172,
    "bpm_histogram_first_peak_spread": 0,
    "bpm_histogram_first_peak_weight": 0.529411792755,
    "bpm_histogram_second_peak": 178,
    "bpm_histogram_second_peak_spread": 0,
    "bpm_histogram_second_peak_weight": 0.282352954149
},
"tonal": {
    "tuning_frequency": {
        "dmean": 0.0902734622359,
        "dmean2": 0.179319813848,
        "dvar": 1.77260279655,
        "dvar2": 3.5278775692,
        "max": 455.779724121,
        "mean": 441.294281006,
        "median": 432.940917969,
        "min": 431.443084717,
        "var": 116.542549133
    },
    "hpcp": {
        "dmean": [0.121662132442, 0.120673805475, 0.166009142995, 0.131841957569, 0.0824223533273, 0.0748820751905, 0.0942792966962, 0.0931106358767, 0.105792440474, 0.0951260402799, 0.112469777465, 0.0831472501159],
        "dmean2": [0.227421760559, 0.224066570401, 0.307686060667, 0.243293732405, 0.156180292368, 0.141031473875, 0.175934121013, 0.176352217793, 0.201847985387, 0.173085257411, 0.202405065298, 0.154402196407],
        "dvar": [0.0725843980908, 0.0688177570701, 0.0883757248521, 0.0728324949741, 0.0487944036722, 0.0432447753847, 0.0619519986212, 0.0593522153795, 0.0676963180304, 0.0509871244431, 0.056740667671, 0.043278336525],
        "dvar2": [0.19965043664, 0.18394741416, 0.240158766508, 0.197258099914, 0.138239055872, 0.118682987988, 0.169871091843, 0.158014073968, 0.195068776608, 0.142934292555, 0.148688882589, 0.120650425553],
        "max": [1, 1, 1, 1, 1, 1, 1, 1, 1, 1, 1, 1],
        "mean": [0.118690997362, 0.137142241001, 0.150910153985, 0.296549141407, 0.0597830116749, 0.086673848331, 0.127371430397, 0.120456591249, 0.0808302462101, 0.0915845632553, 0.242425560951, 0.0707184672356],
        "median": [0.00816258229315, 0.00760769005865, 0.0189487878233, 0.0198117177933, 0.000854287180118, 0.00561162363738, 0.000407504732721, 0.00238259881735, 0.00140406342689, 0.00212416285649, 0.0262300726026, 0.00267128902487],
        "min": [0, 0, 0, 0, 0, 0, 0, 0, 0, 0, 0, 0],
        "var": [0.0720529481769, 0.0844591632485, 0.0821156725287, 0.174988090992, 0.037606600672, 0.0549365915358, 0.0952250808477, 0.0865778848529, 0.0561990737915, 0.0544117614627, 0.140577077866, 0.0385011658072]
    }
},
"lowlevel": {
    "melbands": {
        "dmean": [8.76280864759e-06, 0.000148307415657, 0.000384254963137, 0.00135536363814, 0.00154216110241, 0.000825541908853, 0.000274440913927, 0.000215073785512, 0.000115820752399, 7.84321091487e-05, 5.0494018069e-05, 3.83293736377e-05, 5.29390345037e-05, 2.69351148745e-05, 2.57137653534e-05, 2.00591257453e-05, 3.65353953384e-05, 2.13705516217e-05, 2.34498729696e-05, 7.04780313754e-06, 1.01668119896e-05, 9.15428427106e-06, 5.61706247026e-06, 6.73843987897e-06, 1.44067053043e-05, 1.37956731123e-05, 5.10484323968e-06, 2.87200737148e-06, 7.94518825842e-07, 5.35065623808e-07, 2.28323571605e-07, 3.80474887152e-08, 6.34027230717e-09, 1.6770596023e-09, 7.81297304631e-10, 4.10611988855e-10, 2.60921950712e-10, 1.72077990745e-10, 1.37927350097e-10, 1.14357863457e-10],
        "dmean2": [1.38212444654e-05, 0.000238086751779, 0.000667841988616, 0.0021123518236, 0.00239434838295, 0.00127541518304, 0.000395880604628, 0.000322701031109, 0.000155583809828, 9.5591043646e-05, 5.94285083935e-05, 4.76493696624e-05, 6.02816726314e-05, 3.18010970659e-05, 3.24938700942e-05, 2.80502717942e-05, 4.80725429952e-05, 3.02267744701e-05, 3.42345774698e-05, 1.02176836663e-05, 1.5757725123e-05, 1.31874603539e-05, 7.63246134738e-06, 9.33823594096e-06, 1.93391115317e-05, 1.78465670615e-05, 7.29704515834e-06, 4.30274349128e-06, 1.14476756607e-06, 7.92783566794e-07, 3.46351555436e-07, 5.65609425962e-08, 9.18138720607e-09, 2.52370502274e-09, 1.23850263378e-09, 6.66367128144e-10, 4.56392312831e-10, 3.19129028759e-10, 2.61969973492e-10, 2.19156290338e-10],
        "dvar": [2.45309356162e-10, 5.48435536984e-08, 7.26760504222e-07, 8.09607627161e-06, 9.42594397202e-06, 2.34913113673e-06, 3.14001169954e-07, 2.9279493674e-07, 1.97429045556e-07, 1.46496120124e-07, 4.43541416928e-08, 3.09149292832e-08, 5.3177629411e-08, 1.15878400209e-08, 2.24865388532e-08, 3.32570482264e-09, 1.36050655186e-08, 2.87638668439e-09, 3.33976268863e-09, 2.77048606279e-10, 9.32412591581e-10, 7.00888402871e-10, 3.37774724857e-10, 3.35105443394e-10, 2.22132001682e-09, 2.16448436952e-09, 3.0780755722e-10, 1.29987673403e-10, 9.46100489618e-12, 1.35126475981e-11, 2.46846857191e-12, 5.23146420118e-14, 3.0130598825e-15, 8.16148206938e-17, 2.20092544706e-17, 1.05664820725e-17, 9.81896474325e-18, 7.48752723545e-18, 6.53107649113e-18, 4.87012180936e-18],
        "dvar2": [6.2848276583e-10, 1.37882480544e-07, 2.30917748922e-06, 2.11388833122e-05, 2.47483512794e-05, 5.96623794991e-06, 5.46748026409e-07, 5.53710606255e-07, 3.41493745282e-07, 2.71907794058e-07, 6.87188830284e-08, 5.22757517274e-08, 6.52417142533e-08, 1.77172019278e-08, 4.26599910952e-08, 6.14898842954e-09, 2.37063684239e-08, 5.95627813738e-09, 6.98623958684e-09, 6.05639871587e-10, 2.2958763779e-09, 1.61716173785e-09, 5.63889490657e-10, 6.44462261334e-10, 3.99898958392e-09, 4.41636771598e-09, 7.29641402852e-10, 3.1977573367e-10, 1.90799095273e-11, 2.85441201925e-11, 6.21679357299e-12, 1.21619660415e-13, 7.16807222031e-15, 1.79839388383e-16, 6.09971123154e-17, 3.04198714291e-17, 2.92125880902e-17, 2.24274290119e-17, 1.95003461896e-17, 1.45037782431e-17],
        "max": [0.00029897474451, 0.00800888799131, 0.0167728736997, 0.106531098485, 0.0816710814834, 0.0187426768243, 0.0101994182914, 0.0122795812786, 0.0132019119337, 0.0107616111636, 0.00815147068352, 0.00502745481208, 0.00716576725245, 0.00369771011174, 0.00550319673494, 0.00190610100981, 0.00539275119081, 0.000982364523225, 0.00203963113017, 0.000399352662498, 0.000513433828019, 0.000561707187444, 0.000424780533649, 0.000469211488962, 0.00186731317081, 0.00147237477358, 0.000481741852127, 0.000227298325626, 0.000101484947663, 0.000154840163304, 6.57422351651e-05, 8.44876831252e-06, 2.73600676337e-06, 2.57254527014e-07, 1.30047283164e-07, 1.07167387853e-07, 1.03812297425e-07, 8.84869777451e-08, 8.28826358656e-08, 6.94183910355e-08],
        "mean": [1.20270897241e-05, 0.000256299303146, 0.000603467808105, 0.0032407832332, 0.00361532950774, 0.00177202525083, 0.000705199898221, 0.000559500884265, 0.000296153273666, 0.000177861613338, 0.000161968637258, 9.36368887778e-05, 0.000151672691572, 6.4837942773e-05, 4.9697348004e-05, 4.27173799835e-05, 8.14010199974e-05, 4.20083306381e-05, 5.42146190128e-05, 1.59192259162e-05, 1.84114578587e-05, 1.62000760611e-05, 1.05441567939e-05, 1.41781256389e-05, 3.04797358694e-05, 3.26856861648e-05, 9.30224359763e-06, 4.52966332887e-06, 1.57195563588e-06, 9.48837396209e-07, 3.74590058527e-07, 6.48234816936e-08, 1.07033280017e-08, 3.02709812772e-09, 1.33594180163e-09, 6.69313715562e-10, 3.67327501749e-10, 2.03732211657e-10, 1.35192579354e-10, 9.87673415276e-11],
        "median": [5.75165950067e-06, 0.000118209238281, 0.000236503459746, 0.00107472506352, 0.00151427043602, 0.000851747929119, 0.000287985894829, 0.000146242717165, 6.19620113866e-05, 1.35368009069e-05, 1.08801796159e-05, 5.97440885031e-06, 8.47861247166e-06, 7.79562287789e-06, 6.36425374978e-06, 7.3563010119e-06, 1.47840355567e-05, 1.07173373181e-05, 1.38037476063e-05, 4.0832378545e-06, 4.48841728939e-06, 3.63639696843e-06, 1.63560036981e-06, 2.44793318416e-06, 4.87082797918e-06, 4.11923201682e-06, 1.42830094774e-06, 4.38658162238e-07, 1.12204809e-07, 4.43816148277e-08, 1.46117784539e-08, 3.68876795775e-09, 1.54218404713e-09, 8.25935653204e-10, 5.18495524293e-10, 2.75746425693e-10, 1.64795094237e-10, 1.04216663077e-10, 6.45067818605e-11, 4.24993859549e-11],
        "min": [2.32318423396e-13, 8.71412100464e-13, 6.38575672375e-13, 6.63708617146e-13, 3.31131118619e-13, 1.33593873811e-13, 6.94444976241e-14, 7.19961064507e-14, 1.87306631793e-13, 7.33636350454e-13, 2.05120230697e-12, 2.24451989113e-12, 1.23300501753e-12, 7.69300747237e-13, 6.74082838159e-12, 8.65950540441e-12, 1.44554669883e-12, 2.91817329849e-12, 1.41952630206e-11, 2.90850312584e-11, 1.82587365366e-11, 3.1974722349e-12, 1.46559448605e-11, 8.14577572061e-12, 2.01196906358e-11, 4.83251459682e-11, 6.90338324699e-12, 8.15304768143e-12, 1.37586112208e-12, 4.15301256926e-13, 1.66623279844e-13, 3.01521259133e-13, 4.98206293928e-12, 3.94592821959e-12, 5.35415722175e-12, 9.24927018656e-13, 1.36819158433e-13, 1.31430754951e-13, 8.97653425116e-13, 5.3207872136e-13],
        "var": [5.01108377016e-10, 3.56078146524e-07, 1.37522624755e-06, 4.65361408715e-05, 2.92048680421e-05, 5.38720769327e-06, 1.20221488942e-06, 1.32828529331e-06, 8.89401803761e-07, 3.72813786953e-07, 3.12643578582e-07, 1.49872505517e-07, 3.64375921436e-07, 5.6684815064e-08, 5.37107744947e-08, 1.35765523268e-08, 1.02350789177e-07, 8.41572500576e-09, 1.42497631472e-08, 9.47667944118e-10, 1.62298730011e-09, 1.47494461089e-09, 9.27013188434e-10, 1.30245669805e-09, 8.53810888657e-09, 1.06570867686e-08, 6.05935079889e-10, 2.23228324714e-10, 3.68505642667e-11, 3.59699839358e-11, 6.77515075292e-12, 1.24190439291e-13, 8.02841713737e-15, 2.12538976198e-16, 2.21889809654e-17, 7.73400224257e-18, 5.40138186649e-18, 3.78348855305e-18, 3.31563954129e-18, 2.48869963829e-18]
    },
    "mfcc": {
        "dmean": [16.9698104858, 8.13113594055, 11.5863819122, 8.302277565, 7.76369285583, 6.82667970657, 6.54974269867, 6.68193817139, 6.21631813049, 6.00828742981, 5.96134090424, 5.7450170517, 5.42892456055],
        "dmean2": [19.9917602539, 11.9190883636, 15.5404634476, 11.5400829315, 11.2069597244, 10.2651548386, 10.1912269592, 10.0056753159, 9.65462779999, 9.34810638428, 9.14692115784, 8.923869133, 8.58017253876],
        "dvar": [623.250061035, 62.6387786865, 203.270629883, 54.7321281433, 42.9529876709, 35.7625923157, 29.2832508087, 33.7720413208, 25.9925174713, 25.1291027069, 24.3829727173, 21.8063182831, 20.2259426117],
        "dvar2": [824.081542969, 105.362808228, 298.749725342, 96.0295257568, 88.4921188354, 75.3449554443, 72.1625289917, 70.9056243896, 60.3568305969, 59.3467025757, 54.9046363831, 51.5663032532, 48.8330459595],
        "max": [-607.295593262, 289.507263184, 112.235595703, 147.352844238, 65.903213501, 43.5053253174, 46.7633590698, 24.4457187653, 19.2477455139, 33.6164855957, 20.0302696228, 21.0487232208, 29.2010307312],
        "mean": [-751.983947754, 219.70451355, -49.6504821777, 40.9941139221, 5.83195018768, -25.6808280945, -5.69440031052, -33.0523338318, -24.4578342438, -7.17194986343, -11.1768665314, -14.4040641785, -7.41650676727],
        "median": [-740.645935059, 221.670043945, -58.3551750183, 40.5473060608, 8.88941955566, -25.8504600525, -5.16772079468, -35.1784973145, -24.6876983643, -6.54421234131, -9.84762001038, -14.1232528687, -7.19776535034],
        "min": [-1138.42004395, 1.14440917969e-05, -135.402587891, -33.2234573364, -73.373878479, -84.8118896484, -43.0536727905, -76.0047149658, -62.5052566528, -67.2873535156, -69.9895629883, -56.6119041443, -41.526714325],
        "var": [5111.16894531, 729.369384766, 2099.80566406, 715.18170166, 538.220947266, 353.190887451, 145.845001221, 270.802062988, 139.180999756, 204.040802002, 152.965560913, 110.897186279, 112.894592285],
        "cov": [[5113.14404297, -36.6190452576, -2970.13183594, 947.74987793, -889.366027832, -634.538085938, 216.277359009, -283.066467285, 4.12907552719, -189.681915283, -57.4018135071, -9.26166534424, -136.005706787], [-36.6190452576, 729.651245117, 338.584655762, -417.727386475, 83.1470413208, -109.754928589, -47.3045501709, 142.978652954, -40.4056625366, -30.5527648926, -29.0015296936, -25.3692016602, -24.7284545898], [-2970.13183594, 338.584655762, 2100.6171875, -609.333312988, 458.154998779, 377.440216064, -166.324676514, 202.975494385, -1.0526638031, 61.4190673828, 21.3403968811, -5.62114143372, 42.731388092], [947.74987793, -417.727386475, -609.333312988, 715.458068848, -62.7619552612, -60.7656173706, 52.6749305725, -241.426101685, -5.95779561996, 7.65936851501, -34.1884918213, -0.050349522382, -10.8042373657], [-889.366027832, 83.1470413208, 458.154998779, -62.7619552612, 538.428894043, 194.929885864, -80.8317184448, -33.8648834229, -62.4779319763, 128.893447876, 18.1423511505, -20.4263744354, 62.2267074585], [-634.538085938, -109.754928589, 377.440216064, -60.7656173706, 194.929885864, 353.327362061, -1.06325435638, -52.1114082336, 19.0918178558, 68.7878494263, 67.8421707153, 22.8067092896, 37.2138557434], [216.277359009, -47.3045501709, -166.324676514, 52.6749305725, -80.8317184448, -1.06325435638, 145.901367188, 26.3611831665, -11.9170885086, 1.02898156643, 1.45199525356, 16.2104701996, 5.2924618721], [-283.066467285, 142.978652954, 202.975494385, -241.426101685, -33.8648834229, -52.1114082336, 26.3611831665, 270.906707764, 57.3787727356, -82.0631790161, 0.55369335413, 3.25218939781, -13.6600427628], [4.12907552719, -40.4056625366, -1.0526638031, -5.95779561996, -62.4779319763, 19.0918178558, -11.9170885086, 57.3787727356, 139.234771729, -11.5346984863, -21.0212459564, 16.2379455566, -7.80799245834], [-189.681915283, -30.5527648926, 61.4190673828, 7.65936851501, 128.893447876, 68.7878494263, 1.02898156643, -82.0631790161, -11.5346984863, 204.119644165, 70.0561752319, -29.1937179565, 44.2597885132], [-57.4018135071, -29.0015296936, 21.3403968811, -34.1884918213, 18.1423511505, 67.8421707153, 1.45199525356, 0.55369335413, -21.0212459564, 70.0561752319, 153.024673462, 34.7440452576, -0.552502095699], [-9.26166534424, -25.3692016602, -5.62114143372, -0.050349522382, -20.4263744354, 22.8067092896, 16.2104701996, 3.25218939781, 16.2379455566, -29.1937179565, 34.7440452576, 110.940032959, 32.5490570068], [-136.005706787, -24.7284545898, 42.731388092, -10.8042373657, 62.2267074585, 37.2138557434, 5.2924618721, -13.6600427628, -7.80799245834, 44.2597885132, -0.552502095699, 32.5490570068, 112.938209534]],
        "icov": [[0.0253158546984, -0.0343238674104, 0.0346821881831, -0.032237097621, 0.0310665108263, -0.0283170808107, 0.0256027784199, -0.022159004584, 0.0186090283096, -0.0140570290387, 0.0100773917511, -0.00621777120978, 0.00373519468121], [-0.0343238674104, 0.0493166483939, -0.0472819022834, 0.045709643513, -0.043340947479, 0.040592353791, -0.0358723402023, 0.0314428247511, -0.0258904900402, 0.0202111937106, -0.0142132714391, 0.00895461067557, -0.00464609265327], [0.0346821881831, -0.0472819022834, 0.0486938022077, -0.0442101210356, 0.0429255068302, -0.0407928936183, 0.0372065342963, -0.032573364675, 0.0273192599416, -0.0210698228329, 0.0158097185194, -0.00989998783916, 0.00594361964613], [-0.032237097621, 0.045709643513, -0.0442101210356, 0.0458014942706, -0.0420455448329, 0.0396706797183, -0.0367646887898, 0.03431282565, -0.0278104674071, 0.0221276823431, -0.0157464127988, 0.0104241929948, -0.00541225913912], [0.0310665108263, -0.043340947479, 0.0429255068302, -0.0420455448329, 0.0441064573824, -0.0401506386697, 0.0376988090575, -0.0334928445518, 0.0297681055963, -0.0244573503733, 0.0183251779526, -0.0115563441068, 0.0058318413794], [-0.0283170808107, 0.040592353791, -0.0407928936183, 0.0396706797183, -0.0401506386697, 0.0430890135467, -0.0376493074, 0.0353680849075, -0.03078006953, 0.0247952770442, -0.0210414342582, 0.0129625154659, -0.00770099554211], [0.0256027784199, -0.0358723402023, 0.0372065342963, -0.0367646887898, 0.0376988090575, -0.0376493074, 0.044067658484, -0.036001201719, 0.0315056741238, -0.026714567095, 0.021456098184, -0.0155595010146, 0.00783466082066], [-0.022159004584, 0.0314428247511, -0.032573364675, 0.03431282565, -0.0334928445518, 0.0353680849075, -0.036001201719, 0.0397417284548, -0.0318025350571, 0.0282505881041, -0.022662319243, 0.0161729045212, -0.00894141104072], [0.0186090283096, -0.0258904900402, 0.0273192599416, -0.0278104674071, 0.0297681055963, -0.03078006953, 0.0315056741238, -0.0318025350571, 0.0351471118629, -0.0249473955482, 0.0219230819494, -0.016108289361, 0.00911795720458], [-0.0140570290387, 0.0202111937106, -0.0210698228329, 0.0221276823431, -0.0244573503733, 0.0247952770442, -0.026714567095, 0.0282505881041, -0.0249473955482, 0.03054686822, -0.0230765901506, 0.0181506164372, -0.0114796292037], [0.0100773917511, -0.0142132714391, 0.0158097185194, -0.0157464127988, 0.0183251779526, -0.0210414342582, 0.021456098184, -0.022662319243, 0.0219230819494, -0.0230765901506, 0.0263879764825, -0.0169215220958, 0.0101905660704], [-0.00621777120978, 0.00895461067557, -0.00989998783916, 0.0104241929948, -0.0115563441068, 0.0129625154659, -0.0155595010146, 0.0161729045212, -0.016108289361, 0.0181506164372, -0.0169215220958, 0.022667882964, -0.01084520109], [0.00373519468121, -0.00464609265327, 0.00594361964613, -0.00541225913912, 0.0058318413794, -0.00770099554211, 0.00783466082066, -0.00894141104072, 0.00911795720458, -0.0114796292037, 0.0101905660704, -0.01084520109, 0.0157489273697]]
    }
}

}