{
"metadata": {
    "version": {
        "essentia": "2.0.1",
        "extractor": "archive-music 1.0 mod ismir14"
    },
    "audio_properties": {
        "analysis_sample_rate": 44100,
        "bitrate": 32,
        "channels": 2,
        "equal_loudness": 0,
        "length": 30.0408172607,
        "replay_gain": -14.8404006958,
        "downmix": "mix"
    },
    "tags": {
        "track": 0,
        "year": 0,
        "album": "",
        "artist": "",
        "comment": "",
        "genre": "",
        "title": ""
    }
},
"rhythm": {
    "bpm": 109.314041138,
    "bpm_histogram_first_peak": 110,
    "bpm_histogram_first_peak_spread": 0.396226406097,
    "bpm_histogram_first_peak_weight": 0.603773593903,
    "bpm_histogram_second_peak": 0,
    "bpm_histogram_second_peak_spread": 0,
    "bpm_histogram_second_peak_weight": 0
},
"tonal": {
    "tuning_frequency": {
        "dmean": 0.0474782288074,
        "dmean2": 0.086660310626,
        "dvar": 0.755812585354,
        "dvar2": 1.76564443111,
        "max": 455.516601562,
        "mean": 434.60824585,
        "median": 434.193115234,
        "min": 434.193115234,
        "var": 6.34560346603
    },
    "hpcp": {
        "dmean": [0.155575990677, 0.207090452313, 0.246929779649, 0.286406248808, 0.211812600493, 0.155552476645, 0.125316292048, 0.137161850929, 0.202689543366, 0.11736843735, 0.121368423104, 0.126142188907],
        "dmean2": [0.294272184372, 0.399042844772, 0.475615948439, 0.545449018478, 0.405853688717, 0.288303434849, 0.235279202461, 0.256335169077, 0.373109519482, 0.222453087568, 0.228605613112, 0.24116936326],
        "dvar": [0.0867287144065, 0.127619594336, 0.144161865115, 0.149376392365, 0.125424191356, 0.0841507390141, 0.07270167768, 0.0783151686192, 0.0957643985748, 0.0719133540988, 0.0709716007113, 0.0754773020744],
        "dvar2": [0.235132783651, 0.353810220957, 0.37775015831, 0.39016070962, 0.324957162142, 0.228743702173, 0.204523637891, 0.212343379855, 0.244020625949, 0.212152287364, 0.203089863062, 0.213900953531],
        "max": [1, 1, 1, 1, 1, 1, 1, 1, 1, 1, 1, 1],
        "mean": [0.116724893451, 0.136005610228, 0.184277161956, 0.249342858791, 0.143028646708, 0.128118857741, 0.0925136953592, 0.123614661396, 0.230034053326, 0.0764133930206, 0.096952073276, 0.0807360336185],
        "median": [0.00836626347154, 0.00339621654712, 0.00591657310724, 0.0217070393264, 0.00317915412597, 0.00937737524509, 0.00215254304931, 0.00514203263447, 0.024397470057, 0.00198337296024, 0.00440810807049, 0.00293646706268],
        "min": [0, 0, 0, 0, 0, 1.70103163555e-07, 0, 0, 0, 0, 0, 0],
        "var": [0.0685063898563, 0.0925438627601, 0.122536845505, 0.147452145815, 0.0966942310333, 0.0732112303376, 0.0583964362741, 0.0777663588524, 0.127624407411, 0.0484489761293, 0.0584585703909, 0.049461774528]
    }
},
"lowlevel": {
    "melbands": {
        "dmean": [0.00176122435369, 0.00526086520404, 0.00510401464999, 0.00215169135481, 0.0009187006508, 0.000589704839513, 0.000346457061823, 0.000331383227604, 0.000412495835917, 0.000320338702295, 7.23173652659e-05, 8.72535529197e-05, 5.46668161405e-05, 4.99308480357e-05, 5.63354296901e-05, 5.68923387618e-05, 6.3982392021e-05, 4.95571803185e-05, 2.53106609307e-05, 5.09354395035e-05, 2.4285618565e-05, 1.71921838046e-05, 2.00894301088e-05, 1.14361928354e-05, 6.58985663904e-06, 4.44954821432e-06, 2.51170581578e-06, 1.75641423539e-06, 1.93672804016e-06, 1.39688961553e-06, 1.1111310414e-06, 1.01006787645e-06, 8.80563050032e-07, 6.60051057366e-07, 5.8702721617e-07, 4.621649623e-07, 3.39739699484e-07, 2.51213435831e-07, 2.3184529141e-07, 1.83402946163e-07],
        "dmean2": [0.00285598356277, 0.00892621651292, 0.00855519995093, 0.00355321308598, 0.00153148151003, 0.00102046155371, 0.000589747040067, 0.000502622278873, 0.00060233019758, 0.000462936761323, 0.000106833656901, 0.000129965948872, 8.06299212854e-05, 7.33671113267e-05, 8.23289083201e-05, 8.48618074087e-05, 0.000101916688436, 7.56843655836e-05, 3.74877490685e-05, 7.78673929744e-05, 3.83194674214e-05, 2.67421983153e-05, 3.18881975545e-05, 1.83302418009e-05, 1.0562159332e-05, 7.03344676367e-06, 4.08385312767e-06, 2.89259105557e-06, 3.13871078106e-06, 2.27056466429e-06, 1.82928192771e-06, 1.67141195107e-06, 1.38844279718e-06, 1.03061165646e-06, 9.37784307098e-07, 7.42927625197e-07, 4.94250571137e-07, 3.60498830787e-07, 3.53312060497e-07, 2.73628415925e-07],
        "dvar": [1.9051538402e-05, 4.0657883801e-05, 2.74306221399e-05, 8.22298261483e-06, 1.68920917076e-06, 9.17700162972e-07, 2.90100672373e-07, 3.94317908103e-07, 6.99119937053e-07, 6.63624234676e-07, 2.49606841862e-08, 6.53050804544e-08, 2.06213481846e-08, 2.3585691622e-08, 2.66743160893e-08, 2.67863882186e-08, 3.91045240633e-08, 1.61169726454e-08, 3.90368626313e-09, 4.93097651599e-08, 3.36920202848e-09, 1.487947765e-09, 2.7770954425e-09, 8.38656810664e-10, 1.88523419098e-10, 1.2728897103e-10, 4.32353007562e-11, 1.99968236414e-11, 2.15579429308e-11, 1.46802969087e-11, 8.09800143609e-12, 7.93489579598e-12, 5.11812770984e-12, 4.24508952296e-12, 3.48913606341e-12, 3.42543571633e-12, 3.08510877435e-12, 1.82421243909e-12, 2.63988982584e-12, 9.8966234513e-13],
        "dvar2": [3.97207841161e-05, 0.00012086697825, 7.99178014859e-05, 2.15688924072e-05, 4.5453821258e-06, 2.75654338111e-06, 7.94435550233e-07, 8.3849118937e-07, 1.32153411414e-06, 1.28067915739e-06, 4.74197250355e-08, 1.30047752123e-07, 3.83939067206e-08, 4.94295697706e-08, 4.70088465931e-08, 6.32563796898e-08, 1.06564975511e-07, 3.69960488911e-08, 7.54062323693e-09, 1.23204529245e-07, 7.86815235188e-09, 3.54972118366e-09, 7.69241381704e-09, 2.33769603675e-09, 4.78612760535e-10, 3.14434728255e-10, 1.06952328938e-10, 4.91255751356e-11, 5.56185514311e-11, 3.68539469775e-11, 2.05045563861e-11, 1.99305936338e-11, 1.16333930336e-11, 9.19072630501e-12, 8.006869473e-12, 8.07585248674e-12, 4.97748413666e-12, 3.44459378555e-12, 5.7829834671e-12, 1.95927584053e-12],
        "max": [0.0709405466914, 0.0609766915441, 0.0528637580574, 0.0370825380087, 0.0132236275822, 0.013027719222, 0.00823986250907, 0.0118165612221, 0.0196426734328, 0.0194096565247, 0.00662553496659, 0.00932491477579, 0.00477231247351, 0.00416981102899, 0.00388710014522, 0.00331227225251, 0.00362450489774, 0.00267748697661, 0.0012110354146, 0.00597653770819, 0.00123864517082, 0.000967473781202, 0.00119894964155, 0.000516317959409, 0.000244759314228, 0.00027299465728, 0.000170985411387, 8.635193808e-05, 9.64260252658e-05, 9.04812986846e-05, 4.36462287325e-05, 5.24073184351e-05, 4.29182291555e-05, 6.4055340772e-05, 6.95519338478e-05, 7.67251331126e-05, 9.42210608628e-05, 7.24206111045e-05, 8.34234087961e-05, 5.60652770218e-05],
        "mean": [0.0023303902708, 0.00911910925061, 0.0080530885607, 0.0031369139906, 0.00134540349245, 0.00101929961238, 0.000613372540101, 0.000699621916283, 0.000920678605326, 0.000724873156287, 0.000169986044057, 0.000156317139044, 0.000108585132693, 0.000104301565443, 0.000103281308839, 0.000106862033135, 0.000100850658782, 9.49358654907e-05, 5.36743100383e-05, 0.000104363971332, 4.65511075163e-05, 3.15087745548e-05, 4.18536110374e-05, 2.46950912697e-05, 1.20550212159e-05, 7.67281017033e-06, 4.4112643991e-06, 3.03944375446e-06, 3.31471005666e-06, 2.36111031882e-06, 1.88672481727e-06, 1.87225475656e-06, 1.71320118625e-06, 1.32947434395e-06, 1.09805273496e-06, 8.61773571614e-07, 7.20551213362e-07, 4.99690600009e-07, 4.02924143827e-07, 3.54649984047e-07],
        "median": [0.00109054509085, 0.00746341608465, 0.00638343347237, 0.002143134363, 0.000779118330684, 0.000360236677807, 0.000280139036477, 0.000226045609452, 0.000224783012527, 0.000140828924486, 5.03503069922e-05, 3.84273807867e-05, 2.84675697912e-05, 2.05306059797e-05, 2.21996488108e-05, 2.0462917746e-05, 1.89951279026e-05, 1.93752366613e-05, 1.29213021864e-05, 1.16614664876e-05, 1.14248923637e-05, 1.0763775208e-05, 7.83638915891e-06, 4.91542641612e-06, 3.60850913239e-06, 2.39773476096e-06, 1.30905334572e-06, 8.27344422305e-07, 8.18074227027e-07, 4.42976187287e-07, 3.38977173442e-07, 3.31212675064e-07, 3.0223091585e-07, 2.55032432506e-07, 1.95500362565e-07, 1.76907548166e-07, 1.30677960897e-07, 8.85418458552e-08, 6.9386942414e-08, 5.49275362971e-08],
        "min": [7.63993104891e-11, 6.02020794327e-11, 3.51832105117e-11, 8.07101607769e-12, 1.08362199422e-11, 4.10715142452e-11, 5.5740662086e-11, 4.23956252049e-11, 1.57188324856e-11, 1.72760568871e-12, 9.97092382618e-13, 3.19847707347e-12, 2.90975121602e-12, 6.56280889008e-12, 2.53493753766e-11, 1.13855896933e-10, 1.82500181634e-10, 1.99196936723e-10, 1.56192545009e-10, 2.2452548501e-11, 2.26980292201e-11, 2.03953919725e-11, 2.99771839296e-11, 1.55272669722e-11, 9.37499869402e-11, 6.54046955484e-11, 2.87662619419e-11, 7.52478010457e-11, 1.8234167648e-11, 5.26729250494e-11, 8.56364770763e-11, 4.82142242797e-11, 2.61478737967e-11, 2.3820802969e-11, 1.94767760947e-11, 1.43173216338e-11, 1.04783412849e-11, 6.39256269447e-12, 6.45415925565e-12, 5.5320895434e-12],
        "var": [2.93592638627e-05, 6.02830950811e-05, 4.28507228207e-05, 1.14645736176e-05, 2.52714789895e-06, 2.33166360886e-06, 7.31372495011e-07, 1.68945291534e-06, 3.18583693115e-06, 3.39889493262e-06, 1.68976299619e-07, 2.25294854772e-07, 8.96247200899e-08, 6.93213024761e-08, 8.54700274999e-08, 7.12635781497e-08, 6.5627077106e-08, 6.13794028936e-08, 1.45250584893e-08, 1.80908884317e-07, 1.10014450883e-08, 3.08698799856e-09, 1.03713864164e-08, 3.08255398984e-09, 4.39670300167e-10, 2.15643253254e-10, 7.63068080945e-11, 4.03172009666e-11, 4.78444679708e-11, 2.91187317314e-11, 1.72845696089e-11, 1.91862411375e-11, 1.63843764944e-11, 1.42088042721e-11, 1.22225658414e-11, 1.09952481148e-11, 1.51978030855e-11, 6.01459810776e-12, 4.84225376809e-12, 3.28073115549e-12]
    },
    "mfcc": {
        "dmean": [13.7494564056, 10.0033254623, 8.79244327545, 8.07940673828, 7.33934736252, 7.10235500336, 6.97406148911, 7.0232758522, 6.74987792969, 6.62245225906, 6.44726324081, 6.30784225464, 6.03194284439],
        "dmean2": [17.7615833282, 14.4869327545, 13.2378120422, 12.7631921768, 11.7481966019, 11.2952394485, 11.2408590317, 11.4416761398, 10.9731264114, 10.7581501007, 10.6238889694, 10.40026474, 9.91592025757],
        "dvar": [448.809692383, 130.981399536, 59.9230384827, 49.5639190674, 36.5645179749, 32.4993133545, 30.1177005768, 31.1820354462, 28.3129234314, 28.3322734833, 27.9255313873, 25.0639591217, 21.8940849304],
        "dvar2": [610.47644043, 219.517181396, 122.825920105, 115.772155762, 87.5975494385, 81.6002044678, 81.4969863892, 81.1016464233, 75.0617294312, 72.4685440063, 73.431427002, 65.4486541748, 58.3399505615],
        "max": [-497.311340332, 268.441467285, 143.98664856, 105.476730347, 73.4850158691, 47.1032714844, 37.4634208679, 53.2313766479, 33.8532562256, 41.5768661499, 46.8542480469, 38.3069992065, 32.0480918884],
        "mean": [-646.646118164, 174.519241333, 6.53042936325, 32.003490448, 16.1034564972, 4.89037513733, -5.35609769821, 4.55127429962, -1.4024720192, 1.56313335896, 0.608914792538, -1.78084528446, -6.43819618225],
        "median": [-631.515930176, 173.915863037, 6.45210456848, 31.3219051361, 16.2052688599, 5.48231697083, -4.37776947021, 4.21369743347, -1.02108192444, 0.564796447754, -0.259357452393, -2.12867546082, -6.35409164429],
        "min": [-1138.42004395, 1.14440917969e-05, -101.746582031, -60.1511917114, -44.8838348389, -53.4917144775, -54.7422714233, -37.3932800293, -41.7008285522, -34.6654777527, -33.706615448, -30.7530708313, -45.0251808167],
        "var": [6016.1875, 1622.15393066, 1264.95446777, 504.077911377, 311.603149414, 214.40171814, 219.772857666, 143.494140625, 103.40511322, 164.336090088, 116.262191772, 91.0613174438, 88.1536941528],
        "cov": [[6018.51220703, -1795.57629395, -677.388549805, -228.477996826, -329.602050781, -72.8812103271, -238.219696045, 36.6577529907, -3.41695451736, 68.7081222534, 37.8337249756, -28.5684566498, -38.0641212463], [-1795.57629395, 1622.78076172, -466.121429443, -214.733078003, 28.5169048309, -108.570167542, 89.8859405518, -25.2370624542, -42.8621292114, 39.7340736389, 50.4037971497, 21.6097221375, -14.3092470169], [-677.388549805, -466.121429443, 1265.4432373, 254.339859009, 5.31163167953, 224.849258423, 137.373306274, 40.238193512, 16.0923023224, -87.3326416016, -52.4477386475, -20.1186180115, 16.1114234924], [-228.477996826, -214.733078003, 254.339859009, 504.272705078, 139.94354248, 10.0260763168, -96.2041244507, 6.26124191284, 42.863658905, -86.0243759155, -68.6773834229, -5.11915826797, 18.0529327393], [-329.602050781, 28.5169048309, 5.31163167953, 139.94354248, 311.72354126, -21.4526805878, -42.7520141602, 18.9282073975, 18.7595844269, 8.9294834137, -14.4892778397, 17.7503242493, 0.196564376354], [-72.8812103271, -108.570167542, 224.849258423, 10.0260763168, -21.4526805878, 214.484573364, 82.6569595337, -12.4606361389, 2.17566370964, -12.6084547043, 2.29900217056, -10.5749149323, -7.76561498642], [-238.219696045, 89.8859405518, 137.373306274, -96.2041244507, -42.7520141602, 82.6569595337, 219.857788086, 34.0029602051, -29.577419281, 29.8392753601, 28.1291694641, 3.02998137474, -9.15666389465], [36.6577529907, -25.2370624542, 40.238193512, 6.26124191284, 18.9282073975, -12.4606361389, 34.0029602051, 143.549575806, 13.3251094818, -2.08564257622, 8.6977186203, 16.1661777496, -6.17065811157], [-3.41695451736, -42.8621292114, 16.0923023224, 42.863658905, 18.7595844269, 2.17566370964, -29.577419281, 13.3251094818, 103.445068359, 23.3876686096, -14.917681694, -2.58797979355, -3.72071528435], [68.7081222534, 39.7340736389, -87.3326416016, -86.0243759155, 8.9294834137, -12.6084547043, 29.8392753601, -2.08564257622, 23.3876686096, 164.399581909, 66.9191894531, -11.8157100677, -29.0639362335], [37.8337249756, 50.4037971497, -52.4477386475, -68.6773834229, -14.4892778397, 2.29900217056, 28.1291694641, 8.6977186203, -14.917681694, 66.9191894531, 116.307113647, 20.5703544617, -16.2330799103], [-28.5684566498, 21.6097221375, -20.1186180115, -5.11915826797, 17.7503242493, -10.5749149323, 3.02998137474, 16.1661777496, -2.58797979355, -11.8157100677, 20.5703544617, 91.0965042114, 26.8383197784], [-38.0641212463, -14.3092470169, 16.1114234924, 18.0529327393, 0.196564376354, -7.76561498642, -9.15666389465, -6.17065811157, -3.72071528435, -29.0639362335, -16.2330799103, 26.8383197784, 88.1877593994]],
        "icov": [[0.000417795818066, 0.000578999926802, 0.000386332976632, 0.000149777799379, 0.000343624560628, -3.21362495015e-05, 0.000197287867195, -0.000224806979531, 0.000175232926267, -7.91063139332e-05, -2.39105975197e-05, 6.21140361545e-06, 0.000149226776557], [0.000578999926802, 0.00158663373441, 0.000802160298917, 0.000361616723239, 0.000230827528867, 0.000349207432009, -0.000414284382714, 2.7354744816e-06, 0.000164627301274, 0.000205677846679, -0.00023480578966, 6.42007216811e-06, 0.000303746695863], [0.000386332976632, 0.000802160298917, 0.0016605432611, -0.00048354890896, 0.000361441547284, -0.00084205303574, -0.000766929879319, -0.000368219480151, 4.1802868509e-06, 0.000319060869515, 3.17474587064e-05, 0.00024228298571, -5.03888186358e-05], [0.000149777799379, 0.000361616723239, -0.00048354890896, 0.00331716774963, -0.00117521639913, 9.4606744824e-05, 0.00120303372387, -6.59165016259e-05, -0.000817608379293, 0.00122452771757, 0.000226010612096, 0.000346103479387, -3.07989575958e-05], [0.000343624560628, 0.000230827528867, 0.000361441547284, -0.00117521639913, 0.00432974565774, -0.000133658148116, 0.000747380021494, -0.000827717303764, 0.000505852745846, -0.00143446773291, 0.000831428391393, -0.00115069758613, 0.000410405336879], [-3.21362495015e-05, 0.000349207432009, -0.00084205303574, 9.4606744824e-05, -0.000133658148116, 0.00701107503846, -0.0027528477367, 0.00175572407898, -0.00132239190862, 0.00136620621197, -0.00103893002961, 0.000521258218214, 0.000676549796481], [0.000197287867195, -0.000414284382714, -0.000766929879319, 0.00120303372387, 0.000747380021494, -0.0027528477367, 0.00806651357561, -0.00244174525142, 0.00253366795368, -0.0021085049957, 0.000496952736285, -0.000557770137675, 7.62628405937e-06], [-0.000224806979531, 2.7354744816e-06, -0.000368219480151, -6.59165016259e-05, -0.000827717303764, 0.00175572407898, -0.00244174525142, 0.00841562915593, -0.00204958906397, 0.00140246085357, -0.00103656947613, -0.00114273757208, 0.00100865284912], [0.000175232926267, 0.000164627301274, 4.1802868509e-06, -0.000817608379293, 0.000505852745846, -0.00132239190862, 0.00253366795368, -0.00204958906397, 0.0124365305528, -0.00429138494655, 0.00331241637468, -0.00104402785655, 0.0003089045058], [-7.91063139332e-05, 0.000205677846679, 0.000319060869515, 0.00122452771757, -0.00143446773291, 0.00136620621197, -0.0021085049957, 0.00140246085357, -0.00429138494655, 0.0109851025045, -0.00617609079927, 0.00267447647639, 0.00118147500325], [-2.39105975197e-05, -0.00023480578966, 3.17474587064e-05, 0.000226010612096, 0.000831428391393, -0.00103893002961, 0.000496952736285, -0.00103656947613, 0.00331241637468, -0.00617609079927, 0.0139522571117, -0.00443752296269, 0.00180827686563], [6.21140361545e-06, 6.42007216811e-06, 0.00024228298571, 0.000346103479387, -0.00115069758613, 0.000521258218214, -0.000557770137675, -0.00114273757208, -0.00104402785655, 0.00267447647639, -0.00443752296269, 0.0142026040703, -0.00450255768374], [0.000149226776557, 0.000303746695863, -5.03888186358e-05, -3.07989575958e-05, 0.000410405336879, 0.000676549796481, 7.62628405937e-06, 0.00100865284912, 0.0003089045058, 0.00118147500325, 0.00180827686563, -0.00450255768374, 0.0137042161077]]
    }
}

}