{
"metadata": {
    "version": {
        "essentia": "2.0.1",
        "extractor": "archive-music 1.0 mod ismir14"
    },
    "audio_properties": {
        "analysis_sample_rate": 44100,
        "bitrate": 721,
        "channels": 2,
        "equal_loudness": 0,
        "length": 29.9995231628,
        "replay_gain": -8.87201309204,
        "downmix": "mix"
    },
    "tags": {
        "track": 0,
        "year": 0,
        "album": "",
        "artist": "",
        "comment": "",
        "genre": "",
        "title": ""
    }
},
"rhythm": {
    "bpm": 131.233383179,
    "bpm_histogram_first_peak": 133,
    "bpm_histogram_first_peak_spread": 0.5,
    "bpm_histogram_first_peak_weight": 0.428571432829,
    "bpm_histogram_second_peak": 126,
    "bpm_histogram_second_peak_spread": 0.375,
    "bpm_histogram_second_peak_weight": 0.0793650820851
},
"tonal": {
    "tuning_frequency": {
        "dmean": 0.144221678376,
        "dmean2": 0.277041405439,
        "dvar": 1.21372938156,
        "dvar2": 3.03159475327,
        "max": 455.779724121,
        "mean": 437.019378662,
        "median": 438.224517822,
        "min": 433.942382812,
        "var": 5.38762331009
    },
    "hpcp": {
        "dmean": [0.0910209193826, 0.139992088079, 0.110878393054, 0.157643198967, 0.100556746125, 0.0889714434743, 0.121752157807, 0.0375175699592, 0.117039367557, 0.0962613001466, 0.121127963066, 0.0940935835242],
        "dmean2": [0.170087710023, 0.241108521819, 0.207904413342, 0.288368672132, 0.180332303047, 0.158385381103, 0.215630754828, 0.0663885697722, 0.19850024581, 0.176931962371, 0.22244463861, 0.166568726301],
        "dvar": [0.0494537837803, 0.0642868876457, 0.068997040391, 0.0832622423768, 0.0449385493994, 0.0463077388704, 0.060115147382, 0.019972383976, 0.0543034151196, 0.0575582385063, 0.0644280314445, 0.0420538932085],
        "dvar2": [0.127977788448, 0.137130483985, 0.185688897967, 0.185627922416, 0.107739128172, 0.119347162545, 0.131422206759, 0.0497991591692, 0.116802692413, 0.134846583009, 0.156724184752, 0.0917441174388],
        "max": [1, 1, 1, 1, 1, 1, 1, 1, 1, 1, 1, 1],
        "mean": [0.067219093442, 0.241106018424, 0.0733891054988, 0.260331839323, 0.117344595492, 0.0902005955577, 0.214384287596, 0.0584725104272, 0.163070201874, 0.0863745734096, 0.113700054586, 0.139042586088],
        "median": [0.00197593937628, 0.0369151644409, 0.00103851070162, 0.0211232174188, 0.00672332150862, 0.00378180202097, 0.027107656002, 0.000973345129751, 0.012261220254, 0.00130889820866, 0.00672099692747, 0.00740017881617],
        "min": [3.72453951059e-06, 3.61147999683e-06, 1.20272625281e-06, 9.74185149971e-06, 2.42785290538e-06, 5.70034717384e-06, 9.18447040021e-06, 4.6061759349e-06, 9.04015507786e-07, 9.25907272631e-07, 1.40042095609e-06, 8.67615824518e-07],
        "var": [0.0406371131539, 0.131479233503, 0.0492019951344, 0.156094551086, 0.066780410707, 0.0566285662353, 0.12575827539, 0.0436070114374, 0.0953578948975, 0.0596112012863, 0.066387757659, 0.0839476659894]
    }
},
"lowlevel": {
    "melbands": {
        "dmean": [0.000258118729107, 0.000722087337635, 0.000802463502623, 0.000433596258517, 0.000245908420766, 9.39478850341e-05, 5.82173415751e-05, 6.33992021903e-05, 2.48961114266e-05, 1.67217767739e-05, 1.49043598867e-05, 1.49413017425e-05, 3.57272756446e-06, 2.57402621173e-06, 3.79873495149e-06, 2.41041470872e-06, 1.94510153051e-06, 6.99652389358e-07, 7.17960915608e-07, 6.50349704756e-07, 3.9567572685e-07, 5.86831674809e-07, 7.08151162598e-07, 6.3549805418e-07, 2.47547006893e-07, 1.50672391896e-07, 1.97820398284e-07, 3.1423320479e-07, 2.59094207422e-07, 3.52534641479e-07, 6.31813691143e-07, 9.41061841786e-07, 1.2310947568e-06, 6.50213621611e-07, 2.827984531e-07, 1.46911744991e-07, 8.62816023073e-08, 3.15211963198e-08, 1.06468727168e-08, 1.42106593159e-09],
        "dmean2": [0.000358875404345, 0.00103064591531, 0.00117804459296, 0.000660360674374, 0.000358702731319, 0.000141167343827, 8.64867834025e-05, 9.19478115975e-05, 3.53798350261e-05, 2.2209746021e-05, 2.14654828596e-05, 2.03397648875e-05, 5.19502827956e-06, 3.69414442503e-06, 4.92996559842e-06, 3.34802621182e-06, 2.79967798633e-06, 1.08570179691e-06, 1.04641424059e-06, 9.78711909738e-07, 6.35383685221e-07, 9.16818748919e-07, 1.08549386368e-06, 1.06319771476e-06, 3.92389154058e-07, 2.20678714413e-07, 2.86369385094e-07, 4.59497044858e-07, 3.83962145634e-07, 5.54193604785e-07, 9.43735699366e-07, 1.34006211283e-06, 2.06188997254e-06, 9.65022877608e-07, 3.9825798126e-07, 2.06368085287e-07, 1.18975002295e-07, 4.26556212574e-08, 1.37169919867e-08, 1.97651250922e-09],
        "dvar": [3.87795154211e-07, 1.32176910483e-06, 1.07619371192e-06, 5.27312352006e-07, 1.65201711866e-07, 4.1398457995e-08, 3.40053212255e-08, 2.90162489591e-08, 4.65727900689e-09, 3.40674088939e-09, 1.68461766759e-09, 9.68980806704e-09, 7.95500609829e-11, 4.24389343112e-11, 2.14619877426e-10, 7.49242543008e-11, 7.98328972373e-11, 4.40807503346e-12, 9.45505652938e-12, 9.25324834117e-12, 1.71781718624e-12, 2.23650113186e-12, 3.23672794296e-12, 4.25152404601e-12, 5.34188470368e-13, 1.52149668732e-13, 3.88423505599e-13, 1.55976728929e-12, 5.62317716262e-13, 2.16279706818e-12, 7.29442201086e-12, 1.70035426711e-11, 5.72058442283e-11, 1.23837277238e-11, 1.15596876689e-12, 1.88006145482e-13, 5.29737894989e-14, 8.53986410125e-15, 1.30569250023e-15, 3.81473364633e-17],
        "dvar2": [7.4589166843e-07, 2.50327366302e-06, 1.85961710031e-06, 1.09307109142e-06, 3.28450994402e-07, 8.71737526609e-08, 6.97058624155e-08, 5.40364162305e-08, 8.39081337745e-09, 5.91654103488e-09, 2.88509194313e-09, 1.74425629496e-08, 1.52844875645e-10, 8.83949996533e-11, 3.73563763256e-10, 1.59093543894e-10, 1.77124176437e-10, 9.75746653614e-12, 2.16559530725e-11, 1.59753165557e-11, 4.27055699831e-12, 5.58020600214e-12, 7.19517587872e-12, 1.06994179142e-11, 1.29961829059e-12, 2.997331387e-13, 7.28834635873e-13, 3.2093008806e-12, 1.18221122995e-12, 5.05534850093e-12, 1.58777088699e-11, 3.24506810312e-11, 1.57279536617e-10, 2.02870602262e-11, 1.84942057328e-12, 3.40085137785e-13, 8.70635960787e-14, 1.3304385466e-14, 2.00739989884e-15, 7.77368259286e-17],
        "max": [0.0097192088142, 0.0113623701036, 0.0114315897226, 0.0141427395865, 0.00498542562127, 0.00213011656888, 0.0023546917364, 0.00202569155954, 0.00102464319207, 0.000961484445725, 0.000425963924499, 0.00227333488874, 0.000113557187433, 0.000126034530695, 0.000346661079675, 0.000152959866682, 0.000181713068741, 2.98212289636e-05, 4.73087675346e-05, 4.01483302994e-05, 1.62898941198e-05, 1.44154328154e-05, 1.7465215933e-05, 2.38900647673e-05, 1.04005030153e-05, 6.27012423138e-06, 1.0789614862e-05, 2.45339524554e-05, 8.8644292191e-06, 2.33326754824e-05, 3.89509696106e-05, 5.9570727899e-05, 0.000119578180602, 7.31826585252e-05, 1.96114324353e-05, 5.08298171553e-06, 2.72453235084e-06, 1.47426374042e-06, 5.45318982859e-07, 1.10245110818e-07],
        "mean": [0.000455714995041, 0.00157443445642, 0.00201190263033, 0.000757644360419, 0.000557598017622, 0.000167633566889, 6.82002864778e-05, 7.8730583482e-05, 3.21312800224e-05, 2.20968304347e-05, 2.07344164664e-05, 2.15991931327e-05, 4.69794576929e-06, 3.16219029628e-06, 5.05014941155e-06, 2.85385385723e-06, 2.02477031053e-06, 8.17076681869e-07, 7.9423830357e-07, 7.90532567407e-07, 4.22492661301e-07, 6.59118313706e-07, 7.74584009378e-07, 6.16610691395e-07, 2.5874152243e-07, 1.81838188951e-07, 2.42922709504e-07, 3.23253544821e-07, 2.72444509619e-07, 3.39545522365e-07, 6.13340716882e-07, 9.96410221887e-07, 1.08442600322e-06, 7.25349252662e-07, 3.20674502063e-07, 1.74510802253e-07, 1.0003968498e-07, 3.66840779975e-08, 1.18548983963e-08, 1.43332390401e-09],
        "median": [0.000117711031635, 0.000754230539314, 0.000829619006254, 0.000354655028787, 0.000184197488124, 6.19935090072e-05, 1.84726850421e-05, 1.39217581818e-05, 5.05743582835e-06, 2.11820974982e-06, 1.9239246285e-06, 2.06119852919e-06, 8.9116485924e-07, 1.06069262529e-06, 8.32912405713e-07, 2.9890131259e-07, 2.12311945802e-07, 1.39596934901e-07, 7.4105770409e-08, 6.50916760492e-08, 6.42075050905e-08, 1.03836242715e-07, 1.04410716517e-07, 6.75450948506e-08, 4.38266027913e-08, 3.63333363396e-08, 4.83471431778e-08, 5.05308648258e-08, 2.71603912694e-08, 3.52707552054e-08, 3.61712579888e-08, 2.5033944695e-08, 3.20167359291e-08, 2.53851659693e-08, 2.12361932483e-08, 1.65735674074e-08, 1.07476880729e-08, 4.46524728304e-09, 1.31740418574e-09, 1.22385254708e-10],
        "min": [1.70021985468e-06, 3.2688049032e-06, 5.48904381503e-07, 1.54594226842e-06, 5.7524755448e-07, 2.32200235928e-07, 1.14347834312e-07, 7.28592226551e-08, 1.23859420498e-08, 1.30294841583e-08, 8.39913560924e-09, 1.05816333473e-08, 8.5468041533e-09, 6.66515509451e-09, 3.46939077467e-09, 3.18450665837e-09, 1.87847204458e-09, 8.00936539314e-10, 1.30749788774e-09, 1.50832446533e-09, 9.56886792025e-10, 6.81114553647e-10, 7.5740286265e-10, 4.83868056733e-10, 6.04405858695e-10, 4.49711323736e-10, 8.31489876951e-10, 8.71885452725e-10, 7.42337302739e-10, 5.40020028694e-10, 5.53597390152e-10, 6.72774669308e-10, 6.61722288076e-10, 5.08256603471e-10, 4.02567451596e-10, 3.60137475397e-10, 2.73956884955e-10, 1.08916820007e-10, 2.99431382467e-11, 2.74974184047e-12],
        "var": [1.13235614663e-06, 3.58209217666e-06, 6.84051383359e-06, 1.83493614259e-06, 7.27274368728e-07, 8.21490218073e-08, 4.39326690582e-08, 4.38237641731e-08, 8.23578982789e-09, 6.43910791354e-09, 3.15414028229e-09, 1.84526882663e-08, 1.53207335707e-10, 5.82913092795e-11, 4.43310083087e-10, 1.08135563004e-10, 9.07802791272e-11, 5.16458230349e-12, 1.19660574852e-11, 1.34089987378e-11, 1.56343698838e-12, 2.33081414412e-12, 3.87110959607e-12, 3.80238288772e-12, 5.41911188232e-13, 2.18438372316e-13, 5.56660511956e-13, 1.78881616551e-12, 6.6457917728e-13, 2.10115453682e-12, 8.20851459721e-12, 2.20095192072e-11, 4.15515573338e-11, 1.99778336235e-11, 1.83706782425e-12, 2.81713075177e-13, 8.81718675394e-14, 1.43564359619e-14, 2.17147970984e-15, 4.46879395935e-17]
    },
    "mfcc": {
        "dmean": [37.5239372253, 24.3464660645, 14.2345628738, 12.0526628494, 8.97436523438, 10.4686222076, 8.68317985535, 7.20961475372, 6.91928100586, 7.6430106163, 6.35953140259, 6.01025629044, 5.53139543533],
        "dmean2": [48.5936698914, 33.8284416199, 19.6561508179, 17.1306114197, 12.8389472961, 14.9216489792, 12.6813058853, 10.7583627701, 10.3956680298, 11.1312170029, 9.5404176712, 9.04849624634, 8.44105243683],
        "dvar": [1094.28674316, 682.887023926, 174.459991455, 120.58089447, 63.8770866394, 95.0460205078, 57.0512771606, 37.3446235657, 34.109664917, 43.5809593201, 28.961019516, 25.6573505402, 22.7894458771],
        "dvar2": [1870.15161133, 1040.59423828, 324.554656982, 230.669433594, 135.860641479, 159.664016724, 121.169815063, 82.8760986328, 69.1114349365, 84.0428314209, 60.3051834106, 54.2596054077, 47.2875404358],
        "max": [-650.731018066, 250.75604248, 117.926383972, 121.233558655, 41.0846595764, 75.663269043, 35.3184280396, 40.9398269653, 22.0153160095, 36.4752197266, 26.6759376526, 40.8951797485, 17.986164093],
        "mean": [-813.236083984, 170.296707153, 49.596824646, 42.9110870361, -2.17802286148, 17.8185958862, -5.60371351242, 10.1682786942, -11.7210178375, -5.9680814743, -8.93386173248, 2.25556564331, -8.61616611481],
        "median": [-805.640686035, 180.019485474, 49.3351173401, 40.8784751892, -0.285465240479, 18.519744873, -4.24829483032, 9.79870033264, -11.3925933838, -4.93769073486, -8.56614303589, 1.79841995239, -7.57653045654],
        "min": [-1022.7086792, -16.5818023682, -35.5104217529, -17.7161598206, -47.349521637, -41.1449546814, -55.6899414062, -27.8355026245, -42.8223609924, -47.1489028931, -48.7169303894, -28.5364189148, -39.5675315857],
        "var": [4574.37011719, 2006.66174316, 707.174194336, 560.884033203, 238.705993652, 319.259918213, 224.166641235, 135.062606812, 109.415657043, 211.297042847, 140.505249023, 121.052116394, 88.9992599487],
        "cov": [[4581.45117188, -256.549346924, -753.1796875, 132.173568726, -359.378082275, 35.1793327332, -433.065551758, 230.572372437, -198.823257446, 285.601226807, -58.0096092224, 88.4320068359, -264.377471924], [-256.549346924, 2009.76794434, -300.539001465, -414.723602295, 189.633300781, -358.228851318, 137.383590698, 15.3911342621, -20.2156925201, -214.416595459, 45.1151504517, -42.0682868958, -28.3265113831], [-753.1796875, -300.539001465, 708.268920898, 117.213729858, -69.4095306396, 203.220108032, 47.0961036682, -50.2830924988, 21.2936935425, -84.4245986938, 20.6044063568, -21.3970928192, 74.8175964355], [132.173568726, -414.723602295, 117.213729858, 561.752258301, 84.6130065918, -74.2613601685, -96.9457015991, 42.822933197, -18.7606582642, -70.3713378906, -16.9441928864, -36.7856025696, 39.6152534485], [-359.378082275, 189.633300781, -69.4095306396, 84.6130065918, 239.075515747, -68.2578964233, 16.2149791718, -3.53632855415, 29.4478530884, -41.08934021, -14.0889997482, 13.0764760971, 11.0694055557], [35.1793327332, -358.228851318, 203.220108032, -74.2613601685, -68.2578964233, 319.754150391, 42.8689308167, -11.0096101761, 33.8539886475, 84.8300018311, 35.6212844849, 26.8008899689, 17.4898738861], [-433.065551758, 137.383590698, 47.0961036682, -96.9457015991, 16.2149791718, 42.8689308167, 224.513641357, 19.2428207397, 24.3389797211, 0.641391694546, 23.6937332153, 13.2180242538, 27.5300655365], [230.572372437, 15.3911342621, -50.2830924988, 42.822933197, -3.53632855415, -11.0096101761, 19.2428207397, 135.271682739, 19.6356811523, -1.50859439373, 26.3355445862, -6.66575717926, -4.74476718903], [-198.823257446, -20.2156925201, 21.2936935425, -18.7606582642, 29.4478530884, 33.8539886475, 24.3389797211, 19.6356811523, 109.585029602, 49.5199165344, 19.5057945251, -15.1220703125, 16.60754776], [285.601226807, -214.416595459, -84.4245986938, -70.3713378906, -41.08934021, 84.8300018311, 0.641391694546, -1.50859439373, 49.5199165344, 211.624130249, 12.0020971298, 24.7691173553, -27.0163440704], [-58.0096092224, 45.1151504517, 20.6044063568, -16.9441928864, -14.0889997482, 35.6212844849, 23.6937332153, 26.3355445862, 19.5057945251, 12.0020971298, 140.722747803, -12.9680938721, 19.4442443848], [88.4320068359, -42.0682868958, -21.3970928192, -36.7856025696, 13.0764760971, 26.8008899689, 13.2180242538, -6.66575717926, -15.1220703125, 24.7691173553, -12.9680938721, 121.239501953, -2.19629049301], [-264.377471924, -28.3265113831, 74.8175964355, 39.6152534485, 11.0694055557, 17.4898738861, 27.5300655365, -4.74476718903, 16.60754776, -27.0163440704, 19.4442443848, -2.19629049301, 89.1370239258]],
        "icov": [[0.000959624361712, -0.000610631308518, 0.00106315896846, -0.00121909601148, 0.00180809327867, -0.00152548088226, 0.00146664644126, -0.00135871733073, 0.00119654065929, -0.00101965770591, 0.00055247155251, -0.000748452730477, 0.00118014751934], [-0.000610631308518, 0.00164447946008, -0.000737435533665, 0.00213571079075, -0.00218614330515, 0.00230033136904, -0.0012583687203, 0.000530800432898, -0.000556782761123, 0.00157500558998, -0.000997417257167, 0.000919462298043, -0.000560361426324], [0.00106315896846, -0.000737435533665, 0.00392251601443, -0.00240861624479, 0.00325575168245, -0.00370793393813, 0.000994308968075, 1.97358094738e-05, -9.00867962628e-05, 0.00088409561431, 0.000650021829642, -0.000815852545202, 0.00083706487203], [-0.00121909601148, 0.00213571079075, -0.00240861624479, 0.00583487888798, -0.00485589448363, 0.00410210061818, -0.000728417071514, -0.000377643387765, 7.46028599679e-05, 0.00163837149739, -0.00103462103289, 0.0021653638687, -0.00274389237165], [0.00180809327867, -0.00218614330515, 0.00325575168245, -0.00485589448363, 0.0103755481541, -0.00365828373469, 0.00191048171837, -0.000586486537941, -0.00148521410301, -0.000528800301254, 0.00172427273355, -0.00337347202003, 0.00255864323117], [-0.00152548088226, 0.00230033136904, -0.00370793393813, 0.00410210061818, -0.00365828373469, 0.00929727498442, -0.00279932003468, 0.00135285814758, -0.00160531571601, -4.58498817579e-07, -0.00224578985944, 0.00074105989188, -0.00213059503585], [0.00146664644126, -0.0012583687203, 0.000994308968075, -0.000728417071514, 0.00191048171837, -0.00279932003468, 0.00805357843637, -0.00360246282071, 0.00188060256187, -0.00197641830891, 0.000774317188188, -0.00149561476428, -8.29896744108e-05], [-0.00135871733073, 0.000530800432898, 1.97358094738e-05, -0.000377643387765, -0.000586486537941, 0.00135285814758, -0.00360246282071, 0.0115909669548, -0.00484724389389, 0.00292387860827, -0.00229959771968, 0.000412766414229, 0.000128144063638], [0.00119654065929, -0.000556782761123, -9.00867962628e-05, 7.46028599679e-05, -0.00148521410301, -0.00160531571601, 0.00188060256187, -0.00484724389389, 0.0158249922097, -0.00607379805297, 0.000308044051053, 0.0022006733343, -0.00172729662154], [-0.00101965770591, 0.00157500558998, 0.00088409561431, 0.00163837149739, -0.000528800301254, -4.58498817579e-07, -0.00197641830891, 0.00292387860827, -0.00607379805297, 0.010265763849, -0.0014035544591, -0.000603391556069, 0.00137221522164], [0.00055247155251, -0.000997417257167, 0.000650021829642, -0.00103462103289, 0.00172427273355, -0.00224578985944, 0.000774317188188, -0.00229959771968, 0.000308044051053, -0.0014035544591, 0.00876552890986, 0.000390847504605, -0.00128442922141], [-0.000748452730477, 0.000919462298043, -0.000815852545202, 0.0021653638687, -0.00337347202003, 0.00074105989188, -0.00149561476428, 0.000412766414229, 0.0022006733343, -0.000603391556069, 0.000390847504605, 0.0104175982997, -0.00186931225471], [0.00118014751934, -0.000560361426324, 0.00083706487203, -0.00274389237165, 0.00255864323117, -0.00213059503585, -8.29896744108e-05, 0.000128144063638, -0.00172729662154, 0.00137221522164, -0.00128442922141, -0.00186931225471, 0.0161623712629]]
    }
}

}