{
"metadata": {
    "version": {
        "essentia": "2.0.1",
        "extractor": "archive-music 1.0 mod ismir14"
    },
    "audio_properties": {
        "analysis_sample_rate": 44100,
        "bitrate": 721,
        "channels": 2,
        "equal_loudness": 0,
        "length": 29.9995231628,
        "replay_gain": -12.2078838348,
        "downmix": "mix"
    },
    "tags": {
        "track": 0,
        "year": 0,
        "album": "",
        "artist": "",
        "comment": "",
        "genre": "",
        "title": ""
    }
},
"rhythm": {
    "bpm": 92.4695205688,
    "bpm_histogram_first_peak": 92,
    "bpm_histogram_first_peak_spread": 0.54545456171,
    "bpm_histogram_first_peak_weight": 0.444444447756,
    "bpm_histogram_second_peak": 99,
    "bpm_histogram_second_peak_spread": 0,
    "bpm_histogram_second_peak_weight": 0.0222222227603
},
"tonal": {
    "tuning_frequency": {
        "dmean": 0.0864845961332,
        "dmean2": 0.158628195524,
        "dvar": 1.31812870502,
        "dvar2": 3.54711270332,
        "max": 452.631469727,
        "mean": 437.665374756,
        "median": 440.254241943,
        "min": 431.941772461,
        "var": 15.2361679077
    },
    "hpcp": {
        "dmean": [0.104469239712, 0.134640187025, 0.0744930654764, 0.174316495657, 0.131417915225, 0.10896987468, 0.148796409369, 0.0780774950981, 0.196097910404, 0.100727744401, 0.187582790852, 0.196459978819],
        "dmean2": [0.185928419232, 0.23061311245, 0.136940583587, 0.291078418493, 0.227015703917, 0.193598926067, 0.251273155212, 0.140107363462, 0.33299022913, 0.180762156844, 0.324599862099, 0.333717495203],
        "dvar": [0.0479846596718, 0.0426149852574, 0.0323746018112, 0.0589770898223, 0.0510112419724, 0.0346463508904, 0.0460251681507, 0.0268303900957, 0.0519664883614, 0.0413451902568, 0.0601988919079, 0.0594859942794],
        "dvar2": [0.124159663916, 0.105053044856, 0.0775014013052, 0.130242034793, 0.117257267237, 0.0885836258531, 0.0994628667831, 0.0695703998208, 0.130336076021, 0.107832349837, 0.16226400435, 0.12622359395],
        "max": [1, 1, 1, 1, 1, 1, 1, 1, 1, 1, 1, 1],
        "mean": [0.0982970222831, 0.218686699867, 0.0693931728601, 0.430265367031, 0.220265999436, 0.114537879825, 0.310562252998, 0.0662988871336, 0.372427850962, 0.0852645561099, 0.240328758955, 0.343401640654],
        "median": [0.0160809699446, 0.0743700712919, 0.00891275703907, 0.28304451704, 0.0401088967919, 0.0431240312755, 0.137304827571, 0.0162044502795, 0.248968496919, 0.0154552077875, 0.126987010241, 0.200776785612],
        "min": [0.000129784879391, 9.65198487393e-05, 3.77898068109e-05, 0.00059147272259, 3.06495312543e-05, 0.000297133985441, 0.000390712171793, 4.78706751892e-05, 0.00025411482784, 6.19714992354e-05, 0.000292571639875, 0.000128741929075],
        "var": [0.0451338738203, 0.0816364735365, 0.0345422625542, 0.157672286034, 0.112495481968, 0.0366307981312, 0.129975363612, 0.0231341682374, 0.118568584323, 0.033835567534, 0.0803333073854, 0.126728862524]
    }
},
"lowlevel": {
    "melbands": {
        "dmean": [8.65358924784e-06, 4.0643644752e-05, 2.51759738603e-05, 4.96000247949e-05, 5.22584014107e-05, 8.27829790069e-05, 6.40096186544e-05, 0.000142266828334, 9.47877633735e-05, 7.14163907105e-05, 4.05395621783e-05, 3.41311388183e-05, 3.28067653754e-05, 2.51213132287e-05, 5.02404582221e-05, 4.17970004492e-05, 2.43274007516e-05, 1.63656277437e-05, 1.30564276333e-05, 1.61442294484e-05, 4.964841537e-06, 6.58122644381e-06, 3.04461218548e-06, 2.7473092814e-06, 3.92415722672e-06, 1.22437404571e-06, 6.43613645934e-07, 7.63449634178e-07, 7.64081789839e-07, 7.68860502376e-07, 3.79472737677e-07, 1.88080349517e-07, 1.29247013092e-07, 4.9265690194e-08, 2.00598897493e-08, 1.58288706587e-08, 3.0042937027e-09, 2.96734442573e-10, 3.44815113962e-11, 3.2632963172e-12],
        "dmean2": [1.43662546179e-05, 6.87510182615e-05, 3.8446047256e-05, 7.24497658666e-05, 7.9059136624e-05, 0.00012765955762, 9.87025778159e-05, 0.000213382198126, 0.000144075325807, 0.000110318185762, 6.41101214569e-05, 5.29855606146e-05, 5.1603634347e-05, 3.82113030355e-05, 7.85666852607e-05, 6.81557576172e-05, 3.72624599549e-05, 2.47679563472e-05, 1.98634097615e-05, 2.45704522968e-05, 7.75982698542e-06, 1.01038876892e-05, 4.63833202957e-06, 4.30382760896e-06, 5.86582109463e-06, 1.81401048849e-06, 9.53347296218e-07, 1.16082730983e-06, 1.12844429623e-06, 1.16871808586e-06, 5.37769267339e-07, 2.70553670134e-07, 1.79651038934e-07, 7.00822795352e-08, 2.87944104116e-08, 2.38770958561e-08, 4.57660753739e-09, 4.57014093236e-10, 5.40092900958e-11, 5.00556063612e-12],
        "dvar": [1.17414425405e-10, 2.49488407711e-09, 1.57515578358e-09, 4.55275772637e-09, 4.96550756068e-09, 1.72306773294e-08, 8.10139422214e-09, 8.66515108555e-08, 2.61044093008e-08, 1.39374192187e-08, 5.52898882233e-09, 4.850148283e-09, 5.68785551991e-09, 2.34281238853e-09, 1.03478861035e-08, 9.51721901288e-09, 2.80484524495e-09, 1.43217571136e-09, 8.15070066995e-10, 1.31048227825e-09, 7.38439448478e-11, 1.9797453954e-10, 2.84325028799e-11, 2.65945581529e-11, 6.22586843191e-11, 7.63631345657e-12, 1.82631275554e-12, 3.89333313852e-12, 2.20122141001e-12, 2.1915861053e-12, 6.3521469985e-13, 2.11771152372e-13, 1.23526528091e-13, 1.89652625066e-14, 2.25706476587e-15, 1.34134517577e-15, 3.7354831262e-17, 5.26982189199e-19, 7.68696277527e-21, 2.18941616838e-22],
        "dvar2": [2.70060362961e-10, 6.07650774143e-09, 3.92403887162e-09, 1.02596215967e-08, 1.00888835064e-08, 3.64098831085e-08, 1.76415522191e-08, 1.64576889006e-07, 5.24358512166e-08, 3.16487280827e-08, 1.15567457826e-08, 1.09185878117e-08, 1.44184379991e-08, 4.83866235967e-09, 2.35457147113e-08, 2.32848265114e-08, 6.15000939064e-09, 2.91417778797e-09, 1.74922620833e-09, 2.87372725616e-09, 1.59751184503e-10, 4.4329889759e-10, 6.03458533144e-11, 5.23907653371e-11, 1.26275864765e-10, 1.59834628172e-11, 3.74426054398e-12, 8.27415479882e-12, 4.39477230649e-12, 4.17115907786e-12, 1.11579018594e-12, 4.03047061871e-13, 2.23965702754e-13, 3.21470111544e-14, 3.96932683391e-15, 2.82232479168e-15, 7.34648086417e-17, 1.16807022159e-18, 1.80118691475e-20, 2.48458898645e-22],
        "max": [7.67091551097e-05, 0.000595512043219, 0.000616253819317, 0.0009252615273, 0.000777148117777, 0.00129890360404, 0.00143076945096, 0.00412076944485, 0.00186979852151, 0.00105325330514, 0.000743549026083, 0.000850137730595, 0.00105148495641, 0.0007028428372, 0.00107876874972, 0.000946348125581, 0.000598630635068, 0.000446465011919, 0.000267473427812, 0.000573817698751, 0.000113477304694, 0.000148671955685, 7.07354702172e-05, 5.79849547648e-05, 6.62240490783e-05, 4.04803722631e-05, 1.26685536088e-05, 2.4609546017e-05, 1.15550219562e-05, 1.35460632009e-05, 7.8293523984e-06, 5.02240618516e-06, 3.985521289e-06, 1.57035697157e-06, 4.63841246301e-07, 4.03244627023e-07, 5.5911502983e-08, 6.70328459407e-09, 9.02261931834e-10, 3.59885732326e-10],
        "mean": [1.14005142677e-05, 5.48028219782e-05, 3.84765007766e-05, 8.23146256153e-05, 0.000104060338344, 0.000147369661136, 0.000138932708069, 0.00033392990008, 0.000184810749488, 0.000108412466943, 7.18743831385e-05, 5.80652231292e-05, 4.77873254567e-05, 3.64172628906e-05, 7.61560804676e-05, 6.27896079095e-05, 4.31388507423e-05, 2.20535403059e-05, 1.84370655916e-05, 2.50195771514e-05, 7.51741936256e-06, 1.02813000922e-05, 5.25055065737e-06, 4.2503415898e-06, 6.01901820119e-06, 1.96084874915e-06, 1.01160776467e-06, 1.11488759558e-06, 1.14522140393e-06, 1.21798120745e-06, 5.75126080093e-07, 2.69312181445e-07, 1.74356358684e-07, 6.90674113457e-08, 2.85277135248e-08, 2.33441355135e-08, 4.96339858103e-09, 4.06964517641e-10, 4.3288650442e-11, 4.0351034146e-12],
        "median": [6.75398359817e-06, 3.64106126653e-05, 2.44879993261e-05, 5.46607625438e-05, 7.48692909838e-05, 8.44436799525e-05, 5.73752658966e-05, 7.84818184911e-05, 4.93598818139e-05, 3.16569276038e-05, 1.86793076864e-05, 1.20275253721e-05, 1.38550703923e-05, 1.514772066e-05, 1.57461308845e-05, 1.26830182126e-05, 6.15303861196e-06, 5.54564485356e-06, 2.73583532362e-06, 5.33613865628e-06, 2.78659285868e-06, 3.0656326544e-06, 1.92219386008e-06, 1.61324499004e-06, 1.12459417778e-06, 6.05196817105e-07, 3.15718637012e-07, 1.7171218758e-07, 3.04970910747e-07, 2.71101157523e-07, 9.86717907381e-08, 4.77695181189e-08, 1.70381664333e-08, 5.52260992492e-09, 2.8511983885e-09, 2.35565367213e-09, 7.78505815369e-10, 6.18098697225e-11, 9.46383943434e-12, 1.18946540985e-12],
        "min": [4.26286391075e-07, 1.59076319051e-06, 3.28133268113e-07, 6.37342836285e-08, 2.50242209177e-08, 2.34941861521e-08, 3.18547783706e-08, 2.34745449745e-08, 1.16263638716e-08, 1.43079263992e-08, 5.74469982695e-09, 3.83786691316e-09, 3.13635561966e-09, 5.837201833e-09, 5.67874947066e-09, 1.8826900039e-09, 2.23246643394e-09, 9.61407287114e-10, 7.763355514e-10, 1.17276599543e-09, 5.14271014662e-10, 2.85372031561e-10, 3.31096455808e-10, 2.88505941359e-10, 1.27485938473e-10, 1.05293940234e-10, 9.31642471502e-11, 8.9771731715e-11, 8.38070446374e-11, 4.83726773914e-11, 4.2697415048e-11, 4.17842427325e-11, 3.825175246e-11, 2.98891814077e-11, 2.39260417034e-11, 1.85221473575e-11, 1.07012385064e-11, 5.0851089832e-12, 1.18005702866e-12, 8.40402779919e-14],
        "var": [1.67007657703e-10, 3.38189831695e-09, 2.08661887768e-09, 8.32125213179e-09, 1.1564473823e-08, 3.23266355906e-08, 3.50022197892e-08, 3.3695653201e-07, 8.50539336739e-08, 2.70249902456e-08, 1.33077922015e-08, 9.33947497117e-09, 7.86292719823e-09, 3.89319509964e-09, 1.89944255879e-08, 1.95538323311e-08, 8.6458769033e-09, 2.37605357611e-09, 1.49529943982e-09, 3.2232134739e-09, 1.38347416856e-10, 3.85862314323e-10, 6.91003504416e-11, 4.60964426352e-11, 1.2600852306e-10, 1.91351153672e-11, 3.50071707733e-12, 7.98783868911e-12, 4.29284819498e-12, 4.6927357833e-12, 1.37302452394e-12, 3.96826966903e-13, 2.37049258261e-13, 3.82332342598e-14, 4.84654125914e-15, 3.12957646418e-15, 9.03942973398e-17, 8.91628322029e-19, 1.00827193595e-20, 2.2985556426e-22]
    },
    "mfcc": {
        "dmean": [38.7577209473, 13.2465791702, 16.6005306244, 9.59372234344, 10.132317543, 7.44271850586, 6.9804186821, 5.84595346451, 5.38208293915, 5.54879236221, 4.7747964859, 5.08279561996, 4.70717382431],
        "dmean2": [46.5389442444, 18.4227104187, 22.1205024719, 14.6153717041, 14.3968143463, 11.1785154343, 10.6070899963, 9.40880298615, 8.67901420593, 8.46761703491, 7.59290266037, 7.63071870804, 7.52043962479],
        "dvar": [1913.35681152, 170.354492188, 337.725097656, 69.2332763672, 95.2661361694, 36.0198287964, 33.5629844666, 22.9933166504, 20.7158603668, 17.9109363556, 15.611989975, 16.9021663666, 15.2682523727],
        "dvar2": [2800.23632812, 302.420684814, 512.303466797, 148.321060181, 156.60887146, 73.6918106079, 77.4936752319, 51.7200775146, 49.5169296265, 39.3873291016, 39.5675086975, 38.8371772766, 38.7479362488],
        "max": [-610.210083008, 226.655548096, 76.1915893555, 77.0729675293, 32.0584449768, 55.4899787903, 19.6352424622, 14.8046398163, 22.4641304016, 17.1591281891, 24.0538291931, 30.3431186676, 21.7749404907],
        "mean": [-773.10369873, 177.963043213, -44.5302124023, 19.2992286682, -17.9739570618, -0.672541201115, -10.8308038712, -8.07477760315, -3.18118333817, -5.61212730408, 1.65488517284, 4.07763957977, -4.68538236618],
        "median": [-741.15032959, 185.126281738, -59.9281578064, 18.0655860901, -19.2962760925, -1.8856048584, -10.6909484863, -8.52793121338, -3.35488128662, -5.51417541504, 1.62280654907, 2.60912322998, -4.81990814209],
        "min": [-1047.86779785, 73.1357727051, -116.633926392, -35.9384536743, -65.8537826538, -29.4143791199, -52.8168296814, -32.0615310669, -28.6805496216, -30.3916702271, -18.6465625763, -17.6130981445, -25.0507469177],
        "var": [9963.59863281, 798.791809082, 1771.41809082, 312.836578369, 462.513427734, 163.730728149, 152.130599976, 72.560836792, 62.7518005371, 81.4988098145, 55.3751983643, 96.0184249878, 40.0718650818],
        "cov": [[9979.02148438, 168.357910156, -3987.86987305, 434.433868408, -1772.22814941, 68.7490463257, -864.067260742, -16.771686554, -210.754959106, -164.39276123, 13.8044166565, 261.212890625, -139.05569458], [168.357910156, 800.028320312, -19.8864078522, -289.924957275, -15.7257461548, -245.953033447, 55.1666488647, -98.314994812, 46.3000907898, -137.797225952, -3.80962896347, 31.6986141205, -7.61439371109], [-3987.86987305, -19.8864078522, 1774.16015625, -145.892333984, 697.604370117, 17.0610389709, 325.21887207, 32.8010368347, 74.1645736694, 76.5387573242, -15.9957265854, -112.263717651, 49.0182151794], [434.433868408, -289.924957275, -145.892333984, 313.320831299, 7.50955867767, 116.31464386, -43.9005393982, 12.4124298096, -33.3361434937, 15.7771854401, -12.5596065521, -46.0283203125, -17.2318267822], [-1772.22814941, -15.7257461548, 697.604370117, 7.50955867767, 463.229400635, 25.2987728119, 166.064025879, 3.32207751274, 3.73019814491, 26.1628799438, -17.3754272461, -90.4781188965, 9.65504932404], [68.7490463257, -245.953033447, 17.0610389709, 116.31464386, 25.2987728119, 163.984176636, -3.10301327705, 54.5104789734, -26.3075027466, 46.1185722351, -6.75639533997, -33.8029212952, -2.69338464737], [-864.067260742, 55.1666488647, 325.21887207, -43.9005393982, 166.064025879, -3.10301327705, 152.366104126, 11.6732902527, 30.1341514587, -7.65906953812, -11.1774110794, -26.8785552979, 10.821018219], [-16.771686554, -98.314994812, 32.8010368347, 12.4124298096, 3.32207751274, 54.5104789734, 11.6732902527, 72.6731643677, 3.70449566841, 33.5172843933, 2.93585252762, 1.49227702618, 8.12770557404], [-210.754959106, 46.3000907898, 74.1645736694, -33.3361434937, 3.73019814491, -26.3075027466, 30.1341514587, 3.70449566841, 62.8489379883, 4.55772733688, 17.3402709961, 18.3503170013, 8.42771720886], [-164.39276123, -137.797225952, 76.5387573242, 15.7771854401, 26.1628799438, 46.1185722351, -7.65906953812, 33.5172843933, 4.55772733688, 81.6249694824, 25.0297889709, 1.63655138016, 6.79950857162], [13.8044166565, -3.80962896347, -15.9957265854, -12.5596065521, -17.3754272461, -6.75639533997, -11.1774110794, 2.93585252762, 17.3402709961, 25.0297889709, 55.4609184265, 36.5500679016, 7.41559696198], [261.212890625, 31.6986141205, -112.263717651, -46.0283203125, -90.4781188965, -33.8029212952, -26.8785552979, 1.49227702618, 18.3503170013, 1.63655138016, 36.5500679016, 96.1670608521, 9.14708805084], [-139.05569458, -7.61439371109, 49.0182151794, -17.2318267822, 9.65504932404, -2.69338464737, 10.821018219, 8.12770557404, 8.42771720886, 6.79950857162, 7.41559696198, 9.14708805084, 40.133895874]],
        "icov": [[0.0949438735843, -0.129981830716, 0.131121262908, -0.120334103703, 0.125145971775, -0.118453867733, 0.110695697367, -0.102227091789, 0.0891861841083, -0.0772395506501, 0.0696633011103, -0.0569016709924, 0.0397417284548], [-0.129981830716, 0.1818652004, -0.179069504142, 0.167388215661, -0.171980261803, 0.164737865329, -0.151944860816, 0.140605479479, -0.123222105205, 0.110375508666, -0.097177028656, 0.0792761445045, -0.0532917864621], [0.131121262908, -0.179069504142, 0.182987466455, -0.165053114295, 0.170405387878, -0.163673326373, 0.151999592781, -0.140869706869, 0.121624991298, -0.107370458543, 0.0968515500426, -0.0783948376775, 0.0541620701551], [-0.120334103703, 0.167388215661, -0.165053114295, 0.159728705883, -0.160574287176, 0.147665560246, -0.138867646456, 0.131310075521, -0.114930793643, 0.101719640195, -0.0896628350019, 0.0743789970875, -0.0490989238024], [0.125145971775, -0.171980261803, 0.170405387878, -0.160574287176, 0.172847777605, -0.155412435532, 0.141560301185, -0.133716598153, 0.121490560472, -0.103768289089, 0.0900097936392, -0.0721681043506, 0.0526900812984], [-0.118453867733, 0.164737865329, -0.163673326373, 0.147665560246, -0.155412435532, 0.163447991014, -0.139953881502, 0.120276607573, -0.107228606939, 0.0949587896466, -0.0881060883403, 0.074234969914, -0.0483338460326], [0.110695697367, -0.151944860816, 0.151999592781, -0.138867646456, 0.141560301185, -0.139953881502, 0.144735962152, -0.122499749064, 0.0975130498409, -0.0849570184946, 0.0827631801367, -0.0662140995264, 0.0454906709492], [-0.102227091789, 0.140605479479, -0.140869706869, 0.131310075521, -0.133716598153, 0.120276607573, -0.122499749064, 0.133471235633, -0.0983058959246, 0.0767700001597, -0.071359090507, 0.0587822832167, -0.0454232394695], [0.0891861841083, -0.123222105205, 0.121624991298, -0.114930793643, 0.121490560472, -0.107228606939, 0.0975130498409, -0.0983058959246, 0.108352564275, -0.075328797102, 0.0595915317535, -0.054774299264, 0.0364140048623], [-0.0772395506501, 0.110375508666, -0.107370458543, 0.101719640195, -0.103768289089, 0.0949587896466, -0.0849570184946, 0.0767700001597, -0.075328797102, 0.0912943854928, -0.0695348083973, 0.0498022064567, -0.0313210971653], [0.0696633011103, -0.097177028656, 0.0968515500426, -0.0896628350019, 0.0900097936392, -0.0881060883403, 0.0827631801367, -0.071359090507, 0.0595915317535, -0.0695348083973, 0.0842204168439, -0.0538236126304, 0.0266858525574], [-0.0569016709924, 0.0792761445045, -0.0783948376775, 0.0743789970875, -0.0721681043506, 0.074234969914, -0.0662140995264, 0.0587822832167, -0.054774299264, 0.0498022064567, -0.0538236126304, 0.0541691705585, -0.0254721287638], [0.0397417284548, -0.0532917864621, 0.0541620701551, -0.0490989238024, 0.0526900812984, -0.0483338460326, 0.0454906709492, -0.0454232394695, 0.0364140048623, -0.0313210971653, 0.0266858525574, -0.0254721287638, 0.0448186397552]]
    }
}

}