{
"metadata": {
    "version": {
        "essentia": "2.0.1",
        "extractor": "archive-music 1.0 mod ismir14"
    },
    "audio_properties": {
        "analysis_sample_rate": 44100,
        "bitrate": 32,
        "channels": 2,
        "equal_loudness": 0,
        "length": 30.0408172607,
        "replay_gain": -13.5811634064,
        "downmix": "mix"
    },
    "tags": {
        "track": 0,
        "year": 0,
        "album": "",
        "artist": "",
        "comment": "",
        "genre": "",
        "title": ""
    }
},
"rhythm": {
    "bpm": 172.265625,
    "bpm_histogram_first_peak": 172,
    "bpm_histogram_first_peak_spread": 0,
    "bpm_histogram_first_peak_weight": 0.441860467196,
    "bpm_histogram_second_peak": 178,
    "bpm_histogram_second_peak_spread": 0,
    "bpm_histogram_second_peak_weight": 0.430232554674
},
"tonal": {
    "tuning_frequency": {
        "dmean": 0.313423424959,
        "dmean2": 0.60742110014,
        "dvar": 3.15353608131,
        "dvar2": 7.14075374603,
        "max": 456.04309082,
        "mean": 444.729858398,
        "median": 441.782684326,
        "min": 431.443084717,
        "var": 27.5183925629
    },
    "hpcp": {
        "dmean": [0.229257047176, 0.156907081604, 0.229839742184, 0.249858856201, 0.115686886013, 0.215788453817, 0.264286845922, 0.275081694126, 0.178696617484, 0.1151933074, 0.244559064507, 0.0821194648743],
        "dmean2": [0.393377125263, 0.275295168161, 0.424921125174, 0.441342175007, 0.203521817923, 0.349847227335, 0.460325807333, 0.482271045446, 0.305120557547, 0.19920489192, 0.452209770679, 0.147346511483],
        "dvar": [0.0459286309779, 0.0332772247493, 0.0590025484562, 0.0600931867957, 0.0280011110008, 0.0598675347865, 0.0656568184495, 0.0468066334724, 0.0398572683334, 0.0204994920641, 0.0683409497142, 0.0151235423982],
        "dvar2": [0.125932395458, 0.0876510441303, 0.168208599091, 0.176393285394, 0.0791054815054, 0.141061469913, 0.146812528372, 0.119917996228, 0.0981436893344, 0.0515899062157, 0.173516392708, 0.0442856661975],
        "max": [1, 1, 1, 1, 1, 1, 1, 1, 1, 0.986534893513, 1, 1],
        "mean": [0.305755674839, 0.181444197893, 0.234993845224, 0.307526797056, 0.131500095129, 0.325274914503, 0.351881235838, 0.401163905859, 0.249089404941, 0.138805553317, 0.786318004131, 0.0994081571698],
        "median": [0.247492864728, 0.11356690526, 0.132327437401, 0.216224864125, 0.0765875577927, 0.146139964461, 0.25412529707, 0.347995311022, 0.137092605233, 0.0850386992097, 1, 0.0711909607053],
        "min": [0.0184378456324, 0.00676268758252, 0.00705571332946, 0.0081823784858, 0.00735194189474, 0.0184887889773, 0.00806523021311, 0.00849085766822, 0.00570714706555, 0.00481056282297, 0.146631091833, 0.00477338442579],
        "var": [0.0655039548874, 0.0396728143096, 0.0612284950912, 0.0727956369519, 0.0254651959985, 0.111286491156, 0.0969416946173, 0.0861210003495, 0.0668547898531, 0.0260612722486, 0.0773179978132, 0.0110052870587]
    }
},
"lowlevel": {
    "melbands": {
        "dmean": [1.46345673784e-05, 6.22622465016e-05, 5.74046025577e-05, 3.79320190405e-05, 1.5559113308e-05, 2.80969579762e-05, 2.87026832666e-05, 3.55193769792e-05, 4.13140587625e-05, 2.28035405598e-05, 1.5760973838e-05, 1.03811726149e-05, 9.11003462534e-06, 5.11677581017e-06, 8.46253260534e-06, 4.86634917252e-06, 6.21212575425e-06, 3.81601103072e-06, 2.54245810538e-06, 2.35079414779e-06, 2.25733197112e-06, 2.30350428865e-06, 3.66226390724e-06, 3.84663007935e-06, 2.39524661083e-06, 1.54871111135e-06, 1.60609022259e-06, 1.01166176592e-06, 4.53554548585e-07, 3.90864897781e-07, 3.54654417833e-07, 1.82838007845e-07, 7.31360572104e-08, 4.80840469663e-08, 4.43696208663e-08, 3.74454742769e-08, 3.0994517175e-08, 2.68469673159e-08, 1.58723860721e-08, 8.07009037374e-09],
        "dmean2": [2.58305390162e-05, 0.000117121846415, 0.000103108723124, 6.88103245921e-05, 2.81076499959e-05, 5.08553021064e-05, 5.11094913236e-05, 6.48139975965e-05, 6.8428904342e-05, 4.05192586186e-05, 2.6869289286e-05, 1.88049361896e-05, 1.65158417076e-05, 8.93380547495e-06, 1.55850721058e-05, 8.64389221533e-06, 1.13989744932e-05, 6.72229862175e-06, 4.59670400232e-06, 3.8874418351e-06, 4.02892874263e-06, 4.09384983868e-06, 6.72545547786e-06, 6.49848470857e-06, 4.14089163314e-06, 2.64281220552e-06, 2.77239337265e-06, 1.74745764525e-06, 7.82229790275e-07, 7.08144739292e-07, 6.08839627603e-07, 3.18227307616e-07, 1.27074955003e-07, 8.37074267679e-08, 7.61061684784e-08, 6.37751895738e-08, 5.64284121651e-08, 4.71474805863e-08, 2.76886460426e-08, 1.47553995689e-08],
        "dvar": [4.53298204528e-10, 4.69509808809e-09, 2.75563238894e-09, 3.01501801303e-09, 2.0146112556e-10, 5.76554970433e-10, 6.87421786161e-10, 1.4412727678e-09, 6.27470653214e-09, 3.58135054945e-09, 4.85439966003e-10, 5.97614124853e-10, 4.96434504615e-10, 1.11635367617e-10, 3.42333356107e-10, 7.21402451664e-11, 2.07377684469e-10, 5.01105996975e-11, 1.46602487094e-11, 2.87506060626e-11, 1.09073097776e-11, 1.06145040674e-11, 3.97906360639e-11, 4.50663881213e-11, 1.63795227381e-11, 7.9599989794e-12, 1.07689811929e-11, 4.98533679616e-12, 4.45950378404e-13, 5.77326869037e-13, 5.15740119882e-13, 1.24747150001e-13, 1.34265860623e-14, 5.28118520459e-15, 5.16205722034e-15, 1.82846355346e-15, 1.25144321633e-15, 6.45577542755e-16, 2.60803985558e-16, 1.1153604118e-16],
        "dvar2": [1.18007348338e-09, 1.54193209312e-08, 7.99390864614e-09, 8.36420710471e-09, 5.5056387227e-10, 1.86079196496e-09, 1.87185800193e-09, 3.82590048531e-09, 1.31308990348e-08, 9.90697568426e-09, 1.21246634954e-09, 1.63770919048e-09, 1.36982047927e-09, 3.20042825575e-10, 1.00532993041e-09, 2.0690843483e-10, 5.88942228319e-10, 1.26093510633e-10, 3.90725091171e-11, 7.0314774836e-11, 2.68209308929e-11, 3.00361090166e-11, 1.15115986188e-10, 1.22209395381e-10, 3.73073238968e-11, 2.11312477932e-11, 2.73936394402e-11, 1.29717590835e-11, 1.09326404266e-12, 1.45073308835e-12, 1.46920333972e-12, 3.48247337001e-13, 2.99403446371e-14, 1.17818691543e-14, 9.85473113296e-15, 3.54614917346e-15, 2.9743322656e-15, 1.58359913978e-15, 6.7759311176e-16, 2.91861322072e-16],
        "max": [0.000166014739079, 0.000411138345953, 0.000263962487224, 0.000329203467118, 8.58509301906e-05, 0.000146369624417, 0.000150481166202, 0.000151355619892, 0.000846369832288, 0.000498782261275, 0.000148714258103, 0.000132261484396, 0.000141339405673, 7.61726769269e-05, 0.000127308274386, 4.65393859486e-05, 8.94113327377e-05, 6.889514043e-05, 2.32624079217e-05, 5.31521291123e-05, 2.02694518521e-05, 2.29967754422e-05, 3.14095341309e-05, 5.0114642363e-05, 3.27649322571e-05, 2.09607842407e-05, 2.40245881287e-05, 1.37668175739e-05, 5.03397495777e-06, 5.12139604325e-06, 4.87794068249e-06, 2.4522341846e-06, 7.68423774389e-07, 5.25632231074e-07, 6.05620471106e-07, 3.82065962867e-07, 3.15930520856e-07, 2.16782638063e-07, 1.5127798747e-07, 1.06662824351e-07],
        "mean": [1.85447042895e-05, 7.19827585272e-05, 7.74475556682e-05, 4.06026010751e-05, 2.19268349611e-05, 3.9993556129e-05, 3.94925846194e-05, 3.00851552311e-05, 4.75494853163e-05, 2.40765948547e-05, 1.85513781616e-05, 8.758875083e-06, 6.9178540798e-06, 4.75320348414e-06, 7.68588779465e-06, 4.15981958213e-06, 4.72416968478e-06, 3.812187515e-06, 2.57265355685e-06, 2.19388766709e-06, 2.10569874071e-06, 2.19608409679e-06, 3.40421252076e-06, 3.73587977265e-06, 2.40333838519e-06, 2.01746843231e-06, 1.6540282104e-06, 9.69732809608e-07, 5.19099387475e-07, 4.21290877739e-07, 3.46383359329e-07, 2.1546892981e-07, 1.05725355581e-07, 8.3693130648e-08, 7.99044599376e-08, 6.67459900683e-08, 6.17481958898e-08, 4.49759589571e-08, 2.38742305925e-08, 1.3292974721e-08],
        "median": [1.2914594663e-05, 5.50085569557e-05, 6.40795042273e-05, 2.69471493084e-05, 1.74102387973e-05, 3.58561555913e-05, 3.02893440676e-05, 1.54139379447e-05, 2.93174780381e-05, 1.334186436e-05, 1.22664441733e-05, 2.7708356356e-06, 1.95448160412e-06, 1.9656972654e-06, 3.81273389394e-06, 1.83463941994e-06, 1.7612035208e-06, 1.26971360714e-06, 1.15353407182e-06, 9.5433892966e-07, 9.08533877464e-07, 8.31048510008e-07, 8.92596915492e-07, 7.02959823684e-07, 7.91596733052e-07, 6.546144391e-07, 3.33389294838e-07, 3.33184459578e-07, 3.14456855222e-07, 1.99662068212e-07, 1.16319760934e-07, 8.97617624673e-08, 5.84061901066e-08, 5.32727710834e-08, 5.14196756285e-08, 4.37745590887e-08, 4.66707845703e-08, 3.2394726901e-08, 1.63569229272e-08, 9.98373916872e-09],
        "min": [1.83201564141e-06, 5.73204260945e-06, 3.96582936446e-06, 3.44432282873e-06, 1.09556356165e-06, 6.55817757433e-07, 8.84391852196e-07, 5.47400702544e-07, 1.07853814768e-07, 1.02338880481e-07, 9.90427366787e-08, 2.61236436927e-08, 6.4661463739e-08, 1.4916659552e-07, 3.9890682757e-08, 3.24423794495e-08, 3.68683146235e-08, 1.4711110552e-08, 1.38003333205e-08, 2.10788790866e-08, 3.19457846842e-08, 3.58855025695e-08, 3.363233958e-08, 2.14374118457e-08, 3.22691491306e-08, 4.06194331504e-08, 1.11903304401e-08, 7.47175299409e-09, 4.30523918737e-08, 1.93571576546e-08, 8.18570633498e-09, 6.87667345289e-09, 6.53537446382e-09, 3.18343129635e-09, 2.98748248362e-09, 4.62707960835e-09, 4.17649825835e-09, 4.61780702565e-09, 2.73830425002e-09, 1.03844188803e-09],
        "var": [4.10426193032e-10, 3.66345620506e-09, 2.5304605078e-09, 2.16748197168e-09, 2.79028355976e-10, 7.35795313567e-10, 9.70355129581e-10, 1.12617593029e-09, 6.92531676449e-09, 2.2943411615e-09, 5.17171083736e-10, 4.32882729662e-10, 3.40914602104e-10, 7.52641629576e-11, 2.11792847149e-10, 5.25087959224e-11, 1.29333807553e-10, 6.28346541465e-11, 1.39749089037e-11, 2.51476218321e-11, 1.13912542593e-11, 1.07277936534e-11, 3.77649127248e-11, 5.17138137868e-11, 1.80354654822e-11, 1.08067539292e-11, 1.16219221746e-11, 4.0720673361e-12, 4.63929946976e-13, 5.31581885715e-13, 4.40271083479e-13, 1.09774257013e-13, 1.74978355237e-14, 8.0850209611e-15, 8.87531964155e-15, 4.14752562535e-15, 2.20049905862e-15, 1.26054744408e-15, 4.64175590343e-16, 1.37074905103e-16]
    },
    "mfcc": {
        "dmean": [32.0508384705, 11.5359325409, 17.3573265076, 9.11325550079, 10.5150566101, 9.78828907013, 10.5089359283, 7.37485456467, 6.17878723145, 6.81995916367, 6.25997447968, 6.44587230682, 6.76819133759],
        "dmean2": [56.476184845, 19.2029342651, 27.4191360474, 15.1188192368, 18.5882568359, 16.5754985809, 17.8823566437, 12.933588028, 10.3719406128, 11.1141338348, 10.1739263535, 10.6625900269, 11.0456256866],
        "dvar": [759.825195312, 102.508399963, 146.528076172, 86.8445968628, 70.3834533691, 61.0431900024, 88.6162567139, 28.569486618, 32.6324920654, 32.0059280396, 27.4208202362, 25.8408927917, 27.129114151],
        "dvar2": [1653.02539062, 214.884170532, 426.584228516, 198.527664185, 181.976318359, 166.630477905, 233.638198853, 93.0205001831, 87.0193862915, 88.8043670654, 70.5910644531, 72.5629882812, 70.6999664307],
        "max": [-657.093811035, 151.685455322, 31.6976280212, 69.8799438477, 24.3217926025, 22.2302494049, 30.214630127, 21.5272865295, 9.44136428833, 28.0100250244, 26.5432319641, 20.9624862671, 9.49022102356],
        "mean": [-750.931884766, 124.148269653, -5.21112585068, 24.9822292328, -6.95276832581, -5.99231529236, -3.94039273262, -0.0804473757744, -5.13342380524, 6.17945194244, 0.796028017998, 3.1642100811, -7.24353694916],
        "median": [-755.628662109, 128.626663208, -4.11170196533, 22.8885231018, -9.86604690552, -5.24674224854, -5.36426925659, -0.951377868652, -4.30649757385, 7.34621238708, 0.690113067627, 3.19862556458, -6.46074104309],
        "min": [-930.699645996, 70.5436248779, -58.5283737183, -10.6938667297, -35.5529708862, -35.0219726562, -22.2078323364, -16.6075439453, -31.053358078, -26.9080200195, -16.1170654297, -12.4340019226, -33.8011856079],
        "var": [1345.65026855, 330.798370361, 352.197784424, 166.852142334, 122.497543335, 92.2334136963, 123.87827301, 55.2784957886, 56.897441864, 65.0775756836, 44.411315918, 39.4549980164, 59.8201141357],
        "cov": [[1353.95666504, -366.42868042, -535.03717041, 82.9301300049, 26.9786548615, -99.6402130127, 5.43347454071, 44.3673019409, -41.1859741211, -45.78490448, 48.156414032, -15.6688899994, -80.7609863281], [-366.42868042, 332.840362549, 166.994506836, -148.648468018, -80.0285415649, 54.6107025146, -0.0448972918093, -55.0935707092, 30.3278503418, 37.2208137512, 8.65617465973, 34.9815139771, 34.9309921265], [-535.03717041, 166.994506836, 354.371826172, 2.28350234032, 0.148510396481, 40.6521492004, -19.2729072571, -10.5128116608, 24.6453952789, 12.5742816925, -16.5984230042, 2.92983698845, 39.7584342957], [82.9301300049, -148.648468018, 2.28350234032, 167.882095337, 88.4044265747, -54.1959571838, -34.6744041443, 23.4063491821, -11.2339582443, -14.69094944, -7.17105817795, -22.2366771698, -7.04039859772], [26.9786548615, -80.0285415649, 0.148510396481, 88.4044265747, 123.253700256, -28.1735057831, -41.938999176, 19.8477668762, -6.26638698578, -7.50007152557, -15.0217781067, -15.7550315857, -0.876006603241], [-99.6402130127, 54.6107025146, 40.6521492004, -54.1959571838, -28.1735057831, 92.8027496338, 65.3612365723, 2.40104460716, -0.0345605090261, -19.4737014771, -6.56893634796, -1.67234897614, -19.1083164215], [5.43347454071, -0.0448972918093, -19.2729072571, -34.6744041443, -41.938999176, 65.3612365723, 124.642951965, 26.3584098816, -31.2664661407, -31.297410965, -12.7329826355, 0.541284620762, -17.3366146088], [44.3673019409, -55.0935707092, -10.5128116608, 23.4063491821, 19.8477668762, 2.40104460716, 26.3584098816, 55.619720459, -5.00063467026, -28.155620575, -6.29332542419, -5.1886048317, -6.37110042572], [-41.1859741211, 30.3278503418, 24.6453952789, -11.2339582443, -6.26638698578, -0.0345605090261, -31.2664661407, -5.00063467026, 57.2486610413, 24.7661571503, -2.45899605751, -3.97517442703, -0.101680532098], [-45.78490448, 37.2208137512, 12.5742816925, -14.69094944, -7.50007152557, -19.4737014771, -31.297410965, -28.155620575, 24.7661571503, 65.4792861938, 9.75309848785, -4.81973457336, 11.95470047], [48.156414032, 8.65617465973, -16.5984230042, -7.17105817795, -15.0217781067, -6.56893634796, -12.7329826355, -6.29332542419, -2.45899605751, 9.75309848785, 44.685459137, 14.1229248047, -9.35324192047], [-15.6688899994, 34.9815139771, 2.92983698845, -22.2366771698, -15.7550315857, -1.67234897614, 0.541284620762, -5.1886048317, -3.97517442703, -4.81973457336, 14.1229248047, 39.6985473633, 19.821062088], [-80.7609863281, 34.9309921265, 39.7584342957, -7.04039859772, -0.876006603241, -19.1083164215, -17.3366146088, -6.37110042572, -0.101680532098, 11.95470047, -9.35324192047, 19.821062088, 60.1893730164]],
        "icov": [[0.00223371526226, 0.000680705474224, 0.00280910846777, -0.000259673368419, 0.000188798643649, 0.00106055825017, -0.000261408335064, 6.91274835845e-05, -0.000781333947089, 0.00143942341674, -0.00195986195467, 0.000786703836638, 0.000136785602081], [0.000680705474224, 0.0105462577194, -0.00395584572107, 0.00844136439264, -0.00136916607153, 0.00177298556082, -0.00190096755978, 0.00644227489829, -0.00296620605513, 0.000728331331629, -0.00229811598547, -0.00272732554004, -0.000538060208783], [0.00280910846777, -0.00395584572107, 0.00985532533377, -0.00634630536661, 0.00231243623421, -0.00490269623697, 0.00353467348032, -0.00390277709812, 0.000461612653453, 0.00030907150358, -0.000457209476735, 0.00218832818791, -0.00295743905008], [-0.000259673368419, 0.00844136439264, -0.00634630536661, 0.0213181860745, -0.0103272031993, 0.0124693326652, -0.00669764261693, 0.00732841715217, -0.00455433316529, 0.006320994813, -0.00575283309445, 0.00447100773454, 0.000463726202725], [0.000188798643649, -0.00136916607153, 0.00231243623421, -0.0103272031993, 0.0197700094432, -0.00958935823292, 0.0137011976913, -0.0112248519436, 0.00956337526441, -0.00662569422275, 0.010492359288, -0.00371370185167, 0.00249969400465], [0.00106055825017, 0.00177298556082, -0.00490269623697, 0.0124693326652, -0.00958935823292, 0.0366611294448, -0.0228475201875, 0.0137254679576, -0.0141130313277, 0.0145897120237, -0.00895733200014, 0.00720724184066, 0.00477536208928], [-0.000261408335064, -0.00190096755978, 0.00353467348032, -0.00669764261693, 0.0137011976913, -0.0228475201875, 0.0321151539683, -0.0195535682142, 0.0202440321445, -0.0112073430791, 0.015936980024, -0.00862776953727, 0.00533867999911], [6.91274835845e-05, 0.00644227489829, -0.00390277709812, 0.00732841715217, -0.0112248519436, 0.0137254679576, -0.0195535682142, 0.0402198322117, -0.0170383807272, 0.0195374712348, -0.0123976599425, 0.00847083237022, -0.00601693987846], [-0.000781333947089, -0.00296620605513, 0.000461612653453, -0.00455433316529, 0.00956337526441, -0.0141130313277, 0.0202440321445, -0.0170383807272, 0.0363306626678, -0.0189737249166, 0.0158524662256, -0.00812656991184, 0.00849109143019], [0.00143942341674, 0.000728331331629, 0.00030907150358, 0.006320994813, -0.00662569422275, 0.0145897120237, -0.0112073430791, 0.0195374712348, -0.0189737249166, 0.0372064225376, -0.0185508299619, 0.018899070099, -0.0111091108993], [-0.00195986195467, -0.00229811598547, -0.000457209476735, -0.00575283309445, 0.010492359288, -0.00895733200014, 0.015936980024, -0.0123976599425, 0.0158524662256, -0.0185508299619, 0.0458790771663, -0.0261473767459, 0.0183716416359], [0.000786703836638, -0.00272732554004, 0.00218832818791, 0.00447100773454, -0.00371370185167, 0.00720724184066, -0.00862776953727, 0.00847083237022, -0.00812656991184, 0.018899070099, -0.0261473767459, 0.0524362064898, -0.0227370616049], [0.000136785602081, -0.000538060208783, -0.00295743905008, 0.000463726202725, 0.00249969400465, 0.00477536208928, 0.00533867999911, -0.00601693987846, 0.00849109143019, -0.0111091108993, 0.0183716416359, -0.0227370616049, 0.0341343544424]]
    }
}

}