{
"metadata": {
    "version": {
        "essentia": "2.0.1",
        "extractor": "archive-music 1.0 mod ismir14"
    },
    "audio_properties": {
        "analysis_sample_rate": 44100,
        "bitrate": 32,
        "channels": 2,
        "equal_loudness": 0,
        "length": 30.0408172607,
        "replay_gain": -13.720664978,
        "downmix": "mix"
    },
    "tags": {
        "track": 0,
        "year": 0,
        "album": "",
        "artist": "",
        "comment": "",
        "genre": "",
        "title": ""
    }
},
"rhythm": {
    "bpm": 90.2956161499,
    "bpm_histogram_first_peak": 91,
    "bpm_histogram_first_peak_spread": 0.341463446617,
    "bpm_histogram_first_peak_weight": 0.62790697813,
    "bpm_histogram_second_peak": 85,
    "bpm_histogram_second_peak_spread": 0,
    "bpm_histogram_second_peak_weight": 0.0465116277337
},
"tonal": {
    "tuning_frequency": {
        "dmean": 0.0740588158369,
        "dmean2": 0.134468600154,
        "dvar": 0.15423129499,
        "dvar2": 0.269159495831,
        "max": 454.465301514,
        "mean": 451.057434082,
        "median": 450.544708252,
        "min": 448.726654053,
        "var": 1.80628097057
    },
    "hpcp": {
        "dmean": [0.281260997057, 0.0797057151794, 0.151458263397, 0.16384421289, 0.412407487631, 0.293628782034, 0.119823977351, 0.316295385361, 0.13407933712, 0.0984332561493, 0.122480511665, 0.147958680987],
        "dmean2": [0.490939110518, 0.135478913784, 0.254927843809, 0.306670725346, 0.746182739735, 0.529224276543, 0.206625565886, 0.524556577206, 0.236007526517, 0.173405185342, 0.214126139879, 0.264605730772],
        "dvar": [0.095564134419, 0.0102621652186, 0.030469994992, 0.0558037161827, 0.0898672863841, 0.0815604999661, 0.0139710363001, 0.0874385163188, 0.0291257295758, 0.0172902848572, 0.0261804554611, 0.0310040898621],
        "dvar2": [0.170054495335, 0.0252867694944, 0.0753479748964, 0.156461238861, 0.238027021289, 0.19337618351, 0.0339101068676, 0.194600641727, 0.0850592553616, 0.0494140945375, 0.0729694068432, 0.0861083939672],
        "max": [1, 0.629453778267, 1, 1, 1, 1, 0.613788068295, 1, 1, 1, 1, 1],
        "mean": [0.562115967274, 0.0840859413147, 0.184509813786, 0.149121508002, 0.41349413991, 0.390009820461, 0.129824578762, 0.428482443094, 0.123024106026, 0.100486055017, 0.119921855628, 0.147606447339],
        "median": [0.520034372807, 0.0494138933718, 0.105104103684, 0.0742290988564, 0.273141205311, 0.264644771814, 0.0758148953319, 0.303359866142, 0.0674334168434, 0.0680463984609, 0.0705361068249, 0.0852778628469],
        "min": [0.00728080514818, 0.00231335847639, 0.00976787414402, 0.00498163374141, 0.0122236302122, 0.0101783555001, 0.00515866931528, 0.00721103465185, 0.00150932045653, 0.00435057049617, 0.00318421376869, 0.00430597458035],
        "var": [0.157125294209, 0.0111155435443, 0.041044048965, 0.0488419868052, 0.121211841702, 0.131467744708, 0.0188734028488, 0.141917169094, 0.0254743490368, 0.0142413266003, 0.0223352368921, 0.0294783972204]
    }
},
"lowlevel": {
    "melbands": {
        "dmean": [6.87251376803e-05, 0.000174881424755, 5.00829810335e-05, 3.15639263135e-05, 2.84080724668e-05, 2.09528116102e-05, 2.77671952063e-05, 4.27652557846e-05, 7.30576794012e-05, 5.4958378314e-05, 2.23687893595e-05, 2.58578875219e-05, 3.14089265885e-05, 1.03802649392e-05, 1.79334929271e-05, 2.19935463974e-05, 5.59555155633e-06, 3.74744877263e-06, 1.5574137251e-06, 1.75651837253e-06, 3.31455771629e-06, 2.40782674155e-06, 4.47308821094e-06, 3.59071896128e-06, 1.89932029571e-06, 2.2917372462e-06, 2.01098896468e-06, 1.21560321986e-06, 5.25130246842e-07, 4.6587430802e-07, 2.13196130971e-07, 8.14479363953e-08, 4.55862760873e-08, 4.11682918866e-08, 3.90981185205e-08, 3.6082500543e-08, 3.53398021957e-08, 4.69100278622e-08, 4.61440770039e-08, 3.47841400128e-08],
        "dmean2": [0.000108162101242, 0.000279459840385, 8.93493488547e-05, 5.53300924366e-05, 5.14669336553e-05, 3.82256621378e-05, 4.74480548291e-05, 8.07506512501e-05, 0.000134981251904, 0.000102201258414, 4.35066976934e-05, 4.87619545311e-05, 5.72280659981e-05, 1.95459015231e-05, 3.25120599882e-05, 4.00607641495e-05, 1.05352592072e-05, 6.95689777785e-06, 2.83060353468e-06, 3.10011000693e-06, 6.01973124503e-06, 4.43700673713e-06, 8.4372022684e-06, 6.62853926769e-06, 3.452387773e-06, 4.2425299398e-06, 3.71615055883e-06, 2.21674918066e-06, 9.785982229e-07, 8.83316886302e-07, 3.95376218876e-07, 1.48807174583e-07, 8.55699440194e-08, 7.53986384439e-08, 7.02381584006e-08, 6.48044888862e-08, 6.5159625251e-08, 8.55126316424e-08, 8.51365484777e-08, 6.33833820984e-08],
        "dvar": [2.2223185514e-09, 1.65324856027e-08, 2.72663602807e-09, 6.23213980422e-10, 1.38775158032e-09, 4.37421765476e-10, 1.99038874271e-09, 3.535829185e-09, 7.32964533512e-09, 1.55224721965e-08, 9.85913128915e-09, 2.01988137327e-09, 3.50332274301e-09, 2.36406311194e-10, 6.17263240521e-10, 1.33686295367e-09, 4.02890332207e-10, 6.60302784672e-11, 3.26914905736e-12, 1.79676076534e-12, 1.06262334001e-11, 5.68854555474e-12, 2.29129562546e-11, 9.99307928073e-12, 2.75175108394e-12, 4.99485348915e-12, 4.21927293451e-12, 1.44172000727e-12, 2.75402232486e-13, 2.46939892579e-13, 4.05197217738e-14, 5.93618688886e-15, 1.93298170168e-15, 1.26540157814e-15, 1.01757551377e-15, 1.29164096478e-15, 1.32256465538e-15, 2.7242824221e-15, 2.56930694473e-15, 1.57289560794e-15],
        "dvar2": [5.60264590277e-09, 4.85658979699e-08, 7.45042161299e-09, 1.68409819423e-09, 3.60948870792e-09, 9.71482227996e-10, 5.08704145474e-09, 1.0390027505e-08, 2.13508126734e-08, 4.39803073959e-08, 2.96595423777e-08, 5.98673688401e-09, 9.83943326816e-09, 6.87398304944e-10, 1.61631186213e-09, 3.71684083511e-09, 1.20585796903e-09, 1.9230270154e-10, 9.57462407969e-12, 5.26225764352e-12, 2.78515769475e-11, 1.64505891548e-11, 6.40501054971e-11, 2.67076569194e-11, 8.12605017997e-12, 1.36640846207e-11, 1.17020663992e-11, 4.1097728519e-12, 7.6810937168e-13, 6.88257827466e-13, 1.21937304546e-13, 1.89762993459e-14, 5.83467591936e-15, 3.6040154998e-15, 3.0156782731e-15, 3.82787614336e-15, 4.18251825047e-15, 8.4621632279e-15, 7.90547708134e-15, 4.78215828482e-15],
        "max": [0.000268876785412, 0.000817719846964, 0.00042567611672, 0.000190175822354, 0.000314849952701, 0.000161499163369, 0.000442086457042, 0.000301821477478, 0.00048811204033, 0.000962347141467, 0.000903595006093, 0.00027804999263, 0.000349900336005, 8.52570083225e-05, 0.00013571837917, 0.000172196145286, 0.000181912546395, 5.2084109484e-05, 1.4815560462e-05, 6.82348400005e-06, 1.83493357326e-05, 1.16146939035e-05, 2.33203099924e-05, 1.66855152202e-05, 8.99343740457e-06, 1.37618535518e-05, 1.15581979117e-05, 7.61778073866e-06, 2.87345278593e-06, 3.3334949876e-06, 1.32421826038e-06, 6.15516739799e-07, 2.79968503492e-07, 2.69603617653e-07, 1.93574777541e-07, 1.99400801648e-07, 1.89598964084e-07, 3.10739551423e-07, 3.36156404046e-07, 3.00769471551e-07],
        "mean": [0.0001022077995, 0.000269965297775, 8.71312440722e-05, 4.14317146351e-05, 2.77867457044e-05, 2.2506710593e-05, 2.91977248708e-05, 3.6443972931e-05, 6.08985646977e-05, 3.85842467949e-05, 1.54609660967e-05, 1.89821421372e-05, 2.17779434024e-05, 8.69289669936e-06, 1.49794495883e-05, 1.61118059623e-05, 4.0620125219e-06, 2.94490882879e-06, 1.61968728207e-06, 1.92283096112e-06, 2.88623641609e-06, 2.14781857721e-06, 3.75595368496e-06, 2.96980078929e-06, 1.81618759143e-06, 2.03930062526e-06, 1.65482288139e-06, 9.94239258034e-07, 4.81851657241e-07, 3.82976679703e-07, 2.04416110705e-07, 1.02133419944e-07, 6.40126600615e-08, 5.76266039332e-08, 5.52831345146e-08, 5.69515705706e-08, 4.73315893146e-08, 6.32646219856e-08, 5.83015662414e-08, 4.86325326676e-08],
        "median": [9.20584352571e-05, 0.000237304644543, 7.56872468628e-05, 3.14325661748e-05, 1.68227361428e-05, 1.5546580471e-05, 1.65749825101e-05, 1.92916195374e-05, 2.920438601e-05, 9.4956067187e-06, 5.56825170861e-06, 6.83824782755e-06, 4.13935504184e-06, 3.92847232433e-06, 6.06683670412e-06, 4.60175488115e-06, 1.51447659391e-06, 1.22590358842e-06, 1.09700158646e-06, 1.5314965367e-06, 1.69186478161e-06, 1.24945279367e-06, 2.1791738618e-06, 1.4757555391e-06, 1.38296263685e-06, 1.27565226649e-06, 8.27111250601e-07, 5.01974852796e-07, 3.23295893168e-07, 2.12041456393e-07, 1.42436732631e-07, 8.40462845986e-08, 5.27638981396e-08, 4.7399133507e-08, 4.5650033087e-08, 4.91298202121e-08, 3.91462613436e-08, 4.95460206196e-08, 4.5147167782e-08, 3.84771361439e-08],
        "min": [4.47604543297e-06, 1.21725688587e-05, 5.81795620747e-06, 5.35404979018e-06, 1.94099948203e-06, 1.5564255591e-06, 1.5728770677e-06, 1.75694503923e-06, 1.42585815865e-06, 6.14685518485e-07, 5.16471573064e-07, 4.16785866264e-07, 3.36244283972e-07, 5.6469360743e-07, 2.82796889906e-07, 2.3587986675e-07, 1.08809274479e-07, 2.06355423416e-07, 1.52940884846e-07, 2.09564262832e-07, 2.13398834603e-07, 1.55948470137e-07, 1.78414879315e-07, 2.0669368439e-07, 2.11702584352e-07, 2.55589384324e-07, 8.40287697201e-08, 4.09072988816e-08, 4.71963836901e-08, 3.05034646431e-08, 1.98956193742e-08, 1.39412215105e-08, 1.12012923381e-08, 1.43600473734e-08, 1.11093507726e-08, 7.47479766972e-09, 7.50704831631e-09, 9.42852462771e-09, 5.37526601008e-09, 5.59252288923e-09],
        "var": [4.00138677747e-09, 3.15535899631e-08, 3.42986217206e-09, 8.75611416706e-10, 1.1951062362e-09, 5.55677615033e-10, 1.82255133208e-09, 2.58137800024e-09, 6.58093401995e-09, 9.62835855489e-09, 5.09383557556e-09, 1.33559763249e-09, 2.38427011467e-09, 1.73692227268e-10, 4.91213125731e-10, 9.53401468884e-10, 2.12616285689e-10, 4.1025908365e-11, 2.77780055902e-12, 2.2122080643e-12, 9.59894403546e-12, 5.05800653097e-12, 1.81325874454e-11, 9.64509028201e-12, 2.6021047296e-12, 4.21898670513e-12, 3.44725246612e-12, 1.23397592058e-12, 2.29373079775e-13, 1.89021473712e-13, 3.59223149273e-14, 6.09777324662e-15, 1.94439038844e-15, 1.3599180672e-15, 1.07928504035e-15, 1.0745205859e-15, 1.15735818468e-15, 2.40280313719e-15, 2.12579138794e-15, 1.34010109613e-15]
    },
    "mfcc": {
        "dmean": [43.3150634766, 11.4839458466, 20.1175308228, 12.7955369949, 11.3045539856, 11.5537967682, 9.96323108673, 8.18822193146, 5.08808898926, 6.4057841301, 6.93093585968, 6.08118486404, 5.94399881363],
        "dmean2": [79.7616271973, 18.9968280792, 34.1029090881, 20.5149478912, 19.9193935394, 19.559589386, 15.8970413208, 13.6930427551, 8.34546852112, 10.8300943375, 11.2969808578, 10.1629962921, 10.0530481339],
        "dvar": [823.650390625, 70.850402832, 176.312866211, 110.227355957, 69.5248413086, 85.6791381836, 68.7922210693, 48.7005195618, 15.2452554703, 26.4835033417, 27.1161708832, 18.5061626434, 15.6089258194],
        "dvar2": [2741.453125, 199.215881348, 614.047546387, 301.153594971, 215.05682373, 249.53578186, 189.690811157, 139.353820801, 40.1842346191, 72.42552948, 73.0632781982, 57.2085723877, 45.6447677612],
        "max": [-668.02947998, 153.798629761, 32.081199646, 59.0158882141, 31.5756721497, 20.8018512726, 42.1763572693, 38.1880149841, 13.6708335876, 24.1802425385, 21.0166397095, 24.0635089874, 14.3278217316],
        "mean": [-735.898925781, 126.781288147, -5.84338283539, 24.5703086853, 5.75348854065, -6.57891082764, 14.8243951797, 5.97268486023, 0.723081827164, 3.60233879089, 5.63144302368, 8.18681144714, 0.956151008606],
        "median": [-734.409362793, 127.955032349, -8.61575317383, 23.3402633667, 4.16300582886, -6.41428375244, 14.5481681824, 5.74541282654, 1.21625518799, 3.16571807861, 5.24731254578, 8.48465156555, 0.865882873535],
        "min": [-824.16003418, 96.3702087402, -40.7893753052, -12.7232494354, -22.3401908875, -32.7871284485, -7.3014087677, -16.2486743927, -15.3616828918, -15.9924068451, -8.93950080872, -7.41780853271, -15.8594589233],
        "var": [989.552734375, 137.166717529, 285.002624512, 214.243453979, 111.928596497, 102.767494202, 94.3049316406, 70.6635437012, 30.2206668854, 53.6914901733, 45.1706542969, 37.0270118713, 29.7300224304],
        "cov": [[995.661071777, -13.8527202606, -379.427215576, -2.10626745224, -176.10194397, -109.697166443, -33.3722953796, -37.3475341797, -27.7686843872, -24.9357738495, -35.1388664246, -5.28957509995, -45.4499435425], [-13.8527202606, 138.013427734, 11.6037254333, -108.91166687, -39.6025810242, 12.1845388412, 21.0536079407, 12.8376121521, -18.3316287994, 0.230964660645, 42.7195739746, 4.94785356522, -3.14216351509], [-379.427215576, 11.6037254333, 286.761901855, -33.7803878784, 108.85849762, 24.4633960724, -8.95819187164, 2.16263723373, 12.9725627899, 23.1658172607, 2.29429721832, -13.9295701981, 18.3828086853], [-2.10626745224, -108.91166687, -33.7803878784, 215.565948486, 38.5685195923, -15.214682579, -52.7396125793, -25.1052150726, 37.0461196899, 16.9980316162, -39.4202003479, -5.72249364853, 18.6222419739], [-176.10194397, -39.6025810242, 108.85849762, 38.5685195923, 112.619514465, 7.29133081436, -4.24956655502, -20.0037021637, 18.3227710724, 27.4444561005, -7.80191850662, -1.52129638195, 4.57144117355], [-109.697166443, 12.1845388412, 24.4633960724, -15.214682579, 7.29133081436, 103.401863098, 55.2858848572, 23.9052581787, -9.96829128265, -2.49264359474, 31.9237709045, -2.40554046631, -15.4255056381], [-33.3722953796, 21.0536079407, -8.95819187164, -52.7396125793, -4.24956655502, 55.2858848572, 94.8870620728, 43.0662460327, -8.29604434967, -13.1970005035, 25.359249115, 15.2243394852, -13.2143783569], [-37.3475341797, 12.8376121521, 2.16263723373, -25.1052150726, -20.0037021637, 23.9052581787, 43.0662460327, 71.0997390747, 2.66389751434, -19.0985870361, 10.8015909195, 12.1642284393, 6.05931520462], [-27.7686843872, -18.3316287994, 12.9725627899, 37.0461196899, 18.3227710724, -9.96829128265, -8.29604434967, 2.66389751434, 30.4072151184, 21.7054367065, -5.01135158539, 1.08864283562, 5.76376867294], [-24.9357738495, 0.230964660645, 23.1658172607, 16.9980316162, 27.4444561005, -2.49264359474, -13.1970005035, -19.0985870361, 21.7054367065, 54.0229187012, 12.3164319992, -3.61077618599, -1.99413144588], [-35.1388664246, 42.7195739746, 2.29429721832, -39.4202003479, -7.80191850662, 31.9237709045, 25.359249115, 10.8015909195, -5.01135158539, 12.3164319992, 45.4494857788, 11.9905385971, -8.76858139038], [-5.28957509995, 4.94785356522, -13.9295701981, -5.72249364853, -1.52129638195, -2.40554046631, 15.2243394852, 12.1642284393, 1.08864283562, -3.61077618599, 11.9905385971, 37.2555732727, 10.2945680618], [-45.4499435425, -3.14216351509, 18.3828086853, 18.6222419739, 4.57144117355, -15.4255056381, -13.2143783569, 6.05931520462, 5.76376867294, -1.99413144588, -8.76858139038, 10.2945680618, 29.9135417938]],
        "icov": [[0.00290506449528, 0.000290575844701, 0.0027586016804, 0.000390486617107, 0.00192576099653, 0.00219328631647, -4.80038897877e-06, 7.72212370066e-05, 0.00193655712064, -0.00207027513534, 0.0025552706793, -0.000444109755335, 0.00371573958546], [0.000290575844701, 0.0174322109669, -0.000776416098233, 0.00633012549952, 0.0047294748947, 0.00214527826756, -0.000177324618562, 0.00206492352299, -0.000420066760853, 0.000314630917273, -0.0144876986742, 0.00480632856488, -0.00710306223482], [0.0027586016804, -0.000776416098233, 0.0118470564485, 0.00494460808113, -0.00847289524972, -0.00177191116381, 0.00472847931087, -0.00261068274267, -0.00151087529957, -0.000707469298504, 0.00246640224941, 0.0043719438836, -0.00378766539507], [0.000390486617107, 0.00633012549952, 0.00494460808113, 0.0137058803812, -0.00370829901658, -0.00603860849515, 0.00683098006994, 0.00182828097604, -0.0125572998077, 0.00215521897189, 0.00150773022324, 0.00146002147812, -0.00771001586691], [0.00192576099653, 0.0047294748947, -0.00847289524972, -0.00370829901658, 0.0256228353828, 0.00275310128927, -0.00740466965362, 0.0076953433454, 0.000684375641868, -0.00767611386254, 0.00400285236537, -0.00613512704149, 0.00625345902517], [0.00219328631647, 0.00214527826756, -0.00177191116381, -0.00603860849515, 0.00275310128927, 0.0248952601105, -0.0125289186835, -0.0015944072511, 0.0110626732931, -0.000485247175675, -0.0148053811863, 0.00848153419793, 0.00618849787861], [-4.80038897877e-06, -0.000177324618562, 0.00472847931087, 0.00683098006994, -0.00740466965362, -0.0125289186835, 0.0288651194423, -0.0118722422048, -0.00339307077229, 0.00225557200611, 0.00284312944859, -0.00880813784897, 0.00731147406623], [7.72212370066e-05, 0.00206492352299, -0.00261068274267, 0.00182828097604, 0.0076953433454, -0.0015944072511, -0.0118722422048, 0.0303423441947, -0.019573232159, 0.0133938584477, -0.00626568309963, 0.000863167748321, -0.0100580146536], [0.00193655712064, -0.000420066760853, -0.00151087529957, -0.0125572998077, 0.000684375641868, 0.0110626732931, -0.00339307077229, -0.019573232159, 0.082485370338, -0.0381229259074, 0.0121513139457, -0.005520994775, 0.00673724431545], [-0.00207027513534, 0.000314630917273, -0.000707469298504, 0.00215521897189, -0.00767611386254, -0.000485247175675, 0.00225557200611, 0.0133938584477, -0.0381229259074, 0.0481041111052, -0.0262604095042, 0.00979141518474, -0.00532829528674], [0.0025552706793, -0.0144876986742, 0.00246640224941, 0.00150773022324, 0.00400285236537, -0.0148053811863, 0.00284312944859, -0.00626568309963, 0.0121513139457, -0.0262604095042, 0.0691617503762, -0.0270658507943, 0.0196811091155], [-0.000444109755335, 0.00480632856488, 0.0043719438836, 0.00146002147812, -0.00613512704149, 0.00848153419793, -0.00880813784897, 0.000863167748321, -0.005520994775, 0.00979141518474, -0.0270658507943, 0.0484575927258, -0.0254138391465], [0.00371573958546, -0.00710306223482, -0.00378766539507, -0.00771001586691, 0.00625345902517, 0.00618849787861, 0.00731147406623, -0.0100580146536, 0.00673724431545, -0.00532829528674, 0.0196811091155, -0.0254138391465, 0.0658211633563]]
    }
}

}