{
"metadata": {
    "version": {
        "essentia": "2.0.1",
        "extractor": "archive-music 1.0 mod ismir14"
    },
    "audio_properties": {
        "analysis_sample_rate": 44100,
        "bitrate": 64,
        "channels": 2,
        "equal_loudness": 0,
        "length": 30.0669155121,
        "replay_gain": -9.80090904236,
        "downmix": "mix"
    },
    "tags": {
        "track": 0,
        "year": 0,
        "album": "",
        "artist": "",
        "comment": "",
        "genre": "",
        "title": ""
    }
},
"rhythm": {
    "bpm": 172.265563965,
    "bpm_histogram_first_peak": 172,
    "bpm_histogram_first_peak_spread": 0,
    "bpm_histogram_first_peak_weight": 0.511904776096,
    "bpm_histogram_second_peak": 178,
    "bpm_histogram_second_peak_spread": 0,
    "bpm_histogram_second_peak_weight": 0.25
},
"tonal": {
    "tuning_frequency": {
        "dmean": 0.09216298908,
        "dmean2": 0.161373078823,
        "dvar": 0.72242808342,
        "dvar2": 1.63551902771,
        "max": 448.726654053,
        "mean": 434.743988037,
        "median": 433.691802979,
        "min": 432.690917969,
        "var": 2.77129626274
    },
    "hpcp": {
        "dmean": [0.0834968388081, 0.14892603457, 0.156317725778, 0.154715284705, 0.0320786759257, 0.0820309743285, 0.0801007002592, 0.124234989285, 0.0559213645756, 0.0590364262462, 0.144966229796, 0.0634538158774],
        "dmean2": [0.148102089763, 0.269104987383, 0.285684913397, 0.277832090855, 0.0574330724776, 0.143114179373, 0.143434122205, 0.216527715325, 0.0990186706185, 0.103542879224, 0.244438141584, 0.115245491266],
        "dvar": [0.0409940257668, 0.0697451978922, 0.0798835158348, 0.0844140872359, 0.0187219660729, 0.0441312007606, 0.0443239435554, 0.0688575431705, 0.0311244614422, 0.0250570885837, 0.0605088993907, 0.0302243940532],
        "dvar2": [0.103824801743, 0.176680341363, 0.211203858256, 0.167293891311, 0.046623274684, 0.1021245718, 0.0888591110706, 0.134172290564, 0.0723087266088, 0.0605805590749, 0.122035607696, 0.0758484229445],
        "max": [1, 1, 1, 1, 1, 1, 1, 1, 1, 1, 1, 1],
        "mean": [0.0807820186019, 0.187991932034, 0.145077213645, 0.314370304346, 0.0251362547278, 0.109391503036, 0.123572222888, 0.186945199966, 0.0547265037894, 0.0623507499695, 0.332216203213, 0.0525066740811],
        "median": [0.0103528471664, 0.0356531143188, 0.0310764741153, 0.0516960918903, 0.00117694446817, 0.0117130484432, 0.00152660056483, 0.0100973956287, 0.00283258548006, 0.00459787761793, 0.0994201973081, 0.00360238878056],
        "min": [1.4209168512e-05, 3.16597579513e-05, 5.55651058676e-06, 1.00348106571e-05, 2.29863258028e-06, 2.58803120232e-05, 0, 1.9452579636e-06, 1.2675393009e-05, 3.21021730088e-06, 1.13355145004e-06, 1.01820714917e-05],
        "var": [0.0421384759247, 0.101821452379, 0.0716116651893, 0.172253608704, 0.0145716657862, 0.068791821599, 0.0873043164611, 0.11823143065, 0.0358863733709, 0.0335434488952, 0.159427329898, 0.0251444485039]
    }
},
"lowlevel": {
    "melbands": {
        "dmean": [1.71950978256e-06, 4.1266426706e-05, 5.5040945881e-05, 0.000502372742631, 0.000500987807754, 0.000266997289145, 0.000112032874313, 9.60151883191e-05, 5.652323307e-05, 3.95191673306e-05, 3.26235567627e-05, 2.00575996132e-05, 3.38762365573e-05, 1.29261461552e-05, 1.00588640635e-05, 8.4473631432e-06, 1.74958331627e-05, 8.4754819909e-06, 9.85965016298e-06, 2.78110928775e-06, 3.98723932449e-06, 3.86441934097e-06, 2.22840890274e-06, 2.7375474474e-06, 7.03353362042e-06, 7.33153319743e-06, 2.11697624763e-06, 1.15486636787e-06, 3.983487602e-07, 2.5590389896e-07, 9.95117872549e-08, 1.62933329051e-08, 2.90218693522e-09, 7.42097494566e-10, 2.60123977913e-10, 1.08307626756e-10, 4.92700151511e-11, 2.11970840186e-11, 1.14902158968e-11, 3.22470435771e-12],
        "dmean2": [2.74272565548e-06, 6.37327611912e-05, 8.22198417154e-05, 0.000774228770752, 0.000784931180533, 0.000413978355937, 0.000174694345333, 0.000148411694681, 9.05417837203e-05, 6.46114058327e-05, 4.91945029353e-05, 3.10939503834e-05, 5.26670482941e-05, 1.99157730094e-05, 1.65182609635e-05, 1.33998264573e-05, 2.83343742922e-05, 1.34530118885e-05, 1.4998208826e-05, 4.24858899351e-06, 6.44143847239e-06, 6.37134417047e-06, 3.64483344129e-06, 4.21671029471e-06, 1.09000702651e-05, 1.1237214494e-05, 3.38400832334e-06, 1.87020748399e-06, 6.19313595962e-07, 3.92522906623e-07, 1.52864075176e-07, 2.61796291312e-08, 4.60899629573e-09, 1.18721743547e-09, 4.18115236878e-10, 1.72419162281e-10, 7.45726674856e-11, 3.2631793101e-11, 1.79353164265e-11, 5.4826121941e-12],
        "dvar": [4.8356002362e-12, 7.99243959904e-09, 1.15468692385e-08, 1.82035785201e-06, 8.27033488804e-07, 1.43590483503e-07, 4.87780518199e-08, 6.09192980505e-08, 4.40905303378e-08, 1.55421275849e-08, 1.28802231103e-08, 5.49874012989e-09, 1.48621186469e-08, 1.9835673104e-09, 1.69234593006e-09, 4.03679895067e-10, 3.34768324173e-09, 3.2194411026e-10, 4.28896890226e-10, 2.62400205731e-11, 5.25682275487e-11, 6.96426458169e-11, 2.89807223358e-11, 3.6054471908e-11, 3.9255929063e-10, 3.85477427756e-10, 2.01144031986e-11, 7.90897295572e-12, 1.66147390984e-12, 1.65575918861e-12, 3.13609788095e-13, 4.19374990735e-15, 5.46635412428e-16, 1.47153065237e-17, 7.24024055735e-19, 1.50476677455e-19, 8.80118556169e-20, 4.24498944475e-20, 1.39023987058e-20, 4.35945892268e-22],
        "dvar2": [1.17557838464e-11, 1.29412267569e-08, 2.2492974594e-08, 3.83230008083e-06, 1.88424962744e-06, 3.38084817031e-07, 1.2320094811e-07, 1.48423637825e-07, 1.09748881982e-07, 3.55699469878e-08, 2.79465428576e-08, 1.18581322539e-08, 3.25618287889e-08, 3.75828790311e-09, 3.70100639024e-09, 8.66671678867e-10, 5.77941072777e-09, 7.87161336113e-10, 8.15320422287e-10, 5.79493501796e-11, 1.30358876471e-10, 1.75201603225e-10, 6.71797686924e-11, 6.94773266696e-11, 9.36260957651e-10, 7.65396024338e-10, 4.98567506724e-11, 1.92644407371e-11, 3.81952629247e-12, 4.00421709679e-12, 7.36487910588e-13, 9.44082085999e-15, 1.35776469769e-15, 3.41847542086e-17, 1.74245037687e-18, 3.91308180225e-19, 2.2093919198e-19, 1.06363380957e-19, 3.48391995019e-20, 1.09694216352e-21],
        "max": [3.18644997606e-05, 0.00223354413174, 0.00163007120136, 0.0302626397461, 0.0139776635915, 0.00360758602619, 0.00215090066195, 0.00277357175946, 0.00275117298588, 0.00146801501978, 0.00141108001117, 0.000915721117053, 0.00169029575773, 0.000613138487097, 0.000533917511348, 0.000286455993773, 0.00126937124878, 0.000182446005056, 0.000423790013883, 8.07458563941e-05, 7.00664677424e-05, 0.000106214225525, 5.46494484297e-05, 8.68137867656e-05, 0.000302970089251, 0.000313540862408, 4.14498281316e-05, 2.64169993898e-05, 2.09037079912e-05, 2.47900115937e-05, 1.15277198347e-05, 1.10215194127e-06, 4.89061733333e-07, 6.4663709054e-08, 1.11612745712e-08, 4.97452390391e-09, 4.77729811266e-09, 3.37891403746e-09, 1.60187441089e-09, 3.42043560142e-10],
        "mean": [2.27069381253e-06, 7.21507240087e-05, 0.00010670357733, 0.000873504322954, 0.000832873512991, 0.000384016952012, 0.00014779806952, 0.000147019469296, 6.51578229736e-05, 4.15764588979e-05, 3.97021358367e-05, 2.13608436752e-05, 3.78280237783e-05, 1.42121543831e-05, 1.17999024951e-05, 9.4615497801e-06, 2.01079037652e-05, 9.64854643826e-06, 1.28798537844e-05, 3.65907499145e-06, 4.310987606e-06, 3.85169141737e-06, 2.45782030106e-06, 3.34694868798e-06, 7.10270933268e-06, 7.94560673967e-06, 2.16356465899e-06, 1.07524226678e-06, 3.72437881424e-07, 2.18337603997e-07, 8.67250165015e-08, 1.49644705516e-08, 2.54182230819e-09, 7.53740847514e-10, 3.00623276273e-10, 1.26860119631e-10, 5.12635107974e-11, 1.71194725063e-11, 7.16998465808e-12, 2.09434943346e-12],
        "median": [1.3764824871e-06, 3.6658373574e-05, 4.83687181259e-05, 0.000256688974332, 0.000393032940337, 0.000180701332283, 5.59879008506e-05, 3.70199413737e-05, 1.11051231215e-05, 3.60974877367e-06, 2.70384271062e-06, 1.34544404773e-06, 2.36966639022e-06, 2.08862297768e-06, 1.6361808548e-06, 1.79849769211e-06, 4.06868866776e-06, 2.92641288979e-06, 3.89729075323e-06, 1.1506044757e-06, 1.38657196658e-06, 1.01436387467e-06, 4.70157004884e-07, 7.08938102889e-07, 1.50504899921e-06, 1.31587648866e-06, 4.01229726776e-07, 1.46330208395e-07, 3.64045007473e-08, 1.45182257327e-08, 4.63026950115e-09, 1.07957143225e-09, 4.21321949551e-10, 2.22651119763e-10, 1.35254779599e-10, 5.90673690515e-11, 2.31905831344e-11, 6.24769506963e-12, 1.55932569374e-12, 4.49979463413e-13],
        "min": [6.00561406161e-11, 1.54727813895e-10, 1.00180275187e-09, 1.01699215715e-09, 2.61865418238e-10, 2.29697927345e-10, 3.94353022459e-10, 1.52817924981e-10, 7.86545654996e-12, 1.07014487549e-10, 5.56979636024e-11, 6.49304568445e-11, 3.19874994548e-11, 6.206621328e-11, 4.89543995619e-11, 1.51920226399e-10, 1.15315701432e-10, 4.99210499327e-11, 1.04134367795e-10, 6.64743537993e-11, 2.1248986945e-11, 2.25604986082e-11, 2.36220071281e-11, 4.50429624155e-11, 1.13429786397e-11, 1.38976087583e-11, 1.18659335829e-11, 5.83626072817e-12, 1.50197584405e-12, 5.48347662849e-13, 1.02866771091e-12, 9.80122124954e-13, 1.05334577866e-12, 9.13803429627e-13, 7.86096719402e-13, 7.88140277867e-13, 6.27249933851e-13, 5.45858985183e-13, 1.18955775677e-13, 1.15449642034e-14],
        "var": [7.82468013993e-12, 3.29702132262e-08, 2.49627394311e-08, 4.06497156291e-06, 1.41867042203e-06, 2.35872192889e-07, 5.82817811789e-08, 9.1205329511e-08, 5.45348228798e-08, 1.77814776237e-08, 1.84127237901e-08, 7.72182051634e-09, 2.146502176e-08, 2.74780620479e-09, 2.17753504117e-09, 6.30834995352e-10, 6.23268014976e-09, 3.8926523116e-10, 7.26956883579e-10, 4.23635258817e-11, 6.38126496089e-11, 6.84035397769e-11, 3.50552434303e-11, 6.19179013617e-11, 4.14139778027e-10, 5.74187808411e-10, 2.40826716208e-11, 8.31570142606e-12, 1.77232859465e-12, 1.45650505545e-12, 2.92612695142e-13, 4.64689305237e-15, 4.31311109036e-16, 1.34124052418e-17, 6.77588721086e-19, 1.20097021893e-19, 4.88017691349e-20, 2.13396248297e-20, 6.9803558539e-21, 2.21660725715e-22]
    },
    "mfcc": {
        "dmean": [37.6329803467, 11.793422699, 21.850774765, 13.4253835678, 10.6439714432, 9.28972816467, 7.83942270279, 9.6737613678, 7.20177459717, 7.04270410538, 7.18732070923, 6.52369308472, 6.24861240387],
        "dmean2": [53.5242843628, 16.8839530945, 31.3814907074, 19.1570110321, 15.2303371429, 13.9210691452, 11.7434158325, 14.7560176849, 11.0179929733, 10.7091760635, 11.3918018341, 9.94442749023, 9.61654567719],
        "dvar": [1509.0090332, 213.325927734, 494.021759033, 128.652297974, 82.0044555664, 85.8379058838, 38.1563072205, 64.5411529541, 35.63621521, 33.0493812561, 34.8007965088, 31.3444919586, 25.5798034668],
        "dvar2": [2731.32714844, 305.479614258, 866.672424316, 250.488235474, 154.336029053, 176.009567261, 85.0159606934, 140.813156128, 80.5791931152, 80.0633468628, 79.1604156494, 66.8277664185, 59.9545249939],
        "max": [-691.288269043, 246.645050049, 100.649902344, 131.805145264, 63.2637367249, 30.0299530029, 35.1348953247, 27.0665225983, 8.77869033813, 29.0305194855, 17.9068260193, 17.6405277252, 25.7756576538],
        "mean": [-808.879516602, 196.80090332, -39.9927062988, 34.6219291687, 11.4731941223, -25.5145626068, -4.8503537178, -29.9438743591, -25.1808013916, -5.20883750916, -11.3792629242, -14.1304168701, -7.07849502563],
        "median": [-801.604553223, 198.672912598, -48.0603599548, 33.112247467, 14.0484313965, -25.9540061951, -4.22878646851, -31.5206298828, -25.6249084473, -5.17986297607, -10.2627849579, -13.6983337402, -6.82014846802],
        "min": [-1138.39440918, 0.0349235534668, -121.559967041, -22.8829460144, -59.3854446411, -76.6657714844, -37.2213973999, -71.883682251, -60.619392395, -47.7613525391, -44.0435676575, -45.746257782, -37.9155540466],
        "var": [3743.86206055, 631.438476562, 1703.04504395, 575.511108398, 385.458374023, 285.366973877, 137.173736572, 252.35949707, 108.92931366, 164.359008789, 110.965255737, 89.7768707275, 89.3817749023],
        "cov": [[3749.63964844, 186.826950073, -2245.70629883, 674.989746094, -546.23034668, -572.410705566, 287.968078613, -265.215393066, 4.86583471298, -85.6522445679, -75.6653366089, 56.2599639893, -131.348770142], [186.826950073, 632.412902832, 229.41456604, -339.590667725, 26.9605827332, -76.861907959, -62.5430603027, 111.589279175, -53.4984436035, -23.8073711395, -13.7890501022, -39.5189399719, -15.5942792892], [-2245.70629883, 229.41456604, 1705.67321777, -493.088531494, 287.767547607, 360.970672607, -236.748382568, 175.687744141, -17.3600311279, 6.1200299263, 41.0389404297, -54.1264533997, 49.6608505249], [674.989746094, -339.590667725, -493.088531494, 576.399230957, -14.0696353912, -63.7027435303, 60.4326477051, -231.687454224, -1.16024875641, 24.5341510773, -35.3099746704, 14.1416358948, -15.3313589096], [-546.23034668, 26.9605827332, 287.767547607, -14.0696353912, 386.053222656, 150.065505981, -99.6645202637, -48.2184257507, -61.551486969, 103.052894592, 13.0677833557, -42.5858612061, 59.9059371948], [-572.410705566, -76.861907959, 360.970672607, -63.7027435303, 150.065505981, 285.807342529, -33.0682792664, -57.696598053, 13.1167402267, 42.0849380493, 51.4986915588, 11.9045162201, 26.488609314], [287.968078613, -62.5430603027, -236.748382568, 60.4326477051, -99.6645202637, -33.0682792664, 137.385421753, 15.3762540817, -6.17233848572, -3.44306516647, -7.73074769974, 19.1735782623, -6.61704206467], [-265.215393066, 111.589279175, 175.687744141, -231.687454224, -48.2184257507, -57.696598053, 15.3762540817, 252.748931885, 39.3466339111, -84.7954788208, -6.77574777603, -9.76358604431, -11.8646154404], [4.86583471298, -53.4984436035, -17.3600311279, -1.16024875641, -61.551486969, 13.1167402267, -6.17233848572, 39.3466339111, 109.097412109, -20.6503791809, -21.3409786224, 18.184677124, -15.109372139], [-85.6522445679, -23.8073711395, 6.1200299263, 24.5341510773, 103.052894592, 42.0849380493, -3.44306516647, -84.7954788208, -20.6503791809, 164.612640381, 45.9957962036, -33.8946990967, 37.5495491028], [-75.6653366089, -13.7890501022, 41.0389404297, -35.3099746704, 13.0677833557, 51.4986915588, -7.73074769974, -6.77574777603, -21.3409786224, 45.9957962036, 111.136505127, 20.9878959656, -2.93707728386], [56.2599639893, -39.5189399719, -54.1264533997, 14.1416358948, -42.5858612061, 11.9045162201, 19.1735782623, -9.76358604431, 18.184677124, -33.8946990967, 20.9878959656, 89.9154205322, 18.4677505493], [-131.348770142, -15.5942792892, 49.6608505249, -15.3313589096, 59.9059371948, 26.488609314, -6.61704206467, -11.8646154404, -15.109372139, 37.5495491028, -2.93707728386, 18.4677505493, 89.5197067261]],
        "icov": [[0.4715911448, -0.657302260399, 0.640784144402, -0.601204693317, 0.557331860065, -0.498792797327, 0.435302823782, -0.359451323748, 0.289119750261, -0.212745845318, 0.146769598126, -0.0864388421178, 0.0388565994799], [-0.657302260399, 0.91942948103, -0.893754839897, 0.841341137886, -0.778947174549, 0.699160993099, -0.609194457531, 0.505016922951, -0.404739588499, 0.299426645041, -0.206221789122, 0.122235298157, -0.053974095732], [0.640784144402, -0.893754839897, 0.873831748962, -0.819692373276, 0.762371659279, -0.686778187752, 0.602174341679, -0.498975247145, 0.402698814869, -0.297906428576, 0.207682490349, -0.123106569052, 0.0559257231653], [-0.601204693317, 0.841341137886, -0.819692373276, 0.778000593185, -0.721211969852, 0.651608765125, -0.572755217552, 0.480485260487, -0.386173695326, 0.289065688848, -0.200987845659, 0.121809460223, -0.0545852966607], [0.557331860065, -0.778947174549, 0.762371659279, -0.721211969852, 0.678918540478, -0.613701701164, 0.543903708458, -0.454489409924, 0.371407002211, -0.279986470938, 0.197959303856, -0.119225531816, 0.054071161896], [-0.498792797327, 0.699160993099, -0.686778187752, 0.651608765125, -0.613701701164, 0.567005634308, -0.501354932785, 0.425042033195, -0.347869604826, 0.264162689447, -0.191390931606, 0.11675209552, -0.0551808141172], [0.435302823782, -0.609194457531, 0.602174341679, -0.572755217552, 0.543903708458, -0.501354932785, 0.461029440165, -0.385854154825, 0.319007515907, -0.246028721333, 0.179406166077, -0.114039599895, 0.0541999638081], [-0.359451323748, 0.505016922951, -0.498975247145, 0.480485260487, -0.454489409924, 0.425042033195, -0.385854154825, 0.338182091713, -0.276001244783, 0.217372015119, -0.15871758759, 0.103477090597, -0.0499849505723], [0.289119750261, -0.404739588499, 0.402698814869, -0.386173695326, 0.371407002211, -0.347869604826, 0.319007515907, -0.276001244783, 0.240702077746, -0.182052180171, 0.138000607491, -0.0905926153064, 0.0457720197737], [-0.212745845318, 0.299426645041, -0.297906428576, 0.289065688848, -0.279986470938, 0.264162689447, -0.246028721333, 0.217372015119, -0.182052180171, 0.156596615911, -0.115137517452, 0.0797679200768, -0.0420469492674], [0.146769598126, -0.206221789122, 0.207682490349, -0.200987845659, 0.197959303856, -0.191390931606, 0.179406166077, -0.15871758759, 0.138000607491, -0.115137517452, 0.0980323404074, -0.0634260550141, 0.0340652018785], [-0.0864388421178, 0.122235298157, -0.123106569052, 0.121809460223, -0.119225531816, 0.11675209552, -0.114039599895, 0.103477090597, -0.0905926153064, 0.0797679200768, -0.0634260550141, 0.0583920180798, -0.0287339910865], [0.0388565994799, -0.053974095732, 0.0559257231653, -0.0545852966607, 0.054071161896, -0.0551808141172, 0.0541999638081, -0.0499849505723, 0.0457720197737, -0.0420469492674, 0.0340652018785, -0.0287339910865, 0.0283412337303]]
    }
}

}