{
"metadata": {
    "version": {
        "essentia": "2.0.1",
        "extractor": "archive-music 1.0 mod ismir14"
    },
    "audio_properties": {
        "analysis_sample_rate": 44100,
        "bitrate": 64,
        "channels": 2,
        "equal_loudness": 0,
        "length": 30.0669155121,
        "replay_gain": -14.3417758942,
        "downmix": "mix"
    },
    "tags": {
        "track": 0,
        "year": 0,
        "album": "",
        "artist": "",
        "comment": "",
        "genre": "",
        "title": ""
    }
},
"rhythm": {
    "bpm": 109.229476929,
    "bpm_histogram_first_peak": 110,
    "bpm_histogram_first_peak_spread": 0.471698105335,
    "bpm_histogram_first_peak_weight": 0.528301894665,
    "bpm_histogram_second_peak": 0,
    "bpm_histogram_second_peak_spread": 0,
    "bpm_histogram_second_peak_weight": 0
},
"tonal": {
    "tuning_frequency": {
        "dmean": 0.109954364598,
        "dmean2": 0.19580899179,
        "dvar": 0.577803730965,
        "dvar2": 1.12077355385,
        "max": 448.726654053,
        "mean": 441.88772583,
        "median": 441.527557373,
        "min": 434.444000244,
        "var": 2.01395320892
    },
    "hpcp": {
        "dmean": [0.130817383528, 0.0765327960253, 0.073852583766, 0.132272869349, 0.0707749202847, 0.108473092318, 0.0545055419207, 0.0835762172937, 0.10650537163, 0.050747346133, 0.122756130993, 0.0824447572231],
        "dmean2": [0.233943775296, 0.140989035368, 0.131491079926, 0.222491845489, 0.129585295916, 0.191815793514, 0.10316491127, 0.144971013069, 0.178870335221, 0.0922509878874, 0.207875147462, 0.153742477298],
        "dvar": [0.0676599964499, 0.0428164415061, 0.0368057861924, 0.0576149635017, 0.0342716425657, 0.0472011230886, 0.0250335596502, 0.0300217885524, 0.0431544743478, 0.0230909474194, 0.0521551594138, 0.0453549958766],
        "dvar2": [0.179241940379, 0.105301305652, 0.0981118306518, 0.124099180102, 0.0889318361878, 0.119381606579, 0.0726939439774, 0.0753776356578, 0.103590302169, 0.063424937427, 0.13180243969, 0.122092612088],
        "max": [1, 1, 1, 1, 1, 1, 1, 1, 1, 1, 1, 1],
        "mean": [0.164712950587, 0.208058401942, 0.0550580844283, 0.41450291872, 0.0502910651267, 0.218646034598, 0.0340716838837, 0.102884292603, 0.20075596869, 0.0354451723397, 0.216924443841, 0.0547111816704],
        "median": [0.02340304479, 0.00489197811112, 0.00377906463109, 0.16123573482, 0.00328763131984, 0.038434188813, 0.00260527338833, 0.0118052996695, 0.0563349723816, 0.00256931083277, 0.0535497367382, 0.00251081236638],
        "min": [1.38547670758e-06, 8.93646938493e-06, 3.05630237563e-06, 1.81967025128e-05, 2.72225133813e-06, 2.11047790799e-06, 2.65703511104e-06, 3.20967483276e-05, 5.80631592584e-07, 2.16574494516e-06, 5.12623955728e-06, 2.1714331524e-06],
        "var": [0.0922294855118, 0.144370943308, 0.0280240178108, 0.189890295267, 0.0266455635428, 0.121442742646, 0.0145669812337, 0.0500055626035, 0.0979982987046, 0.0148811116815, 0.105566956103, 0.0304898377508]
    }
},
"lowlevel": {
    "melbands": {
        "dmean": [0.000515686173458, 0.000873595010489, 0.000635378004517, 0.000401702593081, 0.00016551547742, 0.000154620822286, 8.90477385838e-05, 0.000122823286802, 0.000168638740433, 0.000112627669296, 2.76102509815e-05, 3.35049990099e-05, 2.0576397219e-05, 2.19775083679e-05, 2.15275413211e-05, 2.11559654417e-05, 1.97349472728e-05, 1.65455858223e-05, 9.54320421442e-06, 1.55258439918e-05, 7.19399758964e-06, 5.12215183335e-06, 5.35584786121e-06, 3.58174406756e-06, 2.09045242627e-06, 1.53361372668e-06, 9.14454005851e-07, 6.72954399761e-07, 7.13962663212e-07, 5.35219840003e-07, 4.63463550204e-07, 4.63410003704e-07, 4.15804578324e-07, 2.992406678e-07, 2.52601154216e-07, 1.83316871016e-07, 9.75801128789e-08, 2.60936197094e-08, 6.0080691533e-09, 4.87287821205e-10],
        "dmean2": [0.000886417226866, 0.00142240326386, 0.000969525484834, 0.000665087776724, 0.000266900693532, 0.000233700993704, 0.000142775796121, 0.0001888598199, 0.000260976550635, 0.000178768430487, 4.17287956225e-05, 5.58078827453e-05, 3.11005060212e-05, 3.50007176166e-05, 3.43697392964e-05, 3.37513374689e-05, 3.27749366988e-05, 2.60811229964e-05, 1.49249217429e-05, 2.3310763936e-05, 1.14203130579e-05, 8.12279267848e-06, 8.47287083161e-06, 5.72329417992e-06, 3.37056440003e-06, 2.4104269869e-06, 1.43613033288e-06, 1.00519878288e-06, 1.042589588e-06, 7.86851671819e-07, 6.87995679982e-07, 6.64389176563e-07, 6.0175540284e-07, 4.3505124836e-07, 3.55768378313e-07, 2.56835022583e-07, 1.36133209594e-07, 3.97058492752e-08, 9.06577746207e-09, 8.46828662748e-10],
        "dvar": [1.90688274415e-06, 1.49085371959e-06, 5.55946996883e-07, 5.42131260772e-07, 4.69924010815e-08, 7.46858788148e-08, 2.19172466842e-08, 6.37055137531e-08, 1.00633769762e-07, 7.55008855435e-08, 4.3742716116e-09, 1.01555004406e-08, 3.00427371869e-09, 3.0530564743e-09, 3.77649067573e-09, 2.52311749271e-09, 1.67343761071e-09, 1.72455127956e-09, 4.47187398223e-10, 2.32184360627e-09, 2.03750974426e-10, 7.85355599997e-11, 1.41991224334e-10, 5.18189553766e-11, 1.29256674808e-11, 8.61958334569e-12, 2.51097385072e-12, 1.52854855509e-12, 1.66586601284e-12, 1.08901245226e-12, 8.44023418864e-13, 9.21554282537e-13, 7.81687702848e-13, 5.59647434731e-13, 6.33244216612e-13, 5.24197547348e-13, 2.03135929302e-13, 9.54855667462e-15, 5.25475629433e-16, 1.41588770148e-17],
        "dvar2": [5.18441129316e-06, 3.76604998564e-06, 1.40780514357e-06, 1.53350174514e-06, 1.2695967655e-07, 1.59361604801e-07, 5.22983576445e-08, 1.37127415201e-07, 2.15499653677e-07, 1.73191764929e-07, 7.54302043049e-09, 2.40869759693e-08, 6.86129641991e-09, 7.38361416452e-09, 8.71782468437e-09, 5.85087622795e-09, 4.22988311044e-09, 3.5602061299e-09, 9.74117453367e-10, 5.49944978445e-09, 5.02243024947e-10, 2.10401016054e-10, 3.34177574501e-10, 1.28707544622e-10, 3.07054694171e-11, 2.17338647079e-11, 5.96281054047e-12, 3.46207416034e-12, 3.69329306721e-12, 2.42773574681e-12, 1.83709124302e-12, 1.92469347751e-12, 1.44663805674e-12, 1.01510347437e-12, 1.02310954847e-12, 9.12736791529e-13, 3.94176526272e-13, 1.69839948447e-14, 8.9005438592e-16, 3.78178836602e-17],
        "max": [0.00969479605556, 0.00951454695314, 0.00844330806285, 0.00602853298187, 0.00167621788569, 0.00247660768218, 0.00137595809065, 0.00262110144831, 0.00375866889954, 0.00426797103137, 0.00115466443822, 0.0015279725194, 0.000880352628883, 0.000517121108714, 0.000679207150824, 0.000521293375641, 0.000404130929383, 0.000584927387536, 0.000223361785174, 0.00112289772369, 0.000252561061643, 9.25498243305e-05, 0.000196093722479, 9.86283703241e-05, 3.67914726667e-05, 3.35638105753e-05, 1.67594316736e-05, 1.0235760783e-05, 1.13212518045e-05, 9.2823884188e-06, 8.03128386906e-06, 8.87395526661e-06, 1.19006299428e-05, 1.16418141261e-05, 1.78814771061e-05, 1.71512183442e-05, 1.05765711851e-05, 1.82948713245e-06, 5.0303452781e-07, 7.56987859063e-08],
        "mean": [0.000650044414215, 0.0026577997487, 0.00192418519873, 0.000727120961528, 0.000305390974972, 0.000267264869763, 0.000142564269481, 0.000175741603016, 0.000240119843511, 0.000177654117579, 3.81314239348e-05, 3.92674737668e-05, 2.67663490376e-05, 2.63494839601e-05, 2.55519789789e-05, 2.78490933852e-05, 2.50239863817e-05, 2.36505475186e-05, 1.33533931148e-05, 2.73921050393e-05, 1.17006738947e-05, 8.18205808173e-06, 1.08714002636e-05, 6.54541054246e-06, 3.217469839e-06, 2.09133963835e-06, 1.16969863484e-06, 8.21942762741e-07, 8.90783155683e-07, 6.50960714665e-07, 5.51449318209e-07, 5.4689303397e-07, 5.00947294313e-07, 3.66615296343e-07, 3.01872347563e-07, 1.99156971803e-07, 1.04003163415e-07, 3.01588372054e-08, 5.93893823009e-09, 3.40147132682e-10],
        "median": [0.000359192257747, 0.00234187184833, 0.00177601794712, 0.00050896423636, 0.000213284103666, 9.70919427346e-05, 6.67022759444e-05, 5.99979939579e-05, 6.27272020211e-05, 3.70933048544e-05, 1.11475601443e-05, 1.05455765151e-05, 7.45163515603e-06, 5.79396828471e-06, 6.41704446025e-06, 5.91044408793e-06, 4.93614243169e-06, 5.70939801037e-06, 3.75601393898e-06, 3.52306665263e-06, 3.55453585144e-06, 3.37775645676e-06, 2.39872224483e-06, 1.61147738709e-06, 1.16226453883e-06, 7.64079857163e-07, 4.52873592849e-07, 2.71267737162e-07, 2.77903581036e-07, 1.47069854961e-07, 1.17711550729e-07, 1.12726041834e-07, 1.08376958963e-07, 8.29432309501e-08, 5.88487765185e-08, 4.28509601136e-08, 2.180929215e-08, 5.2804929318e-09, 8.52625248182e-10, 1.30701335171e-11],
        "min": [2.70067579411e-10, 1.07334194865e-08, 7.7796391551e-09, 5.56436496879e-09, 2.59205945596e-09, 8.35162827784e-10, 7.25466131613e-10, 1.19961640621e-09, 1.96812410813e-09, 1.70176095438e-09, 5.83132209186e-10, 4.12472694888e-10, 5.2753496016e-10, 2.77118133996e-10, 3.77984726851e-10, 2.47768638939e-10, 2.29452595812e-10, 9.97181504037e-11, 9.11922481972e-11, 7.85614837073e-11, 5.22930275471e-11, 4.43792988469e-11, 2.8931230675e-11, 2.38102541156e-11, 1.55249181566e-11, 2.31458233656e-12, 2.37346670096e-11, 1.83269510678e-11, 6.36569898356e-13, 1.76072680741e-11, 1.89502129266e-11, 1.19541269245e-11, 1.02644151859e-11, 9.07680181017e-12, 1.45006334956e-13, 9.69990350519e-14, 9.57529005087e-14, 7.93573513109e-14, 3.39563514568e-14, 7.89800286261e-15],
        "var": [1.42565841088e-06, 3.68754308511e-06, 1.52342556703e-06, 5.40460916909e-07, 8.7297820528e-08, 1.70145099787e-07, 4.02635933483e-08, 1.14395959372e-07, 2.0566217529e-07, 1.96733708435e-07, 8.67641514191e-09, 1.16812852724e-08, 5.08001640753e-09, 3.7146086207e-09, 4.52559811848e-09, 4.11419431856e-09, 2.9642996946e-09, 3.23914495226e-09, 7.40434991098e-10, 1.0191921973e-08, 5.35516964106e-10, 1.46362949538e-10, 6.05617278548e-10, 1.86297491322e-10, 2.50572028404e-11, 1.15782444396e-11, 3.27493522752e-12, 1.99356677e-12, 2.41519044347e-12, 1.53614957126e-12, 1.14289686656e-12, 1.27558478103e-12, 1.18314863115e-12, 7.98506117998e-13, 9.93381158582e-13, 7.20130335571e-13, 2.42095514642e-13, 1.49771620345e-14, 7.39302003067e-16, 9.58891175283e-18]
    },
    "mfcc": {
        "dmean": [30.2686729431, 14.5463056564, 11.7723865509, 9.57968616486, 9.80840110779, 8.28243637085, 7.1970539093, 6.49050855637, 6.16131162643, 6.56287288666, 5.77921915054, 5.79428625107, 5.33156394958],
        "dmean2": [38.4729576111, 18.4311332703, 15.9130907059, 13.9684114456, 13.626906395, 12.2172737122, 10.7230844498, 9.94671726227, 9.59352302551, 9.9190530777, 9.06246566772, 8.93456363678, 8.35076522827],
        "dvar": [1397.29919434, 237.568191528, 147.747772217, 78.0958786011, 86.7043228149, 55.3038139343, 37.4070320129, 30.1511116028, 30.0306377411, 33.6038703918, 26.3387699127, 23.3070716858, 19.7107791901],
        "dvar2": [2221.84692383, 355.697906494, 252.700973511, 157.892684937, 161.760101318, 108.793823242, 78.1030807495, 61.566860199, 68.8354949951, 71.6759567261, 59.0479125977, 54.4809379578, 47.5497817993],
        "max": [-592.859863281, 247.288360596, 111.084671021, 96.9244308472, 56.3767433167, 57.6151504517, 22.3769607544, 53.1732826233, 22.0729255676, 43.7195892334, 28.5692634583, 28.2856807709, 16.9127502441],
        "mean": [-721.118713379, 181.598175049, -6.07996177673, 45.1924438477, 5.85742139816, 17.0556602478, -13.4303722382, 12.7626428604, -6.91721057892, 7.38494300842, -2.31373071671, 2.04080414772, -7.97810316086],
        "median": [-709.81640625, 184.495147705, -8.17177963257, 44.3995780945, 5.74718475342, 18.2941131592, -12.7592353821, 13.2323551178, -6.90557098389, 6.59045600891, -3.58191680908, 1.80086135864, -7.51356506348],
        "min": [-1123.25463867, 20.4790153503, -100.456115723, -37.0549850464, -37.4297294617, -31.6729698181, -57.305847168, -28.3580932617, -41.2413673401, -27.4959487915, -26.5693874359, -23.3987770081, -29.6927471161],
        "var": [4966.39306641, 957.141052246, 1019.53729248, 490.150817871, 327.780731201, 231.330551147, 207.111495972, 134.386535645, 88.3463897705, 140.116043091, 96.7512130737, 71.5636825562, 63.5256538391],
        "cov": [[4974.05712891, -790.550720215, -1080.95019531, 255.44909668, -616.300292969, 220.560836792, -478.142272949, 256.100708008, -226.187866211, 219.358673096, -143.599868774, 131.902984619, -155.926956177], [-790.550720215, 958.618164062, -189.596862793, -355.836914062, 150.278747559, -208.031341553, 182.385574341, -131.816192627, 55.7849197388, -51.9567527771, 117.138366699, -64.3073501587, 51.8342208862], [-1080.95019531, -189.596862793, 1021.11065674, 227.287399292, -15.8276233673, 200.892715454, 107.702507019, 49.3725738525, -0.635739445686, -61.867767334, -51.3567123413, 2.06068110466, 10.3406906128], [255.44909668, -355.836914062, 227.287399292, 490.907226562, 38.3537368774, 74.7428588867, -139.973220825, 68.2125854492, 15.140329361, -42.3570671082, -81.3792800903, 17.0642490387, 1.37894046307], [-616.300292969, 150.278747559, -15.8276233673, 38.3537368774, 328.286590576, -97.5149230957, 5.35124731064, -30.8867092133, 43.976348877, -12.7514705658, 23.6605033875, -5.3631567955, 15.5678300858], [220.560836792, -208.031341553, 200.892715454, 74.7428588867, -97.5149230957, 231.687545776, 25.1786975861, 43.2784004211, -25.2719516754, 25.1992912292, -15.9548082352, 13.4128341675, -18.3928146362], [-478.142272949, 182.385574341, 107.702507019, -139.973220825, 5.35124731064, 25.1786975861, 207.431106567, -10.727596283, -8.25476837158, 8.15640640259, 46.1954116821, -6.32034111023, 7.57036209106], [256.100708008, -131.816192627, 49.3725738525, 68.2125854492, -30.8867092133, 43.2784004211, -10.727596283, 134.593917847, -19.4614543915, 17.2085781097, -6.9713602066, 32.9594726562, -13.7945613861], [-226.187866211, 55.7849197388, -0.635739445686, 15.140329361, 43.976348877, -25.2719516754, -8.25476837158, -19.4614543915, 88.4827270508, -1.67676818371, 0.918837249279, -15.5025014877, 9.04300785065], [219.358673096, -51.9567527771, -61.867767334, -42.3570671082, -12.7514705658, 25.1992912292, 8.15640640259, 17.2085781097, -1.67676818371, 140.332275391, 39.9821968079, 2.23132181168, -32.3330459595], [-143.599868774, 117.138366699, -51.3567123413, -81.3792800903, 23.6605033875, -15.9548082352, 46.1954116821, -6.9713602066, 0.918837249279, 39.9821968079, 96.9005203247, 5.73425006866, -4.13649654388], [131.902984619, -64.3073501587, 2.06068110466, 17.0642490387, -5.3631567955, 13.4128341675, -6.32034111023, 32.9594726562, -15.5025014877, 2.23132181168, 5.73425006866, 71.6741256714, 12.5287837982], [-155.926956177, 51.8342208862, 10.3406906128, 1.37894046307, 15.5678300858, -18.3928146362, 7.57036209106, -13.7945613861, 9.04300785065, -32.3330459595, -4.13649654388, 12.5287837982, 63.6236877441]],
        "icov": [[0.00150781008415, -0.00083218322834, 0.00191764964256, -0.00124430051073, 0.00213328655809, -0.00165053084493, 0.00197420478798, -0.00118773477152, 0.00239094370045, -0.00184664735571, 0.00233180494979, -0.00203044782393, 0.0018701684894], [-0.00083218322834, 0.00311884470284, -0.000927806540858, 0.00170293508563, -0.00168760190718, 0.0021434284281, -0.00247824727558, 0.00116293691099, -0.00213537155651, 0.00239259656519, -0.00325621222146, 0.00276571535505, -0.00212385668419], [0.00191764964256, -0.000927806540858, 0.00401206640527, -0.00234899902716, 0.00258918735199, -0.00308705121279, 0.00109565292951, -0.00157342327293, 0.00280087324791, -0.00169535621535, 0.00324819423258, -0.00232341256924, 0.00226600444876], [-0.00124430051073, 0.00170293508563, -0.00234899902716, 0.00535421352834, -0.00294111855328, 0.000772896455601, 0.000684286351316, -0.000266884249868, -0.00282091926783, 0.00257058558054, -0.00141066289507, 0.0022347944323, -0.00219183205627], [0.00213328655809, -0.00168760190718, 0.00258918735199, -0.00294111855328, 0.0071438876912, -0.000708649517037, 0.00233933376148, -0.00112681300379, 0.00226530083455, -0.00292184436694, 0.00256069051102, -0.00354083511047, 0.00282739149407], [-0.00165053084493, 0.0021434284281, -0.00308705121279, 0.000772896455601, -0.000708649517037, 0.00935202371329, -0.00398072227836, 0.00121926364955, -0.00223335833289, 0.00101550447289, -0.00291192531586, 0.00212502246723, -0.00146565400064], [0.00197420478798, -0.00247824727558, 0.00109565292951, 0.000684286351316, 0.00233933376148, -0.00398072227836, 0.0115489112213, -0.0024136279244, 0.00408211536705, -0.0027083302848, 0.00146524631418, -0.0024436111562, 0.00166369252838], [-0.00118773477152, 0.00116293691099, -0.00157342327293, -0.000266884249868, -0.00112681300379, 0.00121926364955, -0.0024136279244, 0.0110146412626, -0.00108454807196, 0.000680854194798, -0.00190623593517, -0.00245469296351, 0.000566318223719], [0.00239094370045, -0.00213537155651, 0.00280087324791, -0.00282091926783, 0.00226530083455, -0.00223335833289, 0.00408211536705, -0.00108454807196, 0.0172449760139, -0.00431485986337, 0.00401281984523, -0.000924956053495, 0.00108365050983], [-0.00184664735571, 0.00239259656519, -0.00169535621535, 0.00257058558054, -0.00292184436694, 0.00101550447289, -0.0027083302848, 0.000680854194798, -0.00431485986337, 0.0129054747522, -0.00755762774497, 0.00306354649365, 0.0013003628701], [0.00233180494979, -0.00325621222146, 0.00324819423258, -0.00141066289507, 0.00256069051102, -0.00291192531586, 0.00146524631418, -0.00190623593517, 0.00401281984523, -0.00755762774497, 0.019937062636, -0.00641240598634, 0.00396205019206], [-0.00203044782393, 0.00276571535505, -0.00232341256924, 0.0022347944323, -0.00354083511047, 0.00212502246723, -0.0024436111562, -0.00245469296351, -0.000924956053495, 0.00306354649365, -0.00641240598634, 0.0216869767755, -0.00866011623293], [0.0018701684894, -0.00212385668419, 0.00226600444876, -0.00219183205627, 0.00282739149407, -0.00146565400064, 0.00166369252838, 0.000566318223719, 0.00108365050983, 0.0013003628701, 0.00396205019206, -0.00866011623293, 0.0229893457144]]
    }
}

}