{
"metadata": {
    "version": {
        "essentia": "2.0.1",
        "extractor": "archive-music 1.0 mod ismir14"
    },
    "audio_properties": {
        "analysis_sample_rate": 44100,
        "bitrate": 128,
        "channels": 2,
        "equal_loudness": 0,
        "length": 30.0669155121,
        "replay_gain": -9.77210235596,
        "downmix": "mix"
    },
    "tags": {
        "track": 0,
        "year": 0,
        "album": "",
        "artist": "",
        "comment": "",
        "genre": "",
        "title": ""
    }
},
"rhythm": {
    "bpm": 172.265594482,
    "bpm_histogram_first_peak": 172,
    "bpm_histogram_first_peak_spread": 0,
    "bpm_histogram_first_peak_weight": 0.5,
    "bpm_histogram_second_peak": 178,
    "bpm_histogram_second_peak_spread": 0,
    "bpm_histogram_second_peak_weight": 0.27380952239
},
"tonal": {
    "tuning_frequency": {
        "dmean": 0.0232630595565,
        "dmean2": 0.0405660122633,
        "dvar": 0.0318089127541,
        "dvar2": 0.0571695528924,
        "max": 435.952270508,
        "mean": 434.68447876,
        "median": 434.695007324,
        "min": 433.942382812,
        "var": 0.0335721559823
    },
    "hpcp": {
        "dmean": [0.127835229039, 0.209511294961, 0.180124640465, 0.276931464672, 0.0394496880472, 0.155115172267, 0.172777399421, 0.267508625984, 0.0953828394413, 0.0906722918153, 0.248109728098, 0.0868459194899],
        "dmean2": [0.237101584673, 0.388290643692, 0.313568383455, 0.501909792423, 0.0687963664532, 0.27048265934, 0.313504785299, 0.468093365431, 0.169948786497, 0.160238355398, 0.42760387063, 0.157874569297],
        "dvar": [0.0540532544255, 0.0784724876285, 0.0527751520276, 0.113325446844, 0.0068543353118, 0.0771568417549, 0.100783593953, 0.107338190079, 0.0456869527698, 0.0285037029535, 0.0784481838346, 0.0257582049817],
        "dvar2": [0.147358462214, 0.184943526983, 0.131099030375, 0.253705501556, 0.0203417576849, 0.180756241083, 0.242812424898, 0.275529175997, 0.127385750413, 0.0711267143488, 0.146868616343, 0.0749224498868],
        "max": [1, 1, 1, 1, 0.539981126785, 1, 1, 1, 1, 1, 1, 1],
        "mean": [0.105008490384, 0.239480212331, 0.176229536533, 0.400198847055, 0.0324566699564, 0.14667236805, 0.185531795025, 0.228848487139, 0.0670436024666, 0.0757185965776, 0.377653330564, 0.0707600042224],
        "median": [0.023239877075, 0.100219041109, 0.0744611173868, 0.150366857648, 0.00745384953916, 0.0261128228158, 0.0164121482521, 0.0470865741372, 0.0124517334625, 0.0193166937679, 0.20020224154, 0.0232452973723],
        "min": [0.000871553376783, 0.00460649374872, 0.000584671914112, 0.000170230472577, 7.22392142052e-05, 0.00113467511255, 0.000140177129651, 0.00036131075467, 0.00040917377919, 0.000121110773762, 0.000904383312445, 0.000538322841749],
        "var": [0.0434256270528, 0.0992528051138, 0.0621692724526, 0.173823148012, 0.00549707980826, 0.0819196105003, 0.120495967567, 0.113550759852, 0.0324952788651, 0.0251435618848, 0.145269498229, 0.0190032143146]
    }
},
"lowlevel": {
    "melbands": {
        "dmean": [2.86653033754e-07, 1.42180833791e-05, 1.79809339897e-05, 0.000196038890863, 0.000169041726622, 7.88913894212e-05, 3.62513528671e-05, 3.23356907757e-05, 2.08801975532e-05, 1.41830050779e-05, 1.19187207019e-05, 9.09552818484e-06, 1.08049589471e-05, 4.63390324512e-06, 4.32400975114e-06, 3.08836524709e-06, 6.38193978375e-06, 2.63289553004e-06, 3.71023884327e-06, 8.7154700168e-07, 1.11463623398e-06, 1.03787328953e-06, 6.90456886332e-07, 1.02594060536e-06, 2.37639028455e-06, 2.85535929834e-06, 6.67400229304e-07, 3.53706013811e-07, 1.49952668949e-07, 9.8176123231e-08, 3.96771646649e-08, 6.63593846539e-09, 1.10207010184e-09, 2.71485556258e-10, 7.43846512163e-11, 2.89912018003e-11, 1.01833437516e-11, 2.37251516176e-12, 1.29719943554e-12, 3.43830893661e-13],
        "dmean2": [4.61253108597e-07, 2.43691974902e-05, 3.11761323246e-05, 0.00033525240724, 0.000303860695567, 0.000138937917654, 6.22429215582e-05, 5.42895650142e-05, 3.89551714761e-05, 2.6748271921e-05, 2.21867157961e-05, 1.76454304892e-05, 1.99876139959e-05, 8.63731656864e-06, 8.27925032354e-06, 5.66881044506e-06, 1.16638948384e-05, 4.64002687295e-06, 6.6595393946e-06, 1.53721464358e-06, 1.94507288143e-06, 1.87257046491e-06, 1.21777566164e-06, 1.82439873697e-06, 4.37335438619e-06, 5.35159369974e-06, 1.19613071092e-06, 6.49207549941e-07, 2.81321860029e-07, 1.84623289101e-07, 7.81126274774e-08, 1.24341204e-08, 2.14148587752e-09, 5.21230170136e-10, 1.36951755492e-10, 5.24893913056e-11, 1.8260245746e-11, 3.60385592896e-12, 1.54205587102e-12, 4.66999594377e-13],
        "dvar": [9.73542671175e-14, 1.44337408692e-09, 7.73351105376e-10, 2.99913381241e-07, 3.91818204548e-08, 5.98011862252e-09, 1.75995784613e-09, 2.25696594747e-09, 3.22845572498e-09, 9.82779746472e-10, 8.7221119216e-10, 7.02788771623e-10, 9.96632110173e-10, 1.40049347119e-10, 1.7207858749e-10, 4.35024377632e-11, 3.85671883318e-10, 1.64751094711e-11, 5.16747963863e-11, 1.75475649636e-12, 2.27278265652e-12, 2.4668446539e-12, 1.43065724198e-12, 2.81917913493e-12, 3.32863354935e-11, 4.66725304238e-11, 9.54296862886e-13, 4.21568460479e-13, 1.15918586579e-13, 8.67009778858e-14, 2.15623654728e-14, 3.52363535536e-16, 2.6318824103e-17, 8.02220023979e-19, 2.57397167785e-20, 5.74652024674e-21, 8.86006765427e-22, 6.13828384462e-23, 8.11673689749e-23, 3.30020452737e-24],
        "dvar2": [2.17322619861e-13, 2.89835000444e-09, 2.02298799934e-09, 7.96845085915e-07, 1.10523195929e-07, 1.70850000814e-08, 4.82776796318e-09, 5.18261522586e-09, 9.78051684086e-09, 2.9858884254e-09, 2.68455546681e-09, 2.13629247625e-09, 2.86103118974e-09, 4.18895446108e-10, 5.3677229328e-10, 1.22558366233e-10, 1.11780917855e-09, 4.64989990956e-11, 1.47464929157e-10, 4.92796472032e-12, 6.75000983927e-12, 7.25471852731e-12, 4.15656745134e-12, 8.07058152946e-12, 9.83061548832e-11, 1.38409048112e-10, 2.52281377212e-12, 1.15926170573e-12, 3.27597432688e-13, 2.4566768975e-13, 6.42964075536e-14, 1.0059315636e-15, 7.78661109496e-17, 2.53966823289e-18, 7.88492599822e-20, 1.70722032807e-20, 2.60252608992e-21, 6.76843918857e-23, 7.81459118011e-23, 3.23257607361e-24],
        "max": [2.11312999454e-06, 0.000410046253819, 0.000231673824601, 0.00546222180128, 0.00118817936163, 0.000388089712942, 0.000226212912821, 0.000391493027564, 0.000372446142137, 0.000218226472498, 0.000160703653819, 0.000144457066199, 0.000250247481745, 9.26653083297e-05, 8.391780284e-05, 5.92752730881e-05, 0.00018381276459, 2.62034664047e-05, 7.08938678144e-05, 1.28083929667e-05, 9.77944273473e-06, 9.24873256736e-06, 7.69842426962e-06, 1.15730545076e-05, 3.73431430489e-05, 5.36165607627e-05, 4.81933648189e-06, 4.19182606493e-06, 1.84692646599e-06, 2.18649756789e-06, 1.26415886825e-06, 1.54412717279e-07, 4.66073402094e-08, 6.33311092457e-09, 9.87153137011e-10, 6.29972130017e-10, 2.66848154684e-10, 7.50457751497e-11, 1.00312848306e-10, 1.96476515613e-11],
        "mean": [4.37458794522e-07, 1.85041717486e-05, 2.56869716395e-05, 0.000221293070354, 0.00020435632905, 9.4595074188e-05, 3.6522596929e-05, 3.52183633368e-05, 1.52273123604e-05, 1.01402720247e-05, 9.53826656769e-06, 5.60674607186e-06, 8.83048141986e-06, 3.3400101529e-06, 2.96551115753e-06, 2.37223002841e-06, 4.95792255606e-06, 2.38655275098e-06, 3.42014755006e-06, 9.39307028602e-07, 1.06612230866e-06, 9.51746244482e-07, 6.11362452219e-07, 8.44553767365e-07, 1.84488237664e-06, 2.08346568797e-06, 5.51133950921e-07, 2.74268501244e-07, 9.9694197786e-08, 6.09370829352e-08, 2.50504381683e-08, 4.23499857405e-09, 6.83729350914e-10, 1.9165705134e-10, 7.05482131047e-11, 2.94823367109e-11, 1.10550891358e-11, 3.26776951852e-12, 1.52094406947e-12, 3.22834424124e-13],
        "median": [3.52021743311e-07, 1.00533707155e-05, 1.42061935549e-05, 7.86837917985e-05, 0.00011643468315, 6.62564561935e-05, 2.02197370527e-05, 1.19475334941e-05, 3.39570829055e-06, 1.48852222992e-06, 1.15131729217e-06, 5.95941230586e-07, 9.2819971087e-07, 8.79419246758e-07, 6.50051447337e-07, 7.90881301782e-07, 1.78697200681e-06, 1.20884135413e-06, 1.58807688422e-06, 4.34660222481e-07, 5.43359817584e-07, 4.74573340625e-07, 1.98174490151e-07, 2.70484633802e-07, 5.65484469917e-07, 5.99391853484e-07, 2.14628897766e-07, 7.28764817381e-08, 1.95184011176e-08, 6.99584790098e-09, 2.42056930055e-09, 5.1522469624e-10, 1.18535542493e-10, 6.17756817922e-11, 3.50032364205e-11, 1.67561537562e-11, 6.44547609729e-12, 1.89396155009e-12, 4.2863073659e-13, 5.61327412774e-14],
        "min": [3.02558156307e-08, 9.53539313286e-07, 1.2777786651e-06, 1.45568253629e-06, 2.65611356554e-06, 3.24557277054e-07, 3.97933376917e-07, 1.79667225098e-07, 1.17279789436e-07, 3.11096144401e-08, 2.39218422848e-08, 1.87557436249e-08, 3.13333998747e-08, 9.45744016434e-09, 7.80859199523e-09, 2.24622311862e-08, 2.30476935315e-08, 3.54695188776e-08, 2.71462923251e-08, 2.62054355993e-09, 2.31865104894e-09, 1.11328268826e-09, 3.44548722886e-10, 4.81333084501e-10, 6.96873170281e-10, 3.96087912469e-10, 2.24681412364e-10, 1.44289455384e-10, 1.03369070248e-10, 5.29843148522e-11, 2.7091899904e-11, 1.51527488473e-11, 5.91969268743e-12, 4.42542443663e-12, 2.88927844323e-12, 1.52375030996e-12, 1.05661096192e-12, 5.84833613829e-13, 1.4677129412e-13, 7.02230674394e-15],
        "var": [1.25850203739e-13, 1.66635416576e-09, 9.62142476801e-10, 2.34882847394e-07, 5.27859285171e-08, 8.21219803271e-09, 1.99660687983e-09, 3.38032335456e-09, 2.07931694085e-09, 6.29474306013e-10, 6.79682088389e-10, 4.12600648092e-10, 7.3831440961e-10, 8.44860847948e-11, 1.02253837342e-10, 3.09236629359e-11, 2.34537611554e-10, 1.38219062931e-11, 4.10853018273e-11, 1.93629444076e-12, 2.05269178391e-12, 2.00445888186e-12, 1.21884165087e-12, 2.25738676883e-12, 1.97419147002e-11, 2.91489263282e-11, 8.55114698668e-13, 2.99726145596e-13, 7.21720250295e-14, 5.38448815699e-14, 1.3248880244e-14, 2.39851063891e-16, 1.414534434e-17, 4.35586538029e-19, 1.85325971145e-20, 3.58049207501e-21, 5.14105978321e-22, 6.80644335154e-23, 8.44920832134e-23, 3.41764560299e-24]
    },
    "mfcc": {
        "dmean": [37.9042053223, 13.9152135849, 25.5209026337, 16.5177440643, 13.1219997406, 9.14211654663, 9.07670211792, 11.4713830948, 7.41335248947, 7.16507959366, 8.35580062866, 7.80782747269, 7.05641174316],
        "dmean2": [65.970451355, 21.5307350159, 42.4871711731, 26.7416133881, 21.8620929718, 15.165760994, 15.2530250549, 19.319026947, 12.1127529144, 11.2482252121, 13.4810476303, 12.6165885925, 11.6262922287],
        "dvar": [944.328979492, 150.683929443, 441.855407715, 241.76335144, 133.495300293, 66.3165359497, 54.2772293091, 79.7146835327, 27.9945888519, 36.1065979004, 33.016002655, 35.5749893188, 28.4812049866],
        "dvar2": [2858.69213867, 330.311737061, 1209.94812012, 544.577087402, 411.984466553, 165.720932007, 133.051528931, 187.383651733, 83.2982711792, 82.6603393555, 90.4981613159, 97.9045257568, 72.1927947998],
        "max": [-757.440124512, 215.808990479, 72.6692810059, 100.965164185, 39.5366096497, 5.1174697876, 26.1008682251, 19.8989963531, -4.57146453857, 25.4710559845, 7.55363082886, 5.41503143311, 11.2219848633],
        "mean": [-844.904724121, 178.967666626, -35.7846794128, 29.0240783691, 10.2975225449, -28.5306243896, -5.93385791779, -28.6446056366, -27.7436161041, -4.64651870728, -12.2279024124, -15.5816116333, -6.57698726654],
        "median": [-842.326843262, 178.457794189, -39.5436210632, 28.954044342, 12.8477630615, -28.7675437927, -5.77439117432, -32.4943084717, -27.9058151245, -3.72769927979, -11.6777248383, -15.7992630005, -5.26008605957],
        "min": [-984.945739746, 120.086402893, -103.260055542, -17.0500602722, -43.1787338257, -68.1652526855, -30.9216690063, -55.0896835327, -56.4983291626, -33.7124404907, -36.6911811829, -42.4995079041, -29.8182945251],
        "var": [1521.58825684, 307.742156982, 896.153442383, 407.864074707, 280.813568115, 161.769454956, 97.2019729614, 226.924636841, 69.134147644, 144.721496582, 75.4483261108, 63.1840667725, 68.6281967163],
        "cov": [[1530.98083496, -60.9200134277, -1056.40136719, 290.315093994, -282.525939941, -228.793670654, 230.82484436, -61.8175468445, 40.4983863831, -81.7415466309, -40.5445175171, 78.1862487793, -113.130050659], [-60.9200134277, 309.641815186, 193.81640625, -261.226379395, -26.4532871246, -47.7305335999, -20.1120319366, 161.92414856, -10.2467956543, -52.3081588745, -7.140396595, -20.5125350952, -1.63863587379], [-1056.40136719, 193.81640625, 901.685302734, -251.125244141, 132.541595459, 142.217514038, -178.839553833, 100.30897522, -14.7649011612, -6.30714607239, 19.3085823059, -58.1418952942, 46.6319847107], [290.315093994, -261.226379395, -251.125244141, 410.381744385, 69.8611831665, 16.8760509491, 20.9976406097, -213.449768066, -8.76310920715, 42.0728034973, -21.9363746643, 14.2628335953, -20.4945316315], [-282.525939941, -26.4532871246, 132.541595459, 69.8611831665, 282.546966553, 114.831985474, -78.334022522, -104.761962891, -54.7910232544, 97.3166046143, 2.37471842766, -32.6671791077, 58.7626533508], [-228.793670654, -47.7305335999, 142.217514038, 16.8760509491, 114.831985474, 162.768035889, -30.6698856354, -94.6490859985, -1.74848508835, 54.9627838135, 27.0591754913, 5.77808141708, 22.7340755463], [230.82484436, -20.1120319366, -178.839553833, 20.9976406097, -78.334022522, -30.6698856354, 97.8019866943, 19.5291633606, -4.51886081696, -8.75577449799, -1.06323063374, 20.5624771118, -14.4449615479], [-61.8175468445, 161.92414856, 100.30897522, -213.449768066, -104.761962891, -94.6490859985, 19.5291633606, 228.325393677, 26.0419712067, -102.383575439, -11.0021600723, -2.97600030899, -9.88350868225], [40.4983863831, -10.2467956543, -14.7649011612, -8.76310920715, -54.7910232544, -1.74848508835, -4.51886081696, 26.0419712067, 69.5609054565, -17.6401824951, -15.4977483749, 15.0723743439, -9.94797897339], [-81.7415466309, -52.3081588745, -6.30714607239, 42.0728034973, 97.3166046143, 54.9627838135, -8.75577449799, -102.383575439, -17.6401824951, 145.614837646, 36.7169876099, -29.029302597, 35.5999755859], [-40.5445175171, -7.140396595, 19.3085823059, -21.9363746643, 2.37471842766, 27.0591754913, -1.06323063374, -11.0021600723, -15.4977483749, 36.7169876099, 75.9140548706, 12.7782430649, -3.6573472023], [78.1862487793, -20.5125350952, -58.1418952942, 14.2628335953, -32.6671791077, 5.77808141708, 20.5624771118, -2.97600030899, 15.0723743439, -29.029302597, 12.7782430649, 63.574092865, 5.27781677246], [-113.130050659, -1.63863587379, 46.6319847107, -20.4945316315, 58.7626533508, 22.7340755463, -14.4449615479, -9.88350868225, -9.94797897339, 35.5999755859, -3.6573472023, 5.27781677246, 69.0518264771]],
        "icov": [[146.505859375, -203.295410156, 192.430877686, -174.490234375, 152.486572266, -127.828926086, 101.388420105, -76.3388519287, 54.2384109497, -34.9328613281, 20.7999916077, -10.3376932144, 3.77944350243], [-203.295410156, 282.109436035, -267.029693604, 242.145385742, -211.615386963, 177.40763855, -140.721038818, 105.961303711, -75.290687561, 48.5003051758, -28.8809146881, 14.3585987091, -5.24723672867], [192.430877686, -267.029693604, 252.775085449, -229.225692749, 200.344558716, -167.981552124, 133.271011353, -100.369659424, 71.3340988159, -45.9659957886, 27.3848419189, -13.6254396439, 4.98433732986], [-174.490234375, 242.145385742, -229.225692749, 207.902099609, -181.725204468, 152.399246216, -120.938499451, 91.1145629883, -64.7738723755, 41.7650260925, -24.893579483, 12.4034919739, -4.53757572174], [152.486572266, -211.615386963, 200.344558716, -181.725204468, 158.885498047, -133.277786255, 105.807846069, -79.7394485474, 56.7226295471, -36.600189209, 21.8373966217, -10.898522377, 3.99036836624], [-127.828926086, 177.40763855, -167.981552124, 152.399246216, -133.277786255, 111.857421875, -88.8447647095, 67.0026779175, -47.6911697388, 30.8069782257, -18.4058609009, 9.20856666565, -3.37941002846], [101.388420105, -140.721038818, 133.271011353, -120.938499451, 105.807846069, -88.8447647095, 70.6471099854, -53.3101730347, 37.9862518311, -24.5799560547, 14.710694313, -7.39484262466, 2.72022676468], [-76.3388519287, 105.961303711, -100.369659424, 91.1145629883, -79.7394485474, 67.0026779175, -53.3101730347, 40.2846412659, -28.7243709564, 18.6242179871, -11.1644544601, 5.63509464264, -2.0795416832], [54.2384109497, -75.290687561, 71.3340988159, -64.7738723755, 56.7226295471, -47.6911697388, 37.9862518311, -28.7243709564, 20.5299034119, -13.3247385025, 8.01141834259, -4.06356191635, 1.5039832592], [-34.9328613281, 48.5003051758, -45.9659957886, 41.7650260925, -36.600189209, 30.8069782257, -24.5799560547, 18.6242179871, -13.3247385025, 8.70001029968, -5.24521684647, 2.68708348274, -1.00372946262], [20.7999916077, -28.8809146881, 27.3848419189, -24.893579483, 21.8373966217, -18.4058609009, 14.710694313, -11.1644544601, 8.01141834259, -5.24521684647, 3.19148445129, -1.64367449284, 0.618806064129], [-10.3376932144, 14.3585987091, -13.6254396439, 12.4034919739, -10.898522377, 9.20856666565, -7.39484262466, 5.63509464264, -4.06356191635, 2.68708348274, -1.64367449284, 0.885613024235, -0.336066514254], [3.77944350243, -5.24723672867, 4.98433732986, -4.53757572174, 3.99036836624, -3.37941002846, 2.72022676468, -2.0795416832, 1.5039832592, -1.00372946262, 0.618806064129, -0.336066514254, 0.150032818317]]
    }
}

}