{
"metadata": {
    "version": {
        "essentia": "2.0.1",
        "extractor": "archive-music 1.0 mod ismir14"
    },
    "audio_properties": {
        "analysis_sample_rate": 44100,
        "bitrate": 128,
        "channels": 2,
        "equal_loudness": 0,
        "length": 30.0669155121,
        "replay_gain": -14.3525009155,
        "downmix": "mix"
    },
    "tags": {
        "track": 0,
        "year": 0,
        "album": "",
        "artist": "",
        "comment": "",
        "genre": "",
        "title": ""
    }
},
"rhythm": {
    "bpm": 109.27457428,
    "bpm_histogram_first_peak": 110,
    "bpm_histogram_first_peak_spread": 0.490566015244,
    "bpm_histogram_first_peak_weight": 0.509433984756,
    "bpm_histogram_second_peak": 0,
    "bpm_histogram_second_peak_spread": 0,
    "bpm_histogram_second_peak_weight": 0
},
"tonal": {
    "tuning_frequency": {
        "dmean": 0.159304589033,
        "dmean2": 0.288723021746,
        "dvar": 0.374958366156,
        "dvar2": 0.558805763721,
        "max": 446.657836914,
        "mean": 441.805175781,
        "median": 441.782684326,
        "min": 440.254241943,
        "var": 1.71188545227
    },
    "hpcp": {
        "dmean": [0.128355786204, 0.09701538831, 0.0591752789915, 0.157662585378, 0.0422348789871, 0.138240888715, 0.0511649847031, 0.0986414253712, 0.140759810805, 0.0372800305486, 0.165640041232, 0.0645067989826],
        "dmean2": [0.240522488952, 0.178336173296, 0.11041944474, 0.262326270342, 0.076791882515, 0.226248443127, 0.0966012775898, 0.177912518382, 0.248122885823, 0.0718809142709, 0.267655968666, 0.120944477618],
        "dvar": [0.0466003865004, 0.0575628690422, 0.0104098496959, 0.0664279162884, 0.0120992604643, 0.0481807142496, 0.0169956162572, 0.0298291780055, 0.0358158834279, 0.00604572333395, 0.0620276890695, 0.0220275782049],
        "dvar2": [0.117739506066, 0.113402716815, 0.0252224132419, 0.153511971235, 0.0256987512112, 0.0995460301638, 0.0477101840079, 0.0719986706972, 0.0876940339804, 0.017231060192, 0.128211274743, 0.0601361840963],
        "max": [1, 1, 0.622778594494, 1, 1, 1, 1, 1, 1, 0.525016784668, 1, 0.910475373268],
        "mean": [0.168621957302, 0.24931012094, 0.0436796471477, 0.459584534168, 0.036583032459, 0.251835227013, 0.0351472273469, 0.102039501071, 0.229634031653, 0.0265670530498, 0.223395898938, 0.0445497557521],
        "median": [0.040540818125, 0.0155968572944, 0.0112665686756, 0.285309135914, 0.00928361341357, 0.078132301569, 0.0105468500406, 0.0250985398889, 0.108791001141, 0.0105645628646, 0.0875854119658, 0.0103306360543],
        "min": [7.85603915574e-05, 0.000180917457328, 0.000534150167368, 0.000877837825101, 0.000104338840174, 0.000592342054006, 0.000352092785761, 0.00098830438219, 0.000763068499509, 0.00020906458667, 0.000407352490583, 0.000642958446406],
        "var": [0.080400288105, 0.165226146579, 0.00830002315342, 0.190911129117, 0.0118039017543, 0.123593747616, 0.00981625914574, 0.036920864135, 0.0907324627042, 0.00340731092729, 0.0960722342134, 0.0143915526569]
    }
},
"lowlevel": {
    "melbands": {
        "dmean": [0.000147544735228, 0.000256374507444, 0.000171572086401, 0.000116021743452, 4.4937554776e-05, 5.64417532587e-05, 2.56594812527e-05, 4.0507693484e-05, 6.03957923886e-05, 4.40147523477e-05, 9.42538372328e-06, 1.09621851152e-05, 7.59635486247e-06, 7.8669290815e-06, 6.20461605649e-06, 6.88534555593e-06, 6.2185099523e-06, 6.71399629937e-06, 3.67149959857e-06, 5.39567326996e-06, 2.31037506637e-06, 1.6056583263e-06, 1.86091131127e-06, 1.20891752431e-06, 6.5168603669e-07, 4.37185065039e-07, 2.8762178772e-07, 2.13041403185e-07, 2.41284965341e-07, 1.78751548674e-07, 1.52669841214e-07, 1.57801068212e-07, 1.48410364886e-07, 1.1186388349e-07, 8.71458993856e-08, 6.54197833683e-08, 3.79221987146e-08, 1.29369670532e-08, 2.83685563929e-09, 2.30120603129e-10],
        "dmean2": [0.000271774857538, 0.00042922393186, 0.000268197298283, 0.000192848485312, 7.11806569598e-05, 9.62091144174e-05, 4.4118907681e-05, 6.73622926115e-05, 0.000101245212136, 7.03749756212e-05, 1.65271339938e-05, 2.01913117053e-05, 1.36180724439e-05, 1.43442175613e-05, 1.09300735858e-05, 1.21316461446e-05, 1.05576673377e-05, 1.15497950901e-05, 6.2761278059e-06, 8.23247683002e-06, 3.91186540583e-06, 2.85204714601e-06, 3.00918281937e-06, 1.95739653464e-06, 1.17390095511e-06, 7.95768244188e-07, 5.33505556177e-07, 3.94774303913e-07, 4.34093664126e-07, 3.29854714209e-07, 2.79484225985e-07, 2.90104196665e-07, 2.75325675148e-07, 2.09190744727e-07, 1.63079661775e-07, 1.25459834521e-07, 7.29288345269e-08, 2.501316132e-08, 5.43045919343e-09, 4.45384784609e-10],
        "dvar": [4.44262866495e-08, 8.62952731495e-08, 3.42011183818e-08, 1.22489653975e-08, 1.47962331276e-09, 5.58600854461e-09, 1.1364770236e-09, 4.59221594085e-09, 1.17009770761e-08, 7.08371672431e-09, 4.21939261308e-10, 9.73763070178e-10, 3.67966102033e-10, 1.88381241162e-10, 1.83440998502e-10, 1.94944380083e-10, 1.23735979796e-10, 1.61897148465e-10, 3.57490981262e-11, 2.27028909561e-10, 1.34757621728e-11, 5.03182565059e-12, 1.37663196814e-11, 3.80466925326e-12, 8.23347466594e-13, 2.52815807568e-13, 9.11653294088e-14, 5.75105284575e-14, 7.73839271741e-14, 4.71936603837e-14, 3.47560589792e-14, 4.71465890688e-14, 5.60780669947e-14, 4.58902901302e-14, 5.62121895797e-14, 5.04622385544e-14, 2.25299345966e-14, 2.3879116627e-15, 8.36299186928e-17, 8.23713174823e-19],
        "dvar2": [1.22859120211e-07, 2.03118361242e-07, 8.20408274649e-08, 3.73840620682e-08, 3.65002228442e-09, 1.41244482776e-08, 2.4490642847e-09, 1.13984919281e-08, 3.48883979484e-08, 1.65299969268e-08, 1.21763366057e-09, 2.83691981018e-09, 1.04316955074e-09, 5.67554503395e-10, 5.3000859257e-10, 5.15441411775e-10, 3.23899712606e-10, 4.1040393306e-10, 9.65439048151e-11, 3.90388249505e-10, 2.88932194142e-11, 1.51253853192e-11, 2.87864333065e-11, 7.29109828068e-12, 2.02598137919e-12, 6.34202597122e-13, 2.42065563557e-13, 1.42102543382e-13, 1.87783626539e-13, 1.10314792782e-13, 9.01509363037e-14, 1.2864554799e-13, 1.56592471737e-13, 1.3424249776e-13, 1.66852778339e-13, 1.50861433263e-13, 6.73656822599e-14, 7.11695462898e-15, 2.47354478785e-16, 2.44905245794e-18],
        "max": [0.000833226309624, 0.00188301643357, 0.00164529122412, 0.000719655537978, 0.000295626639854, 0.00041812742711, 0.000175903522177, 0.000480254704598, 0.000828621909022, 0.000667567248456, 0.000133790890686, 0.000264663394773, 0.000152461303514, 9.11937822821e-05, 0.000115719536552, 9.55277355388e-05, 7.80897535151e-05, 0.000107666848635, 3.52086717612e-05, 0.000184903823538, 3.54872099706e-05, 1.38181630973e-05, 3.12291231239e-05, 1.68021342688e-05, 5.40658948012e-06, 3.41973418472e-06, 1.33914522848e-06, 1.10194923764e-06, 1.68280985235e-06, 1.02630201582e-06, 7.66728305734e-07, 1.24401481116e-06, 1.74946592324e-06, 1.73787805124e-06, 2.14102647078e-06, 2.0594675334e-06, 1.38349594181e-06, 4.48029112476e-07, 8.40977278926e-08, 8.40155589543e-09],
        "mean": [0.000153755259817, 0.000665347732138, 0.000477308203699, 0.000178029120434, 7.48997263145e-05, 6.84323968017e-05, 3.42814091709e-05, 4.3870346417e-05, 6.12800067756e-05, 4.37347698607e-05, 9.09621576284e-06, 9.78697789833e-06, 6.34552634438e-06, 6.42344730295e-06, 5.83392011322e-06, 6.64486788082e-06, 6.17399018665e-06, 6.18011654296e-06, 3.38624181495e-06, 6.55240364722e-06, 2.80793051388e-06, 1.98286852537e-06, 2.60999149759e-06, 1.56414967023e-06, 7.72855344167e-07, 4.77145079003e-07, 2.66185566034e-07, 1.81906102625e-07, 2.08010476399e-07, 1.45650759009e-07, 1.17156709223e-07, 1.17641924646e-07, 1.08417367528e-07, 8.06321480695e-08, 6.42984403498e-08, 4.4776314212e-08, 2.50007570202e-08, 8.4386888588e-09, 1.89971705034e-09, 1.49409706829e-10],
        "median": [9.99982876237e-05, 0.000678508658893, 0.000452084379504, 0.000147332888446, 5.75464691792e-05, 2.65218714048e-05, 2.03970739676e-05, 2.00853846763e-05, 2.24476025323e-05, 1.06177512862e-05, 3.49538390765e-06, 3.87277714253e-06, 2.55275153904e-06, 1.77621166131e-06, 2.25417011279e-06, 2.16750481741e-06, 2.20852029997e-06, 1.80217352863e-06, 1.20528602565e-06, 1.05013202756e-06, 1.08143797206e-06, 1.06164702629e-06, 7.97047789547e-07, 5.15143085522e-07, 3.88781387528e-07, 2.60605901303e-07, 1.48016866319e-07, 8.72377796668e-08, 8.99654821751e-08, 5.17528633281e-08, 4.36690932304e-08, 4.23907025038e-08, 3.58259342192e-08, 2.67394764109e-08, 1.90960154356e-08, 1.40621336797e-08, 7.07487624041e-09, 2.3477404465e-09, 5.78259273798e-10, 3.76221033493e-11],
        "min": [1.81508596597e-06, 2.10246957977e-06, 2.91073479275e-06, 4.29693955084e-06, 3.01008321912e-06, 3.90699341324e-07, 1.00887234566e-06, 1.91975573216e-08, 2.5832054007e-07, 5.24451735373e-08, 2.24566942819e-08, 1.43735165992e-08, 2.38917365891e-08, 1.723170584e-08, 9.49553413676e-09, 6.04781247304e-09, 8.93622420506e-09, 8.77402595023e-09, 8.90512819041e-09, 9.74745528737e-09, 6.17539486214e-09, 6.10771477838e-09, 7.12485404009e-09, 4.47904691114e-09, 2.64620059198e-09, 2.07452544032e-09, 5.86469039998e-10, 3.50965478901e-10, 2.44552322837e-10, 1.69496916502e-10, 7.15481146552e-11, 3.03184838346e-11, 1.12905145302e-11, 4.68117298397e-12, 2.89961349202e-12, 1.57989094897e-12, 1.10667041937e-12, 4.5326446047e-13, 1.33539338441e-13, 1.22594297181e-14],
        "var": [3.26321085709e-08, 1.7634314986e-07, 6.97848889786e-08, 1.65178697387e-08, 3.36668271039e-09, 7.87834153471e-09, 1.50089207729e-09, 4.95596319539e-09, 1.06310178438e-08, 9.59395229927e-09, 3.2297794994e-10, 5.94528759557e-10, 2.45041570368e-10, 1.42454728569e-10, 1.3416666389e-10, 1.65797098273e-10, 1.31188823693e-10, 1.50324364068e-10, 3.26637952797e-11, 4.77169193047e-10, 2.20975824444e-11, 6.66804111926e-12, 2.92513374633e-11, 9.04813897418e-12, 1.07050067595e-12, 3.43829484198e-13, 9.05039322023e-14, 4.95235837473e-14, 7.65377141548e-14, 4.44712659981e-14, 2.8466869839e-14, 3.52072700421e-14, 3.8173826757e-14, 2.8713261559e-14, 3.20336612054e-14, 2.71464403419e-14, 1.19428664007e-14, 1.26803902698e-15, 4.59351625211e-17, 4.4126616691e-19]
    },
    "mfcc": {
        "dmean": [43.8264579773, 21.8538227081, 18.9036235809, 11.9860467911, 12.2967538834, 9.9389667511, 8.53750514984, 7.248939991, 7.20482254028, 7.55873250961, 6.75397539139, 5.85016679764, 5.77670574188],
        "dmean2": [71.215675354, 35.9401130676, 30.1188488007, 19.6645107269, 19.1695137024, 16.7625961304, 12.7074251175, 11.7034473419, 12.0034275055, 12.4183120728, 10.8973827362, 9.44301605225, 9.20048236847],
        "dvar": [1164.48608398, 301.515350342, 273.381988525, 100.927612305, 93.4025039673, 56.7819061279, 48.5809173584, 31.8844852448, 27.865032196, 48.1552009583, 28.5140762329, 21.6031322479, 17.5535507202],
        "dvar2": [2994.97583008, 852.058044434, 761.469604492, 221.486877441, 230.238525391, 130.968963623, 119.951316833, 88.417175293, 76.2610855103, 90.9655380249, 75.1613540649, 59.0161895752, 44.416633606],
        "max": [-678.559204102, 228.111419678, 89.941192627, 84.1859588623, 40.9820137024, 46.5556716919, 15.4227142334, 36.6914176941, 15.3247261047, 33.1159744263, 21.9533348083, 18.2726993561, 5.40372848511],
        "mean": [-776.966003418, 174.372436523, -2.56263518333, 39.2793617249, 6.9493265152, 14.6334562302, -11.3862323761, 9.50790309906, -4.20795059204, 5.76398658752, 0.15480619669, 0.714425861835, -6.91854476929],
        "median": [-767.33001709, 178.445678711, -1.20115280151, 37.9254722595, 8.36251831055, 15.3573265076, -10.3808021545, 10.7191257477, -4.69394683838, 5.68516540527, -1.05502700806, 1.04100418091, -6.97048568726],
        "min": [-961.109191895, 69.6585998535, -82.1797332764, -9.70283126831, -28.40001297, -24.6026420593, -48.3443412781, -22.1390380859, -26.8261299133, -19.1538238525, -17.7821235657, -14.0542297363, -21.7315483093],
        "var": [2912.98779297, 565.0703125, 760.539733887, 392.018981934, 209.003860474, 164.291275024, 156.907058716, 88.5315170288, 57.27759552, 93.0157394409, 68.123840332, 40.2478065491, 36.6427536011],
        "cov": [[2930.96923828, -521.638000488, -818.034912109, 234.791564941, -312.94329834, 118.851379395, -286.787506104, 143.550552368, -147.955673218, 102.440345764, -116.057945251, 62.543926239, -109.532852173], [-521.638000488, 568.558410645, -153.848373413, -308.364959717, 55.6836051941, -148.232925415, 114.471427917, -93.149887085, 37.7868423462, -16.7893276215, 93.5274124146, -25.4522209167, 38.2816734314], [-818.034912109, -153.848373413, 765.234436035, 144.718795776, -46.89012146, 149.639846802, 98.5267562866, 51.5797576904, 6.86272573471, -45.7282600403, -36.289932251, 4.08235645294, 12.8236856461], [234.791564941, -308.364959717, 144.718795776, 394.438842773, 50.2886962891, 57.2444763184, -128.77746582, 62.0420837402, 4.7761797905, -27.9813785553, -62.4553871155, 11.1622009277, -1.99058663845], [-312.94329834, 55.6836051941, -46.89012146, 50.2886962891, 210.294006348, -50.7741775513, -38.8461837769, -26.9575023651, 28.0079212189, 0.186644360423, 30.6168079376, -5.042137146, 17.1039085388], [118.851379395, -148.232925415, 149.639846802, 57.2444763184, -50.7741775513, 165.305419922, 43.9899024963, 38.5529441833, -19.5038719177, 20.6034488678, -8.69386005402, 16.9999294281, -17.9692497253], [-286.787506104, 114.471427917, 98.5267562866, -128.77746582, -38.8461837769, 43.9899024963, 157.875610352, 5.14992713928, -8.65499687195, 12.4623727798, 38.3935470581, 7.48138856888, 4.62678003311], [143.550552368, -93.149887085, 51.5797576904, 62.0420837402, -26.9575023651, 38.5529441833, 5.14992713928, 89.0780029297, -7.67150068283, 1.03446757793, -3.4055492878, 23.9615783691, -3.88570308685], [-147.955673218, 37.7868423462, 6.86272573471, 4.7761797905, 28.0079212189, -19.5038719177, -8.65499687195, -7.67150068283, 57.6311607361, 8.61525058746, 3.29578351974, -7.54592084885, 7.09341716766], [102.440345764, -16.7893276215, -45.7282600403, -27.9813785553, 0.186644360423, 20.6034488678, 12.4623727798, 1.03446757793, 8.61525058746, 93.5899124146, 35.2695236206, -5.04103517532, -24.0133686066], [-116.057945251, 93.5274124146, -36.289932251, -62.4553871155, 30.6168079376, -8.69386005402, 38.3935470581, -3.4055492878, 3.29578351974, 35.2695236206, 68.5443649292, 8.18609619141, -4.01269340515], [62.543926239, -25.4522209167, 4.08235645294, 11.1622009277, -5.042137146, 16.9999294281, 7.48138856888, 23.9615783691, -7.54592084885, -5.04103517532, 8.18609619141, 40.4962501526, 9.9370136261], [-109.532852173, 38.2816734314, 12.8236856461, -1.99058663845, 17.1039085388, -17.9692497253, 4.62678003311, -3.88570308685, 7.09341716766, -24.0133686066, -4.01269340515, 9.9370136261, 36.8689422607]],
        "icov": [[0.00617573875934, -0.00315600307658, 0.00786094274372, -0.00424786610529, 0.00829514302313, -0.00690571963787, 0.00813415739685, -0.0060977647081, 0.010271711275, -0.00813949294388, 0.0105705233291, -0.0077519598417, 0.00574553338811], [-0.00315600307658, 0.00886933784932, -0.00343693769537, 0.00470603164285, -0.00414762087166, 0.00674218172207, -0.00737457582727, 0.00551270414144, -0.00864468887448, 0.00874842237681, -0.0133041320369, 0.00805799569935, -0.00667775422335], [0.00786094274372, -0.00343693769537, 0.012262054719, -0.00647087488323, 0.0108035709709, -0.00987032987177, 0.00787274446338, -0.00764622725546, 0.0117865437642, -0.00879703182727, 0.0130498595536, -0.00828965008259, 0.00634902203456], [-0.00424786610529, 0.00470603164285, -0.00647087488323, 0.0102157425135, -0.00783048477024, 0.00363696366549, -0.00109354325105, 0.00150783988647, -0.00819262582809, 0.00733307376504, -0.00752470223233, 0.00634090742096, -0.00517818937078], [0.00829514302313, -0.00414762087166, 0.0108035709709, -0.00783048477024, 0.0186041034758, -0.00835478212684, 0.0118579408154, -0.00591077376157, 0.0118310404941, -0.0100046182051, 0.00789066590369, -0.00894211325794, 0.00443271873519], [-0.00690571963787, 0.00674218172207, -0.00987032987177, 0.00363696366549, -0.00835478212684, 0.0205828193575, -0.0147873396054, 0.00768949836493, -0.0107421372086, 0.00734241819009, -0.0119066378102, 0.00551250623539, -0.00324604497291], [0.00813415739685, -0.00737457582727, 0.00787274446338, -0.00109354325105, 0.0118579408154, -0.0147873396054, 0.0276338364929, -0.0113536156714, 0.0159774813801, -0.0118173407391, 0.0106034027413, -0.0102049196139, 0.00478648720309], [-0.0060977647081, 0.00551270414144, -0.00764622725546, 0.00150783988647, -0.00591077376157, 0.00768949836493, -0.0113536156714, 0.0239539649338, -0.0116441398859, 0.00918716937304, -0.0137408478186, -9.23318439163e-05, -0.00390613102354], [0.010271711275, -0.00864468887448, 0.0117865437642, -0.00819262582809, 0.0118310404941, -0.0107421372086, 0.0159774813801, -0.0116441398859, 0.0397452302277, -0.0202533043921, 0.0219653677195, -0.0112294722348, 0.00557273626328], [-0.00813949294388, 0.00874842237681, -0.00879703182727, 0.00733307376504, -0.0100046182051, 0.00734241819009, -0.0118173407391, 0.00918716937304, -0.0202533043921, 0.0320120342076, -0.0287081338465, 0.0158040393144, -0.00177569314837], [0.0105705233291, -0.0133041320369, 0.0130498595536, -0.00752470223233, 0.00789066590369, -0.0119066378102, 0.0106034027413, -0.0137408478186, 0.0219653677195, -0.0287081338465, 0.0571184456348, -0.0273932609707, 0.0187054071575], [-0.0077519598417, 0.00805799569935, -0.00828965008259, 0.00634090742096, -0.00894211325794, 0.00551250623539, -0.0102049196139, -9.23318439163e-05, -0.0112294722348, 0.0158040393144, -0.0273932609707, 0.0506951734424, -0.0242561828345], [0.00574553338811, -0.00667775422335, 0.00634902203456, -0.00517818937078, 0.00443271873519, -0.00324604497291, 0.00478648720309, -0.00390613102354, 0.00557273626328, -0.00177569314837, 0.0187054071575, -0.0242561828345, 0.050332006067]]
    }
}

}